0 2 52
0 3 128
0 4 151
0 5 262
0 6 270
0 7 270
0 8 307
0 8 320
0 8 325
9 2 90
9 2 100
9 3 166
9 4 196
9 5 219
9 7 229
9 6 229
9 8 240
9 8 250
10 2 126
10 3 324
10 4 376
10 5 410
10 6 414
10 7 415
10 13 428
10 14 429
10 15 429
12 2 145
16 2 72
10 1 665
10 5 669
10 6 674
10 7 674
16 3 138
17 2 95
16 4 177
16 5 213
16 6 222
16 7 222
16 1 238
16 19 238
16 14 242
16 6 249
16 7 249
12 3 511
12 4 596
17 3 321
17 4 373
20 2 69
12 5 718
17 5 448
12 6 727
12 7 728
12 21 729
17 6 455
17 7 455
17 21 458
17 19 496
17 14 497
17 15 507
17 14 507
22 2 37
20 3 275
22 3 126
22 4 158
22 5 185
20 4 368
22 6 195
22 7 195
22 8 203
20 5 400
20 6 403
20 7 403
20 21 404
24 8 79
22 1 464
22 25 471
22 5 472
22 6 479
22 7 479
24 1 131
24 26 131
24 27 131
24 28 131
24 28 131
24 1 178
24 2 202
24 3 245
24 4 257
24 5 267
24 6 273
24 7 273
24 8 302
24 29 308
24 8 322
24 29 325
24 8 331
24 29 338
24 1 344
24 13 344
24 30 344
24 14 345
24 15 345
32 2 49
32 3 149
32 4 182
33 2 72
33 3 208
33 4 313
33 5 354
33 6 358
33 7 358
33 8 392
33 19 406
33 34 406
33 14 409
33 15 409
33 25 418
33 6 418
33 7 418
33 8 443
33 13 449
33 14 450
33 15 450
35 2 70
36 2 58
35 3 176
36 3 171
35 4 249
35 5 304
35 6 307
35 7 307
35 21 309
36 4 260
35 8 327
35 8 364
36 5 307
36 6 316
36 7 316
36 8 323
35 1 383
35 19 383
35 34 383
35 14 385
35 15 385
36 29 340
36 1 343
36 5 356
36 6 365
36 7 365
36 1 382
36 5 389
33 1 1294
33 5 1297
33 6 1302
33 7 1302
38 2 206
38 3 320
38 4 372
38 5 441
38 6 448
38 7 448
38 21 452
38 1 510
38 13 510
38 30 510
38 14 511
38 15 511
40 2 81
40 3 241
38 6 946
38 7 946
38 13 969
38 30 969
38 14 969
38 15 969
40 4 325
40 5 380
40 6 382
40 7 382
40 21 385
40 1 414
40 19 414
40 14 417
40 15 417
40 25 426
40 6 426
40 7 426
40 19 429
40 14 431
40 15 431
40 25 442
40 6 442
40 7 442
40 19 444
40 14 446
40 15 446
40 25 452
40 6 452
40 7 452
41 2 68
41 3 204
41 4 291
41 5 365
41 6 371
41 7 371
42 2 76
41 8 510
42 3 203
42 4 239
42 5 301
42 6 305
42 7 305
42 21 307
42 19 323
42 14 325
42 15 325
42 6 341
42 7 341
42 4 349
42 3 350
44 2 74
44 3 264
44 4 318
44 5 387
44 6 390
44 7 390
45 2 49
45 3 139
45 4 168
45 5 187
45 6 192
45 7 192
45 13 202
45 14 202
45 15 203
46 2 63
47 2 37
47 3 121
46 3 307
47 4 192
46 4 369
47 5 222
46 5 414
46 6 418
46 7 418
47 7 238
47 6 238
46 8 432
46 1 438
46 19 439
46 34 439
46 14 441
46 15 441
48 2 76
48 3 211
48 4 271
48 5 309
48 6 326
48 7 327
50 2 71
50 2 79
50 3 168
50 4 198
50 5 230
50 6 232
53 2 46
53 3 160
53 4 227
53 5 244
53 6 247
53 7 247
53 19 268
53 14 274
53 15 274
53 6 288
53 7 289
53 13 300
53 14 302
53 15 302
53 6 320
53 7 320
53 13 335
53 14 336
53 15 337
53 6 359
53 7 360
53 13 369
53 14 369
53 15 369
55 2 41
55 3 179
55 4 230
55 5 265
55 6 269
55 7 269
56 2 322
56 3 491
56 4 533
56 5 589
56 6 605
56 7 605
56 21 609
56 1 627
56 13 629
56 14 631
56 15 631
58 2 57
59 2 35
58 3 219
58 4 254
59 3 139
58 5 288
59 4 164
58 6 302
58 7 302
58 8 325
59 5 237
59 6 253
59 7 253
62 2 58
59 8 284
59 8 291
59 8 296
59 8 299
59 8 309
59 19 322
59 34 322
59 14 323
59 25 330
59 6 330
59 7 330
59 8 335
62 3 174
62 4 217
62 5 255
62 6 265
62 7 265
62 8 274
63 2 391
64 2 40
64 3 136
64 4 173
64 5 196
64 6 199
64 7 199
64 8 203
64 8 209
64 8 218
64 8 231
64 8 241
64 8 252
64 8 261
64 1 280
64 13 280
64 14 284
64 15 284
63 3 904
63 4 935
63 5 956
63 6 959
65 13 41
65 14 42
65 15 42
66 2 60
66 3 244
66 4 287
66 5 327
66 6 331
66 7 331
66 8 353
66 13 373
66 30 373
66 14 374
66 15 374
70 2 97
71 2 44
70 3 307
70 4 367
70 5 384
70 6 388
70 7 388
71 3 127
71 4 191
71 5 247
71 6 252
71 7 252
72 2 133
72 3 231
72 4 293
73 2 50
73 2 63
72 5 345
74 2 64
72 6 353
72 7 354
72 8 372
72 29 420
72 8 436
73 3 202
74 3 180
75 2 74
70 8 1123
70 19 1136
70 34 1136
70 14 1136
72 8 525
74 4 243
70 25 1144
70 6 1144
70 7 1144
70 8 1165
70 19 1169
70 34 1169
70 14 1172
72 4 545
72 3 549
74 5 263
74 6 270
74 7 270
70 25 1280
70 6 1280
70 7 1281
75 3 286
73 4 451
76 2 220
75 4 347
76 3 359
76 4 398
76 5 439
76 6 446
76 7 446
76 8 473
76 1 484
76 19 485
76 34 485
76 14 485
76 6 500
76 7 501
76 8 502
76 13 504
76 14 505
76 15 505
79 2 78
80 2 56
81 2 54
82 1 24
82 13 24
82 30 24
82 14 26
82 15 26
81 3 123
81 4 151
81 5 182
81 6 190
81 7 190
79 3 260
81 8 199
81 8 210
80 3 270
80 4 304
79 4 342
80 3 318
79 5 395
79 6 408
79 7 408
77 8 799
82 6 298
82 7 298
82 13 301
82 30 301
82 14 301
82 15 301
77 13 805
77 14 806
77 15 806
79 8 532
79 8 548
79 8 560
79 8 566
79 8 586
79 8 608
79 29 624
79 8 630
79 29 635
79 8 637
79 29 650
79 8 653
79 29 655
79 8 657
79 8 700
79 19 745
79 34 745
79 14 747
79 15 747
82 25 602
82 6 602
82 7 602
79 25 759
79 6 760
79 7 760
82 13 607
82 30 607
82 14 609
82 15 609
79 8 767
79 29 774
79 8 790
79 29 812
79 8 815
79 8 824
79 29 857
79 29 860
79 8 879
79 29 884
84 8 37
85 2 236
86 2 59
86 3 174
86 4 198
86 5 208
86 6 212
86 7 212
86 8 227
86 8 250
86 8 330
86 8 375
89 2 67
86 4 381
77 1 3015
77 5 3026
77 6 3030
77 7 3031
88 2 203
89 3 213
89 4 253
89 5 306
89 6 312
89 7 313
89 13 365
89 14 366
89 15 366
91 2 76
88 2 548
91 3 291
93 2 31
91 4 368
94 2 56
88 3 781
93 3 83
91 5 410
91 6 415
91 7 415
93 4 110
91 8 436
91 8 461
93 5 135
93 6 142
93 7 142
91 8 468
91 8 477
91 8 488
91 8 493
94 3 167
93 8 161
88 4 861
91 8 506
91 8 519
91 29 548
91 29 553
91 29 555
94 4 211
91 19 565
91 14 565
91 6 578
91 7 578
94 5 232
94 6 246
94 7 246
96 2 41
97 2 63
96 3 118
88 5 1162
88 6 1169
88 7 1169
96 4 158
98 1 50
96 5 189
96 6 192
96 7 192
96 8 211
96 13 227
96 14 229
96 15 229
97 3 278
99 2 119
97 4 386
97 5 424
97 6 428
97 7 428
101 2 57
101 2 65
97 8 480
97 8 497
100 2 112
97 8 506
97 8 519
101 3 147
97 8 540
97 8 544
97 8 548
97 8 555
97 8 565
99 3 337
99 4 488
100 3 412
102 2 82
102 2 96
99 5 592
100 4 487
103 2 69
99 6 603
99 7 604
99 21 604
99 8 617
99 1 625
99 19 626
99 34 626
99 14 626
103 2 105
102 3 207
102 4 242
102 5 335
102 6 337
102 7 337
102 8 347
106 2 84
105 2 126
103 3 315
103 4 358
106 3 160
103 5 412
103 6 414
106 4 210
105 3 237
106 5 255
106 6 265
106 7 265
107 2 73
105 4 304
106 1 292
106 13 293
106 30 293
106 14 294
106 15 294
105 5 358
105 6 367
105 7 367
108 2 67
105 1 414
105 19 414
105 14 428
105 6 440
105 7 440
106 7 448
106 6 448
106 13 457
106 30 457
106 14 458
106 15 458
110 2 27
100 5 1116
108 3 204
100 6 1133
100 7 1133
100 8 1141
108 4 261
110 3 119
100 19 1200
100 14 1203
100 15 1203
100 25 1215
112 2 61
110 4 150
110 5 160
110 6 164
110 7 164
100 6 1216
100 7 1216
100 19 1224
100 14 1225
100 14 1235
100 15 1235
110 13 172
110 30 172
110 14 173
110 15 173
111 2 122
100 1 1335
100 25 1359
100 5 1362
112 3 194
100 6 1372
100 7 1372
113 8 27
100 19 1400
100 14 1402
100 15 1402
112 4 265
113 8 41
114 2 48
115 2 72
111 3 482
114 3 124
114 4 159
114 5 204
114 6 208
114 7 208
114 13 228
114 30 228
114 14 230
114 15 230
111 4 631
115 3 301
111 5 706
111 6 714
111 7 714
111 8 729
111 4 763
112 5 749
111 5 769
111 6 777
111 7 778
111 8 781
112 6 758
112 7 758
115 4 393
111 8 802
112 8 787
112 8 807
112 1 822
112 13 822
112 14 823
112 15 823
115 5 463
115 6 473
115 7 474
115 13 554
115 14 555
115 15 555
118 2 31
117 2 112
118 3 124
118 4 144
120 2 88
117 3 212
121 2 74
118 5 202
118 6 210
118 7 210
117 4 283
118 21 213
118 8 234
112 1 1123
112 5 1125
112 6 1132
112 7 1132
112 8 1134
112 29 1139
112 1 1141
112 19 1141
112 14 1141
118 1 260
118 13 260
118 30 260
118 14 260
118 15 260
112 25 1162
112 6 1162
112 7 1162
117 5 329
117 6 337
117 7 337
120 3 258
117 1 359
117 13 359
117 30 360
117 14 360
117 15 360
120 4 310
118 6 372
118 7 372
118 13 374
118 30 375
118 14 375
118 15 375
117 6 443
117 7 444
120 5 363
120 6 376
120 7 377
120 21 379
124 2 56
122 2 75
120 26 389
120 27 390
120 14 391
120 6 414
120 7 415
120 8 418
123 2 122
121 3 362
121 4 405
120 13 488
120 30 488
120 14 489
120 15 489
122 3 211
125 25 25
125 6 25
125 7 25
125 8 30
125 8 49
123 3 253
126 2 32
121 5 475
121 6 484
121 7 484
122 4 289
128 2 37
123 4 318
126 2 104
122 5 333
122 6 344
129 2 58
127 2 108
122 7 345
124 3 335
122 8 387
128 3 138
123 5 399
123 6 407
123 7 407
122 13 406
122 14 409
122 15 409
124 4 413
128 4 188
123 8 460
126 3 272
124 5 454
124 6 460
124 7 460
124 21 461
124 8 471
126 4 300
124 19 478
124 34 478
124 14 479
124 25 483
124 6 483
124 7 483
124 8 490
124 19 492
124 34 493
124 14 493
124 25 496
124 6 496
124 7 496
124 8 500
124 19 502
124 34 502
124 14 503
124 25 507
124 6 507
124 7 507
123 1 552
123 13 553
123 14 557
123 15 557
126 5 339
126 6 341
124 8 529
124 19 531
124 34 531
124 15 534
124 14 534
124 25 539
124 6 539
124 7 539
124 8 552
124 19 555
124 34 555
124 14 556
124 25 559
124 6 559
124 7 559
124 8 565
124 19 566
124 34 566
124 14 570
124 15 570
124 6 571
124 7 572
131 2 64
127 3 446
133 2 50
131 3 179
127 4 507
135 19 72
135 136 72
135 14 77
135 15 77
133 3 153
135 14 93
135 15 93
134 2 108
127 5 543
127 6 551
127 7 551
127 8 560
127 8 574
134 2 147
131 4 259
134 2 177
131 5 288
133 4 194
133 5 227
133 6 231
133 7 231
133 8 238
133 29 240
131 6 295
131 7 295
131 8 313
131 13 358
131 30 358
131 14 359
131 15 359
135 1 254
135 5 260
135 6 263
135 7 264
135 19 274
135 136 274
135 14 275
131 6 418
131 7 418
131 13 422
131 30 422
131 14 425
131 15 425
138 2 63
139 2 119
143 2 58
141 2 131
115 1 2069
115 5 2078
115 6 2087
115 7 2087
115 13 2091
115 14 2091
115 15 2091
144 2 50
143 3 190
141 3 264
143 4 246
141 4 312
141 5 346
141 6 362
141 7 362
143 5 292
143 6 304
143 7 304
141 8 380
141 8 394
141 8 413
141 8 424
141 8 441
141 19 449
141 34 449
141 14 449
139 3 492
139 4 550
122 6 1583
122 7 1583
139 5 628
139 6 632
139 7 633
139 8 652
139 29 674
145 2 42
146 2 44
139 1 702
139 13 708
139 30 708
139 14 711
139 15 711
150 2 42
145 3 178
146 3 174
146 5 199
146 6 224
146 7 225
145 4 242
145 5 267
145 6 275
145 7 275
146 1 273
146 19 274
145 8 299
146 14 284
150 3 176
145 8 311
145 13 319
145 14 320
145 15 320
146 25 306
146 6 318
146 7 324
150 4 228
146 8 336
151 2 182
146 8 354
150 5 255
152 2 64
151 2 207
122 8 2035
150 6 269
150 7 269
150 8 280
127 4 1801
127 5 1804
146 8 400
146 8 401
146 8 402
146 8 402
122 13 2040
122 30 2040
122 14 2042
122 15 2042
146 34 403
146 19 403
146 14 413
155 8 34
146 6 417
146 7 417
146 8 422
146 8 427
146 8 437
146 8 442
155 8 57
155 1 78
156 2 55
155 5 87
155 6 89
155 7 89
155 1 97
152 3 174
152 4 191
157 2 80
156 3 150
158 2 75
156 4 179
159 2 40
156 5 220
156 7 228
156 6 228
151 2 444
160 2 99
159 3 111
158 3 147
158 4 173
144 3 1111
158 5 204
158 6 208
158 7 208
157 3 283
152 5 424
152 6 427
152 7 427
159 4 184
160 3 193
158 19 256
144 4 1164
152 8 465
151 3 609
159 5 209
159 6 214
159 7 214
160 4 221
158 14 259
158 15 259
158 25 273
158 6 273
158 7 274
158 8 277
144 5 1204
144 6 1211
144 7 1212
152 8 467
159 8 238
160 3 232
158 19 297
158 34 297
158 14 300
158 15 300
158 6 302
158 7 302
158 8 308
144 8 1244
157 3 370
159 29 285
159 8 289
158 13 322
158 14 323
158 15 323
159 8 299
157 4 422
152 8 578
157 5 457
157 6 463
157 7 463
151 4 763
157 8 478
157 8 490
152 1 645
152 26 646
152 27 646
152 14 647
168 7 24
157 4 513
157 3 514
168 1 33
168 26 33
168 14 34
151 5 840
151 6 844
151 7 844
151 21 847
165 2 229
169 2 58
144 8 1489
151 26 891
151 14 894
167 2 128
166 2 257
170 2 44
167 3 241
167 4 271
170 3 107
169 3 213
170 4 133
169 4 244
166 3 380
167 5 314
167 6 319
167 7 319
173 2 60
170 5 166
170 6 177
170 7 177
169 5 257
169 6 262
169 7 263
169 8 268
167 8 357
165 3 487
169 25 304
169 5 305
169 6 311
169 7 311
166 4 450
174 2 53
167 13 372
167 14 373
167 15 373
169 8 317
175 2 29
165 4 571
166 5 515
166 6 528
166 7 528
170 136 303
170 19 303
170 14 303
170 25 308
170 6 308
170 7 308
169 2 394
166 13 539
166 14 540
166 15 540
177 2 47
165 5 611
170 19 326
170 14 326
170 136 326
165 6 620
165 7 620
144 29 1885
175 3 142
170 25 396
170 6 398
170 7 398
144 8 1887
144 13 1891
144 30 1892
144 14 1892
144 15 1892
174 2 247
175 4 161
165 8 699
165 8 700
177 3 169
176 4 182
178 2 113
170 19 433
170 136 433
170 14 436
170 15 436
176 5 223
176 6 224
176 7 225
175 5 216
175 6 222
175 7 222
178 2 147
169 3 573
182 2 31
177 4 226
174 3 333
179 2 50
181 2 43
177 5 257
177 6 270
177 7 271
174 4 388
174 3 397
169 4 664
165 4 882
165 5 898
169 5 675
169 6 682
169 7 682
169 8 700
144 25 2115
144 6 2115
144 7 2115
176 8 362
177 13 368
177 30 368
177 14 369
177 15 369
173 3 491
165 6 920
165 7 920
182 3 163
173 4 533
179 3 192
165 8 949
165 34 949
165 19 949
165 14 950
165 6 955
165 7 955
165 8 959
169 2 736
181 3 191
182 4 207
166 6 917
166 7 917
166 4 917
151 1 1593
151 5 1605
151 6 1608
151 7 1609
151 21 1611
165 8 963
165 8 969
165 4 975
169 25 767
169 5 769
169 6 775
169 7 775
181 4 235
178 3 395
179 4 254
182 5 248
182 6 265
182 7 265
181 5 305
182 8 305
181 6 320
181 7 320
182 29 310
182 8 311
182 29 314
173 5 692
185 6 30
185 7 30
185 8 31
185 19 40
185 34 40
185 14 41
185 6 42
185 7 42
185 8 46
182 1 340
178 4 497
173 6 701
173 4 718
173 3 719
179 5 379
179 6 394
185 8 59
185 19 64
185 14 65
185 6 69
185 7 69
185 8 72
185 8 75
185 8 78
185 8 80
185 8 85
183 2 339
183 2 350
183 2 356
183 2 357
183 2 357
185 19 89
185 34 89
185 14 95
185 15 95
185 6 96
185 7 96
185 8 99
185 2 117
185 25 131
185 5 131
185 6 146
185 7 146
183 2 399
179 25 471
179 5 472
179 6 481
185 8 150
185 8 156
185 8 160
185 8 162
185 29 167
185 19 171
178 5 632
179 25 499
179 5 500
179 6 514
185 14 184
178 6 648
178 7 648
178 21 649
164 1 1297
187 2 35
178 8 766
164 2 1402
187 3 109
178 29 821
187 4 132
178 8 828
184 1 560
187 5 170
178 29 860
178 8 873
187 6 185
187 7 185
184 2 598
189 2 82
178 29 932
183 3 766
178 8 966
190 2 71
184 3 699
192 2 27
189 3 204
184 4 732
184 5 768
194 2 39
192 3 84
184 6 784
184 7 784
184 1 790
184 13 790
184 14 791
184 15 791
193 2 62
192 4 102
192 5 130
192 6 137
192 7 137
190 3 231
189 4 328
192 8 153
192 29 159
192 8 160
192 29 161
192 13 167
192 30 167
192 14 169
192 15 169
196 2 55
196 2 65
194 3 143
189 5 364
192 25 188
192 6 189
192 7 189
192 13 201
192 30 201
192 14 201
192 15 201
194 4 181
197 2 98
189 6 380
189 7 380
189 21 383
189 8 387
193 3 170
194 5 212
189 26 437
194 6 228
194 7 228
194 8 240
164 3 1875
189 14 440
199 2 63
198 2 80
198 2 86
193 4 242
190 4 384
196 3 203
194 29 277
200 2 43
193 5 276
199 3 115
195 2 229
193 6 288
193 7 288
193 21 293
199 4 137
190 5 428
190 6 444
190 7 444
196 4 241
193 8 310
193 26 315
193 14 319
193 15 319
201 2 57
196 5 289
196 6 291
196 7 292
164 4 1986
200 3 121
199 5 181
199 6 187
199 7 187
199 8 207
202 2 58
200 4 157
199 8 218
196 8 328
196 1 338
196 19 338
196 34 338
196 14 340
200 5 184
200 6 199
200 7 199
197 3 341
204 1 26
204 13 26
204 15 33
204 14 33
196 25 359
196 6 359
196 7 359
200 8 213
200 29 217
200 8 229
202 3 149
200 8 235
200 13 257
200 30 257
200 14 258
200 15 258
197 4 400
164 5 2141
164 6 2157
164 7 2157
202 4 192
202 5 221
195 3 459
202 6 237
202 7 237
197 5 466
164 8 2199
197 6 483
197 7 483
195 4 531
202 8 296
197 8 552
202 8 340
195 5 582
195 6 597
195 7 597
202 8 358
195 8 630
200 25 470
200 6 470
200 7 470
201 3 413
205 2 247
200 13 474
200 30 474
200 14 474
200 15 474
195 1 646
195 13 646
195 14 646
195 15 646
203 2 321
201 4 449
205 2 278
197 8 690
201 5 495
201 6 510
201 7 510
197 4 735
201 8 556
201 1 572
201 19 572
201 136 572
201 14 573
201 25 607
201 6 608
201 7 608
201 8 617
209 2 93
203 3 551
205 3 499
205 4 502
198 3 812
210 2 87
211 2 35
203 4 588
203 5 618
203 6 629
203 7 629
203 8 635
211 3 114
192 25 1089
192 6 1089
192 7 1089
205 5 607
205 6 614
205 7 614
198 4 905
211 4 143
212 2 94
198 5 962
211 5 172
211 6 182
211 7 182
209 3 259
205 8 654
205 8 668
205 1 676
205 13 676
205 14 679
205 15 679
198 6 971
198 7 972
211 8 206
211 8 211
198 13 1005
198 30 1005
198 14 1007
198 15 1007
209 3 326
213 8 47
210 3 327
209 4 371
210 4 378
213 8 83
213 8 101
203 8 865
178 4 2289
216 2 44
209 5 439
210 5 429
209 6 448
209 7 448
210 6 444
210 7 444
215 2 65
178 3 2306
178 4 2320
214 2 105
210 8 475
178 5 2342
178 6 2346
178 7 2346
178 21 2347
213 29 197
213 29 200
217 2 42
210 8 496
209 8 518
212 3 355
178 8 2361
213 29 203
213 8 217
216 3 142
203 8 1001
210 1 523
209 8 543
210 30 526
210 13 526
210 14 533
210 15 533
178 29 2397
178 1 2402
178 13 2402
178 14 2409
178 15 2409
217 3 99
216 4 184
209 8 559
209 13 565
209 14 571
209 15 571
210 25 553
210 6 553
210 7 553
215 3 190
216 5 209
217 4 145
209 25 604
209 6 604
209 7 604
209 13 609
209 30 609
212 4 431
209 14 613
209 15 613
216 6 223
216 7 223
217 5 173
203 8 1075
203 8 1087
212 5 482
219 2 46
217 6 179
217 7 179
217 8 188
217 8 191
217 13 206
209 25 652
209 6 652
209 7 652
209 13 659
209 30 659
209 14 659
209 15 659
209 25 672
209 6 672
209 7 672
212 6 488
212 7 488
215 4 279
217 14 206
217 15 206
203 13 1141
203 14 1141
203 15 1141
209 8 676
209 13 679
209 30 679
209 14 683
209 15 683
215 5 350
215 6 353
219 3 124
217 25 267
217 6 267
217 7 267
217 8 269
217 8 273
217 8 275
217 13 278
217 14 279
217 15 279
209 25 756
209 6 757
209 7 757
209 13 761
209 30 761
209 14 764
209 15 764
219 4 153
221 2 96
221 2 100
219 5 178
219 6 184
219 7 184
219 8 202
222 1 35
222 5 39
222 8 42
222 6 42
222 7 43
214 3 478
219 1 206
219 13 206
219 14 207
219 15 207
222 8 69
217 25 411
217 6 411
217 7 411
222 8 87
214 4 527
214 5 566
217 13 460
217 30 460
217 14 461
217 15 461
221 3 250
214 6 575
214 7 575
224 2 81
224 2 111
217 25 549
217 6 549
217 7 549
217 8 552
217 13 553
217 14 554
217 15 554
222 1 230
222 5 234
222 8 240
222 6 240
222 7 240
221 4 348
222 8 256
222 8 270
222 8 280
222 19 295
222 34 295
222 14 296
221 5 413
225 2 84
224 2 211
221 6 417
221 7 417
221 13 443
221 30 443
221 14 445
221 15 445
224 2 243
224 3 262
214 30 842
214 13 842
214 14 843
214 15 843
229 2 50
225 3 312
230 2 83
232 8 30
232 6 31
232 7 31
225 4 398
231 2 88
229 3 153
225 5 433
225 6 439
225 7 439
229 4 186
230 2 240
225 8 497
229 5 259
229 6 263
229 7 263
225 8 524
225 8 545
229 8 279
225 8 551
231 3 246
231 3 269
230 3 342
231 4 306
231 3 366
231 4 373
237 2 34
231 5 422
231 6 427
231 7 427
238 2 104
240 2 42
229 1 523
229 13 523
229 14 523
229 15 523
231 13 479
231 14 480
231 15 480
230 4 534
237 3 149
237 4 170
241 2 46
237 5 205
240 3 155
214 6 1507
214 7 1507
214 26 1516
214 27 1516
214 14 1516
237 6 209
237 7 210
238 3 209
237 8 231
237 4 254
240 4 210
230 5 687
230 6 695
230 7 695
238 4 261
240 5 237
240 6 242
240 7 242
241 3 171
238 5 293
238 6 297
238 7 297
240 8 255
240 13 261
240 14 261
240 15 261
241 4 207
230 19 732
230 14 735
230 6 742
230 7 743
240 6 281
240 7 281
240 13 289
240 30 289
240 14 290
240 15 290
241 5 240
241 6 256
230 13 770
230 14 777
230 15 777
241 7 256
241 8 280
230 6 815
230 7 815
240 6 369
240 7 369
243 2 63
230 4 817
230 3 818
244 2 42
242 2 223
240 8 372
241 1 325
241 5 328
241 6 337
241 7 337
241 8 340
241 13 344
241 14 344
241 15 344
245 2 92
241 6 384
241 7 384
241 8 396
241 13 399
241 14 400
241 15 400
241 6 403
241 7 404
241 8 405
241 13 407
241 14 408
241 15 408
245 2 137
244 3 161
244 4 216
246 2 68
243 3 253
132 26 6595
132 14 6596
236 1 667
247 2 33
243 4 324
244 5 321
244 6 327
244 7 328
246 3 200
248 2 39
243 5 360
243 6 365
243 7 367
247 3 105
247 4 138
246 4 264
250 8 35
247 5 153
247 6 156
247 7 156
246 5 307
246 6 317
246 7 317
248 3 175
249 2 98
245 3 464
248 4 219
244 8 529
244 8 547
242 3 723
248 5 255
248 6 260
248 7 260
252 2 112
244 8 567
245 4 554
245 3 568
252 2 138
251 2 191
248 8 326
244 29 638
253 2 85
244 8 639
242 4 816
252 3 226
244 29 687
244 8 688
252 4 272
254 2 90
252 5 287
252 6 297
252 7 297
242 5 907
242 6 914
242 7 914
242 21 918
249 3 360
249 4 408
258 2 41
258 2 44
256 2 82
259 2 52
257 2 88
249 5 496
249 6 499
249 7 499
255 2 177
249 8 529
249 8 536
260 2 53
253 3 370
262 2 46
254 3 285
242 8 1140
261 2 76
242 4 1155
242 5 1162
242 6 1171
242 7 1171
242 21 1175
251 3 573
265 2 46
256 3 319
263 2 57
242 8 1189
254 4 372
253 4 477
255 3 327
266 2 61
261 3 165
256 4 372
262 3 188
260 3 238
264 2 114
259 3 327
254 5 427
254 6 437
254 7 438
265 3 129
255 4 377
262 4 214
253 5 575
265 4 163
253 7 580
253 6 580
263 3 162
263 4 179
259 4 386
265 5 197
265 6 202
265 7 202
255 5 443
255 6 447
255 7 447
255 8 456
256 5 470
263 5 206
263 6 210
263 7 210
251 4 749
264 3 214
265 13 216
265 14 217
265 15 217
269 2 51
258 3 451
256 6 475
256 7 475
256 21 476
263 8 224
263 8 232
260 4 352
259 5 442
259 6 455
259 7 455
270 2 61
255 8 517
258 4 479
263 8 250
263 1 273
263 13 273
263 30 273
263 14 273
263 15 273
262 5 347
264 4 253
260 5 382
260 6 390
260 7 390
260 21 392
259 8 462
273 2 64
271 2 70
255 8 547
266 3 260
272 2 84
244 13 1253
244 14 1255
244 15 1255
262 6 363
262 7 363
264 5 299
264 6 302
264 7 302
275 2 66
251 5 862
251 7 878
251 6 878
264 1 313
264 13 313
264 30 313
264 14 316
264 15 316
260 8 456
254 13 655
254 30 656
254 14 656
254 15 656
269 3 162
256 8 613
251 8 891
251 1 900
251 19 900
251 34 900
251 14 901
251 25 910
251 6 911
251 7 911
260 8 471
260 8 482
259 1 546
259 13 547
259 30 548
259 14 549
259 15 549
276 2 37
266 4 353
277 2 42
256 8 641
251 19 938
251 136 938
251 14 942
251 6 947
251 7 947
260 19 498
260 34 498
260 14 499
260 26 516
260 14 517
254 6 711
254 7 711
254 13 725
254 30 725
254 14 726
254 15 726
269 4 222
269 3 228
266 5 387
266 6 391
266 7 391
256 26 655
256 14 655
251 19 964
251 136 965
251 14 966
251 6 970
251 7 970
269 4 248
255 29 693
255 8 696
258 5 659
272 3 241
256 6 688
256 7 688
256 8 695
256 26 706
256 14 710
265 6 445
265 7 446
275 3 220
265 8 466
255 30 706
255 13 706
255 14 710
255 15 710
258 6 675
258 7 675
264 6 475
264 7 475
264 4 479
265 8 478
275 4 255
278 2 84
269 5 315
271 3 298
272 4 282
276 3 177
256 6 746
256 7 746
256 26 754
256 27 754
256 282 755
256 14 755
256 6 758
256 7 758
281 2 34
270 3 345
269 6 332
269 7 332
269 8 348
269 8 359
258 8 731
258 29 735
277 3 178
256 8 779
256 26 789
256 27 789
256 14 791
256 6 797
256 7 797
280 2 77
269 8 379
283 2 35
255 6 801
255 7 801
271 4 349
255 26 808
255 27 808
255 14 812
255 15 812
276 4 223
277 4 215
272 5 357
256 8 810
285 2 39
271 5 379
271 6 394
271 7 394
272 6 373
272 7 374
277 5 237
272 8 382
277 7 252
277 6 252
272 8 393
256 8 850
264 5 591
264 6 603
264 7 603
275 5 369
275 6 380
275 7 380
275 21 381
272 8 401
272 8 405
277 8 267
277 8 272
264 13 615
264 30 615
264 14 617
264 15 617
280 3 178
281 3 148
275 8 401
269 8 472
271 8 437
277 13 288
277 30 288
277 14 288
277 15 288
272 8 439
287 2 51
270 4 487
283 3 141
269 13 494
269 14 494
269 15 494
280 4 237
275 8 450
275 8 465
270 5 526
283 4 185
285 3 171
281 4 216
280 5 272
270 6 531
270 7 531
270 21 531
259 1 921
280 6 282
280 7 282
281 5 261
287 3 162
259 2 938
259 25 959
259 5 964
283 5 234
255 7 1034
255 6 1034
285 4 249
281 6 276
281 7 276
281 8 298
259 6 971
259 7 971
259 8 985
283 6 250
283 7 250
285 5 280
281 19 306
281 34 306
281 14 306
281 6 310
281 7 310
281 8 316
281 19 318
281 136 318
281 14 318
281 6 321
281 7 321
281 8 327
278 3 407
292 2 50
259 1 1000
259 13 1002
259 14 1004
259 15 1004
255 8 1072
285 6 282
285 7 282
285 19 307
281 8 340
281 19 342
281 34 342
281 14 345
281 15 345
290 2 151
285 14 314
285 15 314
285 6 331
285 7 331
285 4 334
285 3 335
294 2 41
278 4 456
293 2 107
287 4 291
275 8 680
278 5 512
293 2 118
293 2 127
293 2 129
255 4 1186
287 5 338
278 6 526
278 7 526
255 5 1189
255 6 1195
255 7 1195
293 2 149
255 8 1204
294 3 138
287 6 347
287 7 348
294 4 168
287 13 381
287 14 382
287 15 382
278 8 595
257 3 1250
255 29 1250
255 8 1257
290 3 296
295 2 65
294 5 192
294 6 208
294 7 208
294 8 210
278 8 623
255 26 1290
255 14 1291
290 4 324
294 8 235
278 8 637
278 4 649
278 3 655
257 4 1282
290 5 359
290 6 363
290 7 363
294 8 249
294 8 254
294 8 258
296 2 80
297 6 28
297 7 28
297 8 37
297 19 40
297 34 40
257 5 1330
297 14 40
297 6 45
297 7 45
290 13 385
290 30 385
290 14 386
290 15 386
294 19 305
294 34 306
294 14 306
298 2 35
292 3 354
257 6 1341
257 7 1341
297 8 58
297 19 64
297 34 64
297 14 65
297 6 67
297 7 67
255 6 1371
255 7 1371
255 8 1388
297 8 85
297 19 89
297 34 89
297 14 89
255 8 1416
299 2 65
295 3 212
295 4 233
257 1 1407
257 13 1410
257 30 1410
257 14 1411
257 15 1412
292 4 439
290 25 498
290 6 498
290 7 498
290 13 504
290 30 504
290 14 505
290 15 505
295 5 285
295 6 296
298 3 164
301 2 31
255 8 1516
296 3 262
303 5 36
298 4 191
303 6 41
303 7 42
303 8 62
298 5 213
298 6 222
298 7 222
299 3 208
298 8 253
298 13 263
298 30 263
298 14 264
298 15 264
298 25 266
298 6 266
298 7 266
295 1 397
296 4 355
303 1 102
303 5 122
303 6 129
298 8 269
298 13 281
298 30 281
298 14 281
298 15 281
299 4 265
305 2 53
303 7 129
303 8 134
303 1 163
303 5 180
303 6 186
303 7 187
296 5 434
296 6 438
296 7 438
296 8 446
296 4 448
296 5 451
296 6 457
296 7 458
303 8 194
298 25 363
298 6 364
298 7 364
298 8 375
298 29 377
305 3 130
296 8 487
298 8 390
298 29 391
298 8 399
301 3 270
298 29 406
298 8 408
298 29 410
298 8 412
299 5 412
306 8 137
306 1 145
306 19 145
306 136 145
306 14 146
306 14 151
306 15 151
305 4 184
303 8 253
308 2 33
299 6 416
299 7 416
305 5 218
307 2 187
305 6 232
305 7 232
305 1 242
305 19 242
305 14 243
303 1 314
301 4 353
305 26 252
305 14 253
303 2 352
308 3 139
301 5 390
301 6 393
301 7 393
296 29 624
296 13 629
296 14 629
296 15 629
309 2 148
296 6 661
296 7 661
303 3 416
303 4 424
301 8 436
308 4 198
296 19 672
296 14 673
296 26 677
296 14 678
303 3 433
308 3 241
303 2 470
303 3 484
303 4 488
303 5 493
303 6 498
303 7 499
303 1 506
303 13 507
303 30 508
303 14 511
303 15 511
309 3 245
308 2 312
308 2 317
307 3 415
311 2 53
309 4 294
309 5 324
309 6 326
309 7 326
309 21 330
307 4 485
309 8 343
309 19 354
309 136 354
309 14 357
309 15 357
309 25 368
309 6 368
309 7 368
309 8 373
307 5 580
255 29 2208
301 13 745
301 14 748
301 15 748
307 6 589
307 7 589
255 8 2209
255 8 2235
307 8 652
307 8 684
307 8 695
307 8 711
313 2 27
307 8 737
307 8 743
255 2 2375
307 29 777
307 8 778
301 7 949
301 6 949
301 4 950
301 3 950
314 2 42
313 3 106
307 29 807
307 8 808
255 3 2428
255 4 2440
313 4 133
315 2 49
307 13 838
307 14 839
307 15 839
255 5 2455
255 6 2459
255 7 2459
255 8 2476
313 5 154
316 2 56
313 6 162
313 7 163
313 8 181
313 13 201
313 14 202
313 15 202
314 3 182
314 4 219
313 25 282
313 6 282
313 7 282
313 8 284
255 13 2623
255 14 2626
255 15 2626
317 2 93
314 5 258
314 7 261
314 6 261
313 13 294
313 14 295
313 15 295
315 3 226
313 25 345
313 6 345
313 7 345
313 8 350
293 3 1619
318 2 107
319 2 52
313 13 356
313 14 357
313 15 357
293 4 1659
315 4 305
316 3 291
315 5 343
315 6 345
316 4 339
293 5 1711
293 6 1716
293 7 1716
317 3 229
315 4 359
315 5 368
315 6 370
315 4 372
315 3 373
319 3 174
296 6 1543
296 7 1544
296 4 1544
317 4 279
319 4 223
316 5 422
316 7 429
316 6 429
316 21 431
319 5 263
319 6 275
319 7 276
319 19 308
319 14 309
319 6 329
319 7 329
322 2 74
323 2 54
319 19 359
319 14 361
319 15 361
321 2 180
321 2 182
319 6 376
319 7 376
317 5 475
325 2 108
317 6 485
317 7 485
319 19 383
319 14 386
319 15 386
321 2 199
319 25 388
319 6 388
319 7 388
321 2 202
321 2 218
321 2 220
322 3 154
323 3 136
323 4 163
322 4 203
322 5 242
322 6 245
322 7 245
323 5 235
325 3 262
323 6 243
323 7 243
327 2 95
328 2 50
325 4 318
330 2 27
329 2 106
328 3 208
328 4 266
328 5 281
328 6 285
328 7 285
328 8 297
328 8 308
325 5 534
329 3 216
333 2 43
325 6 546
325 7 546
328 4 359
328 5 364
328 6 367
328 7 367
328 8 371
325 8 579
325 8 594
333 3 114
325 1 621
325 5 624
329 4 306
333 4 145
328 8 412
325 6 632
325 7 632
327 3 493
328 8 436
329 5 368
329 6 376
329 7 376
333 5 202
333 6 209
333 7 209
329 8 394
329 1 404
329 19 404
329 34 404
329 14 413
333 8 217
327 4 537
328 8 515
329 25 424
329 6 425
329 7 425
333 8 247
328 1 561
328 13 561
328 14 565
328 15 565
327 5 681
327 6 684
327 7 684
328 25 641
328 6 641
328 7 641
335 1 47
336 2 70
337 2 47
336 3 226
336 4 295
336 5 344
337 3 147
336 6 352
336 7 352
336 13 377
336 30 377
336 14 378
336 15 378
337 4 223
337 5 254
337 6 261
337 7 261
337 13 286
337 14 287
337 15 287
339 2 47
336 6 486
336 7 486
336 13 494
336 30 494
336 14 496
336 15 496
340 2 37
339 3 171
341 2 44
339 4 251
339 5 328
342 2 40
339 6 336
339 7 336
339 21 337
339 13 377
339 30 377
339 14 378
339 15 378
340 3 260
342 3 131
342 4 188
340 4 351
340 5 371
340 6 372
340 7 373
340 19 397
340 14 399
340 15 399
346 2 46
342 5 237
342 6 247
342 7 247
346 2 63
339 6 549
339 7 549
339 13 559
339 30 559
339 14 559
339 15 559
345 2 99
342 8 262
342 29 265
342 13 288
342 30 288
342 14 289
342 15 289
344 2 114
344 2 121
348 2 44
348 2 58
346 3 158
346 4 178
348 3 142
348 4 161
346 5 250
346 6 253
346 7 253
348 5 201
348 6 208
348 7 208
344 3 310
349 2 57
345 3 366
351 29 25
349 3 200
351 8 28
352 2 35
349 4 232
344 4 485
351 8 84
345 4 472
349 5 257
349 6 266
354 2 33
353 2 55
350 2 238
341 3 829
349 7 267
344 5 532
344 6 546
344 7 546
345 5 525
345 6 531
345 7 531
345 21 532
345 8 542
345 8 542
352 3 118
355 2 59
344 4 557
344 3 557
345 8 568
345 8 579
341 4 884
341 5 912
352 4 147
353 3 167
341 6 915
341 7 915
341 8 937
352 5 165
352 6 177
352 7 177
352 21 178
354 3 164
352 19 199
352 14 199
352 6 208
352 7 208
359 2 72
354 4 193
353 4 212
353 5 226
353 6 232
353 7 232
357 2 123
355 3 176
360 2 62
354 5 219
354 6 222
354 7 222
345 29 676
345 8 681
361 2 46
352 4 279
355 4 204
354 4 251
354 3 253
354 25 255
354 5 255
354 6 258
354 7 258
353 8 280
353 8 288
350 3 458
354 13 260
354 30 260
354 14 261
354 15 261
354 6 265
354 7 265
354 13 271
354 30 271
354 14 275
354 15 275
360 3 142
353 8 294
345 8 757
355 5 255
355 6 263
355 7 263
360 4 176
355 8 287
360 5 196
359 3 202
360 6 200
360 7 200
350 4 536
360 8 233
360 8 237
345 8 836
345 8 836
350 5 579
360 4 254
360 3 256
350 6 591
350 7 591
345 8 869
350 13 606
350 14 607
350 15 607
361 3 203
360 25 274
360 5 275
360 6 283
360 7 284
359 4 292
363 2 37
363 3 45
363 4 50
361 4 257
363 5 54
363 6 58
363 7 58
363 21 61
363 8 76
361 5 283
361 6 287
361 7 287
345 8 963
363 4 93
363 5 101
363 6 104
363 7 105
363 21 107
363 8 111
359 5 390
359 6 398
359 7 398
363 4 120
363 3 125
361 1 341
361 19 341
361 136 341
361 14 341
359 13 407
359 30 407
359 14 409
359 15 409
345 8 1006
364 2 54
345 4 1046
345 5 1054
345 6 1061
345 7 1061
345 21 1062
345 8 1148
365 2 48
364 3 193
366 2 42
366 2 55
366 2 63
364 4 224
364 5 235
345 26 1220
345 282 1220
345 14 1221
367 2 54
364 6 242
364 7 242
364 8 269
345 25 1270
345 6 1270
345 7 1270
368 2 59
364 1 273
364 19 273
364 34 273
364 14 274
345 8 1275
369 2 79
366 3 171
366 4 202
345 13 1380
345 14 1381
345 15 1381
366 5 250
368 3 177
345 25 1401
345 6 1401
345 7 1401
345 8 1408
345 26 1411
345 282 1412
345 14 1412
369 3 172
365 3 328
369 4 192
366 6 254
366 7 254
367 3 246
368 4 220
369 5 207
365 4 359
369 6 211
369 7 211
365 5 395
365 6 399
365 7 399
368 5 279
368 6 284
368 7 285
367 4 324
368 8 314
365 8 459
367 5 360
368 8 329
368 8 336
367 6 372
367 7 372
367 21 373
368 8 359
368 8 364
368 8 371
368 8 377
368 8 382
368 29 384
365 1 510
365 13 510
365 14 511
365 15 511
359 25 1027
359 6 1027
359 7 1027
367 8 409
372 2 91
365 25 568
365 6 568
365 7 568
365 8 570
365 19 586
365 34 586
367 8 460
363 1 824
363 5 829
363 6 832
363 7 833
363 21 835
363 1 836
365 14 590
365 15 590
365 25 606
365 6 606
365 7 606
367 13 495
367 30 495
367 14 497
367 15 497
363 5 843
363 6 846
363 7 846
363 21 849
363 25 865
363 5 866
373 2 50
373 2 70
363 6 871
363 7 871
363 8 876
363 5 909
363 6 916
363 7 916
374 2 110
368 19 663
368 34 663
368 14 663
372 3 351
373 3 267
372 4 391
373 4 298
374 3 299
372 5 436
373 5 331
373 6 340
373 7 340
374 4 341
376 2 74
372 6 446
372 7 446
372 8 452
372 8 462
373 8 361
373 8 364
377 2 78
372 8 469
372 8 474
372 8 479
373 4 399
373 5 403
374 5 382
374 6 385
374 7 385
374 21 389
374 8 405
372 29 498
372 1 500
372 13 501
372 14 501
372 15 501
373 6 411
373 7 411
373 8 418
374 29 432
380 2 43
374 13 457
374 30 457
374 14 460
374 15 460
378 2 108
381 2 48
373 1 521
373 19 521
373 34 521
373 14 522
377 3 255
382 2 39
381 3 123
377 4 282
381 4 150
381 5 183
381 6 199
381 7 199
377 5 349
377 6 352
377 7 352
380 3 253
382 3 137
380 4 284
382 4 173
381 13 251
381 30 251
381 14 251
381 15 251
374 1 722
377 8 432
380 5 335
380 6 339
380 7 339
380 21 341
385 2 57
384 2 66
377 4 462
377 3 466
380 19 367
380 14 370
380 15 370
380 25 379
380 6 379
380 7 380
380 13 383
380 14 388
380 15 388
377 25 491
377 5 491
377 6 495
377 7 495
378 3 473
377 8 508
384 3 179
378 4 527
377 25 551
377 5 551
377 6 554
377 7 554
377 8 567
387 2 38
384 4 217
386 2 83
387 3 84
378 5 604
378 6 608
378 7 609
385 3 257
387 4 107
387 5 142
387 6 150
387 7 151
365 8 1606
385 4 400
385 5 416
378 26 771
378 27 771
378 14 774
378 15 774
378 25 788
378 6 788
378 7 789
385 6 428
385 7 428
378 26 803
378 27 804
378 14 807
378 15 807
378 25 812
378 6 813
378 7 813
378 2 847
385 8 495
385 19 505
385 34 505
378 25 881
378 5 882
378 6 888
385 14 518
389 2 46
378 7 889
388 2 135
392 2 50
389 3 196
390 2 189
388 3 261
392 3 179
388 4 306
393 2 53
377 8 1189
388 5 342
388 6 347
388 7 347
394 2 31
394 2 36
389 4 299
392 4 217
392 5 241
395 2 38
388 8 359
388 8 365
388 8 370
389 5 331
389 6 335
389 7 335
392 6 250
392 7 250
392 1 269
392 13 269
392 14 272
392 15 272
389 8 360
389 8 368
389 8 381
393 3 140
390 3 353
388 29 424
388 8 427
396 2 95
389 8 385
389 8 389
389 8 391
389 4 397
395 3 124
388 8 451
390 4 389
394 3 151
393 4 198
395 4 159
393 5 243
388 8 530
393 6 249
393 7 249
393 13 256
393 30 257
393 14 257
393 15 257
398 2 39
395 5 216
395 6 220
395 7 221
397 2 79
398 2 45
395 8 239
388 30 579
388 13 579
388 14 581
388 15 581
396 3 300
401 2 44
400 2 86
397 3 197
396 4 358
397 4 265
401 3 143
405 2 36
404 2 74
385 26 1227
397 5 304
385 14 1238
397 6 307
397 7 307
403 2 68
401 4 189
396 5 434
396 6 439
396 7 439
396 21 442
401 5 205
401 6 212
401 7 212
377 8 1649
397 8 360
406 2 74
398 3 352
400 3 303
387 8 1188
387 13 1202
387 30 1202
405 3 195
398 4 393
403 3 241
387 14 1205
387 15 1205
404 3 239
400 4 375
411 2 63
405 4 230
396 8 618
396 1 635
396 136 635
396 19 635
396 14 638
403 4 287
405 5 269
405 6 272
405 7 272
411 2 104
405 8 292
400 5 444
400 6 446
400 7 446
412 2 58
404 4 360
400 8 486
396 26 715
396 14 722
403 5 380
403 6 390
403 7 390
400 4 497
400 5 501
400 6 503
400 7 504
400 26 517
404 5 405
400 14 520
400 15 520
396 25 739
396 6 739
396 7 739
413 2 48
405 8 379
404 6 419
404 7 419
414 2 55
403 8 442
406 3 383
398 5 621
415 2 69
398 6 629
398 7 630
400 6 559
400 7 559
400 8 571
412 3 173
404 13 466
404 30 467
404 14 467
404 15 467
400 4 583
400 3 586
411 3 274
403 8 477
412 4 214
403 8 502
406 4 456
416 2 33
414 3 164
411 4 318
403 8 518
415 3 147
398 8 709
415 4 172
398 19 731
398 34 731
398 14 731
412 5 261
412 6 263
412 7 264
414 4 194
412 4 277
403 2 552
406 5 496
406 6 500
406 7 501
405 8 543
298 1 7364
298 5 7369
412 3 281
398 25 745
398 6 745
398 7 745
298 6 7377
416 3 95
298 7 7377
412 3 304
412 4 307
406 4 540
398 8 786
415 5 232
415 6 235
415 7 235
412 5 309
412 6 311
412 7 311
414 5 234
412 8 314
414 6 238
414 7 238
412 19 322
412 34 322
412 14 325
412 15 325
414 8 257
412 25 337
412 6 337
412 7 338
413 3 276
411 5 397
411 6 400
411 7 400
411 4 418
403 3 623
403 4 633
417 2 26
405 8 613
418 2 41
416 4 167
412 2 368
403 5 642
403 6 652
403 7 652
405 29 649
398 8 827
412 25 371
412 5 372
412 6 377
412 7 377
416 5 195
412 19 384
412 14 384
416 6 201
416 7 201
412 6 394
412 7 395
413 4 345
412 19 399
412 14 400
412 6 403
412 7 403
416 8 233
417 3 118
418 3 144
413 5 381
413 6 385
413 7 385
398 8 928
398 8 941
413 1 432
413 19 432
413 14 433
417 4 179
418 4 197
398 8 957
413 6 442
413 7 442
417 5 210
418 5 233
413 19 467
413 14 469
413 15 469
413 6 476
413 7 476
419 2 35
417 6 221
417 7 221
418 6 246
418 7 246
418 8 265
398 19 1017
398 34 1017
398 14 1029
418 8 273
398 25 1042
398 6 1042
398 7 1042
398 8 1058
398 8 1062
417 8 279
417 8 290
418 8 304
418 29 316
418 8 317
418 13 320
418 14 321
418 15 321
398 8 1095
421 2 53
398 19 1117
398 34 1117
398 14 1118
398 25 1125
398 6 1125
398 7 1125
422 8 28
421 3 143
404 6 1042
404 7 1043
419 3 257
421 4 174
419 4 279
419 5 289
419 6 294
419 7 294
419 8 298
421 5 204
421 6 210
421 7 210
419 13 309
419 14 310
419 15 310
421 8 216
414 29 752
414 8 753
414 29 756
414 8 757
421 1 261
421 13 261
421 30 261
421 14 262
421 15 262
414 8 779
414 29 792
414 8 797
423 2 153
414 29 804
414 8 814
414 29 825
428 29 41
428 8 44
427 2 72
429 2 114
423 3 307
429 2 124
423 4 340
427 3 191
423 5 374
423 6 377
423 7 378
424 29 368
421 25 521
421 6 521
421 7 521
421 13 523
421 30 523
421 14 524
421 15 524
427 4 253
421 25 563
421 6 563
421 7 563
421 13 566
421 30 566
421 14 567
421 15 567
427 5 302
423 8 462
423 8 466
421 25 583
421 6 583
421 7 583
421 13 586
421 30 586
421 14 589
421 15 589
427 6 315
427 7 316
427 21 317
427 8 344
427 8 354
424 8 526
432 2 140
427 8 401
427 4 405
427 5 408
427 6 424
427 7 424
427 21 425
427 8 429
427 8 436
427 8 444
434 2 55
427 8 478
433 2 183
427 19 488
427 34 488
427 14 489
427 25 502
427 6 502
427 7 502
432 3 263
434 3 159
421 25 827
421 7 827
421 6 827
421 13 833
421 30 833
421 15 834
421 14 834
434 4 201
432 4 329
434 5 222
432 5 359
434 6 234
434 7 234
432 6 375
432 7 375
432 8 383
421 25 910
421 6 910
421 7 910
421 8 915
421 13 918
421 30 918
421 14 919
421 15 919
433 3 370
432 8 430
433 4 427
421 25 1026
421 6 1026
421 7 1026
437 2 66
421 13 1038
421 30 1038
421 14 1039
421 15 1039
433 5 524
433 6 532
433 7 532
436 2 150
433 8 565
408 1 1954
438 2 126
437 3 184
421 25 1173
421 6 1173
421 7 1173
440 2 28
433 1 614
433 13 615
433 30 615
433 14 615
433 15 615
437 4 227
421 13 1185
421 30 1185
421 14 1186
421 15 1186
437 5 284
437 6 290
437 7 290
441 2 69
438 3 282
437 8 333
438 4 347
437 4 389
437 5 390
437 6 397
437 7 397
440 3 234
437 8 429
428 1 1089
438 5 401
438 6 418
438 7 418
437 8 455
443 2 39
428 2 1124
438 8 437
440 4 299
441 3 253
438 1 457
438 13 457
438 14 458
438 15 458
438 6 479
438 7 479
428 3 1166
428 4 1179
438 19 484
438 14 484
438 6 493
438 7 493
440 5 354
440 6 358
440 7 358
440 8 368
440 29 371
440 8 374
446 2 33
447 2 44
428 5 1189
428 6 1195
428 7 1195
428 8 1210
438 13 530
438 14 530
438 15 530
441 4 344
443 3 168
428 4 1228
428 3 1232
436 3 603
441 5 369
441 6 373
441 7 373
448 2 63
445 2 118
450 2 47
441 19 401
441 14 404
441 15 404
441 6 415
441 7 415
446 3 105
443 4 206
447 3 135
451 2 60
436 4 659
441 19 418
441 14 421
441 15 421
441 6 425
441 7 425
441 8 432
446 4 134
452 2 41
443 5 247
443 6 252
443 7 252
441 8 447
441 8 455
441 8 463
446 5 171
446 7 187
446 6 187
447 4 180
443 8 261
443 8 267
443 8 271
443 8 290
443 8 299
447 5 223
443 8 305
444 1 279
443 8 310
450 3 171
436 5 745
436 6 749
436 7 749
441 19 510
441 34 510
441 14 515
441 15 515
447 6 240
447 7 240
451 3 191
451 3 201
452 3 148
447 13 282
447 30 282
447 14 283
447 15 283
452 4 194
451 4 239
454 2 52
438 6 800
438 7 800
452 5 207
448 3 310
452 6 217
452 7 217
445 3 382
454 3 111
438 19 817
438 14 821
438 15 821
436 2 867
438 6 838
438 7 838
452 8 238
451 5 310
451 6 326
451 7 326
450 4 318
438 8 848
454 4 135
456 2 65
456 2 71
447 6 416
447 7 417
450 5 352
438 19 879
438 34 879
438 14 883
438 15 884
438 25 888
438 6 888
438 7 888
450 6 368
450 7 368
438 8 903
454 5 168
445 4 449
438 8 916
454 6 173
454 7 173
450 8 394
438 19 925
438 34 926
454 8 179
438 14 926
438 14 932
438 15 932
440 29 799
448 4 413
436 25 973
436 5 973
450 29 415
436 6 982
436 7 982
454 8 211
440 8 801
440 29 827
445 5 511
456 3 151
445 6 519
445 7 519
450 8 446
450 1 455
450 34 455
450 19 455
450 14 457
456 4 191
450 14 467
450 15 467
445 8 583
456 3 237
448 5 544
448 6 549
448 7 549
460 2 30
448 13 587
448 14 588
448 15 588
459 2 61
461 2 42
450 7 581
450 6 581
374 1 4839
460 3 111
462 2 55
450 8 627
450 13 634
450 14 638
450 15 638
460 4 140
460 5 176
460 6 180
460 7 180
460 8 195
460 8 224
462 3 178
459 3 255
436 8 1350
462 4 219
459 4 295
462 5 252
462 6 256
462 7 256
463 2 82
462 8 298
459 5 351
436 1 1449
436 19 1449
436 34 1449
436 14 1450
462 8 326
459 6 367
459 7 367
436 6 1459
436 7 1459
462 8 358
463 3 195
462 13 376
462 30 376
462 14 377
462 15 377
463 4 230
436 8 1521
465 2 137
436 8 1550
436 19 1563
436 34 1563
436 14 1564
466 2 87
463 5 267
463 6 273
463 7 273
436 25 1587
436 6 1587
436 7 1587
436 8 1630
465 3 251
436 8 1653
436 19 1656
436 34 1656
436 14 1657
469 2 62
465 4 301
470 2 68
470 2 82
465 5 343
465 6 345
469 3 125
471 2 58
461 3 670
469 4 146
461 4 690
466 3 290
472 2 63
469 5 182
469 6 192
469 7 192
469 13 202
469 30 202
469 14 203
469 15 203
461 5 736
469 6 219
469 7 219
469 8 221
461 7 752
461 6 752
471 3 136
471 4 181
472 3 154
472 4 170
469 8 267
473 5 26
473 8 27
471 5 216
471 6 232
471 7 232
466 4 461
444 2 1472
472 5 215
472 6 220
472 7 220
473 6 41
473 7 41
469 13 318
469 14 319
469 15 319
471 8 259
461 13 887
461 30 887
461 15 888
461 14 888
471 1 304
471 13 304
471 30 304
471 14 306
471 15 306
466 5 521
466 6 537
466 7 537
444 3 1573
475 2 54
474 2 54
469 7 436
474 2 59
469 6 436
469 4 437
473 8 142
473 29 146
466 19 567
466 14 571
466 15 571
469 3 440
469 1 453
473 8 169
466 1 591
466 5 599
444 4 1618
444 5 1639
469 2 493
444 6 1643
444 7 1644
476 2 46
474 3 158
444 13 1673
444 30 1673
444 14 1674
444 15 1674
477 2 61
473 8 271
474 4 226
475 3 189
469 3 571
476 3 146
473 29 308
474 5 252
474 6 261
474 7 261
474 282 262
474 21 262
475 4 227
476 4 187
473 8 335
469 4 618
475 5 260
469 5 637
475 6 276
475 7 276
476 5 213
476 6 222
476 7 222
470 3 633
469 6 652
469 7 653
469 21 655
475 8 293
475 8 306
480 2 32
469 8 737
479 2 70
477 3 221
480 3 87
480 4 107
469 8 745
469 26 769
469 14 771
469 15 771
444 6 1967
444 7 1967
444 8 1972
480 5 167
480 6 173
480 7 173
479 3 157
481 2 136
444 13 1996
444 14 1998
444 15 1998
484 2 139
479 4 196
477 4 354
479 5 225
479 6 230
479 7 231
477 5 383
477 6 388
477 7 388
470 4 869
469 1 895
469 5 899
469 6 904
469 7 904
469 8 909
469 13 911
469 14 911
469 15 911
479 8 258
479 8 262
479 8 266
479 8 273
487 2 105
477 8 408
477 29 422
469 6 937
469 7 937
469 26 944
469 27 945
469 14 945
479 8 277
479 8 280
479 8 283
479 8 286
477 8 428
477 8 433
477 8 436
477 8 440
488 2 94
474 8 608
469 25 954
469 6 954
469 7 954
469 26 959
469 27 959
469 14 963
469 15 963
469 6 964
469 7 964
469 26 967
469 27 967
469 14 967
469 6 969
469 7 970
479 1 318
479 19 318
479 14 320
479 34 320
474 8 643
469 13 986
469 30 986
469 14 987
469 15 987
470 5 969
470 6 985
470 7 985
444 6 2159
444 7 2160
476 8 568
444 8 2170
476 1 578
476 5 582
476 6 587
476 7 587
470 8 1029
470 1 1038
470 19 1038
470 34 1038
470 14 1038
485 2 326
476 29 636
484 3 377
490 2 86
444 29 2257
444 8 2259
444 26 2282
444 27 2282
444 14 2285
444 15 2285
488 3 289
481 3 479
485 3 414
493 2 58
485 4 434
493 2 64
484 4 449
497 2 47
492 2 129
485 5 478
485 6 482
485 7 483
444 6 2389
444 7 2389
481 4 558
488 4 392
488 5 404
488 6 420
488 7 420
497 3 121
490 3 280
497 4 166
498 2 65
481 5 623
481 6 638
481 7 638
488 8 451
497 5 190
481 4 661
481 3 668
485 8 618
488 19 500
488 136 500
488 14 503
488 15 503
488 25 510
488 6 510
488 7 510
497 6 206
497 7 206
490 4 348
502 2 28
492 3 289
481 3 702
488 19 530
488 136 531
488 14 531
488 25 539
488 6 539
488 7 539
497 8 256
490 5 384
490 6 400
490 7 401
490 21 403
481 25 706
481 5 706
485 8 668
481 6 722
481 7 722
481 8 725
481 3 735
488 8 553
497 8 267
498 3 192
490 8 415
487 3 625
502 3 98
470 6 1390
470 7 1390
488 8 579
497 8 290
492 4 373
498 4 255
487 4 675
502 4 134
497 8 350
498 5 297
487 5 711
487 6 727
487 7 728
502 5 160
502 6 175
502 7 175
502 21 177
485 8 798
497 8 403
498 6 313
498 7 313
490 8 532
487 13 740
487 14 741
487 15 741
490 8 552
492 5 453
492 6 468
492 7 468
492 21 469
490 8 565
490 8 573
502 8 222
502 8 236
502 8 240
490 4 589
490 1 592
490 4 601
490 5 611
492 1 511
492 19 511
492 14 512
492 14 531
492 15 531
505 2 51
497 19 495
497 34 495
497 14 496
490 6 627
490 7 628
490 21 629
492 25 539
492 6 539
492 7 539
492 13 543
492 14 543
492 15 543
502 13 306
502 30 306
502 14 307
502 15 307
497 26 501
497 14 501
497 25 506
497 6 506
497 7 506
497 8 514
497 26 522
497 14 526
497 15 526
497 25 559
497 6 559
497 7 559
497 8 567
497 8 594
497 8 607
497 8 630
506 2 177
497 26 650
497 14 651
502 25 435
502 6 435
502 7 435
502 13 440
502 30 440
502 14 441
502 15 441
492 6 711
492 7 711
508 2 37
505 3 229
497 25 654
497 6 654
497 7 654
492 5 729
492 6 746
492 7 746
492 21 747
505 4 333
505 3 356
506 3 322
508 3 225
505 2 397
506 4 368
505 3 431
505 4 442
509 2 46
506 5 415
506 6 418
506 7 419
511 2 53
508 4 281
510 2 65
506 8 445
505 5 510
508 5 302
508 6 307
508 7 307
508 8 323
506 1 469
506 13 469
506 14 470
506 15 470
512 2 48
505 6 514
505 7 514
509 3 140
514 2 38
508 8 371
505 8 583
513 2 96
508 8 403
511 3 174
516 2 37
515 2 87
505 13 613
505 30 613
505 14 614
505 15 614
510 3 207
514 3 119
514 3 132
517 2 50
511 4 209
509 4 240
508 13 453
508 30 453
508 14 453
508 15 453
514 4 165
511 5 235
511 6 251
511 7 252
510 4 270
514 5 192
510 3 283
514 6 196
514 7 196
514 8 203
509 5 307
509 6 323
509 7 324
514 8 217
516 3 153
505 6 742
505 7 742
518 2 59
516 4 201
513 3 293
516 5 227
516 6 231
516 7 231
515 3 288
517 3 216
520 2 58
517 4 260
514 1 353
514 13 353
514 14 354
514 15 354
512 3 379
521 2 53
515 4 338
519 2 181
517 5 301
517 6 305
517 7 305
512 4 427
513 4 415
515 3 399
512 5 459
512 6 463
512 7 463
522 2 66
520 3 198
513 5 486
513 6 492
513 7 493
524 2 58
517 8 426
521 3 227
523 2 147
520 4 250
513 1 530
513 19 531
513 136 531
513 14 533
513 15 533
512 8 569
520 5 294
520 6 298
520 7 298
505 30 1076
505 13 1076
505 14 1077
505 15 1077
519 3 403
521 4 272
520 8 315
521 5 301
521 6 312
521 7 312
526 2 104
520 8 350
519 4 471
520 8 366
520 8 398
524 3 235
523 3 322
522 3 331
520 8 433
519 5 558
519 6 562
519 7 562
519 21 564
520 8 480
528 2 111
524 4 304
493 3 1716
512 4 786
523 4 389
519 1 597
519 26 597
519 27 598
519 14 599
519 15 599
522 4 404
493 4 1771
524 5 374
524 6 381
524 7 381
522 5 462
493 5 1800
512 5 891
512 6 894
512 7 894
529 2 75
522 6 478
522 7 478
523 5 473
523 6 477
523 7 477
522 8 491
493 6 1816
493 7 1816
493 21 1817
530 2 61
512 8 905
522 8 505
522 8 514
522 8 519
526 3 395
528 3 237
522 8 524
523 1 551
523 13 552
523 14 553
523 15 553
526 4 436
528 4 308
528 5 335
528 6 351
528 7 351
533 2 37
526 5 502
526 6 509
526 7 509
530 3 196
528 8 378
512 13 1049
512 30 1049
512 14 1052
512 15 1052
530 4 239
528 13 405
528 30 405
528 14 410
528 15 410
526 8 592
530 5 291
530 6 297
530 7 297
505 25 1626
505 7 1626
505 6 1626
533 3 173
530 8 313
505 13 1629
505 30 1629
505 15 1633
505 14 1633
530 13 329
530 14 331
530 15 331
533 4 199
533 5 212
533 6 229
533 7 229
533 8 258
533 8 267
533 8 315
533 8 323
533 8 329
529 3 579
535 2 68
529 4 708
526 4 1040
526 5 1045
526 6 1063
536 2 49
526 7 1063
539 2 52
541 2 35
540 2 46
541 3 89
541 4 111
540 3 130
541 5 129
541 6 141
541 7 141
539 3 195
540 4 169
529 5 1010
529 6 1013
529 7 1013
535 3 489
540 5 198
540 6 201
540 7 201
543 2 66
539 4 248
535 4 537
540 8 225
540 8 276
539 5 309
539 6 314
539 7 314
540 8 304
529 1 1130
529 13 1131
529 30 1131
529 14 1131
529 15 1131
539 13 328
539 14 329
539 15 329
542 2 166
542 2 170
542 2 180
540 8 317
540 1 333
540 13 333
540 30 333
540 14 339
540 15 339
529 6 1165
529 7 1165
539 6 353
539 7 353
539 19 366
539 14 370
539 15 370
544 2 115
529 2 1187
529 3 1197
529 4 1200
535 5 668
535 6 672
535 7 672
539 6 398
539 7 398
539 8 405
547 2 55
541 8 382
529 5 1209
529 6 1213
529 7 1213
529 19 1223
529 136 1223
529 14 1224
539 4 409
535 8 695
539 5 415
539 6 420
539 7 420
539 19 424
539 14 426
539 15 426
539 6 431
539 7 432
541 29 391
541 13 396
541 30 396
541 14 396
541 15 396
548 2 50
539 8 441
529 6 1276
529 7 1276
529 19 1285
529 136 1285
529 14 1285
535 1 754
535 13 754
535 30 754
539 8 475
535 14 758
535 15 758
539 19 496
539 34 496
529 6 1294
529 7 1295
529 19 1302
529 136 1303
529 14 1303
539 14 499
539 15 499
539 6 502
539 7 502
549 2 37
550 2 40
529 6 1329
529 7 1329
529 19 1340
529 136 1340
529 14 1341
529 6 1350
529 7 1351
543 3 355
547 3 201
529 19 1362
529 136 1362
529 14 1363
529 6 1379
529 7 1379
547 4 237
549 3 116
550 3 116
529 19 1390
529 136 1391
529 14 1391
529 6 1402
529 7 1402
547 5 263
550 4 154
408 1 7690
547 6 279
547 7 279
547 8 287
547 8 296
549 4 153
541 1 623
550 5 187
547 13 314
547 30 314
547 14 314
547 15 314
541 5 632
549 5 189
541 6 644
541 7 645
544 3 414
549 6 204
549 7 204
552 2 98
550 6 202
550 7 203
550 1 216
543 4 506
551 2 102
553 2 40
550 5 219
555 2 67
543 5 560
541 13 696
541 30 696
541 14 697
541 15 697
544 4 479
543 6 564
543 7 564
539 1 742
539 5 748
539 6 761
539 7 762
539 8 767
553 3 106
554 2 117
554 2 125
554 2 126
554 2 126
554 2 126
554 2 126
554 2 127
554 2 127
554 2 127
543 8 596
539 8 784
544 5 538
544 6 542
544 7 542
554 2 157
554 2 157
555 3 153
543 8 631
543 29 642
543 4 646
543 3 646
553 4 154
553 5 173
553 6 179
553 7 179
544 8 552
555 4 187
554 2 187
553 8 187
553 1 204
553 13 204
553 15 207
553 14 207
555 5 231
555 6 245
555 7 245
552 3 327
556 2 34
555 8 276
544 13 645
556 2 43
544 14 647
544 15 647
555 8 289
552 4 366
554 3 294
554 4 329
552 5 419
552 6 432
552 7 432
554 5 353
554 6 369
554 7 370
554 8 378
554 29 384
552 8 459
552 8 473
552 8 478
551 3 512
552 1 505
552 13 505
552 14 505
552 15 505
557 13 34
557 14 35
557 15 35
548 3 770
547 25 819
547 6 819
547 7 819
547 13 834
547 30 834
547 14 834
547 15 834
548 4 840
551 4 646
544 6 972
544 7 972
544 3 972
559 2 47
558 2 102
548 5 894
548 6 896
551 5 709
551 6 712
551 7 712
551 8 729
563 2 73
562 2 112
551 8 771
547 25 1013
547 6 1013
547 7 1013
547 13 1019
547 30 1019
567 2 43
558 3 233
547 14 1019
547 15 1019
568 2 72
566 2 94
558 4 299
569 2 55
567 3 130
563 3 209
570 2 71
565 2 192
558 5 346
558 6 352
558 7 352
559 3 314
571 2 43
558 8 387
566 3 210
563 4 288
563 5 288
563 6 297
563 7 297
563 21 301
558 8 413
558 8 413
558 8 413
569 3 168
563 19 315
563 14 316
566 4 251
567 4 241
562 3 374
559 4 375
559 5 388
559 6 392
559 7 392
563 26 330
563 14 331
566 3 259
570 3 186
565 3 323
569 4 211
560 2 419
560 2 422
562 4 414
572 2 46
559 8 434
571 3 157
569 5 244
569 6 249
569 7 249
530 6 2425
530 7 2426
570 4 258
565 4 377
567 5 339
567 6 343
567 7 343
567 26 355
567 27 355
567 14 356
574 2 53
562 5 471
571 4 195
569 2 276
569 3 290
569 4 293
569 5 295
530 4 2456
530 3 2467
568 3 358
565 5 402
565 6 418
565 7 419
567 6 362
567 7 363
567 26 366
567 27 366
567 14 369
567 15 369
567 25 371
567 6 371
567 7 371
567 26 380
567 27 380
567 14 381
567 25 383
567 6 383
567 7 383
562 6 476
562 7 476
559 8 494
559 19 499
559 34 499
559 14 501
571 5 218
559 25 508
559 6 508
559 7 508
571 7 225
571 6 225
559 8 515
569 6 300
569 7 300
569 13 309
569 30 309
569 14 310
569 15 310
567 26 390
567 27 390
567 14 394
567 15 394
571 4 249
571 3 250
530 2 2515
565 13 479
568 4 439
565 14 483
565 15 484
575 2 97
560 3 611
576 2 75
577 2 68
530 25 2580
568 5 471
568 6 476
568 7 476
580 5 26
580 6 42
580 7 43
572 3 248
530 25 2609
530 5 2610
530 6 2614
530 7 2614
568 8 505
580 1 57
568 8 513
580 19 58
580 136 58
580 14 67
568 8 525
572 4 281
560 4 655
568 8 529
574 3 275
562 4 672
562 3 673
568 8 562
568 8 570
568 8 574
581 2 86
568 8 583
568 8 587
572 5 316
572 6 318
572 7 318
582 2 86
576 3 207
568 8 600
574 4 321
568 8 618
568 8 622
568 8 625
584 2 61
574 5 359
574 6 364
574 7 364
583 2 126
560 5 773
560 6 789
560 7 790
577 3 255
574 8 407
586 2 36
576 4 284
574 19 421
574 34 421
574 14 435
569 25 643
569 6 643
569 7 643
569 8 654
574 25 442
574 6 442
574 7 442
574 8 448
569 8 661
577 4 318
576 5 343
576 6 354
576 7 354
582 3 248
577 5 348
583 3 245
577 6 350
577 7 350
576 1 373
576 13 373
576 14 374
576 15 374
577 8 367
584 3 238
574 8 520
582 4 286
581 3 313
574 8 554
586 3 170
582 5 324
582 6 330
582 7 330
577 19 429
577 136 429
577 14 432
577 15 432
583 4 336
586 4 203
577 25 438
577 6 438
577 7 438
577 8 458
581 4 367
584 4 318
577 25 497
577 5 497
581 3 399
583 5 382
583 6 398
583 7 398
586 5 260
586 6 263
586 7 263
577 6 506
577 7 506
577 8 524
583 8 416
583 13 422
583 14 426
583 15 426
577 8 534
577 8 552
584 5 414
584 6 419
584 7 419
584 21 422
590 2 104
590 2 108
589 2 120
591 2 41
590 2 116
591 3 103
591 4 123
595 2 25
591 5 176
591 6 180
591 7 180
591 8 186
591 8 196
591 1 205
591 13 205
594 2 87
591 15 205
591 14 205
595 3 84
589 3 289
595 4 115
596 2 53
589 4 331
595 5 161
595 6 176
595 7 176
589 5 383
589 6 398
589 7 399
597 2 73
596 3 185
589 8 444
589 8 474
599 2 69
600 2 64
601 2 40
596 4 247
408 1 9867
594 3 332
602 2 70
596 5 294
596 6 302
594 4 370
600 3 162
604 2 75
596 2 315
570 1 1447
596 3 333
597 3 260
601 3 146
600 4 194
596 4 349
596 5 357
596 6 359
597 4 306
601 4 189
597 3 314
597 4 317
599 3 242
601 5 225
601 6 229
601 7 229
597 5 352
605 2 62
600 5 273
600 6 277
600 7 277
601 8 247
600 8 286
601 1 264
601 13 264
601 14 266
601 15 266
597 6 368
597 7 368
599 4 293
597 8 395
597 19 417
597 34 417
597 14 418
602 3 279
603 1 274
597 14 431
597 15 431
604 3 290
597 6 468
597 7 468
597 3 468
597 4 476
597 5 479
602 4 334
597 6 495
597 7 495
602 5 381
602 6 396
575 3 1446
604 4 386
603 2 381
603 2 397
606 2 43
602 2 433
599 5 507
599 6 512
599 7 512
575 4 1501
604 5 437
604 6 448
604 7 448
604 8 458
602 3 497
606 3 147
602 4 518
575 5 1565
602 5 526
575 6 1581
575 7 1581
602 6 542
602 7 542
604 8 538
611 2 46
606 4 207
575 8 1632
604 26 585
604 27 585
603 3 578
612 2 43
606 5 236
575 29 1645
575 8 1648
613 2 56
604 14 588
606 6 252
606 7 252
606 8 272
575 8 1676
575 8 1717
611 3 160
611 4 185
612 3 145
606 29 303
606 8 306
605 3 562
603 4 675
575 8 1785
613 3 164
604 7 710
604 6 710
604 8 717
604 26 733
611 5 225
611 6 228
611 7 228
604 14 736
611 8 234
605 4 604
612 4 213
613 4 219
611 8 286
611 29 287
603 5 770
611 8 290
611 29 290
611 29 290
611 8 291
603 6 787
603 7 787
611 8 306
611 8 306
615 2 56
611 29 307
611 8 309
612 5 267
605 5 664
605 6 678
605 7 678
575 8 1880
603 1 813
603 13 813
603 30 814
603 14 814
603 15 814
611 8 331
611 29 334
611 8 335
612 6 283
612 7 283
613 5 285
613 6 300
613 7 301
604 6 856
604 7 856
616 2 80
612 8 313
605 8 729
605 1 746
605 13 747
605 30 747
617 2 34
613 13 331
613 30 331
613 14 332
613 15 332
605 14 767
605 15 767
575 8 1956
612 8 363
612 29 379
612 8 386
619 2 50
619 2 58
619 2 66
612 8 399
612 8 421
617 3 115
615 3 224
612 8 430
617 4 149
613 25 432
613 6 432
613 7 432
616 3 239
619 3 164
618 2 179
615 4 281
619 4 192
617 5 199
617 6 215
617 7 215
615 5 300
616 4 283
615 6 310
615 7 310
615 8 319
620 2 77
619 5 225
617 13 226
617 30 226
617 14 227
617 15 227
615 8 345
616 5 334
619 6 240
619 7 240
622 2 80
615 8 365
616 6 350
616 7 350
615 8 378
615 13 388
615 14 396
615 15 396
624 2 51
620 3 208
618 3 407
616 30 479
616 13 479
616 14 479
616 15 479
618 4 445
624 3 165
620 4 295
624 4 217
618 5 506
620 5 362
618 6 512
618 7 513
600 13 1415
600 14 1416
600 15 1416
624 5 255
624 6 270
624 7 271
620 6 374
620 7 374
620 8 385
620 4 393
618 8 548
624 19 291
624 14 293
620 5 397
620 6 414
620 7 414
624 14 323
624 15 323
620 8 429
628 2 153
631 2 30
631 2 36
605 25 1375
605 6 1375
605 7 1375
605 8 1380
605 13 1393
605 30 1394
605 14 1396
605 15 1396
631 3 132
611 26 1116
611 14 1116
631 4 188
628 3 347
633 2 51
631 5 229
631 6 235
631 7 235
611 6 1166
611 7 1166
611 4 1166
611 5 1173
611 6 1177
611 7 1177
631 8 244
611 8 1186
611 29 1186
611 8 1189
611 29 1190
611 29 1190
611 8 1191
611 29 1191
611 8 1192
611 29 1203
611 29 1203
611 8 1204
628 4 386
634 2 71
611 8 1229
633 3 135
631 19 305
631 136 305
631 14 305
631 25 317
631 6 317
631 7 317
631 8 327
633 4 162
633 5 204
631 8 362
633 6 209
633 7 210
633 8 214
631 8 390
633 8 245
628 5 551
628 6 554
628 7 554
628 21 560
633 8 264
628 8 573
634 3 254
628 13 596
628 30 596
631 8 463
634 4 277
628 14 601
628 15 601
633 13 309
633 14 310
633 15 310
634 5 298
631 8 483
634 6 305
634 7 305
631 19 545
631 136 545
631 14 545
631 25 552
631 6 552
631 7 552
633 25 404
633 6 405
633 7 405
633 8 411
633 8 422
628 1 733
628 5 739
628 6 743
628 7 743
633 13 446
633 30 446
633 14 447
633 15 447
631 8 620
631 8 624
628 21 747
631 8 664
408 1 11996
637 7 24
639 2 49
640 1 57
640 13 57
640 30 58
640 14 58
640 15 58
641 2 80
636 2 217
638 2 170
639 3 174
622 3 1351
639 4 213
642 2 79
643 2 61
639 5 245
639 6 248
644 2 71
637 645 300
628 1 1167
628 1 1167
639 25 273
639 5 274
639 6 276
622 4 1438
628 5 1172
628 5 1174
628 6 1176
628 7 1176
628 6 1177
628 7 1177
628 21 1180
641 3 271
643 3 155
637 25 356
637 6 356
637 7 357
637 8 364
641 3 294
622 5 1520
639 2 348
641 4 328
643 4 195
644 3 179
643 5 214
622 7 1527
622 6 1527
638 3 412
639 3 394
639 4 397
639 5 407
647 2 51
643 6 229
643 7 229
641 5 371
643 8 235
643 8 240
643 29 241
644 4 217
639 6 410
639 7 410
649 2 58
641 6 388
641 7 388
644 5 239
644 6 243
644 7 243
641 8 410
641 8 413
638 4 486
644 8 252
641 13 428
641 30 428
641 14 431
641 15 431
644 8 272
644 8 282
642 3 344
638 5 551
638 6 557
638 7 557
647 1 191
641 6 503
641 7 503
638 8 570
642 4 402
649 3 200
641 13 526
641 30 526
641 14 527
641 15 527
644 19 371
644 34 371
651 2 71
651 2 93
638 1 594
638 13 596
638 30 596
638 14 597
638 15 597
644 14 376
644 15 376
647 2 236
638 6 643
638 7 644
638 26 648
638 27 648
638 14 649
642 5 464
642 6 465
649 4 241
654 2 49
641 6 583
641 7 583
641 13 591
641 30 591
641 14 592
641 15 592
651 2 151
642 2 499
649 5 264
649 6 268
649 7 268
653 2 112
653 2 125
649 8 300
649 8 308
649 8 310
649 8 311
649 29 314
649 8 315
649 29 316
654 3 124
652 8 179
642 3 559
649 8 325
649 8 329
649 8 336
649 8 339
649 8 341
649 8 344
649 8 346
649 8 350
654 4 146
656 2 61
642 25 574
642 5 574
642 6 575
657 2 73
649 8 355
649 8 357
649 8 358
649 8 360
649 8 363
649 8 372
649 8 379
654 5 193
644 7 536
644 6 536
644 8 546
651 3 247
642 2 593
642 25 612
642 5 612
642 6 615
642 25 621
642 5 621
649 25 391
649 5 392
649 6 407
649 7 407
654 6 208
654 7 208
654 8 215
651 4 294
642 6 622
642 25 632
642 5 632
642 6 635
658 2 82
654 8 242
653 3 261
652 8 278
653 4 297
651 5 339
651 6 354
651 7 354
642 25 686
642 5 686
642 6 688
642 2 706
659 2 44
641 6 833
641 7 833
653 5 338
651 1 380
651 13 380
651 14 381
651 15 381
653 6 347
653 7 347
642 25 741
642 5 741
642 6 748
642 7 748
659 3 117
652 8 413
642 8 799
659 4 147
657 3 310
642 5 810
642 6 815
642 7 815
661 2 67
659 5 185
643 8 791
643 8 798
643 8 817
658 3 296
661 2 75
659 6 201
659 7 201
659 8 219
651 6 531
651 7 531
658 4 326
648 2 674
657 4 386
642 1 875
642 13 875
642 14 875
642 15 875
652 8 500
659 29 226
659 8 238
643 8 856
651 8 565
651 8 575
658 5 350
648 2 706
659 8 271
651 8 580
651 8 598
651 8 603
658 6 365
658 7 365
657 5 423
657 6 428
657 7 428
658 21 382
652 1 554
652 13 554
652 30 554
652 14 556
652 15 556
658 5 405
657 8 467
658 6 421
658 7 421
653 1 607
663 8 25
663 8 33
663 8 36
663 8 44
658 8 425
657 13 504
658 2 448
657 14 505
657 15 505
653 5 610
653 6 620
653 7 620
661 3 266
643 8 1026
658 3 490
658 4 503
658 5 510
666 2 39
658 6 525
658 7 526
658 21 527
661 4 318
661 5 331
661 6 335
661 7 335
643 8 1061
643 8 1073
664 2 92
658 8 543
658 8 563
658 8 573
642 6 1108
642 7 1108
643 13 1113
643 14 1113
643 15 1113
658 8 583
663 26 197
663 14 200
663 15 200
663 6 212
663 7 212
663 8 220
666 3 130
628 1 2234
628 5 2237
628 6 2240
628 7 2240
666 4 154
642 26 1193
642 14 1194
642 6 1196
642 7 1197
665 2 196
628 26 2270
628 27 2271
628 14 2272
667 2 58
666 5 198
666 6 201
666 7 201
642 26 1249
642 14 1252
642 15 1252
628 25 2290
628 6 2290
628 7 2290
628 1 2304
628 5 2310
668 2 47
642 6 1255
642 7 1255
628 6 2313
628 7 2313
666 4 236
666 3 237
643 25 1275
643 6 1275
643 7 1275
643 13 1285
643 30 1285
643 14 1286
643 15 1286
669 1 29
669 5 43
669 6 55
669 7 56
664 3 343
667 3 194
669 8 78
668 3 185
671 2 71
669 8 94
664 4 395
667 4 246
667 3 249
667 4 254
669 8 138
664 5 440
664 6 451
668 4 231
672 2 92
659 8 818
664 7 452
664 21 456
668 5 260
668 6 277
668 7 277
670 2 174
673 2 49
675 13 33
664 8 486
675 30 33
675 14 33
675 15 34
676 2 46
665 3 506
667 5 365
667 6 374
667 7 375
667 21 379
673 3 113
674 2 95
668 8 354
671 3 241
667 8 398
673 4 137
659 8 924
664 19 572
664 34 573
664 14 576
664 15 576
671 4 303
676 3 156
665 4 626
672 3 299
670 3 356
671 5 344
671 6 349
671 7 349
677 2 146
671 8 363
670 4 388
676 4 218
671 8 377
671 4 384
671 3 384
670 5 437
672 4 399
676 5 269
676 6 285
676 7 285
665 5 725
675 1 311
665 6 740
665 7 740
675 5 323
675 8 327
675 6 328
675 7 328
670 6 455
670 7 455
670 8 464
678 2 63
670 29 475
670 8 479
665 8 762
665 29 762
665 8 763
670 8 497
674 3 353
679 2 58
677 3 303
672 5 482
672 6 487
672 7 487
680 2 43
674 4 418
677 4 390
679 3 184
678 3 216
674 5 494
674 6 508
674 7 509
679 4 225
677 5 462
682 2 81
674 13 544
674 14 545
674 15 545
679 5 266
677 6 479
677 7 479
679 6 270
679 7 270
679 8 291
683 2 72
678 4 329
679 8 299
679 8 303
679 8 311
684 2 86
674 1 635
679 8 350
677 8 573
678 5 371
678 6 376
678 7 376
674 5 645
674 8 652
674 6 652
674 7 652
679 8 383
679 4 385
677 8 602
678 19 411
678 14 411
678 6 423
678 7 423
684 3 157
677 8 642
686 2 63
677 13 660
677 14 664
677 15 664
684 4 200
682 3 315
683 3 303
683 4 330
682 4 370
674 13 823
674 14 823
674 15 823
686 3 209
683 5 384
683 6 387
683 7 387
683 8 403
686 4 235
682 5 433
683 13 409
683 30 409
683 14 413
683 15 413
682 6 448
682 7 449
682 8 472
686 5 298
682 19 482
682 14 483
686 6 306
686 7 306
686 8 317
682 6 508
682 7 509
682 13 536
682 14 536
682 15 536
686 8 378
687 2 74
680 3 694
686 8 409
680 4 724
680 5 750
680 6 753
680 7 753
680 8 781
680 8 792
680 8 799
680 8 806
680 8 811
687 3 189
682 6 711
682 7 712
682 8 715
680 8 817
680 8 829
682 19 718
682 34 719
682 14 719
682 14 726
682 15 726
687 4 258
689 2 60
691 6 24
691 7 24
688 2 113
687 5 313
687 6 324
687 7 324
691 8 37
687 8 352
682 25 838
682 6 838
682 7 839
682 26 851
682 14 853
680 19 989
680 34 989
680 14 990
687 8 363
687 8 366
682 6 872
682 7 872
680 25 995
680 6 995
680 7 995
680 8 1009
680 19 1011
680 34 1011
680 14 1015
680 15 1015
680 25 1016
680 6 1017
680 7 1017
691 1 171
688 3 267
689 3 258
692 8 47
692 8 52
683 1 944
682 5 979
682 6 993
682 7 993
692 13 110
692 14 111
692 15 111
683 2 1003
689 4 350
694 2 79
695 2 57
696 2 50
689 5 394
689 6 397
689 7 397
689 4 424
694 3 186
695 3 142
697 2 67
695 4 175
698 2 84
694 4 216
694 5 255
694 6 258
694 7 258
694 21 262
695 5 238
695 6 257
695 7 257
697 3 189
696 3 234
695 8 299
695 29 305
700 2 48
697 4 228
700 2 55
696 4 321
697 5 267
697 6 270
697 7 270
701 2 53
703 2 28
697 8 295
697 19 305
697 34 305
697 14 308
697 15 308
696 5 373
696 6 376
696 7 376
703 3 61
703 4 74
698 3 329
704 2 61
703 5 90
703 6 93
703 7 93
703 8 102
700 3 182
696 8 413
696 1 421
696 13 421
696 14 422
696 15 422
703 8 113
705 2 72
700 4 227
696 25 458
696 6 459
696 7 459
696 8 461
696 8 465
688 4 845
696 8 497
700 5 276
700 6 286
700 7 286
698 4 445
706 2 60
696 8 505
704 3 179
698 5 492
688 5 930
688 6 944
688 7 944
698 6 501
698 7 501
705 3 218
698 8 547
704 4 252
704 5 274
688 8 984
710 2 63
704 6 288
704 7 288
705 4 280
704 13 316
704 14 316
704 15 316
711 2 74
688 8 1054
705 5 303
706 3 241
712 25 48
712 6 48
712 7 48
712 13 52
712 30 52
705 6 319
705 7 320
705 8 336
705 29 342
712 14 52
712 15 52
705 8 347
704 1 423
710 3 214
706 4 326
712 25 121
712 6 121
712 7 121
704 2 450
710 4 256
706 5 390
706 6 393
706 7 393
704 3 491
704 4 498
704 5 503
704 6 508
704 7 508
704 13 512
704 14 513
704 15 513
710 5 299
710 6 303
706 8 408
710 2 322
710 25 326
710 5 326
710 6 329
710 5 331
710 6 333
711 3 321
711 4 384
713 2 91
711 5 411
711 6 418
711 7 418
714 2 126
711 8 494
711 4 514
711 5 518
711 6 526
711 7 526
675 1 2657
675 5 2670
719 2 101
711 8 548
720 2 57
675 8 2676
675 6 2676
675 7 2677
706 1 723
706 5 726
711 8 570
675 29 2706
675 13 2725
675 30 2725
675 14 2725
675 15 2725
714 3 271
714 4 308
719 3 245
713 3 356
720 3 197
714 5 348
714 6 352
714 7 352
714 8 369
714 29 376
719 4 283
647 1 4097
713 4 383
714 19 379
714 136 379
714 14 380
714 25 388
714 6 388
714 7 389
647 2 4132
714 8 418
714 29 421
713 5 447
713 6 453
713 7 453
722 2 53
720 4 270
723 2 53
723 2 54
723 2 61
714 8 462
719 5 359
719 6 367
719 7 367
720 5 305
720 6 313
720 7 313
720 21 315
720 8 326
714 19 475
714 34 475
714 14 480
714 15 480
724 2 99
714 25 487
714 6 488
714 7 488
725 2 51
720 8 342
720 8 354
720 29 358
714 8 500
714 29 507
714 8 510
714 29 518
714 8 528
719 8 420
725 2 53
713 8 528
720 8 365
714 29 529
723 3 165
713 8 587
725 3 132
723 4 206
728 2 49
725 4 165
729 19 25
729 136 25
729 14 25
729 25 31
729 7 31
729 6 31
729 19 34
729 136 34
729 14 35
729 25 39
729 6 39
729 7 39
723 5 248
723 6 251
723 4 265
723 5 268
723 6 270
726 2 144
633 25 5336
633 6 5336
633 7 5337
633 13 5342
633 30 5343
633 14 5343
633 15 5343
722 3 283
723 4 275
723 3 275
727 2 160
722 4 307
725 5 242
725 6 245
725 7 245
722 5 318
722 6 321
722 7 321
725 13 254
725 30 254
725 14 256
725 15 256
730 2 49
722 1 357
722 13 357
722 30 357
722 14 358
722 15 358
731 1 54
731 13 55
731 30 55
731 14 55
731 15 55
728 3 223
730 3 147
730 4 167
728 4 290
727 3 289
730 5 198
730 6 200
730 7 200
728 5 322
728 6 327
728 7 327
728 8 337
733 2 64
727 4 386
728 8 402
727 5 453
727 6 456
727 7 456
727 8 476
727 8 488
727 8 500
727 8 506
727 8 513
728 13 553
728 14 554
728 15 554
726 3 594
733 3 276
734 2 67
726 4 631
724 3 764
733 4 310
712 1 1460
726 5 655
726 6 658
726 7 658
733 5 348
647 1 4904
737 2 72
731 1 497
726 8 701
733 6 359
733 7 359
731 5 499
731 6 503
731 7 503
731 1 515
731 13 516
731 30 516
731 14 517
731 15 517
733 8 400
712 2 1534
731 1 548
731 5 550
731 6 556
731 7 556
724 4 881
733 8 426
738 2 98
731 8 566
733 13 446
733 14 446
733 15 446
625 2 6406
731 1 595
731 13 596
731 30 596
731 14 596
731 15 596
712 3 1623
737 3 220
742 2 64
724 5 963
724 6 968
724 7 968
726 8 878
733 1 533
733 5 541
733 6 549
733 7 549
734 3 340
724 8 1019
733 13 582
733 30 583
733 14 583
733 15 583
734 4 378
724 29 1056
733 1 600
733 5 606
733 6 614
733 7 615
625 2 6557
738 3 271
737 4 328
734 5 404
734 6 407
734 7 407
724 1 1092
724 13 1093
724 30 1093
724 14 1094
724 15 1094
733 8 626
733 13 638
733 14 640
733 15 640
738 4 321
734 8 441
625 3 6592
712 4 1797
737 5 410
625 4 6636
734 8 478
737 6 425
737 7 425
746 13 24
746 30 24
746 14 25
746 15 25
734 19 510
734 34 510
734 14 512
734 15 512
712 5 1871
712 6 1874
712 7 1875
734 25 533
734 6 533
734 7 533
625 5 6681
733 1 746
625 6 6685
625 7 6685
733 5 751
733 6 760
733 7 760
734 8 538
734 19 542
734 34 542
734 14 544
734 15 544
745 2 84
745 2 87
625 8 6719
733 13 782
733 30 782
733 14 786
733 15 786
712 3 1923
712 25 1941
712 5 1941
712 6 1943
712 7 1943
712 8 1957
712 19 1963
712 34 1963
712 14 1965
712 15 1965
712 26 1975
712 14 1976
712 15 1976
747 2 110
750 2 63
749 2 108
751 2 42
745 3 265
752 2 62
752 2 67
752 2 73
747 3 234
711 13 2214
711 14 2215
711 15 2215
750 3 204
751 3 158
745 4 350
731 1 1176
731 5 1178
731 6 1182
731 7 1182
752 3 158
747 4 317
750 4 242
749 3 303
751 4 221
752 4 212
753 2 67
751 5 244
751 6 248
751 7 248
750 5 300
750 6 308
750 7 308
753 2 99
751 8 267
750 8 347
753 2 141
756 8 25
757 2 57
750 8 368
750 13 376
750 30 376
750 14 376
750 15 376
749 4 411
747 5 472
747 6 474
731 8 1340
731 1 1343
731 13 1344
731 30 1344
731 14 1344
731 15 1344
750 6 392
750 7 393
750 8 397
625 29 7189
737 8 978
625 8 7193
625 8 7210
750 8 448
737 13 995
737 14 996
737 15 996
759 2 45
757 3 180
757 4 202
751 4 475
751 5 480
751 6 483
751 7 483
751 8 486
749 5 592
749 6 600
749 7 600
749 21 602
757 5 246
757 6 249
757 7 249
757 21 250
757 30 261
757 13 261
757 14 262
757 15 262
749 4 638
761 29 36
761 8 39
761 29 48
757 25 285
757 6 285
757 7 285
749 3 649
759 3 165
761 19 59
761 14 62
761 15 62
761 6 72
761 7 72
762 2 52
757 25 315
759 4 192
763 2 48
756 19 323
756 34 323
756 14 323
756 6 333
756 7 333
757 25 331
757 3 331
759 5 227
759 6 230
759 7 230
756 8 337
756 26 340
756 14 341
756 6 352
756 7 352
757 25 380
757 5 380
757 6 382
757 7 382
759 1 247
759 19 247
759 14 248
759 6 258
759 7 258
759 4 260
759 3 261
756 26 390
756 27 390
756 14 390
764 2 53
763 3 152
762 3 174
757 25 449
757 5 449
757 6 451
757 7 451
757 21 453
757 13 468
757 30 468
757 14 470
757 15 470
765 2 69
763 4 205
762 4 228
762 5 243
763 5 230
763 6 244
763 7 244
762 6 247
762 7 247
762 8 282
757 6 541
757 7 541
757 136 550
757 19 550
757 14 551
760 2 474
765 3 206
764 3 291
760 3 553
765 4 265
763 8 420
760 4 582
749 1 1085
764 4 370
760 5 624
760 6 640
760 7 640
760 8 651
749 1 1136
764 5 421
764 6 424
764 7 425
760 1 656
760 30 657
760 13 657
760 14 658
760 15 658
768 2 113
749 5 1154
749 6 1161
749 7 1162
770 2 61
764 21 426
771 2 54
764 13 482
764 30 483
764 14 483
764 15 483
768 3 229
772 2 65
774 2 46
728 1 2378
728 5 2387
775 2 39
728 6 2391
728 7 2391
728 8 2396
770 3 194
768 4 279
773 2 95
728 13 2400
728 14 2401
728 15 2401
771 3 234
772 3 192
774 3 172
771 4 293
770 4 320
771 5 310
771 6 314
771 7 314
776 2 109
774 4 204
775 3 179
770 5 346
770 6 349
770 7 349
766 1 637
774 5 242
770 13 391
770 30 391
770 14 392
770 15 392
774 6 246
774 7 246
776 2 170
775 4 232
781 2 30
772 4 313
773 3 297
775 5 280
775 6 287
775 7 287
773 4 349
775 8 301
779 2 146
772 5 357
772 6 373
772 7 373
774 8 350
781 3 103
768 5 591
768 6 606
768 7 606
781 4 129
781 5 156
776 3 307
781 6 172
781 7 172
776 3 353
779 3 241
773 5 490
773 6 494
773 7 494
779 4 278
776 4 396
776 5 407
776 6 410
776 7 410
776 13 448
776 30 448
776 14 452
776 15 452
783 2 80
773 8 603
774 8 600
785 2 51
773 8 651
783 3 152
786 2 72
773 8 683
787 2 54
774 8 665
785 3 145
785 4 166
786 1 183
785 5 212
785 6 215
785 7 215
785 8 226
785 29 249
785 4 261
788 2 167
787 3 198
788 2 187
788 2 196
788 2 199
788 2 199
788 2 199
787 4 226
768 8 1068
768 1 1073
768 13 1073
768 14 1073
768 15 1073
790 2 31
788 2 207
788 2 216
787 5 253
787 6 258
787 7 259
791 2 35
787 8 281
788 2 273
788 2 290
791 25 87
791 5 88
791 6 91
791 7 91
788 2 320
790 3 137
788 2 332
790 4 170
790 5 191
788 2 380
792 2 57
793 25 38
790 6 198
790 7 198
790 8 220
790 8 240
794 2 47
793 25 121
788 3 489
795 2 74
788 4 527
793 25 188
793 3 189
787 13 575
787 30 576
787 14 578
787 15 578
793 25 211
793 4 211
788 5 577
788 6 584
788 7 585
797 2 54
793 5 221
793 6 226
793 7 226
793 21 231
727 1 3616
727 5 3618
788 8 610
793 8 250
794 3 260
795 2 230
794 4 298
798 2 84
794 5 325
794 6 328
794 7 328
792 3 372
794 8 356
794 1 361
794 13 361
797 3 203
794 14 362
794 15 362
792 4 470
800 2 57
797 4 288
801 2 53
797 5 312
797 6 315
797 7 315
792 5 531
792 6 534
792 7 534
802 2 95
798 3 274
797 2 351
800 3 168
797 25 375
797 5 376
797 6 378
797 7 379
803 2 57
790 29 756
790 8 757
790 8 766
798 4 314
768 7 1826
768 6 1826
768 8 1827
768 8 1839
800 4 216
800 5 232
790 13 773
790 14 775
790 15 775
804 2 49
801 3 189
800 6 238
800 7 238
800 8 260
797 2 468
805 2 55
801 4 218
798 5 398
798 6 405
798 7 405
798 8 409
801 5 247
801 6 250
801 7 250
801 8 259
790 25 880
790 6 880
790 7 880
797 3 537
797 4 543
801 8 275
804 3 163
797 5 562
797 6 565
797 7 565
797 8 577
801 8 316
802 3 332
798 8 506
804 4 207
797 8 605
802 4 424
804 5 296
804 6 300
804 7 300
802 5 454
802 6 456
804 8 326
794 6 847
794 7 847
802 2 494
806 2 54
805 3 378
805 4 407
805 5 442
805 6 452
805 7 453
806 3 176
802 3 663
809 2 119
802 4 693
806 4 221
811 2 89
813 2 63
802 5 711
807 2 196
802 6 727
806 5 263
806 6 265
806 7 265
806 21 269
805 8 563
806 8 285
815 2 99
815 2 115
815 2 117
806 8 333
807 3 283
815 2 126
808 2 300
808 2 303
813 3 193
807 4 371
813 4 238
818 2 72
807 5 400
807 6 406
807 7 406
807 8 419
815 3 267
811 3 328
813 5 307
808 3 404
807 13 451
807 14 454
807 15 454
815 4 304
813 6 312
813 7 312
808 4 432
811 4 387
813 8 345
813 4 373
808 5 514
820 2 94
815 5 385
815 6 389
815 7 389
809 3 526
821 2 32
808 6 521
808 7 521
818 3 228
808 8 528
822 2 49
808 8 564
808 8 574
815 8 429
809 4 568
811 5 495
811 6 499
811 7 499
808 8 596
818 3 302
825 2 28
809 5 598
809 7 602
809 6 602
824 2 37
824 2 41
824 2 49
818 4 321
815 13 514
815 30 514
815 14 514
815 15 514
822 3 162
790 1 1810
790 5 1811
809 8 656
823 2 122
818 5 394
818 6 400
818 7 400
826 2 96
825 3 100
790 6 1819
790 7 1819
790 8 1825
790 19 1833
790 34 1833
790 14 1835
790 14 1838
790 15 1838
818 8 413
822 4 210
825 4 135
825 5 143
809 8 732
824 3 161
825 6 151
825 7 151
825 8 163
826 3 167
820 3 323
827 1 34
827 19 35
827 34 35
827 14 37
827 15 37
827 14 56
827 15 56
819 2 389
818 29 488
826 4 189
825 8 196
809 4 788
809 3 790
821 3 278
818 4 517
818 3 519
818 3 521
825 8 210
826 5 215
826 6 218
826 7 218
825 8 224
825 8 232
826 4 229
826 3 229
821 4 332
820 4 408
825 8 243
809 1 851
809 5 856
809 6 861
809 7 861
794 4 1775
818 3 575
818 4 578
818 5 583
821 5 381
821 6 383
821 7 383
818 6 587
818 7 587
819 3 544
808 8 967
819 4 612
808 13 992
808 30 992
808 14 992
808 15 992
820 5 561
820 6 565
820 7 565
820 21 568
823 3 433
820 1 599
820 13 599
820 14 599
820 15 599
823 4 456
819 5 654
819 6 663
819 7 663
819 8 698
819 19 706
819 34 706
819 14 707
808 25 1091
808 6 1091
808 7 1091
819 25 722
819 6 722
819 7 722
819 8 725
808 8 1096
808 13 1115
808 30 1115
808 14 1116
808 15 1116
777 1 2989
777 5 2993
777 6 2999
777 7 2999
777 1 3003
777 5 3006
777 6 3009
777 7 3009
777 8 3012
777 29 3013
777 8 3014
777 29 3019
777 8 3022
777 8 3024
777 8 3027
830 2 33
777 29 3058
831 2 54
777 8 3075
777 29 3078
777 8 3079
777 29 3082
777 8 3085
777 29 3089
777 8 3095
777 29 3099
830 3 94
823 5 653
823 6 656
823 7 656
823 21 660
830 4 117
829 2 194
832 2 81
829 2 208
829 2 222
835 6 29
835 7 29
835 19 37
835 14 44
833 2 39
835 6 82
835 7 82
777 29 3230
777 29 3231
777 8 3234
777 13 3240
777 14 3241
777 15 3241
835 19 98
835 14 99
835 6 104
835 7 104
835 19 108
835 14 108
835 6 114
835 7 114
833 3 100
833 4 120
829 3 329
834 2 135
832 3 205
835 8 118
837 2 78
833 3 153
833 4 156
831 3 275
833 5 158
833 6 166
833 7 166
829 4 367
832 4 258
832 5 285
832 6 288
832 7 288
832 8 297
831 4 333
808 25 1495
808 6 1495
808 7 1495
808 8 1505
829 5 427
829 6 434
829 7 434
829 8 441
829 8 448
831 5 366
831 6 381
831 7 381
808 8 1516
832 8 343
829 13 474
829 14 478
829 15 478
838 2 107
808 8 1549
808 13 1595
808 30 1595
808 14 1595
808 15 1596
837 3 288
831 8 498
831 19 509
831 34 509
831 14 512
831 15 512
837 4 333
834 3 434
837 5 373
837 6 376
837 7 376
837 8 396
834 4 468
835 1 478
835 5 485
835 8 499
835 6 499
835 7 499
837 4 441
837 3 441
829 6 700
829 7 700
829 8 703
834 5 511
834 6 516
834 7 516
834 21 520
835 19 514
835 34 514
835 14 524
835 6 530
835 7 530
838 3 451
841 2 70
843 2 36
842 2 61
842 2 63
842 2 78
841 3 201
838 4 583
838 3 596
845 2 49
844 2 88
841 4 265
842 3 196
841 5 321
841 6 326
841 7 327
842 4 246
845 3 154
841 8 343
845 4 194
845 5 227
845 6 234
845 7 234
841 8 403
850 2 34
841 8 443
849 13 48
849 30 48
849 14 49
849 15 49
844 3 339
841 8 513
844 4 391
850 3 165
852 2 71
852 2 72
841 8 562
850 4 202
850 5 241
850 6 256
850 7 256
850 8 268
850 13 294
850 14 294
850 15 294
844 5 593
844 6 600
844 7 601
850 6 357
850 7 357
849 6 368
849 7 368
844 8 684
854 2 61
850 8 502
850 13 504
850 14 505
850 15 505
844 8 740
844 8 770
844 8 786
844 8 823
844 8 833
844 8 853
855 2 24
855 2 43
854 3 258
854 4 341
855 3 157
857 2 59
844 8 1160
854 5 523
854 6 538
854 7 538
854 8 552
844 13 1261
844 14 1262
844 15 1262
857 3 170
844 25 1295
844 6 1295
844 7 1295
857 4 209
844 8 1314
844 13 1359
844 14 1360
844 15 1360
857 5 280
857 6 289
857 7 290
854 8 800
857 8 345
841 13 1601
841 30 1602
841 14 1602
841 15 1602
854 1 823
854 13 824
854 14 825
854 15 825
857 29 379
857 8 382
857 29 387
844 25 1510
844 6 1511
844 7 1511
858 1 102
859 2 120
844 8 1593
860 2 48
861 2 52
859 3 327
844 8 1787
863 2 42
862 2 86
844 8 1801
844 8 1817
859 4 394
860 3 215
863 3 105
863 4 127
863 5 146
863 6 149
863 7 149
862 3 187
860 4 280
863 8 166
738 5 7544
738 6 7552
738 7 7552
865 2 75
860 5 325
860 6 330
860 7 331
863 29 194
863 8 196
866 2 60
857 8 835
857 29 836
862 4 258
865 3 157
860 8 364
861 3 329
863 2 258
863 25 264
863 5 264
863 6 267
863 7 267
862 5 311
862 6 315
862 7 315
860 13 399
860 30 399
860 14 400
860 15 400
861 4 377
863 8 273
863 8 281
863 1 291
863 19 291
863 14 292
863 6 300
863 7 300
738 8 7682
867 2 62
865 4 207
844 13 2034
844 14 2036
844 15 2036
844 25 2043
844 6 2043
844 7 2043
844 8 2051
863 19 306
863 14 306
863 6 315
863 7 315
863 8 316
863 8 321
863 13 324
863 15 327
863 14 327
866 3 185
861 5 410
861 6 419
861 7 419
844 29 2063
844 8 2069
844 13 2076
844 14 2077
844 15 2077
844 25 2090
844 6 2090
844 7 2090
862 8 378
862 1 402
865 5 281
844 13 2097
844 30 2097
844 14 2098
844 15 2098
738 8 7774
865 6 289
865 7 289
865 21 290
865 8 297
867 3 164
865 1 311
865 13 311
865 30 312
866 4 257
865 14 312
865 15 312
862 1 444
862 13 444
862 30 444
862 14 444
862 15 444
867 4 195
768 8 6346
866 5 303
866 6 311
866 7 311
861 8 546
861 29 551
861 8 553
768 8 6355
768 8 6359
768 8 6362
768 8 6373
866 8 333
870 2 94
866 4 345
866 5 348
866 6 355
866 7 356
861 29 579
861 8 581
738 4 7878
738 5 7880
738 6 7891
738 7 7891
768 8 6390
865 25 418
865 6 418
865 7 418
867 5 281
867 6 289
867 7 289
866 8 374
866 13 387
866 14 387
866 15 387
861 29 591
861 8 598
738 8 7909
865 26 434
768 8 6412
865 27 434
865 14 435
865 15 435
768 8 6425
867 8 308
768 8 6433
867 13 317
867 14 319
867 15 319
861 8 634
861 8 647
869 2 182
862 25 608
862 6 608
862 7 608
861 8 666
861 8 678
873 2 66
875 2 56
865 25 502
865 6 502
865 7 503
862 8 629
862 13 641
862 30 641
862 14 641
862 15 641
870 2 202
866 6 459
866 7 460
866 8 461
866 13 465
866 14 465
866 15 465
866 25 489
866 6 489
866 7 489
866 8 491
866 26 496
866 14 498
866 6 503
866 7 503
866 8 505
876 2 45
866 26 511
866 14 513
866 15 513
866 6 519
866 7 519
866 8 523
866 25 531
866 5 532
866 6 540
866 7 540
866 8 544
866 19 556
866 34 556
866 14 558
866 15 558
866 26 563
866 14 564
866 15 564
866 6 565
866 7 565
875 3 168
877 2 44
876 3 137
861 8 843
875 4 216
869 3 373
866 8 650
866 8 659
873 3 271
876 4 200
879 2 71
870 3 418
877 3 133
875 5 286
875 6 289
880 2 45
870 4 444
870 5 455
870 6 459
870 7 459
877 4 161
876 5 260
876 6 274
876 7 274
869 4 462
869 3 471
869 4 476
877 5 204
877 6 207
877 7 207
876 1 301
876 13 302
876 30 302
876 14 302
876 15 302
869 5 492
869 6 497
869 7 497
861 29 992
861 8 996
873 4 393
869 8 516
869 8 536
869 13 567
869 30 567
869 14 568
869 15 568
880 3 194
879 3 236
869 25 615
869 6 616
869 7 616
879 4 278
873 5 499
873 6 509
873 7 510
881 2 45
879 5 290
879 6 293
879 7 293
879 21 295
869 8 669
869 19 679
869 34 679
869 14 681
869 15 681
883 2 67
782 2 6505
880 4 322
879 19 359
879 136 359
879 14 361
879 15 361
886 8 24
886 8 28
844 25 2868
844 6 2868
844 7 2868
884 2 74
886 8 40
886 8 45
844 8 2874
844 13 2879
844 30 2879
844 14 2880
844 15 2880
880 5 358
880 6 361
880 7 361
887 2 59
886 19 67
886 34 68
886 14 68
880 8 386
880 4 399
880 5 401
880 6 404
880 7 404
880 1 406
880 19 406
880 14 409
880 15 409
878 2 502
880 25 416
880 6 416
880 7 416
880 8 420
880 8 428
880 29 431
880 8 434
880 8 442
883 3 217
884 3 190
881 3 257
880 19 458
880 34 458
880 14 458
880 25 462
880 6 462
880 7 462
880 8 465
883 4 252
881 4 276
884 4 221
878 3 588
883 5 277
883 6 280
883 7 280
884 5 259
881 5 319
881 6 324
881 7 324
884 6 268
884 7 268
878 4 633
883 19 290
883 14 291
883 6 298
883 7 298
883 8 306
884 8 277
884 8 292
884 8 299
884 8 301
881 8 363
883 8 336
881 13 391
881 14 391
881 15 391
878 5 680
878 6 684
878 7 685
884 8 337
884 8 348
884 8 352
884 8 354
888 2 81
844 25 3184
844 6 3184
844 7 3184
844 8 3188
881 25 483
881 6 483
881 7 483
881 8 505
881 13 511
881 14 512
881 15 512
844 8 3251
844 29 3256
844 8 3261
844 8 3282
844 8 3314
782 3 6979
883 8 581
844 8 3335
782 4 7015
883 4 599
889 2 43
844 8 3400
782 5 7064
782 6 7071
782 7 7071
890 2 49
844 8 3418
892 2 64
893 2 65
888 3 386
894 8 27
894 29 34
894 13 47
894 30 47
894 14 48
894 15 48
889 3 193
844 13 3537
844 14 3538
844 15 3538
888 4 454
889 4 227
782 8 7242
891 2 154
888 5 524
888 6 529
888 7 529
890 3 261
889 5 283
889 6 285
889 7 285
844 25 3632
844 6 3633
844 7 3633
844 8 3638
844 8 3648
888 8 561
886 1 826
889 8 323
896 2 63
888 8 589
890 4 343
886 25 845
886 5 847
892 3 274
886 6 853
886 7 853
886 8 855
886 8 864
889 19 352
889 34 352
889 14 354
889 15 354
889 6 364
889 7 364
889 4 365
889 3 366
844 13 3687
844 14 3687
844 15 3687
891 3 275
888 8 623
888 8 639
890 5 388
890 6 396
890 7 396
891 4 329
890 8 424
891 5 354
892 4 371
897 2 76
896 3 176
891 6 371
891 7 371
891 21 373
899 2 35
892 5 443
898 2 71
898 2 80
896 4 233
891 13 436
891 30 436
891 14 436
891 15 437
892 6 452
892 7 452
900 2 84
899 3 131
896 5 292
896 6 297
896 7 297
897 3 214
899 4 179
898 3 184
897 4 247
899 5 206
899 6 209
899 7 209
899 19 215
899 14 216
898 4 220
897 5 286
901 2 49
899 6 225
899 7 225
899 19 237
899 14 237
899 6 244
899 7 244
899 19 250
899 14 251
899 6 252
899 7 252
898 5 268
897 6 291
897 7 291
897 8 307
897 8 315
900 3 252
898 6 281
898 7 281
899 4 261
898 8 300
897 8 321
897 8 327
844 25 4054
844 6 4054
844 7 4054
844 8 4062
844 13 4071
844 30 4071
844 14 4073
844 15 4073
901 3 136
900 4 300
891 25 690
891 6 691
891 7 691
900 5 336
901 4 179
900 6 351
900 7 351
900 8 364
900 8 371
891 8 726
900 8 375
900 8 394
900 8 401
900 8 407
900 8 412
900 8 415
900 8 419
900 8 426
900 19 430
900 34 430
898 8 480
901 5 293
900 14 433
900 15 433
900 6 436
900 7 436
900 8 441
900 8 446
900 8 449
900 19 455
900 34 455
900 14 456
900 6 459
900 7 459
901 6 308
901 7 308
900 8 464
900 8 466
900 8 469
891 19 947
891 34 947
891 14 948
904 2 63
904 3 173
904 4 328
907 2 60
904 5 423
904 6 426
904 7 426
904 21 428
904 8 455
907 3 208
908 13 69
908 14 70
908 15 70
907 4 263
904 1 592
904 19 593
904 34 593
904 14 593
907 5 295
907 6 299
907 7 299
912 2 36
887 1 2328
887 2 2376
887 2 2379
912 3 98
912 4 139
912 5 152
912 6 157
912 7 157
912 8 164
912 19 179
912 34 179
912 14 182
912 15 182
912 25 188
912 6 189
912 7 189
912 8 197
912 19 202
912 34 202
912 14 202
912 25 204
912 6 204
912 7 205
913 2 197
907 8 695
914 2 130
887 3 2540
907 4 763
907 5 765
907 6 769
907 7 769
915 2 81
914 3 279
887 4 2673
916 2 69
887 5 2738
914 4 361
887 6 2754
887 7 2755
914 5 404
914 6 407
914 7 407
887 8 2808
887 19 2833
887 136 2834
887 14 2849
887 6 2857
887 7 2858
915 3 332
887 19 2866
887 136 2866
850 1 5474
850 5 5477
887 14 2880
914 8 501
917 2 92
915 4 409
915 5 448
915 6 451
915 7 451
918 2 66
916 3 336
913 3 752
916 4 408
917 3 217
917 4 274
916 5 471
916 6 479
916 7 479
918 3 243
913 4 874
917 5 358
917 6 366
917 7 366
918 4 299
917 1 391
917 19 391
917 14 391
913 3 945
918 5 342
917 6 405
917 7 405
917 19 409
917 14 410
919 2 51
918 6 346
918 7 346
921 2 30
920 2 124
922 2 62
921 3 173
921 4 203
923 2 165
923 2 168
921 5 228
921 6 232
921 7 232
924 8 25
924 1 31
924 13 31
924 14 34
924 15 34
922 3 179
919 3 282
920 3 317
925 2 56
921 13 308
921 30 308
921 14 309
921 15 309
920 4 359
922 4 244
926 2 41
926 2 52
919 4 365
921 25 330
921 6 330
921 7 330
921 8 334
926 3 100
922 5 304
922 6 310
922 7 310
926 4 125
921 8 391
921 13 403
921 30 403
921 14 407
921 15 407
922 8 343
922 19 359
922 34 359
922 14 359
926 5 160
919 5 469
919 6 478
919 7 479
928 2 59
926 6 163
926 7 163
922 6 375
922 7 376
922 13 385
922 14 385
922 15 385
926 8 186
923 3 404
920 5 500
920 6 503
920 7 503
926 13 195
926 14 195
926 15 195
919 13 525
919 14 526
919 15 526
920 8 529
925 3 244
920 8 571
923 4 502
925 4 318
925 5 362
929 2 41
920 1 645
920 13 646
920 30 646
920 14 646
920 15 646
925 6 364
925 7 364
928 3 306
922 6 616
922 7 617
925 8 445
922 13 628
922 14 629
922 15 629
919 6 725
919 7 726
919 4 738
919 3 742
925 8 471
925 19 479
925 136 479
925 14 481
925 15 481
930 2 61
929 3 191
928 4 439
887 6 4073
887 7 4074
929 4 280
920 6 919
920 25 919
920 7 919
929 5 327
929 6 336
929 7 336
928 5 549
928 6 552
928 7 552
929 1 369
929 5 374
930 3 270
920 8 997
928 1 576
928 19 576
928 14 578
928 15 578
929 6 389
929 7 390
928 14 589
928 15 589
929 8 427
929 8 441
930 4 330
929 8 454
929 8 460
929 8 464
930 5 365
930 6 368
930 7 368
929 19 475
929 34 475
929 14 485
930 19 414
930 136 414
930 14 415
930 6 441
930 7 442
930 19 453
930 136 453
930 14 454
930 6 462
930 7 462
930 19 475
930 136 475
930 14 475
932 2 64
938 2 38
938 3 116
938 4 154
938 5 171
938 6 175
938 7 175
940 2 172
940 2 218
940 3 295
940 4 322
940 5 346
940 7 350
940 6 350
940 1 360
944 2 57
940 5 368
940 6 372
940 7 372
940 30 387
940 13 387
940 14 391
940 15 391
880 1 6196
880 5 6202
880 6 6206
880 7 6206
946 2 35
945 2 108
880 8 6219
880 1 6225
880 19 6226
880 34 6226
880 14 6228
880 15 6228
944 3 426
946 3 113
945 3 195
946 4 154
945 4 212
945 5 236
945 6 239
945 7 239
944 4 558
946 5 182
945 19 257
945 14 259
946 6 198
946 7 198
946 8 217
944 5 604
945 14 274
945 15 274
944 6 607
944 7 608
944 8 631
945 6 371
945 7 371
945 4 372
944 8 749
949 2 33
944 8 821
949 3 109
948 2 182
949 4 142
944 8 889
944 29 892
949 5 169
949 6 179
949 7 179
949 8 203
950 2 96
952 2 68
952 2 75
952 2 82
948 3 394
948 4 422
952 3 204
948 5 444
948 6 449
948 7 450
950 3 248
950 4 299
950 5 388
952 4 326
952 3 351
950 6 393
950 7 393
953 2 132
953 2 136
953 2 137
950 8 422
950 8 444
953 2 210
954 2 44
954 3 137
955 1 36
954 4 168
955 2 86
954 5 209
953 3 390
954 6 214
954 7 214
954 19 238
954 14 238
954 6 246
954 7 246
954 8 249
954 8 263
955 3 178
954 8 286
956 2 154
953 4 467
954 19 301
954 34 301
954 6 308
954 7 308
954 8 315
954 19 323
954 34 324
954 14 325
954 6 327
954 7 327
954 4 328
955 4 242
955 5 284
955 6 286
955 7 287
955 8 307
955 8 317
955 8 322
955 8 325
955 8 333
959 2 72
957 2 186
956 3 417
952 1 1041
958 8 347
952 2 1062
958 29 381
960 2 115
952 3 1103
956 4 587
961 2 77
952 4 1109
959 3 345
952 5 1173
952 6 1183
952 7 1183
956 5 661
956 6 670
956 7 670
956 21 671
956 8 684
959 4 425
956 26 706
956 14 707
956 6 716
956 7 716
952 1 1229
952 13 1231
952 14 1231
952 15 1231
960 3 311
959 5 460
956 26 733
956 27 733
956 14 734
956 15 734
959 6 468
959 7 468
956 6 753
956 7 754
956 8 756
956 29 763
956 8 764
959 13 498
959 30 498
959 14 499
959 15 499
961 3 273
960 4 369
956 8 800
956 8 800
956 29 801
956 8 806
956 4 826
956 5 837
961 4 336
960 5 435
956 6 845
956 7 845
956 21 846
959 6 581
959 7 581
959 13 595
959 30 595
959 14 595
959 15 595
957 3 681
961 5 377
960 6 441
960 7 441
960 8 450
960 8 458
960 8 461
956 8 888
956 29 892
961 6 385
961 7 386
952 6 1408
952 7 1408
952 8 1426
960 29 478
960 8 486
956 8 927
961 8 422
961 8 440
961 8 466
957 4 805
960 8 563
966 2 63
966 3 172
966 4 225
967 2 189
959 6 1016
959 7 1016
966 5 271
966 6 279
966 7 279
966 8 286
966 13 297
966 14 297
966 15 297
959 4 1018
959 5 1020
959 6 1028
959 7 1028
959 13 1084
959 30 1084
959 14 1085
959 15 1085
969 2 54
959 6 1143
959 7 1143
959 13 1165
959 30 1165
959 14 1166
959 15 1166
970 2 77
969 3 214
971 2 95
972 2 70
969 4 258
973 2 57
974 2 35
959 6 1358
959 7 1358
959 8 1375
967 2 590
959 19 1386
959 34 1386
959 14 1387
969 5 318
969 6 322
969 7 322
971 2 194
971 2 195
971 2 195
970 3 273
959 6 1427
959 7 1427
969 5 353
969 6 356
969 7 356
973 3 154
974 3 135
974 4 164
972 3 218
967 3 717
973 4 208
974 5 178
974 6 182
974 7 182
974 8 190
970 4 376
967 4 752
973 5 238
973 7 241
973 6 241
970 5 413
970 6 417
970 7 417
974 13 229
974 30 229
974 14 230
974 15 230
974 25 235
974 6 236
974 7 236
972 4 316
967 5 800
967 6 806
967 7 807
972 5 371
972 6 382
972 7 383
976 2 72
967 1 911
967 19 912
978 2 43
977 2 42
974 13 364
974 30 364
974 14 366
974 15 366
972 8 426
972 8 428
967 14 914
972 29 475
972 8 482
972 19 484
972 34 485
977 3 149
976 3 205
977 4 169
978 3 193
977 5 189
977 6 192
977 7 192
976 4 263
977 8 224
977 8 230
977 29 248
977 8 248
977 8 254
977 13 264
977 14 265
977 15 265
978 4 293
978 5 337
978 6 350
978 7 350
978 19 375
978 14 375
978 14 388
978 15 388
980 2 110
980 3 266
980 4 340
980 5 432
980 6 436
980 7 436
981 2 103
981 3 257
981 4 363
986 2 48
986 2 58
985 2 74
981 5 476
981 6 482
981 7 482
981 8 529
988 2 79
985 3 196
985 4 231
989 2 33
985 5 296
989 3 103
985 6 304
985 7 304
985 8 318
989 4 122
985 4 351
989 5 150
989 6 158
989 7 158
989 8 188
990 2 160
990 3 378
986 3 646
986 4 693
986 5 746
986 6 754
986 7 754
986 8 769
986 4 817
986 3 820
986 3 831
986 4 834
986 5 836
986 6 845
986 7 845
986 4 849
986 3 850
986 3 858
986 4 860
986 5 863
986 6 874
986 7 874
986 8 883
992 2 39
991 2 42
994 2 48
992 3 105
992 4 131
994 3 123
995 2 57
992 5 157
992 6 160
992 7 160
994 4 146
986 1 1031
986 19 1031
986 34 1031
986 14 1031
986 14 1049
986 15 1049
994 5 175
994 6 183
994 7 183
992 1 215
992 19 215
992 136 215
992 14 218
992 15 218
994 8 228
994 8 240
994 8 253
995 3 169
994 8 257
994 8 265
994 8 269
994 8 271
994 29 275
994 13 279
994 14 280
994 15 280
995 4 242
995 5 261
995 6 277
995 7 277
995 8 314
995 8 369
995 8 394
994 6 473
994 7 473
996 2 64
996 2 74
996 2 74
996 2 84
