0 1 0
0 2 52
0 3 128
0 4 151
0 5 262
0 6 270
0 8 307
0 8 320
0 8 325
9 1 0
9 2 90
9 2 100
9 3 166
9 4 196
9 5 219
9 6 229
9 8 240
9 8 250
10 1 0
10 2 126
11 1 0
10 3 324
12 1 0
10 4 376
10 5 410
10 6 414
10 13 428
10 14 429
10 15 429
12 2 145
16 1 0
16 2 72
10 1 665
10 5 669
10 6 674
16 3 138
16 4 177
16 5 213
16 6 222
16 1 238
16 14 242
16 6 249
12 3 511
12 4 596
20 1 0
20 2 69
12 5 718
12 6 727
12 21 729
22 1 0
22 2 37
20 3 275
22 3 126
22 4 158
22 5 185
20 4 368
22 6 195
22 8 203
20 5 400
20 6 403
20 21 404
24 1 0
24 5 6
24 6 11
24 8 79
22 1 464
22 5 472
22 6 479
24 1 131
24 26 131
24 27 131
24 28 131
24 28 131
24 1 178
24 2 202
24 3 245
24 4 257
24 5 267
24 6 273
24 8 302
24 29 308
24 8 322
24 29 325
24 8 331
24 29 338
24 1 344
24 13 344
24 30 344
24 14 345
24 15 345
35 1 0
35 2 70
35 3 176
35 4 249
35 5 304
35 6 307
35 21 309
35 8 327
35 8 364
35 1 383
35 34 383
35 14 385
35 15 385
38 1 0
38 2 206
38 3 320
38 4 372
39 1 0
38 5 441
38 6 448
38 21 452
38 1 510
38 13 510
38 30 510
38 14 511
38 15 511
40 1 0
40 2 81
40 3 241
38 6 946
38 13 969
38 30 969
38 14 969
38 15 969
40 4 325
40 5 380
40 6 382
40 21 385
40 1 414
40 14 417
40 15 417
40 6 426
40 14 431
40 15 431
40 6 442
40 14 446
40 15 446
40 6 452
42 1 0
42 2 76
43 1 0
42 3 203
42 4 239
42 5 301
42 6 305
42 21 307
42 14 325
42 15 325
42 6 341
42 4 349
42 3 350
45 1 0
45 2 49
45 3 139
45 4 168
45 5 187
45 6 192
45 13 202
45 14 202
45 15 203
46 1 0
46 2 63
46 3 307
46 4 369
46 5 414
46 6 418
46 8 432
46 1 438
46 34 439
46 14 441
46 15 441
48 1 0
48 2 76
48 3 211
48 4 271
48 5 309
48 6 326
49 1 0
52 1 0
53 1 0
53 2 46
53 3 160
53 4 227
53 5 244
53 6 247
53 14 274
53 15 274
53 6 288
53 13 300
53 14 302
53 15 302
53 6 320
53 13 335
53 14 336
53 15 337
53 6 359
53 13 369
53 14 369
53 15 369
56 1 0
56 2 322
56 3 491
56 4 533
56 5 589
56 6 605
56 21 609
56 1 627
56 13 629
56 14 631
56 15 631
57 1 0
60 1 0
62 1 0
62 2 58
62 3 174
62 4 217
63 1 0
62 5 255
63 1 14
62 6 265
62 8 274
63 2 391
64 1 0
64 2 40
64 3 136
64 4 173
64 5 196
64 6 199
64 8 203
64 8 209
64 8 218
64 8 231
64 8 241
64 8 252
64 8 261
64 1 280
64 13 280
64 14 284
64 15 284
63 3 904
63 4 935
63 5 956
63 6 959
65 1 0
65 5 16
65 6 21
65 13 41
65 14 42
65 15 42
70 1 0
70 2 97
70 3 307
70 4 367
70 5 384
70 6 388
74 1 0
74 2 64
75 1 0
74 3 180
75 2 74
70 8 1123
70 34 1136
70 14 1136
76 1 0
74 4 243
70 6 1144
70 8 1165
70 34 1169
70 14 1172
74 5 263
74 6 270
70 6 1280
75 3 286
78 1 0
78 1 16
76 2 220
75 4 347
76 3 359
76 4 398
76 5 439
76 6 446
76 8 473
76 1 484
76 34 485
76 14 485
76 6 500
76 8 502
76 13 504
76 14 505
76 15 505
79 1 0
80 1 0
79 2 78
81 1 0
80 2 56
81 2 54
81 3 123
81 4 151
81 5 182
81 6 190
79 3 260
81 8 199
81 8 210
80 3 270
80 4 304
79 4 342
80 3 318
79 5 395
79 6 408
79 8 532
79 8 548
79 8 560
79 8 566
79 8 586
79 8 608
79 29 624
79 8 630
79 29 635
79 8 637
79 29 650
79 8 653
79 29 655
79 8 657
79 8 700
79 34 745
79 14 747
79 15 747
79 6 760
79 8 767
79 29 774
79 8 790
79 29 812
79 8 815
79 8 824
83 1 0
79 29 857
79 29 860
79 8 879
79 29 884
86 1 0
87 1 0
87 5 5
87 6 8
87 14 14
87 14 18
87 15 18
86 2 59
86 3 174
86 4 198
86 5 208
86 6 212
86 8 227
86 8 250
88 1 0
89 1 0
86 8 330
86 8 375
89 2 67
86 4 381
88 2 203
90 1 0
89 3 213
89 4 253
89 5 306
89 6 312
89 13 365
89 14 366
89 15 366
92 1 0
88 2 548
95 1 0
88 3 781
88 4 861
97 1 0
97 2 63
88 5 1162
88 6 1169
98 1 0
98 1 50
99 1 0
97 3 278
100 1 0
101 1 0
99 2 119
97 4 386
97 5 424
97 6 428
101 2 57
101 2 65
97 8 480
97 8 497
100 2 112
97 8 506
97 8 519
101 3 147
97 8 540
97 8 544
97 8 548
97 8 555
97 8 565
99 3 337
99 4 488
103 1 0
100 3 412
99 5 592
100 4 487
103 2 69
104 1 0
99 6 603
99 21 604
99 8 617
99 1 625
99 34 626
99 14 626
103 2 105
105 1 0
106 1 0
106 2 84
105 2 126
103 3 315
103 4 358
106 3 160
103 5 412
103 6 414
106 4 210
105 3 237
106 5 255
106 6 265
105 4 304
106 1 292
106 13 293
106 30 293
106 14 294
106 15 294
108 1 0
105 5 358
105 6 367
108 2 67
105 1 414
105 14 428
105 6 440
109 1 0
106 6 448
110 1 0
106 13 457
106 30 457
106 14 458
106 15 458
110 2 27
100 5 1116
108 3 204
100 6 1133
100 8 1141
108 4 261
111 1 0
110 3 119
100 14 1203
100 15 1203
110 4 150
110 5 160
110 6 164
100 6 1216
100 14 1225
100 14 1235
100 15 1235
110 13 172
110 30 172
110 14 173
110 15 173
111 2 122
100 1 1335
100 5 1362
113 1 0
100 6 1372
113 5 6
113 6 10
113 8 16
113 8 23
113 8 27
100 14 1402
100 15 1402
113 8 41
114 1 0
114 2 48
111 3 482
114 3 124
114 4 159
114 5 204
114 6 208
114 13 228
114 30 228
114 14 230
114 15 230
111 4 631
111 5 706
111 6 714
111 8 729
111 4 763
111 5 769
111 6 777
111 8 781
111 8 802
118 1 0
119 1 0
118 2 31
120 1 0
118 3 124
118 4 144
120 2 88
118 5 202
118 6 210
118 21 213
118 8 234
118 1 260
118 13 260
118 30 260
118 14 260
118 15 260
120 3 258
122 1 0
123 1 0
120 4 310
118 6 372
118 13 374
118 30 375
118 14 375
118 15 375
124 1 0
120 5 363
120 6 376
120 21 379
124 2 56
122 2 75
120 26 389
120 27 390
120 14 391
120 6 414
120 8 418
123 2 122
120 13 488
120 30 488
120 14 489
120 15 489
122 3 211
123 3 253
127 1 0
129 1 0
122 4 289
123 4 318
122 5 333
122 6 344
129 2 58
127 2 108
124 3 335
122 8 387
123 5 399
123 6 407
122 13 406
122 14 409
122 15 409
124 4 413
123 8 460
124 5 454
124 6 460
124 21 461
124 8 471
124 34 478
124 14 479
124 6 483
124 8 490
124 34 493
124 14 493
124 6 496
124 8 500
124 34 502
124 14 503
124 6 507
131 1 0
123 1 552
123 13 553
123 14 557
123 15 557
124 8 529
124 34 531
124 15 534
124 14 534
124 6 539
124 8 552
124 34 555
124 14 556
124 6 559
124 8 565
124 34 566
133 1 0
124 14 570
124 15 570
124 6 571
131 2 64
127 3 446
133 2 50
135 1 0
135 5 8
135 6 11
131 3 179
127 4 507
135 136 72
135 14 77
135 15 77
133 3 153
135 14 93
135 15 93
127 5 543
127 6 551
127 8 560
127 8 574
131 4 259
131 5 288
133 4 194
133 5 227
133 6 231
133 8 238
133 29 240
131 6 295
131 8 313
131 13 358
131 30 358
131 14 359
131 15 359
137 1 0
135 1 254
135 5 260
135 6 263
135 136 274
135 14 275
131 6 418
131 13 422
131 30 422
131 14 425
131 15 425
139 1 0
140 1 0
142 1 0
143 1 0
139 2 119
143 2 58
143 3 190
143 4 246
143 5 292
143 6 304
139 3 492
139 4 550
122 6 1583
139 5 628
139 6 632
139 8 652
139 29 674
147 1 0
149 1 0
139 1 702
139 13 708
139 30 708
139 14 711
139 15 711
151 1 0
152 1 0
153 1 0
151 2 182
152 2 64
151 2 207
122 8 2035
155 1 0
155 5 10
155 6 12
127 4 1801
127 5 1804
122 13 2040
122 30 2040
122 14 2042
122 15 2042
155 8 34
155 8 57
155 1 78
157 1 0
155 5 87
155 6 89
155 1 97
152 3 174
152 4 191
157 2 80
159 1 0
160 1 0
159 2 40
151 2 444
160 2 99
159 3 111
157 3 283
152 5 424
152 6 427
159 4 184
160 3 193
152 8 465
151 3 609
159 5 209
163 1 0
159 6 214
160 4 221
152 8 467
159 8 238
160 3 232
165 1 0
157 3 370
159 29 285
159 8 289
166 1 0
159 8 299
157 4 422
152 8 578
157 5 457
157 6 463
151 4 763
167 1 0
157 8 478
168 1 0
157 8 490
168 5 14
152 1 645
152 26 646
152 27 646
152 14 647
168 6 23
157 4 513
157 3 514
168 1 33
168 26 33
168 14 34
169 1 0
151 5 840
151 6 844
151 21 847
165 2 229
169 2 58
151 26 891
151 14 894
167 2 128
170 1 0
171 1 0
166 2 257
170 2 44
167 3 241
167 4 271
170 3 107
169 3 213
170 4 133
169 4 244
166 3 380
167 5 314
167 6 319
170 5 166
170 6 177
169 5 257
169 6 262
169 8 268
167 8 357
165 3 487
169 5 305
169 6 311
166 4 450
167 13 372
167 14 373
167 15 373
169 8 317
176 1 0
176 3 3
177 1 0
165 4 571
166 5 515
166 6 528
170 136 303
170 14 303
170 6 308
169 2 394
166 13 539
166 14 540
166 15 540
177 2 47
178 1 0
165 5 611
170 14 326
170 136 326
165 6 620
170 6 398
165 8 699
165 8 700
177 3 169
176 4 182
178 2 113
170 136 433
170 14 436
170 15 436
179 1 0
180 1 0
181 1 0
176 5 223
176 6 224
178 2 147
169 3 573
183 1 0
177 4 226
179 2 50
181 2 43
177 5 257
177 6 270
169 4 664
165 4 882
165 5 898
169 5 675
169 6 682
169 8 700
176 8 362
177 13 368
177 30 368
177 14 369
177 15 369
184 1 0
165 6 920
179 3 192
165 8 949
165 34 949
165 14 950
165 6 955
165 8 959
169 2 736
181 3 191
166 6 917
166 4 917
151 1 1593
151 5 1605
151 6 1608
151 21 1611
165 8 963
165 8 969
165 4 975
169 5 769
169 6 775
181 4 235
178 3 395
179 4 254
181 5 305
185 1 0
185 5 1
185 6 18
185 1 22
185 14 23
181 6 320
186 1 0
185 6 30
185 8 31
185 34 40
185 14 41
185 6 42
185 8 46
178 4 497
179 5 379
179 6 394
185 8 59
185 14 65
185 6 69
185 8 72
185 8 75
185 8 78
185 8 80
185 8 85
183 2 339
183 2 350
183 2 356
183 2 357
183 2 357
185 34 89
185 14 95
185 15 95
185 6 96
185 8 99
185 2 117
185 5 131
185 6 146
183 2 399
179 5 472
179 6 481
185 8 150
185 8 156
185 8 160
185 8 162
185 29 167
178 5 632
179 5 500
179 6 514
185 14 184
178 6 648
178 21 649
188 1 0
178 8 766
178 29 821
189 1 0
178 8 828
184 1 560
178 29 860
178 8 873
184 2 598
189 2 82
178 29 932
183 3 766
178 8 966
191 1 0
184 3 699
192 1 0
192 2 27
189 3 204
184 4 732
184 5 768
192 3 84
184 6 784
184 1 790
184 13 790
184 14 791
184 15 791
192 4 102
196 1 0
192 5 130
192 6 137
189 4 328
192 8 153
192 29 159
192 8 160
192 29 161
192 13 167
192 30 167
192 14 169
192 15 169
196 2 55
196 2 65
189 5 364
192 6 189
192 13 201
192 30 201
192 14 201
192 15 201
189 6 380
199 1 0
189 21 383
189 8 387
189 26 437
200 1 0
189 14 440
199 2 63
196 3 203
200 2 43
201 1 0
199 3 115
199 4 137
202 1 0
196 4 241
201 2 57
196 5 289
196 6 291
200 3 121
199 5 181
199 6 187
199 8 207
202 2 58
200 4 157
203 1 0
204 1 0
199 8 218
204 5 10
204 6 18
196 8 328
196 1 338
196 34 338
196 14 340
200 5 184
200 6 199
204 1 26
204 13 26
204 15 33
204 14 33
196 6 359
200 8 213
200 29 217
200 8 229
202 3 149
200 8 235
200 13 257
200 30 257
200 14 258
200 15 258
202 4 192
202 5 221
202 6 237
202 8 296
202 8 340
202 8 358
200 6 470
201 3 413
200 13 474
200 30 474
200 14 474
200 15 474
203 2 321
201 4 449
201 5 495
201 6 510
209 1 0
201 8 556
201 1 572
201 136 572
201 14 573
210 1 0
201 6 608
201 8 617
211 1 0
209 2 93
203 3 551
210 2 87
211 2 35
203 4 588
212 1 0
203 5 618
203 6 629
203 8 635
211 3 114
192 6 1089
211 4 143
212 2 94
211 5 172
211 6 182
209 3 259
211 8 206
211 8 211
213 1 0
213 5 7
209 3 326
213 6 23
213 8 47
210 3 327
209 4 371
215 1 0
216 1 0
210 4 378
213 8 83
213 8 101
203 8 865
178 4 2289
216 2 44
209 5 439
210 5 429
209 6 448
210 6 444
215 2 65
178 3 2306
178 4 2320
217 1 0
210 8 475
178 5 2342
178 6 2346
178 21 2347
213 29 197
213 29 200
217 2 42
210 8 496
209 8 518
212 3 355
178 8 2361
213 29 203
213 8 217
216 3 142
203 8 1001
210 1 523
209 8 543
210 30 526
210 13 526
210 14 533
210 15 533
178 29 2397
178 1 2402
178 13 2402
178 14 2409
178 15 2409
217 3 99
216 4 184
209 8 559
209 13 565
209 14 571
209 15 571
210 6 553
215 3 190
216 5 209
217 4 145
209 6 604
209 13 609
209 30 609
212 4 431
209 14 613
209 15 613
216 6 223
217 5 173
203 8 1075
203 8 1087
212 5 482
217 6 179
217 8 188
217 8 191
217 13 206
209 6 652
209 13 659
209 30 659
209 14 659
209 15 659
209 6 672
212 6 488
215 4 279
217 14 206
217 15 206
203 13 1141
203 14 1141
203 15 1141
221 1 0
209 8 676
209 13 679
209 30 679
209 14 683
209 15 683
215 5 350
215 6 353
217 6 267
217 8 269
217 8 273
217 8 275
217 13 278
217 14 279
217 15 279
209 6 757
209 13 761
209 30 761
209 14 764
209 15 764
221 2 96
222 1 0
221 2 100
222 5 5
222 1 35
222 5 39
222 8 42
222 6 42
222 8 69
223 1 0
217 6 411
222 8 87
224 1 0
217 13 460
217 30 460
217 14 461
217 15 461
221 3 250
224 2 81
224 2 111
217 6 549
217 8 552
217 13 553
217 14 554
217 15 554
222 1 230
222 5 234
222 8 240
222 6 240
221 4 348
222 8 256
222 8 270
222 8 280
226 1 0
222 34 295
222 14 296
221 5 413
228 1 0
228 1 1
224 2 211
221 6 417
221 13 443
221 30 443
221 14 445
221 15 445
224 2 243
224 3 262
229 1 0
229 2 50
231 1 0
232 1 0
233 1 0
232 5 20
232 8 30
232 6 31
231 2 88
229 3 153
229 4 186
229 5 259
229 6 263
229 8 279
231 3 246
231 3 269
231 4 306
236 1 0
237 1 0
238 1 0
239 1 0
231 3 366
231 4 373
237 2 34
240 1 0
231 5 422
231 6 427
238 2 104
240 2 42
229 1 523
229 13 523
229 14 523
229 15 523
231 13 479
231 14 480
231 15 480
237 3 149
237 4 170
237 5 205
240 3 155
237 6 209
238 3 209
237 8 231
237 4 254
240 4 210
238 4 261
240 5 237
240 6 242
238 5 293
238 6 297
240 8 255
240 13 261
240 14 261
240 15 261
240 6 281
240 13 289
240 30 289
240 14 290
240 15 290
243 1 0
245 1 0
240 6 369
243 2 63
240 8 372
245 2 92
246 1 0
245 2 137
246 2 68
243 3 253
236 1 667
248 1 0
243 4 324
246 3 200
248 2 39
243 5 360
243 6 365
250 1 0
250 5 3
246 4 264
251 1 0
250 6 20
250 8 35
252 1 0
246 5 307
246 6 317
248 3 175
245 3 464
248 4 219
248 5 255
248 6 260
252 2 112
245 4 554
245 3 568
252 2 138
251 2 191
248 8 326
254 1 0
252 3 226
255 1 0
252 4 272
254 2 90
257 1 0
258 1 0
252 5 287
252 6 297
258 2 41
258 2 44
257 2 88
260 1 0
261 1 0
255 2 177
262 1 0
260 2 53
262 2 46
254 3 285
264 1 0
261 2 76
266 1 0
251 3 573
254 4 372
255 3 327
266 2 61
261 3 165
262 3 188
260 3 238
264 2 114
254 5 427
254 6 437
255 4 377
268 1 0
268 5 5
262 4 214
269 1 0
268 6 10
268 1 18
268 13 18
268 30 19
268 14 21
268 15 21
255 5 443
255 6 447
255 8 456
272 1 0
251 4 749
264 3 214
273 1 0
269 2 51
258 3 451
260 4 352
255 8 517
258 4 479
262 5 347
264 4 253
260 5 382
260 6 390
260 21 392
273 2 64
255 8 547
266 3 260
272 2 84
262 6 363
264 5 299
264 6 302
276 1 0
251 5 862
251 6 878
264 1 313
264 13 313
264 30 313
264 14 316
264 15 316
260 8 456
254 13 655
254 30 656
254 14 656
254 15 656
269 3 162
251 8 891
251 1 900
251 34 900
251 14 901
251 6 911
260 8 471
260 8 482
276 2 37
266 4 353
251 136 938
251 14 942
251 6 947
260 34 498
260 14 499
260 26 516
260 14 517
254 6 711
278 1 0
254 13 725
254 30 725
254 14 726
254 15 726
269 4 222
269 3 228
266 5 387
266 6 391
251 136 965
251 14 966
251 6 970
269 4 248
255 29 693
255 8 696
258 5 659
272 3 241
280 1 0
255 30 706
255 13 706
255 14 710
255 15 710
258 6 675
264 6 475
264 4 479
281 1 0
278 2 84
269 5 315
272 4 282
276 3 177
281 2 34
269 6 332
269 8 348
283 1 0
269 8 359
258 8 731
258 29 735
285 1 0
280 2 77
269 8 379
283 2 35
255 6 801
255 26 808
255 27 808
255 14 812
255 15 812
276 4 223
272 5 357
285 2 39
272 6 373
272 8 382
272 8 393
264 5 591
264 6 603
272 8 401
272 8 405
264 13 615
264 30 615
264 14 617
264 15 617
280 3 178
281 3 148
269 8 472
272 8 439
283 3 141
269 13 494
269 14 494
269 15 494
280 4 237
283 4 185
290 1 0
285 3 171
291 1 0
281 4 216
280 5 272
280 6 282
281 5 261
283 5 234
255 6 1034
285 4 249
281 6 276
281 8 298
292 1 0
283 6 250
285 5 280
281 34 306
281 14 306
281 6 310
281 8 316
281 136 318
281 14 318
281 6 321
281 8 327
294 1 0
278 3 407
292 2 50
255 8 1072
285 6 282
281 8 340
281 34 342
281 14 345
281 15 345
290 2 151
285 14 314
285 15 314
285 6 331
285 4 334
285 3 335
294 2 41
278 4 456
278 5 512
255 4 1186
278 6 526
255 5 1189
255 6 1195
255 8 1204
294 3 138
294 4 168
278 8 595
257 3 1250
255 29 1250
255 8 1257
290 3 296
294 5 192
294 6 208
294 8 210
278 8 623
255 26 1290
255 14 1291
290 4 324
294 8 235
278 8 637
278 4 649
278 3 655
257 4 1282
290 5 359
290 6 363
294 8 249
294 8 254
294 8 258
298 1 0
257 5 1330
290 13 385
290 30 385
290 14 386
290 15 386
294 34 306
294 14 306
300 1 0
298 2 35
292 3 354
257 6 1341
255 6 1371
255 8 1388
255 8 1416
257 1 1407
257 13 1410
257 30 1410
257 14 1411
257 15 1412
301 1 0
292 4 439
290 6 498
290 13 504
290 30 504
290 14 505
290 15 505
302 1 0
298 3 164
301 2 31
255 8 1516
298 4 191
304 1 0
304 2 13
304 2 17
304 2 18
304 2 19
304 2 19
304 2 19
298 5 213
298 6 222
298 8 253
298 13 263
298 30 263
298 14 264
298 15 264
298 6 266
298 8 269
298 13 281
298 30 281
298 14 281
298 15 281
307 1 0
298 6 364
298 8 375
298 29 377
308 1 0
298 8 390
298 29 391
298 8 399
301 3 270
298 29 406
298 8 408
298 29 410
298 8 412
308 2 33
307 2 187
301 4 353
308 3 139
301 5 390
301 6 393
301 8 436
308 4 198
310 1 0
308 3 241
311 1 0
308 2 312
308 2 317
307 3 415
311 2 53
307 4 485
307 5 580
255 29 2208
301 13 745
301 14 748
301 15 748
307 6 589
255 8 2209
255 8 2235
307 8 652
307 8 684
307 8 695
313 1 0
307 8 711
313 2 27
307 8 737
307 8 743
255 2 2375
314 1 0
307 29 777
307 8 778
301 6 949
301 4 950
301 3 950
314 2 42
315 1 0
316 1 0
313 3 106
307 29 807
307 8 808
255 3 2428
255 4 2440
313 4 133
315 2 49
307 13 838
307 14 839
307 15 839
255 5 2455
255 6 2459
255 8 2476
313 5 154
316 2 56
313 6 162
313 8 181
313 13 201
313 14 202
313 15 202
314 3 182
318 1 0
314 4 219
313 6 282
313 8 284
255 13 2623
255 14 2626
255 15 2626
319 1 0
320 1 0
314 5 258
314 6 261
313 13 294
313 14 295
313 15 295
315 3 226
313 6 345
313 8 350
318 2 107
319 2 52
313 13 356
313 14 357
313 15 357
315 4 305
316 3 291
315 5 343
315 6 345
316 4 339
315 4 359
315 5 368
315 6 370
315 4 372
315 3 373
319 3 174
321 1 0
319 4 223
316 5 422
316 6 429
316 21 431
319 5 263
319 6 275
322 1 0
325 1 0
319 14 309
319 6 329
322 2 74
319 14 361
319 15 361
321 2 180
321 2 182
319 6 376
325 2 108
319 14 386
319 15 386
321 2 199
319 6 388
321 2 202
321 2 218
321 2 220
322 3 154
322 4 203
322 5 242
322 6 245
325 3 262
329 1 0
330 1 0
325 4 318
330 2 27
331 1 0
329 2 106
332 1 0
325 5 534
329 3 216
325 6 546
325 8 579
325 8 594
325 1 621
325 5 624
329 4 306
325 6 632
329 5 368
329 6 376
329 8 394
329 1 404
329 34 404
329 14 413
329 6 425
335 1 0
335 1 47
337 1 0
338 1 0
337 2 47
337 3 147
337 4 223
337 5 254
337 6 261
337 13 286
337 14 287
337 15 287
340 1 0
341 1 0
340 2 37
341 2 44
342 1 0
342 2 40
340 3 260
342 3 131
343 1 0
342 4 188
340 4 351
340 5 371
340 6 372
346 1 0
347 1 0
340 14 399
340 15 399
346 2 46
347 1 8
347 5 13
347 8 18
347 6 18
342 5 237
342 6 247
348 1 0
346 2 63
342 8 262
342 29 265
342 13 288
342 30 288
342 14 289
342 15 289
348 2 44
348 2 58
346 3 158
346 4 178
348 3 142
348 4 161
346 5 250
346 6 253
349 1 0
348 5 201
348 6 208
349 2 57
351 1 0
351 5 5
351 6 9
351 8 17
351 29 25
352 1 0
349 3 200
351 8 28
352 2 35
354 1 0
349 4 232
351 8 84
349 5 257
355 1 0
349 6 266
354 2 33
341 3 829
357 1 0
352 3 118
355 2 59
341 4 884
341 5 912
352 4 147
359 1 0
360 1 0
341 6 915
341 8 937
352 5 165
352 6 177
352 21 178
354 3 164
352 14 199
352 6 208
359 2 72
354 4 193
361 1 0
357 2 123
355 3 176
360 2 62
354 5 219
354 6 222
361 2 46
352 4 279
355 4 204
354 4 251
354 3 253
354 5 255
354 6 258
354 13 260
354 30 260
354 14 261
354 15 261
354 6 265
354 13 271
354 30 271
354 14 275
354 15 275
360 3 142
355 5 255
355 6 263
360 4 176
355 8 287
360 5 196
359 3 202
360 6 200
360 8 233
360 8 237
360 4 254
360 3 256
362 1 0
361 3 203
360 5 275
360 6 283
359 4 292
361 4 257
361 5 283
361 6 287
359 5 390
359 6 398
361 1 341
361 136 341
361 14 341
359 13 407
359 30 407
359 14 409
359 15 409
364 1 0
364 2 54
365 1 0
365 2 48
364 3 193
368 1 0
364 4 224
364 5 235
364 6 242
364 8 269
368 2 59
364 1 273
364 34 273
364 14 274
368 3 177
365 3 328
368 4 220
365 4 359
365 5 395
365 6 399
368 5 279
368 6 284
368 8 314
365 8 459
368 8 329
368 8 336
368 8 359
368 8 364
368 8 371
368 8 377
368 8 382
368 29 384
365 1 510
365 13 510
365 14 511
365 15 511
359 6 1027
365 6 568
365 8 570
373 1 0
365 34 586
374 1 0
365 14 590
365 15 590
365 6 606
373 2 50
373 2 70
374 2 110
368 34 663
368 14 663
373 3 267
376 1 0
373 4 298
374 3 299
377 1 0
373 5 331
373 6 340
374 4 341
378 1 0
376 2 74
373 8 361
373 8 364
377 2 78
373 4 399
373 5 403
374 5 382
374 6 385
374 21 389
374 8 405
380 1 0
373 6 411
373 8 418
374 29 432
380 2 43
381 1 0
374 13 457
374 30 457
374 14 460
374 15 460
378 2 108
381 2 48
373 1 521
373 34 521
373 14 522
382 1 0
377 3 255
382 2 39
381 3 123
377 4 282
381 4 150
381 5 183
381 6 199
383 1 0
377 5 349
377 6 352
380 3 253
382 3 137
384 1 0
380 4 284
385 1 0
382 4 173
381 13 251
381 30 251
381 14 251
381 15 251
374 1 722
377 8 432
380 5 335
380 6 339
380 21 341
385 2 57
384 2 66
377 4 462
377 3 466
380 14 370
380 15 370
380 6 379
380 13 383
380 14 388
380 15 388
377 5 491
377 6 495
378 3 473
377 8 508
386 1 0
384 3 179
378 4 527
377 5 551
377 6 554
377 8 567
384 4 217
386 2 83
378 5 604
378 6 608
385 3 257
365 8 1606
385 4 400
385 5 416
378 26 771
378 27 771
378 14 774
378 15 774
378 6 788
385 6 428
378 26 803
378 27 804
378 14 807
378 15 807
378 6 813
388 1 0
378 2 847
385 8 495
385 34 505
378 5 882
378 6 888
385 14 518
392 1 0
388 2 135
392 2 50
388 3 261
392 3 179
388 4 306
377 8 1189
388 5 342
396 1 0
388 6 347
392 4 217
392 5 241
388 8 359
388 8 365
388 8 370
392 6 250
392 1 269
392 13 269
392 14 272
392 15 272
388 29 424
388 8 427
396 2 95
388 8 451
397 1 0
398 1 0
388 8 530
398 2 39
397 2 79
399 1 0
398 2 45
388 30 579
388 13 579
388 14 581
388 15 581
399 5 10
399 6 19
399 13 22
399 14 23
399 15 23
401 1 0
396 3 300
401 2 44
402 1 0
397 3 197
396 4 358
397 4 265
401 3 143
407 1 0
408 1 0
385 26 1227
397 5 304
385 14 1238
397 6 307
401 4 189
396 5 434
396 6 439
396 21 442
401 5 205
401 6 212
377 8 1649
397 8 360
409 1 0
409 5 4
409 6 12
409 13 19
409 30 19
409 14 19
409 15 19
398 3 352
411 1 0
398 4 393
411 2 63
412 1 0
396 8 618
396 1 635
396 136 635
396 14 638
411 2 104
412 2 58
413 1 0
414 1 0
414 1 4
396 26 715
396 14 722
415 1 0
396 6 739
413 2 48
414 2 55
398 5 621
415 2 69
398 6 629
412 3 173
411 3 274
412 4 214
414 3 164
411 4 318
415 3 147
398 8 709
415 4 172
398 34 731
398 14 731
412 5 261
412 6 263
414 4 194
412 4 277
298 1 7364
298 5 7369
412 3 281
398 6 745
298 6 7377
412 3 304
412 4 307
398 8 786
415 5 232
415 6 235
412 5 309
412 6 311
414 5 234
412 8 314
414 6 238
412 34 322
412 14 325
412 15 325
414 8 257
412 6 337
413 3 276
411 5 397
411 6 400
411 4 418
412 2 368
398 8 827
412 5 372
412 6 377
412 14 384
412 6 394
413 4 345
412 14 400
412 6 403
413 5 381
413 6 385
398 8 928
398 8 941
413 1 432
413 14 433
398 8 957
413 6 442
413 14 469
413 15 469
413 6 476
398 34 1017
398 14 1029
421 1 0
398 6 1042
398 8 1058
398 8 1062
398 8 1095
421 2 53
398 34 1117
398 14 1118
398 6 1125
423 1 0
421 3 143
421 4 174
421 5 204
421 6 210
425 1 0
421 8 216
414 29 752
414 8 753
414 29 756
414 8 757
426 1 0
421 1 261
421 13 261
421 30 261
421 14 262
421 15 262
414 8 779
414 29 792
414 8 797
423 2 153
414 29 804
414 8 814
414 29 825
429 1 0
431 1 0
431 5 2
431 6 18
429 2 114
423 3 307
429 2 124
423 4 340
423 5 374
423 6 377
432 1 0
421 6 521
421 13 523
421 30 523
421 14 524
421 15 524
433 1 0
421 6 563
421 13 566
421 30 566
421 14 567
421 15 567
423 8 462
423 8 466
421 6 583
421 13 586
421 30 586
421 14 589
421 15 589
434 1 0
432 2 140
434 2 55
433 2 183
432 3 263
434 3 159
421 6 827
421 13 833
421 30 833
421 15 834
421 14 834
434 4 201
432 4 329
434 5 222
432 5 359
434 6 234
432 6 375
432 8 383
421 6 910
421 8 915
421 13 918
421 30 918
421 14 919
421 15 919
433 3 370
436 1 0
432 8 430
438 1 0
433 4 427
421 6 1026
421 13 1038
421 30 1038
421 14 1039
421 15 1039
433 5 524
433 6 532
436 2 150
433 8 565
408 1 1954
438 2 126
439 1 0
440 1 0
421 6 1173
440 2 28
433 1 614
433 13 615
433 30 615
433 14 615
433 15 615
421 13 1185
421 30 1185
421 14 1186
421 15 1186
438 3 282
438 4 347
442 1 0
440 3 234
443 1 0
438 5 401
438 6 418
444 1 0
443 2 39
438 8 437
440 4 299
438 1 457
438 13 457
438 14 458
438 15 458
438 6 479
447 1 0
438 14 484
438 6 493
440 5 354
440 6 358
440 8 368
440 29 371
440 8 374
447 2 44
438 13 530
438 14 530
438 15 530
443 3 168
451 1 0
451 1 0
436 3 603
452 1 0
443 4 206
447 3 135
451 2 60
436 4 659
452 2 41
453 1 0
443 5 247
443 6 252
447 4 180
443 8 261
443 8 267
443 8 271
443 8 290
443 8 299
447 5 223
443 8 305
444 1 279
443 8 310
436 5 745
436 6 749
447 6 240
451 3 191
451 3 201
454 1 0
452 3 148
447 13 282
447 30 282
447 14 283
447 15 283
452 4 194
451 4 239
454 2 52
455 1 0
438 6 800
452 5 207
452 6 217
456 1 0
454 3 111
438 14 821
438 15 821
436 2 867
438 6 838
452 8 238
451 5 310
451 6 326
438 8 848
454 4 135
456 2 65
456 2 71
447 6 416
438 34 879
438 14 883
438 15 884
438 6 888
438 8 903
454 5 168
438 8 916
454 6 173
438 34 926
454 8 179
438 14 926
438 14 932
438 15 932
440 29 799
436 5 973
436 6 982
457 1 0
454 8 211
440 8 801
440 29 827
456 3 151
456 4 191
458 1 0
459 1 0
456 3 237
460 1 0
461 1 0
460 2 30
462 1 0
459 2 61
461 2 42
374 1 4839
460 3 111
462 2 55
460 4 140
460 5 176
460 6 180
460 8 195
460 8 224
462 3 178
459 3 255
436 8 1350
462 4 219
459 4 295
462 5 252
462 6 256
462 8 298
459 5 351
436 1 1449
436 34 1449
436 14 1450
462 8 326
459 6 367
436 6 1459
462 8 358
467 1 0
462 13 376
462 30 376
462 14 377
462 15 377
468 1 0
436 8 1521
436 8 1550
436 34 1563
436 14 1564
436 6 1587
436 8 1630
470 1 0
436 8 1653
436 34 1656
436 14 1657
471 1 0
470 2 68
470 2 82
472 1 0
471 2 58
461 3 670
461 4 690
472 2 63
461 5 736
461 6 752
471 3 136
471 4 181
472 3 154
472 4 170
473 1 0
473 5 3
473 6 19
473 1 23
473 5 26
473 8 27
471 5 216
471 6 232
444 2 1472
472 5 215
472 6 220
473 6 41
471 8 259
461 13 887
461 30 887
461 15 888
461 14 888
475 1 0
471 1 304
471 13 304
471 30 304
471 14 306
471 15 306
444 3 1573
475 2 54
473 8 142
473 29 146
476 1 0
473 8 169
444 4 1618
444 5 1639
477 1 0
444 6 1643
476 2 46
444 13 1673
444 30 1673
444 14 1674
444 15 1674
478 1 0
477 2 61
473 8 271
475 3 189
476 3 146
473 29 308
475 4 227
476 4 187
473 8 335
475 5 260
475 6 276
479 1 0
476 5 213
476 6 222
470 3 633
475 8 293
475 8 306
481 1 0
482 1 0
479 2 70
477 3 221
486 1 0
444 6 1967
444 8 1972
479 3 157
481 2 136
444 13 1996
444 14 1998
444 15 1998
479 4 196
477 4 354
479 5 225
479 6 230
477 5 383
477 6 388
470 4 869
479 8 258
479 8 262
479 8 266
479 8 273
477 8 408
477 29 422
479 8 277
479 8 280
479 8 283
479 8 286
477 8 428
477 8 433
477 8 436
477 8 440
479 1 318
479 14 320
479 34 320
490 1 0
470 5 969
470 6 985
444 6 2159
476 8 568
444 8 2170
476 1 578
476 5 582
476 6 587
470 8 1029
470 1 1038
470 34 1038
470 14 1038
476 29 636
490 2 86
491 1 0
491 1 0
491 1 0
492 1 0
493 1 0
494 1 0
444 29 2257
444 8 2259
495 1 0
444 26 2282
444 27 2282
444 14 2285
444 15 2285
497 1 0
481 3 479
493 2 58
493 2 64
497 2 47
492 2 129
444 6 2389
481 4 558
497 3 121
499 1 0
490 3 280
500 1 0
500 1 1
500 1 1
497 4 166
481 5 623
481 6 638
497 5 190
481 4 661
481 3 668
497 6 206
503 1 0
503 1 0
503 1 0
490 4 348
492 3 289
481 3 702
497 8 256
490 5 384
490 6 400
490 21 403
481 5 706
481 6 722
481 8 725
481 3 735
497 8 267
490 8 415
470 6 1390
497 8 290
504 1 0
492 4 373
497 8 350
497 8 403
490 8 532
490 8 552
492 5 453
492 6 468
492 21 469
490 8 565
490 8 573
490 4 589
490 1 592
490 4 601
490 5 611
492 1 511
492 14 512
492 14 531
492 15 531
497 34 495
497 14 496
490 6 627
490 21 629
492 6 539
492 13 543
492 14 543
492 15 543
497 26 501
497 14 501
497 6 506
497 8 514
497 26 522
497 14 526
497 15 526
497 6 559
497 8 567
497 8 594
497 8 607
497 8 630
497 26 650
497 14 651
492 6 711
497 6 654
492 5 729
492 6 746
492 21 747
509 1 0
511 1 0
509 2 46
511 2 53
512 1 0
513 1 0
512 2 48
509 3 140
513 2 96
511 3 174
511 4 209
509 4 240
511 5 235
511 6 251
518 1 0
519 1 0
509 5 307
509 6 323
518 2 59
513 3 293
521 1 0
512 3 379
521 2 53
519 2 181
523 1 0
512 4 427
513 4 415
512 5 459
512 6 463
524 1 0
525 1 0
513 5 486
513 6 492
526 1 0
524 2 58
521 3 227
523 2 147
513 1 530
513 136 531
513 14 533
513 15 533
512 8 569
519 3 403
521 4 272
527 1 0
521 5 301
521 6 312
526 2 104
519 4 471
528 1 0
524 3 235
523 3 322
519 5 558
519 6 562
519 21 564
528 2 111
524 4 304
493 3 1716
512 4 786
523 4 389
519 1 597
519 26 597
519 27 598
519 14 599
519 15 599
529 1 0
493 4 1771
530 1 0
524 5 374
524 6 381
493 5 1800
512 5 891
512 6 894
529 2 75
523 5 473
523 6 477
493 6 1816
493 21 1817
530 2 61
512 8 905
526 3 395
528 3 237
532 1 0
523 1 551
523 13 552
523 14 553
523 15 553
526 4 436
528 4 308
528 5 335
528 6 351
526 5 502
526 6 509
530 3 196
528 8 378
512 13 1049
512 30 1049
512 14 1052
512 15 1052
534 1 0
534 5 1
534 6 15
534 1 19
534 13 19
534 14 19
534 15 19
530 4 239
528 13 405
528 30 405
528 14 410
528 15 410
526 8 592
530 5 291
530 6 297
530 8 313
530 13 329
530 14 331
530 15 331
529 3 579
529 4 708
536 1 0
537 1 0
526 4 1040
526 5 1045
526 6 1063
536 2 49
538 1 0
539 1 0
541 1 0
539 2 52
541 2 35
541 3 89
541 4 111
541 5 129
541 6 141
543 1 0
539 3 195
529 5 1010
529 6 1013
543 2 66
539 4 248
544 1 0
546 1 0
539 5 309
539 6 314
529 1 1130
529 13 1131
529 30 1131
529 14 1131
529 15 1131
539 13 328
539 14 329
539 15 329
529 6 1165
539 6 353
539 14 370
539 15 370
547 1 0
544 2 115
529 2 1187
529 3 1197
529 4 1200
539 6 398
539 8 405
547 2 55
541 8 382
529 5 1209
529 6 1213
529 136 1223
529 14 1224
539 4 409
539 5 415
539 6 420
539 14 426
539 15 426
539 6 431
541 29 391
541 13 396
541 30 396
541 14 396
541 15 396
539 8 441
529 6 1276
529 136 1285
529 14 1285
539 8 475
539 34 496
529 6 1294
529 136 1303
529 14 1303
539 14 499
539 15 499
539 6 502
529 6 1329
529 136 1340
529 14 1341
529 6 1350
543 3 355
547 3 201
529 136 1362
529 14 1363
529 6 1379
547 4 237
552 1 0
529 136 1391
529 14 1391
529 6 1402
547 5 263
408 1 7690
547 6 279
547 8 287
547 8 296
553 1 0
541 1 623
554 1 0
547 13 314
547 30 314
547 14 314
547 15 314
541 5 632
541 6 644
544 3 414
552 2 98
543 4 506
553 2 40
543 5 560
541 13 696
541 30 696
541 14 697
541 15 697
544 4 479
543 6 564
539 1 742
539 5 748
539 6 761
539 8 767
553 3 106
554 2 117
554 2 125
554 2 126
554 2 126
554 2 126
554 2 126
554 2 127
554 2 127
554 2 127
543 8 596
539 8 784
544 5 538
544 6 542
554 2 157
554 2 157
543 8 631
543 29 642
543 4 646
543 3 646
553 4 154
553 5 173
553 6 179
544 8 552
554 2 187
553 8 187
553 1 204
553 13 204
553 15 207
553 14 207
556 1 0
552 3 327
556 2 34
544 13 645
556 2 43
544 14 647
544 15 647
552 4 366
554 3 294
554 4 329
552 5 419
552 6 432
554 5 353
554 6 369
554 8 378
554 29 384
552 8 459
552 8 473
552 8 478
552 1 505
552 13 505
552 14 505
552 15 505
558 1 0
547 6 819
547 13 834
547 30 834
547 14 834
547 15 834
560 1 0
562 1 0
544 6 972
544 3 972
558 2 102
563 1 0
563 2 73
566 1 0
567 1 0
568 1 0
562 2 112
547 6 1013
547 13 1019
547 30 1019
567 2 43
558 3 233
547 14 1019
547 15 1019
568 2 72
566 2 94
558 4 299
567 3 130
563 3 209
571 1 0
558 5 346
558 6 352
571 2 43
558 8 387
566 3 210
563 4 288
563 5 288
563 6 297
563 21 301
558 8 413
558 8 413
558 8 413
563 14 316
566 4 251
567 4 241
562 3 374
563 26 330
563 14 331
566 3 259
574 1 0
560 2 419
560 2 422
562 4 414
571 3 157
530 6 2425
567 5 339
567 6 343
567 26 355
567 27 355
567 14 356
574 2 53
562 5 471
571 4 195
530 4 2456
530 3 2467
568 3 358
567 6 362
567 26 366
567 27 366
567 14 369
567 15 369
567 6 371
567 26 380
567 27 380
567 14 381
567 6 383
562 6 476
571 5 218
571 6 225
575 1 0
575 1 2
567 26 390
567 27 390
567 14 394
567 15 394
571 4 249
571 3 250
530 2 2515
568 4 439
580 1 0
575 2 97
560 3 611
568 5 471
568 6 476
580 5 26
580 6 42
530 5 2610
530 6 2614
568 8 505
580 1 57
568 8 513
580 136 58
580 14 67
568 8 525
583 1 0
560 4 655
568 8 529
574 3 275
562 4 672
562 3 673
568 8 562
568 8 570
568 8 574
568 8 583
568 8 587
584 1 0
568 8 600
574 4 321
568 8 618
568 8 622
568 8 625
584 2 61
574 5 359
574 6 364
585 1 0
585 5 10
585 6 18
583 2 126
560 5 773
586 1 0
560 6 789
574 8 407
586 2 36
574 34 421
574 14 435
574 6 442
574 8 448
583 3 245
584 3 238
574 8 520
574 8 554
586 3 170
583 4 336
586 4 203
584 4 318
588 1 0
583 5 382
583 6 398
586 5 260
586 6 263
583 8 416
583 13 422
589 1 0
583 14 426
583 15 426
590 1 0
584 5 414
584 6 419
584 21 422
590 2 104
590 2 108
589 2 120
590 2 116
593 1 0
594 1 0
596 1 0
594 2 87
589 3 289
596 2 53
589 4 331
597 1 0
589 5 383
589 6 398
598 1 0
597 2 73
599 1 0
600 1 0
596 3 185
589 8 444
589 8 474
599 2 69
600 2 64
596 4 247
408 1 9867
594 3 332
596 5 294
596 6 302
594 4 370
600 3 162
596 2 315
596 3 333
597 3 260
605 1 0
600 4 194
596 4 349
596 5 357
596 6 359
597 4 306
597 3 314
597 4 317
599 3 242
597 5 352
605 2 62
600 5 273
600 6 277
600 8 286
597 6 368
599 4 293
597 8 395
597 34 417
597 14 418
597 14 431
597 15 431
597 6 468
597 3 468
597 4 476
597 5 479
597 6 495
575 3 1446
599 5 507
599 6 512
575 4 1501
610 1 0
611 1 0
575 5 1565
575 6 1581
612 1 0
613 1 0
611 2 46
575 8 1632
612 2 43
575 29 1645
575 8 1648
613 2 56
575 8 1676
575 8 1717
611 3 160
611 4 185
612 3 145
605 3 562
575 8 1785
613 3 164
611 5 225
611 6 228
611 8 234
605 4 604
615 1 0
612 4 213
613 4 219
611 8 286
611 29 287
611 8 290
611 29 290
611 29 290
611 8 291
611 8 306
611 8 306
615 2 56
611 29 307
611 8 309
612 5 267
605 5 664
605 6 678
575 8 1880
611 8 331
611 29 334
611 8 335
612 6 283
617 1 0
618 1 0
613 5 285
613 6 300
612 8 313
605 8 729
619 1 0
605 1 746
605 13 747
605 30 747
617 2 34
613 13 331
613 30 331
613 14 332
613 15 332
605 14 767
605 15 767
575 8 1956
612 8 363
612 29 379
612 8 386
619 2 50
619 2 58
619 2 66
612 8 399
612 8 421
617 3 115
615 3 224
612 8 430
620 1 0
617 4 149
613 6 432
621 1 0
619 3 164
618 2 179
615 4 281
619 4 192
617 5 199
617 6 215
615 5 300
615 6 310
615 8 319
620 2 77
623 1 0
619 5 225
617 13 226
617 30 226
617 14 227
617 15 227
615 8 345
619 6 240
615 8 365
615 8 378
615 13 388
615 14 396
615 15 396
620 3 208
626 1 0
618 3 407
618 4 445
620 4 295
628 1 0
618 5 506
620 5 362
618 6 512
600 13 1415
600 14 1416
600 15 1416
620 6 374
620 8 385
620 4 393
629 1 0
618 8 548
620 5 397
620 6 414
630 1 0
630 2 7
620 8 429
631 1 0
628 2 153
631 2 30
631 2 36
605 6 1375
605 8 1380
605 13 1393
605 30 1394
605 14 1396
605 15 1396
631 3 132
611 26 1116
611 14 1116
634 1 0
631 4 188
628 3 347
631 5 229
631 6 235
611 6 1166
611 4 1166
611 5 1173
611 6 1177
631 8 244
611 8 1186
611 29 1186
611 8 1189
611 29 1190
611 29 1190
611 8 1191
611 29 1191
611 8 1192
611 29 1203
611 29 1203
611 8 1204
628 4 386
634 2 71
611 8 1229
631 136 305
631 14 305
631 6 317
631 8 327
631 8 362
631 8 390
635 1 0
628 5 551
628 6 554
628 21 560
628 8 573
634 3 254
628 13 596
628 30 596
631 8 463
634 4 277
628 14 601
628 15 601
634 5 298
631 8 483
634 6 305
631 136 545
631 14 545
631 6 552
628 1 733
628 5 739
628 6 743
631 8 620
631 8 624
628 21 747
636 1 0
631 8 664
638 1 0
408 1 11996
641 1 0
641 2 80
636 2 217
638 2 170
642 1 0
643 1 0
642 2 79
643 2 61
628 1 1167
628 1 1167
628 5 1172
628 5 1174
628 6 1176
628 6 1177
628 21 1180
646 1 0
641 3 271
643 3 155
641 3 294
647 1 0
648 1 0
649 1 0
641 4 328
643 4 195
643 5 214
638 3 412
650 1 0
650 1 0
647 2 51
643 6 229
641 5 371
643 8 235
643 8 240
643 29 241
649 2 58
641 6 388
641 8 410
641 8 413
638 4 486
641 13 428
641 30 428
641 14 431
641 15 431
651 1 0
642 3 344
638 5 551
638 6 557
652 1 0
647 1 191
641 6 503
638 8 570
652 5 7
652 6 12
652 8 19
642 4 402
649 3 200
641 13 526
641 30 526
641 14 527
641 15 527
651 2 71
651 2 93
638 1 594
638 13 596
638 30 596
638 14 597
638 15 597
647 2 236
638 6 643
638 26 648
638 27 648
638 14 649
642 5 464
642 6 465
649 4 241
641 6 583
641 13 591
641 30 591
641 14 592
641 15 592
651 2 151
642 2 499
649 5 264
649 6 268
657 1 0
649 8 300
649 8 308
649 8 310
649 8 311
649 29 314
649 8 315
649 29 316
652 8 179
642 3 559
649 8 325
649 8 329
649 8 336
649 8 339
649 8 341
649 8 344
649 8 346
649 8 350
642 5 574
642 6 575
657 2 73
649 8 355
649 8 357
649 8 358
649 8 360
649 8 363
649 8 372
649 8 379
651 3 247
642 2 593
642 5 612
642 6 615
642 5 621
649 5 392
649 6 407
651 4 294
642 6 622
642 5 632
642 6 635
659 1 0
652 8 278
651 5 339
651 6 354
642 5 686
642 6 688
642 2 706
659 2 44
660 1 0
641 6 833
651 1 380
651 13 380
651 14 381
651 15 381
642 5 741
642 6 748
661 1 0
659 3 117
662 1 0
652 8 413
642 8 799
659 4 147
657 3 310
642 5 810
642 6 815
661 2 67
659 5 185
643 8 791
643 8 798
643 8 817
661 2 75
659 6 201
659 8 219
651 6 531
648 2 674
657 4 386
642 1 875
642 13 875
642 14 875
642 15 875
652 8 500
659 29 226
659 8 238
643 8 856
651 8 565
651 8 575
648 2 706
659 8 271
651 8 580
651 8 598
651 8 603
657 5 423
657 6 428
652 1 554
652 13 554
652 30 554
652 14 556
652 15 556
663 1 0
663 5 4
657 8 467
664 1 0
663 6 20
663 8 25
663 8 33
663 8 36
663 8 44
657 13 504
657 14 505
657 15 505
661 3 266
643 8 1026
665 1 0
661 4 318
661 5 331
661 6 335
643 8 1061
643 8 1073
664 2 92
642 6 1108
643 13 1113
643 14 1113
643 15 1113
663 26 197
663 14 200
663 15 200
663 6 212
663 8 220
628 1 2234
628 5 2237
628 6 2240
668 1 0
642 26 1193
642 14 1194
642 6 1196
665 2 196
628 26 2270
628 27 2271
628 14 2272
642 26 1249
642 14 1252
642 15 1252
628 6 2290
628 1 2304
628 5 2310
668 2 47
642 6 1255
628 6 2313
670 1 0
643 6 1275
643 13 1285
643 30 1285
643 14 1286
643 15 1286
671 1 0
664 3 343
672 1 0
668 3 185
671 2 71
664 4 395
673 1 0
664 5 440
664 6 451
668 4 231
672 2 92
659 8 818
675 1 0
664 21 456
675 5 12
675 6 18
668 5 260
668 6 277
670 2 174
673 2 49
676 1 0
675 13 33
664 8 486
675 30 33
675 14 33
675 15 34
676 2 46
665 3 506
677 1 0
673 3 113
668 8 354
671 3 241
673 4 137
659 8 924
664 34 573
664 14 576
664 15 576
671 4 303
676 3 156
665 4 626
672 3 299
670 3 356
671 5 344
671 6 349
677 2 146
671 8 363
670 4 388
676 4 218
671 8 377
671 4 384
671 3 384
678 1 0
670 5 437
672 4 399
679 1 0
676 5 269
676 6 285
665 5 725
675 1 311
665 6 740
675 5 323
675 8 327
675 6 328
670 6 455
670 8 464
678 2 63
670 29 475
670 8 479
680 1 0
665 8 762
665 29 762
665 8 763
681 1 0
670 8 497
679 2 58
677 3 303
672 5 482
672 6 487
680 2 43
677 4 390
679 3 184
683 1 0
678 3 216
679 4 225
677 5 462
679 5 266
684 1 0
677 6 479
679 6 270
679 8 291
683 2 72
678 4 329
679 8 299
679 8 303
679 8 311
685 1 0
684 2 86
679 8 350
677 8 573
686 1 0
678 5 371
678 6 376
679 8 383
679 4 385
677 8 602
678 14 411
678 6 423
684 3 157
677 8 642
686 2 63
677 13 660
677 14 664
677 15 664
684 4 200
683 3 303
683 4 330
686 3 209
683 5 384
683 6 387
683 8 403
686 4 235
683 13 409
683 30 409
683 14 413
683 15 413
686 5 298
686 6 306
686 8 317
408 1 14647
408 5 14656
408 6 14666
686 8 378
680 3 694
686 8 409
680 4 724
680 5 750
680 6 753
408 1 14738
408 5 14750
408 6 14758
680 8 781
680 8 792
680 8 799
688 1 0
680 8 806
680 8 811
680 8 817
680 8 829
689 1 0
690 1 0
690 1 11
689 2 60
688 2 113
680 34 989
680 14 990
680 6 995
680 8 1009
680 34 1011
680 14 1015
680 15 1015
680 6 1017
692 1 0
692 5 4
692 8 7
692 6 8
688 3 267
689 3 258
692 8 47
692 8 52
683 1 944
695 1 0
692 13 110
692 14 111
692 15 111
683 2 1003
689 4 350
696 1 0
695 2 57
696 2 50
689 5 394
689 6 397
698 1 0
689 4 424
695 3 142
695 4 175
698 2 84
695 5 238
695 6 257
696 3 234
695 8 299
695 29 305
701 1 0
696 4 321
703 1 0
701 2 53
704 1 0
703 2 28
696 5 373
696 6 376
703 3 61
705 1 0
703 4 74
698 3 329
704 2 61
703 5 90
703 6 93
703 8 102
696 8 413
696 1 421
696 13 421
696 14 422
696 15 422
703 8 113
705 2 72
706 1 0
696 6 459
696 8 461
696 8 465
688 4 845
696 8 497
707 1 0
698 4 445
706 2 60
696 8 505
704 3 179
708 1 0
709 1 0
698 5 492
688 5 930
688 6 944
710 1 0
698 6 501
705 3 218
698 8 547
704 4 252
704 5 274
688 8 984
710 2 63
704 6 288
705 4 280
704 13 316
704 14 316
704 15 316
688 8 1054
705 5 303
706 3 241
705 6 319
705 8 336
705 29 342
705 8 347
704 1 423
710 3 214
706 4 326
704 2 450
710 4 256
706 5 390
706 6 393
704 3 491
704 4 498
704 5 503
704 6 508
704 13 512
704 14 513
704 15 513
710 5 299
710 6 303
706 8 408
710 2 322
710 5 326
710 6 329
710 5 331
710 6 333
713 1 0
716 1 0
718 1 0
713 2 91
719 1 0
675 1 2657
675 5 2670
719 2 101
675 8 2676
675 6 2676
706 1 723
706 5 726
675 29 2706
675 13 2725
675 30 2725
675 14 2725
675 15 2725
719 3 245
713 3 356
719 4 283
647 1 4097
713 4 383
722 1 0
723 1 0
724 1 0
647 2 4132
713 5 447
713 6 453
722 2 53
723 2 53
723 2 54
723 2 61
719 5 359
719 6 367
724 2 99
719 8 420
713 8 528
728 1 0
723 3 165
713 8 587
729 1 0
723 4 206
728 2 49
729 5 5
729 6 12
729 136 25
729 14 25
729 6 31
729 136 34
729 14 35
729 6 39
730 1 0
723 5 248
723 6 251
723 4 265
723 5 268
723 6 270
722 3 283
723 4 275
723 3 275
722 4 307
722 5 318
722 6 321
730 2 49
731 1 0
731 5 2
731 6 6
722 1 357
722 13 357
722 30 357
722 14 358
722 15 358
732 1 0
731 1 54
731 13 55
731 30 55
731 14 55
731 15 55
728 3 223
730 3 147
730 4 167
728 4 290
730 5 198
730 6 200
728 5 322
728 6 327
728 8 337
728 8 402
735 1 0
736 1 0
728 13 553
728 14 554
728 15 554
737 1 0
724 3 764
739 1 0
739 5 1
739 6 4
647 1 4904
739 1 13
739 13 13
739 30 13
739 14 14
739 15 14
737 2 72
731 1 497
731 5 499
731 6 503
731 1 515
731 13 516
731 30 516
731 14 517
731 15 517
731 1 548
731 5 550
731 6 556
724 4 881
741 1 0
731 8 566
741 5 4
741 6 8
731 1 595
731 13 596
731 30 596
731 14 596
731 15 596
737 3 220
724 5 963
743 1 0
724 6 968
724 8 1019
724 29 1056
737 4 328
724 1 1092
724 13 1093
724 30 1093
724 14 1094
724 15 1094
737 5 410
745 1 0
746 1 0
746 5 3
737 6 425
746 6 12
746 13 24
746 30 24
746 14 25
746 15 25
745 2 84
745 2 87
749 1 0
750 1 0
751 1 0
750 2 63
749 2 108
751 2 42
745 3 265
750 3 204
751 3 158
745 4 350
731 1 1176
731 5 1178
731 6 1182
754 1 0
755 1 0
755 5 4
754 5 5
750 4 242
754 6 10
749 3 303
755 6 10
751 4 221
751 5 244
751 6 248
750 5 300
750 6 308
751 8 267
756 1 0
756 5 2
757 1 0
750 8 347
756 6 7
756 8 21
756 8 25
757 2 57
750 8 368
750 13 376
750 30 376
750 14 376
750 15 376
749 4 411
731 8 1340
731 1 1343
731 13 1344
731 30 1344
731 14 1344
731 15 1344
750 6 392
750 8 397
737 8 978
750 8 448
737 13 995
737 14 996
737 15 996
757 3 180
757 4 202
751 4 475
751 5 480
751 6 483
751 8 486
749 5 592
749 6 600
749 21 602
761 1 0
761 5 6
761 6 9
761 8 18
757 5 246
757 6 249
757 21 250
757 30 261
757 13 261
757 14 262
757 15 262
749 4 638
763 1 0
761 29 36
761 8 39
761 29 48
757 6 285
749 3 649
761 14 62
761 15 62
761 6 72
763 2 48
756 34 323
756 14 323
756 6 333
757 3 331
764 1 0
756 8 337
756 26 340
756 14 341
756 6 352
757 5 380
757 6 382
756 26 390
756 27 390
756 14 390
765 1 0
764 2 53
763 3 152
757 5 449
757 6 451
757 21 453
757 13 468
757 30 468
757 14 470
757 15 470
765 2 69
763 4 205
763 5 230
763 6 244
757 6 541
757 136 550
757 14 551
765 3 206
767 1 0
764 3 291
765 4 265
763 8 420
749 1 1085
764 4 370
749 1 1136
764 5 421
764 6 424
749 5 1154
749 6 1161
764 21 426
764 13 482
764 30 483
764 14 483
764 15 483
772 1 0
773 1 0
775 1 0
772 2 65
728 1 2378
728 5 2387
775 2 39
728 6 2391
728 8 2396
773 2 95
776 1 0
728 13 2400
728 14 2401
728 15 2401
777 1 0
778 1 0
772 3 192
776 2 109
775 3 179
779 1 0
780 1 0
776 2 170
775 4 232
772 4 313
773 3 297
775 5 280
775 6 287
773 4 349
775 8 301
779 2 146
772 5 357
772 6 373
776 3 307
776 3 353
779 3 241
773 5 490
773 6 494
783 1 0
779 4 278
776 4 396
776 5 407
776 6 410
784 1 0
776 13 448
776 30 448
776 14 452
776 15 452
786 1 0
783 2 80
773 8 603
773 8 651
783 3 152
786 2 72
787 1 0
773 8 683
788 1 0
787 2 54
789 1 0
786 1 183
788 2 167
787 3 198
790 1 0
788 2 187
788 2 196
788 2 199
788 2 199
788 2 199
787 4 226
791 1 0
790 2 31
788 2 207
788 2 216
787 5 253
787 6 258
791 2 35
787 8 281
788 2 273
788 2 290
791 5 88
791 6 91
788 2 320
790 3 137
788 2 332
793 1 0
790 4 170
790 5 191
788 2 380
790 6 198
790 8 220
790 8 240
788 3 489
788 4 527
793 3 189
787 13 575
787 30 576
787 14 578
787 15 578
793 4 211
788 5 577
788 6 584
793 5 221
793 6 226
793 21 231
798 1 0
788 8 610
793 8 250
798 2 84
799 1 0
800 1 0
801 1 0
802 1 0
800 2 57
801 2 53
802 2 95
798 3 274
803 1 0
800 3 168
804 1 0
803 2 57
790 29 756
790 8 757
790 8 766
798 4 314
800 4 216
800 5 232
790 13 773
790 14 775
790 15 775
804 2 49
801 3 189
800 6 238
800 8 260
801 4 218
798 5 398
798 6 405
798 8 409
801 5 247
801 6 250
801 8 259
790 6 880
801 8 275
804 3 163
801 8 316
802 3 332
798 8 506
804 4 207
802 4 424
804 5 296
804 6 300
802 5 454
802 6 456
804 8 326
806 1 0
802 2 494
807 1 0
806 2 54
809 1 0
811 1 0
812 1 0
806 3 176
802 3 663
814 1 0
809 2 119
815 1 0
802 4 693
806 4 221
811 2 89
802 5 711
807 2 196
802 6 727
806 5 263
806 6 265
806 21 269
806 8 285
815 2 99
815 2 115
815 2 117
806 8 333
807 3 283
815 2 126
818 1 0
807 4 371
818 2 72
807 5 400
807 6 406
807 8 419
815 3 267
811 3 328
807 13 451
807 14 454
807 15 454
820 1 0
815 4 304
811 4 387
820 2 94
815 5 385
815 6 389
809 3 526
818 3 228
815 8 429
809 4 568
811 5 495
811 6 499
818 3 302
826 1 0
809 5 598
809 6 602
818 4 321
815 13 514
815 30 514
815 14 514
815 15 514
790 1 1810
790 5 1811
809 8 656
818 5 394
818 6 400
826 2 96
790 6 1819
790 8 1825
790 34 1833
790 14 1835
790 14 1838
790 15 1838
818 8 413
809 8 732
826 3 167
820 3 323
818 29 488
826 4 189
809 4 788
809 3 790
818 4 517
818 3 519
818 3 521
826 5 215
826 6 218
826 4 229
826 3 229
820 4 408
809 1 851
809 5 856
809 6 861
818 3 575
818 4 578
818 5 583
818 6 587
820 5 561
820 6 565
820 21 568
820 1 599
820 13 599
820 14 599
820 15 599
829 1 0
777 1 2989
777 5 2993
777 6 2999
777 1 3003
777 5 3006
777 6 3009
831 1 0
777 8 3012
777 29 3013
777 8 3014
777 29 3019
777 8 3022
777 8 3024
777 8 3027
777 29 3058
831 2 54
832 1 0
777 8 3075
777 29 3078
777 8 3079
777 29 3082
777 8 3085
777 29 3089
777 8 3095
777 29 3099
829 2 194
832 2 81
829 2 208
829 2 222
836 1 0
837 1 0
777 29 3230
777 29 3231
777 8 3234
777 13 3240
777 14 3241
777 15 3241
829 3 329
832 3 205
837 2 78
838 1 0
831 3 275
839 1 0
829 4 367
832 4 258
832 5 285
832 6 288
832 8 297
831 4 333
829 5 427
829 6 434
829 8 441
829 8 448
831 5 366
831 6 381
832 8 343
829 13 474
829 14 478
829 15 478
838 2 107
837 3 288
831 8 498
831 34 509
831 14 512
831 15 512
837 4 333
837 5 373
837 6 376
837 8 396
837 4 441
837 3 441
829 6 700
829 8 703
841 1 0
838 3 451
841 2 70
843 1 0
843 2 36
845 1 0
841 3 201
838 4 583
838 3 596
845 2 49
841 4 265
841 5 321
841 6 326
845 3 154
841 8 343
845 4 194
849 1 0
845 5 227
845 6 234
851 1 0
841 8 403
849 5 7
849 6 14
841 8 443
849 13 48
849 30 48
849 14 49
849 15 49
841 8 513
841 8 562
853 1 0
849 6 368
855 1 0
855 2 24
855 2 43
855 3 157
857 1 0
857 2 59
857 3 170
857 4 209
857 5 280
857 6 289
859 1 0
857 8 345
841 13 1601
841 30 1602
841 14 1602
841 15 1602
857 29 379
857 8 382
857 29 387
859 2 120
859 3 327
864 1 0
865 1 0
859 4 394
866 1 0
866 1 3
865 2 75
866 2 60
857 8 835
857 29 836
867 1 0
865 3 157
868 1 0
867 2 62
865 4 207
866 3 185
865 5 281
865 6 289
865 21 290
865 8 297
867 3 164
865 1 311
865 13 311
865 30 312
866 4 257
865 14 312
865 15 312
867 4 195
871 1 0
866 5 303
866 6 311
866 8 333
866 4 345
866 5 348
866 6 355
872 1 0
865 6 418
867 5 281
867 6 289
866 8 374
866 13 387
866 14 387
866 15 387
865 26 434
865 27 434
865 14 435
865 15 435
867 8 308
867 13 317
867 14 319
867 15 319
874 1 0
875 1 0
876 1 0
875 2 56
865 6 502
866 6 459
866 8 461
866 13 465
866 14 465
866 15 465
866 6 489
866 8 491
866 26 496
866 14 498
866 6 503
866 8 505
876 2 45
866 26 511
866 14 513
866 15 513
866 6 519
866 8 523
866 5 532
866 6 540
877 1 0
866 8 544
866 34 556
866 14 558
866 15 558
866 26 563
866 14 564
866 15 564
866 6 565
875 3 168
877 2 44
876 3 137
875 4 216
866 8 650
866 8 659
876 4 200
880 1 0
877 3 133
875 5 286
875 6 289
880 2 45
877 4 161
876 5 260
876 6 274
877 5 204
877 6 207
876 1 301
876 13 302
876 30 302
876 14 302
876 15 302
880 3 194
884 1 0
885 1 0
886 1 0
880 4 322
886 5 8
886 6 15
886 8 24
886 8 28
884 2 74
886 8 40
886 8 45
880 5 358
880 6 361
886 34 68
886 14 68
880 8 386
880 4 399
880 5 401
880 6 404
880 1 406
880 14 409
880 15 409
880 6 416
880 8 420
880 8 428
880 29 431
880 8 434
880 8 442
884 3 190
880 34 458
880 14 458
880 6 462
880 8 465
884 4 221
884 5 259
884 6 268
884 8 277
884 8 292
884 8 299
884 8 301
884 8 337
884 8 348
884 8 352
884 8 354
889 1 0
889 2 43
892 1 0
892 2 64
889 3 193
889 4 227
889 5 283
889 6 285
886 1 826
889 8 323
886 5 847
892 3 274
886 6 853
886 8 855
886 8 864
889 34 352
889 14 354
889 15 354
889 6 364
889 4 365
889 3 366
898 1 0
892 4 371
899 1 0
899 2 35
892 5 443
898 2 71
898 2 80
892 6 452
899 3 131
899 4 179
898 3 184
901 1 0
899 5 206
899 6 209
899 14 216
898 4 220
901 2 49
899 6 225
899 14 237
899 6 244
899 14 251
899 6 252
898 5 268
898 6 281
899 4 261
898 8 300
901 3 136
901 4 179
898 8 480
901 5 293
903 1 0
901 6 308
904 1 0
904 2 63
905 1 0
904 3 173
904 4 328
907 1 0
907 2 60
904 5 423
904 6 426
904 21 428
904 8 455
908 1 0
908 5 5
908 6 8
908 8 13
909 1 0
907 3 208
910 1 0
909 5 11
909 6 20
908 13 69
908 14 70
908 15 70
907 4 263
904 1 592
904 34 593
904 14 593
907 5 295
907 6 299
911 1 0
912 1 0
912 2 36
912 3 98
912 4 139
912 5 152
912 6 157
912 8 164
912 34 179
912 14 182
912 15 182
912 6 189
912 8 197
912 34 202
912 14 202
912 6 204
907 8 695
907 4 763
907 5 765
907 6 769
917 1 0
918 1 0
917 2 92
918 2 66
917 3 217
917 4 274
918 3 243
917 5 358
917 6 366
919 1 0
920 1 0
918 4 299
917 1 391
917 14 391
918 5 342
917 6 405
917 14 410
919 2 51
918 6 346
923 1 0
920 2 124
923 2 165
923 2 168
919 3 282
926 1 0
920 3 317
920 4 359
926 2 41
926 2 52
919 4 365
926 3 100
926 4 125
926 5 160
919 5 469
919 6 478
926 6 163
926 8 186
923 3 404
920 5 500
920 6 503
926 13 195
926 14 195
926 15 195
919 13 525
919 14 526
919 15 526
920 8 529
920 8 571
923 4 502
920 1 645
920 13 646
920 30 646
920 14 646
920 15 646
930 1 0
919 6 725
919 4 738
919 3 742
930 2 61
920 6 919
930 3 270
920 8 997
930 4 330
930 5 365
930 6 368
931 1 0
930 136 414
930 14 415
933 1 0
930 6 441
934 1 0
930 136 453
930 14 454
930 6 462
930 136 475
930 14 475
936 1 0
937 1 0
939 1 0
940 1 0
940 2 172
942 1 0
940 2 218
943 1 0
940 3 295
944 1 0
944 1 1
940 4 322
940 5 346
940 6 350
940 1 360
944 2 57
940 5 368
940 6 372
940 30 387
940 13 387
940 14 391
940 15 391
945 1 0
945 5 7
945 6 10
880 1 6196
880 5 6202
880 6 6206
945 2 108
880 8 6219
880 1 6225
880 34 6226
880 14 6228
880 15 6228
944 3 426
945 3 195
945 4 212
945 5 236
945 6 239
944 4 558
945 14 259
944 5 604
945 14 274
945 15 274
944 6 607
944 8 631
947 1 0
947 1 0
947 5 3
947 5 6
945 6 371
945 4 372
947 6 21
948 1 0
944 8 749
949 1 0
949 2 33
944 8 821
949 3 109
948 2 182
949 4 142
944 8 889
944 29 892
950 1 0
949 5 169
949 6 179
952 1 0
952 1 15
949 8 203
950 2 96
952 2 68
952 2 75
952 2 82
948 3 394
948 4 422
952 3 204
948 5 444
948 6 449
950 3 248
950 4 299
950 5 388
952 4 326
952 3 351
950 6 393
950 8 422
950 8 444
956 1 0
957 1 0
956 2 154
958 1 0
958 5 4
958 6 12
957 2 186
956 3 417
952 1 1041
958 8 347
952 2 1062
958 29 381
962 1 0
952 3 1103
956 4 587
964 1 0
952 4 1109
952 5 1173
952 6 1183
956 5 661
956 6 670
956 21 671
956 8 684
956 26 706
956 14 707
956 6 716
952 1 1229
952 13 1231
952 14 1231
952 15 1231
956 26 733
956 27 733
956 14 734
956 15 734
956 6 753
956 8 756
956 29 763
956 8 764
956 8 800
956 8 800
956 29 801
956 8 806
956 4 826
956 5 837
956 6 845
956 21 846
957 3 681
956 8 888
956 29 892
952 6 1408
952 8 1426
956 8 927
965 1 0
957 4 805
966 1 0
966 2 63
966 3 172
966 4 225
966 5 271
966 6 279
966 8 286
966 13 297
966 14 297
966 15 297
968 1 0
969 1 0
970 1 0
969 2 54
971 1 0
970 2 77
969 3 214
971 2 95
974 1 0
969 4 258
974 2 35
969 5 318
969 6 322
971 2 194
971 2 195
971 2 195
970 3 273
969 5 353
969 6 356
975 1 0
974 3 135
974 4 164
974 5 178
974 6 182
974 8 190
970 4 376
970 5 413
970 6 417
974 13 229
974 30 229
974 14 230
974 15 230
974 6 236
976 1 0
976 2 72
974 13 364
974 30 364
974 14 366
974 15 366
976 3 205
976 4 263
979 1 0
979 5 4
979 6 15
980 1 0
980 2 110
980 3 266
980 4 340
980 5 432
980 6 436
981 1 0
981 2 103
981 3 257
985 1 0
981 4 363
985 2 74
987 1 0
981 5 476
988 1 0
981 6 482
981 8 529
988 2 79
985 3 196
989 1 0
985 4 231
989 2 33
990 1 0
985 5 296
989 3 103
985 6 304
985 8 318
989 4 122
985 4 351
989 5 150
989 6 158
989 8 188
990 2 160
990 3 378
992 1 0
993 1 0
994 1 0
992 2 39
994 2 48
995 1 0
992 3 105
992 4 131
994 3 123
995 2 57
992 5 157
992 6 160
994 4 146
994 5 175
994 6 183
992 1 215
992 136 215
992 14 218
992 15 218
994 8 228
994 8 240
994 8 253
995 3 169
994 8 257
994 8 265
994 8 269
994 8 271
994 29 275
994 13 279
994 14 280
994 15 280
995 4 242
995 5 261
995 6 277
995 8 314
995 8 369
995 8 394
994 6 473
997 1 0
