0 2 52
0 3 128
0 4 151
0 5 262
0 6 270
0 8 307
0 8 320
0 8 325
9 2 90
9 7 229
10 2 126
11 1 0
10 3 324
12 1 0
10 5 410
10 6 414
10 14 429
12 2 145
16 1 0
17 1 0
10 5 669
10 7 674
18 1 0
17 2 95
16 7 222
16 1 238
16 14 242
16 6 249
16 7 249
17 4 373
12 5 718
17 5 448
12 6 727
12 21 729
17 6 455
22 1 0
17 14 497
17 15 507
22 2 37
20 3 275
22 3 126
22 4 158
22 5 185
22 6 195
22 7 195
20 5 400
20 7 403
24 1 0
24 6 11
24 7 11
22 25 471
22 5 472
22 7 479
24 28 131
24 1 178
24 2 202
24 4 257
24 5 267
24 6 273
24 29 308
24 29 325
24 8 331
24 29 338
24 1 344
24 13 344
24 30 344
24 14 345
31 1 0
32 1 0
32 2 49
32 3 149
33 1 0
32 4 182
33 2 72
33 4 313
33 6 358
33 7 358
33 8 392
33 19 406
33 14 409
33 6 418
35 1 0
33 8 443
33 13 449
35 2 70
36 1 0
36 3 171
35 4 249
35 6 307
36 5 307
36 6 316
36 7 316
36 8 323
35 1 383
35 19 383
35 14 385
35 15 385
36 1 343
36 6 365
36 7 365
36 1 382
36 5 389
37 1 0
33 7 1302
38 1 0
38 2 206
38 4 372
38 5 441
38 6 448
38 21 452
38 1 510
38 13 510
38 14 511
38 15 511
40 2 81
40 3 241
38 7 946
38 15 969
40 21 385
40 1 414
40 14 417
40 15 417
40 19 429
40 15 431
40 6 442
40 7 442
40 15 446
40 25 452
40 6 452
40 7 452
41 1 0
41 4 291
42 1 0
41 5 365
41 6 371
43 1 0
42 6 305
42 7 305
42 21 307
42 19 323
42 4 349
44 1 0
44 3 264
44 4 318
44 5 387
45 1 0
45 2 49
45 4 168
45 5 187
45 6 192
45 14 202
45 15 203
46 1 0
47 1 0
46 3 307
47 5 222
46 6 418
46 7 418
47 7 238
46 8 432
46 19 439
46 34 439
46 15 441
48 1 0
48 2 76
48 3 211
48 4 271
48 7 327
50 1 0
50 2 71
50 5 230
50 6 232
51 1 0
53 1 0
53 2 46
53 3 160
53 6 247
53 19 268
53 15 274
53 6 288
53 7 289
53 14 302
53 15 302
53 6 320
53 7 320
53 14 336
53 15 337
53 6 359
53 7 360
53 13 369
53 14 369
53 15 369
55 3 179
55 4 230
55 7 269
56 1 0
56 2 322
56 3 491
56 5 589
56 6 605
56 7 605
56 1 627
56 14 631
56 15 631
57 1 0
58 1 0
59 1 0
59 2 35
58 3 219
58 4 254
61 1 0
58 8 325
59 5 237
59 7 253
59 8 284
59 8 299
59 8 309
59 34 322
59 14 323
59 25 330
59 7 330
59 8 335
62 3 174
62 6 265
62 7 265
62 8 274
63 2 391
64 1 0
64 3 136
64 4 173
64 5 196
64 7 199
64 8 203
64 8 209
64 8 218
64 8 231
64 8 241
64 13 280
64 14 284
64 15 284
63 3 904
63 5 956
65 6 21
65 7 22
66 2 60
66 3 244
66 6 331
67 1 0
68 1 0
69 1 0
70 2 97
71 2 44
70 4 367
70 5 384
70 6 388
70 7 388
71 3 127
71 4 191
71 5 247
71 6 252
72 2 133
73 1 0
74 1 0
72 4 293
73 2 50
72 5 345
74 2 64
75 1 0
72 29 420
73 3 202
74 3 180
70 8 1123
70 19 1136
70 34 1136
70 14 1136
72 8 525
74 4 243
70 25 1144
70 6 1144
70 7 1144
70 19 1169
70 34 1169
70 14 1172
72 4 545
72 3 549
74 7 270
75 3 286
77 1 0
77 5 8
77 6 11
77 7 11
78 1 0
75 4 347
76 3 359
76 5 439
76 19 485
76 34 485
76 14 485
76 6 500
76 8 502
76 13 504
76 14 505
76 15 505
79 1 0
80 1 0
80 2 56
81 2 54
82 1 0
82 5 2
82 6 12
82 1 24
82 13 24
82 14 26
81 3 123
81 5 182
81 7 190
81 8 199
81 8 210
80 3 270
80 3 318
79 5 395
79 6 408
79 7 408
77 8 799
82 6 298
82 7 298
82 30 301
82 15 301
77 14 806
77 15 806
79 8 548
79 8 560
79 8 566
79 8 586
79 8 608
79 29 635
79 8 637
79 29 650
79 29 655
79 8 700
79 19 745
79 34 745
79 14 747
79 15 747
82 25 602
82 6 602
82 7 602
79 25 759
79 6 760
79 7 760
82 13 607
82 14 609
82 15 609
79 29 774
79 8 790
79 8 815
79 8 824
79 8 879
79 29 884
84 1 0
84 5 13
84 6 20
84 8 37
85 1 0
87 5 5
87 6 8
87 7 9
87 14 14
86 5 208
86 8 227
88 1 0
86 8 330
89 2 67
86 4 381
77 1 3015
77 5 3026
77 6 3030
88 2 203
90 1 0
89 3 213
89 4 253
89 5 306
89 6 312
89 7 313
91 1 0
89 13 365
89 14 366
89 15 366
92 1 0
88 2 548
91 3 291
93 1 0
94 1 0
93 2 31
95 1 0
94 2 56
91 5 410
91 7 415
93 4 110
91 8 436
91 8 461
93 5 135
93 6 142
91 8 468
94 3 167
93 8 161
88 4 861
91 8 506
91 8 519
94 4 211
91 19 565
91 7 578
94 5 232
94 6 246
96 2 41
97 2 63
96 3 118
88 5 1162
88 6 1169
88 7 1169
98 1 0
98 1 50
96 6 192
96 8 211
96 13 227
99 1 0
99 2 119
97 5 424
97 6 428
97 7 428
101 2 57
97 8 497
100 2 112
97 8 506
101 3 147
97 8 540
97 8 544
97 8 565
102 1 0
99 4 488
103 1 0
102 2 96
104 1 0
99 6 603
99 8 617
99 34 626
105 1 0
102 4 242
102 6 337
105 2 126
106 3 160
103 6 414
106 4 210
106 5 255
106 6 265
106 7 265
105 4 304
106 1 292
106 13 293
106 14 294
108 1 0
105 5 358
105 7 367
108 2 67
105 1 414
105 19 414
105 6 440
106 7 448
106 6 448
110 1 0
106 13 457
106 30 457
106 14 458
106 15 458
110 2 27
100 6 1133
100 8 1141
112 1 0
110 3 119
100 14 1203
112 2 61
110 5 160
110 7 164
100 6 1216
100 14 1225
100 14 1235
110 13 172
110 14 173
110 15 173
111 2 122
100 1 1335
100 25 1359
100 5 1362
112 3 194
113 1 0
100 6 1372
100 7 1372
113 5 6
113 6 10
113 8 16
113 8 23
113 8 27
100 19 1400
112 4 265
114 1 0
115 2 72
111 3 482
114 3 124
114 4 159
114 5 204
114 6 208
114 7 208
114 13 228
114 30 228
114 14 230
114 15 230
111 4 631
111 4 763
111 5 769
111 6 777
111 7 778
111 8 781
115 4 393
111 8 802
112 8 787
112 1 822
112 13 822
112 15 823
117 1 0
115 5 463
115 7 474
118 1 0
119 1 0
115 13 554
115 14 555
115 15 555
118 2 31
120 1 0
121 1 0
118 3 124
117 3 212
118 6 210
118 7 210
117 4 283
118 8 234
112 5 1125
112 6 1132
112 7 1132
112 29 1139
112 14 1141
118 1 260
118 13 260
112 25 1162
112 6 1162
117 5 329
120 3 258
117 1 359
117 13 359
117 30 360
117 14 360
123 1 0
120 4 310
118 7 372
118 13 374
118 30 375
124 1 0
120 7 377
124 2 56
122 2 75
120 14 391
120 6 414
120 8 418
121 4 405
125 1 0
120 13 488
120 15 489
122 3 211
125 6 9
125 7 9
125 26 14
125 14 15
125 6 25
125 7 25
125 8 30
126 1 0
125 8 49
123 3 253
127 1 0
121 5 475
121 6 484
129 1 0
122 5 333
122 6 344
127 2 108
122 7 345
128 3 138
123 5 399
123 7 407
122 15 409
123 8 460
124 5 454
124 6 460
124 7 460
124 21 461
124 8 471
126 4 300
124 34 478
124 14 479
124 25 483
124 7 483
124 19 492
124 14 493
124 25 496
124 8 500
124 19 502
124 7 507
131 1 0
123 14 557
123 15 557
126 6 341
124 8 529
124 25 539
124 6 539
124 7 539
124 8 552
124 19 555
124 34 555
124 14 556
124 25 559
124 7 559
124 8 565
124 19 566
124 34 566
132 8 5
132 6 5
132 7 5
133 1 0
124 14 570
124 15 570
124 7 572
131 2 64
134 1 0
135 1 0
135 6 11
135 7 11
131 3 179
127 4 507
135 19 72
135 14 93
135 15 93
134 2 108
127 5 543
127 6 551
127 7 551
127 8 560
127 8 574
134 2 147
134 2 177
131 5 288
133 4 194
133 5 227
133 6 231
133 7 231
133 8 238
133 29 240
131 6 295
131 8 313
131 13 358
131 14 359
131 15 359
137 1 0
135 7 264
135 136 274
135 14 275
131 6 418
131 30 422
131 14 425
131 15 425
138 1 0
139 1 0
140 1 0
141 1 0
142 1 0
138 2 63
143 1 0
139 2 119
141 2 131
115 1 2069
115 5 2078
115 13 2091
115 14 2091
115 15 2091
141 3 264
141 6 362
141 7 362
143 5 292
143 7 304
141 8 380
141 8 394
141 8 441
141 34 449
141 14 449
139 3 492
122 6 1583
122 7 1583
139 5 628
146 1 0
148 1 0
146 2 44
149 1 0
139 1 702
139 30 708
139 14 711
146 5 199
146 7 225
145 4 242
145 6 275
145 7 275
146 19 274
152 1 0
145 13 319
145 14 320
145 15 320
146 25 306
146 6 318
146 7 324
153 1 0
146 8 336
146 8 354
154 1 0
150 5 255
151 2 207
122 8 2035
150 6 269
150 7 269
150 8 280
155 1 0
155 5 10
127 4 1801
127 5 1804
146 8 402
122 13 2040
122 30 2040
122 14 2042
122 15 2042
146 34 403
146 19 403
146 14 413
155 8 34
146 6 417
146 8 422
146 8 427
146 8 442
155 1 78
155 6 89
152 3 174
158 1 0
157 2 80
156 3 150
159 1 0
160 1 0
159 2 40
156 7 228
156 6 228
159 3 111
161 1 0
158 3 147
158 4 173
144 3 1111
158 6 208
158 7 208
162 1 0
152 5 424
159 4 184
160 3 193
151 3 609
159 6 214
159 7 214
158 14 259
158 15 259
158 25 273
158 6 273
158 7 274
158 8 277
144 5 1204
152 8 467
164 1 0
160 3 232
165 1 0
158 19 297
158 6 302
158 7 302
157 3 370
159 8 289
158 13 322
158 14 323
166 1 0
159 8 299
152 8 578
157 6 463
157 7 463
151 4 763
167 1 0
168 5 14
152 1 645
152 26 646
152 14 647
157 3 514
168 14 34
169 1 0
151 21 847
169 2 58
151 14 894
167 2 128
170 1 0
171 1 0
170 2 44
172 1 0
167 3 241
167 4 271
173 1 0
170 3 107
169 3 213
170 4 133
169 4 244
166 3 380
174 1 0
167 6 319
167 7 319
173 2 60
170 7 177
169 6 262
169 7 263
169 8 268
167 8 357
169 6 311
166 4 450
167 15 373
169 8 317
176 1 0
175 2 29
165 4 571
166 6 528
170 136 303
170 14 303
170 25 308
170 7 308
169 2 394
166 15 540
177 2 47
170 19 326
170 14 326
165 7 620
144 29 1885
144 13 1891
144 30 1892
144 14 1892
144 15 1892
165 8 699
176 4 182
178 2 113
170 19 433
170 136 433
170 14 436
179 1 0
181 1 0
176 5 223
176 6 224
176 7 225
175 5 216
175 6 222
178 2 147
182 2 31
183 1 0
174 3 333
179 2 50
181 2 43
177 6 270
177 7 271
174 4 388
174 3 397
169 4 664
165 4 882
169 5 675
169 6 682
169 7 682
176 8 362
177 13 368
177 30 368
177 15 369
165 6 920
182 3 163
179 3 192
165 8 949
165 34 949
165 19 949
165 6 955
165 8 959
169 2 736
181 3 191
166 6 917
166 7 917
166 4 917
151 6 1608
151 7 1609
151 21 1611
165 4 975
169 6 775
182 7 265
181 5 305
182 8 305
185 5 1
185 6 18
185 1 22
185 14 23
181 6 320
182 29 310
182 8 311
186 1 0
185 8 31
185 19 40
185 34 40
182 1 340
178 4 497
173 6 701
173 4 718
179 6 394
185 19 64
185 14 65
185 6 69
185 8 72
185 8 75
185 8 85
183 2 350
183 2 356
183 2 357
185 19 89
185 14 95
185 15 95
185 7 96
185 2 117
185 6 146
185 8 150
185 8 156
185 8 160
185 29 167
179 25 499
179 6 514
185 14 184
178 6 648
178 7 648
178 21 649
187 1 0
187 2 35
187 3 109
178 29 821
189 1 0
187 5 170
178 29 860
187 6 185
187 7 185
189 2 82
178 8 966
190 2 71
191 1 0
192 1 0
189 3 204
193 1 0
184 4 732
184 5 768
184 13 790
193 2 62
197 1 0
192 6 137
192 7 137
190 3 231
192 8 153
192 29 159
192 8 160
192 13 167
192 14 169
196 2 55
196 2 65
189 5 364
198 1 0
192 7 189
192 13 201
192 30 201
192 14 201
192 15 201
197 2 98
189 6 380
189 21 383
164 3 1875
189 14 440
199 2 63
198 2 86
193 4 242
190 4 384
196 3 203
194 29 277
200 2 43
201 1 0
199 3 115
193 7 288
190 6 444
190 7 444
196 4 241
193 26 315
193 14 319
193 15 319
201 2 57
196 6 291
200 3 121
199 8 207
202 2 58
203 1 0
204 1 0
204 5 10
196 8 328
196 14 340
197 3 341
204 1 26
204 13 26
204 15 33
196 6 359
196 7 359
200 29 217
200 8 229
205 1 0
200 8 235
200 13 257
200 30 257
200 15 258
197 4 400
164 5 2141
164 6 2157
164 7 2157
202 5 221
202 6 237
202 7 237
197 5 466
164 8 2199
197 6 483
206 1 0
202 8 296
197 8 552
195 5 582
195 6 597
202 8 358
200 25 470
200 6 470
201 3 413
205 2 247
208 6 22
200 13 474
200 30 474
200 14 474
200 15 474
195 13 646
195 14 646
203 2 321
201 4 449
205 2 278
197 8 690
201 6 510
201 7 510
209 1 0
197 4 735
201 8 556
201 136 572
201 14 573
210 1 0
201 6 608
201 8 617
211 1 0
203 3 551
205 3 499
205 4 502
210 2 87
211 2 35
203 4 588
212 1 0
203 5 618
203 7 629
211 3 114
192 6 1089
192 7 1089
205 5 607
205 6 614
198 4 905
211 4 143
198 5 962
211 5 172
211 6 182
209 3 259
205 8 668
205 1 676
205 15 679
198 6 971
198 7 972
211 8 206
213 1 0
213 5 7
198 30 1005
198 14 1007
198 15 1007
209 3 326
213 6 23
213 8 47
214 1 0
210 3 327
215 1 0
216 1 0
203 8 865
209 5 439
210 5 429
209 7 448
210 6 444
210 7 444
178 3 2306
210 8 475
178 6 2346
178 7 2346
213 29 197
213 29 200
210 8 496
218 1 0
178 8 2361
213 29 203
213 8 217
216 3 142
203 8 1001
209 8 543
210 30 526
210 13 526
210 14 533
210 15 533
178 13 2402
178 14 2409
178 15 2409
217 3 99
209 8 559
210 6 553
210 7 553
215 3 190
216 5 209
209 6 604
209 13 609
209 30 609
219 1 0
216 6 223
203 8 1075
203 8 1087
219 2 46
217 7 179
217 8 191
209 7 652
209 30 659
209 6 672
209 7 672
217 14 206
203 13 1141
203 15 1141
221 1 0
209 8 676
209 30 679
209 15 683
215 5 350
215 6 353
217 25 267
217 6 267
217 7 267
217 8 273
217 8 275
217 13 278
217 14 279
209 25 756
209 6 757
209 7 757
209 30 761
209 15 764
219 4 153
221 2 96
222 5 39
222 6 42
222 7 43
219 15 207
223 1 0
217 6 411
222 8 87
224 1 0
214 5 566
217 13 460
217 30 460
217 14 461
217 15 461
221 3 250
214 6 575
214 7 575
217 6 549
217 7 549
217 13 553
217 14 554
217 15 554
222 1 230
222 8 240
222 6 240
221 4 348
222 8 270
226 1 0
222 19 295
222 34 295
222 14 296
227 1 0
225 2 84
224 2 211
221 6 417
221 7 417
221 13 443
221 15 445
224 2 243
214 13 842
214 14 843
214 15 843
229 1 0
229 2 50
232 1 0
233 1 0
225 3 312
230 2 83
232 8 30
232 7 31
234 1 0
225 4 398
231 2 88
229 3 153
225 6 439
225 7 439
230 2 240
225 8 497
229 6 263
229 8 279
225 8 551
235 5 2
231 4 306
236 1 0
237 1 0
239 1 0
240 1 0
231 7 427
238 2 104
240 2 42
229 13 523
229 14 523
229 15 523
241 1 0
230 4 534
237 3 149
237 4 170
237 5 205
214 6 1507
214 26 1516
237 6 209
237 8 231
237 4 254
230 6 695
230 7 695
238 4 261
240 6 242
240 7 242
241 3 171
240 13 261
240 14 261
240 15 261
230 19 732
240 6 281
240 30 289
240 14 290
240 15 290
243 1 0
241 5 240
241 6 256
230 13 770
230 14 777
230 15 777
241 8 280
230 7 815
240 6 369
240 7 369
243 2 63
230 4 817
230 3 818
242 2 223
240 8 372
241 5 328
241 6 337
241 7 337
241 13 344
245 2 92
241 6 384
241 7 384
241 8 396
241 13 399
241 14 400
241 15 400
241 7 404
241 8 405
241 13 407
247 1 0
248 1 0
243 4 324
244 5 321
246 3 200
248 2 39
243 6 365
243 7 367
249 1 0
247 4 138
246 4 264
251 1 0
250 6 20
250 8 35
247 5 153
247 6 156
246 7 317
248 3 175
249 2 98
248 4 219
242 3 723
253 1 0
248 6 260
248 7 260
252 2 138
251 2 191
244 29 638
253 2 85
254 1 0
252 3 226
244 8 688
255 1 0
254 2 90
257 1 0
258 1 0
252 7 297
242 5 907
242 6 914
242 7 914
249 3 360
249 4 408
258 2 41
258 2 44
256 2 82
259 2 52
257 2 88
249 7 499
261 1 0
255 2 177
249 8 529
249 8 536
260 2 53
253 3 370
262 2 46
254 3 285
263 1 0
264 1 0
265 1 0
266 1 0
242 7 1171
242 21 1175
251 3 573
265 2 46
263 2 57
242 8 1189
253 4 477
255 3 327
267 1 0
261 3 165
256 4 372
259 3 327
254 5 427
265 3 129
255 4 377
262 4 214
253 5 575
265 4 163
253 6 580
268 6 10
268 7 10
268 30 19
268 14 21
268 15 21
263 3 162
259 4 386
265 5 197
265 7 202
255 5 443
255 6 447
255 8 456
271 1 0
263 6 210
263 7 210
264 3 214
265 14 217
273 1 0
269 2 51
263 8 224
263 8 232
260 4 352
275 1 0
270 2 61
258 4 479
263 1 273
263 13 273
263 15 273
260 7 390
260 21 392
273 2 64
271 2 70
255 8 547
266 3 260
244 13 1253
244 14 1255
244 15 1255
262 7 363
276 1 0
251 5 862
251 7 878
251 6 878
264 1 313
264 13 313
264 30 313
264 15 316
260 8 456
254 13 655
254 14 656
254 15 656
277 1 0
251 8 891
251 19 900
251 34 900
251 7 911
260 8 471
259 1 546
259 13 547
259 30 548
266 4 353
277 2 42
251 19 938
251 136 938
251 14 942
251 6 947
251 7 947
260 34 498
260 26 516
260 14 517
254 7 711
254 30 725
254 14 726
254 15 726
269 4 222
269 3 228
266 5 387
266 7 391
256 14 655
251 19 964
251 136 965
251 14 966
251 7 970
279 1 0
269 4 248
255 29 693
255 8 696
256 6 688
256 8 695
256 26 706
256 14 710
280 1 0
265 6 445
275 3 220
255 13 706
255 14 710
258 6 675
258 7 675
264 6 475
264 7 475
264 4 479
281 1 0
278 2 84
271 3 298
256 26 754
256 14 755
256 7 758
281 2 34
269 8 348
258 8 731
284 1 0
256 8 779
256 26 789
256 14 791
256 7 797
255 6 801
271 4 349
255 27 808
255 15 812
276 4 223
277 4 215
256 8 810
285 2 39
271 5 379
272 7 374
277 5 237
272 8 382
277 7 252
264 5 591
287 1 0
264 7 603
275 5 369
275 6 380
275 7 380
275 21 381
272 8 405
277 8 272
264 30 615
264 14 617
280 3 178
269 8 472
270 4 487
283 3 141
269 13 494
269 15 494
288 1 0
288 6 20
275 8 450
275 8 465
270 5 526
289 1 0
283 4 185
285 3 171
291 1 0
281 4 216
259 1 921
280 6 282
287 3 162
259 2 938
259 5 964
285 4 249
281 6 276
281 7 276
292 1 0
259 7 971
259 8 985
281 34 306
281 6 310
281 7 310
281 8 316
281 6 321
294 1 0
292 2 50
259 1 1000
285 6 282
285 19 307
281 8 340
281 15 345
290 2 151
285 15 314
285 6 331
285 4 334
285 3 335
293 2 107
287 4 291
278 5 512
293 2 118
293 2 127
295 1 0
278 6 526
255 5 1189
255 6 1195
255 7 1195
293 2 149
255 8 1204
287 6 347
294 4 168
296 1 0
278 8 595
255 8 1257
290 3 296
294 5 192
294 8 210
255 14 1291
294 8 235
278 4 649
278 3 655
297 5 2
297 6 18
297 7 18
290 5 359
294 8 249
294 8 254
294 8 258
298 1 0
297 1 21
297 5 23
297 6 28
297 34 40
257 5 1330
297 14 40
297 7 45
290 30 385
290 14 386
294 19 305
294 34 306
292 3 354
257 6 1341
257 7 1341
297 34 64
297 6 67
297 7 67
255 6 1371
255 7 1371
297 19 89
297 34 89
299 2 65
295 3 212
257 1 1407
257 13 1410
257 30 1410
301 1 0
290 25 498
290 13 504
290 30 504
295 5 285
295 6 296
303 1 0
298 3 164
301 2 31
296 3 262
303 5 36
298 4 191
304 2 13
304 2 17
304 2 19
304 2 19
303 6 41
303 7 42
303 8 62
298 5 213
298 7 222
299 3 208
305 1 0
298 8 253
298 13 263
298 14 264
298 25 266
306 6 9
306 7 9
296 4 355
303 1 102
298 8 269
298 13 281
298 30 281
298 14 281
298 15 281
307 1 0
305 2 53
303 7 129
303 8 134
303 1 163
303 5 180
303 6 186
303 7 187
296 5 434
296 6 438
296 4 448
296 5 451
296 7 458
303 8 194
298 25 363
296 8 487
298 8 399
301 3 270
298 29 406
298 29 410
306 19 145
306 15 151
303 8 253
308 2 33
299 6 416
305 6 232
305 1 242
305 14 243
303 1 314
305 14 253
303 2 352
308 3 139
301 7 393
296 29 624
296 14 629
309 2 148
296 6 661
296 7 661
303 4 424
296 14 673
296 26 677
303 3 433
310 1 0
303 4 488
311 1 0
303 5 493
303 6 498
303 1 506
303 13 507
303 30 508
303 15 511
309 3 245
307 3 415
309 4 294
309 7 326
307 4 485
309 19 354
309 136 354
309 14 357
309 15 357
309 25 368
309 6 368
309 8 373
307 5 580
255 29 2208
301 15 748
307 6 589
255 8 2235
307 8 652
307 8 695
313 1 0
307 8 711
313 2 27
255 2 2375
314 1 0
307 8 778
301 7 949
301 3 950
314 2 42
315 1 0
316 1 0
313 3 106
307 8 808
255 3 2428
313 4 133
315 2 49
307 13 838
307 14 839
255 5 2455
255 7 2459
255 8 2476
316 2 56
313 7 163
313 8 181
313 14 202
313 15 202
313 25 282
313 6 282
313 7 282
255 14 2626
255 15 2626
319 1 0
320 1 0
314 7 261
314 6 261
313 13 294
313 15 295
315 3 226
313 7 345
313 8 350
318 2 107
313 13 356
313 15 357
293 4 1659
315 4 305
315 5 343
293 6 1716
293 7 1716
317 3 229
315 4 359
315 6 370
315 4 372
315 3 373
319 3 174
296 7 1544
319 4 223
316 5 422
316 7 429
316 21 431
319 5 263
319 6 275
319 7 276
322 1 0
323 1 0
325 1 0
319 19 308
319 14 309
326 1 0
326 5 2
326 6 6
326 7 6
319 19 359
319 14 361
319 15 361
321 2 180
319 6 376
325 2 108
317 6 485
319 15 386
321 2 199
319 6 388
319 7 388
321 2 218
321 2 220
322 3 154
323 3 136
327 1 0
328 1 0
322 6 245
322 7 245
323 5 235
325 3 262
323 6 243
327 2 95
330 1 0
331 1 0
329 2 106
332 1 0
328 4 266
333 1 0
328 6 285
328 8 308
325 5 534
329 3 216
333 2 43
325 7 546
328 4 359
328 6 367
328 7 367
328 8 371
325 8 594
325 1 621
325 5 624
329 4 306
333 4 145
327 3 493
329 6 376
329 7 376
333 5 202
333 6 209
333 7 209
329 8 394
329 19 404
333 8 217
327 4 537
328 8 515
329 25 424
329 7 425
328 13 561
328 14 565
328 15 565
335 1 0
327 5 681
327 6 684
327 7 684
328 7 641
335 1 47
336 2 70
338 1 0
336 4 295
336 5 344
336 30 377
336 14 378
336 15 378
337 5 254
337 6 261
337 7 261
339 1 0
337 14 287
336 6 486
336 7 486
336 13 494
336 30 494
336 15 496
340 1 0
341 1 0
340 2 37
339 4 251
342 1 0
339 5 328
342 2 40
339 6 336
339 7 336
339 21 337
339 30 377
339 14 378
339 15 378
340 3 260
343 1 0
344 1 0
345 1 0
342 4 188
340 4 351
340 5 371
340 6 372
346 1 0
340 14 399
340 15 399
346 2 46
347 1 8
347 8 18
347 6 18
342 5 237
342 6 247
342 7 247
339 6 549
339 7 549
339 13 559
339 30 559
339 14 559
339 15 559
345 2 99
342 8 262
342 13 288
342 30 288
342 15 289
348 2 44
346 3 158
346 4 178
348 3 142
346 5 250
350 1 0
348 5 201
344 3 310
345 3 366
351 1 0
351 5 5
351 8 28
352 2 35
344 4 485
345 4 472
349 5 257
356 1 0
349 6 266
353 2 55
350 2 238
341 3 829
349 7 267
344 5 532
344 6 546
344 7 546
345 6 531
345 7 531
345 21 532
345 8 542
345 8 542
352 3 118
344 4 557
352 4 147
359 1 0
360 1 0
353 3 167
341 8 937
352 5 165
352 6 177
352 21 178
354 3 164
352 7 208
359 2 72
353 4 212
353 5 226
353 6 232
353 7 232
354 6 222
354 7 222
345 8 681
361 2 46
355 4 204
354 25 255
354 7 258
353 8 280
353 8 288
350 3 458
354 13 260
354 30 260
354 14 261
354 15 261
354 6 265
354 13 271
354 30 271
354 14 275
354 15 275
360 3 142
353 8 294
345 8 757
355 5 255
360 4 176
355 8 287
359 3 202
360 6 200
360 7 200
350 4 536
360 8 237
345 8 836
345 8 836
350 5 579
360 4 254
360 3 256
350 6 591
350 14 607
350 15 607
361 3 203
363 1 0
363 5 4
363 6 8
360 25 274
360 5 275
360 6 283
360 7 284
359 4 292
363 2 37
363 7 58
363 21 61
361 5 283
361 7 287
363 4 93
363 5 101
363 6 104
363 8 111
359 6 398
359 7 398
363 4 120
363 3 125
361 1 341
361 136 341
361 14 341
359 30 407
359 14 409
359 15 409
364 1 0
345 8 1006
364 2 54
345 5 1054
345 7 1061
345 21 1062
365 1 0
345 8 1148
365 2 48
367 1 0
366 2 55
366 2 63
368 1 0
364 4 224
364 5 235
345 26 1220
367 2 54
364 6 242
364 7 242
364 8 269
345 25 1270
345 7 1270
368 2 59
364 1 273
364 19 273
364 34 273
364 14 274
345 8 1275
369 2 79
366 3 171
370 1 0
370 1 0
345 13 1380
345 15 1381
345 6 1401
345 7 1401
345 26 1411
345 14 1412
369 3 172
365 3 328
366 6 254
366 7 254
367 3 246
368 4 220
371 1 0
371 5 2
369 5 207
369 6 211
369 7 211
365 5 395
365 7 399
368 5 279
367 4 324
368 8 314
367 5 360
368 8 329
367 21 373
368 8 359
368 8 364
368 8 382
365 14 511
365 15 511
359 25 1027
359 7 1027
367 8 409
372 2 91
365 6 568
365 8 570
365 34 586
374 1 0
367 8 460
363 5 829
363 21 835
363 1 836
365 7 606
367 13 495
367 30 495
367 14 497
367 15 497
363 5 843
363 6 846
363 7 846
363 25 865
363 5 866
373 2 70
363 7 871
363 8 876
363 7 916
368 19 663
368 34 663
368 14 663
372 3 351
373 3 267
373 4 298
374 3 299
373 5 331
378 1 0
372 6 446
372 7 446
372 8 452
372 8 462
373 8 361
373 8 364
379 1 0
372 8 469
372 8 474
373 4 399
374 5 382
374 6 385
374 8 405
372 29 498
372 13 501
372 14 501
373 6 411
373 8 418
374 29 432
380 2 43
381 1 0
374 30 457
374 14 460
374 15 460
381 2 48
373 19 521
373 34 521
382 1 0
377 3 255
377 4 282
381 5 183
381 6 199
381 7 199
377 7 352
380 3 253
382 3 137
384 1 0
381 13 251
381 14 251
381 15 251
374 1 722
380 5 335
380 6 339
380 7 339
380 21 341
385 2 57
380 19 367
380 14 370
380 25 379
380 14 388
380 15 388
377 25 491
377 5 491
377 6 495
378 3 473
377 8 508
387 1 0
384 3 179
378 4 527
377 25 551
377 6 554
377 7 554
377 8 567
387 2 38
384 4 217
387 3 84
378 5 604
378 6 608
385 3 257
387 4 107
387 5 142
387 7 151
365 8 1606
385 5 416
378 27 771
378 14 774
378 15 774
385 7 428
378 6 813
378 7 813
378 2 847
385 8 495
389 1 0
378 5 882
378 6 888
389 2 46
391 1 0
378 7 889
392 1 0
388 2 135
392 2 50
389 3 196
390 2 189
393 1 0
388 3 261
388 4 306
394 1 0
395 1 0
396 1 0
394 2 31
394 2 36
392 4 217
392 5 241
395 2 38
388 8 359
388 8 365
388 8 370
389 6 335
392 7 250
392 1 269
392 13 269
389 8 360
389 8 368
393 3 140
390 3 353
388 8 427
389 8 385
389 8 391
388 8 451
390 4 389
397 1 0
393 4 198
395 4 159
398 1 0
388 8 530
393 7 249
393 14 257
393 15 257
395 5 216
395 6 220
395 7 221
397 2 79
400 1 0
398 2 45
388 13 579
388 14 581
388 15 581
399 6 19
399 7 19
401 1 0
396 3 300
401 2 44
400 2 86
402 1 0
404 1 0
405 1 0
397 4 265
406 1 0
407 1 0
404 2 74
397 5 304
397 6 307
403 2 68
401 4 189
396 5 434
396 6 439
396 7 439
396 21 442
401 6 212
406 2 74
409 5 4
409 7 13
409 30 19
409 14 19
398 3 352
400 3 303
387 8 1188
387 13 1202
387 30 1202
398 4 393
403 3 241
387 14 1205
387 15 1205
400 4 375
411 2 63
412 1 0
396 8 618
396 1 635
403 4 287
405 5 269
405 7 272
411 2 104
400 6 446
400 7 446
412 2 58
414 1 0
414 1 4
400 8 486
396 26 715
396 14 722
403 5 380
403 6 390
403 7 390
415 1 0
400 4 497
400 5 501
400 7 504
404 5 405
400 14 520
400 15 520
396 25 739
396 6 739
396 7 739
413 2 48
404 6 419
404 7 419
406 3 383
398 5 621
398 6 629
400 6 559
400 7 559
400 8 571
404 30 467
404 14 467
404 15 467
400 4 583
403 8 477
416 1 0
412 4 214
403 8 502
406 4 456
411 4 318
403 8 518
398 8 709
415 4 172
398 34 731
398 14 731
412 5 261
414 4 194
412 4 277
403 2 552
406 6 500
406 7 501
405 8 543
298 1 7364
412 3 281
398 7 745
298 6 7377
416 3 95
412 3 304
412 4 307
406 4 540
418 1 0
398 8 786
412 5 309
412 6 311
414 5 234
414 6 238
412 19 322
412 14 325
412 15 325
412 25 337
412 6 337
412 7 338
413 3 276
411 5 397
411 6 400
403 3 623
417 2 26
418 2 41
412 2 368
398 8 827
412 25 371
412 5 372
412 19 384
412 14 384
416 6 201
412 6 394
413 4 345
412 19 399
412 6 403
418 3 144
413 6 385
413 7 385
413 1 432
413 19 432
413 14 433
418 4 197
398 8 957
413 6 442
413 7 442
417 5 210
413 19 467
413 14 469
413 15 469
413 6 476
413 7 476
419 2 35
417 6 221
418 6 246
418 7 246
418 8 265
398 34 1017
398 14 1029
421 1 0
398 25 1042
398 6 1042
398 7 1042
398 8 1062
417 8 279
417 8 290
418 8 304
418 29 316
418 8 317
418 13 320
421 2 53
398 19 1117
398 14 1118
398 25 1125
422 5 7
422 6 13
422 7 14
398 6 1125
398 7 1125
421 3 143
404 6 1042
404 7 1043
424 5 3
419 3 257
424 8 18
421 4 174
419 4 279
419 5 289
419 7 294
421 5 204
421 6 210
419 13 309
425 1 0
414 8 753
414 29 756
426 1 0
421 1 261
421 15 262
414 29 792
427 1 0
414 8 814
428 6 9
428 7 9
429 1 0
430 5 5
428 29 41
427 2 72
431 1 0
431 5 2
431 6 18
431 7 18
423 4 340
427 3 191
423 5 374
423 7 378
421 25 521
421 7 521
421 13 523
421 14 524
427 4 253
433 1 0
421 6 563
421 13 566
421 30 566
421 14 567
421 15 567
427 5 302
423 8 462
423 8 466
421 25 583
421 6 583
421 7 583
421 13 586
421 14 589
421 15 589
427 6 315
427 7 316
427 8 344
427 8 354
434 1 0
424 8 526
427 5 408
427 6 424
427 8 429
427 8 436
427 8 444
434 2 55
427 8 478
433 2 183
427 34 488
427 14 489
427 25 502
427 6 502
434 3 159
421 25 827
421 7 827
421 30 833
421 15 834
432 4 329
434 5 222
434 6 234
434 7 234
432 7 375
432 8 383
421 25 910
421 7 910
421 8 915
421 13 918
421 30 918
421 14 919
421 15 919
433 3 370
436 1 0
432 8 430
437 1 0
433 4 427
421 25 1026
421 7 1026
437 2 66
421 13 1038
421 30 1038
433 6 532
436 2 150
438 2 126
439 1 0
440 1 0
437 3 184
421 6 1173
421 7 1173
440 2 28
433 1 614
433 30 615
433 14 615
433 15 615
437 4 227
421 13 1185
421 14 1186
441 1 0
437 5 284
437 6 290
441 2 69
437 8 333
438 4 347
442 1 0
437 7 397
443 1 0
428 1 1089
438 6 418
438 7 418
437 8 455
444 1 0
443 2 39
441 3 253
445 1 0
438 13 457
438 15 458
438 6 479
438 7 479
446 1 0
438 14 484
438 6 493
438 7 493
440 7 358
440 29 371
448 1 0
446 2 33
447 2 44
428 5 1189
428 8 1210
450 1 0
438 13 530
438 15 530
441 4 344
443 3 168
451 1 0
451 1 0
441 5 369
441 6 373
441 7 373
445 2 118
450 2 47
441 14 404
441 15 404
441 6 415
446 3 105
447 3 135
451 2 60
436 4 659
441 14 421
441 7 425
441 8 432
446 4 134
453 1 0
443 6 252
441 8 447
441 8 455
441 8 463
446 5 171
447 4 180
443 8 290
443 8 299
443 8 305
443 8 310
450 3 171
436 6 749
436 7 749
441 14 515
441 15 515
447 6 240
447 7 240
451 3 201
454 1 0
452 3 148
447 13 282
447 30 282
447 15 283
451 4 239
455 1 0
438 6 800
438 7 800
452 5 207
448 3 310
452 6 217
456 1 0
454 3 111
438 14 821
438 15 821
436 2 867
438 6 838
452 8 238
451 5 310
447 6 416
450 5 352
438 14 883
438 6 888
438 7 888
450 7 368
438 8 903
438 8 916
450 8 394
438 14 926
438 14 932
438 15 932
440 29 799
436 5 973
450 29 415
436 6 982
436 7 982
457 1 0
454 8 211
440 8 801
440 29 827
445 5 511
445 6 519
445 7 519
450 8 446
450 34 455
450 19 455
456 4 191
450 15 467
458 1 0
459 1 0
445 8 583
456 3 237
460 1 0
461 1 0
460 2 30
462 1 0
448 14 588
448 15 588
459 2 61
461 2 42
450 6 581
460 3 111
462 2 55
450 8 627
450 13 634
450 14 638
450 15 638
460 4 140
460 7 180
460 8 195
462 3 178
463 1 0
459 3 255
436 8 1350
464 1 0
459 4 295
465 1 0
462 5 252
462 6 256
462 7 256
462 8 298
436 19 1449
436 34 1449
462 8 326
436 6 1459
436 7 1459
466 1 0
466 1 4
463 3 195
462 13 376
462 30 376
468 1 0
463 4 230
436 8 1550
436 34 1563
436 14 1564
466 2 87
436 25 1587
436 7 1587
469 1 0
436 8 1630
470 1 0
436 8 1653
436 14 1657
465 4 301
471 1 0
470 2 68
472 1 0
465 5 343
471 2 58
461 3 670
469 4 146
461 4 690
466 3 290
472 2 63
469 6 192
469 7 192
469 14 203
469 15 203
469 6 219
469 7 219
469 8 221
461 6 752
471 4 181
472 3 154
472 4 170
473 6 19
473 7 19
473 1 23
473 5 26
471 5 216
471 6 232
471 7 232
444 2 1472
472 5 215
472 7 220
473 6 41
471 8 259
474 1 0
461 30 887
461 15 888
475 1 0
471 1 304
471 13 304
471 30 304
471 14 306
471 15 306
466 5 521
466 7 537
444 3 1573
475 2 54
474 2 54
469 7 436
474 2 59
469 6 436
473 8 142
473 29 146
466 19 567
466 14 571
466 15 571
476 1 0
469 3 440
469 1 453
473 8 169
444 5 1639
444 6 1643
444 7 1644
476 2 46
444 14 1674
478 1 0
477 2 61
473 8 271
475 3 189
476 3 146
473 29 308
474 7 261
474 21 262
475 4 227
476 4 187
473 8 335
469 4 618
469 5 637
476 6 222
476 7 222
470 3 633
480 1 0
469 6 652
469 21 655
475 8 293
475 8 306
480 2 32
482 1 0
484 1 0
469 8 737
479 2 70
477 3 221
485 1 0
480 4 107
469 8 745
469 26 769
469 15 771
487 1 0
444 7 1967
480 6 173
480 7 173
444 13 1996
444 14 1998
484 2 139
477 4 354
488 1 0
477 5 383
477 7 388
470 4 869
469 1 895
469 5 899
469 7 904
469 8 909
469 13 911
469 14 911
479 8 258
479 8 262
479 8 266
479 8 273
487 2 105
477 8 408
469 6 937
469 7 937
469 27 945
479 8 277
479 8 280
479 8 283
479 8 286
477 8 428
477 8 433
489 1 0
489 1 0
488 2 94
469 25 954
469 6 954
469 7 954
469 26 959
469 27 959
469 14 963
469 15 963
469 7 964
469 26 967
469 14 967
469 6 969
469 7 970
479 1 318
479 19 318
479 14 320
479 34 320
469 13 986
469 30 986
469 14 987
469 15 987
470 5 969
470 6 985
470 7 985
444 6 2159
444 7 2160
476 8 568
444 8 2170
476 1 578
476 5 582
476 6 587
476 7 587
470 8 1029
470 34 1038
470 14 1038
476 29 636
484 3 377
491 1 0
491 1 0
492 1 0
494 1 0
444 29 2257
444 8 2259
495 1 0
496 1 0
496 1 0
444 27 2282
444 14 2285
497 1 0
485 3 414
485 4 434
493 2 64
484 4 449
497 2 47
485 5 478
485 7 483
444 6 2389
481 4 558
488 7 420
499 1 0
490 3 280
500 1 0
497 4 166
498 2 65
481 7 638
481 4 661
485 8 618
488 19 500
488 15 503
488 25 510
497 6 206
497 7 206
503 1 0
503 1 0
502 2 28
492 3 289
481 3 702
488 6 539
488 7 539
497 8 256
490 5 384
490 6 400
490 7 401
490 21 403
481 25 706
485 8 668
481 6 722
481 8 725
481 3 735
488 8 553
497 8 267
498 3 192
490 8 415
470 6 1390
470 7 1390
488 8 579
497 8 290
498 5 297
487 6 727
487 7 728
502 5 160
502 6 175
502 7 175
502 21 177
485 8 798
498 6 313
498 7 313
490 8 532
487 13 740
487 15 741
490 8 552
492 7 468
492 21 469
490 8 565
490 8 573
502 8 222
506 1 0
490 1 592
492 1 511
492 15 531
505 2 51
497 34 495
497 14 496
490 6 627
490 7 628
492 7 539
492 14 543
502 14 307
497 14 501
497 6 506
497 7 506
497 8 514
497 14 526
497 15 526
497 6 559
497 8 567
497 8 594
497 8 607
508 1 0
497 26 650
502 25 435
502 6 435
502 7 435
502 13 440
502 14 441
492 6 711
505 3 229
497 6 654
497 7 654
492 5 729
492 6 746
492 7 746
505 3 356
509 1 0
511 1 0
506 5 415
506 6 418
506 7 419
511 2 53
510 2 65
506 8 445
512 1 0
513 1 0
508 5 302
508 6 307
508 7 307
508 8 323
506 15 470
512 2 48
505 6 514
505 7 514
515 1 0
508 8 371
516 1 0
505 8 583
513 2 96
508 8 403
517 1 0
511 3 174
516 2 37
515 2 87
505 30 613
505 14 614
514 3 119
514 3 132
517 2 50
509 4 240
508 13 453
508 30 453
508 14 453
508 15 453
514 4 165
511 5 235
511 6 251
518 1 0
514 5 192
510 3 283
514 6 196
514 7 196
514 8 203
509 5 307
509 6 323
509 7 324
516 3 153
505 7 742
518 2 59
516 4 201
520 1 0
513 3 293
516 5 227
516 6 231
515 3 288
521 1 0
514 1 353
514 14 354
514 15 354
512 3 379
515 4 338
519 2 181
517 6 305
512 5 459
522 2 66
525 1 0
513 5 486
513 7 493
526 1 0
524 2 58
517 8 426
521 3 227
513 1 530
513 19 531
513 14 533
512 8 569
520 5 294
520 7 298
505 14 1077
505 15 1077
520 8 315
527 1 0
521 6 312
521 7 312
526 2 104
520 8 350
520 8 366
520 8 398
524 3 235
520 8 433
519 5 558
519 21 564
528 2 111
493 3 1716
512 4 786
519 1 597
519 14 599
522 4 404
493 4 1771
530 1 0
524 5 374
524 6 381
524 7 381
522 5 462
493 5 1800
512 5 891
512 6 894
522 6 478
523 5 473
522 8 491
493 6 1816
493 7 1816
493 21 1817
530 2 61
512 8 905
522 8 514
522 8 519
526 3 395
532 1 0
522 8 524
533 1 0
523 1 551
523 13 552
526 4 436
528 4 308
528 5 335
528 7 351
526 6 509
526 7 509
530 3 196
534 5 1
534 6 15
534 1 19
534 13 19
534 14 19
534 15 19
530 4 239
530 5 291
530 7 297
505 7 1626
533 3 173
505 30 1629
505 14 1633
530 13 329
530 14 331
530 15 331
533 5 212
533 7 229
533 8 258
533 8 323
533 8 329
535 1 0
535 2 68
529 4 708
537 1 0
526 4 1040
526 5 1045
526 6 1063
536 2 49
538 1 0
540 1 0
541 1 0
541 2 35
540 2 46
540 3 130
541 5 129
541 6 141
541 7 141
543 1 0
539 3 195
540 4 169
529 7 1013
535 3 489
540 6 201
540 7 201
543 2 66
545 1 0
540 8 276
539 5 309
539 7 314
540 8 304
529 30 1131
529 15 1131
539 13 328
539 14 329
539 15 329
542 2 166
542 2 180
540 30 333
540 14 339
529 6 1165
529 7 1165
539 14 370
548 1 0
529 3 1197
529 4 1200
535 5 668
535 7 672
539 6 398
541 8 382
529 5 1209
529 6 1213
529 19 1223
539 5 415
539 7 420
539 19 424
539 14 426
539 15 426
539 6 431
539 7 432
541 30 396
541 15 396
529 7 1276
529 136 1285
529 14 1285
535 1 754
539 8 475
535 14 758
535 15 758
539 19 496
529 6 1294
529 7 1295
539 14 499
539 6 502
529 7 1329
529 19 1340
529 136 1340
529 7 1351
543 3 355
547 3 201
529 136 1362
529 6 1379
529 7 1379
551 1 0
547 4 237
549 3 116
550 3 116
529 14 1391
529 6 1402
529 7 1402
550 4 154
547 8 287
553 1 0
549 4 153
554 1 0
555 1 0
550 5 187
547 13 314
547 30 314
549 5 189
541 6 644
541 7 645
544 3 414
549 7 204
550 1 216
543 4 506
553 2 40
550 5 219
555 2 67
543 5 560
541 13 696
541 30 696
541 15 697
544 4 479
543 7 564
539 6 761
539 7 762
539 8 767
553 3 106
554 2 126
554 2 126
554 2 126
554 2 127
554 2 127
543 8 596
539 8 784
544 5 538
544 6 542
544 7 542
554 2 157
555 3 153
543 8 631
543 4 646
543 3 646
553 4 154
553 5 173
553 7 179
544 8 552
555 4 187
553 8 187
553 1 204
553 13 204
553 15 207
553 14 207
555 5 231
555 6 245
552 3 327
556 2 34
544 14 647
555 8 289
552 4 366
554 3 294
554 4 329
552 5 419
552 6 432
554 5 353
554 6 369
554 29 384
552 8 473
552 8 478
557 1 0
551 3 512
552 14 505
552 15 505
557 7 13
557 13 34
557 15 35
558 1 0
548 3 770
547 25 819
560 1 0
562 1 0
544 6 972
559 2 47
563 1 0
548 6 896
551 5 709
551 7 712
551 8 729
563 2 73
567 1 0
547 6 1013
547 7 1013
547 13 1019
547 14 1019
569 1 0
566 2 94
570 1 0
558 4 299
563 3 209
571 1 0
558 5 346
559 3 314
571 2 43
558 8 387
563 4 288
563 5 288
563 6 297
563 7 297
563 21 301
558 8 413
558 8 413
558 8 413
569 3 168
563 19 315
563 14 316
567 4 241
562 3 374
559 4 375
559 6 392
570 3 186
573 1 0
565 3 323
574 1 0
569 4 211
560 2 422
569 5 244
569 6 249
530 7 2426
565 4 377
567 6 343
574 2 53
562 5 471
569 2 276
569 4 293
569 5 295
530 3 2467
565 5 402
565 6 418
567 7 363
567 27 366
567 14 369
567 15 369
567 25 371
567 6 371
567 26 380
567 27 380
567 14 381
567 25 383
567 6 383
562 7 476
559 19 499
559 34 499
571 5 218
559 25 508
559 6 508
571 7 225
559 8 515
569 13 309
569 14 310
575 1 0
576 1 0
567 26 390
567 15 394
571 3 250
578 1 0
568 4 439
575 2 97
576 2 75
568 5 471
568 7 476
581 1 0
530 25 2609
530 6 2614
530 7 2614
580 1 57
568 8 513
580 19 58
580 14 67
583 1 0
560 4 655
568 8 529
562 4 672
562 3 673
568 8 562
568 8 574
581 2 86
568 8 587
584 1 0
572 5 316
576 3 207
568 8 600
574 4 321
568 8 618
584 2 61
574 5 359
574 6 364
574 7 364
585 1 0
585 5 10
585 6 18
583 2 126
560 5 773
586 1 0
560 6 789
560 7 790
577 3 255
574 8 407
586 2 36
576 4 284
574 19 421
569 6 643
569 7 643
569 8 654
574 6 442
574 7 442
574 8 448
569 8 661
577 4 318
576 7 354
582 3 248
577 5 348
587 1 0
583 3 245
577 6 350
577 7 350
576 1 373
576 13 373
576 14 374
576 15 374
577 8 367
584 3 238
574 8 520
582 4 286
586 3 170
582 5 324
582 6 330
582 7 330
577 19 429
577 136 429
577 15 432
583 4 336
577 25 438
577 6 438
577 7 438
577 8 458
584 4 318
577 5 497
588 1 0
583 5 382
586 6 263
586 7 263
577 6 506
577 7 506
577 8 524
583 15 426
577 8 534
590 1 0
584 21 422
589 2 120
591 2 41
592 1 0
590 2 116
591 3 103
595 1 0
595 2 25
596 1 0
591 6 180
591 7 180
591 8 196
591 13 205
594 2 87
591 15 205
589 4 331
597 1 0
595 7 176
589 6 398
589 7 399
598 1 0
597 2 73
599 1 0
600 1 0
601 1 0
604 1 0
596 4 247
408 1 9867
594 3 332
596 6 302
594 4 370
600 3 162
596 2 315
570 1 1447
596 3 333
605 1 0
601 3 146
600 4 194
596 4 349
596 5 357
596 6 359
597 4 306
601 4 189
597 3 314
601 6 229
600 5 273
600 6 277
600 7 277
601 8 247
600 8 286
601 13 264
597 7 368
599 4 293
597 8 395
597 19 417
603 1 274
597 14 431
597 15 431
604 3 290
597 3 468
597 4 476
597 5 479
597 7 495
606 1 0
602 5 381
602 6 396
603 2 397
608 1 0
606 2 43
599 5 507
599 6 512
599 7 512
604 5 437
604 6 448
604 7 448
604 8 458
602 3 497
606 3 147
602 4 518
575 6 1581
575 7 1581
612 1 0
602 6 542
602 7 542
613 1 0
604 8 538
611 2 46
604 26 585
604 27 585
612 2 43
606 5 236
604 14 588
606 6 252
606 7 252
575 8 1676
611 3 160
611 4 185
612 3 145
606 8 306
603 4 675
613 3 164
604 7 710
604 6 710
604 8 717
611 5 225
611 6 228
604 14 736
611 8 234
605 4 604
615 1 0
612 4 213
611 29 287
603 5 770
611 8 290
611 29 290
603 6 787
611 8 306
611 8 306
615 2 56
611 29 307
612 5 267
605 5 664
605 6 678
605 7 678
575 8 1880
603 13 813
603 14 814
603 15 814
611 8 331
611 29 334
611 8 335
617 1 0
618 1 0
613 5 285
604 7 856
612 8 313
605 8 729
619 1 0
605 1 746
605 30 747
617 2 34
613 13 331
613 30 331
605 14 767
605 15 767
575 8 1956
612 8 363
612 29 379
619 2 50
619 2 58
617 3 115
615 3 224
612 8 430
620 1 0
613 25 432
613 6 432
613 7 432
616 3 239
619 3 164
622 1 0
615 4 281
619 4 192
617 5 199
617 6 215
615 5 300
615 6 310
615 8 319
620 2 77
617 13 226
624 1 0
616 5 334
622 2 80
615 8 365
616 6 350
615 8 378
615 13 388
624 2 51
626 1 0
618 4 445
624 3 165
620 4 295
624 4 217
620 5 362
618 7 513
600 15 1416
624 5 255
620 6 374
620 7 374
620 8 385
629 1 0
624 19 291
624 14 293
630 2 7
624 14 323
624 15 323
620 8 429
631 1 0
631 2 30
631 2 36
605 25 1375
605 6 1375
605 8 1380
605 30 1394
605 14 1396
605 15 1396
611 26 1116
633 1 0
634 1 0
631 4 188
631 5 229
631 6 235
611 7 1166
611 5 1173
611 7 1177
631 8 244
611 29 1186
611 8 1189
611 8 1192
611 29 1203
611 8 1204
628 4 386
634 2 71
631 19 305
631 136 305
631 14 305
631 8 327
633 4 162
633 5 204
631 8 362
633 6 209
633 7 210
633 8 214
633 8 245
628 5 551
628 6 554
633 8 264
628 8 573
634 3 254
628 30 596
633 14 310
634 5 298
631 8 483
634 6 305
631 136 545
631 25 552
631 6 552
633 25 404
633 6 405
633 7 405
633 8 411
633 8 422
628 1 733
628 5 739
628 7 743
633 13 446
633 30 446
633 14 447
631 8 620
628 21 747
636 1 0
631 8 664
637 1 0
637 5 8
638 1 0
637 6 23
637 7 24
639 1 0
640 1 0
641 1 0
639 2 49
640 13 57
640 14 58
640 15 58
638 2 170
639 3 174
622 3 1351
643 2 61
639 5 245
639 6 248
637 645 300
628 1 1167
628 1 1167
639 6 276
622 4 1438
628 5 1172
628 6 1176
628 6 1177
628 7 1177
646 1 0
641 3 271
637 25 356
637 6 356
637 7 357
637 8 364
641 3 294
647 1 0
622 5 1520
649 1 0
641 4 328
622 7 1527
622 6 1527
638 3 412
650 1 0
650 1 0
639 5 407
647 2 51
643 6 229
643 8 235
643 8 240
643 29 241
639 6 410
639 7 410
641 6 388
641 7 388
644 6 243
644 7 243
641 8 410
641 14 431
644 8 272
642 3 344
638 7 557
652 1 0
653 1 0
641 6 503
638 8 570
652 7 12
642 4 402
641 13 526
641 14 527
654 1 0
641 15 527
644 34 371
651 2 71
651 2 93
638 13 596
638 30 596
638 15 597
644 14 376
638 6 643
638 7 644
638 27 648
638 14 649
642 5 464
642 6 465
649 4 241
654 2 49
641 6 583
641 7 583
641 13 591
641 14 592
641 15 592
642 2 499
649 5 264
649 7 268
655 1 0
653 2 112
653 2 125
657 1 0
649 8 308
649 8 311
649 29 316
652 8 179
642 3 559
649 8 325
649 8 329
649 8 336
649 8 339
649 8 346
649 8 350
649 8 358
649 8 363
649 8 372
654 5 193
644 6 536
644 8 546
642 2 593
642 5 612
642 6 615
642 25 621
649 25 391
649 6 407
649 7 407
654 7 208
642 6 622
642 5 632
658 2 82
654 8 242
659 1 0
653 3 261
652 8 278
653 4 297
642 25 686
642 5 686
642 2 706
641 6 833
653 5 338
651 1 380
651 13 380
651 15 381
653 7 347
642 25 741
642 6 748
642 7 748
661 1 0
652 8 413
642 8 799
657 3 310
642 6 815
659 5 185
643 8 817
658 3 296
661 2 75
659 6 201
659 7 201
658 4 326
657 4 386
642 1 875
642 13 875
652 8 500
659 29 226
659 8 238
643 8 856
651 8 565
651 8 575
658 5 350
648 2 706
659 8 271
651 8 580
651 8 598
651 8 603
658 6 365
658 7 365
657 5 423
657 6 428
658 21 382
652 1 554
652 14 556
652 15 556
663 5 4
658 5 405
657 8 467
658 6 421
658 7 421
653 1 607
664 1 0
663 6 20
663 8 33
663 8 36
663 8 44
658 2 448
657 14 505
653 7 620
661 3 266
643 8 1026
665 1 0
666 1 0
658 5 510
666 2 39
658 7 526
658 21 527
661 4 318
661 6 335
661 7 335
658 8 543
658 8 573
642 6 1108
642 7 1108
643 13 1113
643 14 1113
643 15 1113
658 8 583
663 14 200
663 15 200
663 6 212
663 7 212
667 1 0
628 7 2240
642 6 1196
628 14 2272
666 7 201
642 26 1249
642 14 1252
642 15 1252
628 25 2290
628 6 2290
628 1 2304
642 6 1255
666 3 237
669 1 17
670 1 0
643 25 1275
643 7 1275
643 13 1285
643 30 1285
643 14 1286
643 15 1286
669 1 29
669 5 43
669 6 55
669 7 56
667 3 194
669 8 78
672 1 0
671 2 71
669 8 94
667 3 249
669 8 138
673 1 0
664 5 440
664 6 451
672 2 92
674 1 0
664 21 456
675 7 19
668 5 260
668 6 277
668 7 277
673 2 49
676 1 0
675 13 33
664 8 486
667 5 365
667 7 375
674 2 95
667 8 398
673 4 137
664 19 572
664 34 573
664 15 576
672 3 299
670 3 356
671 7 349
677 2 146
671 8 363
670 4 388
676 4 218
671 8 377
671 4 384
671 3 384
676 5 269
676 7 285
675 1 311
665 6 740
675 5 323
675 6 328
675 7 328
670 8 464
670 29 475
680 1 0
665 8 762
665 29 762
677 3 303
672 5 482
672 6 487
680 2 43
677 4 390
682 1 0
683 1 0
674 5 494
674 6 508
679 4 225
682 2 81
674 13 544
674 15 545
684 1 0
677 7 479
679 6 270
683 2 72
678 4 329
679 8 299
679 8 311
685 1 0
684 2 86
677 8 573
678 7 376
674 5 645
674 8 652
679 8 383
677 8 602
678 19 411
678 14 411
678 6 423
684 3 157
677 8 642
677 15 664
682 3 315
674 14 823
674 15 823
682 5 433
683 30 409
683 15 413
682 6 448
686 6 306
686 7 306
682 6 508
682 7 509
682 14 536
408 6 14666
408 7 14666
687 2 74
680 3 694
686 8 409
680 4 724
408 6 14758
680 8 792
680 8 799
680 8 806
682 6 711
682 7 712
682 8 715
680 8 817
682 19 718
682 14 719
682 14 726
691 1 0
691 5 19
691 6 24
691 7 24
687 5 313
687 6 324
691 8 37
687 8 352
682 25 838
682 6 838
682 7 839
680 19 989
680 34 989
680 14 990
687 8 363
682 6 872
682 7 872
680 25 995
680 6 995
680 7 995
680 8 1009
680 34 1011
680 15 1015
680 25 1016
692 1 0
692 8 7
692 6 8
688 3 267
689 3 258
692 8 47
694 1 0
682 5 979
682 7 993
692 15 111
696 1 0
694 2 79
695 2 57
696 2 50
697 1 0
689 7 397
694 3 186
695 4 175
694 4 216
694 5 255
694 7 258
694 21 262
695 5 238
695 6 257
695 7 257
700 1 0
696 3 234
695 29 305
700 2 48
701 1 0
702 1 0
702 1 7
702 14 8
700 2 55
696 4 321
703 1 0
697 5 267
697 7 270
701 2 53
703 2 28
697 19 305
697 14 308
697 15 308
696 5 373
696 6 376
703 4 74
698 3 329
696 1 421
696 13 421
696 14 422
696 15 422
703 8 113
705 2 72
700 4 227
706 1 0
696 7 459
696 8 461
696 8 465
696 8 497
700 5 276
700 6 286
698 4 445
706 2 60
696 8 505
704 3 179
708 1 0
709 1 0
698 5 492
688 5 930
688 6 944
688 7 944
710 1 0
698 7 501
705 3 218
698 8 547
704 5 274
711 1 0
688 8 984
704 6 288
705 4 280
712 5 2
704 14 316
704 15 316
712 8 5
712 6 5
712 7 5
711 2 74
705 5 303
712 25 48
712 6 48
712 13 52
712 30 52
705 6 319
705 7 320
705 29 342
704 1 423
710 3 214
706 4 326
712 25 121
712 6 121
712 7 121
706 5 390
706 6 393
704 4 498
704 5 503
704 6 508
704 14 513
704 15 513
710 5 299
706 8 408
710 2 322
710 25 326
710 5 326
710 6 329
710 6 333
713 1 0
714 1 0
711 3 321
715 1 0
716 1 0
711 4 384
713 2 91
711 5 411
711 6 418
711 8 494
711 4 514
711 5 518
675 5 2670
675 8 2676
675 6 2676
706 1 723
706 5 726
711 8 570
675 13 2725
675 30 2725
675 14 2725
714 3 271
714 4 308
719 3 245
714 7 352
714 29 376
713 4 383
714 136 379
724 1 0
714 25 388
714 7 389
714 8 418
713 6 453
722 2 53
720 4 270
723 2 53
723 2 61
719 7 367
725 1 0
720 5 305
720 6 313
720 7 313
720 21 315
720 8 326
714 34 475
714 14 480
714 15 480
714 6 488
720 8 342
720 8 354
720 29 358
714 8 500
714 29 507
714 8 510
714 8 528
725 2 53
713 8 528
727 1 0
720 8 365
728 1 0
713 8 587
725 3 132
729 1 0
723 4 206
725 4 165
729 6 12
729 14 25
729 19 34
729 14 35
729 25 39
729 6 39
723 6 251
723 4 265
723 5 268
723 6 270
633 6 5336
633 14 5343
633 15 5343
723 4 275
725 5 242
725 6 245
722 6 321
725 13 254
725 30 254
730 2 49
731 5 2
731 6 6
731 7 7
722 1 357
722 13 357
722 30 357
732 1 0
731 1 54
731 13 55
731 30 55
731 14 55
730 3 147
730 4 167
730 6 200
730 7 200
728 5 322
728 8 337
733 2 64
727 7 456
727 8 476
727 8 488
727 8 500
727 8 506
736 1 0
726 3 594
733 3 276
737 1 0
734 2 67
724 3 764
733 4 310
712 1 1460
726 7 658
733 5 348
738 1 0
739 1 0
739 5 1
739 7 4
647 1 4904
739 1 13
739 13 13
739 30 13
737 2 72
726 8 701
733 6 359
733 7 359
731 5 499
731 6 503
731 7 503
731 30 516
731 14 517
731 15 517
733 8 400
740 5 5
740 7 10
740 6 10
712 2 1534
731 6 556
731 7 556
733 8 426
731 8 566
733 13 446
733 15 446
625 2 6406
741 5 4
741 6 8
731 1 595
731 13 596
731 30 596
731 14 596
731 15 596
724 6 968
744 5 4
744 6 11
726 8 878
733 5 541
733 6 549
733 7 549
734 3 340
734 4 378
724 29 1056
733 6 614
733 7 615
625 2 6557
738 3 271
734 6 407
734 7 407
724 13 1093
724 30 1093
724 14 1094
724 15 1094
733 8 626
733 14 640
733 15 640
734 8 441
625 3 6592
712 4 1797
737 5 410
745 1 0
746 5 3
734 8 478
746 13 24
746 14 25
747 1 0
734 34 510
734 15 512
712 7 1875
734 7 533
625 5 6681
625 6 6685
625 7 6685
733 5 751
733 6 760
733 7 760
734 34 542
734 15 544
748 1 0
625 8 6719
733 13 782
733 30 782
712 3 1923
712 5 1941
712 7 1943
712 15 1965
712 26 1975
712 15 1976
750 1 0
752 1 0
745 3 265
752 2 62
752 2 67
747 3 234
711 15 2215
745 4 350
731 1 1176
731 5 1178
731 7 1182
752 3 158
755 5 4
747 4 317
754 6 10
754 7 10
749 3 303
755 6 10
755 7 10
751 4 221
752 4 212
753 2 67
751 5 244
751 7 248
750 5 300
750 7 308
753 2 99
751 8 267
757 1 0
750 8 347
756 6 7
757 2 57
750 30 376
750 14 376
750 15 376
758 1 0
731 8 1340
731 15 1344
750 6 392
750 7 393
625 8 7193
759 1 0
760 1 0
737 13 995
737 15 996
759 2 45
757 3 180
757 4 202
751 5 480
751 6 483
751 7 483
749 6 600
749 21 602
761 1 0
761 5 6
761 6 9
757 5 246
757 30 261
757 13 261
757 14 262
761 29 36
761 29 48
757 25 285
759 3 165
761 19 59
761 15 62
761 6 72
761 7 72
759 4 192
763 2 48
756 34 323
756 14 323
756 6 333
757 25 331
757 3 331
759 5 227
759 7 230
764 1 0
756 26 340
756 14 341
756 7 352
757 25 380
757 5 380
757 6 382
759 19 247
759 14 248
759 6 258
759 4 260
759 3 261
756 26 390
764 2 53
763 3 152
757 5 449
757 6 451
757 7 451
757 21 453
757 13 468
757 14 470
757 15 470
766 1 0
762 5 243
763 5 230
763 7 244
762 6 247
762 7 247
757 6 541
757 7 541
757 136 550
757 14 551
760 2 474
765 3 206
764 3 291
768 1 0
763 8 420
764 4 370
760 5 624
760 6 640
760 7 640
760 8 651
749 1 1136
764 5 421
764 6 424
760 1 656
760 30 657
760 13 657
760 14 658
749 6 1161
749 7 1162
770 2 61
764 21 426
771 2 54
764 30 483
764 15 483
772 1 0
773 1 0
772 2 65
774 2 46
728 1 2378
728 5 2387
775 2 39
728 6 2391
728 7 2391
770 3 194
768 4 279
773 2 95
776 1 0
728 15 2401
777 1 0
771 3 234
778 1 0
772 3 192
771 4 293
770 4 320
771 6 314
771 7 314
776 2 109
774 4 204
779 1 0
770 5 346
774 5 242
780 1 0
770 13 391
770 30 391
774 7 246
776 2 170
775 4 232
782 1 0
781 2 30
772 4 313
775 5 280
775 6 287
775 8 301
772 7 373
781 3 103
768 5 591
768 6 606
768 7 606
781 7 172
776 3 353
779 3 241
773 5 490
773 6 494
773 7 494
776 7 410
784 1 0
776 13 448
776 14 452
774 8 600
785 2 51
788 1 0
774 8 665
789 1 0
785 3 145
785 4 166
785 5 212
785 7 215
785 8 226
788 2 167
787 3 198
790 1 0
788 2 187
788 2 196
788 2 199
788 2 199
787 4 226
791 1 0
790 2 31
788 2 216
787 5 253
787 6 258
787 7 259
787 8 281
788 2 273
788 2 290
791 5 88
791 6 91
792 1 0
788 2 332
793 1 0
790 4 170
790 5 191
788 2 380
792 2 57
793 25 38
790 6 198
790 8 220
794 1 0
795 1 0
796 1 0
795 2 74
788 4 527
797 1 0
793 25 188
793 3 189
787 13 575
787 30 576
787 14 578
793 4 211
788 5 577
788 6 584
793 5 221
793 7 226
793 21 231
788 8 610
794 3 260
794 4 298
798 2 84
799 1 0
794 5 325
794 6 328
794 7 328
794 1 361
801 1 0
792 4 470
797 4 288
797 5 312
797 6 315
797 7 315
792 6 534
797 2 351
800 3 168
797 25 375
797 5 376
797 6 378
797 7 379
790 8 766
768 7 1826
768 6 1826
768 8 1827
800 4 216
800 5 232
801 3 189
800 6 238
800 8 260
805 2 55
801 4 218
798 7 405
801 6 250
801 7 250
801 8 259
790 7 880
801 8 275
797 5 562
797 7 565
797 8 577
798 8 506
804 4 207
797 8 605
802 4 424
804 5 296
804 6 300
802 6 456
806 1 0
794 6 847
794 7 847
802 2 494
806 2 54
805 3 378
808 1 0
809 1 0
805 4 407
805 6 452
812 1 0
802 3 663
809 2 119
816 1 0
802 4 693
811 2 89
813 2 63
802 5 711
807 2 196
806 7 265
805 8 563
815 2 117
815 2 126
818 1 0
808 2 300
808 2 303
813 3 193
807 4 371
813 4 238
819 1 0
807 6 406
807 7 406
807 8 419
815 3 267
811 3 328
813 5 307
807 14 454
813 6 312
808 4 432
813 8 345
821 1 0
822 1 0
815 5 385
815 6 389
821 2 32
808 7 521
818 3 228
808 8 528
823 1 0
808 8 564
808 8 574
809 4 568
824 1 0
811 5 495
811 7 499
808 8 596
818 3 302
825 1 0
825 2 28
809 5 598
809 7 602
824 2 37
824 2 41
824 2 49
815 30 514
815 15 514
822 3 162
809 8 656
825 3 100
790 7 1819
790 19 1833
790 34 1833
790 14 1835
790 14 1838
790 15 1838
825 4 135
827 5 7
827 6 11
827 7 11
809 8 732
825 6 151
825 8 163
826 3 167
827 1 34
827 34 35
827 14 37
827 15 56
819 2 389
818 29 488
825 8 196
809 4 788
821 3 278
828 1 0
818 4 517
818 3 519
818 3 521
825 8 210
826 5 215
826 6 218
826 7 218
825 8 232
821 4 332
820 4 408
809 5 856
809 7 861
794 4 1775
818 3 575
818 5 583
821 5 381
821 6 383
818 7 587
808 8 967
819 4 612
808 13 992
808 14 992
820 5 561
820 6 565
820 7 565
820 21 568
823 3 433
820 1 599
820 14 599
820 15 599
829 1 0
819 34 706
808 25 1091
808 6 1091
808 7 1091
819 25 722
819 8 725
808 8 1096
808 13 1115
808 15 1116
777 1 2989
777 7 2999
777 1 3003
777 5 3006
777 6 3009
777 7 3009
777 8 3012
777 8 3014
777 8 3022
777 8 3027
830 2 33
777 29 3058
831 2 54
832 1 0
777 8 3075
777 29 3078
777 8 3079
777 8 3085
777 29 3089
823 5 653
823 6 656
823 7 656
829 2 194
829 2 208
835 1 0
835 5 5
835 1 18
829 2 222
836 1 0
835 19 37
837 1 0
835 6 82
777 29 3230
777 8 3234
777 13 3240
777 15 3241
835 19 98
835 14 99
835 6 104
835 7 104
835 19 108
835 7 114
833 3 100
829 3 329
834 2 135
833 3 153
833 4 156
838 1 0
831 3 275
839 1 0
833 5 158
833 6 166
833 7 166
832 6 288
832 7 288
832 8 297
831 4 333
808 25 1495
808 8 1505
829 6 434
829 7 434
829 8 441
831 5 366
808 8 1516
832 8 343
829 13 474
829 14 478
829 15 478
838 2 107
808 8 1549
808 30 1595
808 14 1595
837 3 288
831 19 509
831 14 512
837 4 333
840 1 0
837 7 376
834 4 468
835 1 478
835 5 485
835 8 499
835 6 499
837 4 441
829 7 700
829 8 703
834 5 511
834 6 516
834 7 516
835 34 514
835 14 524
841 1 0
841 2 70
842 1 0
843 1 0
844 1 0
842 2 61
842 2 63
841 3 201
838 4 583
841 4 265
841 7 327
842 4 246
845 3 154
841 8 343
845 4 194
845 6 234
845 7 234
849 6 14
849 7 15
850 2 34
841 8 443
849 13 48
849 30 48
849 14 49
844 3 339
841 8 513
844 4 391
850 3 165
852 2 71
852 2 72
841 8 562
853 1 0
850 15 294
844 6 600
844 7 601
850 7 357
849 6 368
850 14 505
844 8 823
844 8 853
855 1 0
854 3 258
854 4 341
855 3 157
856 1 0
857 2 59
844 8 1160
854 6 538
844 13 1261
844 14 1262
844 15 1262
844 6 1295
844 7 1295
857 4 209
844 8 1314
844 13 1359
844 14 1360
844 15 1360
857 6 289
854 8 800
857 8 345
841 13 1601
841 14 1602
841 15 1602
854 1 823
854 14 825
857 8 382
844 25 1510
844 6 1511
858 1 102
859 2 120
844 8 1593
861 1 0
862 1 0
861 2 52
863 1 0
844 8 1787
862 2 86
865 1 0
866 1 0
863 4 127
863 5 146
863 6 149
863 7 149
862 3 187
866 1 3
860 4 280
863 8 166
738 5 7544
865 2 75
860 7 331
863 8 196
866 2 60
857 29 836
867 1 0
865 3 157
868 1 0
860 8 364
861 3 329
863 25 264
863 6 267
863 7 267
862 6 315
862 7 315
860 30 399
863 8 281
863 1 291
863 14 292
863 7 300
738 8 7682
867 2 62
865 4 207
844 14 2036
844 15 2036
844 6 2043
844 7 2043
844 8 2051
863 6 315
863 7 315
863 8 316
863 13 324
866 3 185
861 5 410
861 6 419
861 7 419
844 8 2069
844 13 2076
844 15 2077
844 6 2090
862 8 378
862 1 402
844 13 2097
844 30 2097
844 14 2098
844 15 2098
738 8 7774
869 1 0
865 6 289
865 8 297
867 3 164
865 1 311
865 13 311
870 1 0
865 14 312
862 1 444
862 15 444
871 1 0
768 8 6346
866 5 303
866 6 311
866 7 311
861 8 546
861 8 553
768 8 6355
768 8 6359
768 8 6362
866 8 333
866 6 355
861 29 579
861 8 581
738 4 7878
738 5 7880
738 6 7891
738 7 7891
865 6 418
865 7 418
867 6 289
867 7 289
866 8 374
861 29 591
861 8 598
873 1 0
865 26 434
768 8 6412
865 27 434
867 8 308
768 8 6433
861 8 634
869 2 182
862 25 608
861 8 666
861 8 678
873 2 66
876 1 0
865 25 502
865 6 502
865 7 503
862 8 629
862 13 641
862 15 641
870 2 202
866 6 459
866 14 465
866 15 465
866 6 503
866 7 503
866 8 505
866 15 513
866 7 519
866 25 531
866 6 540
866 7 540
877 1 0
878 1 0
866 8 544
866 19 556
866 26 563
866 6 565
866 7 565
875 3 168
876 3 137
879 1 0
861 8 843
875 4 216
869 3 373
866 8 650
866 8 659
873 3 271
876 4 200
880 1 0
879 2 71
877 3 133
875 5 286
875 6 289
870 4 444
870 5 455
870 6 459
870 7 459
877 4 161
876 5 260
876 6 274
869 4 462
869 4 476
877 5 204
877 7 207
876 1 301
876 13 302
876 14 302
869 6 497
869 7 497
861 8 996
869 8 516
869 8 536
869 13 567
881 1 0
880 3 194
882 1 0
879 3 236
882 6 11
882 7 11
869 25 615
879 4 278
883 1 0
873 5 499
873 7 510
881 2 45
884 1 0
885 1 0
879 5 290
879 6 293
869 8 669
869 19 679
869 14 681
869 15 681
883 2 67
782 2 6505
880 4 322
887 1 0
886 5 8
879 19 359
886 8 28
844 25 2868
884 2 74
886 8 45
844 8 2874
844 13 2879
844 30 2879
844 14 2880
844 15 2880
880 5 358
880 6 361
887 2 59
886 34 68
880 8 386
880 4 399
880 5 401
880 7 404
880 1 406
880 19 406
878 2 502
880 6 416
880 8 420
880 8 428
880 8 442
883 3 217
884 3 190
881 3 257
880 19 458
880 34 458
880 14 458
880 25 462
880 6 462
880 7 462
883 4 252
881 4 276
884 4 221
878 3 588
883 5 277
883 6 280
883 7 280
884 5 259
881 6 324
881 7 324
878 4 633
883 19 290
883 14 291
883 6 298
883 8 306
884 8 292
881 8 363
883 8 336
888 1 0
881 14 391
881 15 391
878 6 684
878 7 685
884 8 337
884 8 348
844 25 3184
844 7 3184
844 8 3188
881 13 511
881 14 512
881 15 512
844 8 3251
844 8 3261
844 8 3314
883 8 581
844 8 3335
782 4 7015
890 1 0
889 2 43
782 5 7064
891 1 0
892 1 0
893 1 0
844 8 3418
893 2 65
888 3 386
894 1 0
894 5 8
894 7 13
894 29 34
894 13 47
894 30 47
894 14 48
844 14 3538
888 4 454
895 1 0
889 4 227
891 2 154
896 1 0
888 6 529
889 5 283
889 6 285
844 7 3633
844 8 3638
888 8 561
886 1 826
896 2 63
888 8 589
890 4 343
886 25 845
886 6 853
886 7 853
886 8 864
889 34 352
889 14 354
889 15 354
889 6 364
889 7 364
889 4 365
844 13 3687
891 3 275
897 1 0
898 1 0
890 8 424
891 5 354
892 4 371
897 2 76
900 1 0
900 1 0
891 6 371
899 2 35
892 5 443
898 2 71
898 2 80
896 4 233
891 13 436
891 30 436
891 14 436
891 15 437
896 5 292
899 4 179
898 3 184
901 1 0
899 5 206
899 19 215
898 4 220
901 2 49
899 6 225
899 19 237
899 14 237
899 19 250
899 6 252
899 7 252
898 5 268
897 7 291
897 8 307
900 3 252
898 6 281
898 7 281
898 8 300
897 8 327
844 25 4054
844 6 4054
844 7 4054
844 8 4062
844 13 4071
844 30 4071
844 14 4073
902 1 0
891 6 691
891 7 691
901 4 179
900 6 351
900 7 351
900 8 364
900 8 371
891 8 726
900 8 375
900 8 394
900 8 401
900 8 407
900 8 415
900 8 419
900 19 430
900 34 430
901 5 293
900 6 436
900 7 436
903 1 0
900 8 449
900 19 455
900 34 455
900 14 456
900 6 459
900 8 464
900 8 466
900 8 469
904 1 0
891 19 947
891 14 948
904 2 63
905 1 0
904 3 173
906 1 0
907 1 0
907 2 60
904 8 455
908 1 0
908 5 5
908 6 8
907 3 208
910 1 0
909 6 20
908 13 69
908 14 70
908 15 70
904 34 593
904 14 593
907 5 295
907 6 299
907 7 299
911 1 0
913 1 0
887 2 2379
912 3 98
914 1 0
912 4 139
912 5 152
912 6 157
912 7 157
912 8 164
912 14 182
912 15 182
912 25 188
912 7 189
912 8 197
912 19 202
912 34 202
912 14 202
912 25 204
912 6 204
913 2 197
907 8 695
914 2 130
915 1 0
907 4 763
907 5 765
907 6 769
914 3 279
916 2 69
887 5 2738
887 6 2754
887 7 2755
914 5 404
914 7 407
887 8 2808
917 1 0
887 14 2849
887 7 2858
915 3 332
887 19 2866
850 1 5474
918 1 0
915 4 409
915 5 448
915 6 451
915 7 451
916 3 336
917 3 217
916 5 471
916 7 479
918 3 243
913 4 874
917 5 358
917 7 366
919 1 0
920 1 0
918 4 299
917 1 391
917 14 391
918 5 342
917 7 405
917 19 409
919 2 51
918 6 346
921 2 30
922 1 0
923 1 0
920 2 124
922 2 62
921 4 203
924 5 3
924 7 11
921 6 232
924 8 25
924 1 31
924 13 31
924 14 34
924 15 34
922 3 179
919 3 282
920 3 317
921 30 308
921 14 309
920 4 359
922 4 244
926 2 52
927 1 0
927 13 0
919 4 365
921 25 330
921 7 330
921 8 334
926 3 100
922 5 304
927 1 8
927 5 10
927 6 14
922 6 310
922 7 310
921 13 403
921 30 403
921 14 407
922 8 343
922 14 359
926 5 160
919 5 469
919 6 478
919 7 479
928 2 59
926 6 163
922 7 376
922 13 385
922 15 385
920 6 503
920 7 503
926 13 195
926 14 195
919 14 526
919 15 526
920 8 529
925 3 244
920 8 571
923 4 502
925 4 318
925 5 362
920 13 646
925 7 364
928 3 306
922 6 616
922 13 628
919 7 726
919 4 738
925 8 471
925 19 479
925 136 479
925 14 481
887 6 4073
887 7 4074
920 6 919
920 25 919
929 5 327
929 7 336
928 6 552
929 1 369
928 1 576
928 14 578
928 15 578
929 6 389
928 14 589
928 15 589
929 8 427
929 8 454
929 8 460
929 8 464
930 5 365
930 7 368
929 14 485
930 19 414
930 136 414
930 14 415
933 1 0
930 7 442
934 1 0
930 19 453
930 6 462
930 7 462
930 19 475
930 136 475
930 14 475
932 2 64
936 1 0
937 1 0
939 1 0
940 1 0
938 4 154
938 5 171
938 6 175
938 7 175
940 2 172
940 2 218
943 1 0
940 3 295
944 1 0
944 1 1
940 7 350
940 1 360
940 5 368
940 6 372
940 7 372
940 13 387
940 14 391
945 6 10
945 7 10
946 1 0
880 1 6196
880 5 6202
880 6 6206
946 2 35
880 1 6225
880 34 6226
880 15 6228
944 3 426
946 3 113
945 4 212
945 5 236
944 4 558
946 5 182
945 19 257
945 14 259
946 7 198
946 8 217
944 5 604
945 15 274
944 7 608
944 8 631
947 5 3
947 5 6
945 6 371
947 7 21
948 1 0
944 8 749
949 3 109
949 4 142
944 29 892
950 1 0
949 5 169
949 7 179
951 1 0
952 2 68
952 2 75
952 2 82
952 3 204
948 5 444
948 7 450
950 4 299
950 5 388
952 3 351
950 7 393
953 2 132
953 2 136
950 8 422
953 2 210
954 2 44
955 1 0
956 1 0
954 5 209
953 3 390
954 6 214
954 7 214
954 19 238
954 14 238
954 6 246
954 8 249
954 8 263
955 3 178
954 8 286
957 1 0
956 2 154
954 19 301
954 34 301
958 1 0
954 6 308
954 7 308
958 7 12
954 14 325
954 6 327
954 7 327
954 4 328
955 6 286
955 7 287
959 1 0
955 8 307
955 8 317
955 8 322
955 8 325
959 2 72
957 2 186
956 3 417
960 1 0
960 1 2
960 1 3
960 1 4
961 1 0
958 8 347
952 2 1062
962 1 0
963 1 0
961 2 77
964 1 0
952 4 1109
952 6 1183
952 7 1183
956 5 661
956 7 670
956 26 706
956 6 716
956 7 716
952 15 1231
956 26 733
956 27 733
956 14 734
956 15 734
959 7 468
956 6 753
956 7 754
956 8 764
959 30 498
959 15 499
961 3 273
956 8 800
956 29 801
956 8 806
956 4 826
961 4 336
956 6 845
956 21 846
959 6 581
959 7 581
959 13 595
959 30 595
959 14 595
961 5 377
960 6 441
960 7 441
956 8 888
956 29 892
961 6 385
952 6 1408
960 29 478
961 8 422
961 8 466
960 8 563
966 1 0
967 1 0
966 2 63
966 3 172
966 4 225
959 7 1016
966 6 279
966 7 279
966 13 297
966 14 297
966 15 297
968 1 0
959 7 1028
959 13 1084
969 1 0
969 2 54
959 30 1165
959 14 1166
959 15 1166
972 1 0
969 3 214
971 2 95
974 1 0
972 2 70
969 4 258
973 2 57
959 6 1358
959 8 1375
959 19 1386
959 34 1386
969 5 318
969 6 322
969 7 322
959 6 1427
959 7 1427
975 1 0
974 3 135
974 4 164
973 4 208
974 5 178
970 4 376
967 4 752
973 7 241
973 6 241
970 6 417
970 7 417
974 13 229
974 30 229
974 25 235
974 7 236
972 4 316
967 5 800
967 6 806
967 7 807
976 1 0
977 1 0
972 5 371
972 6 382
972 7 383
978 1 0
976 2 72
978 2 43
977 2 42
974 13 364
974 30 364
974 15 366
972 8 426
972 8 428
967 14 914
972 29 475
972 8 482
972 19 484
972 34 485
977 3 149
978 3 193
977 7 192
977 8 230
979 1 0
979 5 4
977 29 248
977 8 248
977 8 254
977 13 264
977 14 265
977 15 265
978 4 293
978 5 337
978 7 350
978 19 375
978 15 388
980 1 0
980 2 110
980 3 266
980 4 340
980 5 432
980 7 436
981 1 0
983 1 0
984 1 0
981 3 257
985 1 0
981 4 363
986 2 58
988 1 0
981 6 482
981 7 482
988 2 79
985 3 196
989 1 0
990 1 0
985 5 296
989 3 103
985 6 304
985 7 304
985 8 318
989 5 150
989 7 158
989 8 188
986 3 646
986 4 693
986 5 746
986 4 817
986 3 820
986 4 834
986 6 845
986 7 845
986 4 849
986 3 850
986 3 858
986 4 860
991 1 0
992 1 0
993 1 0
994 1 0
986 6 874
992 2 39
994 2 48
995 1 0
992 3 105
992 4 131
995 2 57
992 6 160
994 4 146
986 34 1031
986 14 1049
986 15 1049
994 5 175
994 7 183
992 19 215
992 136 215
994 8 228
995 3 169
994 8 257
994 8 265
994 8 269
994 29 275
994 14 280
995 4 242
995 6 277
995 7 277
995 8 314
995 8 394
994 6 473
994 7 473
996 1 0
997 1 0
996 2 64
996 2 84
