0 2 52
0 5 262
0 6 270
9 2 90
9 2 100
9 3 166
9 7 229
10 5 410
12 2 145
16 1 0
10 1 665
10 6 674
16 3 138
18 1 0
16 5 213
16 6 222
16 19 238
12 3 511
17 4 373
20 4 368
22 7 195
20 6 403
24 5 6
22 5 472
22 7 479
24 28 131
24 28 131
24 1 178
24 4 257
24 5 267
24 6 273
24 29 308
24 8 331
24 1 344
32 1 0
33 5 354
33 6 358
33 7 358
33 8 392
33 19 406
33 13 449
36 2 58
35 5 304
35 6 307
36 4 260
35 8 364
36 8 323
36 5 356
33 6 1302
33 7 1302
38 3 320
38 1 510
38 30 510
38 14 511
40 1 0
38 7 946
38 13 969
38 15 969
40 4 325
40 5 380
40 6 382
40 21 385
40 14 417
40 15 417
40 7 426
40 14 431
40 15 431
40 6 442
40 7 442
41 1 0
42 1 0
41 7 371
42 5 301
42 21 307
42 19 323
42 15 325
42 6 341
44 1 0
44 4 318
44 7 390
45 3 139
45 4 168
45 13 202
46 1 0
46 2 63
47 2 37
46 6 418
46 34 439
48 2 76
48 3 211
48 6 326
50 2 79
50 4 198
53 1 0
53 5 244
53 6 288
53 14 302
53 6 320
53 15 337
53 13 369
53 15 369
55 2 41
56 1 0
56 2 322
56 5 589
56 21 609
56 13 629
58 1 0
59 1 0
58 5 288
61 1 0
58 6 302
59 5 237
59 6 253
59 8 284
59 8 299
59 19 322
59 34 322
59 8 335
62 7 265
64 1 0
64 5 196
64 8 209
64 8 261
64 14 284
63 4 935
65 1 0
65 6 21
65 14 42
65 15 42
66 4 287
66 6 331
66 8 353
66 13 373
69 1 0
71 5 247
71 6 252
72 1 0
72 2 133
74 1 0
72 7 354
70 19 1136
70 7 1144
70 19 1169
70 34 1169
70 6 1280
77 1 0
77 5 8
77 6 11
77 7 11
78 1 16
76 3 359
76 4 398
76 1 484
76 19 485
79 1 0
82 6 12
82 7 12
82 13 24
82 30 24
82 14 26
81 5 182
81 7 190
80 3 318
82 15 301
79 8 560
79 8 566
79 8 637
79 29 650
79 8 700
79 14 747
79 25 759
79 6 760
82 15 609
79 8 767
79 29 812
79 8 824
79 29 857
84 7 20
84 8 37
85 2 236
87 5 5
87 15 18
86 2 59
86 6 212
86 8 227
89 2 67
86 4 381
90 1 0
89 4 253
89 6 312
89 7 313
89 13 365
92 1 0
88 2 548
94 1 0
93 2 31
93 4 110
91 8 461
93 8 161
91 29 548
91 19 565
96 1 0
97 1 0
97 2 63
98 1 0
96 5 189
96 8 211
96 15 229
100 1 0
97 4 386
97 6 428
97 8 480
100 2 112
101 3 147
97 8 544
99 3 337
102 2 82
99 6 603
99 19 626
102 6 337
105 4 304
106 14 294
106 15 294
105 5 358
105 6 367
108 2 67
106 7 448
106 6 448
106 15 458
100 5 1116
100 6 1133
111 1 0
112 1 0
110 3 119
100 15 1203
110 6 164
100 6 1216
100 14 1225
111 2 122
112 3 194
113 8 23
100 14 1402
114 1 0
111 3 482
114 5 204
116 1 0
111 5 706
111 5 769
112 7 758
115 4 393
119 1 0
115 14 555
115 15 555
121 1 0
117 3 212
118 21 213
112 8 1134
118 1 260
118 30 260
112 7 1162
120 3 258
117 1 359
117 14 360
120 4 310
118 6 372
118 14 375
120 5 363
120 14 391
120 6 414
120 7 415
121 4 405
120 14 489
125 7 9
126 1 0
125 8 49
128 2 37
126 2 104
122 6 344
127 2 108
122 7 345
123 7 407
122 13 406
124 4 413
124 7 460
124 19 478
124 34 478
124 34 493
124 14 493
124 6 496
124 8 500
124 34 502
126 5 339
124 8 529
124 14 534
124 14 556
124 6 559
124 19 566
132 5 2
132 6 5
124 15 570
131 2 64
127 3 446
135 5 8
135 15 77
127 8 574
131 4 259
134 2 177
133 5 227
133 6 231
133 7 231
131 6 295
131 13 358
131 15 359
135 19 274
135 14 275
131 7 418
131 30 422
131 15 425
139 1 0
140 1 0
142 1 0
115 5 2078
115 13 2091
141 3 264
143 4 246
143 5 292
141 8 424
141 19 449
141 14 449
145 1 0
139 1 702
139 13 708
150 2 42
151 1 0
146 5 199
146 6 224
145 5 267
145 6 275
145 7 275
145 8 299
145 13 319
151 2 182
151 2 207
122 8 2035
150 8 280
156 1 0
122 13 2040
122 15 2042
146 34 403
146 14 413
155 8 34
146 8 437
155 8 57
155 5 87
155 6 89
155 7 89
152 3 174
152 4 191
156 3 150
159 1 0
158 2 75
156 7 228
158 4 173
144 3 1111
157 3 283
152 6 427
152 8 465
159 5 209
163 1 0
160 4 221
158 25 273
158 7 274
158 8 277
144 7 1212
164 1 0
160 3 232
165 1 0
158 6 302
158 7 302
158 8 308
159 8 289
158 13 322
168 6 23
157 3 514
165 2 229
169 2 58
167 2 128
167 4 271
170 3 107
169 3 213
169 4 244
167 5 314
167 7 319
170 6 177
169 7 263
165 3 487
169 7 311
175 1 0
175 2 29
166 5 515
166 6 528
170 136 303
170 25 308
170 7 308
166 15 540
177 2 47
170 25 396
170 6 398
170 7 398
144 8 1887
174 2 247
175 4 161
178 2 113
170 14 436
181 1 0
176 7 225
182 2 31
177 6 270
165 5 898
169 5 675
169 7 682
169 8 700
177 13 368
177 14 369
165 6 920
165 7 920
173 4 533
165 8 949
165 7 955
165 8 959
182 4 207
169 25 767
169 7 775
181 4 235
178 3 395
181 5 305
185 5 1
185 6 18
185 19 22
185 14 23
182 29 310
182 29 314
185 8 31
185 7 42
185 8 46
178 4 497
179 5 379
179 6 394
185 14 65
185 8 75
185 8 80
183 2 350
183 2 357
185 14 95
183 2 399
179 25 471
185 8 156
185 19 171
179 25 499
179 5 500
178 21 649
178 8 828
178 29 860
184 2 598
183 3 766
192 1 0
184 5 768
192 3 84
184 6 784
184 15 791
192 6 137
190 3 231
189 4 328
192 8 153
192 14 169
198 1 0
192 25 188
192 6 189
192 7 189
194 4 181
199 1 0
189 21 383
193 3 170
194 6 228
194 7 228
200 1 0
164 3 1875
200 2 43
201 1 0
199 3 115
195 2 229
193 15 319
164 4 1986
200 3 121
199 5 181
199 6 187
200 4 157
204 1 0
196 19 338
196 6 359
200 8 229
200 8 235
200 30 257
164 7 2157
202 4 192
202 7 237
195 4 531
202 8 296
207 1 0
200 15 474
195 1 646
195 15 646
201 5 495
201 1 572
210 1 0
211 1 0
209 2 93
203 4 588
203 7 629
198 4 905
198 6 971
198 7 972
213 5 7
198 30 1005
213 7 23
215 1 0
210 5 429
209 7 448
215 2 65
178 3 2306
210 8 475
178 6 2346
178 7 2346
178 21 2347
213 29 197
213 29 200
213 29 203
203 8 1001
178 13 2402
209 13 565
210 6 553
210 7 553
212 4 431
209 14 613
216 6 223
203 8 1087
220 1 0
217 8 188
217 13 206
209 13 659
209 30 659
209 15 659
217 15 206
221 1 0
209 15 683
215 5 350
217 8 269
209 7 757
209 30 761
219 7 184
222 1 35
219 13 206
219 15 207
217 6 411
224 1 0
214 5 566
217 13 460
217 30 460
217 14 461
221 3 250
224 2 111
217 6 549
217 14 554
222 8 240
222 8 280
222 19 295
222 34 295
228 1 0
221 7 417
221 15 445
224 2 243
214 13 842
214 14 843
214 15 843
229 1 0
229 2 50
232 7 31
225 6 439
229 4 186
225 8 524
225 8 551
235 1 0
235 5 2
231 3 246
231 3 269
231 5 422
238 2 104
230 4 534
237 4 170
241 2 46
214 26 1516
214 14 1516
238 3 209
237 8 231
241 3 171
238 6 297
240 13 261
240 14 261
240 15 290
230 13 770
230 15 777
240 6 369
240 7 369
230 3 818
244 2 42
240 8 372
241 6 337
241 6 384
241 7 384
241 8 396
241 13 399
241 14 400
241 15 400
132 14 6596
236 1 667
247 1 0
247 2 33
244 5 321
248 2 39
250 8 35
247 7 156
248 4 219
244 8 547
248 7 260
244 8 567
245 3 568
248 8 326
254 1 0
257 1 0
258 1 0
249 3 360
249 4 408
249 6 499
261 1 0
249 8 529
249 8 536
253 3 370
263 1 0
264 1 0
242 6 1171
242 7 1171
256 3 319
254 4 372
264 2 114
268 1 0
268 5 5
253 5 575
253 7 580
268 1 18
268 15 21
263 4 179
259 4 386
270 1 0
255 8 456
271 1 0
272 1 0
263 5 206
264 3 214
256 6 475
256 21 476
255 8 517
258 4 479
263 8 250
263 13 273
263 14 273
263 15 273
262 5 347
244 13 1253
264 5 299
264 7 302
276 1 0
251 5 862
251 7 878
264 1 313
264 30 313
254 30 656
269 3 162
251 1 900
251 19 900
260 8 471
260 8 482
259 1 546
256 8 641
251 19 938
251 7 947
260 34 498
260 14 499
254 6 711
278 1 0
254 13 725
254 14 726
254 15 726
269 4 222
266 5 387
266 7 391
251 19 964
251 136 965
251 6 970
269 4 248
258 5 659
256 8 695
256 14 710
280 1 0
265 7 446
264 4 479
278 2 84
276 3 177
256 7 746
256 27 754
256 6 758
281 2 34
270 3 345
269 8 359
258 8 731
258 29 735
256 8 779
256 27 789
256 14 791
285 1 0
280 2 77
269 8 379
255 6 801
255 26 808
255 14 812
255 15 812
271 7 394
277 5 237
272 8 393
264 5 591
264 7 603
275 5 369
275 6 380
275 7 380
275 21 381
264 13 615
264 30 615
280 3 178
277 30 288
288 1 0
275 8 465
270 5 526
290 1 0
259 5 964
283 5 234
259 8 985
281 34 306
281 6 310
281 19 318
281 136 318
281 7 321
259 1 1000
255 8 1072
281 14 345
290 2 151
285 6 331
285 4 334
293 2 107
287 4 291
275 8 680
293 2 129
295 1 0
255 6 1195
287 13 381
278 8 595
255 29 1250
255 8 1257
290 3 296
295 2 65
278 8 623
255 26 1290
255 14 1291
278 8 637
294 8 254
297 1 21
297 34 40
294 19 305
300 1 0
297 34 64
297 14 65
297 7 67
255 8 1388
299 2 65
295 3 212
295 4 233
257 1 1407
257 13 1410
257 30 1410
292 4 439
295 5 285
298 3 164
255 8 1516
296 3 262
304 1 0
304 2 18
298 7 222
306 7 9
303 1 102
303 6 129
298 13 281
307 1 0
303 1 163
303 7 187
296 5 434
296 4 448
298 25 363
298 29 406
298 8 412
299 5 412
309 1 0
306 14 151
306 15 151
305 4 184
303 8 253
305 1 242
305 26 252
301 7 393
296 29 624
296 14 629
296 6 661
303 4 424
308 4 198
296 19 672
303 3 433
310 1 0
303 3 484
303 4 488
311 1 0
303 6 498
303 1 506
303 14 511
308 2 317
307 3 415
309 8 373
301 14 748
301 15 748
307 7 589
255 8 2235
307 8 652
313 1 0
313 2 27
307 8 743
301 7 949
301 6 949
301 3 950
316 1 0
307 8 808
315 2 49
255 5 2455
255 6 2459
313 6 162
313 15 202
314 4 219
313 25 282
255 13 2623
255 14 2626
255 15 2626
319 1 0
314 5 258
313 14 295
313 6 345
313 13 356
313 14 357
315 6 345
293 7 1716
321 1 0
323 1 0
324 1 0
322 2 74
326 6 6
326 7 6
319 14 361
319 6 376
317 6 485
321 2 202
321 2 218
322 3 154
327 1 0
328 1 0
322 7 245
323 5 235
325 3 262
327 2 95
325 4 318
331 1 0
328 3 208
328 5 281
328 6 285
328 5 364
328 8 371
333 3 114
329 4 306
328 8 412
329 5 368
329 6 376
329 7 376
329 19 404
329 34 404
328 1 561
328 15 565
327 6 684
337 1 0
338 1 0
336 4 295
336 5 344
337 3 147
337 5 254
337 13 286
337 14 287
339 2 47
336 14 496
339 3 171
339 4 251
342 1 0
339 5 328
339 30 377
339 15 378
340 3 260
345 1 0
340 19 397
340 14 399
347 7 18
342 6 247
348 1 0
346 2 63
339 13 559
339 30 559
342 8 262
342 29 265
342 13 288
342 15 289
344 2 121
348 2 44
348 2 58
346 3 158
346 5 250
346 6 253
346 7 253
344 3 310
349 2 57
351 8 17
351 29 25
349 6 266
354 2 33
349 7 267
344 5 532
344 6 546
345 7 531
345 21 532
345 8 542
352 3 118
344 4 557
359 1 0
360 1 0
353 3 167
352 5 165
352 6 177
352 19 199
352 14 199
352 6 208
352 7 208
354 4 193
353 4 212
353 7 232
357 2 123
355 3 176
354 6 222
354 4 251
354 6 258
354 7 258
350 3 458
354 14 261
354 15 261
354 6 265
354 30 271
354 14 275
360 4 176
360 8 237
345 8 836
350 5 579
350 14 607
350 15 607
361 3 203
360 25 274
360 6 283
363 2 37
363 5 54
363 7 58
363 8 76
361 7 287
345 8 963
363 4 93
363 6 104
359 6 398
359 7 398
361 1 341
361 136 341
361 14 341
364 1 0
345 8 1006
365 1 0
345 8 1148
365 2 48
366 1 0
364 3 193
366 2 63
345 26 1220
367 2 54
364 8 269
345 7 1270
368 2 59
364 14 274
369 2 79
366 3 171
370 1 0
345 15 1381
366 5 250
368 3 177
345 7 1401
345 282 1412
365 3 328
367 3 246
371 5 2
369 5 207
365 7 399
368 8 336
365 1 510
365 14 511
359 7 1027
372 2 91
374 1 0
363 5 829
363 21 835
365 15 590
365 6 606
363 25 865
373 2 70
375 1 0
363 7 871
363 6 916
363 7 916
374 2 110
368 19 663
374 3 299
377 1 0
373 7 340
378 1 0
376 2 74
372 8 462
373 8 364
379 1 0
372 8 474
374 7 385
374 8 405
372 29 498
372 1 500
373 6 411
373 8 418
374 15 460
373 34 521
381 3 123
381 6 199
382 3 137
384 1 0
381 13 251
381 14 251
381 15 251
380 7 339
385 2 57
377 3 466
380 14 370
380 15 370
380 7 380
380 13 383
377 25 491
377 5 491
387 1 0
386 2 83
378 5 604
385 3 257
378 7 789
385 6 428
388 1 0
385 19 505
385 14 518
390 1 0
391 1 0
378 7 889
388 3 261
392 3 179
388 5 342
388 6 347
388 7 347
394 2 31
394 2 36
392 5 241
395 2 38
392 1 269
389 8 381
388 8 427
389 8 385
389 8 389
389 4 397
397 1 0
395 4 159
393 14 257
393 15 257
395 5 216
395 7 221
398 2 45
388 30 579
388 13 579
399 5 10
399 15 23
396 3 300
400 2 86
408 1 0
397 6 307
403 2 68
396 5 434
396 7 439
401 7 212
377 8 1649
397 8 360
409 13 19
409 30 19
409 15 19
398 3 352
411 1 0
387 13 1202
405 3 195
400 4 375
396 8 618
396 14 638
411 2 104
400 7 446
414 1 0
396 26 715
396 14 722
403 7 390
400 6 503
404 5 405
400 14 520
400 15 520
396 6 739
413 2 48
403 8 442
406 3 383
400 6 559
412 3 173
400 4 583
403 8 502
416 2 33
398 19 731
398 14 731
412 5 261
414 4 194
406 6 500
298 5 7369
416 3 95
417 1 0
398 8 786
415 6 235
412 5 309
412 8 314
412 25 337
412 7 338
403 3 623
417 2 26
418 2 41
416 4 167
403 6 652
403 7 652
412 25 371
416 5 195
412 19 384
416 7 201
412 19 399
412 14 400
412 6 403
416 8 233
413 6 385
413 1 432
413 19 432
413 14 433
419 1 0
418 4 197
413 7 442
417 5 210
418 5 233
413 19 467
413 14 469
413 6 476
418 7 246
398 14 1029
418 8 273
417 8 290
398 8 1095
421 2 53
422 1 0
422 6 13
422 7 14
398 6 1125
404 6 1042
419 3 257
421 4 174
414 29 756
426 1 0
421 13 261
421 15 262
428 5 5
430 1 0
431 5 2
431 6 18
431 7 18
429 2 114
423 3 307
423 4 340
423 6 377
423 7 378
421 13 523
421 14 524
421 7 563
423 8 462
423 8 466
421 6 583
421 13 586
421 30 586
427 6 315
427 8 354
434 1 0
424 8 526
432 2 140
427 4 405
434 2 55
427 25 502
434 3 159
421 7 827
421 30 833
421 6 910
421 8 915
421 30 918
421 15 919
433 3 370
437 1 0
438 1 0
433 4 427
421 25 1026
421 6 1026
421 7 1026
421 30 1038
421 15 1039
433 5 524
433 7 532
437 3 184
421 25 1173
433 13 615
433 15 615
437 4 227
421 15 1186
437 6 290
441 2 69
438 3 282
437 8 333
442 1 0
437 5 390
437 8 429
428 1 1089
438 7 418
438 8 437
440 4 299
438 14 458
446 1 0
438 19 484
438 14 484
438 7 493
440 8 374
446 2 33
449 1 0
428 6 1195
428 7 1195
450 1 0
438 14 530
451 1 0
428 4 1228
448 2 63
441 14 404
441 6 415
447 3 135
436 4 659
441 14 421
452 2 41
453 1 0
441 8 455
446 6 187
443 8 261
443 8 271
443 8 299
447 5 223
441 15 515
454 1 0
447 13 282
447 30 282
447 14 283
452 4 194
451 4 239
438 7 800
452 5 207
452 6 217
445 3 382
438 14 821
438 8 848
456 2 65
438 15 884
438 8 903
438 8 916
454 7 173
438 34 926
454 8 179
438 14 926
436 25 973
450 29 415
457 1 0
440 29 827
445 5 511
450 8 446
450 14 457
456 4 191
460 1 0
459 2 61
374 1 4839
462 2 55
450 15 638
460 8 195
436 8 1350
464 1 0
462 4 219
465 1 0
462 6 256
463 2 82
462 8 298
436 6 1459
436 7 1459
466 1 0
462 14 377
465 2 137
436 8 1550
436 25 1587
436 6 1587
469 1 0
470 1 0
465 3 251
436 8 1653
470 2 82
469 5 182
469 13 202
469 30 202
469 14 203
469 6 219
469 8 221
472 4 170
469 8 267
473 5 3
473 1 23
466 4 461
473 6 41
469 13 318
461 13 887
461 30 887
466 7 537
444 3 1573
475 2 54
474 2 54
473 29 146
466 14 571
469 1 453
466 5 599
469 2 493
476 2 46
444 30 1673
473 8 271
475 3 189
469 3 571
474 282 262
474 21 262
475 6 276
475 7 276
479 1 0
476 6 222
469 6 652
475 8 306
482 1 0
483 5 2
486 1 0
469 8 745
469 26 769
469 15 771
444 6 1967
444 8 1972
481 2 136
444 13 1996
444 14 1998
484 2 139
479 7 231
477 5 383
477 7 388
469 1 895
469 5 899
469 8 909
469 14 911
469 15 911
479 8 262
479 8 266
469 7 937
469 27 945
469 14 945
477 8 428
477 8 436
489 1 0
489 1 0
469 25 954
469 7 954
469 27 959
469 27 967
469 7 970
479 19 318
469 30 986
470 5 969
444 6 2159
444 7 2160
444 8 2170
476 7 587
470 1 1038
470 19 1038
485 2 326
476 29 636
491 1 0
495 1 0
496 1 0
496 1 0
496 1 0
444 26 2282
481 3 479
497 2 47
498 1 0
499 1 0
500 1 1
497 4 166
498 2 65
501 1 0
481 5 623
488 8 451
497 5 190
502 1 0
488 14 503
488 25 510
488 6 510
488 7 510
497 6 206
490 4 348
481 3 702
488 136 531
488 7 539
497 8 256
485 8 668
481 6 722
481 8 725
481 3 735
502 3 98
470 6 1390
497 8 290
487 4 675
502 4 134
497 8 350
487 7 728
502 21 177
485 8 798
490 8 532
487 13 740
487 14 741
490 8 552
492 5 453
492 7 468
492 21 469
490 8 573
490 4 589
490 5 611
492 14 531
492 15 531
497 19 495
492 15 543
502 15 307
497 7 506
497 8 514
497 14 651
502 25 435
502 13 440
492 6 711
492 7 711
505 3 229
497 25 654
497 6 654
492 21 747
508 3 225
505 2 397
509 1 0
511 1 0
506 6 418
506 7 419
511 2 53
512 1 0
505 5 510
508 6 307
506 13 469
512 2 48
515 1 0
509 3 140
505 30 613
505 15 614
510 3 207
514 3 132
517 2 50
514 4 165
514 5 192
510 3 283
519 1 0
516 3 153
505 7 742
521 1 0
520 2 58
514 14 354
521 2 53
522 1 0
512 4 427
513 4 415
515 3 399
512 7 463
522 2 66
520 3 198
513 6 492
513 7 493
526 1 0
513 15 533
520 5 294
520 6 298
505 15 1077
521 4 272
527 1 0
521 6 312
526 2 104
520 8 366
520 8 398
524 3 235
519 5 558
512 4 786
519 15 599
522 4 404
524 5 374
522 5 462
493 5 1800
512 5 891
529 2 75
523 5 473
528 3 237
532 1 0
523 13 552
523 15 553
528 7 351
526 5 502
530 3 196
512 13 1049
512 15 1052
534 1 0
534 15 19
528 30 405
526 8 592
505 7 1626
533 3 173
530 14 331
530 15 331
533 4 199
533 8 258
533 8 267
533 8 315
533 8 323
536 1 0
526 4 1040
541 2 35
541 4 111
541 7 141
542 1 0
529 6 1013
540 5 198
540 6 201
543 2 66
544 1 0
539 6 314
540 8 304
529 1 1130
529 13 1131
529 30 1131
539 14 329
540 8 317
540 13 333
529 6 1165
529 7 1165
539 7 353
547 1 0
529 2 1187
539 6 398
547 2 55
529 6 1213
529 136 1223
535 8 695
539 14 426
539 15 426
541 15 396
548 2 50
549 1 0
529 6 1276
529 136 1285
535 13 754
539 19 496
539 34 496
529 19 1302
529 14 1303
539 6 502
549 2 37
529 19 1340
529 14 1341
529 6 1350
547 3 201
550 3 116
529 19 1390
529 136 1391
408 1 7690
547 6 279
541 1 623
555 1 0
541 6 644
544 3 414
552 2 98
550 7 203
543 4 506
553 2 40
541 30 696
543 7 564
539 1 742
539 8 767
554 2 125
543 8 596
554 2 157
543 29 642
555 4 187
553 8 187
553 1 204
553 13 204
553 15 207
555 5 231
555 7 245
544 13 645
556 2 43
544 15 647
555 8 289
552 4 366
554 4 329
552 6 432
554 6 369
552 8 459
552 8 478
557 1 0
551 3 512
552 1 505
557 6 13
557 14 35
548 3 770
547 15 834
559 1 0
560 1 0
551 4 646
544 3 972
559 2 47
563 1 0
548 6 896
565 1 0
551 8 729
568 1 0
547 25 1013
547 7 1013
547 13 1019
558 3 233
547 15 1019
569 1 0
569 2 55
567 3 130
559 3 314
563 4 288
563 5 288
563 21 301
558 8 413
558 8 413
569 3 168
563 14 316
567 4 241
559 7 392
563 14 331
574 1 0
560 2 419
560 2 422
571 3 157
569 7 249
567 5 339
567 14 356
565 7 419
567 6 362
567 14 369
567 15 369
567 25 383
567 6 383
567 7 383
562 6 476
562 7 476
559 25 508
571 6 225
569 14 310
569 15 310
575 1 2
580 1 0
575 2 97
568 5 471
581 1 0
580 19 58
560 4 655
568 8 529
562 3 673
584 1 0
574 4 321
584 2 61
560 7 790
586 2 36
574 14 435
574 25 442
574 6 442
569 8 661
576 6 354
576 7 354
582 3 248
587 1 0
583 3 245
577 6 350
576 1 373
576 13 373
576 15 374
584 3 238
574 8 554
582 6 330
577 136 429
586 4 203
577 25 438
577 6 438
581 4 367
577 5 497
583 5 382
586 6 263
586 7 263
577 7 506
577 8 524
583 14 426
577 8 552
584 5 414
589 2 120
592 1 0
591 3 103
591 4 123
596 1 0
591 8 196
591 13 205
595 3 84
595 4 115
589 6 398
597 2 73
596 3 185
589 8 444
601 1 0
602 1 0
600 2 64
604 1 0
408 1 9867
596 6 302
594 4 370
600 3 162
604 2 75
596 2 315
570 1 1447
601 3 146
596 4 349
596 5 357
596 6 359
597 3 314
601 5 225
605 2 62
601 1 264
601 13 264
597 7 368
597 8 395
597 19 417
597 15 431
597 3 468
602 4 334
575 3 1446
604 4 386
608 5 3
599 5 507
599 6 512
602 3 497
610 1 0
606 3 147
602 4 518
575 5 1565
613 1 0
611 2 46
604 26 585
603 3 578
575 8 1676
611 4 185
606 8 306
604 6 710
611 6 228
611 7 228
616 1 0
612 4 213
611 29 290
603 6 787
611 8 306
611 29 307
605 6 678
603 13 813
603 30 814
611 8 335
617 1 0
604 7 856
612 8 313
613 13 331
620 1 0
617 4 149
613 6 432
619 3 164
615 4 281
619 4 192
616 4 283
619 5 225
617 13 226
617 14 227
615 8 345
624 1 0
616 5 334
619 7 240
616 7 350
616 13 479
624 3 165
620 4 295
600 13 1415
624 7 271
620 8 385
620 4 393
618 8 548
624 19 291
624 14 293
630 1 0
631 2 36
605 6 1375
605 7 1375
605 15 1396
632 1 0
611 26 1116
633 1 0
633 2 51
631 6 235
631 7 235
611 7 1166
611 6 1177
631 8 244
611 29 1190
611 29 1203
611 8 1229
633 3 135
631 25 317
633 6 209
633 8 214
635 1 0
628 6 554
628 21 560
633 8 264
634 3 254
628 14 601
633 13 309
634 5 298
631 8 483
631 19 545
631 136 545
631 6 552
633 7 405
628 5 739
631 8 620
628 21 747
631 8 664
637 1 0
638 1 0
640 6 12
640 13 57
640 30 58
641 2 80
639 3 174
644 1 0
639 4 213
628 1 1167
639 25 273
628 5 1172
628 6 1176
628 21 1180
646 1 0
641 3 294
648 1 0
639 5 407
647 2 51
643 7 229
643 8 240
643 29 241
644 4 217
639 7 410
644 5 239
641 8 413
641 30 428
651 1 0
638 5 551
647 1 191
641 7 503
652 7 12
649 3 200
651 2 93
638 13 596
638 6 643
649 4 241
654 2 49
641 6 583
641 30 591
641 15 592
651 2 151
642 2 499
649 7 268
655 1 0
649 8 308
649 8 310
649 8 311
649 8 315
649 29 316
652 8 179
649 8 346
657 2 73
649 8 358
649 8 363
649 8 372
644 7 536
644 8 546
642 5 612
649 25 391
649 7 407
654 8 215
651 4 294
642 25 632
654 8 242
659 1 0
653 4 297
651 5 339
651 13 380
642 25 741
659 3 117
652 8 413
642 8 799
642 5 810
642 6 815
642 7 815
661 2 67
659 5 185
643 8 791
661 2 75
651 7 531
658 4 326
657 4 386
642 1 875
642 13 875
659 8 238
648 2 706
663 1 0
663 8 36
658 2 448
653 5 610
653 6 620
643 8 1026
666 2 39
658 7 526
658 21 527
661 5 331
661 6 335
661 7 335
664 2 92
658 8 543
643 13 1113
643 14 1113
658 8 583
628 5 2237
628 6 2240
628 7 2240
666 5 198
628 6 2290
628 5 2310
666 4 236
669 1 0
643 25 1275
643 13 1285
669 5 43
672 1 0
669 8 94
659 8 818
664 7 452
676 1 0
664 8 486
667 6 374
667 7 375
667 21 379
674 2 95
667 8 398
664 19 572
676 3 156
670 3 356
671 7 349
671 8 377
671 4 384
665 5 725
675 1 311
665 6 740
670 7 455
670 8 464
680 1 0
665 29 762
677 3 303
672 5 482
683 1 0
674 5 494
674 7 509
674 14 545
679 7 270
679 8 291
678 4 329
674 1 635
674 6 652
679 4 385
678 6 423
677 8 642
677 15 664
682 3 315
683 3 303
674 14 823
674 15 823
683 14 413
682 7 449
682 8 472
686 6 306
686 8 317
687 1 0
682 15 536
408 7 14666
686 8 378
687 2 74
680 4 724
680 8 781
690 1 0
682 19 718
682 14 726
687 4 258
691 6 24
687 8 352
682 6 838
682 26 851
687 8 366
682 6 872
680 25 995
680 6 995
680 7 995
680 19 1011
680 34 1011
680 15 1015
680 7 1017
693 1 0
688 3 267
692 8 52
682 7 993
692 14 111
696 2 50
689 6 397
694 3 186
699 1 0
695 4 175
694 5 255
695 6 257
695 7 257
700 1 0
700 2 48
697 4 228
701 1 0
702 6 5
702 14 8
704 1 0
697 19 305
697 34 305
703 3 61
705 1 0
700 3 182
696 8 413
696 15 422
705 2 72
700 4 227
696 6 459
696 7 459
696 8 465
700 7 286
704 3 179
708 1 0
688 5 930
688 7 944
698 6 501
711 1 0
704 6 288
704 7 288
712 1 0
712 5 2
704 13 316
704 14 316
704 15 316
712 6 5
712 13 14
712 14 14
712 15 14
712 7 48
712 30 52
705 6 319
705 29 342
704 2 450
704 4 498
704 13 512
710 2 322
710 6 329
710 6 333
713 1 0
711 4 384
717 1 0
720 1 0
711 7 526
675 14 2725
675 15 2725
714 3 271
714 6 352
714 6 388
714 8 418
720 4 270
723 2 61
725 1 0
714 19 475
714 34 475
720 8 354
714 29 507
714 29 518
714 8 528
725 2 53
720 8 365
714 29 529
723 3 165
725 3 132
723 4 206
729 136 25
729 25 31
729 19 34
723 5 248
633 14 5343
633 15 5343
723 4 275
723 3 275
727 2 160
725 6 245
725 13 254
725 30 254
725 15 256
730 2 49
722 30 357
722 14 358
730 3 147
728 4 290
727 3 289
730 6 200
727 5 453
727 6 456
727 7 456
727 8 488
724 3 764
726 6 658
739 6 4
647 1 4904
739 14 14
733 6 359
731 5 499
731 13 516
731 6 556
733 8 426
738 2 98
741 1 0
742 1 0
731 8 566
731 14 596
743 1 0
724 6 968
724 7 968
744 6 11
733 5 541
744 13 16
744 15 18
734 3 340
733 13 582
734 4 378
724 29 1056
625 2 6557
734 5 404
734 6 407
724 13 1093
733 14 640
746 6 12
747 1 0
734 25 533
734 6 533
733 6 760
733 7 760
734 34 542
748 1 0
625 8 6719
733 14 786
733 15 786
712 5 1941
712 19 1963
712 34 1963
712 15 1976
747 2 110
751 1 0
711 14 2215
745 4 350
731 6 1182
731 7 1182
755 1 0
755 5 4
750 4 242
754 7 10
755 6 10
751 6 248
753 2 141
756 6 7
756 7 7
749 4 411
747 6 474
731 8 1340
731 14 1344
625 29 7189
737 13 995
737 15 996
759 2 45
751 4 475
751 5 480
749 5 592
749 6 600
762 1 0
757 6 249
757 7 249
749 4 638
763 1 0
757 25 285
757 7 285
749 3 649
761 14 62
762 2 52
756 7 333
757 3 331
759 6 230
764 1 0
756 26 340
757 5 380
757 7 382
759 19 247
759 14 248
765 1 0
764 2 53
762 3 174
757 21 453
765 2 69
762 4 228
762 5 243
763 5 230
762 7 247
757 6 541
757 136 550
757 19 550
765 3 206
760 3 553
768 1 0
765 4 265
760 4 582
770 1 0
764 4 370
764 5 421
764 6 424
764 7 425
760 15 658
772 1 0
772 2 65
774 2 46
728 1 2378
728 8 2396
770 3 194
768 4 279
776 1 0
728 15 2401
777 1 0
772 3 192
776 2 109
770 6 349
780 1 0
770 13 391
770 30 391
770 14 392
782 1 0
773 3 297
775 5 280
775 7 287
772 6 373
781 3 103
768 5 591
776 3 307
779 3 241
779 4 278
776 4 396
776 6 410
776 7 410
776 15 452
785 1 0
786 1 0
783 3 152
774 8 665
785 3 145
785 29 249
788 2 167
790 1 0
788 2 187
788 2 199
768 8 1068
768 13 1073
768 14 1073
788 2 207
788 2 216
791 2 35
788 2 273
788 2 290
791 25 87
791 5 88
792 1 0
790 4 170
788 2 380
790 6 198
790 8 240
788 4 527
788 5 577
793 7 226
793 21 231
727 5 3618
795 2 230
798 2 84
794 6 328
794 15 362
801 1 0
792 4 470
800 2 57
792 5 531
792 6 534
802 2 95
798 3 274
797 5 376
797 6 378
797 7 379
768 8 1827
800 4 216
790 13 773
797 2 468
798 5 398
798 7 405
801 5 247
801 8 259
790 25 880
790 6 880
797 6 565
802 4 424
802 2 494
807 1 0
809 1 0
805 6 452
812 1 0
806 3 176
814 1 0
809 2 119
815 1 0
813 2 63
806 21 269
806 8 285
815 2 115
815 2 117
818 1 0
807 4 371
807 8 419
815 3 267
820 1 0
815 4 304
813 6 312
813 4 373
822 1 0
820 2 94
815 6 389
809 3 526
808 8 574
811 5 495
825 1 0
824 2 49
815 13 514
815 14 514
815 15 514
790 1 1810
823 2 122
826 2 96
825 3 100
790 6 1819
790 7 1819
790 34 1833
790 14 1835
790 15 1838
822 4 210
825 4 135
827 8 19
809 8 732
824 3 161
825 8 163
827 34 35
827 14 37
825 8 210
826 7 218
820 4 408
825 8 243
809 6 861
821 5 381
821 6 383
818 7 587
819 4 612
808 15 992
820 1 599
819 5 654
819 6 663
819 34 706
808 25 1091
819 25 722
819 6 722
808 8 1096
808 30 1115
777 7 2999
777 5 3006
777 6 3009
777 8 3024
777 8 3027
777 29 3082
777 8 3095
777 29 3099
830 4 117
836 1 0
835 6 29
833 2 39
835 7 82
777 8 3234
777 13 3240
835 6 104
835 6 114
834 2 135
833 3 153
831 3 275
829 4 367
832 4 258
831 4 333
808 6 1495
808 7 1495
808 8 1505
829 6 434
829 8 448
831 6 381
808 8 1516
838 2 107
808 13 1595
808 15 1596
831 14 512
835 8 499
835 7 499
829 6 700
835 19 514
835 6 530
835 7 530
841 1 0
843 1 0
845 1 0
838 4 583
838 3 596
842 3 196
841 5 321
841 7 327
845 3 154
845 4 194
849 30 48
849 15 49
844 4 391
852 2 71
850 4 202
850 7 256
850 15 294
844 7 601
849 7 368
844 8 684
854 2 61
844 8 770
844 8 823
844 8 853
854 3 258
854 8 552
844 13 1261
844 14 1262
844 25 1295
857 4 209
844 8 1314
844 15 1360
857 6 289
857 8 345
841 14 1602
841 15 1602
854 14 825
857 8 382
844 7 1511
863 1 0
844 8 1817
863 3 105
866 1 0
863 7 149
866 1 3
738 5 7544
860 5 325
860 7 331
866 2 60
857 8 835
867 1 0
865 3 157
863 7 267
862 5 311
860 14 400
863 1 291
844 15 2036
863 6 315
863 8 316
863 15 327
866 3 185
861 6 419
861 7 419
844 15 2077
862 8 378
862 1 402
844 30 2097
844 14 2098
738 8 7774
865 14 312
865 15 312
862 14 444
871 1 0
768 8 6346
738 5 7880
872 1 0
768 8 6390
865 6 418
865 7 418
867 5 281
866 8 374
866 13 387
866 14 387
861 29 591
738 8 7909
865 27 434
867 13 317
862 25 608
862 7 608
873 2 66
865 7 503
862 8 629
862 30 641
862 15 641
866 7 460
866 8 491
866 8 505
866 7 519
866 5 532
866 7 540
866 8 544
866 19 556
866 34 556
866 26 563
866 14 564
866 15 564
875 4 216
873 3 271
876 4 200
880 1 0
870 3 418
880 2 45
870 4 444
876 7 274
869 3 471
877 5 204
876 15 302
869 5 492
869 6 497
869 7 497
861 8 996
869 8 536
881 1 0
882 7 11
873 5 499
873 7 510
881 2 45
884 1 0
885 1 0
869 19 679
886 1 0
886 7 15
879 14 361
886 8 28
844 6 2868
844 7 2868
886 8 45
844 30 2879
844 15 2880
886 14 68
880 8 386
880 5 401
880 6 404
880 7 404
880 8 428
881 3 257
880 19 458
880 14 458
880 8 465
884 4 221
883 5 277
883 6 280
884 5 259
881 7 324
883 14 291
883 7 298
884 8 277
881 13 391
881 14 391
878 5 680
878 7 685
884 8 348
888 2 81
844 25 3184
844 7 3184
881 6 483
881 13 511
881 14 512
844 29 3256
844 8 3261
782 3 6979
883 8 581
889 1 0
782 4 7015
883 4 599
890 2 49
892 2 64
894 5 8
894 7 13
844 15 3538
895 1 0
896 1 0
888 6 529
888 7 529
844 6 3633
844 8 3648
888 8 561
896 2 63
888 8 589
886 8 855
889 14 354
889 6 364
889 4 365
844 13 3687
890 7 396
892 4 371
891 6 371
891 7 371
896 4 233
891 15 437
896 5 292
896 7 297
898 3 184
899 14 216
898 4 220
897 5 286
901 2 49
899 19 237
899 14 237
899 6 244
899 14 251
899 6 252
899 7 252
898 5 268
897 6 291
898 8 300
844 6 4054
844 14 4073
902 1 0
900 4 300
891 7 691
900 5 336
891 8 726
900 8 375
900 8 412
900 8 415
900 8 426
898 8 480
900 14 433
900 15 433
900 7 436
900 8 446
900 8 449
900 8 469
891 34 947
908 1 0
908 7 8
907 3 208
910 1 0
909 6 20
908 14 70
907 6 299
911 1 0
912 3 98
912 4 139
912 34 179
912 25 188
912 6 189
912 19 202
912 14 202
912 25 204
914 7 407
887 8 2808
887 14 2849
887 14 2880
914 8 501
918 1 0
917 2 92
915 4 409
918 2 66
916 3 336
916 5 471
916 6 479
913 4 874
917 6 366
917 7 366
918 4 299
918 5 342
917 14 410
921 1 0
918 6 346
922 1 0
924 1 0
923 2 168
921 7 232
924 13 31
922 3 179
925 1 0
919 3 282
925 2 56
921 14 309
919 4 365
921 6 330
921 7 330
927 5 10
921 8 391
921 13 403
921 15 407
922 8 343
922 19 359
922 34 359
926 5 160
919 5 469
919 6 478
919 7 479
922 7 376
922 13 385
920 5 500
919 14 526
925 3 244
929 2 41
920 1 645
920 13 646
928 3 306
922 13 628
919 6 725
919 4 738
925 15 481
928 4 439
929 4 280
928 7 552
929 1 369
929 5 374
920 8 997
928 1 576
928 19 576
928 14 578
929 6 389
929 8 464
930 5 365
930 136 414
930 14 415
930 7 442
930 14 475
932 2 64
936 1 0
940 1 0
938 5 171
940 2 218
943 1 0
940 4 322
940 5 368
940 6 372
940 15 391
945 5 7
945 7 10
946 1 0
880 1 6196
945 2 108
944 3 426
946 3 113
945 3 195
945 14 259
946 7 198
944 6 607
944 8 631
947 5 6
945 7 371
947 7 21
949 1 0
944 29 892
950 1 0
949 6 179
951 1 0
952 1 15
949 8 203
952 2 82
948 4 422
948 7 450
952 4 326
950 8 422
955 1 0
954 3 137
953 3 390
954 6 246
954 8 263
955 3 178
957 1 0
953 4 467
954 34 301
954 8 315
958 6 12
954 19 323
954 14 325
954 6 327
954 7 327
955 6 286
955 8 307
955 8 325
959 2 72
960 1 3
960 1 4
959 3 345
952 6 1183
956 7 670
959 4 425
952 1 1229
952 15 1231
960 3 311
959 5 460
956 26 733
956 8 764
959 14 499
956 8 800
956 8 800
956 5 837
956 21 846
959 7 581
959 13 595
959 14 595
959 15 595
961 5 377
960 8 458
956 29 892
952 6 1408
960 8 486
961 8 422
961 8 440
957 4 805
966 1 0
959 7 1016
966 5 271
966 7 279
966 8 286
968 1 0
959 6 1028
959 13 1084
969 2 54
959 7 1143
959 13 1165
973 1 0
969 3 214
969 4 258
959 14 1387
969 7 322
959 6 1427
975 1 0
973 3 154
974 6 182
973 7 241
970 6 417
970 7 417
974 15 230
974 6 236
972 4 316
978 2 43
977 2 42
974 30 364
974 14 366
972 8 428
977 6 192
976 4 263
979 7 15
978 4 293
978 5 337
980 1 0
980 2 110
980 6 436
981 3 257
986 1 0
987 1 0
985 4 231
989 4 122
989 8 188
990 3 378
986 3 820
986 4 834
986 6 845
986 3 850
986 5 863
993 1 0
986 8 883
992 2 39
992 4 131
995 2 57
992 6 160
986 34 1031
994 7 183
992 15 218
994 8 240
994 8 253
995 3 169
994 8 257
994 29 275
994 6 473
996 2 84
