10 1 0
12 1 0
16 1 0
10 1 665
16 1 238
20 1 0
33 1 0
33 1 1294
41 1 0
41 1 0
44 1 0
46 1 0
46 1 438
49 1 0
62 1 0
65 1 0
77 1 0
79 1 0
82 1 0
82 1 24
79 29 624
79 29 635
79 29 650
79 29 655
79 29 774
79 29 812
79 29 857
79 29 860
79 29 884
84 1 0
86 1 0
87 1 0
89 1 0
77 1 3015
91 1 0
93 1 0
91 29 548
91 29 553
91 29 555
96 1 0
102 1 0
103 1 0
105 1 0
105 1 414
109 1 0
113 1 0
114 1 0
118 1 0
119 1 0
118 1 260
122 1 0
123 1 0
127 1 0
130 1 0
123 1 552
135 1 0
135 136 72
135 1 254
135 136 274
140 1 0
147 1 0
148 1 0
149 1 0
151 1 0
152 1 0
153 1 0
157 1 0
159 1 0
162 1 0
159 29 285
152 1 645
152 26 646
152 27 646
151 26 891
170 1 0
174 1 0
170 136 303
170 136 326
170 136 433
179 1 0
180 1 0
183 1 0
151 1 1593
187 1 0
189 1 0
191 1 0
192 1 0
194 1 0
195 1 0
196 1 0
192 29 159
192 29 161
198 1 0
199 1 0
189 26 437
194 29 277
201 1 0
204 1 0
196 1 338
204 1 26
205 1 0
207 1 0
195 1 646
209 1 0
201 1 572
201 136 572
205 1 676
218 1 0
220 1 0
223 1 0
226 1 0
230 1 0
235 1 0
236 1 0
237 1 0
238 1 0
239 1 0
241 1 0
244 1 0
241 1 325
246 1 0
236 1 667
249 1 0
244 29 638
244 29 687
259 1 0
264 1 0
269 1 0
273 1 0
264 1 313
259 1 546
279 1 0
283 1 0
284 1 0
286 1 0
291 1 0
259 1 921
293 1 0
259 1 1000
301 1 0
303 1 0
304 1 0
305 1 0
303 1 102
307 1 0
303 1 163
308 1 0
305 1 242
303 1 314
305 26 252
310 1 0
303 1 506
307 29 777
316 1 0
307 29 807
317 1 0
319 1 0
321 1 0
322 1 0
325 1 0
328 1 0
329 1 0
331 1 0
325 1 621
329 1 404
328 1 561
335 1 0
335 1 47
340 1 0
342 1 0
345 1 0
342 29 265
349 1 0
350 1 0
355 1 0
357 1 0
358 1 0
345 29 676
365 1 0
366 1 0
367 1 0
345 26 1220
345 282 1220
345 26 1411
345 282 1412
371 1 0
372 1 0
365 1 510
374 1 0
378 1 0
372 29 498
372 1 500
374 29 432
374 1 722
378 26 771
378 27 771
378 26 803
378 27 804
388 1 0
389 1 0
390 1 0
388 29 424
397 1 0
398 1 0
403 1 0
404 1 0
427 1 0
431 1 0
432 1 0
441 1 0
444 1 0
445 1 0
449 1 0
450 1 0
452 1 0
444 1 279
454 1 0
455 1 0
450 29 415
450 1 455
458 1 0
459 1 0
460 1 0
461 1 0
374 1 4839
464 1 0
467 1 0
470 1 0
474 1 0
474 282 262
482 1 0
483 1 0
485 1 0
485 1 10
487 1 0
489 1 0
489 1 0
489 1 0
470 1 1038
444 29 2257
495 1 0
444 26 2282
444 27 2282
497 1 0
498 1 0
499 1 0
497 26 501
497 26 522
497 26 650
522 1 0
528 1 0
532 1 0
533 1 0
534 1 0
534 1 19
541 1 0
544 1 0
541 29 391
553 1 0
541 1 623
553 1 204
556 1 0
558 1 0
562 1 0
564 1 0
565 1 0
567 1 0
569 1 0
571 1 0
572 1 0
567 26 355
567 27 355
567 26 366
567 27 366
567 26 380
567 27 380
576 1 0
567 26 390
567 27 390
580 1 0
581 1 0
580 1 57
580 136 58
585 1 0
576 1 373
588 1 0
594 1 0
595 1 0
598 1 0
599 1 0
602 1 0
603 1 0
603 1 274
607 1 0
603 1 813
617 1 0
619 1 0
623 1 0
627 1 0
628 1 0
630 1 0
633 1 0
628 1 733
636 1 0
638 1 0
641 1 0
644 1 0
628 1 1167
628 1 1167
648 1 0
638 1 594
638 26 648
638 27 648
657 1 0
661 1 0
662 1 0
666 1 0
628 1 2234
668 1 0
628 26 2270
628 27 2271
628 1 2304
670 1 0
671 1 0
672 1 0
674 1 0
675 1 0
675 1 311
670 29 475
674 1 635
690 1 0
690 1 11
700 1 0
701 1 0
711 1 0
716 1 0
675 1 2657
675 29 2706
722 1 0
728 1 0
722 1 357
732 1 0
733 1 0
736 1 0
738 1 0
741 1 0
743 1 0
733 1 533
733 1 600
733 1 746
752 1 0
758 1 0
759 1 0
762 1 0
759 1 247
728 1 2378
781 1 0
782 1 0
783 1 0
789 1 0
793 1 0
795 1 0
800 1 0
804 1 0
805 1 0
808 1 0
810 1 0
812 1 0
817 1 0
819 1 0
825 1 0
828 1 0
832 1 0
839 1 0
840 1 0
841 1 0
846 1 0
855 1 0
856 1 0
858 1 0
859 1 0
858 1 102
860 1 0
866 1 0
866 1 3
867 1 0
869 1 0
871 1 0
873 1 0
876 1 0
866 26 496
866 26 511
878 1 0
866 26 563
876 1 301
881 1 0
882 1 0
887 1 0
890 1 0
891 1 0
894 1 0
894 29 34
897 1 0
902 1 0
909 1 0
887 1 2328
917 1 0
887 136 2834
887 136 2866
918 1 0
920 1 0
917 1 391
922 1 0
927 1 0
927 1 8
928 1 0
929 1 0
920 1 645
929 1 369
928 1 576
936 1 0
939 1 0
942 1 0
943 1 0
947 1 0
947 1 0
948 1 0
950 1 0
951 1 0
953 1 0
954 1 0
958 1 0
958 29 381
964 1 0
965 1 0
967 1 0
972 1 0
978 1 0
967 1 911
972 29 475
984 1 0
985 1 0
986 1 0
987 1 0
988 1 0
993 1 0
986 1 1031
997 1 0
