77 1 3015
77 5 3026
77 6 3030
77 7 3031
115 1 2069
115 5 2078
115 6 2087
115 7 2087
115 13 2091
115 14 2091
115 15 2091
122 6 1583
122 7 1583
122 8 2035
127 4 1801
127 5 1804
122 13 2040
122 30 2040
122 14 2042
122 15 2042
144 8 1489
144 29 1885
144 8 1887
144 13 1891
144 30 1892
144 14 1892
144 15 1892
144 25 2115
144 6 2115
144 7 2115
151 1 1593
151 5 1605
151 6 1608
151 7 1609
151 21 1611
164 3 1875
164 4 1986
164 5 2141
164 6 2157
164 7 2157
164 8 2199
178 4 2289
178 3 2306
178 4 2320
178 5 2342
178 6 2346
178 7 2346
178 21 2347
178 8 2361
178 29 2397
178 1 2402
178 13 2402
178 14 2409
178 15 2409
214 6 1507
214 7 1507
214 26 1516
214 27 1516
214 14 1516
132 26 6595
132 14 6596
255 8 1416
257 1 1407
257 13 1410
257 30 1410
257 14 1411
257 15 1412
255 8 1516
255 29 2208
255 8 2209
255 8 2235
255 2 2375
255 3 2428
255 4 2440
255 5 2455
255 6 2459
255 7 2459
255 8 2476
255 13 2623
255 14 2626
255 15 2626
293 3 1619
293 4 1659
293 5 1711
293 6 1716
293 7 1716
296 6 1543
296 7 1544
296 4 1544
345 8 1408
345 26 1411
345 282 1412
345 14 1412
365 8 1606
377 8 1649
298 1 7364
298 5 7369
298 6 7377
298 7 7377
408 1 1954
374 1 4839
436 1 1449
436 19 1449
436 34 1449
436 14 1450
436 6 1459
436 7 1459
436 8 1521
436 8 1550
436 19 1563
436 34 1563
436 14 1564
436 25 1587
436 6 1587
436 7 1587
436 8 1630
436 8 1653
436 19 1656
436 34 1656
436 14 1657
444 2 1472
444 3 1573
444 4 1618
444 5 1639
444 6 1643
444 7 1644
444 13 1673
444 30 1673
444 14 1674
444 15 1674
444 6 1967
444 7 1967
444 8 1972
444 13 1996
444 14 1998
444 15 1998
444 6 2159
444 7 2160
444 8 2170
444 29 2257
444 8 2259
444 26 2282
444 27 2282
444 14 2285
444 15 2285
444 6 2389
444 7 2389
493 3 1716
493 4 1771
493 5 1800
493 6 1816
493 7 1816
493 21 1817
505 25 1626
505 7 1626
505 6 1626
505 13 1629
505 30 1629
505 15 1633
505 14 1633
408 1 7690
530 6 2425
530 7 2426
530 4 2456
530 3 2467
530 2 2515
530 25 2580
530 25 2609
530 5 2610
530 6 2614
530 7 2614
408 1 9867
570 1 1447
575 3 1446
575 4 1501
575 5 1565
575 6 1581
575 7 1581
575 8 1632
575 29 1645
575 8 1648
575 8 1676
575 8 1717
575 8 1785
575 8 1880
575 8 1956
600 13 1415
600 14 1416
600 15 1416
408 1 11996
622 4 1438
622 5 1520
622 7 1527
622 6 1527
628 1 2234
628 5 2237
628 6 2240
628 7 2240
628 26 2270
628 27 2271
628 14 2272
628 25 2290
628 6 2290
628 7 2290
628 1 2304
628 5 2310
628 6 2313
628 7 2313
675 1 2657
675 5 2670
675 8 2676
675 6 2676
675 7 2677
675 29 2706
675 13 2725
675 30 2725
675 14 2725
675 15 2725
647 1 4097
647 2 4132
633 25 5336
633 6 5336
633 7 5337
633 13 5342
633 30 5343
633 14 5343
633 15 5343
712 1 1460
647 1 4904
712 2 1534
625 2 6406
712 3 1623
625 2 6557
625 3 6592
712 4 1797
625 4 6636
712 5 1871
712 6 1874
712 7 1875
625 5 6681
625 6 6685
625 7 6685
625 8 6719
712 3 1923
712 25 1941
712 5 1941
712 6 1943
712 7 1943
712 8 1957
712 19 1963
712 34 1963
712 14 1965
712 15 1965
712 26 1975
712 14 1976
712 15 1976
711 13 2214
711 14 2215
711 15 2215
625 29 7189
625 8 7193
625 8 7210
728 1 2378
728 5 2387
728 6 2391
728 7 2391
728 8 2396
728 13 2400
728 14 2401
728 15 2401
727 1 3616
727 5 3618
768 7 1826
768 6 1826
768 8 1827
768 8 1839
790 1 1810
790 5 1811
790 6 1819
790 7 1819
790 8 1825
790 19 1833
790 34 1833
790 14 1835
790 14 1838
790 15 1838
794 4 1775
777 1 2989
777 5 2993
777 6 2999
777 7 2999
777 1 3003
777 5 3006
777 6 3009
777 7 3009
777 8 3012
777 29 3013
777 8 3014
777 29 3019
777 8 3022
777 8 3024
777 8 3027
777 29 3058
777 8 3075
777 29 3078
777 8 3079
777 29 3082
777 8 3085
777 29 3089
777 8 3095
777 29 3099
777 29 3230
777 29 3231
777 8 3234
777 13 3240
777 14 3241
777 15 3241
808 25 1495
808 6 1495
808 7 1495
808 8 1505
808 8 1516
808 8 1549
808 13 1595
808 30 1595
808 14 1595
808 15 1596
841 13 1601
841 30 1602
841 14 1602
841 15 1602
844 25 1510
844 6 1511
844 7 1511
844 8 1593
844 8 1787
844 8 1801
844 8 1817
738 5 7544
738 6 7552
738 7 7552
738 8 7682
844 13 2034
844 14 2036
844 15 2036
844 25 2043
844 6 2043
844 7 2043
844 8 2051
844 29 2063
844 8 2069
844 13 2076
844 14 2077
844 15 2077
844 25 2090
844 6 2090
844 7 2090
844 13 2097
844 30 2097
844 14 2098
844 15 2098
738 8 7774
768 8 6346
768 8 6355
768 8 6359
768 8 6362
768 8 6373
738 4 7878
738 5 7880
738 6 7891
738 7 7891
768 8 6390
738 8 7909
768 8 6412
768 8 6425
768 8 6433
782 2 6505
844 25 2868
844 6 2868
844 7 2868
844 8 2874
844 13 2879
844 30 2879
844 14 2880
844 15 2880
844 25 3184
844 6 3184
844 7 3184
844 8 3188
844 8 3251
844 29 3256
844 8 3261
844 8 3282
844 8 3314
782 3 6979
844 8 3335
782 4 7015
844 8 3400
782 5 7064
782 6 7071
782 7 7071
844 8 3418
844 13 3537
844 14 3538
844 15 3538
782 8 7242
844 25 3632
844 6 3633
844 7 3633
844 8 3638
844 8 3648
844 13 3687
844 14 3687
844 15 3687
844 25 4054
844 6 4054
844 7 4054
844 8 4062
844 13 4071
844 30 4071
844 14 4073
844 15 4073
887 1 2328
887 2 2376
887 2 2379
887 3 2540
887 4 2673
887 5 2738
887 6 2754
887 7 2755
887 8 2808
887 19 2833
887 136 2834
887 14 2849
887 6 2857
887 7 2858
887 19 2866
887 136 2866
850 1 5474
850 5 5477
887 14 2880
887 6 4073
887 7 4074
880 1 6196
880 5 6202
880 6 6206
880 7 6206
880 8 6219
880 1 6225
880 19 6226
880 34 6226
880 14 6228
880 15 6228
952 6 1408
952 7 1408
952 8 1426
959 6 1427
959 7 1427
