10 3 324
10 14 429
10 15 429
17 3 321
17 14 497
17 15 507
17 14 507
22 3 126
22 8 203
36 3 171
36 8 323
42 3 203
42 14 325
42 15 325
42 3 350
56 3 491
56 14 631
56 15 631
58 3 219
59 3 139
58 8 325
59 8 284
59 8 291
59 8 296
59 8 299
59 8 309
59 14 323
59 8 335
65 14 42
65 15 42
70 3 307
73 3 202
70 8 1123
70 14 1136
70 8 1165
70 14 1172
79 3 260
77 8 799
77 14 806
77 15 806
79 8 532
79 8 548
79 8 560
79 8 566
79 8 586
79 8 608
79 8 630
79 8 637
79 8 653
79 8 657
79 8 700
79 14 747
79 15 747
79 8 767
79 8 790
79 8 815
79 8 824
79 8 879
91 3 291
91 8 436
91 8 461
91 8 468
91 8 477
91 8 488
91 8 493
91 8 506
91 8 519
91 14 565
101 3 147
103 3 315
106 3 160
105 3 237
106 14 294
106 15 294
105 14 428
106 14 458
106 15 458
110 3 119
110 14 173
110 15 173
111 3 482
114 3 124
114 14 230
114 15 230
115 3 301
111 8 729
111 8 781
111 8 802
115 14 555
115 15 555
120 3 258
120 14 391
120 8 418
120 14 489
120 15 489
124 3 335
124 8 471
124 14 479
124 8 490
124 14 493
124 8 500
124 14 503
124 8 529
124 15 534
124 14 534
124 8 552
124 14 556
124 8 565
124 14 570
124 15 570
127 3 446
131 3 179
127 8 560
127 8 574
131 8 313
131 14 359
131 15 359
131 14 425
131 15 425
115 14 2091
115 15 2091
141 3 264
141 8 380
141 8 394
141 8 413
141 8 424
141 8 441
141 14 449
145 3 178
145 8 299
145 8 311
145 14 320
145 15 320
156 3 150
159 3 111
158 3 147
158 14 259
158 15 259
158 8 277
159 8 238
158 14 300
158 15 300
158 8 308
159 8 289
158 14 323
158 15 323
159 8 299
167 3 241
167 8 357
167 14 373
167 15 373
174 3 333
174 3 397
185 14 23
185 8 31
185 14 41
185 8 46
185 8 59
185 14 65
185 8 72
185 8 75
185 8 78
185 8 80
185 8 85
185 14 95
185 15 95
185 8 99
185 8 150
185 8 156
185 8 160
185 8 162
185 14 184
164 3 1875
196 3 203
196 8 328
196 14 340
202 3 149
195 3 459
164 8 2199
202 8 296
202 8 340
202 8 358
195 8 630
201 3 413
195 14 646
195 15 646
201 8 556
201 14 573
201 8 617
203 3 551
203 8 635
210 3 327
203 8 865
210 8 475
210 8 496
212 3 355
203 8 1001
210 14 533
210 15 533
217 3 99
203 8 1075
203 8 1087
217 8 188
217 8 191
217 14 206
217 15 206
203 14 1141
203 15 1141
217 8 269
217 8 273
217 8 275
217 14 279
217 15 279
217 14 461
217 15 461
217 8 552
217 14 554
217 15 554
225 3 312
229 3 153
225 8 497
225 8 524
225 8 545
229 8 279
225 8 551
229 14 523
229 15 523
237 3 149
237 8 231
247 3 105
250 8 35
245 3 464
245 3 568
254 3 285
255 3 327
259 3 327
255 8 456
255 8 517
259 8 462
255 8 547
254 14 656
254 15 656
269 3 162
259 14 549
259 15 549
254 14 726
254 15 726
269 3 228
255 8 696
272 3 241
255 14 710
255 15 710
271 3 298
269 8 348
269 8 359
277 3 178
269 8 379
255 14 812
255 15 812
272 8 382
272 8 393
272 8 401
272 8 405
277 8 267
277 8 272
281 3 148
269 8 472
271 8 437
277 14 288
277 15 288
272 8 439
269 14 494
269 15 494
287 3 162
281 8 298
259 8 985
281 14 306
281 8 316
281 14 318
281 8 327
278 3 407
259 14 1004
259 15 1004
255 8 1072
281 8 340
281 14 345
281 15 345
255 8 1204
294 3 138
287 14 382
287 15 382
278 8 595
257 3 1250
255 8 1257
294 8 210
278 8 623
255 14 1291
294 8 235
278 8 637
278 3 655
294 8 249
294 8 254
294 8 258
294 14 306
255 8 1388
255 8 1416
295 3 212
257 14 1411
257 15 1412
255 8 1516
296 3 262
296 8 446
296 8 487
306 8 137
306 14 146
306 14 151
306 15 151
308 3 139
296 14 629
296 15 629
296 14 673
296 14 678
308 3 241
307 3 415
255 8 2209
255 8 2235
307 8 652
307 8 684
307 8 695
307 8 711
307 8 737
307 8 743
307 8 778
313 3 106
307 8 808
255 3 2428
307 14 839
307 15 839
255 8 2476
313 8 181
313 14 202
313 15 202
313 8 284
255 14 2626
255 15 2626
313 14 295
313 15 295
313 8 350
313 14 357
313 15 357
316 3 291
322 3 154
323 3 136
325 3 262
325 8 579
325 8 594
327 3 493
340 3 260
340 14 399
340 15 399
344 3 310
341 3 829
344 3 557
341 8 937
361 3 203
361 14 341
364 3 193
364 8 269
364 14 274
366 3 171
369 3 172
365 3 328
365 8 459
365 14 511
365 15 511
365 8 570
365 14 590
365 15 590
373 3 267
373 8 361
373 8 364
373 8 418
373 14 522
380 3 253
380 14 370
380 15 370
380 14 388
380 15 388
385 3 257
365 8 1606
385 8 495
385 14 518
389 3 196
392 3 179
392 14 272
392 15 272
389 8 360
389 8 368
389 8 381
393 3 140
389 8 385
389 8 389
389 8 391
393 14 257
393 15 257
385 14 1238
403 3 241
403 8 442
406 3 383
412 3 173
403 8 477
403 8 502
403 8 518
412 3 281
416 3 95
412 3 304
412 8 314
412 14 325
412 15 325
413 3 276
403 3 623
412 14 384
412 14 400
416 8 233
413 14 433
413 14 469
413 15 469
421 3 143
419 3 257
419 8 298
419 14 310
419 15 310
421 8 216
421 14 262
421 15 262
423 3 307
421 14 524
421 15 524
421 14 567
421 15 567
423 8 462
423 8 466
421 14 589
421 15 589
432 3 263
434 3 159
421 15 834
421 14 834
432 8 383
421 8 915
421 14 919
421 15 919
432 8 430
421 14 1039
421 15 1039
421 14 1186
421 15 1186
436 3 603
452 3 148
452 8 238
456 3 151
456 3 237
436 8 1350
436 14 1450
436 8 1521
436 8 1550
436 14 1564
436 8 1630
436 8 1653
436 14 1657
466 3 290
471 3 136
471 8 259
471 14 306
471 15 306
466 14 571
466 15 571
470 3 633
477 3 221
480 3 87
479 3 157
479 8 258
479 8 262
479 8 266
479 8 273
477 8 408
479 8 277
479 8 280
479 8 283
479 8 286
477 8 428
477 8 433
477 8 436
477 8 440
479 14 320
470 8 1029
470 14 1038
485 3 414
485 8 618
485 8 668
498 3 192
485 8 798
505 3 229
505 3 356
506 3 322
505 3 431
506 8 445
506 14 470
506 15 470
509 3 140
505 8 583
511 3 174
505 14 614
505 15 614
513 3 293
512 3 379
521 3 227
513 14 533
513 15 533
512 8 569
505 14 1077
505 15 1077
524 3 235
512 8 905
528 3 237
528 8 378
512 14 1052
512 15 1052
528 14 410
528 15 410
533 3 173
505 15 1633
505 14 1633
533 8 258
533 8 267
533 8 315
533 8 323
533 8 329
529 3 579
529 14 1131
529 15 1131
529 3 1197
529 14 1224
529 14 1285
529 14 1303
529 14 1341
547 3 201
529 14 1363
529 14 1391
547 8 287
547 8 296
547 14 314
547 15 314
544 3 414
544 8 552
544 14 647
544 15 647
548 3 770
547 14 834
547 15 834
544 3 972
547 14 1019
547 15 1019
569 3 168
562 3 374
569 3 290
569 14 310
569 15 310
572 3 248
574 3 275
562 3 673
574 8 407
574 14 435
569 8 654
574 8 448
569 8 661
582 3 248
584 3 238
574 8 520
581 3 313
574 8 554
586 3 170
581 3 399
595 3 84
589 3 289
589 8 444
589 8 474
594 3 332
601 3 146
601 8 247
601 14 266
601 15 266
604 3 290
575 3 1446
604 8 458
604 8 538
575 8 1632
575 8 1648
604 14 588
575 8 1676
575 8 1717
605 3 562
575 8 1785
604 8 717
604 14 736
575 8 1880
605 8 729
605 14 767
605 15 767
575 8 1956
615 3 224
619 3 164
615 8 319
615 8 345
615 8 365
615 8 378
615 14 396
615 15 396
605 8 1380
605 14 1396
605 15 1396
631 3 132
631 8 244
631 14 305
631 8 327
631 8 362
631 8 390
631 8 463
631 8 483
631 14 545
631 8 620
631 8 624
631 8 664
640 14 58
640 15 58
643 3 155
638 3 412
643 8 235
643 8 240
642 3 344
638 8 570
638 14 597
638 15 597
638 14 649
654 3 124
642 3 559
654 8 215
654 8 242
642 8 799
643 8 791
643 8 798
643 8 817
658 3 296
642 14 875
642 15 875
643 8 856
658 8 425
661 3 266
643 8 1026
658 3 490
643 8 1061
643 8 1073
658 8 543
658 8 563
658 8 573
643 14 1113
643 15 1113
658 8 583
642 14 1194
642 14 1252
642 15 1252
643 14 1286
643 15 1286
667 3 194
667 3 249
665 3 506
673 3 113
667 8 398
665 8 762
665 8 763
679 3 184
679 8 291
679 8 299
679 8 303
679 8 311
679 8 350
679 8 383
684 3 157
683 3 303
683 8 403
683 14 413
683 15 413
689 3 258
694 3 186
697 3 189
697 8 295
697 14 308
697 15 308
700 3 182
705 3 218
705 8 336
705 8 347
710 3 214
723 3 165
722 3 283
723 3 275
722 14 358
722 15 358
726 3 594
726 8 701
726 8 878
625 3 6592
625 8 6719
749 3 303
756 8 21
756 8 25
625 8 7193
625 8 7210
749 3 649
759 3 165
756 14 323
756 8 337
756 14 341
759 14 248
759 3 261
756 14 390
774 3 172
775 3 179
773 3 297
775 8 301
774 8 350
776 3 307
776 3 353
776 14 452
776 15 452
773 8 603
774 8 600
773 8 651
773 8 683
774 8 665
787 3 198
787 8 281
787 14 578
787 15 578
798 3 274
801 3 189
798 8 409
801 8 259
801 8 275
804 3 163
801 8 316
798 8 506
804 8 326
805 3 378
805 8 563
813 3 193
813 8 345
826 3 167
826 3 229
819 3 544
819 8 698
819 14 707
819 8 725
777 8 3012
777 8 3014
777 8 3022
777 8 3024
777 8 3027
777 8 3075
777 8 3079
777 8 3085
777 8 3095
777 8 3234
777 14 3241
777 15 3241
834 3 434
845 3 154
850 3 165
850 8 268
850 14 294
850 15 294
850 8 502
850 14 505
850 15 505
855 3 157
859 3 327
875 3 168
873 3 271
884 3 190
881 3 257
878 3 588
884 8 277
884 8 292
884 8 299
884 8 301
881 8 363
881 14 391
881 15 391
884 8 337
884 8 348
884 8 352
884 8 354
881 8 505
881 14 512
881 15 512
894 8 27
894 14 48
894 15 48
890 3 261
890 8 424
904 3 173
904 8 455
904 14 593
912 3 98
912 8 164
912 14 182
912 15 182
912 8 197
912 14 202
916 3 336
918 3 243
928 3 306
929 3 191
928 14 578
928 15 578
928 14 589
928 15 589
929 8 427
929 8 441
929 8 454
929 8 460
929 8 464
929 14 485
945 3 195
945 14 259
945 14 274
945 15 274
955 3 178
955 8 307
955 8 317
955 8 322
955 8 325
955 8 333
956 3 417
958 8 347
956 8 684
956 14 707
956 14 734
956 15 734
956 8 756
956 8 764
956 8 800
956 8 800
956 8 806
956 8 888
956 8 927
966 3 172
966 8 286
966 14 297
966 15 297
969 3 214
972 3 218
972 8 426
972 8 428
972 8 482
977 3 149
978 3 193
977 8 224
977 8 230
977 8 248
977 8 254
977 14 265
977 15 265
978 14 375
978 14 388
978 15 388
985 3 196
989 3 103
985 8 318
989 8 188
992 3 105
992 14 218
992 15 218
995 3 169
995 8 314
995 8 369
995 8 394
