9 1 0
9 2 90
9 2 100
9 3 166
9 5 219
9 7 229
16 1 0
16 2 72
16 3 138
16 5 213
16 7 222
16 1 238
16 7 249
20 1 0
20 2 69
20 3 275
20 5 400
20 7 403
31 1 0
32 1 0
32 2 49
32 3 149
36 1 0
36 2 58
36 3 171
36 5 307
36 7 316
36 1 343
36 5 356
36 7 365
36 1 382
36 5 389
39 1 0
40 1 0
40 2 81
40 3 241
40 5 380
40 7 382
40 1 414
40 15 417
40 7 426
40 15 431
40 7 442
40 15 446
40 7 452
42 1 0
42 2 76
43 1 0
42 3 203
42 5 301
42 7 305
42 15 325
42 7 341
42 3 350
45 1 0
45 2 49
45 3 139
45 5 187
45 7 192
45 13 202
45 15 203
46 1 0
46 2 63
47 1 0
47 2 37
47 3 121
46 3 307
47 5 222
46 5 414
46 7 418
47 7 238
46 1 438
46 15 441
53 1 0
53 2 46
53 3 160
53 5 244
53 7 247
53 15 274
53 7 289
53 13 300
53 15 302
53 7 320
53 13 335
53 15 337
53 7 360
53 13 369
53 15 369
56 1 0
56 2 322
56 3 491
56 5 589
56 7 605
56 1 627
56 13 629
56 15 631
64 1 0
64 2 40
64 3 136
64 5 196
64 7 199
64 1 280
64 13 280
64 15 284
66 1 0
66 2 60
66 3 244
66 5 327
66 7 331
66 13 373
66 15 374
68 1 0
69 1 0
70 1 0
70 2 97
71 1 0
71 2 44
70 3 307
70 5 384
70 7 388
71 3 127
71 5 247
71 7 252
75 1 0
75 2 74
70 7 1144
70 7 1281
75 3 286
77 1 0
77 5 8
77 7 11
80 1 0
80 2 56
82 1 0
82 5 2
82 7 12
82 1 24
82 13 24
82 15 26
80 3 270
80 3 318
82 7 298
82 13 301
82 15 301
77 13 805
77 15 806
82 7 602
82 13 607
82 15 609
83 1 0
86 1 0
86 2 59
86 3 174
86 5 208
86 7 212
88 1 0
89 1 0
89 2 67
77 1 3015
77 5 3026
77 7 3031
88 2 203
89 3 213
89 5 306
89 7 313
89 13 365
89 15 366
88 2 548
93 1 0
94 1 0
93 2 31
94 2 56
88 3 781
93 3 83
93 5 135
93 7 142
94 3 167
94 5 232
94 7 246
88 5 1162
88 7 1169
98 1 0
98 1 50
102 1 0
102 2 82
102 2 96
102 3 207
105 1 0
102 5 335
102 7 337
105 2 126
107 1 0
105 3 237
107 2 73
105 5 358
105 7 367
105 1 414
105 7 440
113 1 0
113 5 6
113 7 10
114 1 0
115 1 0
114 2 48
115 2 72
114 3 124
114 5 204
114 7 208
114 13 228
114 15 230
115 3 301
117 1 0
115 5 463
115 7 474
118 1 0
115 13 554
115 15 555
118 2 31
120 1 0
117 2 112
118 3 124
120 2 88
117 3 212
118 5 202
118 7 210
118 1 260
118 13 260
118 15 260
117 5 329
117 7 337
120 3 258
117 1 359
117 13 359
117 15 360
118 7 372
118 13 374
118 15 375
124 1 0
117 7 444
120 5 363
120 7 377
124 2 56
120 26 389
120 7 415
120 13 488
120 15 489
127 1 0
128 1 0
128 2 37
127 2 108
130 1 0
124 3 335
128 3 138
124 5 454
124 7 460
124 7 483
124 7 496
124 7 507
124 15 534
124 7 539
124 7 559
124 15 570
124 7 572
127 3 446
135 1 0
135 5 8
135 7 11
135 15 77
135 15 93
127 5 543
127 7 551
135 1 254
135 5 260
135 7 264
138 1 0
138 2 63
143 1 0
143 2 58
115 1 2069
115 5 2078
144 1 0
115 7 2087
115 13 2091
115 15 2091
144 2 50
143 3 190
143 5 292
143 7 304
147 1 0
149 1 0
155 1 0
155 5 10
155 7 12
127 5 1804
155 1 78
155 5 87
155 7 89
155 1 97
161 1 0
144 3 1111
163 1 0
144 5 1204
144 7 1212
167 1 0
167 2 128
171 1 0
167 3 241
174 1 0
167 5 314
167 7 319
174 2 53
167 13 372
167 15 373
175 1 0
176 1 0
176 3 3
175 2 29
175 3 142
144 13 1891
144 15 1892
174 2 247
182 1 0
176 5 223
176 7 225
175 5 216
175 7 222
182 2 31
174 3 333
174 3 397
144 7 2115
182 3 163
182 5 248
182 7 265
186 1 0
182 1 340
194 1 0
194 2 39
194 3 143
199 1 0
194 5 212
194 7 228
199 2 63
199 3 115
199 5 181
199 7 187
203 1 0
204 1 0
204 5 10
204 7 19
204 1 26
204 13 26
204 15 33
206 1 0
207 1 0
208 1 0
208 5 6
208 7 22
203 2 321
210 1 0
203 3 551
210 2 87
203 5 618
203 7 629
210 3 327
215 1 0
216 1 0
216 2 44
210 5 429
210 7 444
215 2 65
217 1 0
217 2 42
216 3 142
210 1 523
210 13 526
210 15 533
217 3 99
210 7 553
215 3 190
216 5 209
219 1 0
216 7 223
217 5 173
219 2 46
217 7 179
217 13 206
217 15 206
203 13 1141
203 15 1141
215 5 350
219 3 124
217 7 267
217 13 278
217 15 279
219 5 178
219 7 184
219 1 206
219 13 206
219 15 207
223 1 0
217 7 411
224 1 0
217 13 460
217 15 461
224 2 81
224 2 111
225 1 0
217 7 549
217 13 553
217 15 554
227 1 0
225 2 84
224 2 211
224 2 243
224 3 262
230 1 0
225 3 312
230 2 83
225 5 433
225 7 439
230 2 240
235 1 0
235 5 2
230 3 342
241 1 0
241 2 46
242 1 0
230 5 687
230 7 695
241 3 171
230 7 743
243 1 0
241 5 240
230 13 770
230 15 777
241 7 256
230 7 815
243 2 63
230 3 818
242 2 223
241 1 325
241 5 328
241 7 337
241 13 344
241 15 344
241 7 384
241 13 399
241 15 400
241 7 404
241 13 407
241 15 408
243 3 253
247 1 0
248 1 0
247 2 33
248 2 39
243 5 360
243 7 367
247 3 105
249 1 0
247 5 153
247 7 156
248 3 175
249 2 98
242 3 723
253 1 0
248 5 255
248 7 260
253 2 85
256 1 0
242 5 907
242 7 914
249 3 360
256 2 82
249 5 496
249 7 499
261 1 0
253 3 370
261 2 76
266 1 0
242 5 1162
242 7 1171
256 3 319
266 2 61
261 3 165
253 5 575
253 7 580
256 5 470
274 1 0
256 7 475
266 3 260
266 5 387
266 7 391
256 26 655
279 1 0
256 7 688
256 26 706
256 7 746
256 26 754
256 7 758
284 1 0
256 26 789
256 7 797
300 1 0
302 1 0
304 1 0
304 2 13
304 2 17
304 2 18
304 2 19
304 2 19
304 2 19
305 1 0
305 2 53
308 1 0
305 3 130
308 2 33
305 5 218
305 7 232
305 1 242
305 26 252
308 3 139
308 3 241
308 2 312
308 2 317
315 1 0
315 2 49
320 1 0
315 3 226
315 5 343
315 5 368
315 3 373
321 1 0
325 1 0
321 2 180
321 2 182
325 2 108
321 2 199
321 2 202
321 2 218
321 2 220
325 3 262
329 1 0
331 1 0
329 2 106
332 1 0
325 5 534
329 3 216
325 7 546
325 1 621
325 5 624
325 7 632
329 5 368
329 7 376
329 1 404
329 7 425
335 1 0
335 1 47
337 1 0
337 2 47
337 3 147
337 5 254
337 7 261
339 1 0
337 13 286
337 15 287
339 2 47
339 3 171
339 5 328
339 7 336
339 13 377
339 15 378
344 1 0
345 1 0
347 1 0
347 1 8
347 5 13
347 7 18
339 7 549
339 13 559
339 15 559
345 2 99
344 2 114
344 2 121
344 3 310
345 3 366
344 5 532
344 7 546
345 5 525
345 7 531
344 3 557
358 1 0
345 5 1054
345 7 1061
365 1 0
365 2 48
366 1 0
366 2 42
366 2 55
366 2 63
368 1 0
345 26 1220
369 1 0
345 7 1270
368 2 59
369 2 79
366 3 171
370 1 0
370 1 0
345 13 1380
345 15 1381
366 5 250
368 3 177
345 7 1401
345 26 1411
369 3 172
365 3 328
366 7 254
369 5 207
369 7 211
365 5 395
365 7 399
368 5 279
368 7 285
365 1 510
365 13 510
365 15 511
365 7 568
373 1 0
374 1 0
365 15 590
365 7 606
373 2 50
373 2 70
374 2 110
373 3 267
374 3 299
373 5 331
373 7 340
373 5 403
374 5 382
374 7 385
373 7 411
381 1 0
374 13 457
374 15 460
381 2 48
373 1 521
382 1 0
382 2 39
381 3 123
381 5 183
381 7 199
383 1 0
382 3 137
385 1 0
381 13 251
381 15 251
374 1 722
385 2 57
385 3 257
385 5 416
385 7 428
388 1 0
389 1 0
389 2 46
388 2 135
389 3 196
388 3 261
388 5 342
388 7 347
389 5 331
389 7 335
388 13 579
388 15 581
402 1 0
385 26 1227
409 1 0
409 5 4
409 7 13
409 13 19
409 15 19
412 1 0
412 2 58
413 1 0
415 1 0
413 2 48
415 2 69
412 3 173
415 3 147
412 5 261
412 7 264
412 3 281
412 3 304
415 5 232
415 7 235
412 5 309
412 7 311
412 15 325
412 7 338
413 3 276
412 2 368
412 5 372
412 7 377
412 7 395
412 7 403
413 5 381
413 7 385
413 1 432
413 7 442
413 15 469
413 7 476
421 1 0
421 2 53
421 3 143
421 5 204
421 7 210
426 1 0
421 1 261
421 13 261
421 15 262
429 1 0
431 1 0
431 5 2
431 7 18
429 2 114
429 2 124
421 7 521
421 13 523
421 15 524
421 7 563
421 13 566
421 15 567
421 7 583
421 13 586
421 15 589
421 7 827
421 13 833
421 15 834
421 7 910
421 13 918
421 15 919
421 7 1026
421 13 1038
421 15 1039
439 1 0
421 7 1173
421 13 1185
421 15 1186
445 1 0
447 1 0
447 2 44
449 1 0
445 2 118
447 3 135
453 1 0
447 5 223
447 7 240
454 1 0
447 13 282
447 15 283
454 2 52
455 1 0
445 3 382
454 3 111
447 7 417
454 5 168
454 7 173
445 5 511
445 7 519
462 1 0
374 1 4839
462 2 55
462 3 178
462 5 252
462 7 256
467 1 0
462 13 376
462 15 377
468 1 0
470 1 0
470 2 68
470 2 82
476 1 0
477 1 0
476 2 46
477 2 61
476 3 146
476 5 213
476 7 222
470 3 633
484 1 0
477 3 221
485 1 0
485 1 10
487 1 0
484 2 139
477 5 383
477 7 388
487 2 105
470 5 969
470 7 985
476 1 578
476 5 582
476 7 587
470 1 1038
485 2 326
484 3 377
485 3 414
485 5 478
485 7 483
487 3 625
470 7 1390
487 5 711
487 7 728
487 13 740
487 15 741
505 1 0
505 2 51
505 3 229
505 3 356
505 2 397
511 1 0
505 3 431
511 2 53
512 1 0
505 5 510
514 1 0
512 2 48
505 7 514
515 1 0
514 2 38
517 1 0
511 3 174
515 2 87
505 13 613
505 15 614
514 3 119
514 3 132
517 2 50
511 5 235
511 7 252
514 5 192
514 7 196
505 7 742
515 3 288
517 3 216
514 1 353
514 13 353
514 15 354
512 3 379
517 5 301
517 7 305
515 3 399
512 5 459
512 7 463
505 13 1076
505 15 1077
529 1 0
512 5 891
512 7 894
529 2 75
531 1 0
512 13 1049
512 15 1052
534 1 0
534 5 1
534 7 15
534 1 19
534 13 19
534 15 19
505 7 1626
505 13 1629
505 15 1633
529 3 579
537 1 0
541 1 0
541 2 35
541 3 89
541 5 129
541 7 141
529 5 1010
529 7 1013
529 1 1130
529 13 1131
529 15 1131
529 7 1165
529 2 1187
529 3 1197
529 5 1209
529 7 1213
541 13 396
541 15 396
529 7 1276
529 7 1295
529 7 1329
529 7 1351
529 7 1379
529 7 1402
541 1 623
541 5 632
541 7 645
541 13 696
541 15 697
560 1 0
561 1 0
563 1 0
564 1 0
563 2 73
566 1 0
567 1 0
567 2 43
566 2 94
570 1 0
567 3 130
563 3 209
570 2 71
571 1 0
571 2 43
566 3 210
563 5 288
563 7 297
563 26 330
566 3 259
570 3 186
560 2 419
560 2 422
571 3 157
567 5 339
567 7 343
567 26 355
567 7 363
567 26 366
567 15 369
567 7 371
567 26 380
567 7 383
571 5 218
571 7 225
575 1 0
575 1 2
567 26 390
567 15 394
571 3 250
575 2 97
560 3 611
582 1 0
584 1 0
582 2 86
584 2 61
560 5 773
586 1 0
560 7 790
586 2 36
582 3 248
584 3 238
586 3 170
582 5 324
582 7 330
586 5 260
586 7 263
590 1 0
584 5 414
584 7 419
590 2 104
590 2 108
592 1 0
590 2 116
598 1 0
599 1 0
599 2 69
602 1 0
604 1 0
602 2 70
604 2 75
570 1 1447
599 3 242
602 3 279
604 3 290
602 5 381
575 3 1446
602 2 433
609 1 0
599 5 507
599 7 512
604 5 437
604 7 448
602 3 497
610 1 0
575 5 1565
602 5 526
575 7 1581
602 7 542
604 26 585
614 1 0
604 7 710
604 26 733
604 7 856
620 1 0
620 2 77
620 3 208
626 1 0
620 5 362
620 7 374
620 5 397
620 7 414
631 1 0
631 2 30
631 2 36
631 3 132
631 5 229
631 7 235
631 7 317
635 1 0
631 7 552
637 1 0
637 5 8
637 7 24
642 1 0
642 2 79
637 7 357
648 1 0
642 3 344
654 1 0
642 5 464
654 2 49
642 2 499
655 1 0
654 3 124
642 3 559
642 5 574
654 5 193
642 2 593
642 5 612
642 5 621
654 7 208
642 5 632
659 1 0
642 5 686
642 2 706
659 2 44
660 1 0
642 5 741
642 7 748
659 3 117
642 5 810
642 7 815
659 5 185
659 7 201
648 2 674
642 1 875
642 13 875
642 15 875
648 2 706
666 1 0
666 2 39
642 7 1108
666 3 130
642 26 1193
642 7 1197
666 5 198
666 7 201
642 26 1249
642 15 1252
642 7 1255
666 3 237
674 1 0
674 2 95
681 1 0
674 3 353
682 1 0
674 5 494
674 7 509
682 2 81
674 13 544
674 15 545
685 1 0
674 1 635
674 5 645
674 7 652
682 3 315
674 13 823
674 15 823
682 5 433
682 7 449
682 7 509
682 13 536
682 15 536
688 1 0
682 7 712
690 1 0
690 1 11
682 15 726
688 2 113
682 7 839
682 26 851
682 7 872
688 3 267
682 5 979
682 7 993
695 1 0
695 2 57
695 3 142
695 5 238
695 7 257
701 1 0
702 1 0
702 5 3
702 7 5
702 1 7
702 13 7
702 15 8
703 1 0
701 2 53
703 2 28
703 3 61
703 5 90
703 7 93
688 5 930
688 7 944
711 1 0
711 2 74
713 1 0
711 3 321
715 1 0
717 1 0
718 1 0
713 2 91
711 5 411
711 7 418
711 5 518
711 7 526
713 3 356
723 1 0
713 5 447
713 7 453
723 2 53
723 2 54
723 2 61
725 1 0
725 2 51
726 1 0
725 2 53
728 1 0
723 3 165
725 3 132
728 2 49
723 5 248
723 5 268
726 2 144
723 3 275
725 5 242
725 7 245
725 13 254
725 15 256
728 3 223
728 5 322
728 7 327
734 1 0
728 13 553
728 15 554
726 3 594
734 2 67
726 5 655
726 7 658
738 1 0
739 1 0
739 5 1
739 7 4
739 1 13
739 13 13
739 15 14
740 1 0
740 5 5
740 7 10
738 2 98
734 3 340
738 3 271
734 5 404
734 7 407
734 15 512
734 7 533
734 15 544
752 1 0
752 2 62
752 2 67
752 2 73
711 13 2214
711 15 2215
752 3 158
756 1 0
756 5 2
756 7 7
759 1 0
759 2 45
762 1 0
763 1 0
759 3 165
762 2 52
763 2 48
756 7 333
759 5 227
759 7 230
756 26 340
756 7 352
759 1 247
759 7 258
759 3 261
756 26 390
763 3 152
762 3 174
766 1 0
762 5 243
763 5 230
763 7 244
762 7 247
767 1 0
775 1 0
728 1 2378
728 5 2387
775 2 39
728 7 2391
776 1 0
728 13 2400
728 15 2401
777 1 0
776 2 109
775 3 179
766 1 637
780 1 0
776 2 170
775 5 280
775 7 287
776 3 307
776 3 353
776 5 407
776 7 410
776 13 448
776 15 452
787 1 0
787 2 54
789 1 0
787 3 198
790 1 0
790 2 31
787 5 253
787 7 259
790 3 137
790 5 191
790 7 198
795 1 0
796 1 0
795 2 74
787 13 575
787 15 578
795 2 230
801 1 0
801 2 53
804 1 0
805 1 0
790 13 773
790 15 775
804 2 49
801 3 189
805 2 55
801 5 247
801 7 250
790 7 880
804 3 163
804 5 296
804 7 300
805 3 378
805 5 442
805 7 453
814 1 0
815 1 0
817 1 0
815 2 99
815 2 115
815 2 117
815 2 126
819 1 0
815 3 267
815 5 385
815 7 389
823 1 0
825 1 0
826 1 0
825 2 22
825 2 28
815 13 514
815 15 514
790 1 1810
790 5 1811
823 2 122
826 2 96
825 3 100
790 7 1819
790 15 1838
825 5 143
825 7 151
826 3 167
819 2 389
826 5 215
826 7 218
826 3 229
819 3 544
823 3 433
819 5 654
819 7 663
819 7 722
777 1 2989
777 5 2993
777 7 2999
777 1 3003
777 5 3006
777 7 3009
823 5 653
823 7 656
833 1 0
834 1 0
833 2 39
777 13 3240
777 15 3241
833 3 100
834 2 135
833 3 153
833 5 158
833 7 166
834 3 434
840 1 0
834 5 511
834 7 516
845 1 0
845 2 49
847 1 0
847 5 6
845 3 154
845 5 227
845 7 234
855 1 0
855 2 24
855 2 43
855 3 157
858 1 0
858 1 102
863 1 0
863 2 42
863 3 105
863 5 146
863 7 149
738 5 7544
738 7 7552
863 2 258
863 5 264
863 7 267
863 1 291
863 7 300
863 7 315
863 13 324
863 15 327
871 1 0
738 5 7880
738 7 7891
875 1 0
875 2 56
875 3 168
879 1 0
879 2 71
875 5 286
882 1 0
882 5 4
879 3 236
882 7 11
879 5 290
879 7 293
886 1 0
886 5 8
886 7 15
879 15 361
890 1 0
890 2 49
893 1 0
893 2 65
894 1 0
894 5 8
894 7 13
894 13 47
894 15 48
895 1 0
896 1 0
890 3 261
886 1 826
896 2 63
886 5 847
886 7 853
890 5 388
890 7 396
896 3 176
896 5 292
896 7 297
904 1 0
904 2 63
905 1 0
904 3 173
904 5 423
904 7 426
908 1 0
908 5 5
908 7 8
908 13 69
908 15 70
904 1 592
912 1 0
912 2 36
912 3 98
912 5 152
912 7 157
912 15 182
912 7 189
912 7 205
916 1 0
916 2 69
918 1 0
918 2 66
916 3 336
916 5 471
916 7 479
918 3 243
919 1 0
918 5 342
919 2 51
918 7 346
919 3 282
927 1 0
927 13 0
927 1 8
927 5 10
927 7 14
928 1 0
919 5 469
919 7 479
928 2 59
919 13 525
919 15 526
929 1 0
929 2 41
928 3 306
919 7 726
919 3 742
929 3 191
929 5 327
929 7 336
928 5 549
928 7 552
929 1 369
929 5 374
928 1 576
928 15 578
929 7 390
928 15 589
931 1 0
932 1 0
932 2 64
940 1 0
940 2 172
940 2 218
943 1 0
940 3 295
940 5 346
940 7 350
940 1 360
940 5 368
940 7 372
940 13 387
940 15 391
945 1 0
945 5 7
945 7 10
945 2 108
945 3 195
945 5 236
945 7 239
945 15 274
945 7 371
956 1 0
956 2 154
956 3 417
961 1 0
962 1 0
963 1 0
961 2 77
956 5 661
956 7 670
956 26 706
956 7 716
956 26 733
956 15 734
956 7 754
961 3 273
956 5 837
956 7 845
961 5 377
961 7 386
966 1 0
966 2 63
966 3 172
966 5 271
966 7 279
966 13 297
966 15 297
968 1 0
974 1 0
974 2 35
975 1 0
974 3 135
974 5 178
974 7 182
974 13 229
974 15 230
974 7 236
977 1 0
977 2 42
974 13 364
974 15 366
977 3 149
977 5 189
977 7 192
977 13 264
977 15 265
982 1 0
984 1 0
986 1 0
986 2 48
986 2 58
988 1 0
988 2 79
990 1 0
990 2 160
990 3 378
986 3 646
986 5 746
986 7 754
986 3 820
986 3 831
986 5 836
986 7 845
986 3 850
986 3 858
986 5 863
993 1 0
986 7 874
986 1 1031
986 15 1049
996 1 0
997 1 0
996 2 64
996 2 74
996 2 74
996 2 84
