0 2 52
0 3 128
0 4 151
0 5 262
0 6 270
0 7 270
0 8 307
0 8 325
9 1 0
9 2 100
9 5 219
9 7 229
9 8 240
9 8 250
10 2 126
10 5 410
10 7 415
10 13 428
10 15 429
12 2 145
17 1 0
10 1 665
10 5 669
10 6 674
10 7 674
16 3 138
18 1 0
17 2 95
16 4 177
16 1 238
16 19 238
12 3 511
12 4 596
17 3 321
20 1 0
17 4 373
17 5 448
12 6 727
12 7 728
17 21 458
22 1 0
17 14 497
17 15 507
17 14 507
22 2 37
22 3 126
22 5 185
20 4 368
22 6 195
22 8 203
20 5 400
20 6 403
20 7 403
23 1 0
24 1 0
24 5 6
24 6 11
24 8 79
22 25 471
24 26 131
24 27 131
24 28 131
24 28 131
24 1 178
24 2 202
24 3 245
24 5 267
24 6 273
24 8 302
24 29 308
24 8 322
24 29 325
24 30 344
24 15 345
31 1 0
32 1 0
32 3 149
33 5 354
33 7 358
33 8 392
33 19 406
33 34 406
33 14 409
33 15 409
33 25 418
33 6 418
35 2 70
36 1 0
36 2 58
35 3 176
35 4 249
35 7 307
35 21 309
35 8 327
35 8 364
36 5 307
36 7 316
36 8 323
35 14 385
35 15 385
36 29 340
36 1 343
36 5 356
37 1 0
33 1 1294
33 6 1302
38 1 0
38 2 206
38 3 320
38 4 372
39 1 0
38 6 448
38 7 448
38 21 452
38 1 510
38 30 510
38 15 511
40 1 0
40 2 81
40 3 241
38 13 969
38 14 969
38 15 969
40 5 380
40 6 382
40 7 382
40 1 414
40 19 414
40 15 417
40 25 442
40 6 442
40 7 442
40 15 446
40 25 452
40 7 452
41 1 0
41 3 204
41 4 291
42 1 0
41 6 371
41 7 371
42 2 76
43 1 0
42 3 203
42 4 239
42 5 301
42 6 305
42 7 305
42 21 307
42 19 323
42 14 325
42 4 349
42 3 350
44 1 0
44 2 74
44 3 264
44 4 318
44 5 387
44 6 390
44 7 390
45 1 0
45 2 49
45 6 192
45 7 192
45 13 202
45 14 202
45 15 203
46 1 0
46 2 63
47 1 0
47 3 121
46 3 307
47 4 192
46 4 369
47 5 222
46 5 414
46 6 418
47 7 238
47 6 238
46 8 432
46 1 438
46 19 439
46 34 439
46 14 441
48 2 76
48 5 309
48 6 326
48 7 327
50 2 71
50 2 79
50 3 168
50 4 198
50 5 230
50 6 232
51 1 0
52 1 0
53 1 0
53 2 46
53 3 160
53 6 247
53 7 247
53 14 274
53 15 274
53 7 289
53 13 300
53 14 302
53 15 302
53 14 336
53 15 337
53 14 369
54 1 0
55 1 0
55 4 230
55 6 269
55 7 269
56 2 322
56 3 491
56 5 589
56 6 605
56 1 627
56 13 629
57 1 0
58 1 0
59 1 0
58 3 219
58 4 254
59 3 139
58 5 288
58 8 325
59 6 253
59 7 253
62 2 58
59 8 299
59 8 309
59 19 322
59 34 322
59 25 330
59 6 330
59 7 330
62 4 217
63 1 0
63 1 14
62 7 265
62 8 274
64 2 40
64 4 173
64 5 196
64 7 199
64 8 203
64 8 218
64 8 231
64 8 252
64 8 261
64 1 280
64 13 280
64 15 284
63 3 904
63 4 935
65 14 42
65 15 42
66 1 0
66 2 60
66 3 244
66 4 287
66 6 331
66 30 373
66 14 374
69 1 0
70 2 97
71 1 0
71 2 44
70 3 307
70 4 367
70 5 384
70 6 388
71 3 127
71 7 252
72 2 133
72 3 231
73 1 0
74 1 0
72 4 293
72 5 345
72 6 353
72 7 354
72 8 372
72 29 420
73 3 202
70 34 1136
70 14 1136
76 1 0
72 8 525
74 4 243
70 25 1144
70 6 1144
70 7 1144
70 8 1165
70 19 1169
70 14 1172
72 3 549
74 6 270
70 25 1280
70 6 1280
77 1 0
77 5 8
77 6 11
78 1 0
78 1 16
76 3 359
76 4 398
76 5 439
76 8 473
76 1 484
76 19 485
76 34 485
76 14 485
76 6 500
76 7 501
76 8 502
76 15 505
79 2 78
80 2 56
82 1 24
82 30 24
82 14 26
82 15 26
81 5 182
81 7 190
79 3 260
81 8 199
80 3 270
80 4 304
79 4 342
80 3 318
79 7 408
77 8 799
82 6 298
82 7 298
82 13 301
82 30 301
82 14 301
82 15 301
77 15 806
79 8 532
79 8 548
79 8 560
79 8 566
79 8 586
79 29 635
79 8 637
79 29 655
79 8 700
79 19 745
79 14 747
82 25 602
82 6 602
79 25 759
79 6 760
82 30 607
82 14 609
79 8 767
79 29 774
79 8 790
79 8 815
83 1 0
79 29 857
79 29 860
79 8 879
79 29 884
84 5 13
84 6 20
87 1 0
87 7 9
87 19 13
87 14 14
87 14 18
86 4 198
86 5 208
86 8 250
86 8 330
77 6 3030
90 1 0
89 4 253
89 6 312
89 7 313
91 1 0
89 13 365
89 15 366
91 2 76
91 3 291
94 1 0
94 2 56
93 3 83
91 5 410
91 6 415
91 7 415
93 4 110
91 8 461
93 5 135
91 8 477
91 8 488
91 8 493
94 3 167
93 8 161
88 4 861
91 8 506
91 8 519
91 29 548
91 29 553
91 29 555
91 19 565
91 14 565
91 7 578
94 5 232
94 7 246
96 2 41
97 2 63
88 5 1162
88 6 1169
88 7 1169
98 1 0
96 4 158
98 1 50
96 5 189
96 6 192
100 1 0
101 1 0
97 4 386
97 5 424
97 7 428
101 2 57
97 8 497
100 2 112
97 8 506
97 8 519
101 3 147
97 8 544
97 8 548
97 8 555
97 8 565
99 3 337
102 1 0
99 4 488
100 3 412
102 2 82
100 4 487
103 2 69
99 6 603
99 7 604
99 8 617
99 1 625
99 34 626
99 14 626
103 2 105
102 3 207
105 1 0
102 4 242
102 6 337
105 2 126
103 4 358
107 1 0
103 6 414
106 6 265
106 7 265
106 13 293
106 14 294
108 1 0
105 6 367
105 7 367
108 2 67
105 14 428
105 6 440
105 7 440
109 1 0
106 7 448
106 6 448
106 13 457
106 30 457
106 14 458
106 15 458
110 2 27
108 3 204
108 4 261
112 1 0
110 3 119
100 14 1203
110 4 150
110 5 160
110 7 164
100 15 1235
110 30 172
110 15 173
100 1 1335
100 5 1362
112 3 194
113 1 0
100 6 1372
113 6 10
113 8 16
113 8 27
100 15 1402
112 4 265
113 8 41
114 1 0
114 3 124
116 1 0
114 7 208
114 13 228
114 15 230
115 3 301
111 6 714
111 8 729
111 4 763
111 5 769
111 8 781
115 4 393
111 8 802
112 8 787
112 1 822
112 13 822
112 15 823
117 1 0
115 6 473
118 1 0
115 14 555
117 2 112
118 4 144
117 3 212
121 2 74
118 5 202
118 6 210
118 7 210
118 8 234
112 1 1123
112 5 1125
112 6 1132
112 7 1132
112 8 1134
112 29 1139
112 14 1141
118 13 260
118 30 260
118 14 260
118 15 260
112 25 1162
112 7 1162
117 5 329
117 6 337
117 7 337
120 3 258
117 13 359
117 30 360
120 4 310
118 7 372
118 30 375
124 1 0
120 5 363
120 6 376
120 21 379
122 2 75
120 26 389
120 27 390
120 14 391
120 6 414
120 7 415
120 8 418
123 2 122
121 4 405
120 13 488
120 30 488
120 15 489
125 6 9
125 7 9
125 26 14
125 25 25
125 6 25
126 1 0
125 8 49
126 2 32
127 1 0
121 5 475
121 6 484
128 1 0
129 1 0
122 4 289
128 2 37
123 4 318
122 5 333
122 6 344
129 2 58
127 2 108
122 7 345
130 1 0
124 3 335
122 8 387
123 5 399
123 7 407
122 13 406
122 14 409
122 15 409
124 4 413
128 4 188
123 8 460
126 3 272
124 6 460
124 19 478
124 34 478
124 8 490
124 19 492
124 14 493
124 25 496
124 8 500
124 14 503
124 7 507
123 1 552
123 13 553
123 14 557
123 15 557
126 5 339
126 6 341
124 8 529
124 19 531
124 34 555
124 14 556
124 6 559
124 7 559
124 19 566
124 34 566
132 1 0
132 5 2
132 7 5
124 15 570
124 6 571
131 2 64
133 2 50
135 1 0
135 5 8
135 6 11
135 7 11
127 4 507
135 14 77
133 3 153
135 15 93
127 5 543
127 6 551
127 8 574
134 2 147
131 4 259
133 5 227
133 6 231
133 7 231
133 8 238
131 30 358
131 14 359
131 15 359
135 6 263
135 136 274
131 13 422
131 30 422
131 15 425
138 1 0
139 1 0
140 1 0
142 1 0
138 2 63
143 1 0
139 2 119
141 2 131
115 5 2078
144 1 0
115 7 2087
115 13 2091
115 14 2091
115 15 2091
144 2 50
141 3 264
141 4 312
141 5 346
141 6 362
141 7 362
141 8 380
141 8 394
141 8 424
141 19 449
141 34 449
139 3 492
122 7 1583
139 5 628
139 7 633
145 1 0
139 29 674
147 1 0
145 2 42
148 1 0
139 1 702
139 13 708
139 30 708
139 14 711
139 15 711
150 1 0
151 1 0
146 7 225
145 4 242
145 5 267
145 6 275
145 7 275
146 1 273
150 3 176
145 8 311
145 15 320
146 6 318
146 7 324
150 4 228
146 8 336
151 2 182
152 2 64
122 8 2035
150 7 269
150 8 280
155 1 0
155 6 12
127 5 1804
156 1 0
146 8 400
146 8 402
146 8 402
122 30 2040
122 14 2042
122 15 2042
146 34 403
146 19 403
146 14 413
155 8 34
146 8 427
146 8 442
155 1 78
156 2 55
157 1 0
155 5 87
152 3 174
152 4 191
158 1 0
157 2 80
160 1 0
158 2 75
159 2 40
156 7 228
159 3 111
158 6 208
152 5 424
152 7 427
160 3 193
158 19 256
144 4 1164
152 8 465
151 3 609
159 5 209
163 1 0
159 6 214
159 7 214
160 4 221
158 14 259
158 15 259
158 25 273
158 6 273
158 8 277
144 5 1204
144 7 1212
164 1 0
160 3 232
165 1 0
158 19 297
158 14 300
158 7 302
158 8 308
157 3 370
159 29 285
159 8 289
158 13 322
158 15 323
166 1 0
159 8 299
157 6 463
157 7 463
151 4 763
167 1 0
157 8 478
157 8 490
168 5 14
152 1 645
152 26 646
152 14 647
168 6 23
157 4 513
157 3 514
168 26 33
168 14 34
169 1 0
151 21 847
144 8 1489
151 26 891
167 2 128
170 1 0
171 1 0
166 2 257
172 1 0
173 1 0
170 3 107
169 3 213
169 4 244
174 1 0
167 5 314
167 7 319
173 2 60
170 5 166
170 6 177
170 7 177
169 5 257
169 8 268
167 8 357
169 25 304
169 6 311
169 7 311
174 2 53
167 14 373
167 15 373
175 1 0
169 8 317
176 1 0
175 2 29
165 4 571
170 136 303
170 19 303
170 14 303
170 25 308
170 6 308
170 7 308
169 2 394
166 13 539
166 15 540
178 1 0
170 19 326
170 14 326
170 136 326
165 7 620
175 3 142
170 25 396
170 6 398
170 7 398
144 8 1887
144 13 1891
144 30 1892
144 14 1892
144 15 1892
175 4 161
165 8 699
165 8 700
176 4 182
178 2 113
170 14 436
179 1 0
180 1 0
182 1 0
176 5 223
175 5 216
175 6 222
183 1 0
177 4 226
179 2 50
181 2 43
177 5 257
174 4 388
174 3 397
144 6 2115
144 7 2115
177 14 369
184 1 0
165 6 920
173 4 533
179 3 192
165 34 949
165 19 949
165 6 955
165 7 955
169 2 736
181 3 191
166 7 917
151 7 1609
151 21 1611
165 8 969
165 4 975
169 25 767
169 5 769
169 7 775
181 4 235
182 5 248
182 6 265
182 7 265
182 8 305
185 7 18
185 14 23
182 8 311
182 29 314
186 1 0
173 5 692
185 6 30
185 7 30
185 8 31
185 34 40
185 6 42
185 7 42
182 1 340
178 4 497
173 4 718
173 3 719
179 5 379
185 8 59
185 19 64
185 14 65
185 6 69
185 8 72
185 8 78
183 2 357
185 19 89
185 14 95
185 15 95
185 6 96
185 7 96
185 8 99
185 2 117
185 5 131
185 7 146
179 25 471
185 8 150
185 8 156
185 8 160
185 8 162
185 29 167
185 14 184
178 7 648
187 1 0
188 1 0
164 2 1402
187 3 109
189 1 0
187 5 170
178 8 873
187 6 185
187 7 185
190 1 0
184 2 598
178 29 932
178 8 966
190 2 71
191 1 0
184 3 699
192 1 0
194 1 0
184 4 732
194 2 39
192 3 84
184 7 784
184 1 790
184 13 790
196 1 0
197 1 0
192 6 137
190 3 231
189 4 328
192 8 153
192 29 159
192 8 160
192 29 161
192 13 167
192 14 169
192 15 169
189 5 364
198 1 0
192 14 201
189 6 380
199 1 0
189 21 383
189 26 437
194 8 240
189 14 440
199 2 63
198 2 80
196 3 203
194 29 277
200 2 43
193 5 276
199 3 115
195 2 229
193 6 288
193 7 288
193 21 293
199 4 137
190 5 428
202 1 0
190 7 444
196 4 241
193 14 319
201 2 57
196 5 289
196 7 292
164 4 1986
200 3 121
199 5 181
199 6 187
199 7 187
202 2 58
204 1 0
199 8 218
204 5 10
204 6 18
204 7 19
196 8 328
196 19 338
196 34 338
196 14 340
200 6 199
200 7 199
197 3 341
204 13 26
196 25 359
196 6 359
200 8 213
202 3 149
205 1 0
200 13 257
200 30 257
200 15 258
164 5 2141
164 6 2157
164 7 2157
202 4 192
195 3 459
202 6 237
202 7 237
197 5 466
164 8 2199
197 6 483
195 4 531
202 8 296
202 8 340
195 5 582
195 6 597
207 1 0
208 1 0
200 6 470
200 7 470
201 3 413
208 5 6
205 2 247
208 6 22
208 7 22
200 13 474
200 30 474
200 14 474
195 1 646
195 14 646
195 15 646
197 8 690
201 5 495
201 6 510
209 1 0
201 1 572
201 19 572
201 14 573
210 1 0
201 25 607
201 6 608
201 7 608
201 8 617
209 2 93
203 3 551
205 3 499
205 4 502
210 2 87
212 1 0
203 5 618
203 8 635
192 25 1089
205 7 614
198 4 905
212 2 94
198 5 962
211 5 172
211 6 182
211 7 182
209 3 259
205 8 654
205 1 676
205 14 679
211 8 206
213 1 0
213 5 7
198 13 1005
198 30 1005
198 14 1007
213 6 23
210 3 327
215 1 0
210 4 378
203 8 865
216 2 44
209 5 439
210 5 429
210 6 444
215 2 65
178 3 2306
178 4 2320
210 8 475
178 6 2346
213 29 197
213 29 200
217 2 42
210 8 496
209 8 518
218 1 0
212 3 355
178 8 2361
213 29 203
216 3 142
210 30 526
210 13 526
210 14 533
178 29 2397
178 1 2402
178 13 2402
178 14 2409
209 8 559
209 15 571
210 25 553
210 6 553
215 3 190
216 5 209
209 6 604
209 13 609
209 30 609
212 4 431
209 14 613
216 7 223
217 5 173
203 8 1075
212 5 482
220 1 0
217 7 179
217 8 188
217 13 206
209 25 652
209 7 652
209 13 659
209 15 659
212 6 488
212 7 488
215 4 279
217 14 206
203 13 1141
203 14 1141
203 15 1141
221 1 0
209 30 679
209 14 683
215 5 350
215 6 353
219 3 124
217 6 267
217 8 269
217 8 275
217 13 278
217 14 279
209 25 756
209 7 757
209 13 761
219 4 153
221 2 96
222 1 0
219 6 184
219 8 202
222 1 35
222 5 39
222 6 42
222 7 43
219 13 206
222 8 69
223 1 0
217 25 411
217 6 411
224 1 0
214 5 566
217 13 460
217 14 461
217 15 461
221 3 250
214 6 575
214 7 575
225 1 0
217 25 549
222 5 234
222 7 240
222 8 256
222 8 270
226 1 0
222 19 295
222 34 295
222 14 296
221 5 413
225 2 84
224 2 211
221 6 417
221 30 443
214 30 842
214 14 843
214 15 843
229 1 0
230 1 0
229 2 50
231 1 0
225 3 312
232 5 20
232 8 30
232 6 31
232 7 31
225 4 398
229 3 153
225 5 433
225 7 439
229 4 186
225 8 497
229 6 263
229 7 263
225 8 545
231 3 246
231 3 269
231 4 306
236 1 0
237 1 0
238 1 0
239 1 0
231 3 366
231 4 373
237 2 34
240 1 0
238 2 104
229 1 523
229 13 523
229 15 523
231 14 480
241 1 0
237 3 149
237 4 170
241 2 46
240 3 155
214 26 1516
214 14 1516
237 7 210
237 8 231
237 4 254
230 5 687
230 7 695
240 5 237
240 6 242
240 7 242
238 5 293
240 13 261
240 15 261
230 19 732
230 7 743
240 13 289
240 30 289
240 14 290
241 5 240
230 13 770
230 14 777
244 1 0
241 7 256
245 1 0
241 8 280
230 7 815
240 7 369
230 3 818
244 2 42
241 6 337
241 13 344
241 14 344
245 2 92
241 7 384
241 8 396
241 13 399
241 14 400
241 15 400
241 7 404
241 8 405
246 1 0
241 13 407
241 15 408
245 2 137
244 4 216
246 2 68
132 26 6595
247 1 0
248 1 0
243 4 324
244 5 321
246 3 200
248 2 39
243 5 360
247 3 105
249 1 0
250 5 3
246 4 264
251 1 0
250 6 20
250 8 35
247 5 153
252 1 0
248 3 175
249 2 98
245 3 464
242 3 723
253 1 0
248 5 255
248 6 260
252 2 112
245 3 568
248 8 326
254 1 0
252 3 226
244 29 687
244 8 688
255 1 0
252 4 272
254 2 90
257 1 0
258 1 0
252 5 287
252 6 297
252 7 297
242 5 907
259 1 0
249 4 408
260 1 0
249 5 496
249 7 499
261 1 0
262 1 0
249 8 529
249 8 536
254 3 285
263 1 0
264 1 0
261 2 76
266 1 0
242 5 1162
242 6 1171
251 3 573
265 2 46
256 3 319
254 4 372
253 4 477
255 3 327
261 3 165
256 4 372
262 3 188
264 2 114
259 3 327
254 6 437
254 7 438
255 4 377
268 5 5
262 4 214
265 4 163
269 1 0
268 6 10
268 1 18
268 14 21
263 3 162
263 4 179
259 4 386
265 5 197
265 6 202
265 7 202
255 5 443
255 7 447
255 8 456
271 1 0
256 5 470
263 7 210
264 3 214
265 13 216
265 15 217
273 1 0
274 1 0
256 6 475
256 21 476
263 8 224
263 8 232
260 4 352
259 5 442
259 6 455
259 7 455
255 8 517
258 4 479
263 8 250
263 14 273
264 4 253
260 5 382
260 6 390
260 7 390
260 21 392
259 8 462
273 2 64
271 2 70
255 8 547
266 3 260
244 13 1253
244 15 1255
262 6 363
262 7 363
264 5 299
276 1 0
251 5 862
264 1 313
264 13 313
264 30 313
264 15 316
254 13 655
254 30 656
277 1 0
256 8 613
251 8 891
251 1 900
251 34 900
251 14 901
251 25 910
251 7 911
260 8 471
259 1 546
259 13 547
259 30 548
259 14 549
259 15 549
276 2 37
266 4 353
277 2 42
256 8 641
251 136 938
260 19 498
260 34 498
260 14 499
260 14 517
254 6 711
254 7 711
278 1 0
254 30 725
254 14 726
254 15 726
269 4 222
269 3 228
266 5 387
266 6 391
266 7 391
256 14 655
251 19 964
251 136 965
251 6 970
269 4 248
255 8 696
258 5 659
272 3 241
256 6 688
256 7 688
256 26 706
256 14 710
265 7 446
265 8 466
255 13 706
255 14 710
255 15 710
264 7 475
264 4 479
281 1 0
265 8 478
271 3 298
272 4 282
256 7 746
256 27 754
256 282 755
256 7 758
281 2 34
270 3 345
269 7 332
269 8 348
283 1 0
269 8 359
258 8 731
258 29 735
284 1 0
256 26 789
256 14 791
256 6 797
256 7 797
280 2 77
255 7 801
255 26 808
255 14 812
255 15 812
276 4 223
272 5 357
256 8 810
285 2 39
286 1 0
272 6 373
272 7 374
277 5 237
272 8 382
277 7 252
272 8 393
287 1 0
264 7 603
275 5 369
275 6 380
275 7 380
272 8 401
272 8 405
277 8 272
264 13 615
280 3 178
269 8 472
277 13 288
277 30 288
277 14 288
272 8 439
287 2 51
270 4 487
269 14 494
280 4 237
288 1 0
288 6 20
275 8 465
270 5 526
289 1 0
283 4 185
290 1 0
285 3 171
291 1 0
281 4 216
280 5 272
270 7 531
280 6 282
280 7 282
281 5 261
259 5 964
255 7 1034
255 6 1034
285 4 249
281 6 276
281 8 298
292 1 0
259 6 971
259 8 985
293 1 0
281 19 306
281 34 306
281 14 306
281 7 310
281 6 321
281 7 321
278 3 407
292 2 50
259 14 1004
259 15 1004
285 7 282
285 19 307
281 34 342
281 14 345
290 2 151
285 14 314
285 15 314
285 6 331
285 4 334
294 2 41
278 4 456
293 2 107
287 4 291
275 8 680
293 2 118
293 2 129
255 4 1186
278 6 526
255 5 1189
255 7 1195
255 8 1204
287 6 347
287 13 381
287 15 382
278 8 595
255 29 1250
295 2 65
294 5 192
294 6 208
255 26 1290
255 14 1291
290 4 324
294 8 235
278 8 637
278 4 649
278 3 655
257 4 1282
297 5 2
290 5 359
290 6 363
294 8 249
294 8 254
294 8 258
296 2 80
297 1 21
297 5 23
297 6 28
297 7 28
297 8 37
297 19 40
297 34 40
297 14 40
299 1 0
290 14 386
294 34 306
298 2 35
297 19 64
255 7 1371
297 8 85
297 19 89
297 14 89
255 8 1416
299 2 65
295 3 212
295 4 233
257 1 1407
257 13 1410
257 30 1410
257 15 1412
301 1 0
292 4 439
290 6 498
290 13 504
295 5 285
303 1 0
255 8 1516
296 3 262
303 5 36
304 1 0
304 2 18
304 2 19
303 6 41
303 8 62
298 5 213
298 6 222
298 7 222
298 13 263
298 30 263
298 25 266
298 6 266
295 1 397
306 1 0
306 5 3
296 4 355
303 1 102
298 8 269
298 13 281
298 14 281
298 15 281
307 1 0
299 4 265
303 8 134
303 5 180
296 5 434
296 6 438
296 7 438
296 8 446
296 4 448
296 5 451
296 7 458
303 8 194
298 25 363
298 7 364
298 29 377
308 1 0
305 3 130
296 8 487
298 8 399
301 3 270
298 8 408
298 8 412
299 5 412
306 19 145
306 136 145
306 14 146
306 14 151
306 15 151
308 2 33
299 7 416
305 5 218
305 7 232
305 1 242
305 19 242
303 1 314
305 26 252
308 3 139
301 5 390
301 7 393
296 29 624
296 14 629
296 15 629
309 2 148
296 7 661
303 3 416
303 4 424
301 8 436
296 14 673
303 3 433
310 1 0
308 3 241
303 2 470
303 4 488
311 1 0
303 6 498
303 7 499
303 1 506
303 13 507
303 30 508
303 14 511
309 3 245
308 2 312
307 3 415
311 2 53
309 4 294
309 5 324
309 6 326
309 21 330
307 4 485
309 8 343
309 19 354
309 136 354
309 25 368
309 6 368
309 8 373
301 15 748
307 6 589
255 8 2209
313 1 0
307 8 711
313 2 27
307 8 737
314 1 0
307 29 777
301 7 949
301 6 949
301 4 950
315 1 0
307 29 807
307 8 808
255 3 2428
255 4 2440
313 4 133
307 13 838
307 14 839
255 6 2459
316 2 56
313 6 162
313 8 181
313 14 202
317 1 0
313 25 282
313 6 282
255 13 2623
255 14 2626
255 15 2626
317 2 93
319 1 0
320 1 0
314 5 258
314 7 261
314 6 261
315 3 226
313 25 345
313 8 350
293 3 1619
318 2 107
313 13 356
293 4 1659
315 6 345
316 4 339
293 6 1716
317 3 229
315 5 368
315 6 370
315 4 372
321 1 0
296 6 1543
296 7 1544
296 4 1544
316 5 422
316 7 429
316 6 429
316 21 431
319 5 263
319 6 275
319 7 276
324 1 0
325 1 0
319 19 308
322 2 74
326 1 0
326 5 2
326 6 6
326 7 6
323 2 54
319 19 359
319 14 361
319 15 361
321 2 180
319 7 376
317 5 475
325 2 108
319 19 383
319 14 386
319 15 386
321 2 199
319 25 388
319 7 388
321 2 202
321 2 218
322 3 154
323 3 136
323 4 163
322 4 203
328 1 0
322 7 245
323 5 235
325 3 262
327 2 95
328 2 50
329 1 0
330 1 0
325 4 318
331 1 0
329 2 106
332 1 0
328 4 266
328 5 281
328 6 285
328 7 285
328 8 308
325 5 534
329 3 216
333 2 43
325 6 546
325 7 546
325 8 579
333 3 114
325 1 621
329 4 306
333 4 145
328 8 412
329 7 376
333 5 202
329 8 394
329 1 404
329 19 404
334 1 0
333 8 217
327 4 537
328 8 515
329 7 425
333 8 247
328 1 561
328 14 565
328 15 565
335 1 0
336 1 0
327 7 684
328 6 641
328 7 641
335 1 47
336 2 70
337 1 0
338 1 0
337 2 47
336 3 226
337 3 147
336 6 352
336 7 352
336 30 377
336 14 378
336 15 378
337 4 223
337 5 254
337 6 261
337 13 286
337 14 287
336 7 486
336 14 496
341 1 0
340 2 37
339 3 171
342 1 0
339 5 328
339 6 336
339 7 336
339 13 377
339 30 377
339 14 378
339 15 378
340 3 260
345 1 0
340 5 371
340 7 373
347 1 0
340 14 399
340 15 399
346 2 46
347 5 13
347 6 18
342 5 237
342 6 247
342 7 247
339 6 549
339 13 559
339 30 559
339 14 559
339 15 559
342 8 262
342 29 265
342 30 288
342 14 289
342 15 289
344 2 121
348 2 58
346 7 253
349 1 0
350 1 0
349 2 57
351 6 9
351 7 9
351 8 17
349 3 200
351 8 28
354 1 0
349 4 232
344 4 485
345 4 472
349 5 257
355 1 0
356 1 0
349 6 266
354 2 33
350 2 238
344 5 532
344 6 546
344 7 546
345 6 531
345 7 531
345 8 542
344 3 557
345 8 568
345 8 579
341 4 884
358 1 0
341 5 912
352 4 147
359 1 0
360 1 0
353 3 167
341 6 915
352 5 165
352 6 177
352 7 177
352 21 178
352 6 208
352 7 208
359 2 72
353 4 212
353 5 226
353 6 232
353 7 232
357 2 123
355 3 176
360 2 62
354 7 222
361 2 46
352 4 279
354 4 251
354 25 255
354 6 258
353 8 288
354 13 260
354 30 260
354 14 261
354 15 261
354 7 265
355 5 255
355 7 263
360 4 176
360 5 196
359 3 202
360 6 200
360 7 200
360 8 237
345 8 836
345 8 836
360 4 254
350 6 591
350 7 591
350 13 606
350 14 607
350 15 607
361 3 203
363 1 0
363 7 8
360 25 274
360 5 275
360 6 283
360 7 284
363 2 37
363 3 45
363 4 50
361 4 257
363 5 54
363 6 58
363 7 58
363 21 61
363 8 76
363 6 104
363 21 107
363 8 111
363 3 125
361 1 341
361 136 341
361 14 341
359 13 407
359 14 409
364 1 0
364 2 54
345 4 1046
345 6 1061
345 7 1061
365 2 48
366 1 0
367 1 0
364 3 193
366 2 55
366 2 63
368 1 0
345 26 1220
345 282 1220
345 14 1221
369 1 0
367 2 54
364 6 242
364 7 242
364 8 269
345 6 1270
345 7 1270
364 1 273
364 19 273
345 8 1275
369 2 79
366 3 171
370 1 0
370 1 0
345 14 1381
345 15 1381
366 5 250
345 25 1401
345 6 1401
345 26 1411
345 14 1412
369 3 172
369 4 192
366 7 254
367 3 246
371 1 0
369 5 207
365 4 359
369 6 211
365 5 395
365 6 399
368 5 279
368 6 284
368 8 314
365 8 459
367 5 360
368 8 336
372 1 0
368 8 359
368 8 371
368 29 384
365 1 510
365 13 510
365 14 511
365 15 511
359 25 1027
372 2 91
365 25 568
365 7 568
365 8 570
373 1 0
365 19 586
363 1 824
363 6 832
363 7 833
363 21 835
365 6 606
365 7 606
367 13 495
367 30 495
363 5 843
363 6 846
363 7 846
363 21 849
363 25 865
363 5 866
373 2 70
375 1 0
363 6 871
363 8 876
363 5 909
363 6 916
363 7 916
368 34 663
368 14 663
373 3 267
372 4 391
373 4 298
374 3 299
377 1 0
372 5 436
373 7 340
374 4 341
378 1 0
376 2 74
372 6 446
372 8 452
373 8 361
373 8 364
379 1 0
372 8 469
372 8 479
373 4 399
374 21 389
374 8 405
372 29 498
372 1 500
372 13 501
372 14 501
372 15 501
373 6 411
373 8 418
374 29 432
380 2 43
381 1 0
374 13 457
374 14 460
374 15 460
378 2 108
381 2 48
373 19 521
373 34 521
373 14 522
381 3 123
377 4 282
381 5 183
383 1 0
377 5 349
377 7 352
380 3 253
382 3 137
385 1 0
381 13 251
374 1 722
380 5 335
380 6 339
380 21 341
385 2 57
377 3 466
380 14 370
380 15 370
380 25 379
380 6 379
380 13 383
380 14 388
380 15 388
377 25 491
377 6 495
377 8 508
386 1 0
387 1 0
378 4 527
377 5 551
377 6 554
377 7 554
384 4 217
386 2 83
387 3 84
385 3 257
387 4 107
387 6 150
365 8 1606
385 4 400
385 5 416
378 26 771
378 14 774
378 6 788
378 7 789
385 6 428
378 26 803
378 27 804
378 25 812
378 7 813
378 2 847
385 8 495
385 34 505
389 1 0
378 5 882
378 6 888
385 14 518
390 1 0
389 2 46
378 7 889
388 3 261
392 3 179
388 4 306
393 2 53
395 1 0
388 5 342
396 1 0
388 6 347
388 7 347
394 2 31
394 2 36
389 4 299
392 4 217
392 5 241
395 2 38
388 8 359
388 8 370
389 5 331
389 6 335
389 7 335
392 7 250
389 8 360
389 8 368
389 8 381
393 3 140
390 3 353
388 8 427
396 2 95
389 8 385
389 8 389
389 8 391
389 4 397
388 8 451
397 1 0
394 3 151
395 4 159
393 5 243
398 1 0
388 8 530
393 6 249
393 7 249
393 13 256
393 30 257
393 14 257
393 15 257
395 5 216
395 7 221
397 2 79
399 1 0
400 1 0
398 2 45
388 14 581
388 15 581
399 7 19
399 13 22
399 15 23
401 1 0
396 3 300
400 2 86
397 3 197
405 1 0
401 3 143
406 1 0
407 1 0
408 1 0
385 14 1238
397 6 307
397 7 307
403 2 68
396 5 434
396 6 439
396 21 442
401 5 205
409 5 4
409 13 19
409 30 19
409 14 19
410 1 0
398 3 352
411 1 0
398 4 393
387 14 1205
404 3 239
400 4 375
411 2 63
405 4 230
412 1 0
396 8 618
396 136 635
403 4 287
405 5 269
405 6 272
405 7 272
411 2 104
405 8 292
400 5 444
400 6 446
400 7 446
412 2 58
413 1 0
404 4 360
414 1 4
400 8 486
403 5 380
403 7 390
400 4 497
400 5 501
400 6 503
400 7 504
400 26 517
404 5 405
400 15 520
396 7 739
413 2 48
405 8 379
404 6 419
404 7 419
414 2 55
403 8 442
406 3 383
398 7 630
400 6 559
412 3 173
404 30 467
404 14 467
404 15 467
400 4 583
400 3 586
416 1 0
416 1 0
412 4 214
403 8 502
414 3 164
411 4 318
403 8 518
398 8 709
415 4 172
398 14 731
412 5 261
412 6 263
414 4 194
403 2 552
406 5 496
406 6 500
298 1 7364
398 25 745
398 7 745
298 7 7377
412 3 304
412 4 307
406 4 540
417 1 0
398 8 786
415 5 232
415 7 235
412 5 309
412 6 311
414 6 238
414 7 238
412 15 325
414 8 257
412 6 337
412 7 338
413 3 276
411 5 397
411 6 400
411 7 400
411 4 418
403 3 623
403 4 633
418 2 41
412 2 368
403 5 642
403 6 652
403 7 652
405 29 649
398 8 827
412 25 371
412 5 372
412 6 377
412 7 377
416 5 195
412 19 384
412 14 384
412 6 394
413 4 345
412 6 403
412 7 403
417 3 118
418 3 144
413 7 385
413 1 432
413 14 433
419 1 0
417 4 179
418 4 197
398 8 957
420 1 0
413 7 442
417 5 210
418 5 233
413 19 467
413 15 469
413 7 476
418 6 246
418 7 246
398 34 1017
421 1 0
398 6 1042
398 7 1042
417 8 279
418 29 316
418 15 321
398 8 1095
398 34 1117
398 14 1118
422 5 7
422 7 14
422 8 16
398 7 1125
423 1 0
421 3 143
404 6 1042
404 7 1043
424 5 3
419 3 257
424 6 12
424 7 12
419 5 289
419 7 294
419 8 298
421 7 210
419 13 309
419 14 310
425 1 0
414 29 756
426 1 0
421 1 261
421 13 261
421 30 261
421 14 262
421 15 262
414 8 779
414 29 792
414 8 797
414 8 814
428 1 0
428 5 5
428 7 9
428 8 16
430 1 0
430 7 12
428 8 44
427 2 72
431 1 0
431 6 18
431 7 18
423 3 307
429 2 124
423 5 374
423 6 377
423 7 378
424 29 368
421 14 524
427 4 253
421 25 563
421 13 566
421 30 566
421 14 567
423 8 462
421 25 583
421 6 583
421 7 583
421 13 586
421 30 586
421 14 589
427 6 315
427 21 317
434 1 0
424 8 526
432 2 140
427 8 401
427 4 405
427 5 408
427 6 424
427 7 424
427 8 436
427 8 444
434 2 55
427 8 478
427 34 488
427 14 489
427 6 502
432 3 263
434 3 159
421 25 827
421 7 827
421 13 833
421 30 833
421 15 834
421 14 834
432 4 329
434 5 222
432 5 359
434 6 234
434 7 234
432 6 375
421 25 910
421 7 910
421 30 918
421 14 919
436 1 0
432 8 430
437 1 0
437 1 0
433 4 427
421 25 1026
421 7 1026
421 14 1039
433 5 524
433 6 532
433 7 532
433 8 565
408 1 1954
438 2 126
439 1 0
437 3 184
421 25 1173
421 6 1173
433 1 614
433 13 615
433 14 615
433 15 615
421 13 1185
421 15 1186
437 5 284
441 2 69
438 3 282
437 8 333
438 4 347
437 4 389
437 6 397
437 7 397
440 3 234
443 1 0
428 1 1089
438 6 418
438 7 418
437 8 455
444 1 0
443 2 39
428 2 1124
441 3 253
438 13 457
438 14 458
438 6 479
438 7 479
428 3 1166
438 19 484
438 14 484
438 6 493
440 6 358
440 8 374
448 1 0
446 2 33
428 5 1189
449 1 0
428 6 1195
428 7 1195
450 1 0
438 14 530
438 15 530
443 3 168
451 1 0
451 1 0
428 4 1228
441 5 369
441 7 373
448 2 63
445 2 118
450 2 47
441 6 415
446 3 105
452 1 0
443 4 206
447 3 135
451 2 60
436 4 659
441 19 418
441 14 421
441 15 421
441 6 425
441 7 425
441 8 432
446 4 134
452 2 41
443 5 247
446 5 171
446 7 187
446 6 187
443 8 261
443 8 267
443 8 271
443 8 290
443 8 299
444 1 279
443 8 310
450 3 171
436 5 745
436 6 749
436 7 749
441 19 510
441 34 510
441 15 515
447 6 240
451 3 191
454 1 0
452 3 148
447 13 282
447 15 283
451 4 239
455 1 0
438 6 800
438 7 800
452 5 207
452 6 217
445 3 382
438 19 817
438 14 821
438 6 838
438 7 838
456 2 65
456 2 71
447 7 417
450 5 352
438 19 879
438 15 884
438 25 888
438 6 888
438 7 888
450 6 368
438 8 903
454 5 168
445 4 449
438 8 916
454 6 173
438 19 925
438 34 926
454 8 179
438 14 932
438 15 932
440 29 799
448 4 413
436 6 982
454 8 211
445 5 511
445 6 519
445 7 519
450 8 446
450 34 455
450 14 457
456 4 191
450 14 467
458 1 0
459 1 0
460 1 0
461 1 0
448 5 544
448 7 549
460 2 30
448 14 588
459 2 61
461 2 42
450 7 581
450 6 581
374 1 4839
460 3 111
462 2 55
450 8 627
450 14 638
460 4 140
460 5 176
460 6 180
460 7 180
460 8 195
460 8 224
459 3 255
436 8 1350
462 4 219
459 4 295
465 1 0
462 5 252
462 7 256
459 5 351
436 34 1449
436 14 1450
462 8 326
459 6 367
436 7 1459
462 8 358
466 1 0
466 1 4
463 3 195
462 13 376
462 30 376
462 14 377
468 1 0
465 2 137
436 8 1550
436 34 1563
466 2 87
463 5 267
463 6 273
463 7 273
436 7 1587
469 1 0
436 8 1630
470 1 0
465 3 251
436 8 1653
436 19 1656
436 34 1656
436 14 1657
469 2 62
471 1 0
472 1 0
465 5 343
461 3 670
469 4 146
472 2 63
469 5 182
469 6 192
469 7 192
469 30 202
469 15 203
461 5 736
469 6 219
469 7 219
472 3 154
469 8 267
473 1 0
473 5 3
473 7 19
473 1 23
473 8 27
471 6 232
471 7 232
466 4 461
472 7 220
473 7 41
469 13 318
461 13 887
475 1 0
471 1 304
471 30 304
471 14 306
471 15 306
466 5 521
466 7 537
444 3 1573
475 2 54
474 2 54
474 2 59
469 6 436
469 4 437
473 8 142
473 29 146
466 19 567
469 1 453
466 1 591
444 4 1618
477 1 0
444 6 1643
476 2 46
474 3 158
444 30 1673
444 14 1674
478 1 0
474 4 226
475 3 189
476 3 146
474 5 252
474 6 261
474 7 261
474 282 262
474 21 262
475 4 227
476 4 187
473 8 335
475 5 260
469 5 637
479 1 0
476 7 222
470 3 633
480 1 0
469 21 655
475 8 293
475 8 306
481 1 0
480 2 32
482 1 0
483 5 2
479 2 70
477 3 221
485 1 0
485 1 10
486 1 0
469 8 745
469 14 771
469 15 771
444 6 1967
444 8 1972
480 7 173
479 3 157
481 2 136
444 14 1998
444 15 1998
479 4 196
477 4 354
479 5 225
479 6 230
479 7 231
477 5 383
477 6 388
477 7 388
470 4 869
469 1 895
469 5 899
469 6 904
469 7 904
469 8 909
469 13 911
469 14 911
469 15 911
479 8 262
479 8 266
477 8 408
477 29 422
469 6 937
469 26 944
469 27 945
477 8 436
477 8 440
489 1 0
489 1 0
488 2 94
469 6 954
469 7 954
469 27 959
469 14 963
469 15 963
469 7 964
469 26 967
469 27 967
469 14 967
479 19 318
479 14 320
479 34 320
469 30 986
469 15 987
490 1 0
470 6 985
444 6 2159
444 8 2170
476 1 578
476 6 587
470 8 1029
470 1 1038
470 19 1038
470 14 1038
485 2 326
490 2 86
491 1 0
491 1 0
492 1 0
444 29 2257
496 1 0
444 15 2285
488 3 289
493 2 58
484 4 449
497 2 47
498 1 0
485 6 482
481 4 558
488 5 404
499 1 0
500 1 0
500 1 1
500 1 1
481 5 623
481 7 638
481 4 661
481 3 668
485 8 618
488 19 500
488 136 500
488 6 510
488 7 510
503 1 0
490 4 348
502 2 28
492 3 289
481 3 702
488 19 530
488 25 539
488 6 539
490 5 384
490 7 401
490 21 403
481 5 706
481 6 722
481 8 725
481 3 735
497 8 267
498 3 192
502 3 98
470 6 1390
470 7 1390
497 8 290
492 4 373
498 4 255
487 4 675
497 8 350
487 7 728
502 6 175
502 7 175
485 8 798
497 8 403
498 7 313
490 8 532
487 14 741
487 15 741
492 6 468
492 7 468
492 21 469
490 8 565
502 8 222
502 8 236
490 4 589
490 1 592
490 5 611
492 19 511
492 14 512
505 2 51
497 19 495
497 14 496
490 6 627
492 7 539
492 13 543
492 14 543
492 15 543
502 30 306
502 15 307
497 26 501
497 14 501
497 6 506
497 7 506
497 26 522
507 1 0
497 25 559
497 6 559
497 7 559
497 8 567
497 8 630
506 2 177
497 14 651
502 25 435
502 7 435
502 14 441
502 15 441
492 6 711
492 7 711
508 2 37
497 25 654
497 6 654
497 7 654
492 5 729
492 6 746
492 7 746
492 21 747
505 3 356
506 3 322
505 2 397
510 1 0
511 1 0
505 3 431
509 2 46
506 6 418
510 2 65
505 5 510
508 5 302
508 8 323
506 1 469
506 13 469
506 15 470
512 2 48
505 6 514
505 7 514
515 1 0
514 2 38
508 8 371
516 1 0
513 2 96
517 1 0
511 3 174
516 2 37
505 30 613
505 14 614
514 3 119
517 2 50
511 4 209
509 4 240
508 14 453
508 15 453
518 1 0
514 6 196
514 7 196
519 1 0
509 5 307
509 7 324
505 6 742
505 7 742
520 1 0
516 7 231
515 3 288
517 3 216
521 1 0
520 2 58
517 4 260
514 14 354
521 2 53
515 4 338
523 1 0
517 5 301
517 6 305
517 7 305
515 3 399
522 2 66
525 1 0
526 1 0
524 2 58
517 8 426
521 3 227
513 1 530
513 19 531
513 136 531
513 14 533
513 15 533
512 8 569
520 5 294
520 7 298
505 14 1077
505 15 1077
519 3 403
520 8 315
521 5 301
521 6 312
521 7 312
526 2 104
520 8 350
520 8 366
528 1 0
520 8 398
520 8 433
519 5 558
519 6 562
519 21 564
528 2 111
524 4 304
493 3 1716
512 4 786
519 1 597
519 26 597
519 27 598
529 1 0
522 4 404
524 5 374
524 6 381
524 7 381
493 5 1800
512 5 891
522 6 478
523 6 477
522 8 491
493 6 1816
493 7 1816
493 21 1817
522 8 514
526 3 395
528 3 237
532 1 0
533 1 0
523 1 551
523 13 552
523 14 553
523 15 553
528 4 308
528 6 351
528 7 351
533 2 37
526 6 509
526 7 509
530 3 196
512 13 1049
512 14 1052
534 5 1
534 15 19
530 4 239
528 13 405
528 30 405
526 8 592
530 6 297
530 7 297
533 3 173
530 8 313
505 13 1629
505 30 1629
530 13 329
530 15 331
533 4 199
533 8 258
533 8 323
535 2 68
529 4 708
536 1 0
526 4 1040
526 5 1045
526 6 1063
536 2 49
539 1 0
541 1 0
539 2 52
541 3 89
541 7 141
542 1 0
543 1 0
539 3 195
529 5 1010
535 3 489
540 7 201
543 2 66
539 4 248
545 1 0
540 8 225
539 5 309
539 6 314
529 30 1131
529 14 1131
529 15 1131
539 14 329
539 15 329
542 2 166
542 2 170
542 2 180
540 1 333
540 13 333
540 30 333
540 15 339
529 6 1165
529 7 1165
539 6 353
539 19 366
547 1 0
544 2 115
529 2 1187
548 1 0
529 3 1197
529 4 1200
535 5 668
535 6 672
535 7 672
547 2 55
541 8 382
529 19 1223
529 14 1224
539 4 409
535 8 695
539 5 415
539 6 420
539 7 420
539 15 426
539 7 432
541 30 396
541 14 396
548 2 50
529 7 1276
529 19 1285
529 136 1285
529 14 1285
535 13 754
535 30 754
539 8 475
539 19 496
529 136 1303
529 14 1303
539 15 499
539 6 502
549 2 37
529 6 1329
529 19 1340
529 6 1350
529 136 1362
529 6 1379
529 7 1379
549 3 116
552 1 0
550 3 116
529 19 1390
529 14 1391
529 6 1402
547 5 263
408 1 7690
547 8 287
547 8 296
549 4 153
554 1 0
555 1 0
547 13 314
547 14 314
549 5 189
544 3 414
549 6 204
549 7 204
550 7 203
550 1 216
551 2 102
541 13 696
541 15 697
543 6 564
543 7 564
539 1 742
539 5 748
539 6 761
539 7 762
539 8 767
553 3 106
554 2 117
554 2 125
554 2 126
554 2 126
554 2 127
554 2 127
554 2 127
539 8 784
544 5 538
544 6 542
554 2 157
555 3 153
543 8 631
543 4 646
543 3 646
553 4 154
553 6 179
553 7 179
544 8 552
555 4 187
554 2 187
553 8 187
553 1 204
553 13 204
553 14 207
555 5 231
556 1 0
552 3 327
556 2 34
555 8 276
544 14 647
552 4 366
554 3 294
554 4 329
552 5 419
552 6 432
554 6 369
554 7 370
552 8 473
557 1 0
551 3 512
552 1 505
552 14 505
552 15 505
557 5 9
557 7 13
557 13 34
557 15 35
547 25 819
547 6 819
547 7 819
547 13 834
547 14 834
547 15 834
560 1 0
561 1 0
562 1 0
548 4 840
544 3 972
558 2 102
563 1 0
548 5 894
548 6 896
551 5 709
565 1 0
563 2 73
566 1 0
567 1 0
547 25 1013
547 6 1013
547 7 1013
547 13 1019
547 30 1019
567 2 43
558 3 233
547 15 1019
568 2 72
566 2 94
570 1 0
569 2 55
567 3 130
563 3 209
570 2 71
565 2 192
571 1 0
558 7 352
571 2 43
563 5 288
563 21 301
558 8 413
558 8 413
569 3 168
563 19 315
566 4 251
567 4 241
562 3 374
559 4 375
559 5 388
559 6 392
559 7 392
566 3 259
570 3 186
573 1 0
574 1 0
569 4 211
560 2 419
560 2 422
562 4 414
559 8 434
571 3 157
569 6 249
569 7 249
530 7 2426
570 4 258
567 6 343
567 14 356
562 5 471
571 4 195
569 3 290
569 4 293
569 5 295
530 3 2467
567 7 363
567 27 366
567 14 369
567 25 371
567 6 371
567 26 380
567 14 381
567 6 383
562 7 476
559 8 494
559 19 499
559 34 499
559 14 501
559 7 508
571 6 225
559 8 515
569 6 300
569 13 309
569 30 309
569 15 310
575 1 2
576 1 0
567 26 390
567 27 390
567 14 394
567 15 394
571 4 249
571 3 250
530 2 2515
565 13 479
579 1 0
568 4 439
565 14 483
565 15 484
580 1 0
575 2 97
560 3 611
530 25 2580
568 6 476
568 7 476
581 1 0
580 7 43
572 3 248
582 1 0
530 25 2609
530 5 2610
530 6 2614
530 7 2614
580 14 67
568 8 525
572 4 281
583 1 0
568 8 529
574 3 275
562 4 672
562 3 673
568 8 570
568 8 574
581 2 86
568 8 583
584 1 0
572 6 318
572 7 318
582 2 86
576 3 207
568 8 600
574 4 321
568 8 618
568 8 625
574 6 364
574 7 364
585 5 10
585 7 18
583 2 126
586 1 0
560 7 790
577 3 255
574 8 407
586 2 36
574 19 421
574 34 421
574 14 435
569 25 643
569 7 643
569 8 654
574 25 442
574 6 442
574 8 448
569 8 661
576 6 354
582 3 248
587 1 0
577 7 350
576 1 373
576 14 374
576 15 374
577 8 367
574 8 520
581 3 313
574 8 554
586 3 170
582 5 324
582 6 330
577 19 429
577 14 432
577 15 432
583 4 336
586 4 203
577 7 438
577 25 497
577 5 497
581 3 399
588 1 0
583 5 382
583 6 398
583 7 398
577 7 506
577 8 524
583 8 416
583 13 422
589 1 0
583 14 426
577 8 534
577 8 552
590 1 0
584 5 414
584 6 419
584 7 419
584 21 422
591 1 0
590 2 104
589 2 120
591 2 41
592 1 0
590 2 116
593 1 0
591 3 103
594 1 0
595 1 0
591 4 123
591 5 176
596 1 0
591 8 186
591 1 205
595 3 84
589 3 289
596 2 53
589 4 331
597 1 0
595 5 161
595 7 176
589 5 383
589 6 398
589 7 399
598 1 0
599 1 0
600 1 0
596 3 185
589 8 444
601 1 0
602 1 0
603 1 0
604 1 0
596 4 247
594 3 332
602 2 70
596 6 302
594 4 370
604 2 75
596 2 315
570 1 1447
596 3 333
597 3 260
600 4 194
596 5 357
597 4 306
597 3 314
601 5 225
601 6 229
601 7 229
600 8 286
601 1 264
601 14 266
597 6 368
597 7 368
599 4 293
597 8 395
597 19 417
597 14 418
602 3 279
603 1 274
597 14 431
597 15 431
604 3 290
597 3 468
597 4 476
597 5 479
602 4 334
597 6 495
602 5 381
575 3 1446
603 2 381
603 2 397
608 1 0
608 5 3
606 2 43
602 2 433
599 5 507
599 6 512
604 6 448
602 3 497
611 1 0
575 5 1565
602 5 526
575 6 1581
575 7 1581
612 1 0
602 6 542
604 8 538
611 2 46
606 4 207
575 8 1632
603 3 578
612 2 43
575 29 1645
575 8 1648
613 2 56
606 6 252
606 7 252
575 8 1676
611 3 160
611 4 185
606 29 303
606 8 306
605 3 562
603 4 675
575 8 1785
604 7 710
604 6 710
604 8 717
604 26 733
611 7 228
605 4 604
616 1 0
612 4 213
613 4 219
611 29 287
603 5 770
611 8 290
611 29 290
611 8 291
603 6 787
603 7 787
611 8 306
611 8 306
615 2 56
611 8 309
612 5 267
605 6 678
605 7 678
603 1 813
603 30 814
603 15 814
611 8 331
611 8 335
612 7 283
613 5 285
613 6 300
613 7 301
604 6 856
612 8 313
605 8 729
619 1 0
605 1 746
605 30 747
617 2 34
605 15 767
612 8 363
612 29 379
619 2 50
612 8 399
612 8 421
615 3 224
620 1 0
621 1 0
616 3 239
619 3 164
622 1 0
615 4 281
619 4 192
617 7 215
615 5 300
616 4 283
615 7 310
615 8 319
623 1 0
619 5 225
624 1 0
616 5 334
619 6 240
622 2 80
615 8 365
616 6 350
616 7 350
615 8 378
615 13 388
615 14 396
624 2 51
620 3 208
616 30 479
618 4 445
620 4 295
624 4 217
628 1 0
618 5 506
618 7 513
600 13 1415
600 15 1416
624 6 270
620 7 374
620 8 385
620 4 393
629 1 0
618 8 548
620 7 414
630 2 7
624 14 323
620 8 429
628 2 153
631 2 36
605 25 1375
605 7 1375
605 8 1380
605 13 1393
605 30 1394
634 1 0
628 3 347
631 5 229
631 7 235
611 7 1166
611 4 1166
611 7 1177
611 8 1186
611 29 1186
611 8 1189
611 29 1190
611 29 1190
611 8 1191
611 29 1203
611 8 1229
633 3 135
631 19 305
631 136 305
631 14 305
631 6 317
631 7 317
633 4 162
631 8 362
633 6 209
633 8 214
631 8 390
635 1 0
633 8 245
628 5 551
628 7 554
633 8 264
628 8 573
634 3 254
631 8 463
628 14 601
633 13 309
633 14 310
634 5 298
631 8 483
634 7 305
631 19 545
631 25 552
631 6 552
631 7 552
633 25 404
633 6 405
633 7 405
633 8 411
633 8 422
628 6 743
628 7 743
633 13 446
633 30 446
633 15 447
628 21 747
631 8 664
637 5 8
638 1 0
408 1 11996
637 6 23
640 1 0
640 5 7
640 6 12
640 7 12
641 1 0
639 2 49
640 1 57
640 30 58
641 2 80
636 2 217
638 2 170
643 1 0
644 1 0
622 3 1351
639 4 213
642 2 79
628 1 1167
628 1 1167
639 25 273
628 6 1177
628 7 1177
628 21 1180
643 3 155
637 6 356
637 7 357
641 3 294
622 5 1520
639 2 348
648 1 0
643 4 195
643 5 214
622 7 1527
639 4 397
650 1 0
639 5 407
643 6 229
643 7 229
643 8 235
643 8 240
643 29 241
644 4 217
649 2 58
641 6 388
644 6 243
641 30 428
641 15 431
644 8 272
644 8 282
651 1 0
642 3 344
638 6 557
653 1 0
652 6 12
642 4 402
641 13 526
641 30 526
641 14 527
654 1 0
641 15 527
644 19 371
651 2 71
651 2 93
638 1 594
638 30 596
638 14 597
644 15 376
647 2 236
638 6 643
638 7 644
638 26 648
642 5 464
642 6 465
649 4 241
641 6 583
641 13 591
641 30 591
641 14 592
641 15 592
651 2 151
642 2 499
649 5 264
649 6 268
649 7 268
655 1 0
656 1 0
653 2 125
657 1 0
649 8 300
649 8 308
649 8 311
649 29 314
649 8 315
658 1 0
652 8 179
649 8 325
649 8 339
649 8 341
649 8 346
649 8 350
654 4 146
656 2 61
642 25 574
657 2 73
649 8 355
649 8 360
644 7 536
644 6 536
644 8 546
651 3 247
642 2 593
642 25 612
642 5 612
642 25 621
642 5 621
649 25 391
649 5 392
642 6 622
642 25 632
653 3 261
652 8 278
653 4 297
642 25 686
642 5 686
642 2 706
659 2 44
660 1 0
641 6 833
653 5 338
651 1 380
651 15 381
653 6 347
653 7 347
642 5 741
642 8 799
659 4 147
642 6 815
642 7 815
661 2 67
643 8 791
643 8 798
658 3 296
661 2 75
659 7 201
659 8 219
651 6 531
651 7 531
648 2 674
657 4 386
642 1 875
652 8 500
659 29 226
659 8 238
643 8 856
658 5 350
659 8 271
651 8 598
651 8 603
658 6 365
658 7 365
657 5 423
652 1 554
652 13 554
652 14 556
652 15 556
658 5 405
653 1 607
663 7 20
663 8 25
663 8 33
658 8 425
657 14 505
657 15 505
653 5 610
653 6 620
653 7 620
661 3 266
643 8 1026
665 1 0
666 1 0
658 4 503
666 2 39
658 6 525
661 4 318
661 7 335
643 8 1061
664 2 92
658 8 563
658 8 573
643 14 1113
663 15 200
663 6 212
667 1 0
666 3 130
628 1 2234
628 5 2237
628 6 2240
628 7 2240
668 1 0
642 26 1193
642 14 1194
642 6 1196
642 7 1197
628 26 2270
628 14 2272
667 2 58
666 6 201
666 7 201
642 26 1249
642 14 1252
628 25 2290
628 6 2290
628 7 2290
628 5 2310
642 6 1255
642 7 1255
628 6 2313
628 7 2313
643 6 1275
643 13 1285
643 30 1285
643 15 1286
669 1 29
669 5 43
669 6 55
664 3 343
669 8 78
671 2 71
669 8 94
664 4 395
667 4 246
667 3 249
669 8 138
664 5 440
664 6 451
668 4 231
672 2 92
675 1 0
664 21 456
675 7 19
668 6 277
668 7 277
673 2 49
676 1 0
675 13 33
664 8 486
677 1 0
667 6 374
667 7 375
674 2 95
673 4 137
659 8 924
664 19 572
664 34 573
664 14 576
664 15 576
671 4 303
676 3 156
672 3 299
670 3 356
671 5 344
671 6 349
677 2 146
671 8 363
670 4 388
671 3 384
670 5 437
676 5 269
676 6 285
665 5 725
675 1 311
665 6 740
675 5 323
675 8 327
670 7 455
678 2 63
670 29 475
670 8 479
680 1 0
665 29 762
665 8 763
681 1 0
670 8 497
674 3 353
679 2 58
677 3 303
672 6 487
672 7 487
680 2 43
674 4 418
682 1 0
679 4 225
677 5 462
682 2 81
674 13 544
674 14 545
679 5 266
684 1 0
677 6 479
677 7 479
679 6 270
683 2 72
678 4 329
679 8 311
684 2 86
679 8 350
677 8 573
678 5 371
678 6 376
674 5 645
674 8 652
674 6 652
674 7 652
679 4 385
677 8 602
678 19 411
678 6 423
684 3 157
686 2 63
677 13 660
677 14 664
677 15 664
682 3 315
683 4 330
682 4 370
674 15 823
683 5 384
683 7 387
682 5 433
683 13 409
683 30 409
683 14 413
682 6 448
682 7 449
682 8 472
686 5 298
682 7 509
682 13 536
682 15 536
408 1 14647
408 5 14656
408 6 14666
408 7 14666
686 8 378
687 2 74
680 3 694
680 4 724
408 1 14738
408 6 14758
680 8 781
408 7 14759
680 8 792
680 8 799
688 1 0
680 8 811
687 3 189
682 6 711
682 7 712
680 8 817
690 1 11
682 19 718
682 14 719
687 4 258
689 2 60
691 1 0
691 5 19
691 6 24
691 7 24
687 5 313
687 7 324
682 6 838
682 7 839
682 14 853
680 14 990
687 8 363
687 8 366
682 7 872
680 19 1011
680 25 1016
680 6 1017
680 7 1017
692 6 8
693 1 0
689 3 258
694 1 0
682 5 979
682 6 993
695 1 0
692 13 110
692 14 111
692 15 111
694 2 79
695 2 57
689 7 397
698 1 0
694 3 186
697 2 67
695 4 175
698 2 84
694 5 255
694 6 258
694 21 262
695 5 238
695 7 257
700 1 0
697 3 189
695 8 299
695 29 305
700 2 48
701 1 0
702 1 0
702 6 5
702 7 5
702 13 7
702 14 8
702 15 8
700 2 55
703 1 0
697 6 270
697 7 270
701 2 53
704 1 0
703 2 28
697 8 295
697 14 308
697 15 308
703 3 61
705 1 0
703 4 74
698 3 329
704 2 61
703 5 90
703 8 102
700 3 182
696 8 413
696 1 421
696 13 421
696 14 422
696 15 422
700 4 227
696 8 465
688 4 845
696 8 497
707 1 0
700 6 286
706 2 60
696 8 505
704 3 179
708 1 0
709 1 0
698 5 492
688 5 930
688 7 944
710 1 0
698 6 501
698 7 501
704 5 274
711 1 0
688 8 984
704 7 288
705 4 280
712 5 2
704 15 316
712 8 5
712 6 5
712 7 5
712 13 14
712 30 14
712 14 14
711 2 74
705 5 303
706 3 241
712 30 52
705 6 319
705 8 336
712 14 52
704 1 423
710 3 214
712 25 121
706 5 390
706 6 393
704 3 491
704 4 498
704 6 508
704 7 508
704 13 512
704 14 513
710 5 299
710 6 303
710 2 322
710 25 326
710 6 329
710 6 333
711 4 384
717 1 0
711 6 418
719 1 0
711 8 494
720 1 0
711 5 518
675 5 2670
719 2 101
711 8 548
675 8 2676
675 6 2676
706 1 723
711 8 570
675 30 2725
675 14 2725
714 3 271
721 1 0
720 3 197
714 5 348
714 7 352
714 8 369
714 29 376
719 4 283
722 1 0
723 1 0
714 136 379
724 1 0
714 25 388
714 6 388
714 7 389
714 8 418
713 5 447
713 6 453
713 7 453
722 2 53
720 4 270
723 2 53
723 2 61
719 6 367
720 5 305
720 7 313
720 8 326
714 19 475
714 34 475
714 14 480
714 15 480
714 25 487
714 6 488
725 2 51
720 8 342
720 8 354
720 29 358
714 29 507
714 29 518
725 2 53
713 8 528
727 1 0
720 8 365
714 29 529
723 3 165
729 1 0
723 4 206
728 2 49
725 4 165
729 5 5
729 6 12
729 19 25
729 136 25
729 14 25
729 25 31
730 1 0
723 6 251
723 4 265
723 5 268
723 6 270
633 25 5336
633 6 5336
633 13 5342
633 30 5343
633 14 5343
633 15 5343
723 4 275
727 2 160
725 5 242
725 7 245
722 6 321
725 13 254
725 30 254
725 14 256
731 1 0
731 5 2
731 7 7
722 13 357
722 14 358
722 15 358
732 1 0
731 1 54
731 30 55
731 14 55
728 3 223
727 3 289
733 1 0
730 5 198
730 7 200
728 5 322
728 6 327
728 8 337
733 2 64
728 8 402
727 7 456
727 8 500
727 8 506
727 8 513
735 1 0
728 13 553
728 15 554
726 3 594
734 2 67
726 4 631
724 3 764
733 4 310
712 1 1460
726 5 655
726 6 658
733 5 348
739 5 1
739 13 13
737 2 72
731 1 497
733 6 359
733 7 359
731 5 499
731 6 503
731 7 503
731 13 516
731 15 517
733 8 400
740 1 0
740 5 5
740 6 10
712 2 1534
731 1 548
731 7 556
724 4 881
733 8 426
738 2 98
733 14 446
625 2 6406
731 13 596
731 14 596
731 15 596
742 2 64
724 5 963
743 1 0
724 7 968
744 1 0
744 6 11
744 7 12
726 8 878
733 1 533
733 5 541
733 6 549
744 13 16
744 14 18
744 15 18
734 3 340
724 8 1019
733 14 583
734 4 378
733 1 600
733 6 614
733 7 615
625 2 6557
738 3 271
737 4 328
734 5 404
734 6 407
724 1 1092
724 13 1093
724 30 1093
724 14 1094
724 15 1094
733 14 640
738 4 321
734 8 441
625 3 6592
737 5 410
745 1 0
625 4 6636
746 5 3
734 8 478
737 6 425
737 7 425
746 30 24
746 14 25
747 1 0
734 34 510
734 14 512
734 15 512
712 6 1874
734 25 533
734 6 533
734 7 533
625 5 6681
733 1 746
625 6 6685
625 7 6685
733 5 751
733 6 760
733 7 760
734 19 542
734 34 542
734 14 544
734 15 544
625 8 6719
733 13 782
733 14 786
712 3 1923
712 25 1941
712 6 1943
712 34 1963
712 14 1965
712 15 1965
712 26 1975
712 14 1976
751 1 0
752 1 0
750 2 63
749 2 108
751 2 42
752 2 67
752 2 73
711 13 2214
753 1 0
745 4 350
731 1 1176
731 5 1178
752 3 158
755 1 0
747 4 317
750 4 242
749 3 303
751 4 221
752 4 212
751 5 244
751 6 248
751 7 248
750 7 308
751 8 267
756 5 2
750 8 347
756 8 21
757 2 57
750 30 376
750 14 376
750 15 376
749 4 411
747 5 472
747 6 474
758 1 0
731 8 1340
731 13 1344
731 30 1344
731 14 1344
731 15 1344
750 6 392
750 7 393
750 8 397
625 29 7189
625 8 7193
625 8 7210
759 1 0
760 1 0
737 13 995
737 14 996
737 15 996
759 2 45
757 4 202
751 6 483
751 8 486
749 5 592
749 6 600
749 21 602
761 1 0
761 5 6
761 7 9
761 8 18
757 6 249
757 7 249
757 30 261
757 13 261
757 15 262
763 1 0
761 29 36
761 8 39
761 29 48
757 25 285
749 3 649
759 3 165
761 19 59
761 14 62
761 7 72
762 2 52
759 4 192
763 2 48
756 34 323
756 6 333
756 7 333
757 25 331
757 3 331
759 6 230
759 7 230
756 6 352
756 7 352
757 5 380
757 7 382
759 7 258
759 4 260
759 3 261
756 27 390
765 1 0
763 3 152
762 3 174
757 25 449
757 5 449
757 13 468
757 30 468
757 15 470
765 2 69
762 4 228
763 5 230
762 6 247
762 7 247
757 6 541
757 7 541
757 136 550
757 19 550
757 14 551
768 1 0
769 1 0
765 4 265
770 1 0
764 4 370
760 6 640
760 8 651
764 5 421
760 1 656
760 13 657
760 14 658
749 5 1154
749 6 1161
749 7 1162
770 2 61
771 2 54
764 13 482
764 30 483
764 14 483
772 1 0
773 1 0
768 3 229
775 1 0
772 2 65
728 1 2378
775 2 39
728 6 2391
728 7 2391
770 3 194
776 1 0
728 13 2400
728 15 2401
777 1 0
771 3 234
772 3 192
771 4 293
770 4 320
771 7 314
776 2 109
774 4 204
779 1 0
770 5 346
770 7 349
770 13 391
770 30 391
770 14 392
781 1 0
774 6 246
774 7 246
776 2 170
782 1 0
781 2 30
772 4 313
773 3 297
775 5 280
779 2 146
772 6 373
772 7 373
774 8 350
781 3 103
768 5 591
768 6 606
768 7 606
781 4 129
781 5 156
776 3 307
781 6 172
781 7 172
776 3 353
773 7 494
779 4 278
776 4 396
776 5 407
776 6 410
776 7 410
776 30 448
776 15 452
786 1 0
774 8 600
785 2 51
783 3 152
787 1 0
785 3 145
785 4 166
785 6 215
785 8 226
785 29 249
785 4 261
787 3 198
790 1 0
788 2 187
788 2 199
788 2 199
787 4 226
768 8 1068
787 7 259
787 8 281
788 2 290
791 25 87
791 5 88
788 2 320
792 1 0
790 3 137
788 2 332
793 1 0
790 5 191
790 7 198
790 8 220
794 1 0
795 1 0
794 2 47
788 3 489
795 2 74
788 4 527
797 1 0
793 25 188
793 3 189
787 13 575
787 14 578
793 25 211
793 4 211
797 2 54
793 5 221
793 7 226
793 21 231
727 1 3616
727 5 3618
798 1 0
788 8 610
795 2 230
794 4 298
798 2 84
799 1 0
794 5 325
794 6 328
794 7 328
794 8 356
794 1 361
800 1 0
800 2 57
797 5 312
797 6 315
797 7 315
792 6 534
800 3 168
804 1 0
797 25 375
797 6 378
797 7 379
790 8 757
790 8 766
768 7 1826
768 6 1826
768 8 1827
768 8 1839
800 5 232
790 13 773
790 14 775
790 15 775
800 7 238
800 8 260
797 2 468
805 2 55
801 4 218
798 6 405
798 7 405
798 8 409
801 6 250
801 7 250
801 8 259
790 25 880
797 4 543
801 8 275
797 5 562
797 7 565
797 8 577
801 8 316
798 8 506
804 4 207
797 8 605
802 4 424
804 6 300
804 7 300
802 5 454
802 6 456
806 1 0
794 6 847
794 7 847
802 2 494
807 1 0
805 3 378
808 1 0
805 5 442
805 7 453
806 3 176
802 3 663
814 1 0
809 2 119
815 1 0
816 1 0
811 2 89
813 2 63
802 6 727
806 6 265
806 7 265
806 21 269
805 8 563
806 8 285
815 2 115
806 8 333
807 3 283
818 1 0
813 3 193
807 4 371
813 4 238
818 2 72
807 5 400
819 1 0
807 7 406
811 3 328
813 5 307
807 13 451
807 14 454
807 15 454
813 7 312
811 4 387
821 1 0
822 1 0
808 5 514
820 2 94
821 2 32
808 6 521
808 7 521
818 3 228
823 1 0
822 2 49
808 8 574
815 8 429
824 1 0
808 8 596
818 3 302
825 1 0
826 1 0
825 2 22
825 2 28
809 5 598
809 6 602
824 2 37
824 2 41
818 4 321
815 13 514
790 1 1810
790 5 1811
823 2 122
818 5 394
818 6 400
818 7 400
826 2 96
790 6 1819
790 7 1819
790 8 1825
790 34 1833
790 14 1838
790 15 1838
818 8 413
822 4 210
827 1 0
827 6 11
827 8 19
809 8 732
825 8 163
827 14 37
827 15 37
827 14 56
819 2 389
818 29 488
826 4 189
809 4 788
809 3 790
821 3 278
828 1 0
818 4 517
818 3 519
818 3 521
825 8 210
826 5 215
826 6 218
826 7 218
825 8 224
825 8 232
820 4 408
825 8 243
809 1 851
809 5 856
809 7 861
818 3 575
818 5 583
821 5 381
821 6 383
818 6 587
819 3 544
808 8 967
819 4 612
808 13 992
808 30 992
808 15 992
820 6 565
820 7 565
820 21 568
823 3 433
820 1 599
820 14 599
820 15 599
823 4 456
819 5 654
819 6 663
819 7 663
829 1 0
819 34 706
819 14 707
808 25 1091
808 7 1091
819 25 722
819 6 722
819 8 725
808 14 1116
808 15 1116
777 1 2989
777 5 2993
777 5 3006
777 7 3009
831 1 0
777 8 3012
777 8 3014
777 8 3027
830 2 33
777 8 3075
777 8 3079
777 29 3089
777 29 3099
830 3 94
823 5 653
823 7 656
830 4 117
833 1 0
829 2 194
832 2 81
835 5 5
835 1 18
829 2 222
835 7 29
835 19 37
835 14 44
837 1 0
835 7 82
777 29 3230
777 29 3231
777 8 3234
777 13 3240
777 15 3241
835 19 98
835 14 99
835 6 104
835 19 108
835 14 108
833 4 120
832 3 205
837 2 78
833 3 153
831 3 275
839 1 0
833 5 158
833 6 166
833 7 166
829 4 367
832 4 258
832 6 288
832 7 288
832 8 297
831 4 333
808 6 1495
808 7 1495
829 5 427
829 6 434
829 7 434
829 8 441
829 8 448
808 8 1516
829 13 474
829 14 478
829 15 478
838 2 107
808 8 1549
808 13 1595
808 30 1595
808 14 1595
808 15 1596
831 8 498
831 19 509
831 14 512
831 15 512
837 4 333
837 6 376
837 8 396
835 1 478
835 5 485
835 8 499
835 6 499
837 4 441
837 3 441
829 6 700
829 7 700
829 8 703
834 6 516
835 14 524
835 6 530
841 1 0
841 2 70
843 1 0
843 2 36
844 1 0
842 2 61
842 2 78
845 1 0
838 4 583
838 3 596
844 2 88
847 1 0
841 6 326
842 4 246
845 3 154
841 8 343
845 4 194
848 1 0
845 5 227
845 6 234
851 1 0
841 8 403
849 6 14
850 2 34
841 8 443
849 13 48
849 30 48
849 15 49
852 1 0
844 3 339
844 4 391
852 2 71
841 8 562
850 4 202
850 5 241
850 6 256
850 8 268
850 13 294
844 7 601
850 7 357
844 8 684
854 2 61
850 13 504
850 15 505
844 8 740
844 8 770
844 8 786
844 8 823
844 8 833
855 1 0
855 2 24
855 2 43
854 3 258
855 3 157
856 1 0
857 1 0
857 2 59
844 8 1160
854 6 538
854 7 538
854 8 552
844 14 1262
844 25 1295
844 7 1295
857 4 209
844 8 1314
844 13 1359
844 15 1360
857 5 280
859 1 0
857 8 345
841 13 1601
841 14 1602
841 15 1602
854 14 825
857 29 379
857 29 387
844 25 1510
844 6 1511
859 2 120
861 1 0
860 2 48
862 1 0
863 1 0
859 3 327
864 1 0
844 8 1801
859 4 394
860 3 215
866 1 0
863 4 127
863 5 146
863 7 149
862 3 187
866 1 3
738 5 7544
738 6 7552
865 2 75
860 5 325
860 6 330
863 8 196
857 8 835
862 4 258
868 1 0
860 8 364
863 2 258
863 5 264
863 7 267
862 6 315
862 7 315
860 30 399
860 14 400
860 15 400
861 4 377
863 19 291
863 14 292
863 6 300
863 7 300
867 2 62
865 4 207
844 14 2036
844 15 2036
844 6 2043
844 8 2051
863 7 315
863 8 321
863 15 327
861 5 410
861 6 419
861 7 419
844 8 2069
844 13 2076
844 14 2077
844 15 2077
844 25 2090
844 6 2090
844 15 2098
869 1 0
865 6 289
865 21 290
865 8 297
867 3 164
865 13 311
865 30 312
870 1 0
866 4 257
865 14 312
862 13 444
862 15 444
867 4 195
866 5 303
866 7 311
861 29 551
861 8 553
768 8 6359
768 8 6362
768 8 6373
866 8 333
870 2 94
866 4 345
866 7 356
861 29 579
861 8 581
738 4 7878
738 7 7891
872 1 0
768 8 6390
865 25 418
865 6 418
867 5 281
867 6 289
867 7 289
866 13 387
866 15 387
861 29 591
738 8 7909
865 26 434
865 27 434
865 14 435
867 8 308
768 8 6433
867 13 317
867 14 319
867 15 319
874 1 0
861 8 647
869 2 182
862 25 608
861 8 666
861 8 678
873 2 66
876 1 0
875 2 56
865 25 502
865 7 503
862 8 629
862 30 641
862 14 641
862 15 641
866 6 459
866 7 460
866 13 465
866 14 465
866 8 491
866 26 496
866 6 503
866 8 505
876 2 45
866 26 511
866 14 513
866 7 519
866 8 523
866 5 532
866 6 540
877 1 0
866 8 544
866 19 556
866 34 556
866 14 558
866 15 558
866 14 564
866 15 564
866 6 565
866 7 565
879 1 0
869 3 373
873 3 271
880 1 0
870 3 418
877 3 133
875 6 289
870 5 455
870 7 459
876 5 260
876 6 274
876 7 274
869 4 462
869 3 471
877 5 204
876 1 301
876 15 302
869 5 492
869 6 497
873 4 393
869 14 568
869 15 568
880 3 194
882 5 4
879 3 236
882 6 11
869 25 615
873 5 499
873 6 509
873 7 510
881 2 45
884 1 0
885 1 0
879 6 293
879 7 293
879 21 295
869 8 669
869 19 679
869 15 681
886 1 0
883 2 67
880 4 322
887 1 0
886 5 8
886 6 15
886 7 15
879 19 359
879 136 359
844 6 2868
844 7 2868
886 8 45
844 13 2879
844 30 2879
844 15 2880
880 5 358
880 7 361
886 19 67
886 34 68
886 14 68
880 8 386
880 5 401
880 6 404
880 25 416
880 7 416
880 29 431
883 3 217
881 3 257
880 34 458
880 14 458
880 25 462
880 6 462
880 8 465
883 4 252
883 6 280
883 7 280
881 5 319
881 6 324
881 7 324
878 4 633
883 19 290
883 14 291
883 8 306
884 8 299
881 8 363
888 1 0
881 15 391
878 5 680
878 7 685
884 8 348
884 8 352
888 2 81
844 25 3184
844 6 3184
881 7 483
881 8 505
881 15 512
844 8 3251
844 29 3256
844 8 3261
883 8 581
889 1 0
844 8 3335
782 4 7015
890 1 0
782 6 7071
782 7 7071
890 2 49
892 1 0
893 1 0
892 2 64
894 1 0
894 5 8
894 30 47
894 14 48
889 3 193
844 15 3538
888 4 454
889 4 227
782 8 7242
896 1 0
888 5 524
888 7 529
890 3 261
889 6 285
889 7 285
844 25 3632
844 6 3633
844 8 3648
888 8 561
886 1 826
889 8 323
896 2 63
890 4 343
886 5 847
886 6 853
886 7 853
886 8 855
886 8 864
889 19 352
889 15 354
889 6 364
889 4 365
889 3 366
844 13 3687
844 14 3687
891 3 275
897 1 0
888 8 623
890 5 388
890 6 396
890 7 396
891 4 329
890 8 424
892 4 371
899 1 0
897 2 76
896 3 176
900 1 0
891 6 371
891 7 371
899 2 35
892 5 443
898 2 71
896 4 233
891 30 436
892 6 452
892 7 452
900 2 84
899 3 131
896 6 297
896 7 297
899 4 179
897 4 247
901 1 0
899 5 206
899 7 209
899 19 215
898 4 220
899 6 225
899 7 225
899 19 237
899 14 237
899 6 244
899 19 250
899 6 252
899 7 252
898 5 268
897 6 291
897 7 291
897 8 315
900 3 252
898 7 281
898 8 300
844 25 4054
844 7 4054
844 13 4071
844 14 4073
902 1 0
900 4 300
900 5 336
901 4 179
900 6 351
900 8 364
900 8 371
900 8 375
900 8 394
900 8 401
900 8 407
900 8 412
900 8 415
900 8 419
898 8 480
901 5 293
900 14 433
900 15 433
900 6 436
900 8 441
903 1 0
900 8 464
900 8 466
900 8 469
891 34 947
891 14 948
904 4 328
907 2 60
904 5 423
904 6 426
904 8 455
908 5 5
908 6 8
908 7 8
908 8 13
909 1 0
907 3 208
909 6 20
909 7 21
908 13 69
907 4 263
904 1 592
904 19 593
904 34 593
907 6 299
907 7 299
911 1 0
913 1 0
887 1 2328
887 2 2379
912 3 98
914 1 0
912 4 139
912 5 152
912 7 157
912 8 164
912 34 179
912 15 182
912 25 188
912 34 202
912 14 202
912 25 204
912 6 204
912 7 205
913 2 197
907 8 695
914 2 130
915 1 0
887 3 2540
907 5 765
907 6 769
915 2 81
916 1 0
914 3 279
887 5 2738
914 4 361
887 6 2754
887 7 2755
887 8 2808
917 1 0
887 14 2849
887 6 2857
887 7 2858
915 3 332
887 136 2866
850 1 5474
850 5 5477
887 14 2880
914 8 501
918 1 0
917 2 92
915 5 448
915 6 451
913 3 752
917 3 217
916 5 471
916 6 479
916 7 479
918 3 243
917 6 366
917 7 366
917 19 391
917 14 391
913 3 945
918 5 342
917 19 409
918 6 346
918 7 346
921 2 30
922 1 0
923 1 0
921 3 173
924 1 0
924 5 3
924 8 11
923 2 168
921 6 232
921 7 232
924 1 31
924 13 31
922 3 179
925 1 0
926 1 0
920 3 317
925 2 56
921 13 308
921 14 309
921 15 309
920 4 359
922 4 244
927 1 0
919 4 365
921 25 330
921 7 330
926 3 100
927 5 10
927 6 14
928 1 0
922 7 310
921 8 391
921 30 403
921 15 407
922 19 359
922 34 359
922 14 359
926 5 160
919 6 478
928 2 59
922 6 375
922 7 376
922 13 385
922 15 385
923 3 404
920 5 500
920 6 503
920 7 503
926 13 195
926 14 195
919 13 525
919 14 526
919 15 526
920 8 529
925 3 244
920 8 571
923 4 502
925 4 318
929 1 0
920 1 645
920 13 646
920 30 646
920 14 646
928 3 306
925 8 445
922 13 628
919 7 726
919 3 742
925 8 471
925 14 481
930 2 61
929 3 191
928 4 439
887 6 4073
887 7 4074
929 4 280
920 6 919
920 7 919
929 5 327
929 6 336
928 5 549
928 6 552
928 7 552
929 1 369
929 5 374
920 8 997
928 1 576
929 6 389
928 15 589
929 8 427
929 8 441
930 4 330
929 8 460
930 5 365
929 19 475
929 14 485
932 1 0
930 14 415
933 1 0
930 6 441
930 7 442
930 19 453
930 136 453
930 7 462
930 19 475
930 136 475
930 14 475
932 2 64
935 1 0
936 1 0
938 1 0
939 1 0
938 2 38
938 5 171
938 6 175
938 7 175
942 1 0
943 1 0
940 3 295
940 4 322
940 5 346
940 6 372
940 7 372
940 30 387
940 13 387
940 14 391
945 1 0
945 6 10
945 7 10
946 1 0
880 1 6196
880 5 6202
880 6 6206
880 7 6206
946 2 35
945 2 108
880 34 6226
880 14 6228
880 15 6228
946 4 154
945 4 212
945 6 239
945 7 239
944 4 558
945 14 259
945 15 274
944 7 608
944 8 631
947 1 0
947 5 3
947 5 6
945 6 371
945 7 371
945 4 372
947 6 21
947 7 21
948 1 0
944 8 749
944 8 821
949 3 109
948 2 182
949 4 142
944 29 892
949 5 169
949 6 179
949 7 179
951 1 0
949 8 203
950 2 96
952 2 75
948 3 394
952 3 204
948 5 444
948 6 449
950 4 299
950 5 388
950 6 393
950 7 393
953 2 136
950 8 444
954 1 0
954 2 44
955 1 0
954 3 137
956 1 0
954 4 168
954 5 209
953 3 390
954 19 238
954 14 238
954 8 249
956 2 154
954 34 301
958 1 0
958 5 4
954 6 308
954 7 308
954 8 315
958 6 12
954 19 323
954 14 325
954 7 327
954 4 328
955 8 307
955 8 317
955 8 325
959 2 72
960 1 0
960 1 4
961 1 0
952 1 1041
958 8 347
952 2 1062
958 29 381
960 2 115
962 1 0
952 3 1103
963 1 0
964 1 0
952 4 1109
959 3 345
952 5 1173
952 7 1183
956 5 661
956 6 670
956 7 670
956 21 671
956 8 684
959 4 425
956 26 706
956 14 707
956 7 716
952 1 1229
952 13 1231
952 14 1231
959 5 460
956 26 733
956 27 733
956 15 734
959 6 468
959 7 468
956 6 753
956 8 756
956 8 764
959 13 498
959 30 498
959 14 499
956 29 801
956 8 806
956 4 826
956 5 837
960 5 435
956 6 845
956 7 845
956 21 846
959 7 581
959 13 595
959 14 595
959 15 595
957 3 681
961 5 377
960 6 441
960 7 441
960 8 450
956 8 888
961 6 385
952 6 1408
960 8 486
965 1 0
961 8 422
961 8 440
961 8 466
957 4 805
967 1 0
966 2 63
966 4 225
967 2 189
966 5 271
966 6 279
966 14 297
966 15 297
968 1 0
959 4 1018
959 6 1028
959 7 1028
959 13 1084
959 30 1084
959 15 1085
969 2 54
959 13 1165
959 30 1165
959 14 1166
959 15 1166
971 1 0
970 2 77
972 1 0
973 1 0
971 2 95
974 1 0
972 2 70
973 2 57
959 8 1375
959 19 1386
959 34 1386
969 5 318
969 6 322
971 2 194
971 2 195
970 3 273
959 6 1427
969 6 356
969 7 356
973 3 154
974 3 135
974 4 164
967 3 717
974 5 178
974 6 182
974 7 182
974 8 190
973 5 238
973 7 241
973 6 241
970 5 413
974 14 230
974 15 230
974 25 235
974 6 236
974 7 236
972 4 316
967 5 800
967 6 806
967 7 807
976 1 0
977 1 0
972 5 371
972 6 382
972 7 383
978 1 0
967 1 911
978 2 43
974 13 364
974 30 364
974 14 366
972 8 426
972 8 428
967 14 914
972 29 475
972 8 482
977 3 149
976 3 205
977 4 169
978 3 193
977 5 189
977 8 230
979 5 4
977 29 248
977 8 248
977 8 254
977 13 264
977 14 265
977 15 265
979 6 15
979 7 15
978 6 350
978 19 375
978 14 375
978 14 388
980 1 0
980 2 110
980 5 432
980 6 436
981 1 0
982 1 0
981 2 103
983 1 0
981 3 257
985 1 0
986 2 48
987 1 0
981 6 482
988 2 79
985 3 196
989 1 0
985 4 231
990 1 0
985 5 296
989 3 103
985 7 304
985 8 318
985 4 351
989 5 150
989 6 158
989 7 158
989 8 188
990 2 160
990 3 378
986 3 646
986 5 746
986 7 754
986 8 769
986 4 817
986 3 820
986 3 831
986 4 834
986 5 836
986 6 845
986 7 845
986 4 849
986 3 850
986 3 858
986 4 860
994 1 0
986 6 874
986 7 874
995 1 0
992 4 131
992 7 160
986 1 1031
986 14 1031
986 14 1049
986 15 1049
994 5 175
994 6 183
994 8 228
994 8 253
995 3 169
994 8 265
994 8 271
994 29 275
994 15 280
995 4 242
995 5 261
995 7 277
995 8 394
994 6 473
996 1 0
996 2 74
996 2 74
996 2 84
