0 2 52
0 3 128
0 5 262
0 6 270
0 7 270
0 8 307
9 1 0
9 2 100
9 4 196
9 5 219
9 6 229
9 8 240
10 1 0
10 2 126
11 1 0
12 1 0
10 5 410
10 6 414
10 13 428
10 14 429
12 2 145
16 1 0
16 2 72
17 1 0
10 5 669
10 7 674
18 1 0
17 2 95
16 4 177
16 5 213
16 6 222
16 7 222
16 1 238
16 19 238
16 6 249
12 4 596
17 3 321
20 1 0
20 2 69
12 5 718
12 6 727
12 7 728
12 21 729
17 7 455
17 21 458
22 2 37
20 3 275
22 3 126
22 4 158
20 4 368
22 6 195
20 5 400
20 6 403
20 7 403
23 1 0
24 1 0
24 6 11
24 8 79
22 25 471
22 7 479
24 1 131
24 26 131
24 27 131
24 28 131
24 28 131
24 2 202
24 8 302
24 8 322
24 29 325
24 8 331
24 13 344
24 30 344
24 14 345
24 15 345
32 1 0
32 2 49
32 3 149
32 4 182
33 2 72
33 3 208
33 4 313
33 19 406
33 14 409
33 15 409
33 25 418
33 6 418
35 1 0
33 15 450
35 2 70
36 1 0
36 2 58
36 4 260
35 8 364
36 5 307
36 6 316
36 7 316
36 8 323
35 34 383
35 14 385
36 29 340
36 1 382
36 5 389
37 1 0
33 1 1294
33 5 1297
33 6 1302
38 3 320
39 1 0
38 5 441
38 7 448
38 1 510
38 13 510
38 30 510
38 14 511
40 3 241
38 6 946
38 13 969
38 30 969
38 14 969
38 15 969
40 4 325
40 5 380
40 7 382
40 1 414
40 19 414
40 7 426
40 19 429
40 15 431
40 6 442
40 19 444
40 15 446
40 6 452
41 1 0
41 2 68
41 3 204
41 4 291
42 1 0
41 7 371
43 1 0
41 8 510
42 3 203
42 4 239
42 6 305
42 7 305
42 21 307
42 19 323
42 14 325
42 6 341
42 7 341
44 1 0
44 2 74
44 4 318
44 5 387
44 6 390
44 7 390
45 1 0
45 2 49
45 5 187
45 6 192
45 13 202
45 14 202
45 15 203
46 1 0
46 2 63
47 1 0
47 3 121
46 3 307
47 4 192
46 4 369
47 5 222
46 6 418
46 7 418
47 6 238
46 8 432
46 1 438
46 19 439
46 14 441
46 15 441
48 2 76
48 3 211
48 5 309
48 6 326
48 7 327
49 1 0
50 1 0
50 2 71
50 2 79
50 3 168
50 4 198
51 1 0
52 1 0
53 1 0
53 2 46
53 3 160
53 5 244
53 6 247
53 19 268
53 14 302
53 15 302
53 6 320
53 7 320
53 15 337
53 7 360
53 14 369
53 15 369
55 1 0
55 2 41
55 3 179
55 5 265
56 2 322
56 4 533
56 6 605
56 7 605
56 21 609
56 1 627
56 14 631
56 15 631
58 1 0
59 1 0
59 2 35
58 3 219
61 1 0
59 4 164
58 7 302
58 8 325
59 5 237
59 6 253
59 7 253
59 8 284
59 8 309
59 19 322
59 34 322
59 14 323
62 4 217
63 1 14
62 6 265
62 8 274
63 2 391
64 1 0
64 3 136
64 4 173
64 8 203
64 8 209
64 8 231
64 8 252
64 8 261
64 1 280
64 14 284
64 15 284
63 3 904
63 4 935
63 6 959
65 1 0
65 5 16
65 6 21
65 13 41
65 14 42
65 15 42
66 1 0
66 3 244
66 4 287
66 5 327
66 8 353
66 13 373
66 15 374
70 1 0
71 1 0
71 2 44
70 3 307
70 5 384
71 4 191
71 5 247
71 7 252
72 2 133
74 1 0
72 4 293
73 2 50
72 5 345
74 2 64
72 6 353
75 1 0
72 29 420
75 2 74
70 8 1123
70 19 1136
70 34 1136
70 14 1136
70 25 1144
70 6 1144
70 8 1165
70 19 1169
70 14 1172
74 5 263
74 6 270
74 7 270
70 25 1280
75 3 286
77 1 0
77 5 8
77 6 11
77 7 11
78 1 16
76 2 220
75 4 347
76 4 398
76 6 446
76 7 446
76 1 484
76 34 485
76 6 500
76 7 501
76 8 502
76 13 504
76 14 505
80 1 0
79 2 78
80 2 56
81 2 54
82 5 2
82 7 12
82 21 15
82 13 24
82 30 24
81 3 123
81 4 151
81 5 182
79 3 260
81 8 199
81 8 210
80 3 270
80 4 304
79 4 342
79 6 408
79 7 408
82 7 298
77 13 805
77 15 806
79 8 532
79 8 548
79 8 566
79 8 608
79 29 624
79 8 630
79 8 637
79 29 650
79 8 653
79 8 657
79 34 745
79 14 747
79 15 747
79 7 760
82 13 607
82 30 607
82 14 609
82 15 609
79 29 774
79 8 790
79 29 812
79 29 857
79 29 860
79 8 879
84 6 20
84 8 37
85 2 236
87 1 0
87 5 5
87 6 8
87 14 14
87 14 18
86 2 59
86 4 198
86 6 212
86 8 227
86 8 250
86 8 375
86 4 381
77 5 3026
77 7 3031
90 1 0
89 4 253
89 5 306
89 6 312
89 7 313
89 15 366
91 2 76
88 2 548
94 1 0
93 2 31
91 4 368
95 1 0
94 2 56
93 3 83
91 6 415
91 7 415
93 4 110
91 8 436
93 6 142
91 8 488
91 8 493
91 8 506
91 8 519
91 29 548
91 29 555
91 19 565
91 14 565
91 6 578
94 7 246
96 1 0
96 3 118
88 5 1162
88 6 1169
88 7 1169
98 1 0
98 1 50
96 5 189
96 7 192
96 8 211
96 13 227
96 14 229
99 1 0
97 3 278
100 1 0
101 1 0
99 2 119
97 5 424
101 2 57
101 2 65
97 8 480
100 2 112
97 8 506
97 8 519
101 3 147
97 8 540
97 8 544
97 8 555
97 8 565
102 1 0
103 1 0
102 2 82
102 2 96
99 5 592
100 4 487
99 7 604
99 21 604
99 8 617
99 19 626
99 34 626
102 3 207
106 1 0
102 5 335
102 8 347
106 2 84
105 2 126
106 3 160
103 5 412
103 6 414
106 5 255
106 1 292
106 15 294
108 1 0
105 6 367
108 2 67
105 1 414
105 19 414
105 6 440
109 1 0
106 7 448
106 6 448
110 1 0
106 13 457
106 30 457
106 15 458
100 5 1116
100 7 1133
108 4 261
111 1 0
112 1 0
100 19 1200
100 14 1203
100 15 1203
112 2 61
100 7 1216
100 19 1224
100 14 1225
100 14 1235
110 13 172
110 14 173
111 2 122
100 25 1359
100 5 1362
113 1 0
100 6 1372
113 5 6
113 6 10
113 7 10
113 8 16
113 8 27
100 19 1400
100 14 1402
112 4 265
113 8 41
115 1 0
114 2 48
111 3 482
114 3 124
116 1 0
114 7 208
114 13 228
114 14 230
111 4 631
111 5 706
111 7 714
111 8 729
111 4 763
111 5 769
111 6 777
111 7 778
112 6 758
112 7 758
115 4 393
112 8 787
112 8 807
112 1 822
112 14 823
112 15 823
117 1 0
115 5 463
115 6 473
115 7 474
115 14 555
115 15 555
120 1 0
121 1 0
118 3 124
118 4 144
121 2 74
118 5 202
117 4 283
118 8 234
112 5 1125
112 7 1132
112 8 1134
112 29 1139
112 1 1141
112 19 1141
118 1 260
118 13 260
118 30 260
118 15 260
112 25 1162
117 5 329
117 7 337
117 13 359
117 30 360
117 14 360
117 15 360
123 1 0
118 6 372
118 7 372
118 14 375
118 15 375
124 1 0
117 6 443
120 6 376
122 2 75
120 26 389
120 7 415
120 8 418
123 2 122
121 3 362
121 4 405
125 1 0
120 30 488
125 6 9
125 7 9
125 26 14
125 25 25
125 7 25
125 8 30
126 1 0
125 8 49
126 2 32
127 1 0
121 7 484
129 1 0
122 4 289
128 2 37
123 4 318
126 2 104
122 6 344
129 2 58
127 2 108
128 3 138
123 5 399
123 6 407
123 7 407
122 14 409
122 15 409
123 8 460
126 3 272
124 5 454
124 21 461
124 8 471
124 19 478
124 6 483
124 7 483
124 8 490
124 19 492
124 34 493
124 14 493
124 25 496
124 7 496
124 34 502
124 14 503
124 25 507
124 7 507
131 1 0
123 1 552
123 13 553
123 15 557
126 6 341
124 8 529
124 15 534
124 14 534
124 6 539
124 7 539
124 19 555
124 25 559
124 6 559
124 7 559
124 8 565
132 5 2
132 8 5
132 6 5
133 1 0
124 14 570
124 15 570
124 7 572
131 2 64
134 1 0
127 3 446
135 1 0
135 5 8
135 6 11
135 7 11
131 3 179
135 19 72
135 14 77
135 15 77
133 3 153
135 14 93
135 15 93
134 2 108
127 5 543
127 6 551
127 7 551
127 8 560
131 4 259
134 2 177
133 5 227
133 7 231
131 6 295
131 7 295
131 13 358
131 14 359
131 15 359
135 5 260
135 6 263
135 7 264
135 136 274
135 14 275
131 30 422
138 1 0
139 1 0
142 1 0
138 2 63
139 2 119
143 2 58
115 5 2078
144 1 0
115 13 2091
115 14 2091
115 15 2091
143 3 190
141 3 264
141 6 362
143 5 292
143 6 304
143 7 304
141 8 413
141 8 424
141 8 441
141 19 449
139 4 550
139 5 628
146 1 0
145 2 42
148 1 0
146 2 44
149 1 0
139 13 708
139 30 708
139 14 711
139 15 711
150 1 0
150 2 42
151 1 0
145 3 178
146 3 174
146 5 199
146 7 225
145 4 242
145 5 267
145 6 275
145 7 275
146 1 273
145 8 299
146 14 284
150 3 176
152 1 0
145 14 320
146 6 318
146 7 324
153 1 0
150 4 228
146 8 336
151 2 182
154 1 0
150 5 255
152 2 64
151 2 207
122 8 2035
150 7 269
150 8 280
155 1 0
155 5 10
155 6 12
155 7 12
127 5 1804
146 8 400
146 8 401
146 8 402
146 8 402
122 13 2040
122 15 2042
146 19 403
146 14 413
155 8 34
146 6 417
146 7 417
146 8 422
146 8 427
155 5 87
155 7 89
155 1 97
152 3 174
152 4 191
158 1 0
156 3 150
159 1 0
158 2 75
156 4 179
151 2 444
160 2 99
159 3 111
158 3 147
158 4 173
158 5 204
158 7 208
162 1 0
152 6 427
152 7 427
160 3 193
152 8 465
151 3 609
159 5 209
159 6 214
160 4 221
158 14 259
158 15 259
144 5 1204
144 7 1212
152 8 467
159 8 238
158 19 297
158 34 297
158 14 300
158 6 302
158 7 302
158 8 308
166 1 0
159 8 299
157 5 457
157 6 463
157 7 463
151 4 763
167 1 0
157 8 478
168 1 0
157 8 490
168 5 14
152 26 646
168 6 23
168 7 24
157 4 513
168 26 33
151 5 840
151 21 847
169 2 58
144 8 1489
151 14 894
167 2 128
170 1 0
166 2 257
172 1 0
167 3 241
169 4 244
167 6 319
173 2 60
169 6 262
169 8 268
167 8 357
165 3 487
169 25 304
169 5 305
167 15 373
175 1 0
176 3 3
175 2 29
165 4 571
166 6 528
170 136 303
170 19 303
170 14 303
170 25 308
170 6 308
169 2 394
166 14 540
178 1 0
170 19 326
170 14 326
170 136 326
165 6 620
165 7 620
144 29 1885
175 3 142
170 25 396
170 6 398
170 7 398
144 8 1887
144 30 1892
144 14 1892
175 4 161
177 3 169
176 4 182
178 2 113
170 136 433
181 1 0
176 6 224
176 7 225
175 7 222
178 2 147
179 2 50
181 2 43
177 5 257
177 7 271
174 4 388
169 4 664
165 4 882
169 5 675
169 7 682
169 8 700
144 6 2115
144 7 2115
176 8 362
177 13 368
177 14 369
173 3 491
184 1 0
165 6 920
165 7 920
182 3 163
165 8 949
165 19 949
165 14 950
165 7 955
169 2 736
181 3 191
166 6 917
166 4 917
151 1 1593
151 5 1605
151 6 1608
165 4 975
169 5 769
181 4 235
179 4 254
182 5 248
181 5 305
182 8 305
185 5 1
185 6 18
185 1 22
185 19 22
185 14 23
182 8 311
182 29 314
186 1 0
173 5 692
185 6 30
185 7 30
185 14 41
185 7 42
182 1 340
173 4 718
173 3 719
179 5 379
179 6 394
185 19 64
185 7 69
185 8 72
185 8 78
185 8 85
183 2 339
183 2 350
183 2 356
183 2 357
183 2 357
185 19 89
185 14 95
185 7 146
183 2 399
179 25 471
179 5 472
185 8 160
185 8 162
179 6 514
185 14 184
178 6 648
164 1 1297
187 2 35
188 1 0
187 3 109
184 1 560
178 29 860
187 7 185
184 2 598
189 2 82
178 29 932
183 3 766
190 2 71
191 1 0
192 2 27
193 1 0
194 1 0
184 5 768
192 3 84
195 1 0
184 6 784
184 7 784
184 1 790
184 13 790
184 14 791
193 2 62
197 1 0
192 5 130
189 4 328
192 29 159
192 8 160
192 29 161
192 13 167
192 30 167
192 14 169
196 2 65
194 3 143
198 1 0
192 25 188
192 6 189
192 7 189
192 13 201
192 30 201
192 15 201
197 2 98
189 6 380
189 7 380
189 21 383
189 8 387
189 26 437
194 7 228
194 8 240
189 14 440
199 2 63
198 2 86
190 4 384
194 29 277
201 1 0
193 5 276
199 3 115
193 7 288
190 5 428
202 1 0
190 6 444
196 4 241
193 26 315
193 15 319
201 2 57
196 5 289
196 6 291
196 7 292
199 5 181
199 7 187
199 8 207
202 2 58
203 1 0
204 1 0
199 8 218
204 6 18
204 7 19
196 8 328
196 1 338
196 19 338
200 5 184
200 6 199
204 13 26
204 15 33
204 14 33
196 6 359
196 7 359
200 8 213
200 29 217
200 8 229
202 3 149
205 1 0
200 8 235
200 30 257
200 14 258
164 5 2141
202 4 192
202 5 221
202 6 237
197 5 466
164 8 2199
197 7 483
206 1 0
195 4 531
202 8 296
197 8 552
202 8 340
195 5 582
195 6 597
202 8 358
208 1 0
195 8 630
200 25 470
201 3 413
208 5 6
205 2 247
208 7 22
200 13 474
195 13 646
195 14 646
203 2 321
201 4 449
205 2 278
197 8 690
201 5 495
201 6 510
201 8 556
201 1 572
201 136 572
210 1 0
201 25 607
201 6 608
201 7 608
201 8 617
209 2 93
203 3 551
205 3 499
205 4 502
198 3 812
210 2 87
211 2 35
203 7 629
203 8 635
211 3 114
192 25 1089
192 6 1089
192 7 1089
205 5 607
205 7 614
198 4 905
211 4 143
212 2 94
198 5 962
211 5 172
211 6 182
205 14 679
205 15 679
198 6 971
211 8 206
213 1 0
213 5 7
198 13 1005
198 30 1005
198 14 1007
209 3 326
213 7 23
213 8 47
214 1 0
210 3 327
209 4 371
215 1 0
210 4 378
213 8 101
216 2 44
209 7 448
210 7 444
178 3 2306
214 2 105
217 1 0
210 8 475
178 5 2342
178 7 2346
213 29 197
213 29 200
217 2 42
210 8 496
209 8 518
212 3 355
178 8 2361
213 29 203
213 8 217
203 8 1001
210 1 523
209 8 543
210 30 526
210 13 526
210 14 533
178 1 2402
178 14 2409
178 15 2409
217 3 99
216 4 184
209 13 565
210 25 553
210 6 553
217 4 145
209 25 604
209 6 604
209 7 604
209 30 609
209 15 613
219 1 0
216 6 223
216 7 223
217 5 173
203 8 1075
203 8 1087
212 5 482
217 7 179
217 8 191
209 25 652
209 7 652
209 13 659
209 30 659
209 25 672
212 7 488
215 4 279
217 14 206
217 15 206
203 13 1141
209 13 679
209 30 679
209 15 683
215 5 350
219 3 124
217 25 267
217 6 267
217 7 267
217 8 273
217 13 278
217 15 279
209 25 756
209 6 757
209 13 761
209 14 764
209 15 764
221 2 96
222 1 0
221 2 100
222 5 5
219 5 178
219 7 184
222 1 35
222 5 39
222 6 42
219 1 206
222 8 69
223 1 0
217 25 411
217 6 411
217 7 411
214 4 527
224 1 0
217 13 460
217 30 460
214 6 575
214 7 575
224 2 81
225 1 0
217 6 549
217 7 549
217 13 553
217 15 554
222 1 230
222 8 240
222 6 240
222 7 240
221 4 348
222 8 256
222 8 280
226 1 0
222 19 295
222 14 296
221 5 413
227 1 0
225 2 84
228 1 0
228 1 1
224 2 211
221 7 417
221 14 445
224 2 243
224 3 262
214 30 842
214 13 842
229 1 0
231 1 0
232 1 0
233 1 0
232 8 30
232 7 31
234 1 0
231 2 88
225 5 433
225 7 439
230 2 240
225 8 497
229 7 263
225 8 545
229 8 279
225 8 551
235 1 0
235 5 2
231 3 246
231 3 269
236 1 0
237 1 0
238 1 0
239 1 0
231 3 366
237 2 34
240 1 0
231 5 422
238 2 104
240 2 42
229 1 523
229 13 523
229 14 523
229 15 523
231 14 480
241 1 0
230 4 534
237 3 149
237 4 170
241 2 46
237 5 205
242 1 0
214 6 1507
214 7 1507
214 27 1516
214 14 1516
237 6 209
237 7 210
237 8 231
237 4 254
230 5 687
230 6 695
238 4 261
240 6 242
238 5 293
238 6 297
240 13 261
240 14 261
240 15 261
241 4 207
230 14 735
230 7 743
240 6 281
240 13 289
240 30 289
240 14 290
241 5 240
230 13 770
230 14 777
230 15 777
245 1 0
241 8 280
240 7 369
243 2 63
244 2 42
242 2 223
240 8 372
241 5 328
241 7 337
241 14 344
241 15 344
241 13 399
241 14 400
241 15 400
241 6 403
241 7 404
246 1 0
241 13 407
241 14 408
241 15 408
244 3 161
244 4 216
246 2 68
243 3 253
132 14 6596
247 1 0
244 5 321
244 7 328
246 3 200
248 2 39
243 5 360
243 6 365
247 3 105
250 1 0
247 4 138
250 6 20
250 8 35
247 7 156
246 5 307
246 6 317
246 7 317
248 3 175
245 3 464
248 4 219
244 8 547
253 1 0
248 5 255
248 6 260
245 3 568
251 2 191
248 8 326
253 2 85
254 1 0
252 3 226
244 29 687
255 1 0
256 1 0
257 1 0
258 1 0
252 6 297
252 7 297
242 5 907
242 7 914
242 21 918
249 3 360
259 1 0
258 2 44
256 2 82
259 2 52
260 1 0
249 5 496
249 6 499
249 7 499
255 2 177
260 2 53
254 3 285
263 1 0
242 8 1140
265 1 0
266 1 0
242 4 1155
242 5 1162
242 7 1171
251 3 573
265 2 46
263 2 57
254 4 372
253 4 477
260 3 238
259 3 327
254 6 437
255 4 377
268 1 0
268 5 5
262 4 214
253 5 575
265 4 163
253 6 580
269 1 0
268 7 10
268 1 18
268 13 18
268 30 19
263 3 162
263 4 179
270 1 0
265 6 202
265 7 202
255 5 443
255 6 447
255 7 447
255 8 456
271 1 0
272 1 0
256 5 470
263 5 206
263 6 210
263 7 210
251 4 749
264 3 214
265 13 216
265 14 217
265 15 217
273 1 0
269 2 51
274 1 0
256 21 476
263 8 224
259 5 442
259 6 455
259 7 455
275 1 0
270 2 61
255 8 517
258 4 479
263 8 250
263 1 273
263 30 273
263 14 273
263 15 273
262 5 347
264 4 253
260 5 382
260 6 390
260 7 390
259 8 462
273 2 64
271 2 70
266 3 260
272 2 84
244 13 1253
262 6 363
262 7 363
264 5 299
264 6 302
264 7 302
275 2 66
251 5 862
251 7 878
251 6 878
264 1 313
264 30 313
264 14 316
264 15 316
254 30 656
277 1 0
251 1 900
251 34 900
251 25 910
251 7 911
259 1 546
259 13 547
259 14 549
259 15 549
276 2 37
266 4 353
277 2 42
251 19 938
251 136 938
251 14 942
251 7 947
260 19 498
260 14 499
260 26 516
260 14 517
254 7 711
278 1 0
254 14 726
251 136 965
251 14 966
251 6 970
279 1 0
269 4 248
255 29 693
255 8 696
258 5 659
272 3 241
256 8 695
256 14 710
280 1 0
265 7 446
275 3 220
255 13 706
255 14 710
255 15 710
258 6 675
258 7 675
264 6 475
264 7 475
281 1 0
265 8 478
275 4 255
269 5 315
272 4 282
256 6 746
256 26 754
256 282 755
256 14 755
256 6 758
256 7 758
281 2 34
270 3 345
269 6 332
269 7 332
269 8 348
258 29 735
277 3 178
256 8 779
256 14 791
256 6 797
256 7 797
280 2 77
271 4 349
255 14 812
255 15 812
276 4 223
285 2 39
286 1 0
271 6 394
271 7 394
272 7 374
277 7 252
256 8 850
287 1 0
264 6 603
275 5 369
275 6 380
275 21 381
272 8 401
272 8 405
277 8 267
277 8 272
264 13 615
264 30 615
264 15 617
280 3 178
281 3 148
275 8 401
271 8 437
277 13 288
277 14 288
287 2 51
270 4 487
269 14 494
269 15 494
280 4 237
288 5 4
288 7 20
289 1 0
283 4 185
290 1 0
291 1 0
280 5 272
270 6 531
270 7 531
270 21 531
259 1 921
280 6 282
280 7 282
281 5 261
287 3 162
259 5 964
255 7 1034
285 4 249
281 7 276
292 1 0
259 7 971
259 8 985
283 6 250
281 34 306
281 14 306
281 6 310
281 14 318
281 8 327
278 3 407
292 2 50
259 1 1000
259 13 1002
259 14 1004
259 15 1004
255 8 1072
285 7 282
285 19 307
281 8 340
281 14 345
290 2 151
285 15 314
285 4 334
285 3 335
294 2 41
278 4 456
293 2 107
287 4 291
275 8 680
293 2 118
293 2 127
255 4 1186
295 1 0
287 5 338
278 6 526
278 7 526
255 6 1195
293 2 149
255 8 1204
287 7 348
294 4 168
278 8 595
255 8 1257
295 2 65
294 5 192
294 6 208
278 8 623
255 26 1290
255 14 1291
290 4 324
294 8 235
278 4 649
278 3 655
297 1 0
297 7 18
294 8 258
296 2 80
298 1 0
297 1 21
297 6 28
297 7 28
297 8 37
297 14 40
297 6 45
290 13 385
294 19 305
294 34 306
300 1 0
297 19 64
297 34 64
297 14 65
297 6 67
297 7 67
255 6 1371
255 7 1371
255 8 1388
297 19 89
295 3 212
257 1 1407
257 14 1411
257 15 1412
301 1 0
290 25 498
290 6 498
290 30 504
298 3 164
301 2 31
296 3 262
303 5 36
298 4 191
304 1 0
304 2 18
304 2 19
304 2 19
303 6 41
303 7 42
298 5 213
298 7 222
299 3 208
298 8 253
298 13 263
298 30 263
298 15 264
298 7 266
306 5 3
306 7 9
303 1 102
303 5 122
303 6 129
298 8 269
298 13 281
298 30 281
298 15 281
307 1 0
299 4 265
305 2 53
303 7 129
303 1 163
303 6 186
296 8 446
296 4 448
296 5 451
296 6 457
296 7 458
298 6 364
298 7 364
298 29 377
296 8 487
298 8 390
298 29 391
298 29 410
298 8 412
299 5 412
309 1 0
306 19 145
306 136 145
306 14 151
305 4 184
303 8 253
308 2 33
299 6 416
299 7 416
305 5 218
307 2 187
305 7 232
305 14 243
303 1 314
301 4 353
305 26 252
305 14 253
301 5 390
301 6 393
301 7 393
296 29 624
296 13 629
296 7 661
296 19 672
296 26 677
296 14 678
303 3 433
303 4 488
311 1 0
303 6 498
303 7 499
303 13 507
303 15 511
308 2 312
307 3 415
311 2 53
309 7 326
309 8 343
309 136 354
309 15 357
309 7 368
309 8 373
301 13 745
301 14 748
301 15 748
307 6 589
307 7 589
307 8 684
307 8 695
307 8 711
313 2 27
307 8 743
255 2 2375
307 8 778
301 6 949
301 3 950
315 1 0
316 1 0
307 29 807
307 8 808
255 3 2428
307 13 838
307 14 839
307 15 839
255 7 2459
255 8 2476
313 5 154
313 8 181
313 15 202
317 1 0
314 3 182
314 4 219
313 25 282
313 8 284
255 13 2623
255 15 2626
317 2 93
319 1 0
320 1 0
314 5 258
314 7 261
314 6 261
313 13 294
313 14 295
313 15 295
313 25 345
313 6 345
313 8 350
293 3 1619
318 2 107
313 13 356
313 14 357
313 15 357
293 4 1659
315 4 305
316 3 291
316 4 339
293 5 1711
315 5 368
315 6 370
315 4 372
321 1 0
296 6 1543
296 7 1544
317 4 279
319 4 223
316 5 422
316 7 429
316 21 431
319 5 263
319 6 275
319 7 276
322 1 0
323 1 0
319 14 309
319 6 329
326 6 6
326 7 6
323 2 54
319 19 359
321 2 180
321 2 182
319 7 376
317 5 475
325 2 108
317 6 485
317 7 485
319 14 386
321 2 199
319 25 388
319 6 388
319 7 388
321 2 202
321 2 220
327 1 0
323 4 163
322 4 203
328 1 0
322 5 242
322 6 245
323 7 243
327 2 95
328 2 50
329 1 0
330 1 0
330 2 27
331 1 0
329 2 106
328 4 266
328 5 281
328 6 285
328 7 285
328 8 308
333 2 43
325 7 546
328 7 367
328 8 371
325 8 579
325 8 594
333 3 114
325 1 621
329 4 306
325 6 632
325 7 632
327 3 493
328 8 436
329 5 368
329 6 376
333 5 202
333 6 209
333 7 209
329 19 404
329 34 404
329 14 413
327 4 537
328 8 515
329 25 424
329 6 425
329 7 425
328 1 561
328 14 565
328 15 565
335 1 0
327 5 681
327 6 684
335 1 47
337 1 0
338 1 0
337 2 47
336 3 226
336 4 295
336 5 344
337 3 147
336 6 352
336 13 377
336 14 378
336 15 378
337 5 254
337 6 261
339 1 0
337 13 286
337 14 287
339 2 47
336 6 486
336 14 496
341 1 0
339 3 171
339 4 251
342 1 0
339 5 328
342 2 40
339 6 336
339 7 336
339 21 337
339 13 377
339 30 377
339 15 378
340 3 260
343 1 0
344 1 0
345 1 0
342 4 188
340 4 351
340 7 373
340 19 397
346 2 46
347 7 18
342 5 237
342 7 247
339 6 549
339 7 549
339 13 559
339 30 559
339 14 559
339 15 559
345 2 99
342 8 262
342 15 289
344 2 114
344 2 121
348 2 44
348 2 58
348 4 161
346 7 253
350 1 0
348 5 201
349 2 57
351 6 9
351 7 9
351 8 17
352 1 0
351 8 28
354 1 0
349 4 232
344 4 485
345 4 472
349 5 257
355 1 0
356 1 0
349 6 266
353 2 55
350 2 238
341 3 829
344 5 532
344 7 546
345 6 531
345 7 531
345 21 532
345 8 542
357 1 0
352 3 118
355 2 59
344 4 557
358 1 0
359 1 0
341 6 915
341 7 915
341 8 937
352 5 165
352 7 177
354 3 164
352 19 199
352 14 199
352 7 208
359 2 72
354 4 193
353 4 212
353 6 232
353 7 232
361 1 0
357 2 123
355 3 176
354 6 222
354 7 222
345 29 676
345 8 681
361 2 46
352 4 279
354 3 253
354 6 258
354 7 258
353 8 280
354 30 260
354 14 261
354 6 265
354 7 265
354 13 271
354 30 271
360 3 142
353 8 294
345 8 757
355 5 255
355 6 263
355 7 263
360 5 196
359 3 202
360 7 200
360 8 233
360 8 237
345 8 836
350 5 579
362 1 0
350 7 591
345 8 869
350 13 606
350 14 607
361 3 203
363 1 0
363 7 8
360 25 274
360 5 275
360 6 283
360 7 284
359 4 292
363 2 37
363 3 45
363 4 50
361 4 257
363 5 54
363 6 58
363 8 76
361 6 287
345 8 963
363 4 93
363 5 101
363 7 105
363 21 107
363 8 111
359 6 398
359 7 398
363 4 120
363 3 125
361 19 341
361 14 341
359 30 407
345 8 1006
364 2 54
345 4 1046
345 5 1054
345 7 1061
345 21 1062
365 1 0
345 8 1148
365 2 48
366 1 0
367 1 0
364 3 193
366 2 42
366 2 55
368 1 0
364 4 224
364 5 235
345 26 1220
345 282 1220
345 14 1221
364 6 242
364 8 269
345 25 1270
345 6 1270
345 7 1270
368 2 59
364 1 273
364 19 273
364 34 273
364 14 274
345 8 1275
369 2 79
370 1 0
366 4 202
345 14 1381
366 5 250
345 25 1401
345 6 1401
345 7 1401
345 26 1411
369 3 172
366 7 254
371 5 2
365 4 359
369 6 211
365 5 395
365 6 399
365 7 399
368 5 279
368 6 284
367 4 324
368 8 314
367 5 360
368 8 329
367 7 372
368 8 359
368 8 377
365 13 510
359 25 1027
359 6 1027
367 8 409
372 2 91
365 8 570
373 1 0
365 19 586
365 34 586
367 8 460
363 1 824
363 5 829
363 7 833
363 21 835
363 1 836
365 25 606
365 6 606
365 7 606
367 13 495
367 30 495
363 5 843
363 6 846
363 25 865
363 5 866
375 1 0
363 6 871
363 7 871
363 8 876
363 5 909
363 6 916
363 7 916
374 2 110
368 19 663
368 34 663
368 14 663
372 3 351
376 1 0
373 4 298
374 3 299
373 6 340
373 7 340
378 1 0
372 6 446
372 7 446
372 8 452
372 8 462
373 8 361
373 8 364
379 1 0
377 2 78
372 8 469
372 8 479
374 5 382
374 7 385
374 8 405
380 1 0
372 15 501
373 6 411
373 8 418
380 2 43
374 13 457
374 14 460
374 15 460
378 2 108
373 1 521
373 19 521
373 34 521
373 14 522
382 1 0
377 3 255
377 4 282
381 4 150
381 5 183
381 7 199
377 7 352
384 1 0
382 4 173
381 14 251
381 15 251
374 1 722
377 8 432
380 6 339
380 7 339
385 2 57
384 2 66
377 3 466
380 19 367
380 14 370
380 15 370
380 7 380
380 15 388
377 5 491
377 7 495
378 3 473
387 1 0
377 25 551
387 2 38
386 2 83
387 3 84
378 5 604
378 6 608
378 7 609
385 3 257
387 6 150
365 8 1606
378 26 771
378 27 771
378 14 774
378 15 774
378 7 789
378 27 804
378 14 807
378 15 807
378 7 813
388 1 0
385 19 505
385 34 505
389 1 0
378 25 881
378 6 888
390 1 0
389 2 46
391 1 0
392 1 0
388 2 135
392 2 50
389 3 196
390 2 189
393 1 0
388 3 261
392 3 179
388 4 306
377 8 1189
388 5 342
388 7 347
394 2 36
392 5 241
388 8 365
388 8 370
389 6 335
389 7 335
392 15 272
389 8 368
389 8 381
390 3 353
388 8 427
396 2 95
389 8 385
389 8 391
394 3 151
393 4 198
395 4 159
393 5 243
398 1 0
388 8 530
393 6 249
393 30 257
393 14 257
395 7 221
399 1 0
398 2 45
395 8 239
388 30 579
388 13 579
388 15 581
399 5 10
399 6 19
399 7 19
399 15 23
401 1 0
396 3 300
401 2 44
400 2 86
403 1 0
404 1 0
397 4 265
406 1 0
404 2 74
408 1 0
385 26 1227
397 6 307
403 2 68
396 6 439
396 7 439
401 6 212
401 7 212
377 8 1649
397 8 360
406 2 74
409 1 0
409 6 12
409 7 13
409 13 19
409 30 19
409 15 19
410 1 0
400 3 303
387 8 1188
387 13 1202
405 3 195
403 3 241
387 14 1205
387 15 1205
404 3 239
400 4 375
412 1 0
396 8 618
396 1 635
396 19 635
405 5 269
405 6 272
405 7 272
411 2 104
400 6 446
400 7 446
413 1 0
404 4 360
400 8 486
396 26 715
396 14 722
403 5 380
403 6 390
403 7 390
400 5 501
404 5 405
400 14 520
400 15 520
396 25 739
404 6 419
414 2 55
403 8 442
406 3 383
415 2 69
400 6 559
400 7 559
412 3 173
404 13 466
404 30 467
400 4 583
411 3 274
403 8 477
403 8 502
406 4 456
416 2 33
414 3 164
411 4 318
403 8 518
415 4 172
398 19 731
398 34 731
398 14 731
412 7 264
414 4 194
403 2 552
406 6 500
406 7 501
298 1 7364
412 3 281
398 6 745
398 7 745
298 7 7377
412 4 307
398 8 786
415 6 235
415 7 235
412 5 309
412 6 311
412 7 311
414 5 234
412 14 325
414 8 257
412 6 337
412 7 338
413 3 276
411 5 397
411 7 400
411 4 418
403 3 623
403 4 633
417 2 26
405 8 613
412 2 368
403 5 642
403 6 652
403 7 652
405 29 649
398 8 827
412 6 377
416 5 195
412 19 384
413 4 345
412 19 399
412 14 400
412 7 403
417 3 118
413 6 385
413 7 385
398 8 941
413 19 432
413 14 433
417 4 179
418 4 197
398 8 957
417 5 210
413 19 467
413 15 469
413 6 476
413 7 476
419 2 35
417 6 221
417 7 221
418 8 265
398 19 1017
398 34 1017
398 14 1029
421 1 0
418 8 273
398 6 1042
398 7 1042
398 8 1058
398 8 1062
417 8 290
418 8 304
418 8 317
418 13 320
398 8 1095
398 19 1117
398 25 1125
422 1 0
422 5 7
422 8 16
422 8 28
421 3 143
404 6 1042
419 3 257
421 4 174
419 5 289
419 8 298
421 5 204
421 6 210
419 13 309
419 15 310
421 8 216
414 29 752
414 8 753
414 29 756
414 8 757
421 13 261
421 14 262
421 15 262
414 8 779
414 8 797
427 1 0
423 2 153
414 29 804
414 8 814
414 29 825
428 1 0
428 5 5
428 7 9
430 5 5
427 2 72
431 1 0
431 6 18
431 7 18
429 2 114
423 4 340
427 3 191
423 5 374
423 6 377
424 29 368
432 1 0
421 25 521
421 6 521
421 7 521
421 15 524
427 4 253
421 25 563
421 6 563
421 7 563
421 13 566
421 30 566
427 5 302
423 8 462
421 7 583
421 30 586
421 15 589
427 6 315
427 8 344
427 8 354
434 1 0
432 2 140
427 8 401
427 5 408
427 6 424
427 21 425
427 8 429
427 8 436
427 8 444
435 1 0
427 19 488
427 34 488
427 25 502
427 7 502
432 3 263
434 3 159
421 25 827
421 7 827
421 6 827
421 30 833
421 14 834
434 7 234
432 8 383
421 8 915
421 13 918
421 30 918
421 14 919
433 3 370
436 1 0
437 1 0
437 1 0
433 4 427
421 25 1026
421 6 1026
421 7 1026
437 2 66
421 13 1038
421 14 1039
421 15 1039
433 6 532
436 2 150
433 8 565
408 1 1954
438 2 126
439 1 0
440 1 0
421 6 1173
433 1 614
433 30 615
437 4 227
421 15 1186
441 1 0
437 6 290
437 7 290
437 8 333
438 4 347
437 4 389
437 6 397
437 7 397
437 8 429
443 1 0
428 1 1089
437 8 455
428 2 1124
438 8 437
440 4 299
441 3 253
445 1 0
438 13 457
438 14 458
438 15 458
438 6 479
446 1 0
447 1 0
428 3 1166
428 4 1179
438 19 484
438 14 484
438 6 493
440 5 354
440 7 358
440 8 368
440 29 371
440 8 374
448 1 0
446 2 33
447 2 44
449 1 0
428 7 1195
428 8 1210
438 13 530
438 15 530
441 4 344
443 3 168
451 1 0
451 1 0
428 4 1228
428 3 1232
441 5 369
441 7 373
448 2 63
445 2 118
441 14 404
441 15 404
441 6 415
441 7 415
447 3 135
451 2 60
441 19 418
441 6 425
441 7 425
446 4 134
452 2 41
453 1 0
443 5 247
443 7 252
441 8 447
441 8 463
446 7 187
446 6 187
443 8 261
443 8 267
443 8 271
447 5 223
444 1 279
450 3 171
436 6 749
436 7 749
441 34 510
441 14 515
441 15 515
447 6 240
451 3 191
451 3 201
454 1 0
452 3 148
447 30 282
447 15 283
438 6 800
438 7 800
452 5 207
448 3 310
452 6 217
452 7 217
456 1 0
438 7 838
452 8 238
451 6 326
438 8 848
454 4 135
456 2 65
456 2 71
447 6 416
450 5 352
438 19 879
438 25 888
438 6 888
438 8 903
454 5 168
445 4 449
450 8 394
438 19 925
438 34 926
438 14 926
448 4 413
436 25 973
436 5 973
436 6 982
436 7 982
454 8 211
440 29 827
445 5 511
456 3 151
445 6 519
450 8 446
456 4 191
450 14 467
458 1 0
459 1 0
445 8 583
456 3 237
448 5 544
448 7 549
460 2 30
448 13 587
461 2 42
450 7 581
460 3 111
450 8 627
450 13 634
450 14 638
450 15 638
460 8 195
463 1 0
464 1 0
462 4 219
462 5 252
462 6 256
462 7 256
463 2 82
459 5 351
436 19 1449
436 14 1450
459 6 367
459 7 367
436 6 1459
466 1 0
466 1 4
468 1 0
463 4 230
436 8 1521
465 2 137
436 19 1563
436 14 1564
463 5 267
463 6 273
436 25 1587
436 6 1587
436 7 1587
469 1 0
436 8 1630
470 1 0
465 3 251
436 19 1656
436 34 1656
436 14 1657
470 2 68
465 5 343
465 6 345
461 4 690
469 5 182
469 6 192
469 7 192
469 15 203
461 5 736
469 7 219
469 8 221
461 7 752
471 3 136
471 4 181
472 4 170
469 8 267
473 1 0
473 5 3
473 6 19
473 7 19
473 5 26
473 8 27
471 5 216
471 6 232
471 7 232
466 4 461
444 2 1472
472 6 220
473 6 41
473 7 41
469 13 318
474 1 0
461 15 888
461 14 888
475 1 0
471 13 304
471 30 304
471 14 306
471 15 306
466 6 537
466 7 537
444 3 1573
475 2 54
474 2 54
469 7 436
469 4 437
473 29 146
466 19 567
466 14 571
476 1 0
469 3 440
469 1 453
466 1 591
444 4 1618
469 2 493
444 6 1643
444 7 1644
476 2 46
474 3 158
444 13 1673
444 14 1674
444 15 1674
477 2 61
474 4 226
473 29 308
474 5 252
474 21 262
475 4 227
473 8 335
469 4 618
475 5 260
475 7 276
479 1 0
476 5 213
476 7 222
470 3 633
480 1 0
469 6 652
469 21 655
481 1 0
480 2 32
483 1 0
479 2 70
477 3 221
485 1 10
486 1 0
480 3 87
444 6 1967
444 7 1967
444 8 1972
480 5 167
480 7 173
481 2 136
444 14 1998
444 15 1998
484 2 139
479 4 196
477 4 354
488 1 0
479 7 231
477 5 383
477 6 388
470 4 869
469 1 895
469 5 899
469 7 904
469 8 909
469 13 911
477 8 408
477 29 422
469 6 937
469 7 937
469 26 944
469 27 945
479 8 277
479 8 283
479 8 286
477 8 428
477 8 433
477 8 436
477 8 440
489 1 0
489 1 0
488 2 94
474 8 608
469 6 954
469 7 954
469 27 959
469 15 963
469 26 967
469 27 967
469 14 967
479 1 318
479 19 318
474 8 643
469 13 986
469 30 986
469 14 987
469 15 987
470 5 969
470 6 985
470 7 985
444 7 2160
476 8 568
476 5 582
476 6 587
470 8 1029
470 1 1038
470 34 1038
470 14 1038
476 29 636
484 3 377
490 2 86
491 1 0
491 1 0
492 1 0
493 1 0
444 8 2259
495 1 0
496 1 0
444 26 2282
488 3 289
497 1 0
481 3 479
493 2 58
485 4 434
498 1 0
492 2 129
444 6 2389
444 7 2389
488 4 392
499 1 0
490 3 280
500 1 0
500 1 1
501 1 0
488 8 451
497 5 190
481 4 661
481 3 668
485 8 618
488 136 500
488 15 503
488 25 510
488 6 510
497 6 206
503 1 0
503 1 0
503 1 0
502 2 28
492 3 289
488 19 530
488 136 531
488 25 539
488 6 539
490 6 400
490 7 401
481 8 725
481 3 735
498 3 192
502 3 98
470 6 1390
488 8 579
497 8 290
492 4 373
487 5 711
487 7 728
502 6 175
502 21 177
485 8 798
497 8 403
498 6 313
498 7 313
490 8 532
487 13 740
487 14 741
487 15 741
492 5 453
492 6 468
492 7 468
505 1 0
490 8 565
502 8 236
502 8 240
506 1 0
490 4 589
490 4 601
490 5 611
492 14 512
497 19 495
497 14 496
490 7 628
490 21 629
492 6 539
492 7 539
492 15 543
502 13 306
502 30 306
497 25 506
497 6 506
497 7 506
497 26 522
497 15 526
507 1 0
497 25 559
497 6 559
497 7 559
497 8 594
497 8 607
497 8 630
506 2 177
497 26 650
497 14 651
502 6 435
502 7 435
502 13 440
502 30 440
492 6 711
505 3 229
497 25 654
497 6 654
492 5 729
506 3 322
505 2 397
510 1 0
511 1 0
505 4 442
509 2 46
506 5 415
506 6 418
506 7 419
508 4 281
510 2 65
506 8 445
512 1 0
513 1 0
505 5 510
508 6 307
508 8 323
514 1 0
506 1 469
506 13 469
506 15 470
512 2 48
505 7 514
515 1 0
509 3 140
514 2 38
505 8 583
513 2 96
508 8 403
511 3 174
515 2 87
505 14 614
510 3 207
514 3 119
514 3 132
517 2 50
511 4 209
509 4 240
514 4 165
518 1 0
510 4 270
514 5 192
514 6 196
514 7 196
514 8 203
509 6 323
509 7 324
514 8 217
516 3 153
505 6 742
518 2 59
516 4 201
513 3 293
516 5 227
516 6 231
516 7 231
517 3 216
520 2 58
517 4 260
514 1 353
514 13 353
514 14 354
514 15 354
512 3 379
522 1 0
523 1 0
517 5 301
517 6 305
517 7 305
512 4 427
512 5 459
512 6 463
512 7 463
522 2 66
513 5 486
513 7 493
521 3 227
520 4 250
513 14 533
512 8 569
520 5 294
520 6 298
505 30 1076
505 13 1076
519 3 403
521 4 272
521 5 301
521 6 312
521 7 312
520 8 350
519 4 471
520 8 366
528 1 0
520 8 398
523 3 322
522 3 331
519 5 558
519 6 562
528 2 111
524 4 304
493 3 1716
519 26 597
519 14 599
519 15 599
530 1 0
524 5 374
493 5 1800
512 5 891
512 7 894
529 2 75
522 6 478
522 7 478
523 6 477
523 7 477
522 8 491
493 7 1816
493 21 1817
530 2 61
522 8 505
522 8 514
522 8 519
526 3 395
531 1 0
533 1 0
523 1 551
523 15 553
528 7 351
533 2 37
526 7 509
530 3 196
528 8 378
512 13 1049
512 30 1049
512 14 1052
534 1 0
534 5 1
534 6 15
534 7 15
534 13 19
534 15 19
530 4 239
528 13 405
528 30 405
526 8 592
530 5 291
530 7 297
505 6 1626
533 3 173
530 8 313
505 13 1629
505 30 1629
530 13 329
530 14 331
530 15 331
533 4 199
533 5 212
533 6 229
533 8 267
533 8 323
535 1 0
529 3 579
535 2 68
529 4 708
536 1 0
537 1 0
526 5 1045
526 7 1063
540 1 0
541 1 0
541 2 35
541 3 89
541 4 111
541 5 129
541 6 141
541 7 141
542 1 0
540 4 169
529 7 1013
540 5 198
539 4 248
535 4 537
546 1 0
539 6 314
539 7 314
540 8 304
529 15 1131
539 14 329
539 15 329
542 2 170
540 8 317
540 1 333
540 30 333
540 14 339
529 6 1165
529 7 1165
539 19 366
539 14 370
539 15 370
547 1 0
544 2 115
529 2 1187
548 1 0
529 3 1197
535 6 672
539 6 398
539 7 398
539 8 405
547 2 55
529 5 1209
529 6 1213
529 7 1213
529 19 1223
529 14 1224
539 5 415
539 6 420
539 7 420
539 19 424
539 14 426
541 14 396
549 1 0
529 7 1276
529 19 1285
529 14 1285
535 1 754
535 13 754
539 8 475
535 15 758
539 19 496
539 34 496
529 136 1303
539 15 499
539 6 502
539 7 502
549 2 37
550 2 40
529 6 1329
529 19 1340
543 3 355
547 3 201
529 136 1362
529 14 1363
529 7 1379
549 3 116
552 1 0
550 3 116
529 14 1391
529 6 1402
529 7 1402
547 5 263
408 1 7690
547 6 279
547 8 287
553 1 0
549 4 153
541 1 623
547 15 314
541 7 645
544 3 414
549 7 204
550 6 202
550 7 203
550 1 216
551 2 102
553 2 40
555 2 67
543 5 560
541 30 696
541 14 697
541 15 697
543 6 564
539 5 748
539 6 761
539 7 762
539 8 767
554 2 117
554 2 126
554 2 126
554 2 126
554 2 127
554 2 127
554 2 127
543 8 596
539 8 784
544 5 538
544 6 542
544 7 542
554 2 157
555 3 153
543 29 642
543 4 646
543 3 646
553 4 154
553 5 173
553 6 179
544 8 552
555 4 187
553 1 204
553 13 204
553 15 207
553 14 207
555 5 231
556 1 0
555 7 245
552 3 327
556 2 34
555 8 276
556 2 43
544 14 647
555 8 289
552 4 366
554 3 294
554 4 329
552 5 419
554 6 369
554 29 384
552 8 473
552 8 478
557 1 0
551 3 512
552 13 505
552 14 505
557 6 13
557 13 34
557 14 35
547 25 819
547 6 819
547 7 819
547 13 834
559 1 0
560 1 0
551 4 646
544 6 972
559 2 47
558 2 102
564 1 0
548 5 894
548 6 896
551 6 712
551 7 712
565 1 0
551 8 729
563 2 73
566 1 0
568 1 0
562 2 112
547 25 1013
547 6 1013
547 7 1013
547 15 1019
568 2 72
569 1 0
570 1 0
569 2 55
567 3 130
570 2 71
571 1 0
558 7 352
566 3 210
563 4 288
563 5 288
563 6 297
563 7 297
563 21 301
558 8 413
569 3 168
563 19 315
567 4 241
562 3 374
572 1 0
559 4 375
559 6 392
559 7 392
563 26 330
573 1 0
565 3 323
569 4 211
560 2 419
560 2 422
571 3 157
569 5 244
569 6 249
569 7 249
570 4 258
565 4 377
567 5 339
567 6 343
567 7 343
567 26 355
574 2 53
562 5 471
569 4 293
569 5 295
530 3 2467
568 3 358
565 6 418
565 7 419
567 6 362
567 26 366
567 27 366
567 14 369
567 15 369
567 6 371
567 7 371
567 14 381
567 25 383
567 6 383
567 7 383
562 6 476
562 7 476
559 8 494
559 19 499
559 34 499
559 14 501
559 25 508
559 6 508
559 7 508
571 7 225
571 6 225
559 8 515
569 6 300
569 30 309
569 14 310
575 1 0
567 27 390
567 14 394
571 4 249
571 3 250
530 2 2515
568 4 439
565 14 483
575 2 97
560 3 611
568 6 476
580 5 26
581 1 0
580 6 42
572 3 248
530 5 2610
530 6 2614
568 8 505
580 1 57
568 8 513
580 136 58
580 14 67
583 1 0
560 4 655
574 3 275
562 4 672
562 3 673
568 8 562
568 8 574
581 2 86
568 8 587
584 1 0
572 5 316
572 6 318
582 2 86
574 4 321
568 8 618
584 2 61
574 5 359
574 6 364
574 7 364
585 6 18
583 2 126
560 6 789
560 7 790
577 3 255
574 19 421
574 14 435
569 25 643
569 6 643
574 7 442
574 8 448
569 8 661
576 5 343
576 7 354
582 3 248
577 5 348
587 1 0
577 6 350
577 7 350
576 1 373
576 14 374
584 3 238
574 8 520
586 3 170
582 5 324
582 7 330
577 19 429
577 136 429
577 14 432
577 15 432
586 4 203
577 6 438
577 8 458
584 4 318
583 6 398
586 5 260
586 6 263
586 7 263
577 6 506
577 8 524
583 8 416
583 13 422
583 14 426
577 8 552
590 1 0
584 5 414
584 6 419
584 21 422
590 2 104
589 2 120
591 2 41
592 1 0
590 2 116
591 3 103
594 1 0
591 4 123
596 1 0
591 7 180
591 8 186
591 8 196
591 1 205
591 15 205
591 14 205
595 4 115
595 6 176
595 7 176
589 5 383
589 7 399
597 2 73
589 8 444
601 1 0
589 8 474
600 2 64
601 2 40
596 4 247
408 1 9867
594 3 332
602 2 70
596 5 294
600 3 162
596 2 315
570 1 1447
601 3 146
596 5 357
601 4 189
597 3 314
601 5 225
601 7 229
597 5 352
605 2 62
600 5 273
600 6 277
601 8 247
600 8 286
601 1 264
601 14 266
601 15 266
597 7 368
599 4 293
597 14 418
602 3 279
597 15 431
604 3 290
597 7 468
597 5 479
597 6 495
597 7 495
607 1 0
575 3 1446
604 4 386
608 1 0
608 5 3
606 2 43
599 6 512
599 7 512
575 4 1501
604 5 437
604 6 448
610 1 0
602 4 518
575 6 1581
575 7 1581
612 1 0
602 6 542
606 4 207
575 8 1632
604 27 585
614 1 0
612 2 43
606 5 236
575 29 1645
575 8 1648
606 6 252
606 8 272
575 8 1717
611 3 160
611 4 185
606 8 306
605 3 562
603 4 675
575 8 1785
613 3 164
604 7 710
604 8 717
604 26 733
611 6 228
611 7 228
604 14 736
605 4 604
615 1 0
616 1 0
613 4 219
611 8 286
603 5 770
611 8 290
611 29 290
611 8 291
603 7 787
611 8 306
611 8 306
615 2 56
612 5 267
605 5 664
605 6 678
605 7 678
603 1 813
603 30 814
603 14 814
603 15 814
611 8 331
611 29 334
611 8 335
612 6 283
617 1 0
613 5 285
613 6 300
613 7 301
604 6 856
604 7 856
612 8 313
605 1 746
605 13 747
605 30 747
613 13 331
613 30 331
613 14 332
613 15 332
605 14 767
612 29 379
612 8 386
619 2 58
619 2 66
612 8 399
612 8 430
617 4 149
613 6 432
613 7 432
621 1 0
616 3 239
619 3 164
618 2 179
617 6 215
617 7 215
615 5 300
616 4 283
615 6 310
615 7 310
615 8 319
620 2 77
619 5 225
617 13 226
617 14 227
617 15 227
615 8 345
624 1 0
616 5 334
619 6 240
619 7 240
622 2 80
616 6 350
616 7 350
625 1 0
615 14 396
626 1 0
627 1 0
616 30 479
616 14 479
616 15 479
628 1 0
620 5 362
618 7 513
600 13 1415
600 14 1416
624 5 255
624 7 271
620 6 374
620 8 385
620 4 393
629 1 0
618 8 548
624 19 291
624 14 293
620 6 414
630 1 0
630 2 7
624 15 323
620 8 429
631 2 36
605 25 1375
605 7 1375
605 8 1380
605 13 1393
605 30 1394
605 14 1396
605 15 1396
631 3 132
632 1 0
611 14 1116
634 1 0
628 3 347
631 5 229
631 6 235
611 6 1166
611 7 1166
611 5 1173
611 6 1177
611 8 1186
611 29 1190
611 8 1191
611 29 1191
611 29 1203
628 4 386
634 2 71
633 3 135
631 19 305
631 136 305
631 14 305
631 25 317
631 7 317
631 8 362
633 8 214
633 8 245
628 6 554
628 21 560
633 8 264
628 8 573
634 3 254
631 8 463
634 4 277
633 13 309
633 15 310
634 5 298
631 8 483
634 6 305
631 25 552
633 7 405
633 8 411
628 5 739
628 7 743
633 13 446
633 30 446
633 14 447
633 15 447
631 8 620
631 8 624
628 21 747
631 8 664
637 6 23
640 1 0
640 5 7
640 7 12
640 1 57
640 13 57
640 30 58
640 14 58
641 2 80
636 2 217
642 1 0
643 1 0
639 3 174
644 1 0
622 3 1351
639 4 213
642 2 79
644 2 71
637 645 300
628 1 1167
639 5 274
622 4 1438
628 5 1172
628 5 1174
628 6 1176
628 7 1176
628 6 1177
628 7 1177
646 1 0
637 25 356
637 6 356
637 7 357
637 8 364
641 3 294
647 1 0
648 1 0
641 4 328
643 4 195
644 3 179
622 7 1527
622 6 1527
638 3 412
639 4 397
650 1 0
650 1 0
647 2 51
643 6 229
643 7 229
641 5 371
643 8 235
641 6 388
644 7 243
641 8 413
638 4 486
644 8 252
641 30 428
641 14 431
644 8 282
651 1 0
642 3 344
638 5 551
652 1 0
653 1 0
647 1 191
641 6 503
652 6 12
652 7 12
642 4 402
649 3 200
641 13 526
654 1 0
644 19 371
651 2 71
638 1 594
638 13 596
638 30 596
638 14 597
638 15 597
644 15 376
647 2 236
638 7 644
638 27 648
638 14 649
642 6 465
654 2 49
641 6 583
641 7 583
641 13 591
641 15 592
642 2 499
649 5 264
649 6 268
655 1 0
653 2 112
656 1 0
657 1 0
649 8 300
649 8 308
649 8 311
649 29 314
658 1 0
652 8 179
642 3 559
649 8 325
649 8 329
649 8 336
649 8 339
649 8 344
649 8 350
642 25 574
657 2 73
649 8 355
649 8 357
649 8 358
649 8 360
649 8 372
649 8 379
654 5 193
644 7 536
644 6 536
644 8 546
651 3 247
642 2 593
642 25 612
642 5 621
649 5 392
649 7 407
654 7 208
642 5 632
654 8 242
659 1 0
653 3 261
653 4 297
651 5 339
651 6 354
642 25 686
642 5 686
642 6 688
642 2 706
659 2 44
641 6 833
653 5 338
651 13 380
651 14 381
651 15 381
653 6 347
653 7 347
642 25 741
642 5 741
642 6 748
642 7 748
661 1 0
659 3 117
662 1 0
642 5 810
642 7 815
661 2 67
643 8 791
643 8 798
643 8 817
658 3 296
661 2 75
659 6 201
659 7 201
651 6 531
648 2 674
642 13 875
642 15 875
652 8 500
659 29 226
659 8 238
643 8 856
651 8 565
651 8 575
648 2 706
659 8 271
658 7 365
657 5 423
657 6 428
657 7 428
652 1 554
652 13 554
652 15 556
663 1 0
663 5 4
658 6 421
653 1 607
663 7 20
663 8 25
663 8 36
658 2 448
653 5 610
653 6 620
653 7 620
661 3 266
643 8 1026
665 1 0
658 3 490
658 5 510
666 2 39
658 6 525
658 7 526
661 4 318
661 5 331
661 7 335
643 8 1061
643 8 1073
664 2 92
658 8 543
658 8 563
642 7 1108
643 13 1113
643 14 1113
643 15 1113
663 26 197
663 14 200
663 15 200
663 6 212
663 7 212
663 8 220
666 3 130
628 5 2237
628 6 2240
628 7 2240
642 26 1193
642 14 1194
642 6 1196
628 27 2271
628 14 2272
667 2 58
642 26 1249
642 14 1252
642 15 1252
628 25 2290
628 7 2290
628 5 2310
668 2 47
642 6 1255
642 7 1255
628 6 2313
666 4 236
669 1 0
666 3 237
670 1 0
643 25 1275
643 6 1275
643 7 1275
643 13 1285
643 30 1285
643 14 1286
669 1 29
669 5 43
669 7 56
664 3 343
667 3 194
669 8 78
672 1 0
668 3 185
667 4 246
667 3 249
669 8 138
664 6 451
668 4 231
674 1 0
664 21 456
675 5 12
668 5 260
668 6 277
668 7 277
670 2 174
673 2 49
676 1 0
675 13 33
675 30 33
675 15 34
676 2 46
667 5 365
667 7 375
673 3 113
668 8 354
671 3 241
667 8 398
659 8 924
664 19 572
664 34 573
664 14 576
671 4 303
665 4 626
670 3 356
671 5 344
671 6 349
676 4 218
671 8 377
671 4 384
671 3 384
670 5 437
676 6 285
675 1 311
665 7 740
675 5 323
675 6 328
675 7 328
670 6 455
678 2 63
670 8 479
680 1 0
665 8 762
665 8 763
681 1 0
674 3 353
679 2 58
677 3 303
672 5 482
672 7 487
680 2 43
674 4 418
677 4 390
682 1 0
678 3 216
674 6 508
674 7 509
682 2 81
674 14 545
674 15 545
679 5 266
677 6 479
679 8 291
683 2 72
679 8 299
679 8 303
679 8 311
685 1 0
674 1 635
686 1 0
678 5 371
678 6 376
674 5 645
674 8 652
679 8 383
677 8 602
678 19 411
678 14 411
678 6 423
678 7 423
684 3 157
677 8 642
686 2 63
677 15 664
684 4 200
682 3 315
682 4 370
674 13 823
674 14 823
674 15 823
686 3 209
683 6 387
686 4 235
682 5 433
683 13 409
683 30 409
683 14 413
682 7 449
682 8 472
682 19 482
686 6 306
687 1 0
682 6 508
682 7 509
682 14 536
682 15 536
408 1 14647
408 5 14656
408 6 14666
408 7 14666
687 2 74
680 3 694
686 8 409
680 4 724
680 7 753
408 1 14738
408 5 14750
408 6 14758
680 8 781
408 7 14759
680 8 792
680 8 799
688 1 0
682 6 711
682 8 715
690 1 0
682 19 718
682 14 719
682 14 726
687 4 258
689 2 60
691 5 19
691 6 24
688 2 113
687 8 352
682 6 838
682 7 839
682 26 851
682 14 853
680 19 989
680 14 990
687 8 363
687 8 366
682 6 872
680 6 995
680 7 995
680 19 1011
680 15 1015
680 7 1017
692 1 0
692 5 4
692 8 7
692 7 8
693 1 0
688 3 267
689 3 258
692 8 47
692 8 52
683 1 944
694 1 0
682 5 979
682 7 993
695 1 0
692 13 110
692 15 111
689 4 350
696 1 0
689 7 397
698 1 0
689 4 424
695 3 142
697 2 67
695 4 175
698 2 84
694 4 216
694 5 255
694 6 258
695 5 238
695 7 257
700 1 0
697 3 189
695 8 299
695 29 305
700 2 48
697 4 228
701 1 0
702 5 3
702 7 5
702 1 7
702 13 7
700 2 55
697 5 267
697 6 270
697 7 270
701 2 53
704 1 0
697 14 308
697 15 308
696 6 376
696 7 376
703 3 61
705 1 0
698 3 329
704 2 61
703 5 90
696 8 413
696 1 421
696 13 421
705 2 72
706 1 0
696 6 459
696 8 461
688 4 845
696 8 497
700 5 276
700 7 286
698 4 445
706 2 60
704 3 179
708 1 0
688 5 930
688 6 944
688 7 944
710 1 0
698 6 501
698 7 501
705 3 218
704 4 252
711 1 0
688 8 984
710 2 63
704 7 288
705 4 280
712 5 2
704 13 316
704 15 316
712 7 5
712 13 14
712 30 14
712 14 14
712 15 14
706 3 241
712 25 48
712 7 48
712 13 52
705 6 319
705 8 336
705 29 342
712 15 52
705 8 347
704 1 423
710 3 214
706 4 326
712 25 121
712 6 121
704 2 450
706 5 390
704 5 503
704 6 508
704 13 512
704 15 513
710 5 299
706 8 408
710 2 322
710 25 326
710 5 326
710 6 333
713 1 0
714 1 0
715 1 0
716 1 0
711 4 384
717 1 0
713 2 91
711 5 411
711 7 418
711 8 494
720 1 0
711 4 514
711 5 518
711 6 526
675 1 2657
719 2 101
720 2 57
675 6 2676
706 5 726
675 29 2706
675 15 2725
714 3 271
714 4 308
721 1 0
719 3 245
720 3 197
714 6 352
714 8 369
714 29 376
719 4 283
647 1 4097
722 1 0
723 1 0
724 1 0
714 6 388
647 2 4132
714 8 418
713 7 453
722 2 53
723 2 53
714 8 462
719 6 367
719 7 367
720 5 305
720 7 313
720 21 315
720 8 326
714 19 475
714 34 475
714 14 480
724 2 99
714 25 487
714 6 488
720 8 342
720 29 358
714 8 500
726 1 0
714 29 518
714 8 528
719 8 420
727 1 0
714 29 529
723 3 165
725 3 132
728 2 49
725 4 165
729 5 5
729 6 12
729 7 12
729 19 25
729 136 25
729 14 25
729 7 31
729 6 31
729 19 34
729 136 34
729 14 35
729 6 39
723 6 251
723 4 265
723 6 270
726 2 144
633 6 5336
633 13 5342
633 30 5343
633 15 5343
723 3 275
727 2 160
722 4 307
725 7 245
722 5 318
722 6 321
722 7 321
725 13 254
725 14 256
725 15 256
730 2 49
722 15 358
732 1 0
731 13 55
731 14 55
730 3 147
733 1 0
730 5 198
730 6 200
730 7 200
728 5 322
728 6 327
728 7 327
728 8 337
727 4 386
728 8 402
727 8 476
727 8 488
727 8 500
727 8 513
734 1 0
735 1 0
736 1 0
728 13 553
728 14 554
728 15 554
726 4 631
724 3 764
712 1 1460
726 6 658
739 6 4
647 1 4904
739 13 13
739 30 13
739 14 14
726 8 701
733 6 359
733 7 359
731 5 499
731 7 503
731 13 516
731 30 516
731 15 517
733 8 400
740 1 0
712 2 1534
731 5 550
731 6 556
731 7 556
733 8 426
741 1 0
742 1 0
731 8 566
733 13 446
733 14 446
733 15 446
625 2 6406
741 5 4
741 7 8
731 13 596
731 30 596
712 3 1623
737 3 220
742 2 64
724 5 963
743 1 0
724 6 968
724 7 968
744 1 0
744 5 4
744 7 12
726 8 878
733 6 549
733 7 549
744 14 18
744 15 18
734 3 340
733 13 582
733 15 583
734 4 378
625 2 6557
737 4 328
734 6 407
724 1 1092
724 15 1094
733 8 626
733 15 640
738 4 321
734 8 441
625 3 6592
712 4 1797
625 4 6636
746 1 0
746 5 3
734 8 478
737 6 425
746 6 12
746 7 12
746 30 24
746 14 25
746 15 25
734 19 510
734 34 510
712 5 1871
734 7 533
625 5 6681
733 1 746
625 6 6685
625 7 6685
733 5 751
733 7 760
734 8 538
734 19 542
734 15 544
745 2 84
748 1 0
733 13 782
733 30 782
733 14 786
712 3 1923
712 25 1941
712 5 1941
712 7 1943
712 8 1957
712 19 1963
712 15 1965
712 26 1975
712 14 1976
712 15 1976
750 1 0
747 2 110
751 1 0
750 2 63
749 2 108
752 2 62
747 3 234
711 13 2214
711 14 2215
753 1 0
751 3 158
745 4 350
731 5 1178
731 7 1182
754 1 0
755 5 4
747 4 317
750 4 242
754 7 10
755 7 10
752 4 212
751 5 244
751 6 248
751 7 248
750 6 308
751 8 267
756 5 2
750 8 347
753 2 141
756 6 7
756 7 7
756 8 21
756 8 25
750 8 368
750 30 376
749 4 411
747 6 474
758 1 0
731 30 1344
731 14 1344
731 15 1344
750 6 392
750 8 397
737 8 978
625 8 7193
760 1 0
737 15 996
759 2 45
757 4 202
751 6 483
751 7 483
751 8 486
749 5 592
749 6 600
749 21 602
761 1 0
761 7 9
761 8 18
762 1 0
757 5 246
757 6 249
757 30 261
757 13 261
749 4 638
763 1 0
761 29 36
761 29 48
757 25 285
757 6 285
757 7 285
761 19 59
761 14 62
761 15 62
761 7 72
762 2 52
757 25 315
759 4 192
763 2 48
756 14 323
756 6 333
756 7 333
759 6 230
759 7 230
756 26 340
757 25 380
757 6 382
757 7 382
759 1 247
759 14 248
759 4 260
759 3 261
756 26 390
756 27 390
765 1 0
763 3 152
757 25 449
757 5 449
757 6 451
757 13 468
757 30 468
757 14 470
757 15 470
763 4 205
766 1 0
762 4 228
762 5 243
763 5 230
762 6 247
762 7 247
762 8 282
757 6 541
757 7 541
757 19 550
760 2 474
760 3 553
765 4 265
763 8 420
760 4 582
749 1 1085
770 1 0
760 5 624
760 8 651
749 1 1136
764 7 425
760 13 657
760 15 658
768 2 113
749 5 1154
749 6 1161
749 7 1162
770 2 61
764 21 426
764 13 482
764 30 483
764 14 483
772 1 0
773 1 0
774 1 0
772 2 65
774 2 46
728 1 2378
728 6 2391
728 8 2396
768 4 279
773 2 95
728 13 2400
777 1 0
771 3 234
772 3 192
774 3 172
771 4 293
771 5 310
771 6 314
776 2 109
774 4 204
775 3 179
770 7 349
766 1 637
774 5 242
780 1 0
770 14 392
781 1 0
776 2 170
775 4 232
782 1 0
772 4 313
775 6 287
775 7 287
773 4 349
775 8 301
772 6 373
774 8 350
781 3 103
768 6 606
768 7 606
781 4 129
776 3 353
773 5 490
773 6 494
773 7 494
783 1 0
776 4 396
776 6 410
776 7 410
776 13 448
776 15 452
785 1 0
786 1 0
774 8 600
785 2 51
773 8 651
783 3 152
786 2 72
788 1 0
774 8 665
785 4 166
786 1 183
785 5 212
785 6 215
785 7 215
785 29 249
787 3 198
790 1 0
788 2 187
788 2 196
788 2 199
787 4 226
768 8 1068
768 15 1073
788 2 207
787 5 253
787 6 258
787 7 259
791 2 35
788 2 273
791 25 87
791 5 88
788 2 320
792 1 0
790 3 137
788 2 332
793 1 0
790 4 170
790 5 191
788 2 380
793 25 38
790 6 198
790 8 220
794 1 0
795 1 0
790 8 240
793 25 121
788 3 489
788 4 527
793 25 188
787 13 575
787 30 576
787 14 578
787 15 578
793 25 211
793 4 211
788 5 577
788 6 584
788 7 585
793 7 226
727 1 3616
788 8 610
793 8 250
794 3 260
798 2 84
799 1 0
794 5 325
794 6 328
794 7 328
792 3 372
794 1 361
794 13 361
797 3 203
801 1 0
802 1 0
800 2 57
797 5 312
797 7 315
792 5 531
792 6 534
803 1 0
800 3 168
804 1 0
797 5 376
790 8 757
768 6 1826
768 8 1827
768 8 1839
805 1 0
800 4 216
800 5 232
790 13 773
801 3 189
800 6 238
800 7 238
800 8 260
797 2 468
801 4 218
798 7 405
801 7 250
801 8 259
790 25 880
790 6 880
804 3 163
797 5 562
797 8 577
802 3 332
797 8 605
802 4 424
804 5 296
804 6 300
802 6 456
806 1 0
807 1 0
806 2 54
805 3 378
808 1 0
810 1 0
812 1 0
814 1 0
809 2 119
816 1 0
802 6 727
806 5 263
806 6 265
806 7 265
805 8 563
806 8 285
807 3 283
818 1 0
808 2 300
808 2 303
813 3 193
813 4 238
818 2 72
807 6 406
807 8 419
813 5 307
807 14 454
807 15 454
820 1 0
815 4 304
808 4 432
811 4 387
821 1 0
822 1 0
808 5 514
820 2 94
815 6 389
815 7 389
808 6 521
808 7 521
808 8 528
823 1 0
822 2 49
815 8 429
824 1 0
811 5 495
808 8 596
818 3 302
825 1 0
826 1 0
809 6 602
824 2 37
815 13 514
815 14 514
815 15 514
822 3 162
823 2 122
818 7 400
826 2 96
790 6 1819
790 8 1825
790 14 1835
818 8 413
825 4 135
825 5 143
827 1 0
827 5 7
827 6 11
827 7 11
809 8 732
825 6 151
825 8 163
820 3 323
827 1 34
827 19 35
827 14 37
827 15 37
827 14 56
819 2 389
818 29 488
826 4 189
825 8 196
809 4 788
809 3 790
828 1 0
818 3 521
825 8 210
826 5 215
826 6 218
826 7 218
825 8 232
826 3 229
821 4 332
820 4 408
825 8 243
809 1 851
794 4 1775
818 3 575
818 4 578
818 5 583
821 6 383
821 7 383
818 6 587
819 4 612
808 13 992
808 14 992
820 5 561
820 6 565
823 3 433
820 1 599
820 13 599
819 6 663
819 7 663
819 8 698
819 34 706
808 25 1091
808 6 1091
808 7 1091
819 25 722
819 6 722
808 8 1096
808 13 1115
808 14 1116
777 5 2993
777 6 2999
777 7 2999
777 5 3006
777 6 3009
777 7 3009
777 8 3012
777 8 3014
777 8 3024
777 8 3027
830 2 33
777 29 3058
831 2 54
832 1 0
777 8 3075
777 29 3078
777 8 3095
830 3 94
823 5 653
823 6 656
830 4 117
834 1 0
832 2 81
829 2 208
835 1 0
835 1 18
835 5 22
829 2 222
836 1 0
835 19 37
835 14 44
833 2 39
835 6 82
835 7 82
777 29 3231
777 8 3234
835 19 98
835 14 99
835 6 104
835 19 108
835 14 108
835 6 114
835 7 114
833 3 100
829 3 329
834 2 135
832 3 205
833 3 153
833 4 156
838 1 0
831 3 275
839 1 0
832 5 285
832 6 288
832 8 297
831 4 333
808 25 1495
808 6 1495
829 5 427
829 6 434
829 8 441
831 5 366
831 6 381
831 7 381
808 8 1516
829 13 474
838 2 107
808 13 1595
808 14 1595
808 15 1596
837 3 288
840 1 0
837 8 396
834 4 468
835 1 478
835 5 485
835 8 499
835 6 499
835 7 499
837 4 441
837 3 441
829 6 700
829 7 700
829 8 703
834 5 511
834 7 516
835 19 514
835 34 514
835 6 530
835 7 530
841 1 0
838 3 451
841 2 70
843 1 0
843 2 36
842 2 61
842 2 63
842 2 78
841 3 201
838 4 583
845 2 49
844 2 88
841 4 265
842 3 196
847 1 0
841 6 326
841 7 327
842 4 246
841 8 343
845 4 194
848 1 0
849 1 0
845 5 227
845 6 234
851 1 0
841 8 403
849 6 14
849 7 15
850 2 34
849 13 48
849 30 48
849 14 49
849 15 49
852 1 0
844 3 339
841 8 513
850 3 165
852 2 71
841 8 562
850 4 202
853 1 0
850 5 241
850 6 256
850 7 256
850 13 294
844 6 600
844 7 601
850 6 357
849 6 368
854 1 0
854 2 61
850 8 502
850 13 504
850 14 505
844 8 786
844 8 823
844 8 833
844 8 853
855 1 0
855 2 24
854 4 341
855 3 157
856 1 0
857 2 59
854 5 523
854 6 538
854 7 538
844 13 1261
844 14 1262
844 15 1262
857 4 209
844 8 1314
844 13 1359
844 14 1360
844 15 1360
858 1 0
857 5 280
857 6 289
859 1 0
854 8 800
857 8 345
841 13 1601
841 30 1602
841 15 1602
854 13 824
854 15 825
844 6 1511
844 7 1511
858 1 102
859 2 120
861 1 0
860 2 48
863 1 0
844 8 1787
862 2 86
844 8 1801
844 8 1817
865 1 0
859 4 394
860 3 215
863 3 105
863 4 127
863 6 149
866 1 3
738 6 7552
865 2 75
860 5 325
860 6 330
860 7 331
863 8 196
857 8 835
857 29 836
862 4 258
860 8 364
863 25 264
863 7 267
862 5 311
862 6 315
860 13 399
860 30 399
860 15 400
861 4 377
863 8 273
863 8 281
863 19 291
863 14 292
863 7 300
738 8 7682
867 2 62
844 25 2043
863 6 315
863 8 316
863 8 321
863 15 327
863 14 327
866 3 185
861 6 419
844 29 2063
844 8 2069
844 13 2076
844 14 2077
844 15 2077
844 25 2090
844 6 2090
844 7 2090
862 1 402
844 30 2097
844 15 2098
869 1 0
865 7 289
865 21 290
865 8 297
865 13 311
865 30 312
866 4 257
865 14 312
865 15 312
862 1 444
862 13 444
862 15 444
867 4 195
871 1 0
866 5 303
866 7 311
861 8 546
768 8 6362
866 8 333
866 4 345
866 6 355
866 7 356
861 29 579
861 8 581
738 6 7891
872 1 0
768 8 6390
865 25 418
865 6 418
867 5 281
867 7 289
866 13 387
866 15 387
861 8 598
738 8 7909
865 26 434
768 8 6412
865 27 434
865 14 435
865 15 435
768 8 6425
867 8 308
768 8 6433
861 8 647
862 25 608
862 6 608
861 8 666
861 8 678
873 2 66
876 1 0
875 2 56
865 7 503
862 30 641
862 14 641
866 6 459
866 7 460
866 8 461
866 13 465
866 15 465
866 8 491
866 26 496
866 6 503
866 8 505
876 2 45
866 26 511
866 14 513
866 15 513
866 7 519
866 8 523
866 25 531
866 5 532
878 1 0
866 19 556
866 34 556
866 14 558
866 14 564
866 7 565
879 1 0
875 4 216
869 3 373
866 8 650
866 8 659
873 3 271
880 1 0
879 2 71
870 7 459
876 5 260
876 6 274
876 7 274
869 4 476
877 5 204
877 6 207
876 30 302
876 14 302
876 15 302
869 5 492
869 6 497
873 4 393
869 8 516
869 8 536
869 13 567
869 14 568
869 15 568
881 1 0
882 1 0
882 5 4
882 7 11
869 7 616
879 4 278
883 1 0
881 2 45
884 1 0
885 1 0
879 21 295
869 19 679
869 34 679
869 14 681
886 1 0
883 2 67
887 1 0
886 5 8
886 7 15
879 19 359
879 136 359
879 14 361
886 8 24
886 8 28
844 6 2868
844 7 2868
884 2 74
886 8 40
886 8 45
844 8 2874
844 13 2879
844 30 2879
880 5 358
880 7 361
887 2 59
886 19 67
880 8 386
880 4 399
880 6 404
880 7 404
880 14 409
880 15 409
880 25 416
880 6 416
880 8 420
880 8 428
880 29 431
880 8 442
884 3 190
881 3 257
880 34 458
880 25 462
880 8 465
883 4 252
881 4 276
884 4 221
883 6 280
883 7 280
884 5 259
881 6 324
884 7 268
878 4 633
883 14 291
883 8 306
884 8 277
884 8 299
881 8 363
883 8 336
888 1 0
881 15 391
878 5 680
878 6 684
884 8 337
884 8 348
884 8 354
844 25 3184
844 6 3184
844 8 3188
881 25 483
881 7 483
881 8 505
881 13 511
844 29 3256
844 8 3261
844 8 3282
782 3 6979
883 8 581
844 8 3335
782 4 7015
890 1 0
883 4 599
844 8 3400
782 6 7071
890 2 49
891 1 0
892 1 0
844 8 3418
892 2 64
894 1 0
894 5 8
894 6 13
894 8 27
894 14 48
894 15 48
889 3 193
844 14 3538
888 4 454
895 1 0
896 1 0
888 5 524
888 7 529
844 25 3632
844 7 3633
844 8 3648
886 1 826
888 8 589
890 4 343
886 25 845
886 6 853
886 7 853
889 19 352
889 14 354
889 15 354
889 6 364
889 7 364
889 4 365
844 15 3687
891 3 275
888 8 623
888 8 639
890 5 388
890 6 396
890 7 396
891 4 329
890 8 424
899 1 0
900 1 0
898 2 71
896 4 233
891 30 436
891 14 436
891 15 437
892 6 452
897 3 214
898 3 184
899 6 209
899 7 209
899 19 215
898 4 220
897 5 286
901 2 49
899 6 225
899 7 225
899 19 237
899 14 237
899 6 244
899 7 244
899 19 250
899 14 251
899 7 252
898 5 268
897 8 315
900 3 252
898 6 281
899 4 261
897 8 321
897 8 327
844 25 4054
844 6 4054
844 13 4071
902 1 0
900 4 300
891 6 691
891 7 691
900 6 351
900 7 351
900 8 371
900 8 394
900 8 401
900 8 412
900 8 415
900 8 419
900 8 426
900 34 430
898 8 480
901 5 293
900 8 441
900 8 449
900 19 455
900 34 455
901 6 308
900 8 464
900 8 466
904 1 0
891 19 947
891 14 948
904 3 173
906 1 0
904 4 328
907 2 60
904 6 426
904 7 426
904 21 428
904 8 455
908 1 0
908 5 5
908 6 8
908 7 8
909 1 0
910 1 0
909 5 11
909 6 20
908 13 69
904 19 593
904 34 593
904 14 593
907 5 295
907 6 299
907 7 299
911 1 0
912 1 0
913 1 0
912 2 36
887 1 2328
887 2 2376
912 3 98
914 1 0
912 6 157
912 8 164
912 19 179
912 14 182
912 6 189
912 8 197
912 19 202
912 6 204
915 1 0
907 4 763
907 5 765
907 6 769
907 7 769
914 3 279
887 4 2673
914 4 361
887 6 2754
914 5 404
887 8 2808
887 136 2834
887 14 2849
887 6 2857
887 19 2866
850 1 5474
850 5 5477
887 14 2880
914 8 501
918 1 0
917 2 92
915 4 409
916 4 408
917 3 217
913 4 874
917 5 358
917 6 366
919 1 0
920 1 0
918 4 299
917 1 391
917 19 391
917 6 405
917 7 405
917 19 409
917 14 410
919 2 51
918 7 346
923 1 0
920 2 124
921 4 203
924 1 0
924 5 3
924 8 11
924 6 11
924 7 11
923 2 165
923 2 168
921 6 232
924 8 25
924 13 31
922 3 179
925 1 0
920 3 317
925 2 56
921 30 308
921 15 309
920 4 359
922 4 244
926 2 41
927 30 1
921 25 330
921 6 330
926 3 100
922 5 304
927 1 8
927 5 10
927 6 14
927 7 14
928 1 0
922 6 310
922 7 310
921 30 403
921 14 407
922 8 343
922 19 359
919 5 469
919 7 479
928 2 59
926 6 163
926 7 163
922 7 376
922 13 385
926 8 186
920 6 503
926 13 195
926 14 195
926 15 195
919 14 526
919 15 526
925 3 244
920 8 571
923 4 502
925 4 318
929 1 0
925 5 362
920 1 645
920 30 646
925 7 364
922 6 616
925 8 445
922 13 628
919 3 742
925 19 479
925 14 481
929 3 191
928 4 439
887 6 4073
887 7 4074
920 6 919
929 5 327
929 6 336
929 7 336
928 5 549
928 6 552
929 1 369
929 5 374
920 8 997
928 1 576
928 14 578
929 6 389
929 7 390
928 14 589
929 8 441
930 4 330
929 8 454
930 5 365
930 6 368
930 7 368
929 19 475
929 34 475
929 14 485
932 1 0
930 136 414
930 14 415
933 1 0
930 7 442
934 1 0
930 19 453
930 136 453
930 14 454
930 7 462
930 136 475
936 1 0
937 1 0
938 1 0
939 1 0
938 2 38
940 1 0
938 3 116
938 6 175
938 7 175
941 1 0
940 2 172
940 2 218
943 1 0
944 1 1
940 4 322
940 5 346
940 7 350
940 6 350
940 1 360
940 5 368
940 6 372
940 7 372
940 30 387
940 13 387
940 14 391
940 15 391
945 1 0
945 6 10
880 1 6196
880 5 6202
880 7 6206
945 2 108
880 1 6225
880 14 6228
946 3 113
946 4 154
945 4 212
945 5 236
945 6 239
944 4 558
945 19 257
946 6 198
946 7 198
946 8 217
944 5 604
945 14 274
944 7 608
947 1 0
947 1 0
947 5 3
947 5 6
945 7 371
944 8 749
949 1 0
949 2 33
944 8 821
948 2 182
949 4 142
944 29 892
950 1 0
949 5 169
949 6 179
949 7 179
952 1 15
949 8 203
950 2 96
952 2 68
952 2 82
948 3 394
948 4 422
952 3 204
950 3 248
953 1 0
950 4 299
952 3 351
950 6 393
953 2 132
950 8 422
950 8 444
954 1 0
953 2 210
956 1 0
954 4 168
955 2 86
953 3 390
954 14 238
954 6 246
955 3 178
954 8 286
953 4 467
954 19 301
954 34 301
958 1 0
958 5 4
954 6 308
954 7 308
954 8 315
958 7 12
954 34 324
954 14 325
954 6 327
954 7 327
954 4 328
955 4 242
955 5 284
955 7 287
959 1 0
955 8 307
955 8 317
955 8 322
955 8 325
957 2 186
960 1 0
960 1 2
960 1 3
961 1 0
952 2 1062
958 29 381
952 3 1103
964 1 0
952 4 1109
952 5 1173
952 7 1183
956 7 670
956 8 684
959 4 425
956 14 707
956 7 716
952 1 1229
952 14 1231
952 15 1231
960 3 311
956 27 733
956 14 734
956 15 734
956 7 754
959 13 498
959 15 499
961 3 273
960 4 369
956 29 801
956 5 837
960 5 435
956 6 845
956 7 845
956 21 846
959 7 581
959 30 595
961 5 377
960 7 441
960 8 450
960 8 461
956 29 892
952 6 1408
960 29 478
956 8 927
965 1 0
961 8 422
961 8 440
961 8 466
957 4 805
966 1 0
966 3 172
967 2 189
959 7 1016
966 5 271
966 8 286
966 13 297
966 14 297
959 4 1018
959 5 1020
959 13 1084
959 30 1084
969 2 54
959 13 1165
959 14 1166
970 2 77
972 1 0
969 3 214
971 2 95
974 1 0
969 4 258
973 2 57
974 2 35
967 2 590
959 19 1386
959 34 1386
969 5 318
969 6 322
969 7 322
971 2 194
971 2 195
971 2 195
970 3 273
969 5 353
969 6 356
973 3 154
974 3 135
974 4 164
974 6 182
974 7 182
970 4 376
967 4 752
973 5 238
973 6 241
970 6 417
970 7 417
974 13 229
974 30 229
974 15 230
974 6 236
972 4 316
967 5 800
976 1 0
977 1 0
972 5 371
978 1 0
967 1 911
967 19 912
978 2 43
977 2 42
974 14 366
974 15 366
972 8 426
972 8 428
972 29 475
972 19 484
972 34 485
976 3 205
977 4 169
977 5 189
977 6 192
977 8 224
977 8 230
979 1 0
979 5 4
977 8 248
977 15 265
979 6 15
979 7 15
978 6 350
978 14 388
978 15 388
980 1 0
980 2 110
980 4 340
980 5 432
981 1 0
982 1 0
981 3 257
985 1 0
986 1 0
981 4 363
986 2 48
987 1 0
981 5 476
981 6 482
981 7 482
981 8 529
988 2 79
989 1 0
989 2 33
990 1 0
989 3 103
985 7 304
985 8 318
989 4 122
985 4 351
989 5 150
989 6 158
989 7 158
989 8 188
990 2 160
990 3 378
986 3 646
986 5 746
986 6 754
986 7 754
986 8 769
986 3 820
986 5 836
986 6 845
986 4 849
986 4 860
991 1 0
992 1 0
993 1 0
994 1 0
986 8 883
992 2 39
991 2 42
994 2 48
995 1 0
992 3 105
994 3 123
995 2 57
986 1 1031
986 19 1031
986 34 1031
986 14 1031
994 6 183
992 1 215
992 136 215
992 14 218
992 15 218
994 8 228
994 8 240
994 8 253
994 8 269
994 29 275
994 13 279
994 14 280
994 15 280
995 6 277
995 8 314
995 8 394
994 6 473
996 2 64
996 2 74
996 2 74
996 2 84
