0 4 151
0 5 262
0 7 270
0 8 320
9 2 100
9 3 166
9 4 196
9 5 219
9 7 229
9 6 229
9 8 240
9 8 250
10 2 126
10 3 324
12 1 0
10 4 376
10 5 410
10 6 414
10 7 415
10 14 429
12 2 145
16 1 0
16 2 72
10 1 665
10 5 669
10 7 674
16 3 138
17 2 95
16 4 177
16 5 213
16 6 222
16 7 222
16 14 242
16 6 249
16 7 249
12 3 511
17 3 321
20 2 69
12 7 728
17 7 455
17 21 458
22 1 0
17 19 496
17 14 497
17 15 507
17 14 507
22 3 126
22 5 185
22 6 195
20 6 403
20 21 404
23 1 0
24 1 0
24 5 6
24 6 11
24 7 11
22 1 464
22 6 479
22 7 479
24 1 131
24 26 131
24 27 131
24 2 202
24 8 302
24 8 331
24 29 338
24 1 344
24 13 344
24 30 344
32 2 49
32 3 149
33 2 72
33 4 313
33 7 358
33 14 409
33 15 409
33 8 443
33 13 449
33 14 450
35 2 70
36 1 0
36 2 58
35 3 176
36 3 171
35 5 304
35 6 307
36 4 260
35 8 327
36 6 316
36 7 316
36 8 323
35 19 383
35 34 383
36 29 340
36 1 343
36 5 356
36 6 365
36 7 365
33 5 1297
38 1 0
38 2 206
38 4 372
39 1 0
38 7 448
38 21 452
38 1 510
38 13 510
38 30 510
38 15 511
40 2 81
38 6 946
38 13 969
40 5 380
40 1 414
40 19 414
40 14 417
40 15 417
40 25 426
40 6 426
40 14 431
40 15 431
40 6 442
40 7 442
40 19 444
40 14 446
40 15 446
40 7 452
41 1 0
41 1 0
41 2 68
41 4 291
41 6 371
43 1 0
41 8 510
42 4 239
42 5 301
42 6 305
42 21 307
42 19 323
42 7 341
42 3 350
44 1 0
44 2 74
44 3 264
44 4 318
44 6 390
45 2 49
45 3 139
45 4 168
45 6 192
45 13 202
45 15 203
46 2 63
47 3 121
46 3 307
47 5 222
46 6 418
47 6 238
46 8 432
46 1 438
46 19 439
46 15 441
48 2 76
48 4 271
48 5 309
49 1 0
50 2 71
50 3 168
50 4 198
50 5 230
50 6 232
51 1 0
52 1 0
53 2 46
53 3 160
53 4 227
53 5 244
53 6 247
53 14 274
53 15 274
53 7 289
53 13 300
53 15 302
53 6 320
53 14 336
53 6 359
53 7 360
53 13 369
53 14 369
53 15 369
54 1 0
55 1 0
55 2 41
55 3 179
55 4 230
55 5 265
55 6 269
56 2 322
56 3 491
56 4 533
56 5 589
56 6 605
56 7 605
56 21 609
56 1 627
56 15 631
57 1 0
58 1 0
58 2 57
59 1 0
59 2 35
58 3 219
60 1 0
58 4 254
59 3 139
58 5 288
59 4 164
58 8 325
62 1 0
59 5 237
59 7 253
62 2 58
59 8 284
59 8 291
59 8 296
59 8 299
59 8 309
59 14 323
59 25 330
59 7 330
59 8 335
62 3 174
62 5 255
64 1 0
64 2 40
64 6 199
64 8 203
64 8 218
64 8 231
64 8 241
64 8 261
64 1 280
64 13 280
64 14 284
63 3 904
63 4 935
63 5 956
65 1 0
65 5 16
65 6 21
65 13 41
66 1 0
66 2 60
66 3 244
66 4 287
66 5 327
66 6 331
66 7 331
66 8 353
66 30 373
66 14 374
68 1 0
69 1 0
70 2 97
71 1 0
71 2 44
70 3 307
70 5 384
70 6 388
70 7 388
71 3 127
71 4 191
71 7 252
72 1 0
72 2 133
74 1 0
73 2 63
72 5 345
72 7 354
72 8 372
75 1 0
73 3 202
74 3 180
70 8 1123
76 1 0
72 8 525
74 4 243
70 6 1144
70 7 1144
70 34 1169
72 3 549
74 5 263
74 6 270
74 7 270
70 7 1281
75 3 286
73 4 451
77 1 0
78 1 0
78 1 16
76 3 359
76 4 398
76 7 446
76 8 473
76 1 484
76 14 485
76 6 500
76 7 501
76 8 502
76 13 504
76 14 505
76 15 505
80 1 0
79 2 78
81 2 54
82 1 0
82 5 2
82 6 12
82 13 24
82 30 24
82 14 26
82 15 26
81 3 123
81 4 151
81 5 182
81 6 190
81 7 190
79 3 260
81 8 199
81 8 210
80 4 304
79 4 342
80 3 318
79 5 395
79 6 408
77 8 799
82 7 298
82 13 301
82 30 301
82 14 301
77 13 805
77 14 806
77 15 806
79 8 548
79 8 566
79 8 608
79 29 635
79 8 637
79 8 657
79 8 700
79 19 745
79 34 745
82 6 602
82 7 602
79 6 760
82 13 607
82 14 609
79 29 774
79 8 790
83 1 0
79 29 857
79 29 860
79 8 879
79 29 884
84 1 0
84 5 13
84 6 20
85 1 0
85 2 236
86 1 0
87 5 5
87 6 8
87 14 14
86 3 174
86 5 208
86 6 212
86 7 212
86 8 227
88 1 0
86 8 330
86 4 381
77 5 3026
77 6 3030
77 7 3031
90 1 0
89 3 213
89 5 306
89 6 312
91 1 0
89 13 365
89 15 366
92 1 0
88 2 548
93 1 0
91 4 368
88 3 781
91 6 415
91 7 415
91 8 436
93 5 135
93 7 142
91 8 468
91 8 488
91 8 493
94 3 167
88 4 861
91 8 506
91 8 519
91 29 548
91 29 553
91 29 555
94 4 211
91 19 565
91 14 565
94 5 232
94 7 246
97 1 0
97 2 63
88 5 1162
98 1 0
96 4 158
98 1 50
96 5 189
96 6 192
96 7 192
96 13 227
96 14 229
96 15 229
97 3 278
100 1 0
101 1 0
99 2 119
97 5 424
97 7 428
101 2 65
100 2 112
97 8 519
97 8 540
97 8 544
97 8 548
97 8 555
97 8 565
102 1 0
103 1 0
100 3 412
102 2 96
99 5 592
100 4 487
104 1 0
99 6 603
99 21 604
99 8 617
99 1 625
99 19 626
99 14 626
102 3 207
105 1 0
106 1 0
102 6 337
102 7 337
102 8 347
106 2 84
105 2 126
103 3 315
107 1 0
103 6 414
106 5 255
106 7 265
105 4 304
106 1 292
106 13 293
106 30 293
106 15 294
108 1 0
105 5 358
105 6 367
105 7 367
108 2 67
105 1 414
105 6 440
105 7 440
109 1 0
106 7 448
106 13 457
106 30 457
106 14 458
110 2 27
100 5 1116
108 3 204
100 6 1133
100 7 1133
100 8 1141
108 4 261
111 1 0
112 1 0
110 3 119
100 15 1203
110 4 150
110 6 164
110 7 164
100 6 1216
100 7 1216
100 14 1225
110 13 172
110 30 172
110 15 173
111 2 122
100 1 1335
112 3 194
113 5 6
113 8 27
100 15 1402
112 4 265
114 1 0
114 2 48
111 3 482
114 5 204
114 6 208
114 7 208
114 15 230
111 4 631
115 3 301
111 5 706
111 6 714
111 7 714
111 8 729
111 4 763
112 5 749
111 8 781
112 6 758
112 7 758
115 4 393
112 8 787
112 1 822
112 14 823
117 1 0
115 6 473
115 7 474
118 1 0
119 1 0
115 13 554
115 15 555
118 2 31
120 1 0
120 2 88
117 3 212
121 2 74
117 4 283
112 1 1123
112 5 1125
112 7 1132
112 8 1134
112 29 1139
112 19 1141
112 14 1141
118 13 260
118 30 260
118 14 260
118 15 260
112 25 1162
112 7 1162
117 5 329
117 6 337
117 7 337
120 3 258
117 13 359
117 30 360
123 1 0
120 4 310
118 6 372
118 7 372
118 13 374
118 30 375
118 14 375
124 1 0
120 5 363
120 6 376
120 21 379
124 2 56
120 26 389
120 27 390
120 14 391
120 7 415
120 8 418
123 2 122
121 3 362
125 1 0
125 5 6
120 30 488
120 14 489
120 15 489
122 3 211
125 6 9
125 7 9
125 26 14
125 25 25
125 6 25
126 1 0
125 8 49
123 3 253
126 2 32
121 5 475
121 6 484
121 7 484
128 1 0
129 1 0
122 4 289
128 2 37
123 4 318
126 2 104
122 5 333
122 6 344
129 2 58
122 7 345
130 1 0
124 3 335
122 8 387
128 3 138
123 7 407
122 14 409
122 15 409
124 4 413
123 8 460
124 8 471
124 19 478
124 14 479
124 25 483
124 7 483
124 8 490
124 7 496
124 8 500
124 19 502
124 34 502
124 25 507
124 6 507
123 1 552
123 14 557
126 5 339
124 8 529
124 34 531
124 15 534
124 6 539
124 7 539
124 14 556
124 25 559
132 1 0
132 5 2
132 8 5
132 7 5
124 14 570
124 15 570
124 6 571
133 2 50
135 1 0
135 5 8
135 6 11
135 7 11
131 3 179
127 4 507
135 19 72
135 136 72
135 15 77
133 3 153
135 14 93
135 15 93
134 2 108
127 5 543
127 7 551
127 8 574
134 2 147
131 5 288
133 4 194
133 7 231
133 8 238
133 29 240
131 6 295
131 7 295
131 14 359
131 15 359
135 1 254
135 19 274
135 136 274
135 14 275
131 6 418
131 7 418
131 14 425
139 1 0
138 2 63
143 1 0
139 2 119
143 2 58
115 5 2078
115 6 2087
144 2 50
141 3 264
143 4 246
141 5 346
141 6 362
141 7 362
143 7 304
141 8 394
141 8 424
141 14 449
122 6 1583
122 7 1583
139 5 628
139 6 632
145 1 0
139 8 652
139 29 674
145 2 42
149 1 0
139 1 702
139 30 708
139 14 711
139 15 711
150 2 42
146 3 174
146 6 224
146 7 225
145 4 242
145 5 267
146 19 274
145 8 299
146 14 284
150 3 176
145 8 311
145 13 319
145 14 320
146 6 318
153 1 0
151 2 182
146 8 354
150 5 255
151 2 207
150 6 269
150 7 269
150 8 280
155 1 0
155 6 12
127 4 1801
127 5 1804
156 1 0
146 8 400
122 14 2042
146 14 413
155 8 34
146 7 417
146 8 422
155 8 57
157 1 0
155 5 87
155 6 89
152 3 174
158 1 0
156 3 150
158 2 75
156 4 179
159 2 40
156 5 220
156 6 228
159 3 111
158 3 147
144 3 1111
158 5 204
158 6 208
158 7 208
157 3 283
152 6 427
160 3 193
144 4 1164
152 8 465
151 3 609
159 6 214
159 7 214
160 4 221
158 25 273
158 7 274
144 7 1212
164 1 0
159 8 238
160 3 232
165 1 0
158 19 297
158 34 297
158 14 300
158 6 302
158 7 302
157 3 370
158 13 322
158 15 323
159 8 299
157 4 422
157 5 457
157 6 463
167 1 0
157 8 478
157 8 490
168 5 14
152 1 645
152 26 646
152 27 646
152 14 647
168 1 33
168 26 33
168 14 34
151 6 844
151 7 844
151 21 847
165 2 229
151 26 891
151 14 894
167 2 128
171 1 0
166 2 257
170 2 44
172 1 0
167 3 241
170 3 107
170 4 133
166 3 380
167 6 319
173 2 60
170 7 177
169 5 257
169 6 262
169 7 263
169 8 268
167 8 357
165 3 487
169 25 304
169 5 305
169 7 311
167 13 372
167 15 373
169 8 317
176 1 0
165 4 571
166 5 515
166 6 528
166 7 528
170 14 303
170 25 308
170 7 308
169 2 394
166 13 539
177 2 47
170 19 326
170 14 326
165 6 620
170 25 396
170 6 398
170 7 398
144 8 1887
144 13 1891
144 30 1892
144 15 1892
174 2 247
165 8 699
165 8 700
177 3 169
176 4 182
170 19 433
170 136 433
170 15 436
179 1 0
180 1 0
181 1 0
182 1 0
176 5 223
175 5 216
175 6 222
175 7 222
182 2 31
183 1 0
179 2 50
177 5 257
177 7 271
174 4 388
174 3 397
165 4 882
169 7 682
169 8 700
144 25 2115
144 6 2115
144 7 2115
176 8 362
177 13 368
177 30 368
173 3 491
184 1 0
182 3 163
173 4 533
165 8 949
165 19 949
165 14 950
165 6 955
165 7 955
165 8 959
181 3 191
182 4 207
166 6 917
166 7 917
151 1 1593
151 6 1608
151 7 1609
165 8 963
165 8 969
169 25 767
181 4 235
178 3 395
182 5 248
182 6 265
182 7 265
182 8 305
185 1 0
185 6 18
185 7 18
185 14 23
181 7 320
173 5 692
185 7 30
185 8 31
185 19 40
185 7 42
185 8 46
178 4 497
173 6 701
179 5 379
179 6 394
185 8 59
185 14 65
185 6 69
185 7 69
185 8 72
185 8 75
185 8 78
185 8 80
183 2 356
183 2 357
183 2 357
185 34 89
185 14 95
185 6 96
185 7 96
185 5 131
185 7 146
179 25 471
179 6 481
185 8 156
185 8 160
185 29 167
185 19 171
179 25 499
185 14 184
178 6 648
178 7 648
178 21 649
164 1 1297
187 2 35
188 1 0
178 8 766
164 2 1402
187 3 109
178 29 821
187 4 132
189 1 0
178 8 828
184 1 560
187 5 170
187 6 185
187 7 185
184 2 598
189 2 82
178 29 932
190 2 71
184 3 699
192 1 0
192 2 27
189 3 204
193 1 0
194 1 0
184 4 732
194 2 39
192 3 84
184 6 784
184 15 791
197 1 0
192 6 137
192 8 153
192 29 159
192 8 160
192 29 161
192 13 167
192 15 169
196 2 65
194 3 143
192 6 189
192 7 189
192 13 201
192 30 201
192 14 201
192 15 201
194 4 181
197 2 98
189 6 380
199 1 0
189 21 383
189 8 387
193 3 170
194 5 212
194 6 228
194 7 228
200 1 0
164 3 1875
189 14 440
199 2 63
198 2 86
190 4 384
194 29 277
200 2 43
201 1 0
193 5 276
199 3 115
193 7 288
193 21 293
202 1 0
190 6 444
190 7 444
196 4 241
193 8 310
193 14 319
193 15 319
201 2 57
196 5 289
164 4 1986
200 3 121
199 5 181
199 6 187
199 7 187
204 1 0
199 8 218
204 5 10
196 19 338
196 34 338
200 5 184
200 6 199
200 7 199
197 3 341
204 15 33
196 6 359
196 7 359
200 29 217
200 8 229
200 30 257
200 15 258
164 5 2141
164 6 2157
164 7 2157
202 4 192
195 3 459
202 6 237
202 7 237
164 8 2199
197 6 483
206 1 0
195 4 531
202 8 340
195 5 582
195 6 597
195 7 597
207 1 0
202 8 358
195 8 630
200 25 470
200 6 470
200 7 470
201 3 413
208 5 6
205 2 247
208 6 22
208 7 22
200 13 474
200 14 474
195 1 646
195 13 646
195 15 646
203 2 321
201 4 449
205 2 278
197 8 690
201 5 495
201 6 510
209 1 0
201 8 556
201 1 572
201 19 572
201 136 572
201 14 573
210 1 0
201 25 607
201 7 608
211 1 0
209 2 93
203 3 551
205 3 499
205 4 502
210 2 87
211 2 35
203 5 618
203 6 629
203 7 629
203 8 635
211 3 114
205 6 614
205 7 614
212 2 94
198 5 962
205 1 676
205 13 676
205 14 679
198 7 972
211 8 206
211 8 211
213 1 0
213 5 7
198 13 1005
198 30 1005
198 14 1007
209 3 326
213 8 47
214 1 0
210 3 327
215 1 0
210 4 378
216 2 44
209 7 448
210 6 444
210 7 444
215 2 65
178 3 2306
214 2 105
217 1 0
178 5 2342
178 6 2346
178 7 2346
213 29 200
217 2 42
210 8 496
209 8 518
218 1 0
212 3 355
178 8 2361
213 29 203
213 8 217
203 8 1001
209 8 543
210 30 526
210 13 526
210 15 533
178 29 2397
178 1 2402
178 13 2402
178 14 2409
217 3 99
216 4 184
209 8 559
209 14 571
210 6 553
210 7 553
215 3 190
209 7 604
209 13 609
209 30 609
212 4 431
209 14 613
219 1 0
216 6 223
216 7 223
203 8 1075
203 8 1087
212 5 482
219 2 46
217 7 179
217 8 188
217 8 191
217 13 206
209 7 652
209 13 659
209 14 659
209 15 659
209 6 672
215 4 279
217 15 206
203 13 1141
203 14 1141
203 15 1141
221 1 0
209 30 679
209 14 683
215 5 350
215 6 353
219 3 124
217 25 267
217 7 267
217 8 275
217 15 279
209 25 756
209 6 757
209 7 757
209 13 761
209 15 764
219 4 153
222 1 0
221 2 100
222 5 5
219 6 184
219 7 184
219 8 202
222 1 35
222 5 39
222 6 42
219 1 206
219 13 206
219 15 207
222 8 69
223 1 0
217 6 411
217 7 411
214 4 527
214 5 566
217 13 460
217 15 461
221 3 250
214 6 575
214 7 575
217 25 549
217 8 552
217 14 554
222 1 230
222 6 240
221 4 348
221 5 413
225 2 84
228 1 0
228 1 1
221 7 417
221 13 443
221 30 443
221 14 445
224 2 243
214 13 842
214 14 843
214 15 843
229 1 0
229 2 50
232 1 0
225 3 312
230 2 83
232 5 20
232 8 30
234 1 0
231 2 88
229 3 153
225 6 439
225 7 439
229 4 186
229 7 263
225 8 545
229 8 279
235 1 0
235 5 2
230 3 342
231 4 306
237 1 0
239 1 0
231 3 366
240 1 0
231 5 422
231 7 427
240 2 42
229 13 523
229 14 523
229 15 523
231 13 479
231 14 480
241 1 0
230 4 534
237 3 149
237 4 170
241 2 46
237 5 205
242 1 0
240 3 155
214 6 1507
214 7 1507
214 14 1516
238 3 209
237 4 254
240 4 210
230 7 695
238 4 261
240 6 242
241 3 171
238 7 297
240 13 261
240 14 261
240 15 261
230 14 735
240 6 281
240 13 289
240 14 290
240 15 290
241 5 240
241 6 256
230 13 770
230 14 777
241 7 256
245 1 0
241 8 280
230 7 815
243 2 63
230 4 817
230 3 818
240 8 372
241 1 325
241 6 337
241 8 340
241 13 344
241 15 344
245 2 92
241 6 384
241 7 384
241 8 396
241 13 399
241 15 400
241 8 405
241 14 408
241 15 408
245 2 137
244 3 161
244 4 216
132 26 6595
132 14 6596
236 1 667
247 1 0
248 1 0
243 4 324
244 6 327
244 7 328
246 3 200
248 2 39
243 5 360
243 6 365
247 3 105
249 1 0
246 4 264
250 7 20
250 8 35
247 5 153
247 7 156
252 1 0
246 5 307
246 7 317
248 3 175
249 2 98
245 3 464
248 4 219
244 8 547
242 3 723
248 5 255
248 7 260
252 2 112
245 4 554
248 8 326
244 29 638
253 2 85
244 8 639
242 4 816
244 29 687
255 1 0
256 1 0
254 2 90
257 1 0
258 1 0
252 5 287
252 6 297
242 6 914
242 7 914
249 3 360
249 4 408
258 2 41
260 1 0
249 5 496
249 6 499
262 1 0
249 8 529
260 2 53
262 2 46
254 3 285
263 1 0
264 1 0
266 1 0
242 4 1155
256 3 319
263 2 57
242 8 1189
254 4 372
253 4 477
266 2 61
261 3 165
260 3 238
259 3 327
254 6 437
268 5 5
262 4 214
253 7 580
268 7 10
268 13 18
268 30 19
268 15 21
263 3 162
263 4 179
270 1 0
265 5 197
265 7 202
255 5 443
256 5 470
263 5 206
263 7 210
251 4 749
265 14 217
265 15 217
258 3 451
256 6 475
256 7 475
256 21 476
259 5 442
259 6 455
270 2 61
255 8 517
263 30 273
263 14 273
262 5 347
260 5 382
260 6 390
260 7 390
259 8 462
271 2 70
255 8 547
244 14 1255
244 15 1255
262 6 363
264 6 302
264 7 302
275 2 66
276 1 0
251 5 862
251 7 878
251 6 878
264 1 313
264 13 313
264 14 316
260 8 456
254 13 655
254 14 656
254 15 656
269 3 162
256 8 613
251 8 891
251 34 900
251 14 901
251 6 911
251 7 911
260 8 471
260 8 482
259 1 546
259 30 548
259 15 549
276 2 37
266 4 353
277 2 42
256 8 641
251 19 938
251 136 938
251 14 942
251 6 947
260 26 516
260 14 517
278 1 0
254 13 725
254 30 725
254 14 726
254 15 726
269 4 222
266 5 387
266 7 391
256 26 655
256 14 655
251 136 965
251 14 966
251 6 970
251 7 970
279 1 0
269 4 248
255 29 693
256 6 688
256 7 688
280 1 0
265 6 445
255 13 706
255 14 710
255 15 710
258 6 675
258 7 675
264 6 475
264 4 479
265 8 478
275 4 255
278 2 84
269 5 315
271 3 298
272 4 282
276 3 177
256 7 746
256 282 755
256 7 758
281 2 34
270 3 345
269 6 332
269 8 348
283 1 0
269 8 359
258 8 731
258 29 735
277 3 178
284 1 0
256 6 797
256 7 797
285 1 0
280 2 77
269 8 379
283 2 35
255 6 801
255 7 801
271 4 349
255 26 808
255 27 808
255 14 812
255 15 812
272 5 357
256 8 810
285 2 39
271 7 394
272 7 374
272 8 382
277 7 252
277 6 252
272 8 393
256 8 850
264 5 591
287 1 0
264 6 603
264 7 603
275 7 380
275 21 381
272 8 401
272 8 405
277 8 272
264 13 615
264 30 615
264 14 617
264 15 617
280 3 178
275 8 401
270 4 487
283 3 141
269 13 494
269 14 494
269 15 494
288 5 4
288 7 20
288 6 20
275 8 450
289 1 0
283 4 185
285 3 171
291 1 0
270 6 531
270 7 531
270 21 531
259 1 921
280 6 282
280 7 282
281 5 261
287 3 162
259 2 938
283 5 234
255 7 1034
255 6 1034
281 7 276
281 8 298
259 6 971
259 7 971
283 7 250
285 5 280
281 19 306
281 14 306
281 6 310
281 19 318
281 136 318
281 6 321
281 7 321
294 1 0
292 2 50
259 1 1000
259 14 1004
285 7 282
281 14 345
281 15 345
290 2 151
285 14 314
285 15 314
285 7 331
285 3 335
278 4 456
293 2 107
275 8 680
278 5 512
293 2 118
293 2 127
255 4 1186
295 1 0
278 6 526
255 7 1195
255 8 1204
294 3 138
287 6 347
294 4 168
287 14 382
287 15 382
278 8 595
257 3 1250
255 8 1257
290 3 296
295 2 65
294 5 192
294 6 208
294 7 208
294 8 210
278 8 623
255 26 1290
255 14 1291
294 8 235
278 8 637
278 3 655
257 4 1282
297 6 18
297 7 18
290 5 359
290 7 363
294 8 254
296 2 80
298 1 0
297 1 21
297 6 28
297 7 28
297 8 37
297 34 40
257 5 1330
297 14 40
297 6 45
290 30 385
290 14 386
294 19 305
294 34 306
300 1 0
298 2 35
292 3 354
257 7 1341
297 8 58
297 19 64
297 34 64
297 14 65
297 6 67
255 7 1371
255 8 1416
295 3 212
295 4 233
257 1 1407
257 13 1410
257 30 1410
257 14 1411
292 4 439
290 6 498
290 13 504
290 30 504
290 15 505
295 5 285
295 6 296
302 1 0
303 1 0
298 3 164
301 2 31
255 8 1516
296 3 262
304 1 0
304 2 13
304 2 17
304 2 19
304 2 19
298 6 222
299 3 208
298 8 253
298 30 263
298 15 264
298 6 266
298 7 266
295 1 397
306 5 3
306 7 9
303 5 122
298 8 269
298 13 281
298 30 281
298 14 281
307 1 0
305 2 53
303 7 129
303 8 134
303 1 163
296 7 438
296 8 446
296 4 448
296 5 451
298 6 364
298 8 375
298 29 377
308 1 0
298 29 391
298 8 399
301 3 270
298 29 406
298 8 412
299 5 412
306 8 137
306 1 145
306 19 145
306 136 145
306 14 151
306 15 151
305 4 184
299 6 416
307 2 187
305 6 232
305 7 232
305 19 242
305 14 243
301 4 353
303 2 352
308 3 139
301 5 390
301 7 393
296 29 624
296 13 629
296 15 629
296 6 661
303 3 416
303 4 424
301 8 436
296 19 672
296 14 673
296 14 678
308 3 241
303 2 470
303 4 488
311 1 0
312 1 0
303 5 493
303 6 498
303 13 507
303 30 508
303 14 511
309 3 245
308 2 312
308 2 317
307 3 415
309 7 326
307 4 485
309 19 354
309 136 354
309 14 357
309 15 357
309 25 368
255 29 2208
301 13 745
301 14 748
301 15 748
307 6 589
255 8 2209
255 8 2235
307 8 652
307 8 695
313 1 0
255 2 2375
307 29 777
307 8 778
301 6 949
301 4 950
314 2 42
315 1 0
316 1 0
313 3 106
307 8 808
255 3 2428
255 4 2440
315 2 49
307 14 839
307 15 839
255 5 2455
255 7 2459
316 2 56
313 6 162
313 7 163
313 8 181
313 14 202
313 15 202
317 1 0
314 3 182
314 4 219
313 25 282
313 6 282
255 13 2623
255 15 2626
317 2 93
320 1 0
313 14 295
315 3 226
293 3 1619
318 2 107
319 2 52
313 14 357
313 15 357
293 4 1659
315 4 305
316 3 291
293 6 1716
293 7 1716
317 3 229
315 4 359
315 5 368
315 3 373
319 3 174
321 1 0
296 4 1544
317 4 279
319 4 223
316 5 422
316 7 429
316 21 431
319 5 263
319 6 275
322 1 0
323 1 0
324 1 0
325 1 0
319 14 309
319 6 329
319 7 329
322 2 74
326 1 0
326 6 6
326 7 6
323 2 54
319 19 359
319 15 361
321 2 180
321 2 182
319 6 376
317 5 475
317 7 485
319 14 386
319 15 386
319 6 388
321 2 218
322 3 154
323 3 136
323 4 163
322 4 203
322 6 245
323 7 243
327 2 95
331 1 0
329 2 106
328 3 208
328 4 266
333 1 0
328 6 285
328 8 297
325 5 534
329 3 216
325 6 546
325 7 546
328 4 359
328 5 364
328 8 371
325 8 594
333 3 114
325 1 621
325 5 624
329 4 306
333 4 145
328 8 412
325 7 632
327 3 493
329 6 376
334 1 0
333 8 217
327 4 537
328 8 515
329 25 424
329 6 425
329 7 425
328 1 561
328 14 565
335 1 0
327 6 684
327 7 684
328 7 641
335 1 47
336 2 70
337 2 47
336 4 295
337 3 147
336 7 352
336 30 377
336 15 378
337 5 254
337 6 261
339 1 0
337 15 287
336 6 486
336 13 494
336 30 494
341 1 0
339 3 171
341 2 44
339 5 328
339 21 337
339 13 377
339 30 377
339 14 378
342 3 131
344 1 0
340 4 351
340 5 371
340 6 372
346 1 0
347 1 0
340 14 399
346 2 46
347 1 8
347 5 13
347 8 18
342 5 237
342 6 247
342 7 247
339 6 549
339 7 549
339 13 559
339 30 559
339 14 559
345 2 99
342 29 265
342 30 288
346 3 158
348 3 142
348 4 161
346 5 250
346 6 253
346 7 253
350 1 0
348 5 201
348 6 208
344 3 310
345 3 366
351 1 0
351 5 5
351 7 9
351 29 25
351 8 28
353 1 0
352 2 35
354 1 0
351 8 84
345 4 472
349 5 257
356 1 0
349 6 266
353 2 55
350 2 238
341 3 829
344 6 546
344 7 546
345 5 525
345 6 531
345 7 531
345 21 532
345 8 542
357 1 0
344 4 557
344 3 557
345 8 579
341 4 884
358 1 0
341 5 912
352 4 147
360 1 0
353 3 167
341 7 915
341 8 937
352 5 165
352 6 177
352 21 178
354 3 164
352 19 199
352 6 208
352 7 208
353 4 212
353 5 226
353 6 232
361 1 0
357 2 123
360 2 62
354 5 219
354 6 222
354 7 222
345 29 676
345 8 681
361 2 46
355 4 204
354 4 251
354 3 253
354 25 255
354 7 258
353 8 280
350 3 458
354 30 260
354 14 261
354 15 261
354 6 265
354 7 265
354 13 271
354 30 271
354 15 275
360 3 142
353 8 294
345 8 757
355 5 255
360 7 200
350 4 536
350 5 579
360 4 254
362 1 0
350 6 591
350 7 591
345 8 869
350 13 606
350 14 607
361 3 203
363 1 0
363 5 4
360 25 274
360 6 283
363 3 45
361 4 257
363 6 58
363 7 58
363 21 61
363 8 76
361 5 283
361 6 287
361 7 287
363 4 93
363 5 101
363 6 104
359 6 398
359 7 398
363 3 125
361 1 341
361 19 341
361 136 341
361 14 341
359 13 407
359 30 407
359 14 409
345 8 1006
364 2 54
345 5 1054
345 6 1061
365 2 48
364 3 193
366 2 42
368 1 0
364 5 235
345 26 1220
345 14 1221
369 1 0
364 6 242
345 25 1270
345 6 1270
345 7 1270
368 2 59
364 34 273
364 14 274
366 3 171
370 1 0
366 4 202
345 13 1380
345 15 1381
368 3 177
345 25 1401
345 6 1401
345 7 1401
345 8 1408
345 26 1411
345 282 1412
369 3 172
365 3 328
369 4 192
366 6 254
367 3 246
371 1 0
369 7 211
365 5 395
365 6 399
368 5 279
368 6 284
367 4 324
368 8 314
365 8 459
372 1 0
367 7 372
368 8 364
368 8 377
368 8 382
368 29 384
365 1 510
365 13 510
365 14 511
365 15 511
359 7 1027
367 8 409
372 2 91
365 25 568
365 6 568
365 7 568
373 1 0
374 1 0
363 5 829
363 7 833
363 21 835
363 1 836
365 14 590
365 15 590
365 6 606
365 7 606
367 13 495
367 14 497
363 25 865
373 2 50
373 2 70
375 1 0
363 6 871
363 7 871
363 5 909
363 7 916
368 14 663
372 3 351
372 4 391
377 1 0
372 5 436
373 5 331
373 6 340
374 4 341
376 2 74
372 6 446
372 8 452
372 8 462
373 8 361
379 1 0
377 2 78
372 8 474
372 8 479
373 4 399
374 5 382
374 6 385
374 7 385
374 21 389
374 8 405
372 1 500
372 13 501
372 14 501
372 15 501
373 6 411
373 8 418
374 29 432
380 2 43
374 13 457
374 15 460
381 2 48
382 1 0
377 3 255
382 2 39
377 4 282
381 4 150
381 5 183
381 6 199
381 7 199
383 1 0
380 3 253
382 4 173
381 13 251
381 30 251
381 14 251
381 15 251
374 1 722
377 8 432
380 5 335
380 6 339
377 4 462
377 3 466
380 19 367
380 6 379
380 7 380
380 13 383
377 25 491
377 5 491
386 1 0
377 5 551
377 7 554
387 2 38
384 4 217
386 2 83
387 3 84
378 5 604
378 6 608
387 5 142
387 6 150
387 7 151
385 4 400
385 5 416
378 26 771
378 25 788
385 7 428
378 26 803
378 27 804
378 14 807
378 7 813
388 1 0
378 2 847
385 8 495
385 19 505
385 34 505
389 1 0
378 25 881
378 5 882
378 6 888
390 2 189
393 1 0
392 3 179
394 1 0
393 2 53
395 1 0
388 5 342
396 1 0
394 2 31
394 2 36
389 4 299
392 5 241
395 2 38
388 8 359
388 8 365
388 8 370
389 5 331
392 6 250
392 13 269
392 15 272
389 8 360
389 8 368
389 8 381
393 3 140
390 3 353
396 2 95
389 8 389
389 8 391
389 4 397
388 8 451
390 4 389
394 3 151
393 4 198
395 4 159
393 6 249
393 7 249
393 15 257
398 2 39
395 5 216
395 7 221
399 1 0
400 1 0
398 2 45
388 13 579
388 14 581
388 15 581
399 5 10
399 6 19
399 7 19
399 13 22
399 14 23
401 1 0
397 3 197
404 1 0
396 4 358
405 1 0
397 4 265
401 3 143
405 2 36
404 2 74
408 1 0
385 14 1238
397 6 307
397 7 307
403 2 68
401 4 189
396 5 434
396 6 439
396 7 439
396 21 442
401 5 205
401 7 212
406 2 74
409 6 12
409 7 13
409 30 19
409 14 19
398 3 352
400 3 303
387 13 1202
387 30 1202
405 3 195
398 4 393
403 3 241
387 14 1205
400 4 375
411 2 63
405 4 230
396 8 618
396 136 635
396 19 635
403 4 287
405 5 269
411 2 104
405 8 292
400 6 446
400 7 446
413 1 0
404 4 360
414 1 0
400 8 486
403 5 380
403 6 390
403 7 390
415 1 0
400 5 501
400 6 503
400 7 504
400 26 517
404 5 405
396 6 739
396 7 739
405 8 379
404 7 419
414 2 55
406 3 383
415 2 69
398 6 629
398 7 630
400 6 559
400 7 559
400 8 571
412 3 173
404 30 467
404 14 467
404 15 467
400 3 586
411 3 274
416 1 0
416 1 0
412 4 214
403 8 502
415 3 147
398 8 709
398 19 731
398 34 731
398 14 731
412 6 263
414 4 194
412 4 277
406 6 500
406 7 501
298 1 7364
298 5 7369
398 6 745
398 7 745
416 3 95
298 7 7377
412 3 304
412 4 307
418 1 0
398 8 786
415 6 235
415 7 235
412 6 311
412 8 314
412 19 322
412 34 322
412 15 325
414 8 257
412 25 337
412 7 338
411 5 397
411 6 400
411 4 418
403 3 623
403 4 633
417 2 26
405 8 613
418 2 41
416 4 167
412 2 368
403 5 642
403 7 652
405 29 649
412 25 371
412 5 372
412 6 377
412 7 377
412 14 384
416 6 201
412 6 394
413 4 345
412 19 399
412 14 400
416 8 233
398 8 928
413 1 432
413 19 432
419 1 0
417 4 179
420 1 0
413 6 442
418 5 233
413 6 476
413 7 476
419 2 35
418 6 246
418 7 246
418 8 265
398 34 1017
398 14 1029
421 1 0
398 6 1042
398 7 1042
417 8 290
418 29 316
418 8 317
418 13 320
398 8 1095
421 2 53
398 19 1117
398 34 1117
398 14 1118
398 25 1125
422 1 0
422 6 13
422 7 14
398 6 1125
398 7 1125
422 8 28
423 1 0
404 6 1042
404 7 1043
424 1 0
424 6 12
424 7 12
424 8 18
419 4 279
419 6 294
419 7 294
419 8 298
421 6 210
425 1 0
414 8 753
414 8 757
426 1 0
421 14 262
421 15 262
414 8 779
414 29 792
414 8 797
427 1 0
414 29 804
414 8 814
428 5 5
429 1 0
430 6 12
430 7 12
428 8 44
429 2 114
423 3 307
429 2 124
423 5 374
423 6 377
423 7 378
424 29 368
421 13 523
421 14 524
421 15 524
427 4 253
421 25 563
421 6 563
421 7 563
421 30 566
421 14 567
421 15 567
427 5 302
423 8 462
421 6 583
421 13 586
421 30 586
421 15 589
427 6 315
427 7 316
427 8 344
427 8 354
434 1 0
432 2 140
427 8 401
427 5 408
427 6 424
427 7 424
427 21 425
427 8 429
427 8 436
433 2 183
427 34 488
427 25 502
427 7 502
432 3 263
421 25 827
421 7 827
421 6 827
421 30 833
434 6 234
434 7 234
432 6 375
432 8 383
421 6 910
421 8 915
421 30 918
421 15 919
433 3 370
436 1 0
438 1 0
433 4 427
421 25 1026
421 6 1026
421 7 1026
433 6 532
433 7 532
433 8 565
408 1 1954
438 2 126
440 1 0
437 3 184
421 25 1173
421 7 1173
440 2 28
433 13 615
433 30 615
433 14 615
437 4 227
421 30 1185
421 14 1186
421 15 1186
441 1 0
437 5 284
437 6 290
437 7 290
441 2 69
438 3 282
438 4 347
442 1 0
437 7 397
440 3 234
437 8 429
443 1 0
428 1 1089
438 5 401
438 6 418
438 7 418
437 8 455
444 1 0
428 2 1124
438 8 437
440 4 299
441 3 253
445 1 0
438 13 457
438 14 458
438 15 458
438 7 479
446 1 0
438 19 484
438 7 493
440 5 354
440 6 358
440 8 374
448 1 0
446 2 33
447 2 44
428 5 1189
428 7 1195
428 8 1210
450 1 0
438 14 530
451 1 0
428 4 1228
428 3 1232
441 6 373
448 2 63
450 2 47
441 19 401
441 14 404
441 15 404
441 7 415
446 3 105
451 2 60
436 4 659
441 19 418
441 15 421
441 6 425
441 7 425
452 2 41
453 1 0
443 5 247
443 7 252
441 8 455
446 7 187
446 6 187
447 4 180
443 8 267
443 8 271
443 8 290
443 8 299
444 1 279
436 7 749
441 19 510
441 34 510
441 14 515
441 15 515
447 6 240
451 3 191
451 3 201
452 3 148
447 14 283
451 4 239
455 1 0
438 6 800
452 5 207
452 6 217
452 7 217
445 3 382
454 3 111
438 15 821
438 6 838
451 5 310
451 7 326
450 4 318
438 8 848
454 4 135
438 34 879
438 14 883
438 15 884
438 25 888
438 7 888
450 7 368
438 8 903
454 5 168
438 8 916
454 6 173
438 19 925
454 8 179
438 14 932
438 15 932
436 25 973
436 6 982
436 7 982
454 8 211
440 8 801
440 29 827
445 5 511
456 3 151
445 6 519
450 8 446
450 19 455
456 4 191
458 1 0
456 3 237
460 1 0
461 1 0
448 5 544
448 14 588
448 15 588
450 7 581
462 2 55
450 14 638
460 5 176
460 8 224
463 1 0
459 3 255
436 8 1350
464 1 0
462 4 219
465 1 0
462 5 252
462 6 256
462 7 256
463 2 82
462 8 298
459 5 351
436 1 1449
436 19 1449
436 34 1449
436 14 1450
462 8 326
459 6 367
459 7 367
436 6 1459
462 8 358
466 1 4
463 3 195
462 14 377
462 15 377
436 8 1521
465 2 137
436 8 1550
436 19 1563
436 34 1563
436 7 1587
469 1 0
436 8 1653
436 34 1656
436 14 1657
465 4 301
470 2 68
470 2 82
465 5 343
465 6 345
469 3 125
471 2 58
461 3 670
469 4 146
461 4 690
466 3 290
472 2 63
469 5 182
469 6 192
469 7 192
469 30 202
469 14 203
469 6 219
469 8 221
461 6 752
471 3 136
469 8 267
473 5 3
473 6 19
473 7 19
473 1 23
473 8 27
471 5 216
444 2 1472
472 5 215
472 6 220
473 7 41
469 15 319
471 8 259
461 15 888
461 14 888
475 1 0
471 30 304
471 14 306
471 15 306
466 5 521
466 7 537
474 2 54
469 4 437
473 29 146
466 19 567
466 15 571
469 3 440
473 8 169
466 1 591
466 5 599
444 4 1618
444 5 1639
469 2 493
477 1 0
444 6 1643
474 3 158
444 13 1673
444 14 1674
444 15 1674
478 1 0
473 8 271
474 4 226
475 3 189
473 29 308
474 5 252
474 6 261
474 282 262
474 21 262
476 4 187
473 8 335
469 4 618
476 7 222
470 3 633
469 6 652
469 7 653
469 21 655
475 8 293
481 1 0
480 2 32
482 1 0
483 5 2
479 2 70
477 3 221
485 1 0
485 1 10
486 1 0
480 4 107
469 8 745
469 26 769
469 15 771
487 1 0
444 7 1967
444 8 1972
480 5 167
480 7 173
479 3 157
444 15 1998
484 2 139
479 4 196
477 4 354
488 1 0
479 5 225
479 6 230
479 7 231
477 5 383
477 6 388
477 7 388
469 5 899
469 6 904
469 14 911
479 8 262
479 8 266
479 8 273
487 2 105
469 6 937
469 7 937
469 26 944
469 14 945
479 8 286
477 8 428
477 8 433
477 8 436
488 2 94
474 8 608
469 14 963
469 6 964
469 7 964
469 27 967
469 14 967
469 6 969
479 1 318
479 34 320
474 8 643
469 14 987
469 15 987
490 1 0
470 6 985
444 6 2159
444 7 2160
444 8 2170
476 1 578
476 5 582
470 8 1029
485 2 326
476 29 636
491 1 0
492 1 0
493 1 0
494 1 0
444 29 2257
444 8 2259
495 1 0
496 1 0
496 1 0
444 27 2282
481 3 479
485 3 414
493 2 58
484 4 449
497 2 47
485 7 483
444 7 2389
481 4 558
488 4 392
488 6 420
488 7 420
497 3 121
490 3 280
500 1 0
500 1 1
498 2 65
501 1 0
481 5 623
481 7 638
488 8 451
497 5 190
481 4 661
488 15 503
488 25 510
488 6 510
488 7 510
497 6 206
503 1 0
503 1 0
488 19 530
488 14 531
488 25 539
497 8 256
490 21 403
481 25 706
481 7 722
481 3 735
498 3 192
490 8 415
487 3 625
470 7 1390
488 8 579
497 8 290
492 4 373
498 4 255
487 4 675
502 4 134
498 5 297
487 6 727
502 5 160
502 7 175
490 8 532
487 13 740
490 8 552
492 6 468
492 7 468
492 21 469
490 8 565
502 8 222
502 8 236
506 1 0
490 4 589
490 1 592
490 4 601
490 5 611
492 1 511
492 19 511
492 14 512
492 14 531
492 15 531
505 2 51
497 19 495
497 34 495
490 6 627
490 7 628
490 21 629
492 13 543
492 14 543
502 13 306
502 15 307
497 14 501
497 25 506
497 6 506
497 7 506
497 26 522
497 14 526
497 15 526
507 1 0
497 25 559
497 7 559
497 8 594
508 1 0
497 8 630
502 13 440
502 30 440
508 2 37
497 25 654
497 6 654
492 5 729
492 6 746
505 3 356
506 3 322
508 3 225
505 2 397
506 4 368
510 1 0
511 1 0
509 2 46
506 5 415
506 6 418
506 7 419
508 4 281
510 2 65
508 7 307
508 8 323
514 1 0
506 13 469
506 14 470
512 2 48
505 6 514
515 1 0
514 2 38
508 8 371
513 2 96
508 8 403
517 1 0
511 3 174
516 2 37
515 2 87
505 15 614
510 3 207
514 3 119
517 2 50
508 13 453
508 30 453
508 14 453
511 6 251
510 4 270
510 3 283
509 7 324
514 8 217
516 3 153
505 7 742
518 2 59
520 1 0
513 3 293
516 5 227
516 6 231
516 7 231
515 3 288
517 3 216
517 4 260
514 1 353
514 14 354
512 3 379
521 2 53
515 4 338
522 1 0
523 1 0
517 5 301
517 6 305
517 7 305
512 4 427
512 5 459
512 7 463
522 2 66
525 1 0
520 3 198
513 6 492
513 7 493
526 1 0
524 2 58
517 8 426
523 2 147
520 4 250
520 5 294
520 6 298
520 7 298
505 30 1076
505 14 1077
521 4 272
521 6 312
521 7 312
526 2 104
519 4 471
528 1 0
524 3 235
520 8 433
519 5 558
519 6 562
519 7 562
519 21 564
520 8 480
528 2 111
523 4 389
519 1 597
519 26 597
519 27 598
519 15 599
529 1 0
522 4 404
530 1 0
524 6 381
524 7 381
522 5 462
512 7 894
522 7 478
523 5 473
523 6 477
523 7 477
530 2 61
522 8 505
522 8 514
522 8 519
526 3 395
531 1 0
532 1 0
522 8 524
533 1 0
523 1 551
528 4 308
528 5 335
528 7 351
533 2 37
526 5 502
526 6 509
526 7 509
530 3 196
528 8 378
512 14 1052
512 15 1052
534 1 0
534 5 1
534 6 15
534 7 15
534 15 19
528 30 405
528 14 410
528 15 410
530 5 291
530 7 297
505 25 1626
505 7 1626
533 3 173
530 8 313
505 30 1629
505 15 1633
533 5 212
533 7 229
533 8 315
533 8 323
535 1 0
535 2 68
529 4 708
536 1 0
526 4 1040
526 6 1063
536 2 49
538 1 0
539 1 0
526 7 1063
541 5 129
541 6 141
529 5 1010
535 3 489
540 5 198
545 1 0
540 8 225
540 8 276
539 6 314
539 7 314
540 8 304
529 1 1130
529 13 1131
529 30 1131
529 14 1131
529 15 1131
539 15 329
542 2 166
542 2 170
540 8 317
540 13 333
540 30 333
540 14 339
540 15 339
539 6 353
539 7 353
539 19 366
547 1 0
529 2 1187
548 1 0
529 3 1197
535 6 672
535 7 672
539 6 398
539 7 398
539 8 405
547 2 55
529 6 1213
529 14 1224
535 8 695
539 6 420
539 14 426
541 30 396
541 14 396
539 8 441
550 1 0
529 6 1276
529 7 1276
535 1 754
535 30 754
539 8 475
535 15 758
529 6 1294
529 19 1302
539 14 499
539 6 502
550 2 40
529 6 1329
529 7 1329
529 19 1340
529 136 1340
529 14 1341
529 7 1351
543 3 355
547 3 201
529 14 1363
529 6 1379
529 7 1379
551 1 0
549 3 116
552 1 0
550 3 116
529 136 1391
529 6 1402
529 7 1402
547 6 279
547 7 279
547 8 287
547 8 296
554 1 0
555 1 0
547 13 314
547 14 314
541 6 644
549 7 204
552 2 98
550 6 202
550 1 216
551 2 102
553 2 40
550 5 219
541 30 696
541 15 697
544 4 479
539 5 748
539 8 767
553 3 106
554 2 117
554 2 126
554 2 126
554 2 127
543 8 596
539 8 784
544 5 538
554 2 157
554 2 157
555 3 153
543 8 631
543 29 642
553 4 154
553 5 173
553 7 179
544 8 552
555 4 187
554 2 187
553 8 187
553 13 204
553 15 207
556 1 0
555 6 245
552 3 327
556 2 34
555 8 276
544 13 645
544 15 647
555 8 289
552 4 366
552 5 419
552 7 432
554 5 353
554 6 369
554 7 370
554 8 378
552 8 459
552 8 473
552 1 505
552 13 505
552 15 505
557 5 9
557 6 13
557 13 34
557 14 35
558 1 0
547 6 819
547 13 834
547 14 834
547 15 834
559 1 0
560 1 0
561 1 0
548 4 840
551 4 646
544 7 972
559 2 47
558 2 102
563 1 0
564 1 0
548 5 894
551 5 709
551 8 729
567 1 0
562 2 112
551 8 771
547 25 1013
547 6 1013
547 7 1013
547 13 1019
558 3 233
547 14 1019
568 2 72
570 1 0
558 4 299
569 2 55
565 2 192
571 1 0
558 5 346
558 6 352
559 3 314
566 3 210
563 4 288
563 7 297
558 8 413
558 8 413
558 8 413
569 3 168
563 19 315
566 4 251
567 4 241
572 1 0
559 4 375
559 5 388
566 3 259
565 3 323
569 4 211
560 2 422
562 4 414
572 2 46
569 6 249
530 7 2426
570 4 258
565 4 377
567 6 343
567 14 356
562 5 471
569 2 276
569 3 290
569 4 293
569 5 295
530 4 2456
568 3 358
565 6 418
567 6 362
567 7 363
567 26 366
567 27 366
567 14 369
567 15 369
567 6 371
567 27 380
567 25 383
562 6 476
562 7 476
559 8 494
559 19 499
559 34 499
571 5 218
559 25 508
559 6 508
559 7 508
571 6 225
559 8 515
569 6 300
569 30 309
569 14 310
569 15 310
575 1 0
567 27 390
567 14 394
567 15 394
571 3 250
577 1 0
530 2 2515
578 1 0
579 1 0
568 4 439
565 14 483
565 15 484
560 3 611
576 2 75
577 2 68
530 25 2580
568 5 471
568 6 476
568 7 476
580 5 26
581 1 0
580 6 42
580 7 43
530 25 2609
530 6 2614
568 8 505
580 1 57
568 8 513
580 19 58
568 8 525
572 4 281
583 1 0
562 4 672
562 3 673
568 8 562
568 8 570
581 2 86
572 6 318
572 7 318
582 2 86
576 3 207
574 4 321
568 8 618
568 8 622
584 2 61
574 7 364
585 1 0
585 5 10
585 6 18
585 7 18
583 2 126
560 5 773
586 1 0
560 6 789
577 3 255
574 8 407
586 2 36
574 34 421
569 25 643
569 7 643
569 8 654
574 25 442
574 6 442
574 7 442
574 8 448
569 8 661
577 4 318
576 5 343
576 6 354
576 7 354
577 5 348
587 1 0
577 6 350
577 7 350
576 1 373
576 13 373
576 14 374
576 15 374
577 8 367
584 3 238
574 8 520
582 4 286
581 3 313
574 8 554
582 5 324
582 6 330
577 136 429
577 15 432
583 4 336
586 4 203
577 25 438
577 6 438
581 4 367
584 4 318
577 5 497
583 5 382
583 6 398
583 7 398
586 5 260
586 7 263
577 7 506
577 8 524
583 8 416
583 13 422
589 1 0
583 14 426
583 15 426
577 8 534
577 8 552
584 5 414
584 7 419
591 1 0
590 2 104
591 2 41
592 1 0
590 2 116
593 1 0
591 3 103
594 1 0
591 4 123
591 5 176
596 1 0
591 7 180
591 8 186
591 1 205
594 2 87
591 14 205
595 3 84
596 2 53
589 4 331
595 5 161
598 1 0
599 1 0
596 3 185
589 8 444
589 8 474
599 2 69
600 2 64
604 1 0
594 3 332
602 2 70
596 5 294
594 4 370
596 2 315
596 3 333
600 4 194
596 4 349
601 4 189
601 5 225
597 5 352
600 5 273
601 8 247
600 8 286
601 1 264
601 13 264
601 14 266
601 15 266
597 19 417
597 34 417
597 15 431
604 3 290
597 7 468
597 3 468
597 5 479
597 7 495
602 5 381
575 3 1446
603 2 381
603 2 397
608 1 0
608 5 3
602 2 433
599 5 507
599 6 512
599 7 512
575 4 1501
604 6 448
602 3 497
610 1 0
611 1 0
602 4 518
575 5 1565
602 5 526
612 1 0
613 1 0
604 8 538
611 2 46
606 4 207
575 8 1632
604 26 585
604 27 585
603 3 578
612 2 43
606 5 236
575 29 1645
575 8 1648
613 2 56
604 14 588
606 6 252
606 8 272
575 8 1676
611 3 160
606 8 306
605 3 562
603 4 675
575 8 1785
604 7 710
604 8 717
604 26 733
611 5 225
611 6 228
604 14 736
605 4 604
616 1 0
612 4 213
613 4 219
603 5 770
611 8 290
611 29 290
611 29 290
603 6 787
603 7 787
611 8 306
611 8 306
615 2 56
605 5 664
605 6 678
575 8 1880
603 1 813
603 13 813
603 30 814
603 14 814
611 8 331
611 8 335
612 6 283
612 7 283
617 1 0
618 1 0
613 5 285
613 6 300
604 7 856
616 2 80
612 8 313
619 1 0
605 13 747
617 2 34
613 13 331
613 14 332
613 15 332
605 14 767
612 8 363
612 29 379
619 2 58
612 8 399
612 8 430
620 1 0
617 4 149
619 3 164
618 2 179
622 1 0
615 4 281
619 4 192
617 5 199
617 6 215
617 7 215
616 4 283
615 6 310
615 7 310
615 8 319
620 2 77
619 5 225
617 14 227
617 15 227
615 8 345
624 1 0
616 5 334
619 6 240
615 8 365
616 7 350
615 15 396
627 1 0
616 13 479
616 15 479
618 4 445
618 5 506
618 6 512
600 15 1416
624 5 255
624 6 270
629 1 0
618 8 548
624 14 293
620 5 397
630 1 0
631 1 0
628 2 153
631 2 36
605 25 1375
605 6 1375
605 13 1393
605 30 1394
631 3 132
632 1 0
611 14 1116
634 1 0
628 3 347
633 2 51
631 5 229
631 7 235
611 7 1166
611 4 1166
611 6 1177
611 7 1177
631 8 244
611 29 1186
611 29 1190
611 29 1191
611 8 1192
611 29 1203
611 29 1203
611 8 1204
633 3 135
631 19 305
631 136 305
631 25 317
631 7 317
631 8 327
633 4 162
633 5 204
633 6 209
633 8 214
635 1 0
633 8 245
628 6 554
628 7 554
633 8 264
628 8 573
628 13 596
628 30 596
634 4 277
628 15 601
633 15 310
634 5 298
631 8 483
634 6 305
634 7 305
631 136 545
631 25 552
631 6 552
631 7 552
633 25 404
633 6 405
633 8 411
633 8 422
628 1 733
628 5 739
628 7 743
633 30 446
633 14 447
633 15 447
628 21 747
631 8 664
637 1 0
637 5 8
638 1 0
408 1 11996
637 6 23
637 7 24
639 1 0
640 1 0
640 5 7
640 7 12
641 1 0
640 1 57
640 30 58
640 14 58
641 2 80
636 2 217
643 1 0
644 1 0
622 3 1351
643 2 61
639 5 245
639 6 248
644 2 71
628 1 1167
639 25 273
639 5 274
639 6 276
622 4 1438
628 5 1174
628 6 1176
628 7 1176
628 6 1177
628 7 1177
628 21 1180
646 1 0
641 3 271
637 25 356
637 6 356
637 7 357
637 8 364
647 1 0
622 5 1520
648 1 0
649 1 0
643 4 195
644 3 179
622 7 1527
622 6 1527
639 3 394
639 5 407
643 6 229
643 7 229
643 8 235
643 29 241
644 4 217
639 7 410
649 2 58
641 6 388
641 7 388
644 5 239
641 8 413
638 4 486
644 8 252
641 13 428
641 30 428
641 15 431
644 8 272
644 8 282
651 1 0
642 3 344
638 5 551
638 6 557
638 7 557
647 1 191
641 6 503
652 5 7
641 30 526
641 14 527
654 1 0
641 15 527
644 19 371
644 34 371
651 2 71
638 1 594
638 13 596
638 30 596
638 14 597
638 15 597
644 15 376
647 2 236
638 6 643
638 7 644
638 14 649
642 5 464
642 6 465
649 4 241
641 6 583
641 13 591
641 14 592
651 2 151
649 5 264
649 6 268
649 7 268
655 1 0
653 2 112
656 1 0
657 1 0
649 8 300
649 8 308
649 8 310
649 8 311
649 29 314
649 8 315
654 3 124
652 8 179
649 8 325
649 8 336
649 8 339
649 8 344
649 8 350
656 2 61
642 5 574
642 6 575
649 8 355
649 8 357
649 8 358
649 8 360
649 8 372
654 5 193
644 7 536
644 6 536
651 3 247
642 5 612
642 6 615
649 25 391
649 5 392
649 6 407
654 7 208
654 8 215
651 4 294
642 6 622
642 25 632
658 2 82
654 8 242
659 1 0
653 4 297
651 5 339
651 6 354
642 25 686
642 5 686
642 6 688
642 2 706
660 1 0
641 6 833
641 7 833
651 13 380
651 15 381
653 6 347
653 7 347
642 25 741
661 1 0
659 3 117
662 1 0
652 8 413
657 3 310
642 6 815
642 7 815
661 2 67
659 5 185
643 8 791
643 8 798
658 3 296
659 6 201
651 7 531
642 1 875
642 14 875
642 15 875
659 8 238
643 8 856
651 8 575
658 5 350
648 2 706
651 8 580
651 8 598
651 8 603
658 7 365
657 6 428
657 7 428
658 21 382
652 14 556
663 5 4
658 5 405
657 8 467
658 6 421
658 7 421
653 1 607
664 1 0
663 6 20
663 7 20
663 8 25
663 8 36
663 8 44
657 14 505
653 5 610
653 7 620
643 8 1026
665 1 0
658 3 490
658 4 503
666 2 39
658 6 525
658 7 526
658 21 527
661 5 331
661 6 335
643 8 1061
643 8 1073
664 2 92
658 8 543
658 8 563
642 6 1108
643 14 1113
643 15 1113
663 14 200
663 8 220
667 1 0
666 3 130
628 5 2237
628 6 2240
628 7 2240
666 4 154
642 26 1193
642 14 1194
642 7 1197
628 26 2270
628 27 2271
628 14 2272
667 2 58
666 5 198
666 7 201
642 14 1252
628 25 2290
628 6 2290
628 7 2290
628 1 2304
668 2 47
628 6 2313
666 4 236
670 1 0
643 25 1275
643 7 1275
643 30 1285
643 14 1286
643 15 1286
671 1 0
669 1 29
669 7 56
664 3 343
667 3 194
672 1 0
668 3 185
671 2 71
667 4 246
667 3 249
669 8 138
673 1 0
664 5 440
659 8 818
664 7 452
664 21 456
675 6 18
675 7 19
668 5 260
668 6 277
668 7 277
670 2 174
673 2 49
676 1 0
664 8 486
675 30 33
675 15 34
667 5 365
667 7 375
667 21 379
673 3 113
674 2 95
668 8 354
664 19 572
664 34 573
664 15 576
676 3 156
665 4 626
672 3 299
671 5 344
671 7 349
677 2 146
671 8 363
670 4 388
676 4 218
671 8 377
671 3 384
678 1 0
670 5 437
672 4 399
676 5 269
676 6 285
665 5 725
675 1 311
675 8 327
675 6 328
675 7 328
670 6 455
670 7 455
678 2 63
670 29 475
680 1 0
665 29 762
665 8 763
681 1 0
670 8 497
679 2 58
672 7 487
680 2 43
674 4 418
677 4 390
682 1 0
679 3 184
678 3 216
679 4 225
682 2 81
674 15 545
684 1 0
677 6 479
677 7 479
679 8 291
678 4 329
679 8 299
685 1 0
674 1 635
686 1 0
678 6 376
674 5 645
674 8 652
674 6 652
674 7 652
679 8 383
678 19 411
678 6 423
684 3 157
677 8 642
686 2 63
677 13 660
677 14 664
677 15 664
683 3 303
682 4 370
674 13 823
674 14 823
686 3 209
683 8 403
682 5 433
683 30 409
683 14 413
683 15 413
682 6 448
682 8 472
686 5 298
682 19 482
682 14 483
686 6 306
686 7 306
687 1 0
682 6 508
682 7 509
408 1 14647
408 5 14656
408 6 14666
408 7 14666
687 2 74
680 3 694
686 8 409
680 4 724
680 5 750
680 6 753
680 7 753
408 6 14758
408 7 14759
680 8 792
680 8 799
688 1 0
680 8 806
680 8 811
687 3 189
682 6 711
682 7 712
680 8 829
690 1 0
690 1 11
682 19 718
682 34 719
682 15 726
687 4 258
689 2 60
691 1 0
687 7 324
691 8 37
687 8 352
682 25 838
682 7 839
682 14 853
680 34 989
680 14 990
687 8 363
687 8 366
680 25 995
680 6 995
680 8 1009
680 19 1011
680 34 1011
680 14 1015
680 15 1015
680 6 1017
692 8 7
692 6 8
693 1 0
688 3 267
689 3 258
692 8 47
692 8 52
683 1 944
682 5 979
682 6 993
682 7 993
695 1 0
692 14 111
692 15 111
683 2 1003
694 2 79
695 2 57
689 6 397
698 1 0
689 4 424
695 3 142
697 2 67
699 1 0
695 4 175
698 2 84
694 4 216
694 6 258
694 7 258
694 21 262
695 5 238
695 6 257
695 7 257
700 1 0
695 8 299
695 29 305
700 2 48
702 7 5
702 14 8
702 15 8
696 4 321
697 6 270
697 7 270
701 2 53
704 1 0
697 8 295
697 19 305
697 34 305
697 14 308
696 6 376
703 3 61
705 1 0
703 4 74
698 3 329
704 2 61
703 6 93
703 7 93
703 8 102
696 8 413
703 8 113
706 1 0
696 6 459
696 7 459
696 8 461
696 8 465
688 4 845
696 8 497
700 5 276
700 6 286
698 4 445
706 2 60
696 8 505
688 7 944
705 3 218
698 8 547
704 5 274
711 1 0
688 8 984
704 6 288
704 7 288
712 1 0
704 13 316
704 14 316
712 8 5
712 7 5
712 30 14
711 2 74
706 3 241
705 6 319
705 7 320
705 8 336
705 29 342
712 14 52
712 15 52
710 3 214
706 4 326
712 25 121
712 6 121
712 7 121
704 5 503
704 7 508
704 13 512
710 5 299
706 8 408
710 2 322
710 5 326
710 6 329
710 5 331
710 6 333
714 1 0
711 3 321
715 1 0
716 1 0
711 4 384
718 1 0
713 2 91
711 5 411
719 1 0
711 8 494
720 1 0
711 4 514
711 5 518
711 6 526
675 1 2657
675 5 2670
719 2 101
711 8 548
675 8 2676
675 7 2677
675 29 2706
714 3 271
714 4 308
721 1 0
719 3 245
713 3 356
714 5 348
714 6 352
714 7 352
714 8 369
714 29 376
713 4 383
723 1 0
714 19 379
724 1 0
714 6 388
714 8 418
713 6 453
713 7 453
723 2 53
723 2 54
723 2 61
714 8 462
719 5 359
725 1 0
720 7 313
714 34 475
714 15 480
714 25 487
714 7 488
725 2 51
720 29 358
714 8 510
726 1 0
714 29 518
713 8 528
727 1 0
723 3 165
713 8 587
725 4 165
729 6 12
729 7 12
729 136 25
729 7 31
729 14 35
729 25 39
729 6 39
729 7 39
730 1 0
723 5 248
726 2 144
633 25 5336
633 6 5336
633 7 5337
633 30 5343
633 14 5343
633 15 5343
723 4 275
727 2 160
722 4 307
725 7 245
722 5 318
722 6 321
722 7 321
725 13 254
725 14 256
725 15 256
730 2 49
731 5 2
731 6 6
731 7 7
722 30 357
722 14 358
731 1 54
731 30 55
731 14 55
731 15 55
730 3 147
728 4 290
727 3 289
733 1 0
730 6 200
730 7 200
728 5 322
728 7 327
733 2 64
727 4 386
727 8 476
727 8 488
727 8 500
727 8 506
727 8 513
728 13 553
728 14 554
726 3 594
737 1 0
733 4 310
712 1 1460
726 7 658
738 1 0
739 5 1
739 6 4
739 7 4
647 1 4904
739 1 13
739 13 13
739 14 14
726 8 701
733 6 359
733 7 359
731 5 499
731 1 515
731 13 516
731 30 516
731 15 517
733 8 400
740 5 5
740 7 10
712 2 1534
731 5 550
731 6 556
731 7 556
724 4 881
733 8 426
738 2 98
741 1 0
733 13 446
733 15 446
741 7 8
731 1 595
731 13 596
731 30 596
731 15 596
712 3 1623
737 3 220
724 5 963
733 1 533
733 5 541
733 7 549
744 13 16
744 14 18
744 15 18
734 3 340
724 8 1019
733 13 582
733 15 583
733 5 606
733 6 614
733 7 615
737 4 328
734 5 404
734 6 407
734 7 407
724 1 1092
724 13 1093
724 14 1094
724 15 1094
733 13 638
733 14 640
733 15 640
734 8 441
712 4 1797
737 5 410
745 1 0
625 4 6636
746 5 3
734 8 478
737 6 425
746 6 12
746 7 12
746 30 24
734 19 510
734 14 512
712 5 1871
712 7 1875
734 25 533
625 5 6681
625 6 6685
625 7 6685
733 5 751
733 6 760
734 8 538
734 34 542
734 14 544
745 2 84
733 13 782
733 14 786
733 15 786
712 25 1941
712 5 1941
712 6 1943
712 8 1957
712 19 1963
712 26 1975
712 15 1976
752 1 0
751 2 42
745 3 265
752 2 67
752 2 73
747 3 234
711 14 2215
750 3 204
753 1 0
751 3 158
745 4 350
731 1 1176
731 6 1182
754 1 0
755 1 0
755 5 4
747 4 317
750 4 242
754 6 10
754 7 10
749 3 303
755 6 10
751 4 221
752 4 212
753 2 67
751 6 248
750 5 300
750 6 308
750 7 308
753 2 99
751 8 267
756 1 0
756 5 2
757 1 0
750 8 347
756 7 7
756 8 21
757 2 57
750 8 368
747 5 472
747 6 474
758 1 0
731 1 1343
731 13 1344
731 30 1344
731 14 1344
750 6 392
737 8 978
625 8 7210
750 8 448
737 14 996
759 2 45
757 4 202
751 4 475
751 6 483
751 7 483
749 7 600
761 8 18
762 1 0
757 5 246
757 7 249
757 21 250
757 13 261
757 15 262
763 1 0
761 29 36
761 29 48
757 25 285
757 6 285
749 3 649
759 3 165
761 19 59
761 6 72
761 7 72
757 25 315
763 2 48
756 34 323
756 6 333
756 7 333
757 3 331
759 7 230
764 1 0
756 26 340
756 14 341
756 6 352
757 25 380
757 5 380
757 6 382
759 19 247
759 14 248
759 7 258
759 4 260
759 3 261
756 27 390
756 14 390
763 3 152
757 25 449
757 5 449
757 6 451
757 21 453
757 13 468
757 30 468
766 1 0
762 4 228
763 5 230
763 6 244
763 7 244
762 6 247
762 7 247
762 8 282
757 6 541
757 19 550
760 2 474
767 1 0
764 3 291
760 3 553
768 1 0
769 1 0
765 4 265
749 1 1085
770 1 0
760 5 624
760 6 640
760 7 640
760 8 651
771 1 0
764 5 421
760 14 658
760 15 658
749 5 1154
749 7 1162
770 2 61
764 21 426
771 2 54
764 30 483
772 1 0
773 1 0
768 3 229
775 1 0
772 2 65
774 2 46
728 1 2378
728 5 2387
775 2 39
728 6 2391
728 7 2391
728 8 2396
768 4 279
773 2 95
776 1 0
728 13 2400
728 15 2401
778 1 0
772 3 192
774 3 172
771 4 293
770 4 320
776 2 109
774 4 204
775 3 179
770 5 346
766 1 637
774 5 242
770 13 391
770 30 391
770 15 392
774 7 246
782 1 0
772 4 313
773 3 297
775 5 280
775 6 287
775 7 287
773 4 349
772 5 357
772 6 373
772 7 373
781 3 103
768 6 606
768 7 606
781 5 156
776 3 307
781 6 172
781 7 172
779 3 241
773 7 494
783 1 0
776 4 396
776 6 410
776 7 410
784 1 0
776 30 448
776 15 452
785 1 0
786 1 0
783 3 152
787 1 0
773 8 683
787 2 54
789 1 0
785 3 145
786 1 183
785 5 212
785 6 215
785 7 215
787 3 198
790 1 0
787 4 226
768 8 1068
768 1 1073
768 13 1073
768 14 1073
768 15 1073
791 1 0
787 5 253
787 6 258
791 2 35
788 2 273
788 2 290
791 5 88
791 6 91
792 1 0
788 2 332
790 4 170
790 5 191
792 2 57
793 25 38
790 6 198
795 1 0
794 2 47
796 1 0
793 25 121
797 1 0
787 13 575
787 30 576
787 14 578
793 25 211
793 4 211
788 6 584
788 7 585
797 2 54
793 6 226
793 7 226
793 21 231
727 1 3616
788 8 610
795 2 230
798 2 84
799 1 0
794 6 328
794 7 328
792 3 372
794 8 356
794 1 361
797 3 203
800 1 0
801 1 0
802 1 0
792 4 470
800 2 57
801 2 53
797 5 312
797 6 315
797 7 315
792 5 531
792 7 534
802 2 95
798 3 274
800 3 168
797 7 379
798 4 314
768 7 1826
768 8 1839
800 4 216
790 13 773
804 2 49
801 3 189
800 8 260
805 2 55
801 4 218
798 8 409
801 6 250
801 7 250
790 25 880
790 7 880
797 3 537
804 3 163
797 7 565
797 8 577
801 8 316
802 3 332
798 8 506
804 4 207
797 8 605
802 4 424
804 6 300
804 7 300
802 6 456
804 8 326
806 1 0
794 6 847
794 7 847
802 2 494
807 1 0
806 2 54
805 3 378
805 4 407
811 1 0
812 1 0
805 7 453
806 3 176
813 1 0
814 1 0
816 1 0
806 4 221
813 2 63
802 5 711
806 6 265
806 21 269
817 1 0
815 2 99
806 8 333
818 1 0
808 2 300
808 2 303
813 4 238
807 6 406
811 3 328
808 3 404
807 13 451
807 14 454
820 1 0
815 4 304
813 6 312
813 7 312
813 8 345
808 5 514
808 7 521
818 3 228
808 8 528
822 2 49
808 8 574
809 4 568
824 1 0
811 5 495
811 6 499
808 8 596
818 3 302
825 1 0
825 2 22
825 2 28
809 6 602
824 2 37
824 2 41
818 4 321
815 13 514
815 30 514
822 3 162
790 1 1810
790 5 1811
809 8 656
818 5 394
818 7 400
826 2 96
790 6 1819
790 7 1819
790 8 1825
790 19 1833
790 34 1833
790 14 1835
790 14 1838
790 15 1838
822 4 210
827 1 0
827 6 11
827 7 11
827 8 19
809 8 732
824 3 161
825 6 151
825 7 151
827 19 35
827 34 35
827 15 37
827 14 56
827 15 56
819 2 389
809 3 790
821 3 278
828 1 0
818 4 517
818 3 519
818 3 521
825 8 210
826 5 215
826 6 218
826 7 218
825 8 224
826 4 229
826 3 229
825 8 243
809 1 851
809 5 856
809 6 861
809 7 861
794 4 1775
818 4 578
818 5 583
821 5 381
821 6 383
818 6 587
819 3 544
808 8 967
819 4 612
808 13 992
808 14 992
808 15 992
820 6 565
820 7 565
823 3 433
820 1 599
820 15 599
823 4 456
819 5 654
819 8 698
819 14 707
808 25 1091
808 6 1091
819 6 722
819 8 725
808 30 1115
808 14 1116
777 1 2989
777 5 2993
777 6 2999
777 7 2999
777 6 3009
777 7 3009
777 8 3012
777 8 3014
777 29 3019
777 8 3027
830 2 33
831 2 54
832 1 0
777 8 3075
777 8 3079
777 29 3082
777 8 3085
777 29 3089
777 8 3095
777 29 3099
823 5 653
823 6 656
823 7 656
830 4 117
829 2 194
832 2 81
829 2 208
835 1 0
835 5 5
835 1 18
829 2 222
836 1 0
835 6 29
835 7 29
835 19 37
835 14 44
837 1 0
835 6 82
835 7 82
777 8 3234
777 13 3240
777 14 3241
777 15 3241
835 19 98
835 14 99
835 7 104
835 19 108
835 7 114
833 3 100
833 4 120
832 3 205
837 2 78
833 3 153
838 1 0
833 5 158
833 7 166
832 5 285
832 6 288
832 8 297
808 25 1495
829 5 427
831 6 381
808 8 1516
829 14 478
829 15 478
808 8 1549
808 13 1595
808 30 1595
831 8 498
837 4 333
834 3 434
840 1 0
837 5 373
837 7 376
837 8 396
834 4 468
835 5 485
835 8 499
835 6 499
835 7 499
837 3 441
834 6 516
834 21 520
835 19 514
835 14 524
835 7 530
841 1 0
838 3 451
843 2 36
842 2 78
846 1 0
841 3 201
838 4 583
838 3 596
845 2 49
844 2 88
841 4 265
847 5 6
841 5 321
841 6 326
842 4 246
841 8 343
848 1 0
850 1 0
845 6 234
851 1 0
841 8 403
849 6 14
850 2 34
849 13 48
849 14 49
852 1 0
844 3 339
844 4 391
850 3 165
852 2 71
841 8 562
850 4 202
850 5 241
850 6 256
850 7 256
850 8 268
850 13 294
850 15 294
844 6 600
844 7 601
850 6 357
849 7 368
844 8 684
854 2 61
850 13 504
850 15 505
844 8 740
844 8 823
855 1 0
855 2 24
855 3 157
856 1 0
857 2 59
844 8 1160
854 5 523
854 7 538
854 8 552
844 13 1261
844 14 1262
857 3 170
844 6 1295
844 7 1295
844 8 1314
844 13 1359
857 5 280
857 7 290
859 1 0
854 8 800
857 8 345
841 13 1601
854 1 823
854 13 824
854 14 825
854 15 825
857 29 379
857 8 382
857 29 387
844 25 1510
844 6 1511
858 1 102
860 1 0
844 8 1593
862 1 0
861 2 52
863 1 0
859 3 327
844 8 1787
864 1 0
863 2 42
862 2 86
844 8 1801
860 3 215
863 3 105
863 4 127
863 6 149
863 7 149
860 4 280
865 2 75
860 7 331
857 29 836
862 4 258
868 1 0
860 8 364
861 3 329
863 2 258
863 7 267
860 13 399
860 30 399
860 14 400
861 4 377
865 4 207
844 13 2034
844 14 2036
844 15 2036
844 25 2043
844 6 2043
863 6 315
863 8 316
863 15 327
863 14 327
866 3 185
861 7 419
844 29 2063
844 8 2069
844 13 2076
844 14 2077
844 15 2077
844 25 2090
844 7 2090
862 1 402
865 5 281
844 30 2097
844 15 2098
738 8 7774
865 6 289
865 7 289
865 21 290
865 8 297
867 3 164
865 1 311
870 1 0
866 4 257
865 14 312
865 15 312
862 30 444
862 14 444
862 15 444
867 4 195
871 1 0
866 5 303
866 6 311
866 7 311
861 8 546
861 29 551
861 8 553
768 8 6359
768 8 6362
768 8 6373
866 8 333
870 2 94
866 4 345
866 5 348
861 29 579
861 8 581
738 5 7880
738 6 7891
738 7 7891
865 25 418
865 7 418
867 5 281
867 6 289
867 7 289
866 8 374
866 14 387
866 15 387
861 29 591
861 8 598
873 1 0
865 26 434
865 27 434
865 14 435
865 15 435
768 8 6425
867 8 308
768 8 6433
867 13 317
867 15 319
874 1 0
861 8 634
861 8 647
875 1 0
869 2 182
862 25 608
862 6 608
862 7 608
861 8 678
876 1 0
865 6 502
865 7 503
862 30 641
862 14 641
862 15 641
866 7 460
866 8 461
866 25 489
866 6 489
866 7 489
866 8 491
866 26 496
866 14 498
866 6 503
866 7 503
866 8 505
876 2 45
866 14 513
866 15 513
866 6 519
866 25 531
866 6 540
878 1 0
866 8 544
866 14 558
866 26 563
866 14 564
866 6 565
866 7 565
875 3 168
876 3 137
879 1 0
875 4 216
869 3 373
873 3 271
875 5 286
870 5 455
870 7 459
876 6 274
869 4 462
869 3 471
869 4 476
877 5 204
877 6 207
877 7 207
876 1 301
876 30 302
876 14 302
876 15 302
869 5 492
869 7 497
869 8 536
869 13 567
869 30 567
869 14 568
880 3 194
882 1 0
882 5 4
879 3 236
882 7 11
869 6 616
879 4 278
883 1 0
873 5 499
881 2 45
885 1 0
879 5 290
879 6 293
879 7 293
879 21 295
869 8 669
869 34 679
869 14 681
869 15 681
883 2 67
782 2 6505
880 4 322
886 7 15
879 19 359
879 136 359
879 14 361
844 25 2868
844 6 2868
886 8 45
844 8 2874
844 13 2879
844 14 2880
844 15 2880
880 5 358
880 6 361
886 19 67
886 34 68
880 6 404
880 7 404
880 1 406
880 19 406
880 15 409
878 2 502
880 25 416
880 6 416
880 8 420
880 8 428
880 29 431
880 8 434
880 8 442
883 3 217
884 3 190
881 3 257
880 19 458
880 14 458
880 6 462
880 7 462
883 4 252
881 4 276
878 3 588
883 6 280
884 5 259
881 6 324
881 7 324
884 6 268
884 7 268
883 19 290
883 14 291
883 6 298
883 7 298
883 8 306
884 8 277
884 8 292
883 8 336
888 1 0
881 15 391
878 5 680
884 8 337
884 8 348
884 8 352
888 2 81
844 25 3184
881 6 483
881 7 483
881 8 505
881 13 511
881 14 512
844 8 3251
844 29 3256
844 8 3282
844 8 3314
782 3 6979
883 8 581
889 1 0
890 1 0
883 4 599
844 8 3400
782 5 7064
782 6 7071
782 7 7071
893 1 0
844 8 3418
892 2 64
893 2 65
888 3 386
894 5 8
894 6 13
894 8 27
894 29 34
894 30 47
894 15 48
844 13 3537
844 15 3538
895 1 0
891 2 154
888 5 524
888 6 529
888 7 529
890 3 261
889 5 283
889 7 285
844 25 3632
844 7 3633
886 1 826
896 2 63
888 8 589
886 25 845
892 3 274
886 6 853
886 8 855
886 8 864
889 14 354
889 6 364
889 7 364
889 4 365
889 3 366
844 14 3687
844 15 3687
891 3 275
897 1 0
888 8 623
888 8 639
890 5 388
890 6 396
890 7 396
891 4 329
892 4 371
897 2 76
900 1 0
900 1 0
891 7 371
892 5 443
898 2 71
898 2 80
891 13 436
891 30 436
891 14 436
891 15 437
892 6 452
900 2 84
899 3 131
896 5 292
896 6 297
897 3 214
899 4 179
897 4 247
901 1 0
898 4 220
897 5 286
899 7 225
899 19 237
899 14 237
899 7 252
898 5 268
897 8 307
897 8 315
900 3 252
898 6 281
898 7 281
897 8 321
897 8 327
844 25 4054
844 7 4054
844 8 4062
844 13 4071
844 30 4071
844 14 4073
844 15 4073
902 1 0
891 6 691
900 5 336
901 4 179
900 6 351
900 7 351
900 8 364
900 8 371
891 8 726
900 8 375
900 8 394
900 8 407
900 8 415
900 8 426
900 19 430
898 8 480
900 14 433
900 15 433
900 6 436
900 8 441
900 8 446
903 1 0
900 7 459
901 6 308
900 8 464
900 8 466
900 8 469
904 1 0
891 34 947
904 2 63
905 1 0
904 3 173
906 1 0
904 4 328
907 2 60
904 6 426
904 7 426
904 21 428
908 1 0
908 5 5
908 6 8
908 7 8
909 1 0
907 3 208
910 1 0
909 5 11
909 6 20
909 7 21
908 14 70
908 15 70
904 19 593
904 34 593
907 5 295
907 7 299
911 1 0
913 1 0
912 2 36
887 2 2379
912 4 139
912 6 157
912 7 157
912 8 164
912 19 179
912 34 179
912 14 182
912 15 182
912 6 189
912 7 189
912 19 202
912 25 204
912 6 204
912 7 205
913 2 197
914 2 130
887 3 2540
907 4 763
907 6 769
907 7 769
915 2 81
916 1 0
887 5 2738
887 6 2754
914 5 404
887 8 2808
887 136 2834
887 7 2858
887 19 2866
850 1 5474
887 14 2880
914 8 501
918 1 0
917 2 92
915 4 409
915 5 448
916 3 336
917 4 274
916 7 479
917 5 358
917 6 366
917 7 366
920 1 0
918 4 299
917 19 391
918 5 342
917 6 405
917 14 410
921 1 0
923 1 0
920 2 124
921 3 173
921 4 203
924 6 11
924 7 11
923 2 165
923 2 168
921 5 228
921 6 232
924 8 25
924 13 31
926 1 0
925 2 56
921 14 309
921 15 309
920 4 359
922 4 244
926 2 52
927 1 0
927 13 0
921 25 330
921 6 330
921 8 334
926 3 100
922 5 304
927 1 8
927 5 10
927 7 14
922 7 310
926 4 125
921 8 391
921 13 403
921 14 407
921 15 407
922 8 343
922 19 359
922 34 359
922 14 359
919 6 478
928 2 59
926 7 163
922 6 375
922 7 376
922 13 385
922 14 385
920 5 500
920 7 503
926 15 195
919 14 526
920 8 529
920 8 571
925 4 318
929 1 0
925 5 362
929 2 41
920 13 646
920 30 646
925 7 364
930 1 0
928 3 306
922 7 617
925 8 445
919 6 725
925 19 479
925 136 479
928 4 439
887 6 4073
887 7 4074
929 4 280
920 6 919
920 25 919
920 7 919
929 5 327
928 7 552
930 3 270
920 8 997
928 19 576
928 14 578
928 15 578
929 8 427
929 8 441
930 4 330
929 8 454
929 8 460
929 8 464
930 5 365
930 7 368
931 1 0
929 19 475
929 14 485
930 19 414
930 14 415
933 1 0
930 6 441
930 7 442
934 1 0
930 7 462
930 19 475
930 136 475
932 2 64
935 1 0
936 1 0
938 1 0
939 1 0
938 2 38
940 1 0
938 6 175
938 7 175
941 1 0
940 2 172
943 1 0
940 3 295
944 1 0
944 1 1
940 4 322
940 5 346
940 6 350
940 1 360
944 2 57
940 6 372
940 13 387
940 14 391
945 1 0
880 7 6206
946 2 35
945 2 108
880 8 6219
880 19 6226
880 34 6226
880 14 6228
880 15 6228
944 3 426
945 3 195
945 4 212
946 5 182
945 14 259
946 7 198
946 8 217
945 14 274
945 15 274
947 5 3
945 6 371
947 6 21
947 7 21
949 1 0
949 2 33
949 3 109
944 8 889
944 29 892
950 1 0
949 5 169
949 6 179
949 7 179
951 1 0
952 1 15
950 2 96
952 2 82
948 3 394
948 4 422
948 6 449
950 3 248
953 1 0
952 4 326
950 6 393
953 2 132
953 2 136
953 2 137
953 2 210
954 2 44
954 3 137
956 1 0
955 1 36
955 2 86
954 5 209
953 3 390
954 6 214
954 7 214
954 6 246
954 7 246
954 8 249
954 8 263
957 1 0
954 19 301
954 34 301
954 6 308
954 7 308
958 6 12
958 7 12
954 19 323
954 14 325
954 6 327
954 7 327
954 4 328
955 4 242
955 5 284
955 6 286
955 7 287
959 1 0
955 8 307
955 8 322
959 2 72
957 2 186
960 1 0
960 1 3
952 1 1041
958 8 347
952 2 1062
958 29 381
960 2 115
962 1 0
952 3 1103
963 1 0
961 2 77
952 5 1173
952 6 1183
952 7 1183
956 21 671
959 4 425
956 26 706
956 6 716
956 7 716
952 15 1231
956 14 734
956 15 734
959 6 468
959 7 468
956 6 753
956 7 754
956 8 756
956 29 763
956 8 764
959 13 498
959 30 498
961 3 273
956 8 800
961 4 336
956 7 845
959 6 581
959 15 595
961 5 377
960 6 441
960 8 461
956 8 888
956 29 892
952 6 1408
952 8 1426
956 8 927
965 1 0
957 4 805
960 8 563
966 1 0
966 4 225
967 2 189
966 6 279
966 7 279
966 13 297
966 14 297
968 1 0
959 6 1028
959 7 1028
959 13 1084
959 30 1084
959 14 1085
959 15 1085
970 1 0
969 2 54
959 7 1143
959 13 1165
959 14 1166
959 15 1166
970 2 77
969 3 214
971 2 95
974 1 0
972 2 70
969 4 258
974 2 35
959 6 1358
959 8 1375
959 34 1386
959 14 1387
969 7 322
971 2 194
959 6 1427
959 7 1427
969 5 353
969 6 356
973 3 154
974 3 135
974 4 164
972 3 218
974 5 178
974 7 182
974 8 190
967 4 752
973 7 241
970 5 413
970 6 417
970 7 417
974 13 229
974 30 229
974 14 230
974 25 235
974 7 236
967 5 800
967 7 807
976 1 0
977 1 0
972 5 371
972 7 383
978 1 0
967 1 911
967 19 912
978 2 43
977 2 42
974 13 364
974 15 366
972 8 426
972 8 428
972 29 475
972 8 482
977 3 149
976 3 205
978 3 193
977 5 189
976 4 263
979 5 4
977 8 254
977 13 264
977 14 265
979 6 15
978 4 293
978 7 350
978 19 375
978 14 375
978 14 388
978 15 388
980 1 0
980 2 110
980 3 266
980 4 340
980 5 432
980 6 436
980 7 436
982 1 0
981 2 103
983 1 0
984 1 0
981 3 257
985 1 0
986 1 0
981 4 363
986 2 48
981 5 476
988 1 0
985 3 196
985 4 231
989 2 33
990 1 0
985 5 296
989 3 103
985 8 318
989 4 122
985 4 351
989 5 150
989 6 158
990 3 378
986 3 646
986 4 693
986 5 746
986 7 754
986 4 817
986 3 820
986 3 831
986 4 834
986 5 836
986 7 845
986 3 858
992 1 0
993 1 0
986 7 874
992 2 39
994 2 48
995 1 0
992 3 105
994 3 123
995 2 57
992 5 157
992 6 160
992 7 160
994 4 146
986 1 1031
994 6 183
994 7 183
992 136 215
992 14 218
994 8 240
994 8 257
994 8 269
994 13 279
994 14 280
994 15 280
995 5 261
995 6 277
995 8 314
995 8 369
994 7 473
997 1 0
996 2 64
996 2 74
996 2 84
