11 1 0
12 1 0
12 2 145
18 1 0
12 3 511
20 1 0
20 2 69
12 5 718
12 6 727
12 7 728
12 21 729
22 1 0
22 2 37
20 3 275
22 3 126
22 5 185
22 6 195
22 7 195
22 8 203
20 5 400
20 6 403
20 7 403
20 21 404
22 1 464
22 25 471
22 5 472
22 6 479
22 7 479
33 1 0
33 2 72
33 3 208
33 5 354
33 6 358
33 7 358
33 8 392
33 34 406
33 15 409
33 25 418
33 6 418
33 7 418
33 8 443
33 15 450
37 1 0
33 1 1294
33 5 1297
33 6 1302
33 7 1302
38 1 0
38 2 206
38 3 320
38 5 441
38 6 448
38 7 448
38 21 452
38 1 510
38 15 511
40 1 0
40 2 81
40 3 241
38 6 946
38 7 946
38 15 969
40 5 380
40 6 382
40 7 382
40 21 385
40 1 414
40 15 417
40 25 426
40 6 426
40 7 426
40 15 431
40 25 442
40 6 442
40 7 442
40 15 446
40 25 452
40 6 452
40 7 452
41 1 0
41 1 0
41 2 68
41 3 204
42 1 0
41 5 365
41 6 371
41 7 371
42 2 76
43 1 0
41 8 510
42 3 203
42 5 301
42 6 305
42 7 305
42 21 307
42 15 325
42 6 341
42 7 341
42 3 350
46 1 0
46 2 63
46 3 307
46 5 414
46 6 418
46 7 418
46 8 432
46 1 438
46 34 439
46 15 441
48 1 0
48 2 76
48 3 211
48 5 309
48 6 326
48 7 327
50 1 0
50 2 71
50 2 79
50 3 168
50 5 230
50 6 232
52 1 0
53 1 0
53 2 46
53 3 160
53 5 244
53 6 247
53 7 247
53 15 274
53 6 288
53 7 289
53 15 302
53 6 320
53 7 320
53 15 337
53 6 359
53 7 360
53 15 369
54 1 0
57 1 0
60 1 0
64 1 0
64 2 40
64 3 136
64 5 196
64 6 199
64 7 199
64 8 203
64 8 209
64 8 218
64 8 231
64 8 241
64 8 252
64 8 261
64 1 280
64 15 284
68 1 0
70 1 0
70 2 97
70 3 307
70 5 384
70 6 388
70 7 388
72 1 0
72 2 133
72 3 231
73 1 0
73 2 50
73 2 63
72 5 345
72 6 353
72 7 354
72 8 372
72 8 436
73 3 202
70 8 1123
70 34 1136
76 1 0
72 8 525
70 25 1144
70 6 1144
70 7 1144
70 8 1165
70 34 1169
72 3 549
70 25 1280
70 6 1280
70 7 1281
77 1 0
77 5 8
77 6 11
77 7 11
76 2 220
76 3 359
76 5 439
76 6 446
76 7 446
76 8 473
76 1 484
76 34 485
76 6 500
76 7 501
76 8 502
76 15 505
80 1 0
80 2 56
82 1 0
82 5 2
82 6 12
82 7 12
82 21 15
82 1 24
82 15 26
80 3 270
80 3 318
77 8 799
82 6 298
82 7 298
82 15 301
77 15 806
82 25 602
82 6 602
82 7 602
82 15 609
84 1 0
84 5 13
84 6 20
84 7 20
84 8 37
88 1 0
77 1 3015
77 5 3026
77 6 3030
77 7 3031
88 2 203
90 1 0
91 1 0
91 2 76
92 1 0
88 2 548
91 3 291
93 1 0
94 1 0
93 2 31
94 2 56
88 3 781
93 3 83
91 5 410
91 6 415
91 7 415
91 8 436
91 8 461
93 5 135
93 6 142
93 7 142
91 8 468
91 8 477
91 8 488
91 8 493
94 3 167
93 8 161
91 8 506
91 8 519
91 6 578
91 7 578
94 5 232
94 6 246
94 7 246
88 5 1162
88 6 1169
88 7 1169
98 1 0
98 1 50
100 1 0
100 2 112
103 1 0
100 3 412
103 2 69
103 2 105
105 1 0
105 2 126
103 3 315
107 1 0
103 5 412
103 6 414
105 3 237
107 2 73
105 5 358
105 6 367
105 7 367
105 1 414
105 6 440
105 7 440
109 1 0
100 5 1116
100 6 1133
100 7 1133
100 8 1141
111 1 0
100 15 1203
100 25 1215
100 6 1216
100 7 1216
100 15 1235
111 2 122
100 1 1335
100 25 1359
100 5 1362
113 1 0
100 6 1372
100 7 1372
113 5 6
113 6 10
113 7 10
113 8 16
113 8 23
113 8 27
100 15 1402
113 8 41
114 1 0
115 1 0
114 2 48
115 2 72
111 3 482
114 3 124
114 5 204
116 1 0
114 6 208
114 7 208
114 15 230
115 3 301
111 5 706
111 6 714
111 7 714
111 8 729
111 5 769
111 6 777
111 7 778
111 8 781
111 8 802
115 5 463
115 6 473
115 7 474
115 15 555
120 1 0
120 2 88
120 3 258
122 1 0
120 5 363
120 6 376
120 7 377
120 21 379
122 2 75
120 6 414
120 7 415
120 8 418
120 15 489
122 3 211
126 1 0
126 2 32
127 1 0
128 1 0
128 2 37
126 2 104
122 5 333
122 6 344
127 2 108
122 7 345
130 1 0
122 8 387
128 3 138
122 15 409
126 3 272
131 1 0
126 5 339
126 6 341
132 1 0
132 5 2
132 8 5
132 6 5
132 7 5
133 1 0
131 2 64
127 3 446
133 2 50
135 1 0
135 5 8
135 6 11
135 7 11
131 3 179
135 15 77
133 3 153
135 15 93
127 5 543
127 6 551
127 7 551
127 8 560
127 8 574
131 5 288
133 5 227
133 6 231
133 7 231
133 8 238
131 6 295
131 7 295
131 8 313
131 15 359
137 1 0
135 1 254
135 5 260
135 6 263
135 7 264
131 6 418
131 7 418
131 15 425
115 1 2069
115 5 2078
144 1 0
115 6 2087
115 7 2087
115 15 2091
144 2 50
122 6 1583
122 7 1583
145 1 0
146 1 0
147 1 0
145 2 42
148 1 0
146 2 44
149 1 0
151 1 0
145 3 178
146 3 174
146 5 199
146 6 224
146 7 225
145 5 267
145 6 275
145 7 275
146 1 273
145 8 299
145 8 311
145 15 320
146 25 306
146 6 318
146 7 324
153 1 0
146 8 336
151 2 182
146 8 354
154 1 0
151 2 207
122 8 2035
155 1 0
155 5 10
155 6 12
155 7 12
127 5 1804
156 1 0
146 8 400
146 8 401
146 8 402
146 8 402
122 15 2042
146 34 403
155 8 34
146 6 417
146 7 417
146 8 422
146 8 427
146 8 437
146 8 442
155 8 57
155 1 78
156 2 55
157 1 0
155 5 87
155 6 89
155 7 89
155 1 97
158 1 0
157 2 80
156 3 150
160 1 0
158 2 75
156 5 220
156 7 228
156 6 228
151 2 444
160 2 99
161 1 0
158 3 147
144 3 1111
158 5 204
158 6 208
158 7 208
157 3 283
162 1 0
160 3 193
151 3 609
158 15 259
158 25 273
158 6 273
158 7 274
158 8 277
144 5 1204
144 6 1211
144 7 1212
160 3 232
165 1 0
158 34 297
158 15 300
158 6 302
158 7 302
158 8 308
144 8 1244
157 3 370
158 15 323
157 5 457
157 6 463
157 7 463
157 8 478
157 8 490
157 3 514
151 5 840
151 6 844
151 7 844
151 21 847
165 2 229
144 8 1489
170 1 0
170 2 44
172 1 0
173 1 0
170 3 107
174 1 0
173 2 60
170 5 166
170 6 177
170 7 177
165 3 487
174 2 53
175 1 0
176 1 0
176 3 3
175 2 29
170 25 308
170 6 308
170 7 308
178 1 0
165 5 611
165 6 620
165 7 620
175 3 142
170 25 396
170 6 398
170 7 398
144 8 1887
144 15 1892
174 2 247
165 8 699
165 8 700
178 2 113
170 15 436
180 1 0
182 1 0
176 5 223
176 6 224
176 7 225
175 5 216
175 6 222
175 7 222
178 2 147
182 2 31
174 3 333
174 3 397
165 5 898
144 25 2115
144 6 2115
144 7 2115
176 8 362
173 3 491
184 1 0
165 6 920
165 7 920
182 3 163
165 8 949
165 34 949
165 6 955
165 7 955
165 8 959
151 1 1593
151 5 1605
151 6 1608
151 7 1609
151 21 1611
165 8 963
165 8 969
178 3 395
182 5 248
182 6 265
182 7 265
182 8 305
185 1 0
185 5 1
185 6 18
185 7 18
185 1 22
182 8 311
173 5 692
185 6 30
185 7 30
185 8 31
185 34 40
185 6 42
185 7 42
185 8 46
182 1 340
173 6 701
173 3 719
185 8 59
185 6 69
185 7 69
185 8 72
185 8 75
185 8 78
185 8 80
185 8 85
185 34 89
185 15 95
185 6 96
185 7 96
185 8 99
185 2 117
185 25 131
185 5 131
185 6 146
185 7 146
185 8 150
185 8 156
185 8 160
185 8 162
178 5 632
178 6 648
178 7 648
178 21 649
187 1 0
187 2 35
188 1 0
178 8 766
187 3 109
178 8 828
184 1 560
187 5 170
178 8 873
187 6 185
187 7 185
184 2 598
178 8 966
191 1 0
184 3 699
193 1 0
194 1 0
184 5 768
194 2 39
195 1 0
184 6 784
184 7 784
184 1 790
184 15 791
193 2 62
196 1 0
196 2 55
196 2 65
194 3 143
198 1 0
199 1 0
193 3 170
194 5 212
194 6 228
194 7 228
194 8 240
200 1 0
199 2 63
198 2 80
198 2 86
196 3 203
200 2 43
201 1 0
193 5 276
199 3 115
195 2 229
193 6 288
193 7 288
193 21 293
193 8 310
193 15 319
201 2 57
196 5 289
196 6 291
196 7 292
200 3 121
199 5 181
199 6 187
199 7 187
199 8 207
203 1 0
204 1 0
199 8 218
204 5 10
204 6 18
204 7 19
196 8 328
196 1 338
196 34 338
200 5 184
200 6 199
200 7 199
204 1 26
204 15 33
196 25 359
196 6 359
196 7 359
200 8 213
200 8 229
205 1 0
200 8 235
200 15 258
195 3 459
206 1 0
195 5 582
195 6 597
195 7 597
207 1 0
208 1 0
195 8 630
200 25 470
200 6 470
200 7 470
201 3 413
208 5 6
205 2 247
208 6 22
208 7 22
200 15 474
195 1 646
195 15 646
203 2 321
205 2 278
201 5 495
201 6 510
201 7 510
209 1 0
201 8 556
201 1 572
210 1 0
201 25 607
201 6 608
201 7 608
201 8 617
209 2 93
203 3 551
205 3 499
198 3 812
210 2 87
212 1 0
203 5 618
203 6 629
203 7 629
203 8 635
205 5 607
205 6 614
205 7 614
212 2 94
198 5 962
209 3 259
205 8 654
205 8 668
205 1 676
205 15 679
198 6 971
198 7 972
213 1 0
213 5 7
198 15 1007
209 3 326
213 6 23
213 7 23
213 8 47
214 1 0
210 3 327
216 1 0
213 8 83
213 8 101
203 8 865
216 2 44
209 5 439
210 5 429
209 6 448
209 7 448
210 6 444
210 7 444
178 3 2306
214 2 105
217 1 0
210 8 475
178 5 2342
178 6 2346
178 7 2346
178 21 2347
217 2 42
210 8 496
209 8 518
212 3 355
178 8 2361
213 8 217
216 3 142
203 8 1001
210 1 523
209 8 543
210 15 533
178 1 2402
178 15 2409
217 3 99
209 8 559
209 15 571
210 25 553
210 6 553
210 7 553
216 5 209
209 25 604
209 6 604
209 7 604
209 15 613
216 6 223
216 7 223
217 5 173
203 8 1075
203 8 1087
212 5 482
220 1 0
217 6 179
217 7 179
217 8 188
217 8 191
209 25 652
209 6 652
209 7 652
209 15 659
209 25 672
209 6 672
209 7 672
212 6 488
212 7 488
217 15 206
203 15 1141
221 1 0
209 8 676
209 15 683
217 25 267
217 6 267
217 7 267
217 8 269
217 8 273
217 8 275
217 15 279
209 25 756
209 6 757
209 7 757
209 15 764
221 2 96
221 2 100
214 3 478
223 1 0
217 25 411
217 6 411
217 7 411
224 1 0
214 5 566
217 15 461
221 3 250
214 6 575
214 7 575
224 2 81
224 2 111
217 25 549
217 6 549
217 7 549
217 8 552
217 15 554
226 1 0
221 5 413
227 1 0
228 1 0
228 1 1
224 2 211
221 6 417
221 7 417
221 15 445
224 2 243
224 3 262
214 15 843
230 1 0
231 1 0
233 1 0
230 2 83
231 2 88
230 2 240
235 1 0
235 5 2
231 3 246
231 3 269
230 3 342
236 1 0
239 1 0
231 3 366
240 1 0
231 5 422
231 6 427
231 7 427
240 2 42
231 15 480
241 1 0
241 2 46
240 3 155
214 6 1507
214 7 1507
230 5 687
230 6 695
230 7 695
240 5 237
240 6 242
240 7 242
241 3 171
240 8 255
240 15 261
230 6 742
230 7 743
240 6 281
240 7 281
240 15 290
243 1 0
241 5 240
241 6 256
230 15 777
244 1 0
241 7 256
245 1 0
241 8 280
230 6 815
230 7 815
240 6 369
240 7 369
243 2 63
230 3 818
244 2 42
240 8 372
241 1 325
241 5 328
241 6 337
241 7 337
241 8 340
241 15 344
245 2 92
241 6 384
241 7 384
241 8 396
241 15 400
241 6 403
241 7 404
241 8 405
246 1 0
241 15 408
245 2 137
244 3 161
246 2 68
243 3 253
236 1 667
247 1 0
248 1 0
247 2 33
244 5 321
244 6 327
244 7 328
246 3 200
248 2 39
243 5 360
243 6 365
243 7 367
247 3 105
250 1 0
250 5 3
251 1 0
250 6 20
250 7 20
250 8 35
247 5 153
247 6 156
247 7 156
252 1 0
246 5 307
246 6 317
246 7 317
248 3 175
245 3 464
244 8 529
244 8 547
253 1 0
248 5 255
248 6 260
248 7 260
252 2 112
244 8 567
245 3 568
252 2 138
251 2 191
248 8 326
253 2 85
254 1 0
244 8 639
252 3 226
244 8 688
255 1 0
256 1 0
254 2 90
258 1 0
252 5 287
252 6 297
252 7 297
259 1 0
258 2 41
258 2 44
256 2 82
259 2 52
260 1 0
261 1 0
255 2 177
262 1 0
260 2 53
253 3 370
262 2 46
254 3 285
261 2 76
265 1 0
266 1 0
251 3 573
265 2 46
256 3 319
255 3 327
266 2 61
261 3 165
262 3 188
260 3 238
259 3 327
254 5 427
254 6 437
254 7 438
265 3 129
268 1 0
268 5 5
253 5 575
253 7 580
253 6 580
268 6 10
268 7 10
268 1 18
268 15 21
270 1 0
265 5 197
265 6 202
265 7 202
255 5 443
255 6 447
255 7 447
255 8 456
271 1 0
256 5 470
265 15 217
273 1 0
258 3 451
274 1 0
256 6 475
256 7 475
256 21 476
259 5 442
259 6 455
259 7 455
270 2 61
255 8 517
262 5 347
260 5 382
260 6 390
260 7 390
260 21 392
259 8 462
273 2 64
271 2 70
255 8 547
266 3 260
244 15 1255
262 6 363
262 7 363
251 5 862
251 7 878
251 6 878
260 8 456
254 15 656
277 1 0
256 8 613
251 8 891
251 1 900
251 34 900
251 25 910
251 6 911
251 7 911
260 8 471
260 8 482
259 1 546
259 15 549
277 2 42
256 8 641
251 6 947
251 7 947
260 34 498
254 6 711
254 7 711
254 15 726
266 5 387
266 6 391
266 7 391
251 6 970
251 7 970
279 1 0
255 8 696
258 5 659
256 6 688
256 7 688
256 8 695
265 6 445
265 7 446
265 8 466
255 15 710
258 6 675
258 7 675
265 8 478
271 3 298
256 6 746
256 7 746
256 6 758
256 7 758
270 3 345
258 8 731
277 3 178
284 1 0
256 8 779
256 6 797
256 7 797
285 1 0
255 6 801
255 7 801
255 15 812
256 8 810
285 2 39
286 1 0
271 5 379
271 6 394
271 7 394
277 5 237
277 7 252
277 6 252
256 8 850
277 8 267
277 8 272
271 8 437
277 15 288
270 5 526
285 3 171
291 1 0
270 6 531
270 7 531
270 21 531
259 1 921
259 2 938
259 25 959
259 5 964
255 7 1034
255 6 1034
292 1 0
259 6 971
259 7 971
259 8 985
285 5 280
292 2 50
259 1 1000
259 15 1004
255 8 1072
285 6 282
285 7 282
285 15 314
285 6 331
285 7 331
285 3 335
255 5 1189
255 6 1195
255 7 1195
255 8 1204
296 1 0
255 8 1257
297 1 0
297 5 2
297 6 18
297 7 18
296 2 80
298 1 0
297 1 21
297 5 23
297 6 28
297 7 28
297 8 37
297 34 40
297 6 45
297 7 45
300 1 0
298 2 35
292 3 354
297 8 58
297 34 64
297 6 67
297 7 67
255 6 1371
255 7 1371
255 8 1388
297 8 85
297 34 89
255 8 1416
301 1 0
303 1 0
298 3 164
301 2 31
255 8 1516
296 3 262
303 5 36
304 1 0
304 2 13
304 2 17
304 2 18
304 2 19
304 2 19
304 2 19
303 6 41
303 7 42
303 8 62
298 5 213
298 6 222
298 7 222
305 1 0
298 8 253
298 15 264
298 25 266
298 6 266
298 7 266
306 1 0
306 5 3
306 6 9
306 7 9
303 1 102
303 5 122
303 6 129
298 8 269
298 15 281
307 1 0
305 2 53
303 7 129
303 8 134
303 1 163
303 5 180
303 6 186
303 7 187
296 5 434
296 6 438
296 7 438
296 8 446
296 5 451
296 6 457
296 7 458
303 8 194
298 25 363
298 6 364
298 7 364
298 8 375
308 1 0
305 3 130
296 8 487
298 8 390
298 8 399
301 3 270
298 8 408
298 8 412
309 1 0
306 8 137
306 1 145
306 15 151
303 8 253
308 2 33
305 5 218
307 2 187
305 6 232
305 7 232
305 1 242
303 1 314
303 2 352
308 3 139
301 5 390
301 6 393
301 7 393
296 15 629
309 2 148
296 6 661
296 7 661
303 3 416
301 8 436
303 3 433
310 1 0
308 3 241
303 2 470
303 3 484
303 5 493
303 6 498
303 7 499
303 1 506
303 15 511
309 3 245
308 2 312
308 2 317
307 3 415
309 5 324
309 6 326
309 7 326
309 21 330
309 8 343
309 15 357
309 25 368
309 6 368
309 7 368
309 8 373
307 5 580
301 15 748
307 6 589
307 7 589
255 8 2209
255 8 2235
307 8 652
307 8 684
307 8 695
307 8 711
307 8 737
307 8 743
255 2 2375
314 1 0
307 8 778
301 7 949
301 6 949
301 3 950
314 2 42
316 1 0
307 8 808
255 3 2428
307 15 839
255 5 2455
255 6 2459
255 7 2459
255 8 2476
316 2 56
314 3 182
318 1 0
255 15 2626
320 1 0
314 5 258
314 7 261
314 6 261
318 2 107
316 3 291
321 1 0
296 6 1543
296 7 1544
316 5 422
316 7 429
316 6 429
316 21 431
322 1 0
323 1 0
325 1 0
322 2 74
323 2 54
321 2 180
321 2 182
325 2 108
321 2 199
321 2 202
321 2 218
321 2 220
322 3 154
323 3 136
328 1 0
322 5 242
322 6 245
322 7 245
323 5 235
325 3 262
323 6 243
323 7 243
328 2 50
330 1 0
330 2 27
328 3 208
332 1 0
333 1 0
328 5 281
328 6 285
328 7 285
328 8 297
328 8 308
325 5 534
333 2 43
325 6 546
325 7 546
328 5 364
328 6 367
328 7 367
328 8 371
325 8 579
325 8 594
333 3 114
325 1 621
325 5 624
328 8 412
325 6 632
325 7 632
328 8 436
333 5 202
333 6 209
333 7 209
333 8 217
328 8 515
333 8 247
328 1 561
328 15 565
328 25 641
328 6 641
328 7 641
337 1 0
337 2 47
337 3 147
337 5 254
337 6 261
337 7 261
339 1 0
337 15 287
339 2 47
339 3 171
342 1 0
339 5 328
342 2 40
339 6 336
339 7 336
339 21 337
339 15 378
342 3 131
343 1 0
344 1 0
345 1 0
346 1 0
347 1 0
346 2 46
347 1 8
347 5 13
347 8 18
347 6 18
347 7 18
342 5 237
342 6 247
342 7 247
348 1 0
346 2 63
339 6 549
339 7 549
339 15 559
345 2 99
342 8 262
342 15 289
344 2 114
344 2 121
348 2 44
348 2 58
346 3 158
348 3 142
346 5 250
346 6 253
346 7 253
350 1 0
348 5 201
348 6 208
348 7 208
344 3 310
345 3 366
351 1 0
351 5 5
351 6 9
351 7 9
351 8 17
351 8 28
353 1 0
354 1 0
351 8 84
355 1 0
354 2 33
353 2 55
350 2 238
344 5 532
344 6 546
344 7 546
345 5 525
345 6 531
345 7 531
345 21 532
345 8 542
345 8 542
355 2 59
344 3 557
345 8 568
345 8 579
358 1 0
353 3 167
354 3 164
353 5 226
353 6 232
353 7 232
361 1 0
355 3 176
354 5 219
354 6 222
354 7 222
345 8 681
361 2 46
354 3 253
354 25 255
354 5 255
354 6 258
354 7 258
353 8 280
353 8 288
350 3 458
354 15 261
354 6 265
354 7 265
354 15 275
353 8 294
345 8 757
355 5 255
355 6 263
355 7 263
355 8 287
345 8 836
345 8 836
350 5 579
362 1 0
350 6 591
350 7 591
345 8 869
350 15 607
361 3 203
361 5 283
361 6 287
361 7 287
345 8 963
361 1 341
364 1 0
345 8 1006
364 2 54
345 5 1054
345 6 1061
345 7 1061
345 21 1062
345 8 1148
367 1 0
364 3 193
364 5 235
369 1 0
367 2 54
364 6 242
364 7 242
364 8 269
345 25 1270
345 6 1270
345 7 1270
364 1 273
364 34 273
345 8 1275
369 2 79
370 1 0
370 1 0
345 15 1381
345 25 1401
345 6 1401
345 7 1401
345 8 1408
369 3 172
367 3 246
369 5 207
369 6 211
369 7 211
367 5 360
372 1 0
367 6 372
367 7 372
367 21 373
367 8 409
372 2 91
373 1 0
374 1 0
367 8 460
367 15 497
373 2 50
373 2 70
375 1 0
374 2 110
372 3 351
373 3 267
374 3 299
372 5 436
373 5 331
373 6 340
373 7 340
378 1 0
372 6 446
372 7 446
372 8 452
372 8 462
373 8 361
373 8 364
379 1 0
372 8 469
372 8 474
372 8 479
373 5 403
374 5 382
374 6 385
374 7 385
374 21 389
374 8 405
380 1 0
372 1 500
372 15 501
373 6 411
373 7 411
373 8 418
380 2 43
374 15 460
378 2 108
373 1 521
373 34 521
382 1 0
382 2 39
383 1 0
380 3 253
382 3 137
384 1 0
374 1 722
380 5 335
380 6 339
380 7 339
380 21 341
384 2 66
380 15 370
380 25 379
380 6 379
380 7 380
380 15 388
378 3 473
386 1 0
384 3 179
386 2 83
378 5 604
378 6 608
378 7 609
378 15 774
378 25 788
378 6 788
378 7 789
378 15 807
378 25 812
378 6 813
378 7 813
378 2 847
378 25 881
378 5 882
378 6 888
390 1 0
378 7 889
390 2 189
393 1 0
394 1 0
393 2 53
395 1 0
394 2 31
394 2 36
395 2 38
393 3 140
390 3 353
395 3 124
397 1 0
394 3 151
393 5 243
398 1 0
393 6 249
393 7 249
393 15 257
398 2 39
395 5 216
395 6 220
395 7 221
397 2 79
399 1 0
400 1 0
398 2 45
395 8 239
399 5 10
399 6 19
399 7 19
399 15 23
400 2 86
402 1 0
397 3 197
403 1 0
404 1 0
407 1 0
404 2 74
408 1 0
397 5 304
397 6 307
397 7 307
403 2 68
397 8 360
409 1 0
409 5 4
409 6 12
409 7 13
409 15 19
398 3 352
400 3 303
411 1 0
403 3 241
404 3 239
411 2 63
411 2 104
400 5 444
400 6 446
400 7 446
414 1 0
414 1 4
400 8 486
403 5 380
403 6 390
403 7 390
415 1 0
400 5 501
400 6 503
400 7 504
404 5 405
400 15 520
404 6 419
404 7 419
414 2 55
403 8 442
398 5 621
415 2 69
398 6 629
398 7 630
400 6 559
400 7 559
400 8 571
404 15 467
400 3 586
411 3 274
403 8 477
416 1 0
416 1 0
403 8 502
416 2 33
414 3 164
403 8 518
415 3 147
398 8 709
398 34 731
403 2 552
298 1 7364
298 5 7369
398 25 745
398 6 745
398 7 745
298 6 7377
416 3 95
298 7 7377
417 1 0
418 1 0
398 8 786
415 5 232
415 6 235
415 7 235
414 5 234
414 6 238
414 7 238
414 8 257
411 5 397
411 6 400
411 7 400
403 3 623
417 2 26
418 2 41
403 5 642
403 6 652
403 7 652
398 8 827
416 5 195
416 6 201
416 7 201
416 8 233
417 3 118
418 3 144
398 8 928
398 8 941
419 1 0
398 8 957
417 5 210
418 5 233
419 2 35
417 6 221
417 7 221
418 6 246
418 7 246
418 8 265
398 34 1017
421 1 0
418 8 273
398 25 1042
398 6 1042
398 7 1042
398 8 1058
398 8 1062
417 8 279
417 8 290
418 8 304
418 8 317
418 15 321
398 8 1095
421 2 53
398 34 1117
398 25 1125
398 6 1125
398 7 1125
423 1 0
421 3 143
404 6 1042
404 7 1043
419 3 257
419 5 289
419 6 294
419 7 294
419 8 298
421 5 204
421 6 210
421 7 210
419 15 310
425 1 0
421 8 216
414 8 753
414 8 757
426 1 0
421 1 261
421 15 262
414 8 779
414 8 797
423 2 153
414 8 814
429 1 0
430 1 0
430 5 5
430 6 12
430 7 12
429 2 114
423 3 307
429 2 124
423 5 374
423 6 377
423 7 378
432 1 0
421 25 521
421 6 521
421 7 521
421 15 524
421 25 563
421 6 563
421 7 563
421 15 567
423 8 462
423 8 466
421 25 583
421 6 583
421 7 583
421 15 589
432 2 140
435 1 0
432 3 263
421 25 827
421 7 827
421 6 827
421 15 834
432 5 359
432 6 375
432 7 375
432 8 383
421 25 910
421 6 910
421 7 910
421 8 915
421 15 919
436 1 0
432 8 430
437 1 0
437 1 0
438 1 0
421 25 1026
421 6 1026
421 7 1026
437 2 66
421 15 1039
436 2 150
408 1 1954
438 2 126
439 1 0
437 3 184
421 25 1173
421 6 1173
421 7 1173
421 15 1186
441 1 0
437 5 284
437 6 290
437 7 290
441 2 69
438 3 282
437 8 333
442 1 0
437 5 390
437 6 397
437 7 397
437 8 429
443 1 0
438 5 401
438 6 418
438 7 418
437 8 455
443 2 39
438 8 437
441 3 253
438 1 457
438 15 458
438 6 479
438 7 479
446 1 0
438 6 493
438 7 493
446 2 33
449 1 0
450 1 0
438 15 530
443 3 168
451 1 0
451 1 0
436 3 603
441 5 369
441 6 373
441 7 373
450 2 47
441 15 404
441 6 415
441 7 415
446 3 105
452 1 0
451 2 60
441 15 421
441 6 425
441 7 425
441 8 432
452 2 41
453 1 0
443 5 247
443 6 252
443 7 252
441 8 447
441 8 455
441 8 463
446 5 171
446 7 187
446 6 187
443 8 261
443 8 267
443 8 271
443 8 290
443 8 299
443 8 305
443 8 310
450 3 171
436 5 745
436 6 749
436 7 749
441 34 510
441 15 515
451 3 191
451 3 201
454 1 0
452 3 148
454 2 52
455 1 0
438 6 800
438 7 800
452 5 207
452 6 217
452 7 217
454 3 111
438 15 821
436 2 867
438 6 838
438 7 838
452 8 238
451 5 310
451 6 326
451 7 326
438 8 848
450 5 352
438 34 879
438 15 884
438 25 888
438 6 888
438 7 888
450 6 368
450 7 368
438 8 903
454 5 168
438 8 916
454 6 173
454 7 173
450 8 394
438 34 926
454 8 179
438 15 932
436 25 973
436 5 973
436 6 982
436 7 982
454 8 211
450 8 446
450 1 455
450 34 455
450 15 467
461 1 0
462 1 0
461 2 42
450 7 581
450 6 581
374 1 4839
462 2 55
450 8 627
450 15 638
462 3 178
463 1 0
436 8 1350
464 1 0
465 1 0
462 5 252
462 6 256
462 7 256
463 2 82
462 8 298
436 1 1449
436 34 1449
462 8 326
436 6 1459
436 7 1459
462 8 358
466 1 0
466 1 4
467 1 0
463 3 195
462 15 377
436 8 1521
465 2 137
436 8 1550
436 34 1563
466 2 87
463 5 267
463 6 273
463 7 273
436 25 1587
436 6 1587
436 7 1587
436 8 1630
470 1 0
465 3 251
436 8 1653
436 34 1656
471 1 0
470 2 68
470 2 82
472 1 0
465 5 343
465 6 345
471 2 58
461 3 670
466 3 290
472 2 63
461 5 736
461 7 752
461 6 752
471 3 136
472 3 154
471 5 216
471 6 232
471 7 232
472 5 215
472 6 220
472 7 220
471 8 259
474 1 0
461 15 888
475 1 0
471 1 304
471 15 306
466 5 521
466 6 537
466 7 537
475 2 54
474 2 54
474 2 59
466 15 571
466 1 591
466 5 599
477 1 0
474 3 158
478 1 0
477 2 61
475 3 189
474 5 252
474 6 261
474 7 261
474 21 262
475 5 260
475 6 276
475 7 276
479 1 0
470 3 633
480 1 0
475 8 293
475 8 306
480 2 32
482 1 0
483 1 0
483 5 2
484 1 0
479 2 70
477 3 221
485 1 0
485 1 10
480 3 87
487 1 0
480 5 167
480 6 173
480 7 173
479 3 157
484 2 139
488 1 0
479 5 225
479 6 230
479 7 231
477 5 383
477 6 388
477 7 388
479 8 258
479 8 262
479 8 266
479 8 273
487 2 105
477 8 408
479 8 277
479 8 280
479 8 283
479 8 286
477 8 428
477 8 433
477 8 436
477 8 440
489 1 0
489 1 0
489 1 0
488 2 94
474 8 608
479 1 318
479 34 320
474 8 643
490 1 0
470 5 969
470 6 985
470 7 985
470 8 1029
470 1 1038
470 34 1038
485 2 326
484 3 377
490 2 86
491 1 0
491 1 0
491 1 0
492 1 0
493 1 0
495 1 0
496 1 0
496 1 0
496 1 0
488 3 289
485 3 414
493 2 58
493 2 64
498 1 0
492 2 129
485 5 478
485 6 482
485 7 483
488 5 404
488 6 420
488 7 420
499 1 0
490 3 280
498 2 65
501 1 0
488 8 451
485 8 618
488 15 503
488 25 510
488 6 510
488 7 510
492 3 289
488 25 539
488 6 539
488 7 539
490 5 384
490 6 400
490 7 401
490 21 403
485 8 668
488 8 553
498 3 192
490 8 415
487 3 625
470 6 1390
470 7 1390
488 8 579
498 5 297
487 5 711
487 6 727
487 7 728
485 8 798
498 6 313
498 7 313
490 8 532
487 15 741
490 8 552
492 5 453
492 6 468
492 7 468
492 21 469
490 8 565
490 8 573
506 1 0
490 1 592
490 5 611
492 1 511
492 15 531
490 6 627
490 7 628
490 21 629
492 25 539
492 6 539
492 7 539
492 15 543
507 1 0
506 2 177
492 6 711
492 7 711
492 5 729
492 6 746
492 7 746
492 21 747
506 3 322
509 1 0
511 1 0
509 2 46
506 5 415
506 6 418
506 7 419
511 2 53
506 8 445
514 1 0
506 1 469
506 15 470
515 1 0
509 3 140
514 2 38
516 1 0
517 1 0
511 3 174
516 2 37
515 2 87
514 3 119
514 3 132
517 2 50
511 5 235
511 6 251
511 7 252
518 1 0
514 5 192
514 6 196
514 7 196
514 8 203
519 1 0
509 5 307
509 6 323
509 7 324
514 8 217
516 3 153
518 2 59
516 5 227
516 6 231
516 7 231
515 3 288
517 3 216
521 1 0
514 1 353
514 15 354
521 2 53
519 2 181
517 5 301
517 6 305
517 7 305
515 3 399
524 1 0
525 1 0
524 2 58
517 8 426
521 3 227
519 3 403
521 5 301
521 6 312
521 7 312
524 3 235
519 5 558
519 6 562
519 7 562
519 21 564
493 3 1716
519 1 597
519 15 599
530 1 0
524 5 374
524 6 381
524 7 381
493 5 1800
493 6 1816
493 7 1816
493 21 1817
530 2 61
531 1 0
532 1 0
533 1 0
533 2 37
530 3 196
530 5 291
530 6 297
530 7 297
533 3 173
530 8 313
530 15 331
533 5 212
533 6 229
533 7 229
533 8 258
533 8 267
533 8 315
533 8 323
533 8 329
535 1 0
535 2 68
536 1 0
536 2 49
539 1 0
539 2 52
539 3 195
535 3 489
539 5 309
539 6 314
539 7 314
539 15 329
539 6 353
539 7 353
539 15 370
548 1 0
535 5 668
535 6 672
535 7 672
539 6 398
539 7 398
539 8 405
535 8 695
539 5 415
539 6 420
539 7 420
539 15 426
539 6 431
539 7 432
548 2 50
539 8 441
549 1 0
550 1 0
535 1 754
539 8 475
535 15 758
539 34 496
539 15 499
539 6 502
539 7 502
549 2 37
550 2 40
549 3 116
552 1 0
550 3 116
408 1 7690
553 1 0
550 5 187
549 5 189
549 6 204
549 7 204
552 2 98
550 6 202
550 7 203
550 1 216
553 2 40
550 5 219
539 1 742
539 5 748
539 6 761
539 7 762
539 8 767
553 3 106
539 8 784
553 5 173
553 6 179
553 7 179
553 8 187
553 1 204
553 15 207
552 3 327
552 5 419
552 6 432
552 7 432
552 8 459
552 8 473
552 8 478
552 1 505
552 15 505
548 3 770
560 1 0
561 1 0
563 1 0
548 5 894
548 6 896
565 1 0
563 2 73
566 1 0
568 1 0
568 2 72
566 2 94
570 1 0
563 3 209
570 2 71
565 2 192
566 3 210
563 5 288
563 6 297
563 7 297
563 21 301
572 1 0
566 3 259
570 3 186
565 3 323
560 2 419
560 2 422
572 2 46
530 6 2425
530 7 2426
530 3 2467
568 3 358
565 5 402
565 6 418
565 7 419
575 1 0
575 1 2
577 1 0
530 2 2515
578 1 0
565 15 484
575 2 97
560 3 611
577 2 68
530 25 2580
568 5 471
568 6 476
568 7 476
572 3 248
582 1 0
530 25 2609
530 5 2610
530 6 2614
530 7 2614
568 8 505
568 8 513
568 8 525
583 1 0
568 8 529
568 8 562
568 8 570
568 8 574
568 8 583
568 8 587
584 1 0
572 5 316
572 6 318
572 7 318
582 2 86
568 8 600
568 8 618
568 8 622
568 8 625
584 2 61
585 1 0
585 5 10
585 6 18
585 7 18
583 2 126
560 5 773
586 1 0
560 6 789
560 7 790
577 3 255
586 2 36
582 3 248
577 5 348
587 1 0
583 3 245
577 6 350
577 7 350
577 8 367
584 3 238
586 3 170
582 5 324
582 6 330
582 7 330
577 15 432
577 25 438
577 6 438
577 7 438
577 8 458
577 25 497
577 5 497
583 5 382
583 6 398
583 7 398
586 5 260
586 6 263
586 7 263
577 6 506
577 7 506
577 8 524
583 8 416
589 1 0
583 15 426
577 8 534
577 8 552
590 1 0
584 5 414
584 6 419
584 7 419
584 21 422
591 1 0
590 2 104
590 2 108
589 2 120
591 2 41
592 1 0
590 2 116
591 3 103
594 1 0
595 1 0
595 2 25
591 5 176
591 6 180
591 7 180
591 8 186
591 8 196
591 1 205
594 2 87
591 15 205
595 3 84
589 3 289
595 5 161
595 6 176
595 7 176
589 5 383
589 6 398
589 7 399
589 8 444
589 8 474
602 1 0
604 1 0
408 1 9867
594 3 332
602 2 70
604 2 75
570 1 1447
605 1 0
605 2 62
602 3 279
604 3 290
606 1 0
602 5 381
602 6 396
575 3 1446
606 2 43
602 2 433
604 5 437
604 6 448
604 7 448
604 8 458
602 3 497
610 1 0
606 3 147
575 5 1565
602 5 526
575 6 1581
575 7 1581
612 1 0
602 6 542
602 7 542
613 1 0
604 8 538
575 8 1632
612 2 43
606 5 236
575 8 1648
613 2 56
606 6 252
606 7 252
606 8 272
575 8 1676
575 8 1717
612 3 145
606 8 306
605 3 562
575 8 1785
613 3 164
604 7 710
604 6 710
604 8 717
616 1 0
612 5 267
605 5 664
605 6 678
605 7 678
575 8 1880
612 6 283
612 7 283
618 1 0
613 5 285
613 6 300
613 7 301
604 6 856
604 7 856
616 2 80
612 8 313
605 8 729
605 1 746
613 15 332
605 15 767
575 8 1956
612 8 363
612 8 386
612 8 399
612 8 421
612 8 430
620 1 0
613 25 432
613 6 432
613 7 432
621 1 0
616 3 239
618 2 179
622 1 0
620 2 77
624 1 0
616 5 334
622 2 80
616 6 350
616 7 350
625 1 0
624 2 51
620 3 208
626 1 0
627 1 0
618 3 407
616 15 479
624 3 165
628 1 0
618 5 506
620 5 362
618 6 512
618 7 513
624 5 255
624 6 270
624 7 271
620 6 374
620 7 374
620 8 385
618 8 548
620 5 397
620 6 414
620 7 414
630 1 0
630 2 7
624 15 323
620 8 429
628 2 153
605 25 1375
605 6 1375
605 7 1375
605 8 1380
605 15 1396
632 1 0
633 1 0
634 1 0
628 3 347
633 2 51
634 2 71
633 3 135
633 5 204
633 6 209
633 7 210
633 8 214
635 1 0
633 8 245
628 5 551
628 6 554
628 7 554
628 21 560
633 8 264
628 8 573
634 3 254
628 15 601
633 15 310
634 5 298
634 6 305
634 7 305
633 25 404
633 6 405
633 7 405
633 8 411
633 8 422
628 1 733
628 5 739
628 6 743
628 7 743
633 15 447
628 21 747
636 1 0
637 1 0
637 5 8
638 1 0
408 1 11996
637 6 23
637 7 24
639 1 0
640 1 0
640 5 7
640 6 12
640 7 12
641 1 0
639 2 49
640 1 57
640 15 58
641 2 80
636 2 217
638 2 170
642 1 0
639 3 174
644 1 0
622 3 1351
642 2 79
639 5 245
639 6 248
644 2 71
637 645 300
628 1 1167
628 1 1167
639 25 273
639 5 274
639 6 276
628 5 1172
628 5 1174
628 6 1176
628 7 1176
628 6 1177
628 7 1177
628 21 1180
641 3 271
637 25 356
637 6 356
637 7 357
637 8 364
641 3 294
647 1 0
622 5 1520
639 2 348
644 3 179
622 7 1527
622 6 1527
638 3 412
639 3 394
639 5 407
647 2 51
641 5 371
639 6 410
639 7 410
641 6 388
641 7 388
644 5 239
644 6 243
644 7 243
641 8 410
641 8 413
644 8 252
641 15 431
644 8 272
644 8 282
651 1 0
642 3 344
638 5 551
638 6 557
638 7 557
652 1 0
647 1 191
641 6 503
641 7 503
638 8 570
652 5 7
652 6 12
652 7 12
652 8 19
654 1 0
641 15 527
644 34 371
651 2 71
651 2 93
638 1 594
638 15 597
644 15 376
647 2 236
638 6 643
638 7 644
642 5 464
642 6 465
654 2 49
641 6 583
641 7 583
641 15 592
651 2 151
642 2 499
656 1 0
654 3 124
652 8 179
642 3 559
656 2 61
642 25 574
642 5 574
642 6 575
654 5 193
644 7 536
644 6 536
644 8 546
651 3 247
642 2 593
642 25 612
642 5 612
642 6 615
642 25 621
642 5 621
654 6 208
654 7 208
654 8 215
642 6 622
642 25 632
642 5 632
642 6 635
654 8 242
659 1 0
652 8 278
651 5 339
651 6 354
651 7 354
642 25 686
642 5 686
642 6 688
642 2 706
659 2 44
641 6 833
641 7 833
651 1 380
651 15 381
642 25 741
642 5 741
642 6 748
642 7 748
661 1 0
659 3 117
662 1 0
652 8 413
642 8 799
642 5 810
642 6 815
642 7 815
661 2 67
659 5 185
661 2 75
659 6 201
659 7 201
659 8 219
651 6 531
651 7 531
642 1 875
642 15 875
652 8 500
659 8 238
651 8 565
651 8 575
659 8 271
651 8 580
651 8 598
651 8 603
652 1 554
652 15 556
663 1 0
663 5 4
664 1 0
663 6 20
663 7 20
663 8 25
663 8 33
663 8 36
663 8 44
661 3 266
665 1 0
666 1 0
666 2 39
661 5 331
661 6 335
661 7 335
664 2 92
642 6 1108
642 7 1108
663 15 200
663 6 212
663 7 212
663 8 220
666 3 130
628 1 2234
628 5 2237
628 6 2240
628 7 2240
668 1 0
642 6 1196
642 7 1197
665 2 196
666 5 198
666 6 201
666 7 201
642 15 1252
628 25 2290
628 6 2290
628 7 2290
628 1 2304
628 5 2310
668 2 47
642 6 1255
642 7 1255
628 6 2313
628 7 2313
669 1 0
666 3 237
669 1 17
670 1 0
671 1 0
669 1 29
669 5 43
669 6 55
669 7 56
664 3 343
669 8 78
672 1 0
668 3 185
671 2 71
669 8 94
669 8 138
664 5 440
664 6 451
672 2 92
674 1 0
659 8 818
664 7 452
675 1 0
664 21 456
675 5 12
675 6 18
675 7 19
668 5 260
668 6 277
668 7 277
670 2 174
676 1 0
664 8 486
675 15 34
676 2 46
665 3 506
677 1 0
674 2 95
668 8 354
671 3 241
659 8 924
664 34 573
664 15 576
676 3 156
672 3 299
670 3 356
671 5 344
671 6 349
671 7 349
677 2 146
671 8 363
671 8 377
671 3 384
678 1 0
670 5 437
679 1 0
676 5 269
676 6 285
676 7 285
665 5 725
675 1 311
665 6 740
665 7 740
675 5 323
675 8 327
675 6 328
675 7 328
670 6 455
670 7 455
670 8 464
678 2 63
670 8 479
680 1 0
665 8 762
665 8 763
681 1 0
670 8 497
674 3 353
679 2 58
677 3 303
672 5 482
672 6 487
672 7 487
680 2 43
682 1 0
679 3 184
678 3 216
674 5 494
674 6 508
674 7 509
677 5 462
682 2 81
674 15 545
679 5 266
677 6 479
677 7 479
679 6 270
679 7 270
679 8 291
679 8 299
679 8 303
679 8 311
685 1 0
674 1 635
679 8 350
677 8 573
686 1 0
678 5 371
678 6 376
678 7 376
674 5 645
674 8 652
674 6 652
674 7 652
679 8 383
677 8 602
678 6 423
678 7 423
677 8 642
686 2 63
677 15 664
682 3 315
674 15 823
686 3 209
682 5 433
682 6 448
682 7 449
682 8 472
686 5 298
686 6 306
686 7 306
686 8 317
682 6 508
682 7 509
682 15 536
408 1 14647
408 5 14656
408 6 14666
408 7 14666
686 8 378
680 3 694
686 8 409
680 5 750
680 6 753
680 7 753
408 1 14738
408 5 14750
408 6 14758
680 8 781
408 7 14759
680 8 792
680 8 799
688 1 0
680 8 806
680 8 811
682 6 711
682 7 712
682 8 715
680 8 817
680 8 829
689 1 0
682 34 719
682 15 726
689 2 60
691 1 0
691 5 19
691 6 24
691 7 24
688 2 113
691 8 37
682 25 838
682 6 838
682 7 839
680 34 989
682 6 872
682 7 872
680 25 995
680 6 995
680 7 995
680 8 1009
680 34 1011
680 15 1015
680 25 1016
680 6 1017
680 7 1017
691 1 171
688 3 267
689 3 258
694 1 0
682 5 979
682 6 993
682 7 993
695 1 0
694 2 79
695 2 57
689 5 394
689 6 397
689 7 397
698 1 0
694 3 186
695 3 142
699 1 0
698 2 84
694 5 255
694 6 258
694 7 258
694 21 262
695 5 238
695 6 257
695 7 257
700 1 0
695 8 299
700 2 48
701 1 0
700 2 55
703 1 0
701 2 53
704 1 0
703 2 28
703 3 61
705 1 0
698 3 329
704 2 61
703 5 90
703 6 93
703 7 93
703 8 102
700 3 182
703 8 113
705 2 72
700 5 276
700 6 286
700 7 286
704 3 179
708 1 0
698 5 492
688 5 930
688 6 944
688 7 944
698 6 501
698 7 501
705 3 218
698 8 547
704 5 274
711 1 0
688 8 984
704 6 288
704 7 288
704 15 316
711 2 74
688 8 1054
705 5 303
705 6 319
705 7 320
705 8 336
705 8 347
704 1 423
704 2 450
704 3 491
704 5 503
704 6 508
704 7 508
704 15 513
713 1 0
714 1 0
711 3 321
715 1 0
716 1 0
718 1 0
713 2 91
711 5 411
711 6 418
711 7 418
714 2 126
711 8 494
720 1 0
711 5 518
711 6 526
711 7 526
675 1 2657
675 5 2670
711 8 548
720 2 57
675 8 2676
675 6 2676
675 7 2677
711 8 570
675 15 2725
714 3 271
721 1 0
713 3 356
720 3 197
714 5 348
714 6 352
714 7 352
714 8 369
647 1 4097
723 1 0
724 1 0
714 25 388
714 6 388
714 7 389
647 2 4132
714 8 418
713 5 447
713 6 453
713 7 453
723 2 53
723 2 54
723 2 61
714 8 462
725 1 0
720 5 305
720 6 313
720 7 313
720 21 315
720 8 326
714 34 475
714 15 480
724 2 99
714 25 487
714 6 488
714 7 488
725 2 51
720 8 342
720 8 354
714 8 500
714 8 510
726 1 0
714 8 528
725 2 53
713 8 528
727 1 0
720 8 365
723 3 165
713 8 587
725 3 132
730 1 0
723 5 248
723 6 251
723 5 268
723 6 270
726 2 144
633 25 5336
633 6 5336
633 7 5337
633 15 5343
723 3 275
727 2 160
725 5 242
725 6 245
725 7 245
725 15 256
730 2 49
731 1 0
731 5 2
731 6 6
731 7 7
732 1 0
731 1 54
731 15 55
730 3 147
727 3 289
730 5 198
730 6 200
730 7 200
727 5 453
727 6 456
727 7 456
727 8 476
727 8 488
727 8 500
727 8 506
727 8 513
726 3 594
724 3 764
726 5 655
726 6 658
726 7 658
738 1 0
739 1 0
739 5 1
739 6 4
739 7 4
647 1 4904
739 1 13
739 15 14
731 1 497
726 8 701
731 5 499
731 6 503
731 7 503
731 1 515
731 15 517
740 1 0
740 5 5
740 7 10
740 6 10
731 1 548
731 5 550
731 6 556
731 7 556
738 2 98
742 1 0
731 8 566
625 2 6406
731 1 595
731 15 596
742 2 64
724 5 963
743 1 0
724 6 968
724 7 968
744 1 0
744 5 4
744 6 11
744 7 12
726 8 878
744 15 18
724 8 1019
625 2 6557
738 3 271
724 1 1092
724 15 1094
625 3 6592
745 1 0
746 1 0
746 5 3
746 6 12
746 7 12
746 15 25
625 5 6681
625 6 6685
625 7 6685
745 2 84
745 2 87
625 8 6719
749 1 0
750 1 0
750 2 63
749 2 108
745 3 265
711 15 2215
750 3 204
753 1 0
731 1 1176
731 5 1178
731 6 1182
731 7 1182
754 1 0
755 1 0
755 5 4
754 5 5
754 6 10
754 7 10
749 3 303
755 6 10
755 7 10
753 2 67
750 5 300
750 6 308
750 7 308
753 2 99
750 8 347
753 2 141
750 8 368
750 15 376
731 8 1340
731 1 1343
731 15 1344
750 6 392
750 7 393
750 8 397
625 8 7193
625 8 7210
750 8 448
759 1 0
760 1 0
759 2 45
749 5 592
749 6 600
749 7 600
749 21 602
761 1 0
761 5 6
761 6 9
761 7 9
761 8 18
763 1 0
761 8 39
749 3 649
759 3 165
761 15 62
761 6 72
761 7 72
763 2 48
759 5 227
759 6 230
759 7 230
759 1 247
759 6 258
759 7 258
759 3 261
765 1 0
763 3 152
765 2 69
763 5 230
763 6 244
763 7 244
760 2 474
765 3 206
760 3 553
768 1 0
763 8 420
749 1 1085
770 1 0
760 5 624
760 6 640
760 7 640
760 8 651
771 1 0
749 1 1136
760 1 656
760 15 658
768 2 113
749 5 1154
749 6 1161
749 7 1162
770 2 61
771 2 54
772 1 0
774 1 0
768 3 229
772 2 65
774 2 46
770 3 194
777 1 0
771 3 234
772 3 192
774 3 172
771 5 310
771 6 314
771 7 314
770 5 346
770 6 349
770 7 349
774 5 242
780 1 0
770 15 392
774 6 246
774 7 246
782 1 0
772 5 357
772 6 373
772 7 373
774 8 350
768 5 591
768 6 606
768 7 606
785 1 0
786 1 0
774 8 600
785 2 51
786 2 72
787 1 0
787 2 54
774 8 665
789 1 0
785 3 145
786 1 183
785 5 212
785 6 215
785 7 215
785 8 226
787 3 198
790 1 0
768 8 1068
768 1 1073
768 15 1073
791 1 0
790 2 31
787 5 253
787 6 258
787 7 259
791 2 35
787 8 281
791 25 87
791 5 88
791 6 91
791 7 91
792 1 0
790 3 137
793 1 0
790 5 191
792 2 57
793 25 38
790 6 198
790 7 198
790 8 220
794 1 0
795 1 0
790 8 240
794 2 47
796 1 0
793 25 121
795 2 74
797 1 0
793 25 188
793 3 189
787 15 578
793 25 211
797 2 54
793 5 221
793 6 226
793 7 226
793 21 231
727 1 3616
727 5 3618
793 8 250
794 3 260
795 2 230
794 5 325
794 6 328
794 7 328
792 3 372
794 8 356
794 1 361
797 3 203
794 15 362
797 5 312
797 6 315
797 7 315
792 5 531
792 6 534
792 7 534
797 2 351
797 25 375
797 5 376
797 6 378
797 7 379
790 8 757
790 8 766
768 7 1826
768 6 1826
768 8 1827
768 8 1839
805 1 0
790 15 775
797 2 468
805 2 55
790 25 880
790 6 880
790 7 880
797 3 537
797 5 562
797 6 565
797 7 565
797 8 577
797 8 605
806 1 0
794 6 847
794 7 847
806 2 54
805 3 378
808 1 0
811 1 0
805 5 442
805 6 452
812 1 0
805 7 453
806 3 176
813 1 0
814 1 0
815 1 0
816 1 0
811 2 89
813 2 63
806 5 263
806 6 265
806 7 265
806 21 269
805 8 563
806 8 285
817 1 0
815 2 99
815 2 115
815 2 117
806 8 333
815 2 126
818 1 0
808 2 300
808 2 303
813 3 193
818 2 72
815 3 267
811 3 328
813 5 307
808 3 404
820 1 0
813 6 312
813 7 312
813 8 345
822 1 0
808 5 514
820 2 94
815 5 385
815 6 389
815 7 389
808 6 521
808 7 521
818 3 228
808 8 528
823 1 0
822 2 49
808 8 564
808 8 574
815 8 429
811 5 495
811 6 499
811 7 499
808 8 596
818 3 302
825 1 0
825 2 22
825 2 28
815 15 514
822 3 162
790 1 1810
790 5 1811
823 2 122
818 5 394
818 6 400
818 7 400
825 3 100
790 6 1819
790 7 1819
790 8 1825
790 34 1833
790 15 1838
818 8 413
825 5 143
825 6 151
825 7 151
825 8 163
820 3 323
825 8 196
828 1 0
818 3 519
818 3 521
825 8 210
825 8 224
825 8 232
825 8 243
818 3 575
818 5 583
818 6 587
818 7 587
808 8 967
808 15 992
820 5 561
820 6 565
820 7 565
820 21 568
823 3 433
820 1 599
820 15 599
808 25 1091
808 6 1091
808 7 1091
808 8 1096
808 15 1116
777 1 2989
777 5 2993
777 6 2999
777 7 2999
777 1 3003
777 5 3006
777 6 3009
777 7 3009
830 1 0
831 1 0
777 8 3012
777 8 3014
777 8 3022
777 8 3024
777 8 3027
830 2 33
831 2 54
777 8 3075
777 8 3079
777 8 3085
777 8 3095
830 3 94
823 5 653
823 6 656
823 7 656
823 21 660
834 1 0
836 1 0
837 1 0
777 8 3234
777 15 3241
834 2 135
837 2 78
831 3 275
839 1 0
808 25 1495
808 6 1495
808 7 1495
808 8 1505
831 5 366
831 6 381
831 7 381
808 8 1516
808 8 1549
808 15 1596
837 3 288
831 8 498
831 34 509
831 15 512
834 3 434
840 1 0
837 5 373
837 6 376
837 7 376
837 8 396
837 3 441
834 5 511
834 6 516
834 7 516
834 21 520
841 1 0
841 2 70
842 1 0
843 1 0
843 2 36
842 2 61
842 2 63
842 2 78
845 1 0
846 1 0
841 3 201
845 2 49
842 3 196
841 5 321
841 6 326
841 7 327
845 3 154
841 8 343
848 1 0
849 1 0
850 1 0
845 5 227
845 6 234
845 7 234
851 1 0
841 8 403
849 5 7
849 6 14
849 7 15
850 2 34
841 8 443
849 15 49
852 1 0
841 8 513
850 3 165
852 2 71
852 2 72
841 8 562
853 1 0
850 5 241
850 6 256
850 7 256
850 8 268
850 15 294
850 6 357
850 7 357
849 6 368
849 7 368
850 8 502
850 15 505
855 1 0
855 2 24
855 2 43
855 3 157
856 1 0
857 1 0
857 2 59
857 3 170
858 1 0
857 5 280
857 6 289
857 7 290
859 1 0
857 8 345
841 15 1602
857 8 382
858 1 102
859 2 120
860 1 0
861 1 0
860 2 48
862 1 0
861 2 52
863 1 0
859 3 327
864 1 0
863 2 42
862 2 86
865 1 0
860 3 215
863 3 105
863 5 146
863 6 149
863 7 149
862 3 187
863 8 166
738 5 7544
738 6 7552
738 7 7552
865 2 75
860 5 325
860 6 330
860 7 331
863 8 196
857 8 835
865 3 157
860 8 364
861 3 329
863 2 258
863 25 264
863 5 264
863 6 267
863 7 267
862 5 311
862 6 315
862 7 315
860 15 400
863 8 273
863 8 281
863 1 291
863 6 300
863 7 300
738 8 7682
863 6 315
863 7 315
863 8 316
863 8 321
863 15 327
861 5 410
861 6 419
861 7 419
862 8 378
862 1 402
865 5 281
738 8 7774
865 6 289
865 7 289
865 21 290
865 8 297
865 1 311
870 1 0
865 15 312
862 1 444
862 15 444
871 1 0
768 8 6346
861 8 546
861 8 553
768 8 6355
768 8 6359
768 8 6362
768 8 6373
870 2 94
861 8 581
738 5 7880
738 6 7891
738 7 7891
768 8 6390
865 25 418
865 6 418
865 7 418
861 8 598
873 1 0
738 8 7909
768 8 6412
865 15 435
768 8 6425
768 8 6433
861 8 634
861 8 647
862 25 608
862 6 608
862 7 608
861 8 666
861 8 678
873 2 66
865 25 502
865 6 502
865 7 503
862 8 629
862 15 641
870 2 202
877 1 0
878 1 0
877 2 44
861 8 843
873 3 271
870 3 418
877 3 133
870 5 455
870 6 459
870 7 459
877 5 204
877 6 207
877 7 207
861 8 996
881 1 0
882 1 0
882 5 4
882 6 11
882 7 11
883 1 0
873 5 499
873 6 509
873 7 510
881 2 45
884 1 0
886 1 0
883 2 67
782 2 6505
886 5 8
886 6 15
886 7 15
886 8 24
886 8 28
884 2 74
886 8 40
886 8 45
886 34 68
878 2 502
883 3 217
884 3 190
881 3 257
878 3 588
883 5 277
883 6 280
883 7 280
884 5 259
881 5 319
881 6 324
881 7 324
884 6 268
884 7 268
883 6 298
883 7 298
883 8 306
884 8 277
884 8 292
884 8 299
884 8 301
881 8 363
883 8 336
888 1 0
881 15 391
878 5 680
878 6 684
878 7 685
884 8 337
884 8 348
884 8 352
884 8 354
888 2 81
881 25 483
881 6 483
881 7 483
881 8 505
881 15 512
782 3 6979
883 8 581
889 1 0
890 1 0
889 2 43
782 5 7064
782 6 7071
782 7 7071
890 2 49
893 1 0
893 2 65
888 3 386
894 1 0
894 5 8
894 6 13
894 7 13
894 8 27
894 15 48
889 3 193
782 8 7242
888 5 524
888 6 529
888 7 529
890 3 261
889 5 283
889 6 285
889 7 285
888 8 561
886 1 826
889 8 323
888 8 589
886 25 845
886 5 847
886 6 853
886 7 853
886 8 855
886 8 864
889 34 352
889 15 354
889 6 364
889 7 364
889 3 366
888 8 623
888 8 639
890 5 388
890 6 396
890 7 396
898 1 0
890 8 424
899 1 0
899 2 35
898 2 71
898 2 80
899 3 131
898 3 184
899 5 206
899 6 209
899 7 209
899 6 225
899 7 225
899 6 244
899 7 244
899 6 252
899 7 252
898 5 268
898 6 281
898 7 281
898 8 300
902 1 0
898 8 480
903 1 0
904 1 0
904 2 63
904 3 173
906 1 0
907 1 0
907 2 60
904 5 423
904 6 426
904 7 426
904 21 428
904 8 455
908 1 0
908 5 5
908 6 8
908 7 8
908 8 13
909 1 0
907 3 208
910 1 0
909 5 11
909 6 20
909 7 21
908 15 70
904 1 592
904 34 593
907 5 295
907 6 299
907 7 299
912 1 0
913 1 0
912 2 36
912 3 98
914 1 0
912 5 152
912 6 157
912 7 157
912 8 164
912 34 179
912 15 182
912 25 188
912 6 189
912 7 189
912 8 197
912 34 202
912 25 204
912 6 204
912 7 205
913 2 197
907 8 695
914 2 130
915 1 0
907 5 765
907 6 769
907 7 769
915 2 81
916 1 0
914 3 279
916 2 69
914 5 404
914 6 407
914 7 407
915 3 332
850 1 5474
850 5 5477
914 8 501
915 5 448
915 6 451
915 7 451
916 3 336
913 3 752
916 5 471
916 6 479
916 7 479
919 1 0
920 1 0
913 3 945
919 2 51
922 1 0
923 1 0
920 2 124
922 2 62
924 1 0
924 5 3
924 8 11
924 6 11
924 7 11
923 2 165
923 2 168
924 8 25
924 1 31
924 15 34
922 3 179
919 3 282
920 3 317
927 1 0
922 5 304
927 1 8
927 5 10
927 6 14
927 7 14
922 6 310
922 7 310
922 8 343
922 34 359
919 5 469
919 6 478
919 7 479
922 6 375
922 7 376
922 15 385
923 3 404
920 5 500
920 6 503
920 7 503
919 15 526
920 8 529
920 8 571
920 1 645
920 15 646
922 6 616
922 7 617
922 15 629
919 6 725
919 7 726
919 3 742
920 6 919
920 25 919
920 7 919
920 8 997
932 1 0
934 1 0
932 2 64
935 1 0
936 1 0
939 1 0
940 1 0
941 1 0
940 2 172
942 1 0
940 2 218
940 3 295
940 5 346
940 7 350
940 6 350
940 1 360
940 5 368
940 6 372
940 7 372
940 15 391
945 1 0
945 5 7
945 6 10
945 7 10
946 1 0
946 2 35
945 2 108
946 3 113
945 3 195
945 5 236
945 6 239
945 7 239
946 5 182
946 6 198
946 7 198
946 8 217
945 15 274
947 1 0
947 1 0
947 5 3
947 5 6
945 6 371
945 7 371
947 6 21
947 7 21
948 1 0
948 2 182
950 1 0
951 1 0
952 1 0
952 1 15
950 2 96
952 2 68
952 2 75
952 2 82
948 3 394
952 3 204
948 5 444
948 6 449
948 7 450
950 3 248
950 5 388
952 3 351
950 6 393
950 7 393
950 8 422
950 8 444
957 1 0
958 1 0
958 5 4
958 6 12
958 7 12
959 1 0
959 2 72
957 2 186
960 1 0
960 1 2
960 1 3
960 1 4
961 1 0
952 1 1041
958 8 347
952 2 1062
960 2 115
962 1 0
952 3 1103
963 1 0
961 2 77
964 1 0
959 3 345
952 5 1173
952 6 1183
952 7 1183
952 1 1229
952 15 1231
960 3 311
959 5 460
959 6 468
959 7 468
959 15 499
961 3 273
960 5 435
959 6 581
959 7 581
959 15 595
957 3 681
961 5 377
960 6 441
960 7 441
960 8 450
960 8 458
960 8 461
961 6 385
961 7 386
952 6 1408
952 7 1408
952 8 1426
960 8 486
961 8 422
961 8 440
961 8 466
960 8 563
966 1 0
967 1 0
966 2 63
966 3 172
967 2 189
959 6 1016
959 7 1016
966 5 271
966 6 279
966 7 279
966 8 286
966 15 297
968 1 0
959 5 1020
959 6 1028
959 7 1028
959 15 1085
969 1 0
969 2 54
959 6 1143
959 7 1143
959 15 1166
972 1 0
973 1 0
969 3 214
972 2 70
973 2 57
959 6 1358
959 7 1358
959 8 1375
967 2 590
959 34 1386
969 5 318
969 6 322
969 7 322
959 6 1427
959 7 1427
969 5 353
969 6 356
969 7 356
973 3 154
972 3 218
967 3 717
973 5 238
973 7 241
973 6 241
967 5 800
967 6 806
967 7 807
976 1 0
977 1 0
972 5 371
972 6 382
972 7 383
978 1 0
976 2 72
967 1 911
978 2 43
977 2 42
972 8 426
972 8 428
972 8 482
972 34 485
977 3 149
976 3 205
978 3 193
977 5 189
977 6 192
977 7 192
977 8 224
977 8 230
977 8 248
977 8 254
977 15 265
978 5 337
978 6 350
978 7 350
978 15 388
980 1 0
980 2 110
980 3 266
980 5 432
980 6 436
980 7 436
982 1 0
985 1 0
986 1 0
986 2 48
986 2 58
985 2 74
987 1 0
988 1 0
988 2 79
985 3 196
985 5 296
985 6 304
985 7 304
985 8 318
986 3 646
986 5 746
986 6 754
986 7 754
986 8 769
986 3 820
986 3 831
986 5 836
986 6 845
986 7 845
986 3 850
986 3 858
986 5 863
991 1 0
992 1 0
994 1 0
986 6 874
986 7 874
986 8 883
992 2 39
991 2 42
994 2 48
995 1 0
992 3 105
994 3 123
995 2 57
992 5 157
992 6 160
992 7 160
986 1 1031
986 34 1031
986 15 1049
994 5 175
994 6 183
994 7 183
992 1 215
992 15 218
994 8 228
994 8 240
994 8 253
995 3 169
994 8 257
994 8 265
994 8 269
994 8 271
994 15 280
995 5 261
995 6 277
995 7 277
995 8 314
995 8 369
995 8 394
994 6 473
994 7 473
996 1 0
997 1 0
996 2 64
996 2 74
996 2 74
996 2 84
