12 3 511
17 3 321
22 3 126
24 27 131
24 3 245
24 29 308
24 29 325
24 29 338
24 13 344
24 30 344
32 3 149
40 3 241
45 3 139
45 13 202
47 3 121
59 3 139
59 34 322
64 3 136
64 13 280
65 13 41
71 3 127
72 3 231
72 29 420
73 3 202
74 3 180
72 3 549
82 13 24
82 30 24
82 13 301
82 30 301
82 13 607
82 30 607
91 3 291
88 3 781
91 29 548
91 29 553
91 29 555
96 3 118
96 13 227
97 3 278
100 3 412
106 3 160
106 13 293
106 30 293
106 13 457
106 30 457
114 3 124
114 13 228
114 30 228
115 3 301
115 13 554
118 3 124
117 3 212
118 13 260
118 30 260
120 3 258
117 13 359
117 30 360
118 13 374
118 30 375
120 27 390
120 13 488
120 30 488
122 3 211
128 3 138
122 13 406
131 3 179
131 13 358
131 30 358
131 13 422
131 30 422
115 13 2091
143 3 190
141 3 264
141 34 449
122 13 2040
122 30 2040
152 3 174
159 3 111
158 3 147
157 3 283
151 3 609
158 34 297
157 3 370
159 29 285
158 13 322
152 27 646
157 3 514
175 3 142
181 3 191
178 3 395
185 34 40
185 34 89
185 29 167
178 29 821
178 29 860
178 29 932
190 3 231
194 3 143
194 29 277
205 3 499
205 13 676
178 3 2306
178 29 2397
178 13 2402
224 3 262
229 3 153
230 3 342
229 13 523
241 3 171
230 13 770
230 3 818
241 13 344
241 13 399
241 13 407
243 3 253
246 3 200
248 3 175
245 3 464
242 3 723
245 3 568
252 3 226
251 3 573
255 3 327
261 3 165
265 3 129
268 13 18
268 30 19
265 13 216
258 3 451
269 3 162
251 34 900
269 3 228
255 29 693
275 3 220
255 30 706
255 13 706
271 3 298
270 3 345
258 29 735
277 3 178
255 27 808
280 3 178
277 13 288
277 30 288
269 13 494
287 3 162
294 3 138
287 13 381
255 29 1250
290 3 296
297 34 40
290 13 385
290 30 385
294 34 306
292 3 354
297 34 64
297 34 89
290 13 504
290 30 504
296 3 262
305 3 130
296 29 624
296 13 629
309 3 245
255 29 2208
255 3 2428
314 3 182
255 13 2623
315 3 226
315 3 373
323 3 136
327 3 493
339 3 171
339 13 377
339 30 377
342 3 131
339 13 559
339 30 559
342 29 265
342 13 288
342 30 288
346 3 158
349 3 200
352 3 118
355 3 176
350 3 458
350 13 606
366 3 171
369 3 172
373 3 267
374 3 299
374 29 432
374 13 457
374 30 457
373 34 521
389 3 196
399 13 22
405 3 195
404 3 239
406 3 383
412 3 173
404 13 466
404 30 467
411 3 274
412 3 281
412 3 304
412 34 322
405 29 649
418 3 144
418 29 316
418 13 320
428 29 41
434 3 159
433 3 370
433 13 615
433 30 615
440 3 234
441 3 253
428 3 1166
440 29 371
428 3 1232
436 3 603
441 34 510
440 29 799
440 29 827
456 3 151
456 3 237
460 3 111
436 34 1449
436 34 1563
436 34 1656
473 29 146
474 3 158
473 29 308
477 3 221
480 3 87
477 29 422
488 3 289
498 3 192
487 3 625
487 13 740
506 3 322
506 13 469
516 3 153
515 3 288
512 3 379
515 3 399
521 3 227
493 3 1716
512 13 1049
512 30 1049
543 3 355
547 3 201
550 3 116
547 13 314
547 30 314
553 3 106
543 29 642
543 3 646
553 13 204
552 3 327
554 3 294
554 29 384
551 3 512
552 13 505
557 13 34
548 3 770
547 13 834
547 30 834
547 13 1019
547 30 1019
563 3 209
568 3 358
560 3 611
572 3 248
576 3 207
582 3 248
576 13 373
584 3 238
586 3 170
600 3 162
601 3 146
601 13 264
602 3 279
575 3 1446
602 3 497
606 3 147
603 3 578
575 29 1645
606 29 303
613 3 164
603 13 813
603 30 814
613 13 331
613 30 331
619 3 164
624 3 165
600 13 1415
654 3 124
661 3 266
668 3 185
671 3 241
672 3 299
671 3 384
674 3 353
674 13 544
674 13 823
687 3 189
688 3 267
703 3 61
720 3 197
720 29 358
725 3 132
725 13 254
725 30 254
744 13 16
625 3 6592
752 3 158
625 29 7189
762 3 174
765 3 206
764 3 291
764 13 482
764 30 483
785 3 145
785 29 249
788 3 489
793 3 189
794 3 260
794 13 361
797 3 203
798 3 274
797 3 537
802 3 332
802 3 663
819 3 544
819 34 706
777 29 3013
777 29 3019
777 29 3058
777 29 3078
777 29 3082
777 29 3089
777 29 3099
777 29 3230
777 29 3231
777 13 3240
833 3 100
833 3 153
834 3 434
849 13 48
849 30 48
850 3 165
850 13 294
850 13 504
855 3 157
860 3 215
862 3 187
860 13 399
860 30 399
862 13 444
862 30 444
862 13 641
862 30 641
873 3 271
877 3 133
880 3 194
879 3 236
886 34 68
880 29 431
880 34 458
878 3 588
782 3 6979
888 3 386
890 3 261
892 3 274
901 3 136
912 3 98
912 34 179
912 34 202
887 3 2540
918 3 243
926 3 100
926 13 195
928 3 306
880 34 6226
949 3 109
950 3 248
954 3 137
955 3 178
954 34 301
954 34 324
956 3 417
956 27 733
956 29 763
956 29 801
957 3 681
956 29 892
974 3 135
974 13 229
974 30 229
974 13 364
974 30 364
978 3 193
990 3 378
986 3 646
986 3 820
986 3 831
986 3 850
986 3 858
994 3 123
986 34 1031
994 29 275
994 13 279
