0 3 128
0 4 151
9 7 229
9 8 240
10 2 126
10 5 410
10 6 674
17 2 95
16 7 222
16 14 242
12 5 718
17 7 455
22 2 37
22 5 185
22 6 195
22 7 195
20 21 404
24 1 0
24 6 11
24 7 11
24 8 79
24 3 245
24 6 273
24 30 344
24 15 345
33 1 0
33 8 392
33 14 409
33 15 409
35 1 0
33 8 443
35 2 70
35 3 176
35 4 249
35 7 307
35 8 364
36 8 323
36 6 365
36 1 382
33 6 1302
38 2 206
38 3 320
38 6 448
38 7 448
38 30 510
38 14 511
38 15 511
38 6 946
40 7 382
40 21 385
40 14 417
40 7 426
40 15 431
40 25 442
40 7 442
40 15 446
40 25 452
40 6 452
41 1 0
42 1 0
41 5 365
41 7 371
42 2 76
43 1 0
42 6 305
42 7 341
42 4 349
44 2 74
45 1 0
45 14 202
46 1 0
46 2 63
47 2 37
47 4 192
46 4 369
47 5 222
47 6 238
46 1 438
46 14 441
48 1 0
48 5 309
50 1 0
50 5 230
53 3 160
53 4 227
53 14 302
53 6 320
53 13 335
53 7 360
53 13 369
55 5 265
56 1 0
56 2 322
56 3 491
56 6 605
56 7 605
56 1 627
56 14 631
56 15 631
58 3 219
58 4 254
61 1 0
59 4 164
58 8 325
62 1 0
59 7 253
59 8 296
59 19 322
62 3 174
63 1 14
64 2 40
64 4 173
64 5 196
64 8 252
64 14 284
63 3 904
63 4 935
65 6 21
66 6 331
66 8 353
66 15 374
67 1 0
68 1 0
70 1 0
70 2 97
70 3 307
70 5 384
71 5 247
72 2 133
73 1 0
72 4 293
73 2 63
72 7 354
75 1 0
74 3 180
75 2 74
70 34 1136
70 8 1165
70 19 1169
70 34 1169
72 4 545
72 3 549
74 5 263
74 7 270
75 3 286
73 4 451
77 1 0
78 1 16
76 3 359
76 5 439
76 8 473
76 1 484
76 19 485
76 34 485
76 14 485
76 15 505
79 2 78
82 1 24
81 3 123
81 4 151
81 6 190
81 7 190
80 3 270
80 4 304
79 6 408
82 7 298
82 13 301
82 14 301
77 13 805
77 15 806
79 8 532
79 8 566
79 29 624
79 29 650
79 15 747
82 6 602
82 7 602
82 13 607
82 14 609
79 29 774
79 29 812
79 8 879
79 29 884
85 1 0
86 2 59
86 6 212
89 1 0
86 8 375
86 4 381
77 7 3031
90 1 0
89 6 312
89 7 313
89 14 366
91 3 291
91 4 368
95 1 0
94 2 56
91 5 410
91 8 461
93 5 135
93 6 142
91 8 488
91 8 519
91 29 553
91 29 555
91 14 565
91 6 578
94 5 232
94 6 246
96 1 0
88 5 1162
88 7 1169
98 1 0
96 4 158
96 5 189
96 7 192
96 14 229
96 15 229
99 1 0
100 1 0
97 4 386
97 6 428
101 2 65
97 8 519
97 8 544
99 3 337
99 4 488
102 2 82
99 8 617
99 19 626
102 3 207
106 1 0
102 5 335
102 7 337
102 8 347
105 2 126
103 3 315
103 4 358
103 5 412
103 6 414
106 4 210
106 5 255
106 6 265
106 13 293
106 30 293
106 14 294
105 1 414
105 19 414
110 1 0
106 13 457
100 7 1133
110 3 119
110 7 164
100 14 1225
100 14 1235
110 15 173
111 2 122
100 1 1335
112 3 194
100 7 1372
100 14 1402
113 8 41
114 1 0
115 1 0
115 2 72
111 3 482
114 3 124
114 5 204
114 15 230
111 7 714
112 5 749
115 4 393
111 8 802
112 8 787
112 13 822
115 7 474
118 1 0
115 15 555
118 2 31
117 2 112
121 1 0
118 3 124
117 3 212
118 5 202
118 7 210
112 19 1141
118 1 260
118 13 260
118 30 260
118 15 260
112 7 1162
120 3 258
117 13 359
117 15 360
118 6 372
118 15 375
120 26 389
125 6 9
125 8 30
126 1 0
125 8 49
128 2 37
123 4 318
122 6 344
128 3 138
123 6 407
122 14 409
124 4 413
126 4 300
124 34 478
124 14 479
124 6 483
124 19 492
124 34 493
124 6 496
124 19 502
124 34 502
126 5 339
126 6 341
124 15 534
124 25 539
124 19 555
124 25 559
124 7 559
124 19 566
133 1 0
124 6 571
133 2 50
135 7 11
131 3 179
135 136 72
135 15 77
133 3 153
135 15 93
127 5 543
131 5 288
133 7 231
133 29 240
131 13 358
131 30 358
131 14 425
138 1 0
138 2 63
115 5 2078
115 7 2087
115 15 2091
144 2 50
141 3 264
141 8 394
141 19 449
139 13 708
139 15 711
145 4 242
145 5 267
146 1 273
145 8 299
150 3 176
152 1 0
146 25 306
146 6 318
146 7 324
150 4 228
151 2 182
154 1 0
150 5 255
152 2 64
151 2 207
122 8 2035
155 1 0
155 6 12
146 8 400
146 8 402
146 34 403
146 19 403
155 8 34
146 8 427
152 4 191
158 1 0
156 3 150
159 1 0
159 2 40
156 6 228
160 2 99
162 1 0
152 6 427
152 8 465
151 3 609
163 1 0
159 6 214
160 4 221
158 14 259
144 5 1204
144 7 1212
158 15 300
144 8 1244
159 29 285
166 1 0
152 8 578
168 1 0
152 14 647
168 1 33
168 26 33
169 2 58
144 8 1489
151 26 891
167 2 128
173 1 0
170 3 107
167 6 319
167 7 319
170 6 177
169 6 262
169 7 311
167 14 373
175 1 0
166 7 528
170 136 303
170 19 303
170 25 308
166 14 540
178 1 0
170 19 326
170 136 326
175 3 142
170 25 396
170 7 398
144 30 1892
175 4 161
165 8 700
178 2 113
170 19 433
179 1 0
182 1 0
176 5 223
176 6 224
176 7 225
175 5 216
183 1 0
174 4 388
165 5 898
169 5 675
144 7 2115
176 8 362
177 30 368
173 3 491
165 6 920
165 19 949
165 8 959
169 2 736
169 6 775
181 5 305
185 1 0
185 6 18
185 7 18
185 19 22
185 14 23
182 29 310
182 8 311
173 5 692
185 7 30
185 19 40
185 34 40
185 7 42
182 1 340
173 6 701
173 4 718
185 8 59
185 8 75
183 2 339
183 2 350
183 2 356
185 19 89
185 34 89
185 6 96
185 8 99
185 25 131
185 5 131
183 2 399
185 8 150
179 25 499
179 6 514
178 7 648
187 2 35
164 2 1402
187 4 132
184 1 560
178 8 873
187 6 185
190 1 0
191 1 0
184 3 699
192 1 0
192 2 27
193 1 0
194 1 0
184 5 768
184 1 790
196 1 0
192 8 160
192 29 161
192 25 188
192 14 201
197 2 98
189 6 380
193 3 170
200 1 0
190 4 384
196 3 203
194 29 277
200 2 43
201 1 0
190 7 444
199 5 181
199 7 187
203 1 0
204 6 18
196 34 338
204 15 33
196 6 359
196 7 359
200 8 213
200 29 217
205 1 0
200 8 235
200 30 257
200 15 258
197 4 400
202 6 237
197 5 466
202 8 340
195 7 597
207 1 0
208 1 0
200 25 470
208 6 22
200 13 474
200 15 474
195 14 646
201 4 449
205 2 278
197 8 690
201 5 495
201 6 510
201 25 607
201 6 608
201 7 608
201 8 617
203 3 551
205 3 499
198 3 812
211 3 114
192 25 1089
205 5 607
198 4 905
205 8 654
205 14 679
205 15 679
198 15 1007
214 1 0
213 8 83
209 7 448
210 6 444
215 2 65
178 3 2306
209 8 518
212 3 355
209 8 543
178 15 2409
209 14 571
209 15 571
210 25 553
216 5 209
217 4 145
209 25 604
209 6 604
209 7 604
209 13 609
212 4 431
219 1 0
203 8 1075
203 8 1087
212 5 482
220 1 0
217 13 206
209 30 659
215 4 279
217 15 206
203 13 1141
215 6 353
217 25 267
217 7 267
217 8 273
217 8 275
217 14 279
217 15 279
209 30 761
209 14 764
209 15 764
222 5 5
219 5 178
219 6 184
219 7 184
222 1 35
222 7 43
214 3 478
219 13 206
222 8 87
224 1 0
217 13 460
217 30 460
217 25 549
217 14 554
222 8 240
221 4 348
222 8 280
222 19 295
222 34 295
227 1 0
228 1 0
228 1 1
224 2 211
221 6 417
221 13 443
221 14 445
221 15 445
214 30 842
214 14 843
214 15 843
230 1 0
229 2 50
232 5 20
232 6 31
229 3 153
225 6 439
225 7 439
230 2 240
225 8 497
229 5 259
229 6 263
229 7 263
225 8 545
225 8 551
235 5 2
236 1 0
240 1 0
231 5 422
231 7 427
229 13 523
241 1 0
237 4 170
241 2 46
214 27 1516
237 6 209
230 6 695
238 4 261
241 3 171
238 5 293
240 13 261
230 6 742
230 7 743
240 15 290
241 5 240
241 6 256
230 13 770
245 1 0
230 7 815
240 7 369
243 2 63
230 3 818
244 2 42
241 5 328
241 6 337
241 7 337
241 7 384
241 8 396
241 13 399
241 7 404
241 14 408
245 2 137
236 1 667
244 5 321
249 1 0
251 1 0
249 2 98
252 2 112
244 8 567
245 4 554
245 3 568
244 8 639
244 29 687
244 8 688
252 4 272
254 2 90
257 1 0
252 6 297
249 3 360
260 1 0
249 7 499
261 1 0
249 8 529
249 8 536
253 3 370
242 8 1140
264 1 0
261 2 76
266 1 0
242 4 1155
242 5 1162
242 6 1171
242 7 1171
242 21 1175
251 3 573
256 3 319
263 2 57
253 4 477
254 5 427
254 7 438
255 4 377
268 1 0
262 4 214
253 5 575
269 1 0
268 13 18
268 14 21
263 3 162
265 6 202
255 5 443
255 6 447
271 1 0
256 5 470
263 7 210
265 15 217
269 2 51
258 3 451
274 1 0
256 6 475
256 7 475
263 8 224
259 5 442
255 8 517
263 8 250
263 30 273
263 14 273
260 21 392
259 8 462
273 2 64
271 2 70
244 13 1253
251 7 878
264 1 313
264 30 313
264 14 316
264 15 316
254 14 656
251 1 900
251 25 910
251 6 911
251 7 911
256 8 641
251 19 938
251 14 942
251 6 947
260 34 498
269 3 228
251 14 966
251 7 970
256 8 695
256 26 706
265 6 445
265 7 446
255 14 710
264 4 479
269 5 315
256 6 746
256 282 755
256 6 758
269 7 332
269 8 359
256 6 797
256 7 797
269 8 379
271 4 349
255 26 808
255 14 812
276 4 223
277 4 215
256 8 810
271 5 379
272 8 393
256 8 850
264 5 591
287 1 0
264 6 603
264 7 603
275 6 380
264 30 615
280 3 178
277 13 288
270 4 487
269 14 494
275 8 450
290 1 0
285 3 171
280 5 272
270 6 531
270 21 531
287 3 162
259 2 938
255 7 1034
292 1 0
259 6 971
283 6 250
283 7 250
293 1 0
281 14 306
281 7 310
281 8 316
281 6 321
281 7 321
255 8 1072
285 19 307
281 34 342
281 14 345
281 15 345
285 6 331
287 5 338
255 7 1195
255 8 1204
287 15 382
290 7 363
294 8 249
297 1 21
297 5 23
297 19 40
297 14 40
297 7 45
290 14 386
294 19 305
294 14 306
257 7 1341
297 34 64
297 6 67
297 7 67
255 8 1388
297 8 85
255 8 1416
295 3 212
257 1 1407
257 30 1410
257 15 1412
290 25 498
290 7 498
290 30 504
290 14 505
290 15 505
303 1 0
301 2 31
296 3 262
298 4 191
304 1 0
304 2 17
304 2 18
304 2 19
303 6 41
299 3 208
306 5 3
303 6 129
298 8 269
307 1 0
303 5 180
303 6 186
296 5 434
296 6 438
296 5 451
298 25 363
298 6 364
298 7 364
298 8 375
298 29 377
308 1 0
298 8 399
301 3 270
306 8 137
305 4 184
307 2 187
305 1 242
303 1 314
301 4 353
305 14 253
303 2 352
301 5 390
296 13 629
296 7 661
301 8 436
296 19 672
296 14 678
303 3 433
312 1 0
303 6 498
303 1 506
303 13 507
311 2 53
309 5 324
309 21 330
309 19 354
309 15 357
309 6 368
307 5 580
301 13 745
307 7 589
307 8 737
307 8 743
301 4 950
301 3 950
314 2 42
316 1 0
307 29 807
255 3 2428
255 4 2440
255 5 2455
255 6 2459
255 7 2459
313 6 162
313 7 163
313 8 181
313 13 201
313 14 202
255 14 2626
319 1 0
320 1 0
314 7 261
313 15 295
313 25 345
315 4 305
316 3 291
315 5 343
317 3 229
296 6 1543
296 4 1544
316 6 429
316 21 431
319 6 275
319 7 276
324 1 0
326 5 2
326 6 6
326 7 6
323 2 54
321 2 180
319 6 376
317 5 475
325 2 108
321 2 199
319 6 388
319 7 388
321 2 218
323 3 136
323 4 163
322 4 203
322 5 242
325 4 318
331 1 0
329 3 216
328 4 359
325 8 579
325 5 624
333 4 145
329 5 368
329 6 376
333 6 209
329 8 394
333 8 217
333 8 247
328 13 561
328 15 565
336 1 0
328 6 641
328 7 641
335 1 47
338 1 0
336 3 226
336 4 295
337 3 147
336 7 352
337 14 287
337 15 287
336 13 494
336 30 494
336 15 496
340 2 37
339 6 336
339 7 336
339 13 377
339 30 377
339 14 378
339 15 378
344 1 0
347 1 0
340 15 399
347 1 8
347 7 18
342 5 237
342 8 262
342 13 288
348 3 142
348 4 161
346 5 250
350 1 0
348 6 208
348 7 208
349 2 57
351 5 5
351 6 9
351 7 9
351 29 25
349 3 200
344 4 485
356 1 0
345 5 525
345 6 531
358 1 0
359 1 0
360 1 0
341 7 915
352 7 177
352 6 208
359 2 72
354 4 193
353 4 212
361 1 0
357 2 123
360 2 62
354 6 222
345 29 676
345 8 681
355 4 204
354 5 255
353 8 280
353 8 288
354 15 261
354 30 271
360 3 142
345 8 757
360 6 200
350 4 536
360 3 256
362 1 0
350 13 606
363 5 4
363 7 8
359 4 292
363 2 37
361 4 257
363 6 58
361 5 283
361 7 287
359 5 390
363 3 125
361 1 341
361 19 341
359 30 407
359 14 409
359 15 409
364 2 54
345 5 1054
345 8 1148
365 2 48
364 3 193
366 2 42
366 2 55
364 4 224
345 6 1270
368 2 59
364 1 273
364 14 274
345 15 1381
345 8 1408
366 6 254
368 4 220
371 1 0
365 7 399
368 5 279
368 7 285
365 8 459
368 8 359
368 8 364
368 8 377
368 8 382
368 29 384
365 1 510
365 15 511
359 7 1027
365 25 568
365 8 570
365 34 586
374 1 0
367 8 460
363 1 836
365 15 590
365 6 606
367 13 495
367 15 497
363 25 865
372 3 351
373 3 267
376 1 0
374 3 299
373 6 340
372 6 446
372 8 452
372 8 469
372 8 474
373 4 399
374 21 389
372 29 498
372 13 501
372 15 501
373 7 411
373 8 418
378 2 108
381 2 48
373 34 521
381 5 183
381 7 199
377 7 352
384 1 0
381 13 251
381 30 251
381 15 251
380 13 383
380 14 388
380 15 388
378 4 527
377 5 551
377 6 554
377 7 554
378 5 604
387 4 107
365 8 1606
378 26 771
378 7 789
385 6 428
378 27 804
378 6 813
385 34 505
389 2 46
394 1 0
395 1 0
377 8 1189
396 1 0
388 7 347
389 4 299
392 7 250
392 14 272
389 8 360
393 3 140
389 8 385
389 4 397
390 4 389
395 4 159
393 30 257
393 15 257
399 6 19
399 7 19
401 2 44
405 1 0
405 2 36
406 1 0
407 1 0
385 26 1227
397 6 307
401 4 189
396 6 439
396 7 439
401 7 212
377 8 1649
406 2 74
409 14 19
398 3 352
387 14 1205
400 4 375
405 8 292
400 5 444
413 1 0
414 1 0
414 1 4
403 6 390
400 4 497
396 25 739
396 6 739
405 8 379
403 8 442
406 3 383
398 5 621
404 15 467
400 4 583
412 4 214
411 4 318
415 3 147
412 6 263
298 5 7369
398 25 745
398 6 745
398 7 745
298 7 7377
412 3 304
412 4 307
412 6 311
414 5 234
414 6 238
412 19 322
412 34 322
414 8 257
411 6 400
411 4 418
403 4 633
405 8 613
416 4 167
412 2 368
403 6 652
403 7 652
405 29 649
412 5 372
412 14 384
413 4 345
412 6 403
412 7 403
417 3 118
413 7 385
398 8 928
413 1 432
413 19 432
420 1 0
413 6 442
413 7 442
419 2 35
417 6 221
417 7 221
421 1 0
417 8 279
417 8 290
418 8 304
418 29 316
398 19 1117
398 34 1117
422 6 13
422 7 14
398 7 1125
423 1 0
421 3 143
404 7 1043
424 1 0
424 5 3
419 3 257
424 6 12
424 8 18
421 4 174
419 4 279
419 6 294
421 5 204
421 6 210
414 8 753
414 29 792
414 29 804
414 8 814
428 1 0
428 6 9
428 8 16
430 1 0
430 5 5
428 29 41
430 7 12
423 3 307
423 4 340
423 7 378
427 4 253
421 6 563
421 13 566
423 8 466
421 14 589
427 5 408
427 21 425
427 8 429
427 14 489
421 30 833
434 4 201
432 5 359
421 7 910
421 30 918
437 1 0
438 1 0
437 2 66
421 15 1039
433 6 532
436 2 150
408 1 1954
438 2 126
421 25 1173
421 6 1173
433 1 614
433 14 615
433 15 615
421 13 1185
421 15 1186
437 5 284
437 8 333
442 1 0
437 5 390
437 6 397
437 7 397
444 1 0
438 13 457
447 1 0
428 4 1179
438 19 484
438 7 493
440 6 358
440 8 374
446 2 33
447 2 44
428 6 1195
428 7 1195
428 3 1232
441 5 369
441 6 415
451 2 60
441 15 421
446 4 134
443 5 247
446 5 171
443 8 310
450 3 171
447 7 240
451 3 191
451 3 201
454 1 0
452 3 148
447 14 283
447 15 283
452 6 217
438 14 821
438 7 838
450 4 318
450 5 352
450 7 368
454 7 173
438 14 926
448 4 413
436 25 973
450 29 415
436 6 982
454 8 211
445 7 519
450 8 446
450 34 455
450 14 457
445 8 583
456 3 237
461 1 0
448 7 549
460 2 30
462 1 0
448 15 588
459 2 61
374 1 4839
462 2 55
450 13 634
460 4 140
460 6 180
460 7 180
465 1 0
436 7 1459
436 8 1521
465 2 137
463 6 273
436 25 1587
436 6 1587
470 1 0
436 8 1653
436 34 1656
465 4 301
465 5 343
465 6 345
469 3 125
469 4 146
472 2 63
469 13 202
469 30 202
469 15 203
461 7 752
472 3 154
473 1 23
473 5 26
471 7 232
444 2 1472
473 7 41
469 13 318
469 15 319
471 8 259
461 30 887
461 15 888
471 30 304
471 15 306
469 6 436
473 29 146
473 8 169
466 5 599
444 5 1639
444 14 1674
473 8 271
469 3 571
473 29 308
474 5 252
474 7 261
473 8 335
469 5 637
470 3 633
469 7 653
469 21 655
475 8 293
481 1 0
482 1 0
479 2 70
477 3 221
485 1 10
469 15 771
444 7 1967
444 8 1972
480 6 173
488 1 0
470 4 869
469 1 895
469 6 904
469 8 909
469 13 911
469 15 911
479 8 258
477 8 408
477 29 422
469 6 937
479 8 280
477 8 436
474 8 608
469 6 954
469 7 954
469 27 959
469 14 963
469 27 967
469 14 967
469 6 969
479 34 320
469 14 987
469 15 987
470 5 969
476 5 582
470 1 1038
496 1 0
496 1 0
444 26 2282
444 14 2285
488 3 289
493 2 58
484 4 449
497 2 47
485 7 483
481 4 558
497 3 121
499 1 0
497 4 166
498 2 65
501 1 0
488 8 451
502 1 0
481 4 661
488 15 503
488 7 510
503 1 0
502 2 28
488 14 531
488 25 539
488 6 539
497 8 256
490 6 400
490 7 401
481 8 725
497 8 267
490 8 415
488 8 579
492 4 373
487 6 727
502 5 160
498 7 313
487 14 741
502 8 236
490 4 589
492 19 511
492 14 512
497 34 495
490 6 627
490 7 628
492 7 539
492 13 543
492 14 543
502 13 306
502 30 306
502 14 307
497 26 501
497 14 501
497 26 522
497 14 526
497 25 559
497 8 607
492 6 711
492 5 729
505 3 356
506 3 322
508 3 225
510 1 0
505 4 442
506 6 418
506 7 419
508 4 281
506 8 445
512 1 0
505 5 510
508 6 307
514 1 0
505 6 514
515 1 0
514 2 38
508 8 371
516 1 0
505 14 614
505 15 614
514 3 132
517 2 50
508 13 453
514 8 203
509 5 307
509 7 324
514 8 217
516 4 201
516 7 231
515 3 288
517 3 216
520 2 58
517 4 260
514 13 353
514 14 354
512 5 459
522 2 66
525 1 0
513 5 486
513 7 493
517 8 426
520 4 250
513 19 531
520 6 298
505 14 1077
505 15 1077
519 3 403
521 4 272
519 4 471
520 8 366
520 8 398
524 3 235
519 6 562
519 7 562
512 4 786
519 1 597
519 15 599
524 6 381
512 6 894
523 6 477
522 8 491
493 6 1816
493 7 1816
530 2 61
522 8 505
531 1 0
522 8 524
533 1 0
526 4 436
528 5 335
512 13 1049
534 5 1
534 7 15
534 13 19
526 8 592
505 7 1626
530 8 313
505 15 1633
505 14 1633
530 14 331
533 7 229
533 8 267
533 8 315
535 1 0
529 3 579
535 2 68
536 1 0
526 6 1063
536 2 49
541 1 0
540 2 46
541 4 111
541 5 129
541 7 141
535 3 489
540 6 201
539 4 248
540 8 225
539 6 314
540 8 304
529 13 1131
542 2 170
539 6 353
539 19 366
544 2 115
548 1 0
535 6 672
539 7 398
547 2 55
529 136 1223
539 5 415
539 7 420
539 14 426
541 30 396
539 8 441
550 1 0
529 7 1276
529 19 1285
529 14 1285
535 13 754
539 19 496
539 34 496
529 6 1294
529 19 1302
529 14 1303
549 2 37
550 2 40
529 6 1329
529 136 1340
529 7 1351
547 3 201
529 19 1362
529 136 1362
529 14 1363
551 1 0
550 3 116
529 7 1402
547 5 263
547 8 287
547 8 296
553 1 0
549 4 153
541 1 623
554 1 0
547 30 314
541 5 632
541 6 644
544 3 414
552 2 98
550 7 203
550 1 216
551 2 102
541 30 696
541 14 697
544 4 479
554 2 126
539 8 784
544 6 542
544 7 542
554 2 157
555 3 153
553 4 154
553 7 179
553 8 187
553 1 204
556 1 0
555 7 245
544 13 645
556 2 43
554 3 294
552 5 419
552 6 432
552 8 459
551 3 512
552 1 505
557 6 13
557 13 34
548 3 770
547 7 819
547 13 834
547 30 834
560 1 0
562 1 0
551 4 646
544 6 972
544 3 972
559 2 47
558 2 102
548 5 894
548 6 896
551 6 712
566 1 0
567 1 0
547 6 1013
547 13 1019
547 14 1019
569 1 0
558 4 299
569 2 55
563 3 209
558 7 352
571 2 43
563 5 288
558 8 413
567 4 241
572 1 0
559 7 392
563 26 330
563 14 331
570 3 186
573 1 0
574 1 0
571 3 157
570 4 258
565 4 377
567 6 343
562 5 471
569 3 290
569 4 293
565 5 402
567 26 366
567 15 369
559 19 499
559 34 499
559 14 501
571 5 218
559 25 508
571 7 225
569 6 300
569 13 309
569 30 309
567 26 390
567 27 390
571 4 249
571 3 250
530 2 2515
577 2 68
568 5 471
580 5 26
580 7 43
530 7 2614
580 1 57
580 136 58
574 3 275
568 8 570
568 8 583
568 8 587
582 2 86
574 4 321
568 8 618
574 7 364
585 6 18
585 7 18
560 6 789
577 3 255
574 8 407
576 4 284
574 19 421
574 34 421
582 3 248
577 5 348
587 1 0
577 6 350
576 14 374
576 15 374
574 8 520
582 4 286
582 6 330
577 19 429
577 15 432
583 4 336
577 8 458
577 25 497
588 1 0
583 5 382
586 6 263
577 8 524
583 14 426
577 8 552
590 1 0
584 6 419
584 21 422
591 1 0
590 2 108
589 2 120
592 1 0
591 3 103
595 1 0
591 4 123
591 7 180
591 8 196
591 13 205
591 15 205
595 3 84
589 3 289
595 4 115
589 4 331
595 5 161
595 6 176
598 1 0
600 1 0
602 1 0
600 2 64
603 1 0
604 1 0
596 4 247
602 2 70
594 4 370
596 2 315
596 6 359
599 3 242
601 6 229
601 7 229
600 8 286
601 13 264
597 34 417
597 14 431
597 15 431
597 7 468
597 5 479
602 5 381
603 2 381
603 2 397
608 5 3
604 5 437
602 4 518
602 7 542
613 1 0
606 4 207
604 26 585
604 27 585
614 1 0
606 5 236
604 14 588
606 8 272
606 29 303
604 8 717
611 5 225
611 8 286
611 29 287
603 5 770
611 29 290
611 8 306
611 29 307
605 6 678
605 7 678
575 8 1880
603 30 814
603 15 814
611 29 334
613 6 300
613 7 301
605 8 729
617 2 34
575 8 1956
612 29 379
617 4 149
613 25 432
613 6 432
621 1 0
617 5 199
617 7 215
616 4 283
617 15 227
615 8 345
622 2 80
625 1 0
626 1 0
616 30 479
616 13 479
618 6 512
600 15 1416
629 1 0
624 15 323
631 1 0
605 25 1375
605 30 1394
611 14 1116
633 1 0
634 1 0
631 6 235
631 7 235
611 7 1166
611 8 1186
611 8 1189
611 29 1190
631 19 305
628 5 551
628 6 554
628 7 554
628 21 560
634 3 254
628 30 596
634 5 298
631 8 483
634 7 305
631 136 545
631 25 552
633 8 411
628 5 739
628 6 743
633 30 446
636 1 0
631 8 664
637 5 8
638 1 0
641 1 0
639 2 49
640 1 57
640 14 58
636 2 217
642 1 0
643 1 0
639 3 174
644 1 0
622 3 1351
642 2 79
644 2 71
628 1 1167
628 1 1167
639 25 273
639 5 274
628 5 1172
628 6 1176
628 7 1176
628 6 1177
628 7 1177
637 6 356
641 3 294
622 7 1527
638 3 412
650 1 0
650 1 0
644 4 217
644 5 239
644 8 252
641 30 428
641 15 431
638 5 551
638 6 557
638 8 570
649 3 200
641 14 527
644 19 371
644 34 371
638 1 594
638 13 596
638 14 597
642 6 465
642 2 499
649 6 268
649 7 268
653 2 112
649 8 325
649 8 329
649 8 346
644 7 536
642 5 612
642 5 621
649 25 391
654 7 208
654 8 215
642 6 622
642 6 635
652 8 278
642 6 688
641 6 833
651 13 380
642 5 741
642 7 748
659 3 117
642 7 815
659 5 185
643 8 791
643 8 817
661 2 75
658 4 326
642 13 875
652 8 500
643 8 856
658 5 350
659 8 271
651 8 598
651 8 603
658 6 365
652 13 554
652 14 556
658 7 421
653 1 607
663 7 20
663 8 25
663 8 36
663 8 44
658 2 448
657 15 505
653 6 620
653 7 620
658 5 510
661 4 318
658 8 543
658 8 563
642 6 1108
643 13 1113
643 15 1113
663 8 220
667 1 0
628 6 2240
628 7 2240
668 1 0
666 4 154
642 26 1193
642 7 1197
666 5 198
642 26 1249
628 6 2290
628 7 2290
668 2 47
642 6 1255
642 7 1255
628 6 2313
669 1 0
669 1 17
643 25 1275
643 7 1275
643 30 1285
669 8 78
672 1 0
667 4 254
673 1 0
664 5 440
668 4 231
674 1 0
675 6 18
668 6 277
668 7 277
670 2 174
673 2 49
675 14 33
667 7 375
667 21 379
668 8 354
664 19 572
664 14 576
671 4 303
671 6 349
676 5 269
676 7 285
665 5 725
675 1 311
665 6 740
670 6 455
670 7 455
670 8 464
670 8 479
680 1 0
670 8 497
677 3 303
674 4 418
683 1 0
678 3 216
674 5 494
677 5 462
682 2 81
679 5 266
677 7 479
679 7 270
678 4 329
679 8 299
686 1 0
678 5 371
674 7 652
679 8 383
679 4 385
678 14 411
677 8 642
677 14 664
677 15 664
683 3 303
683 6 387
683 7 387
682 6 448
682 19 482
682 14 483
686 8 317
682 6 508
682 13 536
687 2 74
686 8 409
680 7 753
680 8 792
688 1 0
680 8 806
682 6 711
690 1 0
682 14 719
682 14 726
691 6 24
687 6 324
687 8 352
687 8 363
687 8 366
682 6 872
682 7 872
680 6 995
680 34 1011
680 25 1016
692 5 4
688 3 267
689 3 258
692 8 52
682 5 979
692 15 111
697 1 0
689 7 397
698 1 0
694 4 216
695 5 238
697 4 228
702 6 5
700 2 55
697 6 270
697 8 295
697 19 305
704 2 61
703 6 93
703 8 102
696 1 421
696 13 421
705 2 72
688 4 845
706 2 60
696 8 505
688 7 944
705 3 218
698 8 547
711 1 0
712 5 2
704 13 316
712 7 5
712 15 14
712 25 48
712 6 48
712 30 52
705 7 320
712 14 52
712 15 52
706 5 390
706 6 393
704 4 498
704 5 503
710 5 299
713 1 0
711 3 321
715 1 0
718 1 0
711 5 411
711 6 418
711 7 418
711 8 494
675 8 2676
675 7 2677
675 15 2725
714 3 271
714 4 308
721 1 0
714 7 352
722 1 0
714 6 388
647 2 4132
719 5 359
725 1 0
720 7 313
720 21 315
720 8 326
714 14 480
714 7 488
720 29 358
727 1 0
720 8 365
714 29 529
725 3 132
728 2 49
725 4 165
729 5 5
729 6 12
729 7 12
729 25 31
729 7 31
729 6 31
729 25 39
723 6 251
723 4 265
633 7 5337
633 13 5342
722 3 283
722 4 307
725 6 245
725 7 245
722 5 318
722 6 321
722 13 357
722 14 358
732 1 0
731 30 55
730 3 147
730 4 167
728 4 290
728 6 327
727 8 513
735 1 0
726 6 658
726 7 658
733 5 348
739 30 13
731 1 497
731 5 499
731 6 503
740 6 10
731 1 548
738 2 98
733 14 446
741 5 4
731 1 595
731 15 596
712 3 1623
724 6 968
744 7 12
733 5 541
733 6 549
744 15 18
734 4 378
733 5 606
734 7 407
724 30 1093
733 8 626
733 14 640
733 15 640
738 4 321
734 8 441
746 6 12
734 15 512
712 5 1871
734 7 533
625 6 6685
733 5 751
733 6 760
733 7 760
734 34 542
734 15 544
733 14 786
712 25 1941
712 8 1957
712 15 1965
745 3 265
752 2 62
752 2 67
752 2 73
747 3 234
711 13 2214
750 3 204
753 1 0
751 3 158
745 4 350
731 7 1182
755 5 4
751 5 244
750 5 300
750 7 308
756 5 2
753 2 141
750 13 376
750 30 376
750 14 376
750 15 376
747 6 474
731 8 1340
750 7 393
750 8 397
625 29 7189
625 8 7210
750 8 448
760 1 0
737 14 996
759 2 45
751 5 480
762 1 0
757 21 250
757 14 262
749 4 638
761 29 48
757 7 285
757 25 315
756 19 323
757 25 331
759 5 227
764 1 0
756 8 337
756 6 352
759 14 248
759 6 258
764 2 53
757 7 451
757 13 468
757 30 468
765 2 69
763 5 230
762 7 247
762 8 282
757 6 541
768 1 0
769 1 0
770 1 0
760 14 658
768 2 113
749 6 1161
749 7 1162
764 21 426
771 2 54
764 14 483
773 1 0
773 2 95
728 13 2400
728 14 2401
728 15 2401
777 1 0
771 3 234
772 3 192
770 4 320
771 7 314
770 15 392
781 1 0
774 7 246
775 6 287
775 7 287
772 6 373
768 5 591
781 7 172
776 3 353
779 3 241
773 5 490
773 7 494
779 4 278
776 4 396
776 7 410
776 30 448
788 1 0
787 2 54
774 8 665
789 1 0
785 4 166
786 1 183
790 1 0
788 2 199
788 2 199
768 13 1073
768 14 1073
768 15 1073
788 2 207
787 7 259
787 8 281
788 2 320
792 1 0
790 5 191
788 2 380
792 2 57
790 7 198
795 1 0
794 2 47
797 1 0
793 25 188
793 3 189
787 13 575
787 30 576
787 14 578
787 15 578
788 5 577
788 7 585
793 5 221
727 1 3616
793 8 250
794 3 260
799 1 0
794 6 328
792 3 372
794 8 356
797 3 203
794 14 362
801 1 0
797 5 312
792 5 531
804 1 0
797 25 375
797 5 376
790 8 757
790 8 766
768 7 1826
805 1 0
801 3 189
798 5 398
798 7 405
798 8 409
801 6 250
790 25 880
790 6 880
790 7 880
797 3 537
804 3 163
797 6 565
798 8 506
797 8 605
804 6 300
802 6 456
805 4 407
805 5 442
805 6 452
813 1 0
802 3 663
815 1 0
811 2 89
802 6 727
806 5 263
806 21 269
805 8 563
806 8 285
817 1 0
806 8 333
807 3 283
815 2 126
808 2 300
813 3 193
807 4 371
813 4 238
811 3 328
808 3 404
815 4 304
811 4 387
813 8 345
813 4 373
815 7 389
821 2 32
808 7 521
818 3 228
823 1 0
822 2 49
815 8 429
824 1 0
818 3 302
825 1 0
824 2 41
824 2 49
815 14 514
815 15 514
790 34 1833
825 4 135
827 7 11
827 34 35
818 3 519
818 3 521
825 8 210
826 7 218
825 8 243
809 6 861
809 7 861
794 4 1775
821 5 381
819 4 612
808 30 992
808 14 992
808 15 992
820 5 561
820 7 565
820 21 568
823 3 433
820 15 599
819 5 654
819 7 663
819 6 722
808 8 1096
808 13 1115
830 1 0
831 1 0
777 29 3058
777 29 3078
777 8 3079
777 29 3082
830 4 117
832 2 81
829 2 208
835 1 0
835 5 22
829 2 222
836 1 0
835 7 29
837 1 0
833 2 39
835 6 82
835 7 82
777 29 3230
777 14 3241
835 19 98
835 7 114
829 3 329
829 4 367
832 7 288
829 5 427
831 6 381
831 7 381
808 8 1516
832 8 343
829 14 478
808 8 1549
808 30 1595
831 14 512
831 15 512
837 4 333
837 8 396
834 4 468
835 8 499
835 6 499
829 7 700
829 8 703
834 6 516
834 7 516
835 34 514
835 6 530
841 1 0
838 3 451
844 1 0
841 3 201
842 3 196
847 1 0
841 5 321
841 6 326
842 4 246
845 5 227
845 7 234
849 6 14
841 8 443
852 1 0
841 8 562
850 7 256
850 13 294
850 15 294
844 7 601
850 6 357
849 7 368
844 8 684
854 2 61
850 14 505
850 15 505
844 8 770
844 8 786
844 8 823
855 1 0
854 3 258
854 4 341
857 2 59
844 8 1160
854 8 552
844 15 1262
844 25 1295
844 7 1295
857 4 209
844 14 1360
857 6 289
857 7 290
859 1 0
841 30 1602
841 14 1602
841 15 1602
857 29 379
857 29 387
860 2 48
862 1 0
863 1 0
864 1 0
863 6 149
863 7 149
862 3 187
860 4 280
738 5 7544
860 5 325
860 6 330
857 8 835
862 4 258
865 3 157
868 1 0
861 3 329
863 2 258
863 25 264
863 6 267
863 7 267
862 5 311
860 14 400
863 8 281
844 25 2043
844 6 2043
863 7 315
863 8 321
863 15 327
863 14 327
844 29 2063
844 13 2076
844 14 2077
844 25 2090
844 13 2097
867 3 164
865 1 311
865 15 312
768 8 6346
866 5 303
861 8 553
768 8 6355
866 4 345
861 29 579
738 4 7878
738 5 7880
865 25 418
866 8 374
865 27 434
865 15 435
768 8 6433
867 13 317
867 14 319
874 1 0
861 8 634
875 1 0
869 2 182
862 7 608
861 8 666
873 2 66
875 2 56
865 7 503
862 30 641
870 2 202
866 8 461
866 14 498
876 2 45
866 7 519
866 6 540
878 1 0
866 8 544
866 26 563
866 15 564
866 6 565
866 8 650
873 3 271
876 4 200
870 4 444
870 7 459
869 4 462
877 5 204
876 30 302
876 14 302
876 15 302
861 29 992
873 4 393
882 5 4
885 1 0
879 7 293
869 8 669
869 14 681
869 15 681
883 2 67
782 2 6505
886 5 8
879 19 359
886 8 24
886 8 28
844 25 2868
886 8 40
887 2 59
886 19 67
886 14 68
880 4 399
880 5 401
880 6 404
880 15 409
883 3 217
884 3 190
881 3 257
880 19 458
880 6 462
880 7 462
881 5 319
881 7 324
884 6 268
878 4 633
883 14 291
883 6 298
884 8 292
884 8 301
878 6 684
884 8 337
888 2 81
844 25 3184
881 7 483
881 8 505
881 13 511
844 8 3282
782 3 6979
883 8 581
889 1 0
844 8 3335
782 4 7015
844 8 3400
782 6 7071
888 3 386
894 5 8
894 29 34
894 30 47
844 13 3537
844 14 3538
889 4 227
891 2 154
889 5 283
889 6 285
889 7 285
844 8 3648
888 8 561
892 3 274
886 8 855
889 34 352
889 14 354
889 7 364
888 8 623
890 7 396
898 1 0
891 5 354
891 6 371
899 2 35
898 2 71
898 2 80
891 14 436
899 4 179
898 3 184
899 6 209
901 2 49
899 7 225
899 7 244
897 8 315
897 8 321
844 7 4054
844 13 4071
902 1 0
891 7 691
900 5 336
900 7 351
900 8 412
900 8 415
898 8 480
901 5 293
900 8 441
903 1 0
900 8 449
900 19 455
900 34 455
900 14 456
900 6 459
904 6 426
904 7 426
904 8 455
908 8 13
908 14 70
907 5 295
911 1 0
887 1 2328
912 5 152
912 7 189
912 8 197
912 25 204
912 7 205
915 1 0
907 5 765
887 4 2673
887 5 2738
914 4 361
887 8 2808
917 1 0
918 1 0
915 6 451
916 3 336
917 3 217
916 5 471
913 4 874
919 1 0
917 6 405
917 14 410
924 1 0
921 6 232
924 14 34
919 3 282
921 30 308
919 4 365
921 8 334
927 5 10
927 7 14
922 6 310
926 4 125
922 14 359
919 6 478
919 7 479
922 14 385
920 5 500
920 6 503
919 13 525
923 4 502
929 1 0
922 7 617
922 15 629
925 19 479
925 136 479
929 3 191
928 4 439
887 6 4073
920 6 919
920 25 919
929 5 327
929 6 336
928 5 549
928 6 552
930 3 270
928 19 576
928 14 578
929 6 389
929 7 390
932 1 0
930 19 414
930 136 414
930 136 453
930 6 462
932 2 64
938 2 38
938 3 116
938 4 154
938 6 175
942 1 0
940 2 218
943 1 0
944 2 57
940 5 368
940 14 391
945 6 10
945 7 10
946 1 0
880 7 6206
880 8 6219
944 3 426
945 3 195
945 4 212
945 19 257
945 14 259
946 7 198
945 14 274
944 7 608
944 8 631
947 1 0
945 6 371
947 7 21
949 2 33
944 8 821
948 2 182
950 1 0
949 7 179
951 1 0
952 2 82
948 4 422
952 4 326
950 7 393
953 2 132
950 8 422
953 2 210
955 1 36
954 4 168
955 2 86
954 5 209
954 7 214
954 8 315
958 6 12
954 34 324
954 7 327
955 4 242
955 5 284
955 6 286
955 8 307
955 8 333
959 2 72
960 1 0
960 1 2
960 1 3
952 1 1041
963 1 0
952 5 1173
952 6 1183
952 7 1183
956 5 661
956 7 670
956 21 671
952 13 1231
959 5 460
956 26 733
959 6 468
959 7 468
959 13 498
959 14 499
959 15 499
961 3 273
956 8 800
956 4 826
956 6 845
961 5 377
960 8 450
961 6 385
952 6 1408
965 1 0
961 8 466
967 1 0
967 2 189
959 6 1016
968 1 0
959 6 1028
959 7 1028
959 15 1085
959 6 1143
959 7 1143
959 13 1165
959 14 1166
971 1 0
972 1 0
972 2 70
959 6 1358
967 2 590
969 7 322
970 3 273
969 6 356
969 7 356
973 3 154
972 3 218
974 7 182
974 30 229
974 25 235
974 6 236
974 7 236
978 2 43
977 2 42
974 30 364
972 8 426
972 8 428
972 29 475
972 19 484
977 29 248
977 15 265
978 5 337
980 6 436
981 1 0
983 1 0
986 2 58
981 5 476
985 3 196
989 2 33
989 6 158
990 2 160
990 3 378
986 3 646
986 4 849
995 1 0
992 3 105
994 3 123
992 6 160
992 7 160
986 14 1031
986 14 1049
986 15 1049
992 19 215
992 136 215
992 15 218
994 8 240
994 8 257
995 4 242
995 5 261
995 7 277
995 8 369
994 7 473
996 2 74
996 2 84
