0 3 128
0 4 151
0 5 262
0 6 270
10 3 324
10 4 376
10 5 410
10 6 414
10 13 428
10 14 429
10 15 429
10 5 669
10 6 674
12 3 511
12 4 596
17 3 321
17 4 373
12 5 718
17 5 448
12 6 727
12 21 729
17 6 455
17 21 458
17 19 496
17 14 497
17 15 507
17 14 507
20 3 275
20 4 368
20 5 400
20 6 403
20 21 404
24 5 6
24 6 11
24 26 131
24 27 131
24 3 245
24 4 257
24 5 267
24 6 273
24 13 344
24 30 344
24 14 345
24 15 345
32 3 149
32 4 182
35 3 176
35 4 249
35 5 304
35 6 307
35 21 309
35 19 383
35 34 383
35 14 385
35 15 385
38 3 320
38 4 372
38 5 441
38 6 448
38 21 452
38 13 510
38 30 510
38 14 511
38 15 511
38 6 946
38 13 969
38 30 969
38 14 969
38 15 969
41 3 204
41 4 291
41 5 365
41 6 371
42 3 203
42 4 239
42 5 301
42 6 305
42 21 307
42 19 323
42 14 325
42 15 325
42 6 341
42 4 349
42 3 350
50 3 168
50 4 198
50 5 230
50 6 232
55 3 179
55 4 230
55 5 265
55 6 269
56 3 491
56 4 533
56 5 589
56 6 605
56 21 609
56 13 629
56 14 631
56 15 631
58 3 219
58 4 254
58 5 288
58 6 302
62 3 174
62 4 217
62 5 255
62 6 265
64 3 136
64 4 173
64 5 196
64 6 199
64 13 280
64 14 284
64 15 284
63 3 904
63 4 935
63 5 956
63 6 959
65 5 16
65 6 21
65 13 41
65 14 42
65 15 42
70 3 307
70 4 367
70 5 384
70 6 388
71 3 127
71 4 191
71 5 247
71 6 252
74 3 180
70 19 1136
70 34 1136
70 14 1136
74 4 243
70 25 1144
70 6 1144
70 19 1169
70 34 1169
70 14 1172
74 5 263
74 6 270
70 25 1280
70 6 1280
77 5 8
77 6 11
76 3 359
76 4 398
76 5 439
76 6 446
76 19 485
76 34 485
76 14 485
76 6 500
76 13 504
76 14 505
76 15 505
82 5 2
82 6 12
82 21 15
82 13 24
82 30 24
82 14 26
82 15 26
81 3 123
81 4 151
81 5 182
81 6 190
79 3 260
80 3 270
80 4 304
79 4 342
80 3 318
79 5 395
79 6 408
82 6 298
82 13 301
82 30 301
82 14 301
82 15 301
77 13 805
77 14 806
77 15 806
79 19 745
79 34 745
79 14 747
79 15 747
82 25 602
82 6 602
79 25 759
79 6 760
82 13 607
82 30 607
82 14 609
82 15 609
84 5 13
84 6 20
87 5 5
87 6 8
87 19 13
87 14 14
87 14 18
87 15 18
77 5 3026
77 6 3030
89 3 213
89 4 253
89 5 306
89 6 312
89 13 365
89 14 366
89 15 366
91 3 291
91 4 368
93 3 83
91 5 410
91 6 415
93 4 110
93 5 135
93 6 142
94 3 167
94 4 211
91 19 565
91 14 565
91 6 578
94 5 232
94 6 246
96 3 118
96 4 158
96 5 189
96 6 192
96 13 227
96 14 229
96 15 229
97 3 278
97 4 386
97 5 424
97 6 428
102 3 207
102 4 242
102 5 335
102 6 337
103 3 315
103 4 358
106 3 160
103 5 412
103 6 414
106 4 210
105 3 237
106 5 255
106 6 265
105 4 304
106 13 293
106 30 293
106 14 294
106 15 294
105 5 358
105 6 367
105 19 414
105 14 428
105 6 440
106 6 448
106 13 457
106 30 457
106 14 458
106 15 458
108 3 204
108 4 261
110 3 119
110 4 150
110 5 160
110 6 164
110 13 172
110 30 172
110 14 173
110 15 173
112 3 194
113 5 6
113 6 10
112 4 265
111 3 482
114 3 124
114 4 159
114 5 204
114 6 208
114 13 228
114 30 228
114 14 230
114 15 230
111 4 631
111 5 706
111 6 714
111 4 763
112 5 749
111 5 769
111 6 777
112 6 758
112 13 822
112 14 823
112 15 823
117 3 212
117 4 283
112 5 1125
112 6 1132
112 19 1141
112 14 1141
112 25 1162
112 6 1162
117 5 329
117 6 337
117 13 359
117 30 360
117 14 360
117 15 360
117 6 443
125 5 6
122 3 211
125 6 9
125 26 14
125 14 15
125 25 25
125 6 25
122 4 289
122 5 333
122 6 344
122 13 406
122 14 409
122 15 409
126 3 272
126 4 300
126 5 339
126 6 341
132 5 2
132 6 5
135 5 8
135 6 11
131 3 179
135 19 72
135 14 77
135 15 77
135 14 93
135 15 93
131 4 259
131 5 288
131 6 295
131 13 358
131 30 358
131 14 359
131 15 359
135 5 260
135 6 263
135 19 274
135 14 275
131 6 418
131 13 422
131 30 422
131 14 425
131 15 425
143 3 190
141 3 264
143 4 246
141 4 312
141 5 346
141 6 362
143 5 292
143 6 304
141 19 449
141 34 449
141 14 449
139 3 492
139 4 550
122 6 1583
139 5 628
139 6 632
139 13 708
139 30 708
139 14 711
139 15 711
122 13 2040
122 30 2040
122 14 2042
122 15 2042
156 3 150
156 4 179
156 5 220
156 6 228
159 3 111
144 3 1111
157 3 283
159 4 184
144 4 1164
159 5 209
159 6 214
144 5 1204
144 6 1211
157 3 370
157 4 422
157 5 457
157 6 463
168 5 14
168 6 23
157 4 513
157 3 514
168 26 33
168 14 34
167 3 241
167 4 271
170 3 107
169 3 213
170 4 133
169 4 244
167 5 314
167 6 319
170 5 166
170 6 177
169 5 257
169 6 262
165 3 487
169 25 304
169 5 305
169 6 311
167 13 372
167 14 373
167 15 373
176 3 3
165 4 571
170 19 303
170 14 303
170 25 308
170 6 308
165 5 611
170 19 326
170 14 326
165 6 620
170 25 396
170 6 398
144 13 1891
144 30 1892
144 14 1892
144 15 1892
176 4 182
170 19 433
170 14 436
170 15 436
176 5 223
176 6 224
169 3 573
174 3 333
174 4 388
174 3 397
169 4 664
165 4 882
165 5 898
169 5 675
169 6 682
144 25 2115
144 6 2115
165 6 920
179 3 192
165 34 949
165 19 949
165 14 950
165 6 955
181 3 191
165 4 975
169 25 767
169 5 769
169 6 775
181 4 235
178 3 395
179 4 254
181 5 305
181 6 320
178 4 497
179 5 379
179 6 394
179 25 471
179 5 472
179 6 481
178 5 632
179 25 499
179 5 500
179 6 514
178 6 648
178 21 649
187 3 109
187 4 132
187 5 170
187 6 185
183 3 766
184 3 699
189 3 204
184 4 732
184 5 768
192 3 84
184 6 784
184 13 790
184 14 791
184 15 791
192 4 102
192 5 130
192 6 137
190 3 231
189 4 328
192 13 167
192 30 167
192 14 169
192 15 169
194 3 143
189 5 364
192 25 188
192 6 189
192 13 201
192 30 201
192 14 201
192 15 201
194 4 181
189 6 380
189 21 383
193 3 170
194 5 212
189 26 437
194 6 228
164 3 1875
189 14 440
193 4 242
190 4 384
196 3 203
193 5 276
193 6 288
193 21 293
190 5 428
190 6 444
196 4 241
193 26 315
193 14 319
193 15 319
196 5 289
196 6 291
164 4 1986
200 3 121
200 4 157
204 5 10
204 6 18
196 19 338
196 34 338
196 14 340
200 5 184
200 6 199
197 3 341
204 13 26
204 15 33
204 14 33
196 25 359
196 6 359
200 13 257
200 30 257
200 14 258
200 15 258
197 4 400
164 5 2141
164 6 2157
195 3 459
197 5 466
197 6 483
195 4 531
195 5 582
195 6 597
200 25 470
200 6 470
201 3 413
208 5 6
208 6 22
200 13 474
200 30 474
200 14 474
200 15 474
195 13 646
195 14 646
195 15 646
201 4 449
201 5 495
201 6 510
197 4 735
201 19 572
201 14 573
201 25 607
201 6 608
203 3 551
198 3 812
203 4 588
203 5 618
203 6 629
211 3 114
192 25 1089
192 6 1089
198 4 905
211 4 143
198 5 962
211 5 172
211 6 182
209 3 259
198 6 971
213 5 7
198 13 1005
198 30 1005
198 14 1007
198 15 1007
209 3 326
213 6 23
210 3 327
209 4 371
210 4 378
178 4 2289
209 5 439
210 5 429
209 6 448
210 6 444
178 3 2306
178 4 2320
178 5 2342
178 6 2346
178 21 2347
210 30 526
210 13 526
210 14 533
210 15 533
178 13 2402
178 14 2409
178 15 2409
217 3 99
209 13 565
209 14 571
209 15 571
210 25 553
210 6 553
215 3 190
217 4 145
209 25 604
209 6 604
209 13 609
209 30 609
209 14 613
209 15 613
217 5 173
217 6 179
217 13 206
209 25 652
209 6 652
209 13 659
209 30 659
209 14 659
209 15 659
209 25 672
209 6 672
215 4 279
217 14 206
217 15 206
203 13 1141
203 14 1141
203 15 1141
209 13 679
209 30 679
209 14 683
209 15 683
215 5 350
215 6 353
219 3 124
217 25 267
217 6 267
217 13 278
217 14 279
217 15 279
209 25 756
209 6 757
209 13 761
209 30 761
209 14 764
209 15 764
219 4 153
219 5 178
219 6 184
214 3 478
219 13 206
219 14 207
219 15 207
217 25 411
217 6 411
214 4 527
214 5 566
217 13 460
217 30 460
217 14 461
217 15 461
221 3 250
214 6 575
217 25 549
217 6 549
217 13 553
217 14 554
217 15 554
221 4 348
221 5 413
221 6 417
221 13 443
221 30 443
221 14 445
221 15 445
224 3 262
214 30 842
214 13 842
214 14 843
214 15 843
225 3 312
232 5 20
232 6 31
225 4 398
225 5 433
225 6 439
231 3 246
231 3 269
230 3 342
231 4 306
231 3 366
231 4 373
231 5 422
231 6 427
231 13 479
231 14 480
231 15 480
230 4 534
214 6 1507
214 26 1516
214 27 1516
214 14 1516
238 3 209
230 5 687
230 6 695
238 4 261
238 5 293
238 6 297
230 19 732
230 14 735
230 6 742
230 13 770
230 14 777
230 15 777
230 6 815
230 4 817
230 3 818
243 3 253
132 26 6595
132 14 6596
243 4 324
246 3 200
243 5 360
243 6 365
250 5 3
246 4 264
250 6 20
246 5 307
246 6 317
248 3 175
248 4 219
242 3 723
248 5 255
248 6 260
242 4 816
242 5 907
242 6 914
242 21 918
253 3 370
242 4 1155
242 5 1162
242 6 1171
242 21 1175
251 3 573
256 3 319
253 4 477
255 3 327
256 4 372
262 3 188
260 3 238
255 4 377
262 4 214
253 5 575
253 6 580
255 5 443
255 6 447
256 5 470
251 4 749
264 3 214
258 3 451
256 6 475
256 21 476
260 4 352
258 4 479
262 5 347
264 4 253
260 5 382
260 6 390
260 21 392
266 3 260
262 6 363
264 5 299
264 6 302
251 5 862
251 6 878
264 13 313
264 30 313
264 14 316
264 15 316
251 19 900
251 34 900
251 14 901
251 25 910
251 6 911
266 4 353
251 19 938
251 14 942
251 6 947
260 19 498
260 34 498
260 14 499
260 26 516
260 14 517
266 5 387
266 6 391
256 26 655
256 14 655
251 19 964
251 14 966
251 6 970
258 5 659
272 3 241
256 6 688
256 26 706
256 14 710
255 30 706
255 13 706
255 14 710
255 15 710
258 6 675
264 6 475
264 4 479
272 4 282
276 3 177
256 6 746
256 26 754
256 27 754
256 282 755
256 14 755
256 6 758
277 3 178
256 26 789
256 27 789
256 14 791
256 6 797
255 6 801
255 26 808
255 27 808
255 14 812
255 15 812
276 4 223
277 4 215
272 5 357
272 6 373
277 5 237
277 6 252
264 5 591
264 6 603
264 13 615
264 30 615
264 14 617
264 15 617
280 3 178
281 3 148
277 13 288
277 30 288
277 14 288
277 15 288
283 3 141
280 4 237
283 4 185
281 4 216
280 5 272
280 6 282
281 5 261
283 5 234
255 6 1034
281 6 276
283 6 250
281 19 306
281 34 306
281 14 306
281 6 310
281 19 318
281 14 318
281 6 321
278 3 407
281 19 342
281 34 342
281 14 345
281 15 345
278 4 456
278 5 512
255 4 1186
278 6 526
255 5 1189
255 6 1195
257 3 1250
255 26 1290
255 14 1291
278 4 649
278 3 655
257 4 1282
257 5 1330
257 6 1341
255 6 1371
295 3 212
295 4 233
257 13 1410
257 30 1410
257 14 1411
257 15 1412
295 5 285
295 6 296
303 5 36
303 6 41
299 3 208
303 5 122
303 6 129
299 4 265
303 5 180
303 6 186
301 3 270
299 5 412
299 6 416
301 4 353
308 3 139
301 5 390
301 6 393
303 3 416
303 4 424
308 4 198
303 3 433
308 3 241
303 3 484
303 4 488
303 5 493
303 6 498
303 13 507
303 30 508
303 14 511
303 15 511
309 3 245
307 3 415
309 4 294
309 5 324
309 6 326
309 21 330
307 4 485
309 19 354
309 14 357
309 15 357
309 25 368
309 6 368
307 5 580
301 13 745
301 14 748
301 15 748
307 6 589
301 6 949
301 4 950
301 3 950
255 3 2428
255 4 2440
307 13 838
307 14 839
307 15 839
255 5 2455
255 6 2459
255 13 2623
255 14 2626
255 15 2626
315 3 226
293 3 1619
293 4 1659
315 4 305
315 5 343
315 6 345
293 5 1711
293 6 1716
315 4 359
315 5 368
315 6 370
315 4 372
315 3 373
319 3 174
319 4 223
319 5 263
319 6 275
319 19 308
319 14 309
319 6 329
326 5 2
326 6 6
319 19 359
319 14 361
319 15 361
319 6 376
319 19 383
319 14 386
319 15 386
319 25 388
319 6 388
323 3 136
323 4 163
323 5 235
325 3 262
323 6 243
325 4 318
325 5 534
325 6 546
333 3 114
325 5 624
333 4 145
325 6 632
333 5 202
333 6 209
336 3 226
336 4 295
336 5 344
336 6 352
336 13 377
336 30 377
336 14 378
336 15 378
336 6 486
336 13 494
336 30 494
336 14 496
336 15 496
339 3 171
339 4 251
339 5 328
339 6 336
339 21 337
339 13 377
339 30 377
339 14 378
339 15 378
340 3 260
342 3 131
342 4 188
340 4 351
340 5 371
340 6 372
340 19 397
340 14 399
340 15 399
347 5 13
347 6 18
342 5 237
342 6 247
339 6 549
339 13 559
339 30 559
339 14 559
339 15 559
342 13 288
342 30 288
342 14 289
342 15 289
346 3 158
346 4 178
346 5 250
346 6 253
344 3 310
351 5 5
351 6 9
344 4 485
344 5 532
344 6 546
352 3 118
344 4 557
344 3 557
352 4 147
353 3 167
352 5 165
352 6 177
352 21 178
352 19 199
352 14 199
352 6 208
353 4 212
353 5 226
353 6 232
355 3 176
352 4 279
355 4 204
350 3 458
360 3 142
355 5 255
355 6 263
360 4 176
360 5 196
359 3 202
360 6 200
350 4 536
350 5 579
360 4 254
360 3 256
350 6 591
350 13 606
350 14 607
350 15 607
361 3 203
360 25 274
360 5 275
360 6 283
359 4 292
361 4 257
361 5 283
361 6 287
359 5 390
359 6 398
361 19 341
361 14 341
359 13 407
359 30 407
359 14 409
359 15 409
369 3 172
365 3 328
369 4 192
371 5 2
369 5 207
365 4 359
369 6 211
365 5 395
365 6 399
365 13 510
365 14 511
365 15 511
359 25 1027
359 6 1027
365 25 568
365 6 568
365 19 586
365 34 586
365 14 590
365 15 590
365 25 606
365 6 606
374 3 299
374 4 341
374 5 382
374 6 385
374 21 389
374 13 457
374 30 457
374 14 460
374 15 460
381 3 123
381 4 150
381 5 183
381 6 199
381 13 251
381 30 251
381 14 251
381 15 251
378 3 473
384 3 179
378 4 527
384 4 217
387 3 84
378 5 604
378 6 608
387 4 107
387 5 142
387 6 150
378 26 771
378 27 771
378 14 774
378 15 774
378 25 788
378 6 788
378 26 803
378 27 804
378 14 807
378 15 807
378 25 812
378 6 813
378 25 881
378 5 882
378 6 888
389 3 196
388 3 261
388 4 306
388 5 342
388 6 347
389 4 299
389 5 331
389 6 335
389 4 397
394 3 151
388 30 579
388 13 579
388 14 581
388 15 581
399 5 10
399 6 19
399 13 22
399 14 23
399 15 23
397 3 197
397 4 265
401 3 143
397 5 304
397 6 307
401 4 189
401 5 205
401 6 212
398 3 352
387 13 1202
387 30 1202
405 3 195
398 4 393
387 14 1205
387 15 1205
405 4 230
405 5 269
405 6 272
406 3 383
398 5 621
398 6 629
412 3 173
411 3 274
412 4 214
406 4 456
411 4 318
398 19 731
398 34 731
398 14 731
412 5 261
412 6 263
412 4 277
406 5 496
406 6 500
412 3 281
398 25 745
398 6 745
416 3 95
412 3 304
412 4 307
406 4 540
412 5 309
412 6 311
412 19 322
412 34 322
412 14 325
412 15 325
412 25 337
412 6 337
411 5 397
411 6 400
411 4 418
416 4 167
412 25 371
412 5 372
412 6 377
416 5 195
412 19 384
412 14 384
416 6 201
412 6 394
412 19 399
412 14 400
412 6 403
398 19 1017
398 34 1017
398 14 1029
398 25 1042
398 6 1042
398 19 1117
398 34 1117
398 14 1118
398 25 1125
422 5 7
422 6 13
398 6 1125
419 3 257
419 4 279
419 5 289
419 6 294
419 13 309
419 14 310
419 15 310
428 5 5
428 6 9
430 5 5
430 6 12
423 3 307
423 4 340
427 3 191
423 5 374
423 6 377
427 4 253
427 5 302
427 6 315
427 21 317
427 4 405
427 5 408
427 6 424
427 21 425
427 19 488
427 34 488
427 14 489
427 25 502
427 6 502
437 3 184
437 4 227
437 5 284
437 6 290
438 3 282
438 4 347
437 4 389
437 5 390
437 6 397
438 5 401
438 6 418
438 13 457
438 14 458
438 15 458
438 6 479
428 3 1166
428 4 1179
438 19 484
438 14 484
438 6 493
428 5 1189
428 6 1195
438 13 530
438 14 530
438 15 530
428 4 1228
428 3 1232
436 3 603
446 3 105
447 3 135
436 4 659
446 4 134
446 5 171
446 6 187
447 4 180
447 5 223
450 3 171
436 5 745
436 6 749
447 6 240
451 3 191
451 3 201
447 13 282
447 30 282
447 14 283
447 15 283
451 4 239
438 6 800
454 3 111
438 19 817
438 14 821
438 15 821
438 6 838
451 5 310
451 6 326
450 4 318
454 4 135
447 6 416
450 5 352
438 19 879
438 34 879
438 14 883
438 15 884
438 25 888
438 6 888
450 6 368
454 5 168
454 6 173
438 19 925
438 34 926
438 14 926
438 14 932
438 15 932
436 25 973
436 5 973
436 6 982
456 3 151
450 34 455
450 19 455
450 14 457
456 4 191
450 14 467
450 15 467
456 3 237
450 6 581
450 13 634
450 14 638
450 15 638
462 3 178
462 4 219
462 5 252
462 6 256
436 19 1449
436 34 1449
436 14 1450
436 6 1459
463 3 195
462 13 376
462 30 376
462 14 377
462 15 377
463 4 230
436 19 1563
436 34 1563
436 14 1564
463 5 267
463 6 273
436 25 1587
436 6 1587
436 19 1656
436 34 1656
436 14 1657
469 3 125
461 3 670
469 4 146
461 4 690
469 5 182
469 6 192
469 13 202
469 30 202
469 14 203
469 15 203
461 5 736
469 6 219
461 6 752
471 3 136
471 4 181
473 5 3
473 6 19
473 5 26
471 5 216
471 6 232
473 6 41
469 13 318
469 14 319
469 15 319
461 13 887
461 30 887
461 15 888
461 14 888
471 13 304
471 30 304
471 14 306
471 15 306
444 3 1573
469 6 436
469 4 437
469 3 440
444 4 1618
444 5 1639
444 6 1643
474 3 158
444 13 1673
444 30 1673
444 14 1674
444 15 1674
474 4 226
475 3 189
469 3 571
476 3 146
474 5 252
474 6 261
474 282 262
474 21 262
475 4 227
476 4 187
469 4 618
475 5 260
469 5 637
475 6 276
476 5 213
476 6 222
470 3 633
469 6 652
469 21 655
483 5 2
469 26 769
469 14 771
469 15 771
444 6 1967
444 13 1996
444 14 1998
444 15 1998
470 4 869
469 5 899
469 6 904
469 13 911
469 14 911
469 15 911
469 6 937
469 26 944
469 27 945
469 14 945
469 25 954
469 6 954
469 26 959
469 27 959
469 14 963
469 15 963
469 6 964
469 26 967
469 27 967
469 14 967
469 6 969
469 13 986
469 30 986
469 14 987
469 15 987
470 5 969
470 6 985
444 6 2159
476 5 582
476 6 587
470 19 1038
470 34 1038
470 14 1038
444 26 2282
444 27 2282
444 14 2285
444 15 2285
481 3 479
485 3 414
485 4 434
485 5 478
485 6 482
444 6 2389
481 4 558
481 5 623
481 6 638
481 4 661
481 3 668
481 3 702
481 25 706
481 5 706
481 6 722
481 3 735
502 3 98
470 6 1390
502 4 134
502 5 160
502 6 175
502 21 177
502 13 306
502 30 306
502 14 307
502 15 307
502 25 435
502 6 435
502 13 440
502 30 440
502 14 441
502 15 441
505 3 229
505 4 333
505 3 356
508 3 225
505 3 431
505 4 442
508 4 281
505 5 510
508 5 302
508 6 307
505 6 514
509 3 140
511 3 174
505 13 613
505 30 613
505 14 614
505 15 614
510 3 207
514 3 119
514 3 132
511 4 209
509 4 240
508 13 453
508 30 453
508 14 453
508 15 453
514 4 165
511 5 235
511 6 251
510 4 270
514 5 192
510 3 283
514 6 196
509 5 307
509 6 323
516 3 153
505 6 742
516 4 201
516 5 227
516 6 231
515 3 288
514 13 353
514 14 354
514 15 354
515 4 338
515 3 399
520 3 198
521 3 227
520 4 250
520 5 294
520 6 298
505 30 1076
505 13 1076
505 14 1077
505 15 1077
519 3 403
521 4 272
521 5 301
521 6 312
519 4 471
524 3 235
523 3 322
522 3 331
519 5 558
519 6 562
519 21 564
524 4 304
523 4 389
519 26 597
519 27 598
519 14 599
519 15 599
522 4 404
524 5 374
524 6 381
522 5 462
522 6 478
523 5 473
523 6 477
523 13 552
523 14 553
523 15 553
530 3 196
534 5 1
534 6 15
534 13 19
534 14 19
534 15 19
530 4 239
530 5 291
530 6 297
505 25 1626
505 6 1626
533 3 173
505 13 1629
505 30 1629
505 15 1633
505 14 1633
530 13 329
530 14 331
530 15 331
533 4 199
533 5 212
533 6 229
541 3 89
541 4 111
540 3 130
541 5 129
541 6 141
540 4 169
540 5 198
540 6 201
540 13 333
540 30 333
540 14 339
540 15 339
541 13 396
541 30 396
541 14 396
541 15 396
543 3 355
541 5 632
541 6 644
544 3 414
543 4 506
543 5 560
541 13 696
541 30 696
541 14 697
541 15 697
544 4 479
543 6 564
553 3 106
544 5 538
544 6 542
543 4 646
543 3 646
553 4 154
553 5 173
553 6 179
553 13 204
553 15 207
553 14 207
552 3 327
544 13 645
544 14 647
544 15 647
552 4 366
552 5 419
552 6 432
552 13 505
552 14 505
552 15 505
548 3 770
548 4 840
544 6 972
544 3 972
548 5 894
548 6 896
558 3 233
558 4 299
563 3 209
558 5 346
558 6 352
559 3 314
563 4 288
563 5 288
563 6 297
563 21 301
569 3 168
563 19 315
563 14 316
562 3 374
559 4 375
559 5 388
559 6 392
563 26 330
563 14 331
570 3 186
565 3 323
569 4 211
562 4 414
569 5 244
569 6 249
530 6 2425
570 4 258
565 4 377
562 5 471
569 3 290
569 4 293
569 5 295
530 4 2456
530 3 2467
568 3 358
565 5 402
565 6 418
562 6 476
559 19 499
559 34 499
559 14 501
559 25 508
559 6 508
569 6 300
569 13 309
569 30 309
569 14 310
569 15 310
565 13 479
568 4 439
565 14 483
565 15 484
560 3 611
530 25 2580
568 5 471
568 6 476
580 5 26
580 6 42
530 25 2609
530 5 2610
530 6 2614
580 19 58
580 14 67
560 4 655
562 4 672
562 3 673
585 5 10
585 6 18
560 5 773
560 6 789
569 25 643
569 6 643
583 3 245
584 3 238
581 3 313
583 4 336
581 4 367
584 4 318
581 3 399
583 5 382
583 6 398
583 13 422
583 14 426
583 15 426
584 5 414
584 6 419
584 21 422
591 3 103
591 4 123
591 5 176
591 6 180
591 13 205
591 15 205
591 14 205
595 3 84
589 3 289
595 4 115
589 4 331
595 5 161
595 6 176
589 5 383
589 6 398
596 3 185
596 4 247
594 3 332
596 5 294
596 6 302
594 4 370
600 3 162
596 3 333
597 3 260
600 4 194
596 4 349
596 5 357
596 6 359
597 4 306
597 3 314
597 4 317
599 3 242
597 5 352
600 5 273
600 6 277
597 6 368
599 4 293
597 19 417
597 34 417
597 14 418
597 14 431
597 15 431
604 3 290
597 6 468
597 3 468
597 4 476
597 5 479
597 6 495
604 4 386
599 5 507
599 6 512
604 5 437
604 6 448
604 26 585
604 27 585
603 3 578
604 14 588
611 3 160
611 4 185
603 4 675
604 6 710
604 26 733
611 5 225
611 6 228
604 14 736
603 5 770
603 6 787
603 13 813
603 30 814
603 14 814
603 15 814
604 6 856
617 3 115
615 3 224
617 4 149
616 3 239
619 3 164
615 4 281
619 4 192
617 5 199
617 6 215
615 5 300
616 4 283
615 6 310
619 5 225
617 13 226
617 30 226
617 14 227
617 15 227
616 5 334
619 6 240
616 6 350
615 13 388
615 14 396
615 15 396
620 3 208
616 30 479
616 13 479
616 14 479
616 15 479
624 3 165
620 4 295
624 4 217
620 5 362
600 13 1415
600 14 1416
600 15 1416
624 5 255
624 6 270
620 6 374
620 4 393
624 19 291
624 14 293
620 5 397
620 6 414
624 14 323
624 15 323
611 26 1116
611 14 1116
628 3 347
611 6 1166
611 4 1166
611 5 1173
611 6 1177
628 4 386
633 3 135
633 4 162
633 5 204
633 6 209
628 5 551
628 6 554
628 21 560
634 3 254
628 13 596
628 30 596
634 4 277
628 14 601
628 15 601
633 13 309
633 14 310
633 15 310
634 5 298
634 6 305
633 25 404
633 6 405
628 5 739
628 6 743
633 13 446
633 30 446
633 14 447
633 15 447
628 21 747
637 5 8
637 6 23
622 3 1351
637 645 300
622 4 1438
628 5 1172
628 5 1174
628 6 1176
628 6 1177
628 21 1180
641 3 271
643 3 155
637 25 356
637 6 356
641 3 294
622 5 1520
641 4 328
643 4 195
643 5 214
622 6 1527
638 3 412
643 6 229
641 5 371
641 6 388
638 4 486
641 13 428
641 30 428
641 14 431
641 15 431
642 3 344
638 5 551
638 6 557
641 6 503
652 5 7
652 6 12
642 4 402
649 3 200
641 13 526
641 30 526
641 14 527
641 15 527
638 13 596
638 30 596
638 14 597
638 15 597
638 6 643
638 26 648
638 27 648
638 14 649
642 5 464
642 6 465
649 4 241
641 6 583
641 13 591
641 30 591
641 14 592
641 15 592
649 5 264
649 6 268
654 3 124
642 3 559
654 4 146
642 25 574
642 5 574
642 6 575
654 5 193
642 25 612
642 5 612
642 6 615
642 25 621
642 5 621
649 25 391
649 5 392
649 6 407
654 6 208
642 6 622
642 25 632
642 5 632
642 6 635
653 3 261
653 4 297
642 25 686
642 5 686
642 6 688
641 6 833
653 5 338
653 6 347
642 25 741
642 5 741
642 6 748
659 3 117
659 4 147
657 3 310
642 5 810
642 6 815
659 5 185
659 6 201
657 4 386
642 13 875
642 14 875
642 15 875
657 5 423
657 6 428
652 13 554
652 30 554
652 14 556
652 15 556
657 13 504
657 14 505
657 15 505
653 5 610
653 6 620
661 3 266
661 4 318
661 5 331
661 6 335
642 6 1108
643 13 1113
643 14 1113
643 15 1113
628 5 2237
628 6 2240
642 26 1193
642 14 1194
642 6 1196
628 26 2270
628 27 2271
628 14 2272
642 26 1249
642 14 1252
642 15 1252
628 25 2290
628 6 2290
628 5 2310
642 6 1255
628 6 2313
643 25 1275
643 6 1275
643 13 1285
643 30 1285
643 14 1286
643 15 1286
664 3 343
667 3 194
664 4 395
667 4 246
667 3 249
667 4 254
664 5 440
664 6 451
664 21 456
665 3 506
667 5 365
667 6 374
667 21 379
673 3 113
673 4 137
664 19 572
664 34 573
664 14 576
664 15 576
676 3 156
665 4 626
670 3 356
670 4 388
676 4 218
670 5 437
676 5 269
676 6 285
665 5 725
665 6 740
670 6 455
674 3 353
677 3 303
674 4 418
677 4 390
674 5 494
674 6 508
677 5 462
674 13 544
674 14 545
674 15 545
677 6 479
674 5 645
674 6 652
677 13 660
677 14 664
677 15 664
674 13 823
674 14 823
674 15 823
686 3 209
686 4 235
686 5 298
686 6 306
680 3 694
680 4 724
680 5 750
680 6 753
680 19 989
680 34 989
680 14 990
680 25 995
680 6 995
680 19 1011
680 34 1011
680 14 1015
680 15 1015
680 25 1016
680 6 1017
692 5 4
692 6 8
688 3 267
689 3 258
692 13 110
692 14 111
692 15 111
689 4 350
689 5 394
689 6 397
689 4 424
695 3 142
695 4 175
695 5 238
695 6 257
702 5 3
702 6 5
702 13 7
702 14 8
702 15 8
703 3 61
703 4 74
698 3 329
703 5 90
703 6 93
700 3 182
700 4 227
688 4 845
700 5 276
700 6 286
698 4 445
704 3 179
698 5 492
688 5 930
688 6 944
698 6 501
704 4 252
704 5 274
704 6 288
704 13 316
704 14 316
704 15 316
706 3 241
710 3 214
706 4 326
710 4 256
706 5 390
706 6 393
704 3 491
704 4 498
704 5 503
704 6 508
704 13 512
704 14 513
704 15 513
710 5 299
710 6 303
710 25 326
710 5 326
710 6 329
710 5 331
710 6 333
711 3 321
711 4 384
711 5 411
711 6 418
711 4 514
711 5 518
711 6 526
706 5 726
714 3 271
714 4 308
719 3 245
713 3 356
720 3 197
714 5 348
714 6 352
719 4 283
713 4 383
714 19 379
714 14 380
714 25 388
714 6 388
713 5 447
713 6 453
720 4 270
719 5 359
719 6 367
720 5 305
720 6 313
720 21 315
714 19 475
714 34 475
714 14 480
714 15 480
714 25 487
714 6 488
725 3 132
725 4 165
633 25 5336
633 6 5336
633 13 5342
633 30 5343
633 14 5343
633 15 5343
722 3 283
722 4 307
725 5 242
725 6 245
722 5 318
722 6 321
725 13 254
725 30 254
725 14 256
725 15 256
722 13 357
722 30 357
722 14 358
722 15 358
728 3 223
728 4 290
728 5 322
728 6 327
728 13 553
728 14 554
728 15 554
733 3 276
733 4 310
733 5 348
733 6 359
733 13 446
733 14 446
733 15 446
737 3 220
744 5 4
744 6 11
733 5 541
733 6 549
744 13 16
744 14 18
744 15 18
734 3 340
733 13 582
733 30 583
733 14 583
733 15 583
734 4 378
733 5 606
733 6 614
737 4 328
734 5 404
734 6 407
733 13 638
733 14 640
733 15 640
737 5 410
746 5 3
737 6 425
746 6 12
746 13 24
746 30 24
746 14 25
746 15 25
734 19 510
734 34 510
734 14 512
734 15 512
734 25 533
734 6 533
733 5 751
733 6 760
734 19 542
734 34 542
734 14 544
734 15 544
733 13 782
733 30 782
733 14 786
733 15 786
747 3 234
711 13 2214
711 14 2215
711 15 2215
751 3 158
755 5 4
747 4 317
754 5 5
754 6 10
755 6 10
751 4 221
751 5 244
751 6 248
756 5 2
756 6 7
747 5 472
747 6 474
737 13 995
737 14 996
737 15 996
757 3 180
757 4 202
751 4 475
751 5 480
751 6 483
757 5 246
757 6 249
757 21 250
757 30 261
757 13 261
757 14 262
757 15 262
757 25 285
757 6 285
757 25 315
756 19 323
756 34 323
756 14 323
756 6 333
757 25 331
757 3 331
756 26 340
756 14 341
756 6 352
757 25 380
757 5 380
757 6 382
756 26 390
756 27 390
756 14 390
763 3 152
757 25 449
757 5 449
757 6 451
757 21 453
757 13 468
757 30 468
757 14 470
757 15 470
763 4 205
763 5 230
763 6 244
757 6 541
757 19 550
757 14 551
764 3 291
764 4 370
764 5 421
764 6 424
764 21 426
764 13 482
764 30 483
764 14 483
764 15 483
768 3 229
728 5 2387
728 6 2391
770 3 194
768 4 279
728 13 2400
728 14 2401
728 15 2401
772 3 192
774 3 172
770 4 320
774 4 204
770 5 346
770 6 349
774 5 242
770 13 391
770 30 391
770 14 392
770 15 392
774 6 246
772 4 313
773 3 297
773 4 349
772 5 357
772 6 373
768 5 591
768 6 606
776 3 307
776 3 353
773 5 490
773 6 494
776 4 396
776 5 407
776 6 410
776 13 448
776 30 448
776 14 452
776 15 452
785 3 145
785 4 166
785 5 212
785 6 215
785 4 261
787 3 198
787 4 226
768 13 1073
768 14 1073
768 15 1073
787 5 253
787 6 258
790 3 137
790 4 170
790 5 191
790 6 198
788 3 489
788 4 527
787 13 575
787 30 576
787 14 578
787 15 578
788 5 577
788 6 584
794 3 260
794 4 298
794 5 325
794 6 328
792 3 372
794 13 361
797 3 203
794 14 362
794 15 362
792 4 470
797 4 288
797 5 312
797 6 315
792 5 531
792 6 534
800 3 168
797 25 375
797 5 376
797 6 378
768 6 1826
800 4 216
800 5 232
790 13 773
790 14 775
790 15 775
801 3 189
800 6 238
801 4 218
801 5 247
801 6 250
790 25 880
790 6 880
797 3 537
797 4 543
797 5 562
797 6 565
794 6 847
806 3 176
806 4 221
806 5 263
806 6 265
806 21 269
815 3 267
811 3 328
808 3 404
815 4 304
808 4 432
811 4 387
808 5 514
815 5 385
815 6 389
808 6 521
818 3 228
811 5 495
811 6 499
818 3 302
818 4 321
815 13 514
815 30 514
815 14 514
815 15 514
822 3 162
790 5 1811
818 5 394
818 6 400
825 3 100
790 6 1819
790 19 1833
790 34 1833
790 14 1835
790 14 1838
790 15 1838
822 4 210
825 4 135
825 5 143
827 5 7
827 6 11
824 3 161
825 6 151
826 3 167
827 19 35
827 34 35
827 14 37
827 15 37
827 14 56
827 15 56
826 4 189
821 3 278
818 4 517
818 3 519
818 3 521
826 5 215
826 6 218
826 4 229
826 3 229
821 4 332
794 4 1775
818 3 575
818 4 578
818 5 583
821 5 381
821 6 383
818 6 587
819 3 544
819 4 612
808 13 992
808 30 992
808 14 992
808 15 992
823 3 433
823 4 456
819 5 654
819 6 663
819 19 706
819 34 706
819 14 707
808 25 1091
808 6 1091
819 25 722
819 6 722
808 13 1115
808 30 1115
808 14 1116
808 15 1116
830 3 94
823 5 653
823 6 656
823 21 660
830 4 117
833 3 100
833 4 120
829 3 329
832 3 205
833 3 153
833 4 156
833 5 158
833 6 166
829 4 367
832 4 258
832 5 285
832 6 288
808 25 1495
808 6 1495
829 5 427
829 6 434
829 13 474
829 14 478
829 15 478
808 13 1595
808 30 1595
808 14 1595
808 15 1596
837 3 288
837 4 333
834 3 434
837 5 373
837 6 376
834 4 468
837 4 441
837 3 441
829 6 700
834 5 511
834 6 516
834 21 520
838 3 451
838 4 583
838 3 596
847 5 6
845 3 154
845 4 194
845 5 227
845 6 234
849 5 7
849 6 14
849 13 48
849 30 48
849 14 49
849 15 49
844 3 339
844 4 391
850 3 165
850 4 202
850 5 241
850 6 256
850 13 294
850 14 294
850 15 294
844 5 593
844 6 600
850 6 357
849 6 368
850 13 504
850 14 505
850 15 505
844 13 1261
844 14 1262
844 15 1262
857 3 170
844 25 1295
844 6 1295
857 4 209
844 13 1359
844 14 1360
844 15 1360
857 5 280
857 6 289
844 25 1510
844 6 1511
859 3 327
859 4 394
860 3 215
862 3 187
860 4 280
860 5 325
860 6 330
862 4 258
862 5 311
862 6 315
860 13 399
860 30 399
860 14 400
860 15 400
844 13 2034
844 14 2036
844 15 2036
844 25 2043
844 6 2043
866 3 185
844 13 2076
844 14 2077
844 15 2077
844 25 2090
844 6 2090
844 13 2097
844 30 2097
844 14 2098
844 15 2098
867 3 164
866 4 257
862 13 444
862 30 444
862 14 444
862 15 444
867 4 195
866 5 303
866 6 311
866 4 345
866 5 348
866 6 355
867 5 281
867 6 289
866 13 387
866 14 387
866 15 387
867 13 317
867 14 319
867 15 319
862 25 608
862 6 608
862 13 641
862 30 641
862 14 641
862 15 641
866 6 459
866 13 465
866 14 465
866 15 465
866 25 489
866 6 489
866 26 496
866 14 498
866 6 503
866 26 511
866 14 513
866 15 513
866 6 519
866 25 531
866 5 532
866 6 540
866 19 556
866 34 556
866 14 558
866 15 558
866 26 563
866 14 564
866 15 564
866 6 565
875 3 168
875 4 216
869 3 373
875 5 286
875 6 289
869 4 462
869 3 471
869 4 476
869 5 492
869 6 497
869 13 567
869 30 567
869 14 568
869 15 568
880 3 194
882 5 4
882 6 11
869 25 615
869 6 616
869 19 679
869 34 679
869 14 681
869 15 681
880 4 322
886 5 8
886 6 15
844 25 2868
844 6 2868
844 13 2879
844 30 2879
844 14 2880
844 15 2880
880 5 358
880 6 361
886 19 67
886 34 68
886 14 68
880 4 399
880 5 401
880 6 404
880 19 406
880 14 409
880 15 409
880 25 416
880 6 416
883 3 217
884 3 190
880 19 458
880 34 458
880 14 458
880 25 462
880 6 462
883 4 252
884 4 221
883 5 277
883 6 280
884 5 259
884 6 268
883 19 290
883 14 291
883 6 298
844 25 3184
844 6 3184
782 3 6979
782 4 7015
883 4 599
782 5 7064
782 6 7071
889 3 193
844 13 3537
844 14 3538
844 15 3538
889 4 227
890 3 261
889 5 283
889 6 285
844 25 3632
844 6 3633
890 4 343
886 25 845
886 5 847
886 6 853
889 19 352
889 34 352
889 14 354
889 15 354
889 6 364
889 4 365
889 3 366
844 13 3687
844 14 3687
844 15 3687
891 3 275
890 5 388
890 6 396
891 4 329
891 5 354
896 3 176
891 6 371
891 21 373
896 4 233
891 13 436
891 30 436
891 14 436
891 15 437
899 3 131
896 5 292
896 6 297
897 3 214
899 4 179
898 3 184
897 4 247
899 5 206
899 6 209
899 19 215
899 14 216
898 4 220
897 5 286
899 6 225
899 19 237
899 14 237
899 6 244
899 19 250
899 14 251
899 6 252
898 5 268
897 6 291
900 3 252
898 6 281
899 4 261
844 25 4054
844 6 4054
844 13 4071
844 30 4071
844 14 4073
844 15 4073
901 3 136
900 4 300
891 25 690
891 6 691
900 5 336
901 4 179
900 6 351
900 19 430
900 34 430
901 5 293
900 14 433
900 15 433
900 6 436
900 19 455
900 34 455
900 14 456
900 6 459
901 6 308
891 19 947
891 34 947
891 14 948
904 3 173
904 4 328
904 5 423
904 6 426
904 21 428
908 5 5
908 6 8
909 5 11
909 6 20
908 13 69
908 14 70
908 15 70
904 19 593
904 34 593
904 14 593
914 3 279
914 4 361
914 5 404
914 6 407
915 3 332
850 5 5477
915 4 409
915 5 448
915 6 451
916 3 336
913 3 752
916 4 408
916 5 471
916 6 479
918 3 243
913 4 874
918 4 299
913 3 945
918 5 342
918 6 346
921 3 173
921 4 203
924 5 3
924 6 11
921 5 228
921 6 232
924 13 31
924 14 34
924 15 34
922 3 179
920 3 317
921 13 308
921 30 308
921 14 309
921 15 309
920 4 359
922 4 244
927 13 0
927 30 1
921 25 330
921 6 330
926 3 100
922 5 304
927 5 10
927 6 14
922 6 310
926 4 125
921 13 403
921 30 403
921 14 407
921 15 407
922 19 359
922 34 359
922 14 359
926 5 160
926 6 163
922 6 375
922 13 385
922 14 385
922 15 385
923 3 404
920 5 500
920 6 503
926 13 195
926 14 195
926 15 195
923 4 502
920 13 646
920 30 646
920 14 646
920 15 646
922 6 616
922 13 628
922 14 629
922 15 629
929 3 191
929 4 280
920 6 919
920 25 919
929 5 327
929 6 336
929 5 374
930 3 270
929 6 389
930 4 330
930 5 365
930 6 368
929 19 475
929 34 475
929 14 485
930 19 414
930 14 415
930 6 441
930 19 453
930 14 454
930 6 462
930 19 475
930 14 475
938 3 116
938 4 154
938 5 171
938 6 175
940 3 295
940 4 322
940 5 346
940 6 350
940 5 368
940 6 372
940 30 387
940 13 387
940 14 391
940 15 391
880 5 6202
880 6 6206
880 19 6226
880 34 6226
880 14 6228
880 15 6228
944 3 426
946 3 113
946 4 154
944 4 558
946 5 182
946 6 198
944 5 604
944 6 607
947 5 3
947 5 6
947 6 21
948 3 394
948 4 422
952 3 204
948 5 444
948 6 449
950 3 248
950 4 299
950 5 388
952 4 326
952 3 351
950 6 393
953 3 390
955 3 178
953 4 467
955 4 242
955 5 284
955 6 286
956 3 417
952 3 1103
956 4 587
952 4 1109
952 5 1173
952 6 1183
956 5 661
956 6 670
956 21 671
956 26 706
956 14 707
956 6 716
952 13 1231
952 14 1231
952 15 1231
960 3 311
956 26 733
956 27 733
956 14 734
956 15 734
956 6 753
960 4 369
956 4 826
956 5 837
960 5 435
956 6 845
956 21 846
960 6 441
952 6 1408
966 3 172
966 4 225
966 5 271
966 6 279
966 13 297
966 14 297
966 15 297
969 3 214
969 4 258
969 5 318
969 6 322
970 3 273
969 5 353
969 6 356
973 3 154
974 3 135
974 4 164
972 3 218
967 3 717
973 4 208
974 5 178
974 6 182
970 4 376
967 4 752
973 5 238
973 6 241
970 5 413
970 6 417
974 13 229
974 30 229
974 14 230
974 15 230
974 25 235
974 6 236
972 4 316
967 5 800
967 6 806
972 5 371
972 6 382
967 19 912
974 13 364
974 30 364
974 14 366
974 15 366
967 14 914
972 19 484
972 34 485
976 3 205
976 4 263
980 3 266
980 4 340
980 5 432
980 6 436
989 3 103
989 4 122
989 5 150
989 6 158
990 3 378
986 3 646
986 4 693
986 5 746
986 6 754
986 4 817
986 3 820
986 3 831
986 4 834
986 5 836
986 6 845
986 4 849
986 3 850
986 3 858
986 4 860
986 5 863
986 6 874
994 3 123
994 4 146
986 19 1031
986 34 1031
986 14 1031
986 14 1049
986 15 1049
994 5 175
994 6 183
994 13 279
994 14 280
994 15 280
994 6 473
