0 2 52
0 5 262
0 8 325
9 2 100
9 6 229
9 8 250
10 3 324
12 1 0
16 1 0
16 5 213
16 7 222
16 6 249
16 7 249
17 4 373
20 2 69
12 5 718
12 6 727
17 19 496
20 3 275
22 7 195
24 8 79
24 1 131
24 26 131
24 1 178
24 2 202
24 3 245
24 4 257
24 6 273
24 29 308
24 29 338
24 15 345
32 4 182
33 2 72
33 4 313
33 5 354
33 19 406
33 15 409
33 6 418
33 13 449
36 1 0
36 2 58
35 4 249
35 6 307
36 6 316
36 7 316
36 8 323
35 15 385
36 5 356
33 6 1302
38 21 452
38 13 510
38 7 946
38 13 969
38 14 969
40 4 325
40 6 382
40 7 382
40 15 417
40 6 426
40 19 429
40 25 442
40 19 444
42 1 0
41 7 371
43 1 0
42 4 239
42 6 305
42 21 307
42 14 325
42 6 341
42 7 341
42 3 350
44 2 74
44 3 264
44 7 390
45 1 0
45 7 192
45 13 202
45 14 202
46 1 0
46 2 63
47 2 37
46 8 432
46 1 438
48 1 0
48 6 326
49 1 0
50 2 71
53 5 244
53 7 247
53 14 274
53 15 274
53 13 300
53 14 336
53 7 360
53 14 369
55 2 41
55 3 179
55 5 265
56 1 0
56 2 322
56 4 533
56 21 609
56 13 629
56 14 631
56 15 631
58 1 0
59 2 35
60 1 0
59 3 139
58 6 302
59 7 253
59 8 296
59 19 322
59 14 323
59 6 330
59 7 330
59 8 335
63 1 0
63 2 391
64 4 173
64 5 196
64 8 218
64 8 231
64 8 241
64 13 280
65 5 16
65 7 22
65 13 41
66 2 60
66 3 244
66 4 287
66 7 331
66 8 353
66 14 374
68 1 0
71 1 0
71 5 247
72 2 133
72 3 231
73 2 63
72 8 436
70 8 1123
70 14 1136
72 8 525
74 4 243
70 19 1169
70 34 1169
74 6 270
74 7 270
75 3 286
77 6 11
77 7 11
78 1 0
78 1 16
76 5 439
76 7 446
76 6 500
80 1 0
82 13 24
81 3 123
81 4 151
81 8 199
79 4 342
80 3 318
79 6 408
77 8 799
82 30 301
82 14 301
82 15 301
79 8 560
79 8 566
79 19 745
79 34 745
79 8 815
79 8 879
86 1 0
87 6 8
87 19 13
87 14 14
87 14 18
86 2 59
86 3 174
86 4 198
86 8 330
89 2 67
77 1 3015
77 6 3030
90 1 0
89 4 253
89 13 365
88 2 548
91 3 291
93 1 0
95 1 0
88 3 781
91 7 415
93 4 110
91 8 468
94 5 232
96 1 0
97 1 0
96 2 41
88 7 1169
98 1 0
98 1 50
96 5 189
96 6 192
96 14 229
97 5 424
97 7 428
101 2 57
97 8 480
100 2 112
101 3 147
97 8 544
102 1 0
99 4 488
99 5 592
99 14 626
102 3 207
102 4 242
102 5 335
105 2 126
103 6 414
105 3 237
106 5 255
106 7 265
107 2 73
105 19 414
106 13 457
108 4 261
112 1 0
112 2 61
100 6 1216
100 14 1225
100 14 1235
110 13 172
100 5 1362
112 3 194
113 1 0
113 5 6
113 6 10
112 4 265
116 1 0
114 14 230
112 1 822
117 1 0
115 5 463
115 7 474
118 2 31
120 1 0
117 2 112
121 2 74
118 5 202
112 1 1141
118 30 260
118 14 260
118 15 260
112 7 1162
117 6 337
120 3 258
117 30 360
117 15 360
122 1 0
118 6 372
118 15 375
120 7 377
124 2 56
121 4 405
125 1 0
120 14 489
120 15 489
122 3 211
125 6 9
125 7 9
125 25 25
125 6 25
126 1 0
126 2 32
127 1 0
122 4 289
129 2 58
127 2 108
124 3 335
128 3 138
123 5 399
123 6 407
122 13 406
126 3 272
124 6 460
124 21 461
126 4 300
124 25 496
124 6 496
124 25 507
123 1 552
123 14 557
123 15 557
124 8 529
124 34 531
124 14 534
124 19 555
124 34 555
124 14 556
124 6 559
132 1 0
132 6 5
132 7 5
131 3 179
135 15 77
127 5 543
127 7 551
127 8 560
134 2 177
131 5 288
133 6 231
131 6 295
131 7 295
131 13 358
135 136 274
135 14 275
131 6 418
131 7 418
131 30 422
131 14 425
131 15 425
141 1 0
142 1 0
143 2 58
115 1 2069
144 1 0
115 13 2091
141 5 346
141 7 362
143 5 292
143 7 304
141 14 449
122 7 1583
139 5 628
139 29 674
148 1 0
146 2 44
149 1 0
139 14 711
146 6 224
145 4 242
145 7 275
145 14 320
145 15 320
146 25 306
146 6 318
146 7 324
146 8 354
152 2 64
151 2 207
150 6 269
155 1 0
155 6 12
127 5 1804
146 8 400
146 8 401
146 8 402
146 34 403
146 19 403
146 6 417
146 8 422
146 8 427
155 8 57
159 1 0
156 4 179
156 5 220
156 6 228
151 2 444
160 2 99
158 19 256
152 8 465
160 4 221
158 25 273
144 7 1212
160 3 232
144 8 1244
159 8 289
157 4 422
157 6 463
151 4 763
157 8 490
157 3 514
151 7 844
169 2 58
171 1 0
167 4 271
173 1 0
170 3 107
167 6 319
170 6 177
169 6 262
167 8 357
169 5 305
167 15 373
175 1 0
175 2 29
166 5 515
166 6 528
170 14 303
170 25 308
169 2 394
170 19 326
165 6 620
144 29 1885
175 3 142
165 8 699
165 8 700
176 4 182
170 19 433
181 1 0
176 7 225
175 5 216
178 2 147
169 3 573
182 2 31
179 2 50
169 5 675
169 8 700
144 25 2115
177 14 369
177 15 369
173 3 491
179 3 192
165 19 949
182 4 207
166 6 917
166 7 917
182 6 265
185 1 0
185 6 18
185 7 18
185 19 22
182 29 310
185 6 30
185 7 30
185 19 40
185 14 41
185 6 42
178 4 497
173 6 701
185 8 75
185 8 80
183 2 339
183 2 350
183 2 357
185 7 96
185 7 146
183 2 399
179 5 472
185 8 150
179 25 499
179 5 500
179 6 514
178 7 648
164 1 1297
187 5 170
189 2 82
191 1 0
192 3 84
184 7 784
184 15 791
197 1 0
192 5 130
189 4 328
192 8 153
192 29 161
196 2 55
194 3 143
189 5 364
198 1 0
194 4 181
189 7 380
199 1 0
194 8 240
200 1 0
199 2 63
196 3 203
201 1 0
199 3 115
190 5 428
202 1 0
196 4 241
193 8 310
164 4 1986
200 4 157
203 1 0
196 1 338
200 5 184
200 6 199
204 13 26
200 13 257
197 4 400
164 6 2157
202 5 221
202 7 237
195 5 582
195 6 597
208 1 0
200 6 470
208 7 22
200 30 474
195 1 646
195 14 646
195 15 646
203 2 321
205 2 278
197 8 690
201 5 495
201 1 572
201 19 572
205 3 499
205 4 502
210 2 87
212 1 0
203 5 618
203 6 629
192 7 1089
211 4 143
205 1 676
205 15 679
198 6 971
213 5 7
198 14 1007
198 15 1007
209 3 326
213 7 23
210 3 327
213 8 83
203 8 865
178 4 2289
210 5 429
210 6 444
217 1 0
178 5 2342
213 29 200
217 2 42
210 8 496
213 29 203
203 8 1001
210 1 523
210 14 533
178 29 2397
178 1 2402
178 14 2409
210 25 553
209 7 604
209 30 609
209 15 613
219 1 0
216 7 223
203 8 1087
217 8 191
209 25 652
209 14 659
209 6 672
212 7 488
217 15 206
203 15 1141
209 13 679
215 5 350
215 6 353
217 8 275
209 7 757
209 13 761
221 2 100
219 6 184
219 7 184
219 8 202
222 8 42
214 3 478
219 13 206
219 14 207
217 25 411
217 6 411
214 5 566
217 14 461
221 3 250
217 13 553
222 6 240
222 8 256
222 8 280
222 14 296
228 1 0
221 14 445
214 30 842
214 13 842
214 15 843
229 2 50
232 1 0
233 1 0
225 6 439
225 7 439
229 4 186
230 2 240
225 8 524
225 8 545
229 8 279
235 1 0
231 3 246
231 4 306
237 1 0
238 1 0
231 4 373
231 15 480
241 2 46
237 5 205
240 3 155
214 7 1507
238 3 209
237 4 254
238 4 261
240 5 237
238 6 297
240 8 255
240 14 261
230 14 735
240 7 281
240 14 290
240 15 290
241 5 240
230 14 777
241 7 256
230 4 817
241 6 384
241 8 396
241 7 404
246 1 0
241 15 408
245 2 137
243 3 253
247 2 33
243 4 324
246 3 200
243 6 365
243 7 367
249 1 0
251 1 0
250 7 20
252 1 0
246 7 317
248 3 175
248 5 255
244 8 567
251 2 191
248 8 326
252 3 226
244 29 687
244 8 688
255 1 0
252 7 297
249 3 360
249 4 408
260 1 0
249 7 499
249 8 529
260 2 53
253 3 370
261 2 76
251 3 573
265 2 46
256 3 319
260 3 238
254 5 427
254 6 437
265 3 129
268 5 5
265 4 163
269 1 0
268 7 10
268 30 19
268 14 21
263 4 179
255 6 447
271 1 0
263 7 210
265 15 217
273 1 0
274 1 0
263 8 232
259 5 442
270 2 61
263 30 273
262 5 347
273 2 64
255 8 547
266 3 260
244 15 1255
264 7 302
251 5 862
251 7 878
251 6 878
264 30 313
264 14 316
260 8 456
254 15 656
277 1 0
251 6 911
259 1 546
259 30 548
259 14 549
259 15 549
277 2 42
251 19 938
251 136 938
251 14 942
251 7 947
260 14 499
254 7 711
254 15 726
269 3 228
266 5 387
266 6 391
266 7 391
251 136 965
251 6 970
255 8 696
256 6 688
256 8 695
256 26 706
256 14 710
265 6 445
265 8 466
255 30 706
264 6 475
281 1 0
265 8 478
278 2 84
269 5 315
256 6 746
256 26 754
256 282 755
256 14 755
269 7 332
269 8 359
277 3 178
284 1 0
256 6 797
256 7 797
283 2 35
286 1 0
271 6 394
277 5 237
272 8 382
287 1 0
264 7 603
272 8 405
277 8 267
277 8 272
264 13 615
264 30 615
280 3 178
275 8 401
269 8 472
277 13 288
269 15 494
288 6 20
275 8 450
289 1 0
281 4 216
270 7 531
281 8 298
292 1 0
259 8 985
281 6 310
281 8 316
281 7 321
278 3 407
292 2 50
259 1 1000
259 15 1004
285 19 307
281 15 345
285 14 314
285 15 314
285 6 331
278 4 456
255 6 1195
257 3 1250
278 8 623
290 4 324
297 6 18
297 7 18
297 1 21
297 8 37
297 14 40
290 30 385
290 14 386
290 15 386
292 3 354
297 34 64
255 8 1388
297 19 89
297 34 89
255 8 1416
257 15 1412
301 1 0
290 30 504
290 15 505
302 1 0
298 3 164
296 3 262
304 2 13
303 7 42
299 3 208
298 13 263
298 15 264
298 6 266
303 5 122
298 15 281
303 1 163
303 5 180
303 6 186
303 7 187
296 5 451
296 7 458
308 1 0
296 8 487
298 8 399
298 8 408
299 5 412
306 8 137
306 1 145
306 136 145
306 15 151
305 4 184
305 19 242
305 14 243
301 5 390
301 6 393
301 7 393
296 29 624
296 14 629
309 2 148
296 6 661
296 7 661
303 3 416
308 4 198
296 19 672
303 5 493
303 7 499
303 13 507
303 30 508
303 15 511
308 2 312
307 3 415
309 6 326
309 7 326
309 19 354
309 136 354
309 7 368
307 5 580
255 29 2208
307 8 737
255 2 2375
314 1 0
301 3 950
315 1 0
255 4 2440
307 15 839
255 8 2476
313 6 162
313 13 201
313 14 202
313 15 202
315 3 226
313 25 345
313 13 356
316 4 339
293 7 1716
315 5 368
319 3 174
317 4 279
316 5 422
316 21 431
322 1 0
323 1 0
324 1 0
325 1 0
319 19 308
323 2 54
319 14 361
319 15 386
323 3 136
323 4 163
322 5 242
328 2 50
329 2 106
328 3 208
333 1 0
328 8 297
325 5 534
329 3 216
333 2 43
325 7 546
325 8 594
333 3 114
325 1 621
333 4 145
329 5 368
333 6 209
329 8 394
329 34 404
327 4 537
329 25 424
333 8 247
328 1 561
336 1 0
327 6 684
328 25 641
336 2 70
337 1 0
336 4 295
336 5 344
337 3 147
336 6 352
336 15 378
337 4 223
337 7 261
337 13 286
336 6 486
336 30 494
336 14 496
339 7 336
339 13 377
339 14 378
342 3 131
340 5 371
340 6 372
340 7 373
346 1 0
347 1 0
340 15 399
346 2 46
347 8 18
347 6 18
347 7 18
342 6 247
339 15 559
342 13 288
342 15 289
348 2 44
348 2 58
348 3 142
346 7 253
349 1 0
350 1 0
351 8 17
352 1 0
349 3 200
353 1 0
349 4 232
345 4 472
349 5 257
356 1 0
349 7 267
344 6 546
344 7 546
345 7 531
345 21 532
357 1 0
341 4 884
341 5 912
341 7 915
352 21 178
354 3 164
353 4 212
353 5 226
353 6 232
354 6 222
354 7 222
361 2 46
352 4 279
354 3 253
354 25 255
354 7 258
353 8 288
354 13 260
354 7 265
354 15 275
345 8 757
355 7 263
359 3 202
350 4 536
360 8 237
350 5 579
345 8 869
363 1 0
363 7 8
363 3 45
363 4 50
345 8 963
363 8 111
363 4 120
361 1 341
364 1 0
345 5 1054
345 6 1061
345 21 1062
345 8 1148
367 1 0
364 3 193
366 2 42
364 5 235
345 6 1270
364 19 273
345 8 1275
345 14 1381
345 15 1381
345 26 1411
345 282 1412
365 3 328
369 4 192
366 7 254
369 6 211
365 8 459
368 8 329
368 8 377
368 29 384
359 25 1027
367 8 409
372 2 91
365 25 568
365 6 568
373 1 0
365 19 586
374 1 0
363 5 829
363 1 836
365 15 590
363 25 865
363 7 871
363 8 876
363 7 916
374 2 110
368 34 663
373 4 298
378 1 0
372 6 446
372 8 452
373 8 364
379 1 0
372 8 479
374 8 405
372 13 501
373 8 418
374 29 432
381 1 0
378 2 108
373 14 522
377 3 255
381 4 150
381 5 183
380 4 284
381 13 251
381 30 251
381 14 251
374 1 722
380 14 370
380 25 379
380 7 380
380 13 383
380 15 388
377 25 491
377 8 508
384 3 179
377 8 567
386 2 83
387 6 150
387 7 151
365 8 1606
378 27 771
378 14 774
378 6 788
378 7 789
388 1 0
378 25 881
390 1 0
389 2 46
392 1 0
392 2 50
394 1 0
393 2 53
377 8 1189
388 7 347
392 4 217
388 8 359
388 8 365
388 8 370
389 5 331
392 7 250
392 15 272
389 8 381
389 8 385
388 8 451
390 4 389
394 3 151
393 7 249
395 5 216
395 7 221
400 1 0
388 13 579
399 14 23
401 1 0
396 3 300
404 1 0
405 2 36
408 1 0
397 7 307
403 2 68
396 5 434
396 6 439
396 21 442
377 8 1649
397 8 360
409 5 4
409 7 13
409 13 19
409 30 19
409 14 19
409 15 19
400 3 303
411 1 0
400 4 375
405 4 230
405 7 272
411 2 104
405 8 292
400 5 444
414 1 4
400 8 486
396 14 722
400 6 503
400 26 517
396 6 739
405 8 379
404 6 419
398 6 629
400 6 559
400 8 571
404 13 466
403 8 477
416 2 33
415 3 147
398 8 709
415 4 172
398 34 731
398 14 731
412 5 261
412 4 277
405 8 543
398 25 745
406 4 540
415 6 235
415 7 235
412 6 311
412 7 311
414 5 234
412 34 322
412 6 337
411 6 400
403 3 623
403 4 633
403 5 642
403 6 652
405 29 649
412 5 372
412 7 377
412 19 384
412 19 399
412 14 400
416 8 233
413 19 432
413 14 433
419 1 0
418 4 197
413 6 476
413 7 476
419 2 35
418 6 246
398 6 1042
398 7 1042
398 8 1062
417 8 290
418 8 304
418 29 316
418 8 317
418 14 321
421 2 53
398 25 1125
422 6 13
404 6 1042
424 6 12
419 5 289
419 7 294
419 8 298
421 6 210
419 13 309
414 29 752
414 8 753
421 13 261
421 30 261
421 14 262
421 15 262
414 29 792
428 6 9
428 8 16
430 7 12
428 8 44
431 6 18
423 3 307
432 1 0
421 30 523
421 14 524
427 4 253
433 1 0
421 6 563
421 7 563
427 5 302
421 25 583
421 7 583
421 14 589
421 15 589
427 7 316
427 8 344
432 2 140
427 6 424
427 21 425
427 8 436
427 19 488
427 14 489
427 25 502
432 3 263
421 25 827
421 25 910
421 6 910
421 7 910
421 13 918
433 3 370
437 1 0
421 6 1026
421 13 1038
421 14 1039
421 25 1173
421 7 1173
433 15 615
437 4 227
421 30 1185
441 1 0
437 5 284
437 7 290
440 3 234
438 8 437
440 4 299
445 1 0
438 14 458
428 3 1166
428 4 1179
438 19 484
438 14 484
438 6 493
440 8 374
448 1 0
447 2 44
438 13 530
428 3 1232
450 2 47
441 19 401
441 6 415
451 2 60
436 4 659
441 14 421
441 15 421
446 4 134
443 6 252
441 8 463
446 5 171
446 6 187
443 8 267
443 8 299
444 1 279
441 34 510
441 15 515
447 6 240
447 7 240
451 3 201
447 30 282
447 14 283
455 1 0
438 6 800
438 7 800
452 5 207
456 1 0
445 3 382
438 7 838
451 5 310
451 7 326
447 6 416
447 7 417
438 19 879
438 14 883
445 4 449
438 14 926
438 14 932
438 15 932
440 29 799
436 25 973
450 29 415
436 7 982
450 1 455
450 19 455
450 14 457
456 4 191
456 3 237
460 2 30
462 1 0
448 13 587
448 15 588
461 2 42
450 6 581
374 1 4839
462 2 55
460 4 140
460 5 176
460 8 224
462 3 178
463 1 0
459 3 255
464 1 0
462 4 219
462 5 252
463 2 82
462 8 326
459 7 367
467 1 0
463 3 195
462 30 376
462 14 377
463 4 230
465 2 137
436 14 1564
466 2 87
463 6 273
469 1 0
436 19 1656
436 14 1657
465 5 343
461 3 670
461 4 690
469 5 182
469 6 192
469 15 203
461 5 736
469 7 219
469 8 221
461 7 752
471 3 136
472 4 170
469 8 267
473 1 23
471 5 216
444 2 1472
473 6 41
461 30 887
471 1 304
469 6 436
466 1 591
469 2 493
474 3 158
477 2 61
474 4 226
475 3 189
469 3 571
475 4 227
476 4 187
476 7 222
469 7 653
475 8 293
483 5 2
485 1 10
469 15 771
444 6 1967
444 7 1967
479 3 157
444 13 1996
477 4 354
479 6 230
477 5 383
477 6 388
470 4 869
469 1 895
469 5 899
469 6 904
469 7 904
477 8 408
477 29 422
469 6 937
479 8 277
479 8 280
479 8 283
489 1 0
469 25 954
469 26 959
469 27 967
479 14 320
479 34 320
470 7 985
444 6 2159
476 1 578
476 5 582
470 19 1038
476 29 636
496 1 0
444 14 2285
488 3 289
485 3 414
498 1 0
485 6 482
444 6 2389
481 4 558
488 4 392
488 5 404
488 6 420
500 1 1
497 4 166
498 2 65
481 6 638
481 7 638
502 1 0
481 3 668
485 8 618
488 136 500
488 14 503
488 15 503
488 25 510
488 6 510
490 4 348
502 2 28
488 136 531
504 1 0
497 8 350
502 5 160
502 21 177
497 8 403
498 6 313
487 15 741
492 6 468
492 21 469
505 1 0
490 8 573
502 8 240
490 1 592
490 5 611
492 1 511
490 21 629
492 7 539
492 13 543
502 13 306
502 30 306
502 14 307
502 15 307
497 26 501
497 6 506
497 8 514
497 15 526
497 8 607
508 1 0
497 8 630
502 25 435
502 6 435
492 7 711
497 6 654
492 5 729
492 7 746
505 3 356
505 2 397
511 1 0
505 4 442
506 5 415
506 6 418
506 7 419
506 8 445
512 1 0
505 5 510
508 5 302
508 7 307
505 6 514
515 1 0
516 1 0
508 8 403
516 2 37
505 14 614
511 4 209
511 7 252
514 5 192
509 7 324
514 8 217
516 3 153
505 6 742
518 2 59
516 4 201
520 1 0
513 3 293
517 3 216
521 1 0
514 1 353
514 14 354
512 3 379
515 4 338
519 2 181
523 1 0
517 5 301
512 6 463
512 7 463
522 2 66
524 1 0
526 1 0
520 4 250
513 19 531
513 14 533
520 6 298
519 3 403
520 8 366
520 8 433
519 5 558
512 4 786
523 4 389
519 1 597
519 14 599
524 5 374
522 6 478
522 7 478
523 6 477
493 6 1816
493 7 1816
493 21 1817
512 8 905
522 8 519
533 1 0
533 2 37
534 1 0
534 5 1
534 14 19
534 15 19
530 5 291
530 7 297
505 6 1626
530 15 331
533 7 229
533 8 258
533 8 267
535 1 0
537 1 0
526 7 1063
540 1 0
539 2 52
540 3 130
541 7 141
529 6 1013
540 6 201
535 4 537
539 5 309
529 30 1131
529 14 1131
539 13 328
542 2 166
542 2 180
540 1 333
540 13 333
540 15 339
529 7 1165
539 6 353
539 7 353
547 1 0
535 7 672
539 8 405
539 4 409
539 5 415
539 7 420
539 7 432
539 8 441
529 7 1276
535 13 754
539 8 475
535 14 758
535 15 758
539 19 496
529 14 1303
539 7 502
529 6 1350
547 3 201
529 19 1362
529 136 1362
529 7 1379
551 1 0
550 3 116
529 136 1391
529 14 1391
529 6 1402
547 5 263
547 7 279
547 8 296
550 5 187
547 13 314
541 6 644
541 7 645
549 6 204
549 7 204
550 6 202
550 7 203
550 1 216
553 2 40
550 5 219
541 13 696
541 14 697
543 6 564
539 8 767
554 2 126
554 2 127
554 2 127
544 6 542
543 8 631
543 29 642
553 4 154
553 5 173
553 8 187
553 13 204
555 5 231
555 6 245
555 7 245
544 13 645
556 2 43
554 4 329
554 7 370
554 29 384
552 8 459
552 8 478
551 3 512
557 5 9
558 1 0
547 25 819
547 30 834
560 1 0
561 1 0
551 6 712
568 1 0
562 2 112
547 25 1013
547 6 1013
547 7 1013
547 13 1019
547 30 1019
570 1 0
558 4 299
569 2 55
567 3 130
563 3 209
558 5 346
559 3 314
566 3 210
563 4 288
563 7 297
558 8 413
563 19 315
559 7 392
563 14 331
566 3 259
573 1 0
569 6 249
567 27 355
569 2 276
569 4 293
569 5 295
565 7 419
567 15 369
567 6 371
567 7 371
567 26 380
567 7 383
562 6 476
562 7 476
559 8 494
559 19 499
559 14 501
559 7 508
571 7 225
571 6 225
559 8 515
569 7 300
575 1 2
567 14 394
567 15 394
577 1 0
530 2 2515
579 1 0
568 4 439
565 14 483
580 19 58
568 8 525
562 4 672
568 8 574
581 2 86
568 8 587
584 1 0
572 6 318
568 8 600
568 8 618
574 7 364
585 5 10
585 7 18
576 4 284
569 8 654
574 25 442
574 8 448
576 7 354
577 5 348
577 8 367
582 6 330
577 19 429
577 15 432
577 25 438
577 6 438
577 25 497
588 1 0
583 5 382
577 7 506
577 8 524
583 13 422
589 1 0
583 15 426
577 8 534
584 6 419
590 2 104
594 1 0
591 4 123
595 2 25
591 6 180
591 7 180
591 8 196
591 1 205
595 3 84
589 5 383
598 1 0
599 1 0
589 8 474
600 2 64
594 3 332
596 5 294
596 6 302
600 3 162
596 2 315
570 1 1447
597 3 260
597 3 314
600 6 277
600 7 277
597 6 368
597 7 368
597 7 468
597 7 495
607 1 0
575 3 1446
606 2 43
602 2 433
604 5 437
604 7 448
604 8 458
575 7 1581
606 4 207
575 8 1632
604 26 585
575 8 1648
613 2 56
606 6 252
606 8 272
611 3 160
603 4 675
605 4 604
615 1 0
616 1 0
612 4 213
613 4 219
611 8 290
603 6 787
615 2 56
611 29 307
605 5 664
603 14 814
603 15 814
611 8 331
611 8 335
613 6 300
613 7 301
604 7 856
619 1 0
605 1 746
605 13 747
613 13 331
613 15 332
605 15 767
612 29 379
612 8 386
617 3 115
615 3 224
616 3 239
617 5 199
615 8 319
617 15 227
615 8 345
624 1 0
619 6 240
619 7 240
622 2 80
616 6 350
615 13 388
620 3 208
616 15 479
620 4 295
624 4 217
628 1 0
624 7 271
620 7 374
620 8 385
624 19 291
624 14 293
620 6 414
620 7 414
630 1 0
624 15 323
631 1 0
605 6 1375
605 7 1375
605 15 1396
632 1 0
634 1 0
631 4 188
631 5 229
631 6 235
611 6 1166
611 4 1166
611 5 1173
611 8 1186
611 8 1191
611 29 1203
634 2 71
633 3 135
631 19 305
631 136 305
631 7 317
631 8 390
633 8 245
628 5 551
628 6 554
628 21 560
631 8 463
628 14 601
633 14 310
634 6 305
631 136 545
633 25 404
628 1 733
633 15 447
631 8 624
636 1 0
637 7 24
640 5 7
640 7 12
636 2 217
642 1 0
639 6 248
639 6 276
628 5 1172
628 6 1177
628 21 1180
637 25 356
637 7 357
622 5 1520
644 3 179
638 3 412
643 7 229
641 5 371
643 8 235
639 6 410
641 7 388
641 8 413
644 8 252
644 8 282
638 5 551
654 1 0
644 14 376
647 2 236
638 7 644
638 27 648
641 13 591
641 30 591
649 5 264
649 7 268
656 1 0
649 8 300
649 8 310
649 29 316
642 3 559
649 8 336
649 8 341
649 8 346
642 6 575
657 2 73
649 8 357
649 8 372
644 7 536
642 5 612
642 25 621
642 5 621
649 25 391
649 6 407
649 7 407
654 7 208
651 4 294
658 2 82
659 1 0
652 8 278
653 4 297
651 7 354
642 6 688
641 7 833
651 1 380
651 14 381
653 6 347
642 7 748
659 4 147
642 5 810
642 7 815
643 8 798
659 8 219
651 6 531
648 2 674
657 4 386
651 8 580
651 8 603
652 14 556
663 7 20
663 8 36
657 14 505
657 15 505
653 6 620
658 4 503
658 5 510
658 6 525
658 21 527
661 6 335
643 8 1073
642 7 1108
643 13 1113
643 14 1113
643 15 1113
663 26 197
663 6 212
663 8 220
666 3 130
628 1 2234
628 5 2237
628 7 2240
642 14 1194
628 14 2272
667 2 58
666 5 198
666 7 201
642 14 1252
628 6 2290
666 3 237
669 1 17
670 1 0
643 6 1275
643 7 1275
671 1 0
669 1 29
667 3 194
672 1 0
667 4 246
669 8 138
672 2 92
664 7 452
675 1 0
668 6 277
676 1 0
675 13 33
664 8 486
675 14 33
675 15 34
667 5 365
667 6 374
667 21 379
673 3 113
671 3 241
673 4 137
664 19 572
671 4 303
672 3 299
677 2 146
671 4 384
670 5 437
676 5 269
676 7 285
675 1 311
665 6 740
665 7 740
675 5 323
675 8 327
665 8 763
670 8 497
679 2 58
672 6 487
677 5 462
674 13 544
674 15 545
677 6 479
677 7 479
679 8 291
683 2 72
679 8 311
674 6 652
674 7 652
678 19 411
684 3 157
677 14 664
677 15 664
682 3 315
683 4 330
674 15 823
686 3 209
683 5 384
683 7 387
683 13 409
682 7 449
682 19 482
682 14 483
408 5 14656
686 8 378
687 2 74
680 4 724
680 5 750
687 3 189
682 7 712
682 8 715
680 8 817
680 8 829
682 19 718
682 14 719
682 14 726
687 5 313
691 8 37
682 25 838
687 8 363
682 7 872
680 6 995
680 15 1015
680 6 1017
691 1 171
688 3 267
689 3 258
695 1 0
692 13 110
683 2 1003
689 4 350
696 1 0
697 1 0
689 4 424
698 2 84
694 5 255
694 6 258
694 7 258
694 21 262
696 3 234
695 29 305
701 1 0
702 5 3
700 2 55
703 1 0
701 2 53
704 1 0
697 8 295
697 15 308
696 5 373
703 3 61
703 6 93
703 8 102
700 3 182
703 8 113
696 8 461
696 8 465
706 2 60
704 3 179
698 5 492
688 5 930
698 7 501
705 3 218
704 6 288
705 4 280
712 1 0
704 14 316
711 2 74
712 7 48
705 8 336
704 1 423
706 4 326
710 4 256
706 5 390
704 3 491
704 4 498
704 14 513
710 6 329
710 6 333
715 1 0
716 1 0
711 7 418
714 2 126
720 1 0
711 5 518
720 2 57
706 5 726
714 4 308
719 4 283
714 136 379
714 14 380
714 7 389
647 2 4132
714 8 418
713 5 447
722 2 53
723 2 54
714 8 462
720 5 305
720 8 326
714 19 475
714 6 488
714 7 488
725 2 51
720 8 342
720 8 354
714 8 500
714 8 510
714 29 518
714 8 528
725 2 53
713 8 528
727 1 0
720 8 365
714 29 529
728 1 0
723 3 165
729 7 12
729 14 25
729 25 31
729 136 34
729 25 39
729 6 39
730 1 0
723 6 251
633 25 5336
633 7 5337
722 3 283
725 5 242
722 6 321
722 7 321
725 14 256
730 2 49
722 30 357
722 14 358
722 15 358
731 13 55
728 3 223
727 3 289
733 1 0
730 7 200
728 8 337
727 8 476
727 8 506
728 15 554
726 3 594
734 2 67
726 6 658
733 5 348
739 6 4
739 7 4
739 13 13
739 14 14
739 15 14
733 6 359
731 1 515
731 13 516
731 30 516
731 14 517
731 15 517
733 8 400
740 7 10
712 2 1534
731 6 556
724 4 881
741 1 0
742 1 0
741 5 4
741 6 8
712 3 1623
737 3 220
724 7 968
744 7 12
744 13 16
744 15 18
724 8 1019
733 30 583
733 14 583
733 15 583
625 3 6592
746 5 3
737 7 425
746 7 12
746 15 25
734 19 510
734 14 512
734 25 533
733 1 746
625 6 6685
733 6 760
734 19 542
745 2 84
745 2 87
625 8 6719
733 30 782
712 19 1963
712 14 1965
712 15 1965
712 15 1976
747 2 110
750 2 63
752 2 62
752 2 73
711 13 2214
711 15 2215
750 3 204
751 3 158
745 4 350
731 6 1182
752 3 158
755 1 0
750 4 242
754 7 10
749 3 303
755 6 10
755 7 10
752 4 212
756 5 2
757 1 0
753 2 141
756 7 7
749 4 411
731 1 1343
731 15 1344
750 8 397
737 8 978
759 2 45
757 4 202
751 6 483
749 7 600
761 1 0
757 30 261
757 14 262
761 8 39
761 29 48
749 3 649
761 6 72
763 2 48
756 19 323
756 7 333
757 25 331
759 5 227
759 7 230
764 1 0
756 26 340
757 25 380
757 5 380
756 27 390
763 3 152
757 30 468
763 5 230
762 6 247
762 7 247
762 8 282
757 7 541
757 19 550
757 14 551
760 2 474
765 3 206
765 4 265
764 4 370
760 15 658
770 2 61
774 1 0
768 3 229
728 1 2378
770 3 194
773 2 95
778 1 0
770 4 320
771 5 310
770 7 349
781 1 0
774 7 246
781 2 30
775 8 301
779 2 146
772 6 373
768 5 591
768 7 606
781 5 156
776 3 353
773 5 490
773 6 494
773 7 494
783 1 0
784 1 0
776 14 452
783 2 80
773 8 603
774 8 600
774 8 665
789 1 0
785 8 226
788 2 167
788 2 187
788 2 196
787 4 226
768 8 1068
768 13 1073
790 2 31
787 7 259
791 5 88
791 7 91
793 1 0
790 5 191
792 2 57
790 7 198
794 1 0
795 1 0
793 25 121
788 3 489
793 25 211
797 2 54
793 5 221
793 6 226
798 2 84
799 1 0
794 14 362
794 15 362
792 4 470
797 4 288
801 2 53
797 7 315
797 2 351
797 6 378
768 8 1827
768 8 1839
800 4 216
790 14 775
800 8 260
801 4 218
798 6 405
790 6 880
804 3 163
797 8 577
802 3 332
798 8 506
797 8 605
804 6 300
804 7 300
806 1 0
794 7 847
806 2 54
809 1 0
805 4 407
810 1 0
805 5 442
812 1 0
813 1 0
814 1 0
816 1 0
802 4 693
811 2 89
802 6 727
806 6 265
806 21 269
806 8 285
817 1 0
807 3 283
818 1 0
813 4 238
819 1 0
807 8 419
811 3 328
807 13 451
820 1 0
813 6 312
813 7 312
808 4 432
822 1 0
815 5 385
809 3 526
808 7 521
818 3 228
823 1 0
815 8 429
809 4 568
824 1 0
808 8 596
826 1 0
824 2 49
815 14 514
826 2 96
790 7 1819
790 8 1825
790 19 1833
790 14 1838
822 4 210
825 4 135
827 1 0
827 5 7
827 6 11
827 7 11
824 3 161
825 6 151
825 7 151
820 3 323
827 19 35
826 4 189
809 4 788
809 3 790
821 3 278
818 3 521
825 8 224
825 8 232
826 4 229
826 3 229
821 4 332
825 8 243
809 1 851
809 6 861
809 7 861
818 3 575
818 4 578
821 5 381
808 30 992
808 15 992
820 5 561
820 6 565
820 7 565
820 14 599
819 5 654
819 6 663
829 1 0
819 8 698
808 7 1091
819 7 722
808 13 1115
777 1 2989
777 5 2993
831 1 0
777 8 3012
777 8 3024
777 8 3085
777 29 3089
777 8 3095
777 29 3099
829 2 194
834 1 0
832 2 81
835 1 18
835 5 22
835 14 44
835 7 82
835 19 98
835 7 104
833 3 100
832 3 205
833 4 156
833 5 158
833 6 166
831 4 333
829 5 427
829 6 434
808 30 1595
837 3 288
831 8 498
840 1 0
837 5 373
837 6 376
837 8 396
835 1 478
835 6 499
837 3 441
829 8 703
834 5 511
834 21 520
835 6 530
835 7 530
841 1 0
838 3 451
841 2 70
841 3 201
838 4 583
844 2 88
842 3 196
847 5 6
841 5 321
845 4 194
848 1 0
849 1 0
845 6 234
845 7 234
841 8 403
852 1 0
841 8 513
852 2 72
850 4 202
850 5 241
850 6 256
844 5 593
844 7 601
850 6 357
850 15 505
844 8 823
855 3 157
844 8 1160
854 7 538
857 3 170
844 7 1295
857 4 209
844 15 1360
857 6 289
857 7 290
841 30 1602
854 1 823
844 6 1511
844 7 1511
844 8 1593
861 1 0
861 2 52
862 2 86
844 8 1817
863 5 146
862 3 187
738 5 7544
860 7 331
863 29 194
863 8 196
866 2 60
862 4 258
867 1 0
865 3 157
863 6 267
862 5 311
862 6 315
862 7 315
860 13 399
863 8 273
863 14 292
863 6 300
738 8 7682
867 2 62
844 8 2051
863 14 327
861 5 410
861 6 419
861 7 419
844 29 2063
844 8 2069
844 13 2076
844 6 2090
869 1 0
865 21 290
865 13 311
870 1 0
862 1 444
862 30 444
871 1 0
768 8 6373
866 8 333
866 4 345
866 5 348
866 7 356
738 4 7878
865 25 418
865 6 418
865 7 418
867 5 281
866 15 387
861 29 591
768 8 6412
865 27 434
867 14 319
862 8 629
862 13 641
866 6 459
866 7 460
866 13 465
866 14 465
866 7 489
866 7 503
866 26 511
866 15 513
866 25 531
866 14 558
866 15 558
866 14 564
866 15 564
875 3 168
877 2 44
879 1 0
875 4 216
866 8 659
876 4 200
877 3 133
875 6 289
880 2 45
876 6 274
876 7 274
869 4 476
869 5 492
873 4 393
869 8 516
869 30 567
869 14 568
869 15 568
879 3 236
882 7 11
873 7 510
885 1 0
879 6 293
879 7 293
869 8 669
869 14 681
883 2 67
782 2 6505
879 19 359
879 136 359
886 8 28
844 6 2868
886 8 45
844 15 2880
880 7 361
886 14 68
880 4 399
880 25 416
880 8 442
880 19 458
880 34 458
880 6 462
883 4 252
884 4 221
878 3 588
883 7 280
881 5 319
881 7 324
884 6 268
884 7 268
878 4 633
883 6 298
884 8 301
888 1 0
881 13 391
881 15 391
878 6 684
878 7 685
888 2 81
844 7 3184
881 6 483
881 8 505
881 13 511
881 15 512
844 29 3256
844 8 3314
891 1 0
892 1 0
893 1 0
892 2 64
894 8 27
894 15 48
844 15 3538
782 8 7242
891 2 154
889 5 283
889 6 285
844 8 3648
886 1 826
896 2 63
888 8 589
886 8 864
889 14 354
889 3 366
897 1 0
888 8 623
890 6 396
899 1 0
896 3 176
900 1 0
891 7 371
898 2 71
891 13 436
900 2 84
896 5 292
897 3 214
901 1 0
899 19 215
901 2 49
899 19 237
899 19 250
899 6 252
900 3 252
898 6 281
899 4 261
897 8 321
844 25 4054
844 7 4054
844 13 4071
844 30 4071
844 15 4073
891 7 691
900 5 336
900 8 394
900 8 407
900 8 419
898 8 480
901 5 293
900 14 433
900 8 446
900 34 455
901 7 308
900 8 466
891 14 948
904 3 173
906 1 0
907 1 0
904 8 455
908 1 0
908 6 8
907 3 208
908 15 70
904 19 593
907 5 295
907 7 299
911 1 0
912 1 0
913 1 0
887 2 2376
912 19 179
912 25 188
912 14 202
912 6 204
913 2 197
914 2 130
907 4 763
915 2 81
916 1 0
914 3 279
887 7 2755
914 6 407
887 6 2857
887 19 2866
850 5 5477
914 8 501
913 3 752
916 4 408
916 7 479
920 1 0
917 19 391
918 5 342
917 7 405
917 14 410
919 2 51
918 6 346
923 1 0
921 3 173
924 1 0
924 6 11
924 13 31
921 30 308
926 2 41
927 1 0
927 5 10
926 4 125
921 15 407
922 8 343
922 34 359
922 14 359
928 2 59
926 8 186
920 6 503
919 13 525
919 15 526
920 8 529
925 3 244
929 2 41
925 6 364
922 7 617
922 13 628
919 6 725
919 4 738
925 19 479
930 2 61
929 7 336
929 1 369
928 19 576
929 7 390
928 14 589
929 8 441
929 8 460
929 8 464
931 1 0
929 34 475
929 14 485
932 1 0
930 19 414
930 136 453
930 19 475
930 136 475
932 2 64
935 1 0
940 1 0
938 5 171
942 1 0
944 1 0
944 1 1
940 7 350
940 1 360
940 30 387
945 1 0
945 5 7
945 7 10
880 5 6202
945 2 108
880 19 6226
880 34 6226
880 14 6228
944 3 426
946 4 154
945 4 212
945 5 236
944 4 558
946 5 182
946 7 198
944 5 604
944 8 631
947 1 0
947 5 6
947 6 21
947 7 21
944 8 749
949 2 33
949 3 109
944 8 889
950 1 0
951 1 0
952 1 0
948 3 394
952 3 204
948 6 449
952 4 326
950 6 393
950 7 393
953 2 136
953 2 210
954 2 44
955 1 0
955 1 36
955 2 86
954 5 209
953 3 390
954 6 214
954 6 246
954 7 246
954 19 323
954 6 327
954 7 327
955 5 284
959 1 0
955 8 322
955 8 333
957 2 186
956 3 417
952 2 1062
956 4 587
952 7 1183
956 7 670
956 6 716
960 3 311
956 29 763
959 14 499
959 15 499
961 3 273
956 29 801
956 8 806
956 4 826
959 6 581
959 13 595
959 30 595
960 6 441
960 7 441
960 8 450
961 6 385
952 6 1408
960 8 486
966 1 0
966 2 63
966 3 172
959 6 1016
966 6 279
966 8 286
966 13 297
966 14 297
968 1 0
959 6 1028
959 7 1028
959 30 1084
959 7 1143
959 14 1166
959 15 1166
970 2 77
972 2 70
959 6 1358
959 8 1375
959 14 1387
969 6 322
969 7 322
971 2 194
969 7 356
975 1 0
974 4 164
974 8 190
970 7 417
967 6 806
976 1 0
977 1 0
967 1 911
967 19 912
974 13 364
972 8 426
972 29 475
977 5 189
976 4 263
979 1 0
977 14 265
979 6 15
978 6 350
978 19 375
978 14 388
978 15 388
980 2 110
980 3 266
981 1 0
981 2 103
983 1 0
986 1 0
985 2 74
981 5 476
981 6 482
988 2 79
985 3 196
989 2 33
989 4 122
989 7 158
990 3 378
986 7 754
986 4 817
986 6 845
986 7 845
991 2 42
994 3 123
992 5 157
992 6 160
994 4 146
986 19 1031
986 34 1031
986 14 1049
986 15 1049
994 5 175
994 7 183
994 8 253
995 3 169
994 8 257
994 8 269
995 4 242
995 6 277
995 8 314
995 8 369
995 8 394
994 7 473
996 2 84
