12 1 0
16 1 0
18 1 0
16 4 177
16 5 213
16 6 222
16 7 222
16 1 238
16 6 249
16 7 249
12 4 596
12 5 718
12 6 727
12 7 728
12 21 729
22 1 0
22 4 158
22 5 185
22 6 195
22 7 195
22 8 203
24 1 0
24 5 6
24 6 11
24 7 11
24 8 79
22 1 464
22 25 471
22 5 472
22 6 479
22 7 479
24 1 131
24 28 131
24 28 131
24 1 178
24 4 257
24 5 267
24 6 273
24 7 273
24 8 302
24 29 308
24 8 322
24 29 325
24 8 331
24 29 338
24 1 344
24 13 344
24 15 345
31 1 0
32 1 0
32 4 182
35 1 0
35 4 249
35 5 304
35 6 307
35 7 307
35 21 309
35 8 327
35 8 364
35 1 383
35 34 383
35 15 385
40 1 0
40 4 325
40 5 380
40 6 382
40 7 382
40 21 385
40 1 414
40 15 417
40 25 426
40 6 426
40 7 426
40 15 431
40 25 442
40 6 442
40 7 442
40 15 446
40 25 452
40 6 452
40 7 452
41 1 0
41 1 0
41 4 291
41 5 365
41 6 371
41 7 371
43 1 0
41 8 510
44 1 0
44 4 318
44 5 387
44 6 390
44 7 390
45 1 0
45 4 168
45 5 187
45 6 192
45 7 192
45 13 202
45 15 203
47 1 0
47 4 192
47 5 222
47 7 238
47 6 238
49 1 0
50 1 0
50 4 198
50 5 230
50 6 232
53 1 0
53 4 227
53 5 244
53 6 247
53 7 247
53 15 274
53 6 288
53 7 289
53 13 300
53 15 302
53 6 320
53 7 320
53 13 335
53 15 337
53 6 359
53 7 360
53 13 369
53 15 369
54 1 0
56 1 0
56 4 533
56 5 589
56 6 605
56 7 605
56 21 609
56 1 627
56 13 629
56 15 631
57 1 0
60 1 0
61 1 0
62 1 0
62 4 217
63 1 0
62 5 255
63 1 14
62 6 265
62 7 265
62 8 274
63 4 935
63 5 956
63 6 959
65 1 0
65 5 16
65 6 21
65 7 22
65 13 41
65 15 42
66 1 0
66 4 287
66 5 327
66 6 331
66 7 331
66 8 353
66 13 373
66 15 374
67 1 0
68 1 0
70 1 0
71 1 0
70 4 367
70 5 384
70 6 388
70 7 388
71 4 191
71 5 247
71 6 252
71 7 252
72 1 0
74 1 0
72 4 293
72 5 345
72 6 353
72 7 354
72 8 372
75 1 0
72 29 420
72 8 436
70 8 1123
70 34 1136
76 1 0
72 8 525
74 4 243
70 25 1144
70 6 1144
70 7 1144
70 8 1165
70 34 1169
72 4 545
74 5 263
74 6 270
74 7 270
70 25 1280
70 6 1280
70 7 1281
77 1 0
77 5 8
77 6 11
77 7 11
78 1 0
78 1 16
75 4 347
76 4 398
76 5 439
76 6 446
76 7 446
76 8 473
76 1 484
76 34 485
76 6 500
76 7 501
76 8 502
76 13 504
76 15 505
79 1 0
80 1 0
81 1 0
82 1 0
82 5 2
82 6 12
82 7 12
82 21 15
82 1 24
82 13 24
82 15 26
81 4 151
81 5 182
81 6 190
81 7 190
81 8 199
81 8 210
80 4 304
79 4 342
79 5 395
79 6 408
79 7 408
77 8 799
82 6 298
82 7 298
82 13 301
82 15 301
77 13 805
77 15 806
79 8 532
79 8 548
79 8 560
79 8 566
79 8 586
79 8 608
79 29 624
79 8 630
79 29 635
79 8 637
79 29 650
79 8 653
79 29 655
79 8 657
79 8 700
79 34 745
79 15 747
82 25 602
82 6 602
82 7 602
79 25 759
79 6 760
79 7 760
82 13 607
82 15 609
79 8 767
79 29 774
79 8 790
79 29 812
79 8 815
79 8 824
83 1 0
79 29 857
79 29 860
79 8 879
79 29 884
86 1 0
87 1 0
87 5 5
87 6 8
87 7 9
87 15 18
86 4 198
86 5 208
86 6 212
86 7 212
86 8 227
86 8 250
86 8 330
86 8 375
86 4 381
77 1 3015
77 5 3026
77 6 3030
77 7 3031
91 1 0
92 1 0
91 4 368
91 5 410
91 6 415
91 7 415
91 8 436
91 8 461
91 8 468
91 8 477
91 8 488
91 8 493
91 8 506
91 8 519
91 29 548
91 29 553
91 29 555
91 6 578
91 7 578
97 1 0
98 1 0
98 1 50
99 1 0
100 1 0
101 1 0
97 4 386
97 5 424
97 6 428
97 7 428
97 8 480
97 8 497
97 8 506
97 8 519
97 8 540
97 8 544
97 8 548
97 8 555
97 8 565
99 4 488
103 1 0
99 5 592
100 4 487
104 1 0
99 6 603
99 7 604
99 21 604
99 8 617
99 1 625
99 34 626
105 1 0
106 1 0
103 4 358
107 1 0
103 5 412
103 6 414
106 4 210
106 5 255
106 6 265
106 7 265
105 4 304
106 1 292
106 13 293
106 15 294
108 1 0
105 5 358
105 6 367
105 7 367
105 1 414
105 6 440
105 7 440
109 1 0
106 7 448
106 6 448
106 13 457
106 15 458
100 5 1116
100 6 1133
100 7 1133
100 8 1141
108 4 261
112 1 0
100 15 1203
100 25 1215
100 6 1216
100 7 1216
100 15 1235
100 1 1335
100 25 1359
100 5 1362
113 1 0
100 6 1372
100 7 1372
113 5 6
113 6 10
113 7 10
113 8 16
113 8 23
113 8 27
100 15 1402
112 4 265
113 8 41
114 1 0
114 4 159
114 5 204
116 1 0
114 6 208
114 7 208
114 13 228
114 15 230
112 5 749
112 6 758
112 7 758
112 8 787
112 8 807
112 1 822
112 13 822
112 15 823
117 1 0
119 1 0
120 1 0
117 4 283
112 1 1123
112 5 1125
112 6 1132
112 7 1132
112 8 1134
112 29 1139
112 1 1141
112 25 1162
112 6 1162
112 7 1162
117 5 329
117 6 337
117 7 337
117 1 359
117 13 359
117 15 360
123 1 0
120 4 310
117 6 443
117 7 444
120 5 363
120 6 376
120 7 377
120 21 379
120 6 414
120 7 415
120 8 418
120 13 488
120 15 489
126 1 0
128 1 0
123 4 318
130 1 0
123 5 399
123 6 407
123 7 407
128 4 188
123 8 460
126 4 300
131 1 0
123 1 552
123 13 553
123 15 557
126 5 339
126 6 341
133 1 0
134 1 0
135 1 0
135 5 8
135 6 11
135 7 11
135 15 77
135 15 93
131 4 259
131 5 288
133 4 194
133 5 227
133 6 231
133 7 231
133 8 238
133 29 240
131 6 295
131 7 295
131 8 313
131 13 358
131 15 359
137 1 0
135 1 254
135 5 260
135 6 263
135 7 264
131 6 418
131 7 418
131 13 422
131 15 425
138 1 0
139 1 0
140 1 0
141 1 0
143 1 0
144 1 0
143 4 246
141 4 312
141 5 346
141 6 362
141 7 362
143 5 292
143 6 304
143 7 304
141 8 380
141 8 394
141 8 413
141 8 424
141 8 441
141 34 449
139 4 550
139 5 628
139 6 632
139 7 633
145 1 0
139 8 652
146 1 0
139 29 674
147 1 0
149 1 0
139 1 702
139 13 708
139 15 711
150 1 0
151 1 0
146 5 199
146 6 224
146 7 225
145 4 242
145 5 267
145 6 275
145 7 275
146 1 273
145 8 299
152 1 0
145 8 311
145 13 319
145 15 320
146 25 306
146 6 318
146 7 324
153 1 0
150 4 228
146 8 336
146 8 354
150 5 255
150 6 269
150 7 269
150 8 280
146 8 400
146 8 401
146 8 402
146 8 402
146 34 403
146 6 417
146 7 417
146 8 422
146 8 427
146 8 437
146 8 442
157 1 0
152 4 191
159 1 0
160 1 0
161 1 0
162 1 0
152 5 424
152 6 427
152 7 427
159 4 184
144 4 1164
152 8 465
159 5 209
163 1 0
159 6 214
159 7 214
160 4 221
144 5 1204
144 6 1211
144 7 1212
152 8 467
159 8 238
165 1 0
144 8 1244
159 29 285
159 8 289
159 8 299
157 4 422
152 8 578
157 5 457
157 6 463
157 7 463
151 4 763
167 1 0
157 8 478
157 8 490
152 1 645
157 4 513
169 1 0
151 5 840
151 6 844
151 7 844
151 21 847
144 8 1489
170 1 0
172 1 0
167 4 271
173 1 0
170 4 133
169 4 244
174 1 0
167 5 314
167 6 319
167 7 319
170 5 166
170 6 177
170 7 177
169 5 257
169 6 262
169 7 263
169 8 268
167 8 357
169 25 304
169 5 305
169 6 311
169 7 311
167 13 372
167 15 373
169 8 317
165 4 571
170 25 308
170 6 308
170 7 308
165 5 611
165 6 620
165 7 620
144 29 1885
170 25 396
170 6 398
170 7 398
144 8 1887
144 13 1891
144 15 1892
165 8 699
165 8 700
170 15 436
179 1 0
181 1 0
174 4 388
169 4 664
165 4 882
165 5 898
169 5 675
169 6 682
169 7 682
169 8 700
144 25 2115
144 6 2115
144 7 2115
184 1 0
165 6 920
165 7 920
173 4 533
165 8 949
165 34 949
165 6 955
165 7 955
165 8 959
151 1 1593
151 5 1605
151 6 1608
151 7 1609
151 21 1611
165 8 963
165 8 969
165 4 975
169 25 767
169 5 769
169 6 775
169 7 775
181 4 235
179 4 254
181 5 305
181 6 320
181 7 320
186 1 0
173 5 692
173 6 701
173 4 718
179 5 379
179 6 394
179 25 471
179 5 472
179 6 481
179 25 499
179 5 500
179 6 514
184 1 560
190 1 0
193 1 0
194 1 0
184 4 732
184 5 768
195 1 0
184 6 784
184 7 784
184 1 790
184 13 790
184 15 791
197 1 0
194 4 181
199 1 0
194 5 212
194 6 228
194 7 228
194 8 240
193 4 242
190 4 384
194 29 277
193 5 276
193 6 288
193 7 288
193 21 293
199 4 137
190 5 428
202 1 0
190 6 444
190 7 444
193 8 310
193 15 319
199 5 181
199 6 187
199 7 187
199 8 207
204 1 0
199 8 218
204 5 10
204 6 18
204 7 19
204 1 26
204 13 26
204 15 33
205 1 0
197 4 400
202 4 192
202 5 221
202 6 237
202 7 237
197 5 466
197 6 483
197 7 483
195 4 531
202 8 296
197 8 552
202 8 340
195 5 582
195 6 597
195 7 597
207 1 0
202 8 358
208 1 0
195 8 630
208 5 6
208 6 22
208 7 22
195 1 646
195 13 646
195 15 646
197 8 690
197 4 735
210 1 0
205 4 502
212 1 0
205 5 607
205 6 614
205 7 614
205 8 654
205 8 668
205 1 676
205 13 676
205 15 679
214 1 0
215 1 0
210 4 378
210 5 429
210 6 444
210 7 444
217 1 0
210 8 475
210 8 496
218 1 0
210 1 523
210 13 526
210 15 533
210 25 553
210 6 553
210 7 553
217 4 145
212 4 431
219 1 0
217 5 173
212 5 482
220 1 0
217 6 179
217 7 179
217 8 188
217 8 191
217 13 206
212 6 488
212 7 488
215 4 279
217 15 206
221 1 0
215 5 350
215 6 353
217 25 267
217 6 267
217 7 267
217 8 269
217 8 273
217 8 275
217 13 278
217 15 279
219 4 153
219 5 178
219 6 184
219 7 184
219 8 202
219 1 206
219 13 206
219 15 207
223 1 0
217 25 411
217 6 411
217 7 411
214 4 527
214 5 566
217 13 460
217 15 461
214 6 575
214 7 575
225 1 0
217 25 549
217 6 549
217 7 549
217 8 552
217 13 553
217 15 554
221 4 348
226 1 0
221 5 413
227 1 0
228 1 0
228 1 1
221 6 417
221 7 417
221 13 443
221 15 445
214 13 842
214 15 843
229 1 0
230 1 0
232 1 0
233 1 0
232 5 20
232 8 30
232 6 31
232 7 31
234 1 0
225 4 398
225 5 433
225 6 439
225 7 439
229 4 186
225 8 497
229 5 259
229 6 263
229 7 263
225 8 524
225 8 545
229 8 279
225 8 551
236 1 0
238 1 0
240 1 0
229 1 523
229 13 523
229 15 523
241 1 0
230 4 534
242 1 0
214 6 1507
214 7 1507
240 4 210
230 5 687
230 6 695
230 7 695
238 4 261
240 5 237
240 6 242
240 7 242
238 5 293
238 6 297
238 7 297
240 8 255
240 13 261
240 15 261
241 4 207
230 6 742
230 7 743
240 6 281
240 7 281
240 13 289
240 15 290
243 1 0
241 5 240
241 6 256
230 13 770
230 15 777
241 7 256
245 1 0
241 8 280
230 6 815
230 7 815
240 6 369
240 7 369
230 4 817
240 8 372
241 1 325
241 5 328
241 6 337
241 7 337
241 8 340
241 13 344
241 15 344
241 6 384
241 7 384
241 8 396
241 13 399
241 15 400
241 6 403
241 7 404
241 8 405
241 13 407
241 15 408
236 1 667
247 1 0
243 4 324
243 5 360
243 6 365
243 7 367
249 1 0
250 1 0
250 5 3
247 4 138
251 1 0
250 6 20
250 7 20
250 8 35
247 5 153
247 6 156
247 7 156
252 1 0
253 1 0
245 4 554
254 1 0
242 4 816
252 4 272
252 5 287
252 6 297
252 7 297
242 5 907
242 6 914
242 7 914
242 21 918
259 1 0
249 4 408
260 1 0
249 5 496
249 6 499
249 7 499
261 1 0
262 1 0
249 8 529
249 8 536
263 1 0
242 8 1140
264 1 0
265 1 0
266 1 0
242 4 1155
242 5 1162
242 6 1171
242 7 1171
242 21 1175
242 8 1189
254 4 372
253 4 477
267 1 0
254 5 427
254 6 437
254 7 438
268 1 0
268 5 5
262 4 214
253 5 575
265 4 163
253 7 580
253 6 580
269 1 0
268 6 10
268 7 10
268 1 18
268 13 18
268 15 21
263 4 179
259 4 386
270 1 0
265 5 197
265 6 202
265 7 202
271 1 0
263 5 206
263 6 210
263 7 210
251 4 749
265 13 216
265 15 217
274 1 0
263 8 224
263 8 232
260 4 352
259 5 442
259 6 455
259 7 455
263 8 250
263 1 273
263 13 273
263 15 273
262 5 347
264 4 253
260 5 382
260 6 390
260 7 390
260 21 392
259 8 462
262 6 363
262 7 363
264 5 299
264 6 302
264 7 302
276 1 0
251 5 862
251 7 878
251 6 878
264 1 313
264 13 313
264 15 316
260 8 456
254 13 655
254 15 656
251 8 891
251 1 900
251 34 900
251 25 910
251 6 911
251 7 911
260 8 471
260 8 482
259 1 546
259 13 547
259 15 549
266 4 353
251 6 947
251 7 947
260 34 498
254 6 711
254 7 711
278 1 0
254 13 725
254 15 726
269 4 222
266 5 387
266 6 391
266 7 391
251 6 970
251 7 970
279 1 0
269 4 248
265 6 445
265 7 446
265 8 466
264 6 475
264 7 475
264 4 479
281 1 0
265 8 478
269 5 315
269 6 332
269 7 332
269 8 348
283 1 0
269 8 359
284 1 0
285 1 0
269 8 379
271 4 349
276 4 223
286 1 0
271 5 379
271 6 394
271 7 394
264 5 591
287 1 0
264 6 603
264 7 603
264 13 615
264 15 617
269 8 472
271 8 437
270 4 487
269 13 494
269 15 494
288 1 0
288 5 4
288 7 20
288 6 20
270 5 526
283 4 185
281 4 216
270 6 531
270 7 531
270 21 531
259 1 921
281 5 261
259 25 959
259 5 964
283 5 234
285 4 249
281 6 276
281 7 276
281 8 298
292 1 0
259 6 971
259 7 971
259 8 985
283 6 250
283 7 250
293 1 0
285 5 280
281 34 306
281 6 310
281 7 310
281 8 316
281 6 321
281 7 321
281 8 327
259 1 1000
259 13 1002
259 15 1004
285 6 282
285 7 282
281 8 340
281 34 342
281 15 345
285 15 314
285 6 331
285 7 331
285 4 334
278 4 456
287 4 291
278 5 512
295 1 0
287 5 338
278 6 526
278 7 526
287 6 347
287 7 348
287 13 381
287 15 382
296 1 0
278 8 595
278 8 623
278 8 637
278 4 649
297 1 0
297 5 2
297 6 18
297 7 18
298 1 0
297 1 21
297 5 23
297 6 28
297 7 28
297 8 37
297 34 40
297 6 45
297 7 45
300 1 0
297 8 58
297 34 64
297 6 67
297 7 67
297 8 85
297 34 89
295 4 233
301 1 0
292 4 439
295 5 285
295 6 296
298 4 191
304 1 0
298 5 213
298 6 222
298 7 222
305 1 0
298 8 253
298 13 263
298 15 264
298 25 266
298 6 266
298 7 266
295 1 397
296 4 355
298 8 269
298 13 281
298 15 281
307 1 0
296 5 434
296 6 438
296 7 438
296 8 446
296 4 448
296 5 451
296 6 457
296 7 458
298 25 363
298 6 364
298 7 364
298 8 375
298 29 377
296 8 487
298 8 390
298 29 391
298 8 399
298 29 406
298 8 408
298 29 410
298 8 412
305 4 184
305 5 218
305 6 232
305 7 232
305 1 242
301 4 353
301 5 390
301 6 393
301 7 393
296 29 624
296 13 629
296 15 629
296 6 661
296 7 661
301 8 436
310 1 0
311 1 0
307 4 485
307 5 580
301 13 745
301 15 748
307 6 589
307 7 589
307 8 652
307 8 684
307 8 695
307 8 711
307 8 737
307 8 743
307 29 777
307 8 778
301 7 949
301 6 949
301 4 950
307 29 807
307 8 808
307 13 838
307 15 839
317 1 0
318 1 0
319 1 0
293 4 1659
293 5 1711
293 6 1716
293 7 1716
296 6 1543
296 7 1544
296 4 1544
317 4 279
319 4 223
319 5 263
319 6 275
319 7 276
323 1 0
319 6 329
319 7 329
319 15 361
319 6 376
319 7 376
317 5 475
317 6 485
317 7 485
319 15 386
319 25 388
319 6 388
319 7 388
327 1 0
323 4 163
328 1 0
323 5 235
323 6 243
323 7 243
331 1 0
332 1 0
328 4 266
333 1 0
328 5 281
328 6 285
328 7 285
328 8 297
328 8 308
328 4 359
328 5 364
328 6 367
328 7 367
328 8 371
333 4 145
328 8 412
328 8 436
333 5 202
333 6 209
333 7 209
333 8 217
327 4 537
328 8 515
333 8 247
328 1 561
328 13 561
328 15 565
335 1 0
327 5 681
327 6 684
327 7 684
328 25 641
328 6 641
328 7 641
335 1 47
337 1 0
338 1 0
337 4 223
337 5 254
337 6 261
337 7 261
339 1 0
337 13 286
337 15 287
340 1 0
341 1 0
339 4 251
339 5 328
339 6 336
339 7 336
339 21 337
339 13 377
339 15 378
344 1 0
340 4 351
340 5 371
340 6 372
340 7 373
346 1 0
347 1 0
340 15 399
347 1 8
347 5 13
347 8 18
347 6 18
347 7 18
339 6 549
339 7 549
339 13 559
339 15 559
346 4 178
346 5 250
346 6 253
346 7 253
351 1 0
351 5 5
351 6 9
351 7 9
351 8 17
351 29 25
352 1 0
351 8 28
353 1 0
344 4 485
351 8 84
344 5 532
344 6 546
344 7 546
357 1 0
344 4 557
341 4 884
341 5 912
352 4 147
360 1 0
341 6 915
341 7 915
341 8 937
352 5 165
352 6 177
352 7 177
352 21 178
352 6 208
352 7 208
353 4 212
353 5 226
353 6 232
353 7 232
361 1 0
352 4 279
353 8 280
353 8 288
353 8 294
360 4 176
360 5 196
360 6 200
360 7 200
360 8 233
360 8 237
360 4 254
363 1 0
363 5 4
363 6 8
363 7 8
360 25 274
360 5 275
360 6 283
360 7 284
363 4 50
361 4 257
363 5 54
363 6 58
363 7 58
363 21 61
363 8 76
361 5 283
361 6 287
361 7 287
363 4 93
363 5 101
363 6 104
363 7 105
363 21 107
363 8 111
363 4 120
361 1 341
366 1 0
367 1 0
368 1 0
369 1 0
370 1 0
370 1 0
366 4 202
366 5 250
369 4 192
366 6 254
366 7 254
368 4 220
369 5 207
369 6 211
369 7 211
368 5 279
368 6 284
368 7 285
367 4 324
368 8 314
367 5 360
368 8 329
368 8 336
372 1 0
367 6 372
367 7 372
367 21 373
368 8 359
368 8 364
368 8 371
368 8 377
368 8 382
368 29 384
367 8 409
374 1 0
367 8 460
363 1 824
363 5 829
363 6 832
363 7 833
363 21 835
363 1 836
367 13 495
367 15 497
363 5 843
363 6 846
363 7 846
363 21 849
363 25 865
363 5 866
363 6 871
363 7 871
363 8 876
363 5 909
363 6 916
363 7 916
368 34 663
376 1 0
372 4 391
377 1 0
372 5 436
374 4 341
372 6 446
372 7 446
372 8 452
372 8 462
379 1 0
372 8 469
372 8 474
372 8 479
374 5 382
374 6 385
374 7 385
374 21 389
374 8 405
380 1 0
372 29 498
372 1 500
372 13 501
372 15 501
374 29 432
374 13 457
374 15 460
377 4 282
383 1 0
377 5 349
377 6 352
377 7 352
380 4 284
385 1 0
374 1 722
377 8 432
380 5 335
380 6 339
380 7 339
380 21 341
377 4 462
380 15 370
380 25 379
380 6 379
380 7 380
380 13 383
380 15 388
377 25 491
377 5 491
377 6 495
377 7 495
377 8 508
386 1 0
387 1 0
377 25 551
377 5 551
377 6 554
377 7 554
377 8 567
387 4 107
387 5 142
387 6 150
387 7 151
385 4 400
385 5 416
385 6 428
385 7 428
388 1 0
385 8 495
385 34 505
390 1 0
392 1 0
393 1 0
388 4 306
395 1 0
377 8 1189
388 5 342
396 1 0
388 6 347
388 7 347
392 4 217
392 5 241
388 8 359
388 8 365
388 8 370
392 6 250
392 7 250
392 1 269
392 13 269
392 15 272
388 29 424
388 8 427
388 8 451
390 4 389
397 1 0
393 4 198
395 4 159
393 5 243
398 1 0
388 8 530
393 6 249
393 7 249
393 13 256
393 15 257
395 5 216
395 6 220
395 7 221
400 1 0
395 8 239
388 13 579
388 15 581
401 1 0
402 1 0
403 1 0
396 4 358
397 4 265
406 1 0
407 1 0
408 1 0
397 5 304
397 6 307
397 7 307
401 4 189
396 5 434
396 6 439
396 7 439
396 21 442
401 5 205
401 6 212
401 7 212
377 8 1649
397 8 360
387 8 1188
411 1 0
387 13 1202
398 4 393
387 15 1205
400 4 375
412 1 0
396 8 618
396 1 635
403 4 287
400 5 444
400 6 446
400 7 446
413 1 0
414 1 0
414 1 4
400 8 486
403 5 380
403 6 390
403 7 390
400 4 497
400 5 501
400 6 503
400 7 504
400 15 520
396 25 739
396 6 739
396 7 739
403 8 442
398 5 621
398 6 629
398 7 630
400 6 559
400 7 559
400 8 571
400 4 583
403 8 477
416 1 0
416 1 0
412 4 214
403 8 502
406 4 456
411 4 318
403 8 518
398 8 709
398 34 731
412 5 261
412 6 263
412 7 264
414 4 194
412 4 277
406 5 496
406 6 500
406 7 501
298 1 7364
298 5 7369
398 25 745
398 6 745
398 7 745
298 6 7377
298 7 7377
412 4 307
406 4 540
417 1 0
418 1 0
398 8 786
412 5 309
412 6 311
412 7 311
414 5 234
412 8 314
414 6 238
414 7 238
412 34 322
412 15 325
414 8 257
412 25 337
412 6 337
412 7 338
411 5 397
411 6 400
411 7 400
411 4 418
403 4 633
416 4 167
403 5 642
403 6 652
403 7 652
398 8 827
412 25 371
412 5 372
412 6 377
412 7 377
416 5 195
416 6 201
416 7 201
412 6 394
412 7 395
413 4 345
412 6 403
412 7 403
416 8 233
413 5 381
413 6 385
413 7 385
398 8 928
398 8 941
413 1 432
417 4 179
418 4 197
398 8 957
413 6 442
413 7 442
417 5 210
418 5 233
413 15 469
413 6 476
413 7 476
417 6 221
417 7 221
418 6 246
418 7 246
418 8 265
398 34 1017
421 1 0
418 8 273
398 25 1042
398 6 1042
398 7 1042
398 8 1058
398 8 1062
417 8 279
417 8 290
418 8 304
418 29 316
418 8 317
418 13 320
418 15 321
398 8 1095
398 34 1117
398 25 1125
422 1 0
422 5 7
422 6 13
422 7 14
422 8 16
398 6 1125
398 7 1125
422 8 28
423 1 0
421 4 174
421 5 204
421 6 210
421 7 210
421 8 216
414 29 752
414 8 753
414 29 756
414 8 757
421 1 261
421 13 261
421 15 262
414 8 779
414 29 792
414 8 797
414 29 804
414 8 814
414 29 825
431 1 0
431 5 2
431 6 18
431 7 18
423 4 340
423 5 374
423 6 377
423 7 378
421 25 521
421 6 521
421 7 521
421 13 523
421 15 524
421 25 563
421 6 563
421 7 563
421 13 566
421 15 567
423 8 462
423 8 466
421 25 583
421 6 583
421 7 583
421 13 586
421 15 589
434 1 0
421 25 827
421 7 827
421 6 827
421 13 833
421 15 834
434 4 201
434 5 222
434 6 234
434 7 234
421 25 910
421 6 910
421 7 910
421 8 915
421 13 918
421 15 919
437 1 0
437 1 0
438 1 0
421 25 1026
421 6 1026
421 7 1026
421 13 1038
421 15 1039
408 1 1954
439 1 0
440 1 0
421 25 1173
421 6 1173
421 7 1173
437 4 227
421 13 1185
421 15 1186
441 1 0
437 5 284
437 6 290
437 7 290
437 8 333
438 4 347
442 1 0
437 4 389
437 5 390
437 6 397
437 7 397
437 8 429
443 1 0
438 5 401
438 6 418
438 7 418
437 8 455
438 8 437
440 4 299
445 1 0
438 1 457
438 13 457
438 15 458
438 6 479
438 7 479
446 1 0
447 1 0
438 6 493
438 7 493
440 5 354
440 6 358
440 7 358
440 8 368
440 29 371
440 8 374
448 1 0
438 13 530
438 15 530
441 4 344
441 5 369
441 6 373
441 7 373
441 15 404
441 6 415
441 7 415
452 1 0
443 4 206
441 15 421
441 6 425
441 7 425
441 8 432
446 4 134
443 5 247
443 6 252
443 7 252
441 8 447
441 8 455
441 8 463
446 5 171
446 7 187
446 6 187
447 4 180
443 8 261
443 8 267
443 8 271
443 8 290
443 8 299
447 5 223
443 8 305
443 8 310
441 34 510
441 15 515
447 6 240
447 7 240
447 13 282
447 15 283
452 4 194
455 1 0
438 6 800
438 7 800
452 5 207
452 6 217
452 7 217
456 1 0
438 15 821
438 6 838
438 7 838
452 8 238
438 8 848
447 6 416
447 7 417
438 34 879
438 15 884
438 25 888
438 6 888
438 7 888
438 8 903
445 4 449
438 8 916
438 34 926
438 15 932
440 29 799
448 4 413
457 1 0
440 8 801
440 29 827
445 5 511
445 6 519
445 7 519
456 4 191
458 1 0
459 1 0
445 8 583
460 1 0
461 1 0
448 5 544
448 6 549
448 7 549
448 13 587
448 15 588
374 1 4839
460 4 140
460 5 176
460 6 180
460 7 180
460 8 195
460 8 224
464 1 0
459 4 295
465 1 0
459 5 351
459 6 367
459 7 367
466 1 0
466 1 4
468 1 0
470 1 0
465 4 301
471 1 0
465 5 343
465 6 345
461 4 690
461 5 736
461 7 752
461 6 752
471 4 181
471 5 216
471 6 232
471 7 232
466 4 461
471 8 259
474 1 0
461 13 887
461 15 888
475 1 0
471 1 304
471 13 304
471 15 306
466 5 521
466 6 537
466 7 537
466 15 571
476 1 0
466 1 591
466 5 599
477 1 0
474 4 226
474 5 252
474 6 261
474 7 261
474 282 262
474 21 262
475 4 227
476 4 187
475 5 260
475 6 276
475 7 276
479 1 0
476 5 213
476 6 222
476 7 222
475 8 293
475 8 306
485 1 0
485 1 10
479 4 196
477 4 354
488 1 0
479 5 225
479 6 230
479 7 231
477 5 383
477 6 388
477 7 388
470 4 869
479 8 258
479 8 262
479 8 266
479 8 273
477 8 408
477 29 422
479 8 277
479 8 280
479 8 283
479 8 286
477 8 428
477 8 433
477 8 436
477 8 440
489 1 0
489 1 0
489 1 0
474 8 608
479 1 318
479 34 320
474 8 643
490 1 0
470 5 969
470 6 985
470 7 985
476 8 568
476 1 578
476 5 582
476 6 587
476 7 587
470 8 1029
470 1 1038
470 34 1038
476 29 636
491 1 0
491 1 0
491 1 0
492 1 0
493 1 0
494 1 0
495 1 0
485 4 434
498 1 0
485 5 478
485 6 482
485 7 483
488 4 392
488 5 404
488 6 420
488 7 420
499 1 0
501 1 0
488 8 451
502 1 0
485 8 618
488 15 503
488 25 510
488 6 510
488 7 510
490 4 348
488 25 539
488 6 539
488 7 539
490 5 384
490 6 400
490 7 401
490 21 403
485 8 668
488 8 553
490 8 415
470 6 1390
470 7 1390
488 8 579
492 4 373
498 4 255
502 4 134
498 5 297
502 5 160
502 6 175
502 7 175
502 21 177
485 8 798
498 6 313
498 7 313
490 8 532
490 8 552
492 5 453
492 6 468
492 7 468
492 21 469
505 1 0
490 8 565
490 8 573
502 8 222
502 8 236
502 8 240
506 1 0
490 4 589
490 1 592
490 4 601
490 5 611
492 1 511
492 15 531
490 6 627
490 7 628
490 21 629
492 25 539
492 6 539
492 7 539
492 13 543
492 15 543
502 13 306
502 15 307
507 1 0
508 1 0
502 25 435
502 6 435
502 7 435
502 13 440
502 15 441
492 6 711
492 7 711
492 5 729
492 6 746
492 7 746
492 21 747
505 4 333
509 1 0
506 4 368
510 1 0
511 1 0
505 4 442
506 5 415
506 6 418
506 7 419
508 4 281
506 8 445
512 1 0
513 1 0
505 5 510
508 5 302
508 6 307
508 7 307
508 8 323
506 1 469
506 13 469
506 15 470
505 6 514
505 7 514
515 1 0
508 8 371
516 1 0
505 8 583
508 8 403
505 13 613
505 15 614
511 4 209
509 4 240
508 13 453
508 15 453
511 5 235
511 6 251
511 7 252
518 1 0
510 4 270
509 5 307
509 6 323
509 7 324
505 6 742
505 7 742
516 4 201
516 5 227
516 6 231
516 7 231
521 1 0
515 4 338
523 1 0
512 4 427
513 4 415
512 5 459
512 6 463
512 7 463
513 5 486
513 6 492
513 7 493
526 1 0
513 1 530
513 15 533
512 8 569
505 13 1076
505 15 1077
521 4 272
527 1 0
521 5 301
521 6 312
521 7 312
512 4 786
523 4 389
493 4 1771
530 1 0
493 5 1800
512 5 891
512 6 894
512 7 894
523 5 473
523 6 477
523 7 477
493 6 1816
493 7 1816
493 21 1817
512 8 905
531 1 0
532 1 0
533 1 0
523 1 551
523 13 552
523 15 553
526 4 436
526 5 502
526 6 509
526 7 509
512 13 1049
512 15 1052
530 4 239
526 8 592
530 5 291
530 6 297
530 7 297
505 25 1626
505 7 1626
505 6 1626
530 8 313
505 13 1629
505 15 1633
530 13 329
530 15 331
533 4 199
533 5 212
533 6 229
533 7 229
533 8 258
533 8 267
533 8 315
533 8 323
533 8 329
535 1 0
526 4 1040
526 5 1045
526 6 1063
539 1 0
526 7 1063
539 4 248
535 4 537
545 1 0
546 1 0
539 5 309
539 6 314
539 7 314
539 13 328
539 15 329
539 6 353
539 7 353
539 15 370
547 1 0
548 1 0
535 5 668
535 6 672
535 7 672
539 6 398
539 7 398
539 8 405
539 4 409
535 8 695
539 5 415
539 6 420
539 7 420
539 15 426
539 6 431
539 7 432
539 8 441
549 1 0
550 1 0
535 1 754
535 13 754
539 8 475
535 15 758
539 34 496
539 15 499
539 6 502
539 7 502
551 1 0
547 4 237
547 5 263
550 4 154
408 1 7690
547 6 279
547 7 279
547 8 287
547 8 296
549 4 153
550 5 187
547 13 314
547 15 314
549 5 189
549 6 204
549 7 204
550 6 202
550 7 203
550 1 216
550 5 219
539 1 742
539 5 748
539 6 761
539 7 762
539 8 767
539 8 784
547 25 819
547 6 819
547 7 819
547 13 834
547 15 834
560 1 0
562 1 0
548 4 840
551 4 646
564 1 0
548 5 894
548 6 896
551 5 709
551 6 712
551 7 712
565 1 0
551 8 729
566 1 0
567 1 0
551 8 771
547 25 1013
547 6 1013
547 7 1013
547 13 1019
547 15 1019
570 1 0
571 1 0
566 4 251
567 4 241
573 1 0
562 4 414
530 6 2425
530 7 2426
570 4 258
565 4 377
567 5 339
567 6 343
567 7 343
562 5 471
571 4 195
530 4 2456
565 5 402
565 6 418
565 7 419
567 6 362
567 7 363
567 15 369
567 25 371
567 6 371
567 7 371
567 25 383
567 6 383
567 7 383
562 6 476
562 7 476
571 5 218
571 7 225
571 6 225
575 1 0
575 1 2
576 1 0
567 15 394
571 4 249
577 1 0
565 13 479
578 1 0
579 1 0
565 15 484
580 1 0
530 25 2580
580 5 26
581 1 0
580 6 42
580 7 43
530 25 2609
530 5 2610
530 6 2614
530 7 2614
580 1 57
560 4 655
562 4 672
584 1 0
560 5 773
586 1 0
560 6 789
560 7 790
576 4 284
577 4 318
576 5 343
576 6 354
576 7 354
577 5 348
587 1 0
577 6 350
577 7 350
576 1 373
576 13 373
576 15 374
577 8 367
577 15 432
586 4 203
577 25 438
577 6 438
577 7 438
577 8 458
581 4 367
584 4 318
577 25 497
577 5 497
586 5 260
586 6 263
586 7 263
577 6 506
577 7 506
577 8 524
577 8 534
577 8 552
590 1 0
584 5 414
584 6 419
584 7 419
584 21 422
592 1 0
593 1 0
594 1 0
595 1 0
596 1 0
595 4 115
597 1 0
595 5 161
595 6 176
595 7 176
598 1 0
599 1 0
600 1 0
601 1 0
603 1 0
604 1 0
596 4 247
408 1 9867
596 5 294
596 6 302
594 4 370
570 1 1447
600 4 194
596 4 349
596 5 357
596 6 359
597 4 306
601 4 189
597 4 317
601 5 225
601 6 229
601 7 229
597 5 352
600 5 273
600 6 277
600 7 277
601 8 247
600 8 286
601 1 264
601 13 264
601 15 266
597 6 368
597 7 368
599 4 293
597 8 395
597 34 417
603 1 274
597 15 431
597 6 468
597 7 468
597 4 476
597 5 479
597 6 495
597 7 495
606 1 0
604 4 386
608 1 0
608 5 3
609 1 0
599 5 507
599 6 512
599 7 512
575 4 1501
604 5 437
604 6 448
604 7 448
604 8 458
610 1 0
575 5 1565
575 6 1581
575 7 1581
612 1 0
613 1 0
604 8 538
606 4 207
575 8 1632
614 1 0
606 5 236
575 29 1645
575 8 1648
606 6 252
606 7 252
606 8 272
575 8 1676
575 8 1717
606 29 303
606 8 306
603 4 675
575 8 1785
604 7 710
604 6 710
604 8 717
615 1 0
616 1 0
612 4 213
613 4 219
603 5 770
603 6 787
603 7 787
612 5 267
575 8 1880
603 1 813
603 13 813
603 15 814
612 6 283
612 7 283
617 1 0
618 1 0
613 5 285
613 6 300
613 7 301
604 6 856
604 7 856
612 8 313
619 1 0
613 13 331
613 15 332
575 8 1956
612 8 363
612 29 379
612 8 386
612 8 399
612 8 421
612 8 430
620 1 0
617 4 149
613 25 432
613 6 432
613 7 432
621 1 0
615 4 281
619 4 192
617 5 199
617 6 215
617 7 215
615 5 300
616 4 283
615 6 310
615 7 310
615 8 319
623 1 0
619 5 225
617 13 226
617 15 227
615 8 345
624 1 0
616 5 334
619 6 240
619 7 240
615 8 365
616 6 350
616 7 350
615 8 378
615 13 388
615 15 396
626 1 0
616 13 479
616 15 479
618 4 445
620 4 295
624 4 217
628 1 0
618 5 506
620 5 362
618 6 512
618 7 513
600 13 1415
600 15 1416
624 5 255
624 6 270
624 7 271
620 6 374
620 7 374
620 8 385
620 4 393
629 1 0
618 8 548
620 5 397
620 6 414
620 7 414
630 1 0
624 15 323
620 8 429
631 1 0
632 1 0
633 1 0
631 4 188
631 5 229
631 6 235
631 7 235
631 8 244
628 4 386
631 25 317
631 6 317
631 7 317
631 8 327
633 4 162
633 5 204
631 8 362
633 6 209
633 7 210
633 8 214
631 8 390
633 8 245
628 5 551
628 6 554
628 7 554
628 21 560
633 8 264
628 8 573
628 13 596
631 8 463
628 15 601
633 13 309
633 15 310
631 8 483
631 25 552
631 6 552
631 7 552
633 25 404
633 6 405
633 7 405
633 8 411
633 8 422
628 1 733
628 5 739
628 6 743
628 7 743
633 13 446
633 15 447
631 8 620
631 8 624
628 21 747
631 8 664
637 1 0
637 5 8
638 1 0
408 1 11996
637 6 23
637 7 24
640 1 0
640 5 7
640 6 12
640 7 12
641 1 0
640 1 57
640 13 57
640 15 58
642 1 0
644 1 0
637 645 300
628 1 1167
628 1 1167
628 5 1172
628 5 1174
628 6 1176
628 7 1176
628 6 1177
628 7 1177
628 21 1180
646 1 0
637 25 356
637 6 356
637 7 357
637 8 364
647 1 0
641 4 328
650 1 0
650 1 0
641 5 371
644 4 217
641 6 388
641 7 388
644 5 239
644 6 243
644 7 243
641 8 410
641 8 413
638 4 486
644 8 252
641 13 428
641 15 431
644 8 272
644 8 282
651 1 0
638 5 551
638 6 557
638 7 557
652 1 0
647 1 191
641 6 503
641 7 503
638 8 570
652 5 7
652 6 12
652 7 12
652 8 19
642 4 402
641 13 526
641 15 527
644 34 371
638 1 594
638 13 596
638 15 597
644 15 376
638 6 643
638 7 644
642 5 464
642 6 465
641 6 583
641 7 583
641 13 591
641 15 592
656 1 0
657 1 0
658 1 0
652 8 179
642 25 574
642 5 574
642 6 575
644 7 536
644 6 536
644 8 546
642 25 612
642 5 612
642 6 615
642 25 621
642 5 621
651 4 294
642 6 622
642 25 632
642 5 632
642 6 635
659 1 0
652 8 278
651 5 339
651 6 354
651 7 354
642 25 686
642 5 686
642 6 688
641 6 833
641 7 833
651 1 380
651 13 380
651 15 381
642 25 741
642 5 741
642 6 748
642 7 748
662 1 0
652 8 413
642 8 799
659 4 147
642 5 810
642 6 815
642 7 815
659 5 185
659 6 201
659 7 201
659 8 219
651 6 531
651 7 531
658 4 326
657 4 386
642 1 875
642 13 875
642 15 875
652 8 500
659 29 226
659 8 238
651 8 565
651 8 575
658 5 350
659 8 271
651 8 580
651 8 598
651 8 603
658 6 365
658 7 365
657 5 423
657 6 428
657 7 428
658 21 382
652 1 554
652 13 554
652 15 556
663 1 0
663 5 4
658 5 405
657 8 467
658 6 421
658 7 421
664 1 0
663 6 20
663 7 20
663 8 25
663 8 33
663 8 36
663 8 44
658 8 425
657 13 504
657 15 505
666 1 0
658 4 503
658 5 510
658 6 525
658 7 526
658 21 527
658 8 543
658 8 563
658 8 573
642 6 1108
642 7 1108
658 8 583
663 15 200
663 6 212
663 7 212
663 8 220
667 1 0
628 1 2234
628 5 2237
628 6 2240
628 7 2240
666 4 154
642 6 1196
642 7 1197
666 5 198
666 6 201
666 7 201
642 15 1252
628 25 2290
628 6 2290
628 7 2290
628 1 2304
628 5 2310
642 6 1255
642 7 1255
628 6 2313
628 7 2313
666 4 236
669 1 0
669 1 17
670 1 0
669 1 29
669 5 43
669 6 55
669 7 56
669 8 78
669 8 94
664 4 395
667 4 246
667 4 254
669 8 138
673 1 0
664 5 440
664 6 451
674 1 0
659 8 818
664 7 452
675 1 0
664 21 456
675 5 12
675 6 18
675 7 19
676 1 0
675 13 33
664 8 486
675 15 34
667 5 365
667 6 374
667 7 375
667 21 379
667 8 398
673 4 137
659 8 924
664 34 573
664 15 576
670 4 388
676 4 218
670 5 437
679 1 0
676 5 269
676 6 285
676 7 285
675 1 311
675 5 323
675 8 327
675 6 328
675 7 328
670 6 455
670 7 455
670 8 464
670 29 475
670 8 479
681 1 0
670 8 497
674 4 418
674 5 494
674 6 508
674 7 509
679 4 225
674 13 544
674 15 545
679 5 266
684 1 0
679 6 270
679 7 270
679 8 291
679 8 299
679 8 303
679 8 311
674 1 635
679 8 350
686 1 0
674 5 645
674 8 652
674 6 652
674 7 652
679 8 383
679 4 385
684 4 200
674 13 823
674 15 823
686 4 235
686 5 298
686 6 306
686 7 306
686 8 317
687 1 0
408 1 14647
408 5 14656
408 6 14666
408 7 14666
686 8 378
686 8 409
408 1 14738
408 5 14750
408 6 14758
408 7 14759
690 1 0
690 1 11
687 4 258
687 5 313
687 6 324
687 7 324
687 8 352
687 8 363
687 8 366
693 1 0
694 1 0
697 1 0
699 1 0
694 4 216
694 5 255
694 6 258
694 7 258
694 21 262
700 1 0
697 4 228
702 1 0
702 5 3
702 6 5
702 7 5
702 1 7
702 13 7
702 15 8
697 5 267
697 6 270
697 7 270
704 1 0
697 8 295
697 34 305
697 15 308
705 1 0
700 4 227
706 1 0
707 1 0
700 5 276
700 6 286
700 7 286
710 1 0
704 4 252
704 5 274
711 1 0
704 6 288
704 7 288
705 4 280
704 13 316
704 15 316
705 5 303
705 6 319
705 7 320
705 8 336
705 29 342
705 8 347
704 1 423
706 4 326
710 4 256
706 5 390
706 6 393
706 7 393
704 4 498
704 5 503
704 6 508
704 7 508
704 13 512
704 15 513
710 5 299
710 6 303
706 8 408
710 25 326
710 5 326
710 6 329
710 5 331
710 6 333
714 1 0
715 1 0
711 4 384
717 1 0
711 5 411
711 6 418
711 7 418
719 1 0
711 8 494
711 4 514
711 5 518
711 6 526
711 7 526
675 1 2657
675 5 2670
711 8 548
675 8 2676
675 6 2676
675 7 2677
706 1 723
706 5 726
711 8 570
675 29 2706
675 13 2725
675 15 2725
714 4 308
714 5 348
714 6 352
714 7 352
714 8 369
714 29 376
719 4 283
647 1 4097
714 25 388
714 6 388
714 7 389
714 8 418
714 29 421
714 8 462
719 5 359
719 6 367
719 7 367
725 1 0
714 34 475
714 15 480
714 25 487
714 6 488
714 7 488
714 8 500
714 29 507
714 8 510
726 1 0
714 29 518
714 8 528
719 8 420
727 1 0
714 29 529
729 1 0
725 4 165
729 5 5
729 6 12
729 7 12
729 25 31
729 7 31
729 6 31
729 25 39
729 6 39
729 7 39
633 25 5336
633 6 5336
633 7 5337
633 13 5342
633 15 5343
725 5 242
725 6 245
725 7 245
725 13 254
725 15 256
733 1 0
727 4 386
727 5 453
727 6 456
727 7 456
727 8 476
727 8 488
727 8 500
727 8 506
727 8 513
736 1 0
737 1 0
726 4 631
733 4 310
726 5 655
726 6 658
726 7 658
733 5 348
738 1 0
739 1 0
739 5 1
739 6 4
739 7 4
647 1 4904
739 1 13
739 13 13
739 15 14
726 8 701
733 6 359
733 7 359
733 8 400
733 8 426
741 1 0
742 1 0
733 13 446
733 15 446
741 5 4
741 7 8
741 6 8
743 1 0
726 8 878
733 1 533
733 5 541
733 6 549
733 7 549
733 13 582
733 15 583
733 1 600
733 5 606
733 6 614
733 7 615
737 4 328
733 8 626
733 13 638
733 15 640
738 4 321
737 5 410
745 1 0
746 1 0
746 5 3
737 6 425
737 7 425
746 6 12
746 7 12
746 13 24
746 15 25
733 1 746
733 5 751
733 6 760
733 7 760
748 1 0
733 13 782
733 15 786
749 1 0
750 1 0
751 1 0
752 1 0
711 13 2214
711 15 2215
753 1 0
745 4 350
750 4 242
751 4 221
752 4 212
751 5 244
751 6 248
751 7 248
750 5 300
750 6 308
750 7 308
751 8 267
756 1 0
756 5 2
757 1 0
750 8 347
756 6 7
756 7 7
756 8 21
756 8 25
750 8 368
750 13 376
750 15 376
749 4 411
750 6 392
750 7 393
750 8 397
737 8 978
750 8 448
737 13 995
737 15 996
757 4 202
751 4 475
751 5 480
751 6 483
751 7 483
751 8 486
749 5 592
749 6 600
749 7 600
749 21 602
761 1 0
761 5 6
761 6 9
761 7 9
761 8 18
757 5 246
757 6 249
757 7 249
757 21 250
757 13 261
757 15 262
749 4 638
761 29 36
761 8 39
761 29 48
757 25 285
757 6 285
757 7 285
761 15 62
761 6 72
761 7 72
757 25 315
756 34 323
756 6 333
756 7 333
757 25 331
764 1 0
756 8 337
756 6 352
756 7 352
757 25 380
757 5 380
757 6 382
757 7 382
757 25 449
757 5 449
757 6 451
757 7 451
757 21 453
757 13 468
757 15 470
766 1 0
757 6 541
757 7 541
768 1 0
769 1 0
749 1 1085
770 1 0
764 4 370
749 1 1136
764 5 421
764 6 424
764 7 425
749 5 1154
749 6 1161
749 7 1162
764 21 426
764 13 482
764 15 483
772 1 0
773 1 0
774 1 0
775 1 0
768 4 279
778 1 0
770 4 320
774 4 204
779 1 0
770 5 346
770 6 349
770 7 349
766 1 637
774 5 242
780 1 0
770 13 391
770 15 392
781 1 0
774 6 246
774 7 246
775 4 232
782 1 0
772 4 313
775 5 280
775 6 287
775 7 287
773 4 349
775 8 301
772 5 357
772 6 373
772 7 373
774 8 350
768 5 591
768 6 606
768 7 606
781 4 129
781 5 156
781 6 172
781 7 172
773 5 490
773 6 494
773 7 494
779 4 278
784 1 0
773 8 603
774 8 600
773 8 651
787 1 0
773 8 683
788 1 0
774 8 665
789 1 0
787 4 226
768 8 1068
768 1 1073
768 13 1073
768 15 1073
787 5 253
787 6 258
787 7 259
787 8 281
792 1 0
795 1 0
788 4 527
797 1 0
787 13 575
787 15 578
788 5 577
788 6 584
788 7 585
727 1 3616
727 5 3618
798 1 0
788 8 610
799 1 0
800 1 0
792 4 470
797 4 288
797 5 312
797 6 315
797 7 315
792 5 531
792 6 534
792 7 534
804 1 0
797 25 375
797 5 376
797 6 378
797 7 379
798 4 314
768 7 1826
768 6 1826
768 8 1827
768 8 1839
800 4 216
800 5 232
800 6 238
800 7 238
800 8 260
798 5 398
798 6 405
798 7 405
798 8 409
797 4 543
797 5 562
797 6 565
797 7 565
797 8 577
798 8 506
804 4 207
797 8 605
804 5 296
804 6 300
804 7 300
804 8 326
809 1 0
816 1 0
817 1 0
818 1 0
820 1 0
809 4 568
824 1 0
809 5 598
809 7 602
809 6 602
818 4 321
809 8 656
818 5 394
818 6 400
818 7 400
818 8 413
827 1 0
827 5 7
827 6 11
827 7 11
827 8 19
809 8 732
827 1 34
827 34 35
827 15 37
827 15 56
818 29 488
809 4 788
818 4 517
820 4 408
809 1 851
809 5 856
809 6 861
809 7 861
818 4 578
818 5 583
818 6 587
818 7 587
820 5 561
820 6 565
820 7 565
820 21 568
820 1 599
820 13 599
820 15 599
829 1 0
835 1 0
835 5 5
835 1 18
835 5 22
835 6 29
835 7 29
835 6 82
835 7 82
835 6 104
835 7 104
835 6 114
835 7 114
835 8 118
838 1 0
839 1 0
829 4 367
829 5 427
829 6 434
829 7 434
829 8 441
829 8 448
829 13 474
829 15 478
835 1 478
835 5 485
835 8 499
835 6 499
835 7 499
829 6 700
829 7 700
829 8 703
835 34 514
835 6 530
835 7 530
843 1 0
844 1 0
845 1 0
838 4 583
845 4 194
845 5 227
845 6 234
845 7 234
851 1 0
852 1 0
844 4 391
853 1 0
844 5 593
844 6 600
844 7 601
844 8 684
844 8 740
844 8 770
844 8 786
844 8 823
844 8 833
844 8 853
855 1 0
856 1 0
844 8 1160
844 13 1261
844 15 1262
844 25 1295
844 6 1295
844 7 1295
844 8 1314
844 13 1359
844 15 1360
858 1 0
859 1 0
844 25 1510
844 6 1511
844 7 1511
858 1 102
844 8 1593
862 1 0
863 1 0
844 8 1787
844 8 1801
844 8 1817
865 1 0
859 4 394
866 1 0
863 4 127
863 5 146
863 6 149
863 7 149
866 1 3
863 8 166
738 5 7544
738 6 7552
738 7 7552
863 29 194
863 8 196
862 4 258
867 1 0
863 25 264
863 5 264
863 6 267
863 7 267
862 5 311
862 6 315
862 7 315
863 8 273
863 8 281
863 1 291
863 6 300
863 7 300
738 8 7682
865 4 207
844 13 2034
844 15 2036
844 25 2043
844 6 2043
844 7 2043
844 8 2051
863 6 315
863 7 315
863 8 316
863 8 321
863 13 324
863 15 327
844 29 2063
844 8 2069
844 13 2076
844 15 2077
844 25 2090
844 6 2090
844 7 2090
862 8 378
862 1 402
865 5 281
844 13 2097
844 15 2098
738 8 7774
865 6 289
865 7 289
865 21 290
865 8 297
865 1 311
865 13 311
870 1 0
866 4 257
865 15 312
862 1 444
862 13 444
862 15 444
867 4 195
768 8 6346
866 5 303
866 6 311
866 7 311
768 8 6355
768 8 6359
768 8 6362
768 8 6373
866 8 333
866 4 345
866 5 348
866 6 355
866 7 356
738 4 7878
738 5 7880
738 6 7891
738 7 7891
872 1 0
768 8 6390
865 25 418
865 6 418
865 7 418
867 5 281
867 6 289
867 7 289
866 8 374
866 13 387
866 15 387
873 1 0
738 8 7909
768 8 6412
865 15 435
768 8 6425
867 8 308
768 8 6433
867 13 317
867 15 319
874 1 0
875 1 0
862 25 608
862 6 608
862 7 608
876 1 0
865 25 502
865 6 502
865 7 503
862 8 629
862 13 641
862 15 641
866 6 459
866 7 460
866 8 461
866 13 465
866 15 465
866 25 489
866 6 489
866 7 489
866 8 491
866 6 503
866 7 503
866 8 505
866 15 513
866 6 519
866 7 519
866 8 523
866 25 531
866 5 532
866 6 540
866 7 540
877 1 0
878 1 0
866 8 544
866 34 556
866 15 558
866 15 564
866 6 565
866 7 565
879 1 0
875 4 216
866 8 650
866 8 659
876 4 200
880 1 0
875 5 286
875 6 289
870 4 444
870 5 455
870 6 459
870 7 459
877 4 161
876 5 260
876 6 274
876 7 274
877 5 204
877 6 207
877 7 207
876 1 301
876 13 302
876 15 302
873 4 393
881 1 0
882 1 0
882 5 4
882 6 11
882 7 11
879 4 278
883 1 0
873 5 499
873 6 509
873 7 510
885 1 0
879 5 290
879 6 293
879 7 293
879 21 295
880 4 322
879 15 361
844 25 2868
844 6 2868
844 7 2868
844 8 2874
844 13 2879
844 15 2880
880 5 358
880 6 361
880 7 361
880 8 386
880 4 399
880 5 401
880 6 404
880 7 404
880 1 406
880 15 409
880 25 416
880 6 416
880 7 416
880 8 420
880 8 428
880 29 431
880 8 434
880 8 442
880 34 458
880 25 462
880 6 462
880 7 462
880 8 465
883 4 252
881 4 276
883 5 277
883 6 280
883 7 280
881 5 319
881 6 324
881 7 324
878 4 633
883 6 298
883 7 298
883 8 306
881 8 363
883 8 336
888 1 0
881 13 391
881 15 391
878 5 680
878 6 684
878 7 685
844 25 3184
844 6 3184
844 7 3184
844 8 3188
881 25 483
881 6 483
881 7 483
881 8 505
881 13 511
881 15 512
844 8 3251
844 29 3256
844 8 3261
844 8 3282
844 8 3314
883 8 581
889 1 0
844 8 3335
782 4 7015
890 1 0
883 4 599
844 8 3400
782 5 7064
782 6 7071
782 7 7071
893 1 0
844 8 3418
894 1 0
894 5 8
894 6 13
894 7 13
894 8 27
894 29 34
894 13 47
894 15 48
844 13 3537
844 15 3538
888 4 454
889 4 227
782 8 7242
888 5 524
888 6 529
888 7 529
889 5 283
889 6 285
889 7 285
844 25 3632
844 6 3633
844 7 3633
844 8 3638
844 8 3648
888 8 561
889 8 323
888 8 589
890 4 343
889 34 352
889 15 354
889 6 364
889 7 364
889 4 365
844 13 3687
844 15 3687
888 8 623
888 8 639
890 5 388
890 6 396
890 7 396
898 1 0
890 8 424
899 1 0
900 1 0
900 1 0
899 4 179
901 1 0
899 5 206
899 6 209
899 7 209
898 4 220
899 6 225
899 7 225
899 6 244
899 7 244
899 6 252
899 7 252
898 5 268
898 6 281
898 7 281
899 4 261
898 8 300
844 25 4054
844 6 4054
844 7 4054
844 8 4062
844 13 4071
844 15 4073
900 4 300
900 5 336
901 4 179
900 6 351
900 7 351
900 8 364
900 8 371
900 8 375
900 8 394
900 8 401
900 8 407
900 8 412
900 8 415
900 8 419
900 8 426
900 34 430
898 8 480
901 5 293
900 15 433
900 6 436
900 7 436
900 8 441
900 8 446
903 1 0
900 8 449
900 34 455
900 6 459
900 7 459
901 6 308
901 7 308
900 8 464
900 8 466
900 8 469
904 1 0
905 1 0
906 1 0
904 4 328
904 5 423
904 6 426
904 7 426
904 21 428
904 8 455
910 1 0
904 1 592
904 34 593
912 1 0
914 1 0
912 4 139
912 5 152
912 6 157
912 7 157
912 8 164
912 34 179
912 15 182
912 25 188
912 6 189
912 7 189
912 8 197
912 34 202
912 25 204
912 6 204
912 7 205
916 1 0
914 4 361
914 5 404
914 6 407
914 7 407
917 1 0
914 8 501
918 1 0
916 4 408
917 4 274
916 5 471
916 6 479
916 7 479
917 5 358
917 6 366
917 7 366
918 4 299
917 1 391
918 5 342
917 6 405
917 7 405
921 1 0
918 6 346
918 7 346
922 1 0
923 1 0
921 4 203
921 5 228
921 6 232
921 7 232
926 1 0
921 13 308
921 15 309
922 4 244
927 1 0
927 13 0
921 25 330
921 6 330
921 7 330
921 8 334
922 5 304
927 1 8
927 5 10
927 6 14
927 7 14
922 6 310
922 7 310
926 4 125
921 8 391
921 13 403
921 15 407
922 8 343
922 34 359
926 5 160
926 6 163
926 7 163
922 6 375
922 7 376
922 13 385
922 15 385
926 8 186
926 13 195
926 15 195
923 4 502
929 1 0
930 1 0
922 6 616
922 7 617
922 13 628
922 15 629
929 4 280
929 5 327
929 6 336
929 7 336
929 1 369
929 5 374
929 6 389
929 7 390
929 8 427
929 8 441
930 4 330
929 8 454
929 8 460
929 8 464
930 5 365
930 6 368
930 7 368
931 1 0
929 34 475
932 1 0
933 1 0
930 6 441
930 7 442
934 1 0
930 6 462
930 7 462
936 1 0
937 1 0
938 1 0
940 1 0
938 4 154
938 5 171
938 6 175
938 7 175
942 1 0
943 1 0
944 1 0
944 1 1
940 4 322
940 5 346
940 7 350
940 6 350
940 1 360
940 5 368
940 6 372
940 7 372
940 13 387
940 15 391
945 1 0
945 5 7
945 6 10
945 7 10
880 1 6196
880 5 6202
880 6 6206
880 7 6206
880 8 6219
880 1 6225
880 34 6226
880 15 6228
945 4 212
945 5 236
945 6 239
945 7 239
944 4 558
944 5 604
945 15 274
944 6 607
944 7 608
944 8 631
947 1 0
947 1 0
947 5 3
947 5 6
945 6 371
945 7 371
945 4 372
947 6 21
947 7 21
948 1 0
944 8 749
949 1 0
944 8 821
949 4 142
944 8 889
944 29 892
950 1 0
949 5 169
949 6 179
949 7 179
949 8 203
948 4 422
948 5 444
948 6 449
948 7 450
950 4 299
950 5 388
950 6 393
950 7 393
950 8 422
950 8 444
954 1 0
954 4 168
954 5 209
954 6 214
954 7 214
954 6 246
954 7 246
954 8 249
954 8 263
954 8 286
957 1 0
954 34 301
958 1 0
958 5 4
954 6 308
954 7 308
954 8 315
958 6 12
958 7 12
954 34 324
954 6 327
954 7 327
954 4 328
959 1 0
960 1 0
960 1 2
960 1 3
960 1 4
961 1 0
958 8 347
958 29 381
963 1 0
964 1 0
959 4 425
959 5 460
959 6 468
959 7 468
959 13 498
959 15 499
960 4 369
961 4 336
960 5 435
959 6 581
959 7 581
959 13 595
959 15 595
961 5 377
960 6 441
960 7 441
960 8 450
960 8 458
960 8 461
961 6 385
961 7 386
960 29 478
960 8 486
965 1 0
961 8 422
961 8 440
961 8 466
957 4 805
960 8 563
966 1 0
966 4 225
959 6 1016
959 7 1016
966 5 271
966 6 279
966 7 279
966 8 286
966 13 297
966 15 297
968 1 0
959 4 1018
959 5 1020
959 6 1028
959 7 1028
959 13 1084
959 15 1085
959 6 1143
959 7 1143
959 13 1165
959 15 1166
972 1 0
973 1 0
959 6 1358
959 7 1358
959 8 1375
959 34 1386
959 6 1427
959 7 1427
975 1 0
973 4 208
973 5 238
973 7 241
973 6 241
972 4 316
976 1 0
977 1 0
972 5 371
972 6 382
972 7 383
978 1 0
972 8 426
972 8 428
972 29 475
972 8 482
972 34 485
977 4 169
977 5 189
977 6 192
977 7 192
976 4 263
977 8 224
977 8 230
979 1 0
979 5 4
977 29 248
977 8 248
977 8 254
977 13 264
977 15 265
979 6 15
979 7 15
978 4 293
978 5 337
978 6 350
978 7 350
978 15 388
980 1 0
980 4 340
980 5 432
980 6 436
980 7 436
981 1 0
982 1 0
984 1 0
981 4 363
987 1 0
981 5 476
981 6 482
981 7 482
981 8 529
989 1 0
990 1 0
989 4 122
989 5 150
989 6 158
989 7 158
989 8 188
995 1 0
995 4 242
995 5 261
995 6 277
995 7 277
995 8 314
995 8 369
995 8 394
996 1 0
997 1 0
