0 1 0
0 2 52
0 3 128
0 4 151
0 8 307
0 8 320
0 8 325
9 1 0
9 2 90
9 2 100
9 3 166
9 4 196
9 8 240
9 8 250
10 1 0
10 2 126
10 3 324
12 1 0
10 4 376
10 14 429
10 15 429
12 2 145
16 1 0
16 2 72
17 1 0
10 1 665
16 3 138
17 2 95
16 4 177
16 1 238
16 19 238
16 14 242
12 3 511
12 4 596
17 3 321
20 1 0
17 4 373
20 2 69
17 19 496
17 14 497
17 15 507
17 14 507
20 3 275
20 4 368
24 1 0
24 8 79
24 1 131
24 26 131
24 27 131
24 28 131
24 28 131
24 1 178
24 2 202
24 3 245
24 4 257
24 8 302
24 8 322
24 8 331
24 1 344
24 30 344
24 14 345
24 15 345
32 1 0
32 2 49
32 3 149
33 1 0
32 4 182
33 2 72
33 3 208
33 4 313
33 8 392
33 19 406
33 34 406
33 14 409
33 15 409
35 1 0
33 8 443
33 14 450
33 15 450
35 2 70
36 1 0
36 2 58
35 3 176
36 3 171
35 4 249
36 4 260
35 8 327
35 8 364
36 8 323
35 1 383
35 19 383
35 34 383
35 14 385
35 15 385
36 1 343
36 1 382
37 1 0
33 1 1294
38 1 0
38 2 206
38 3 320
38 4 372
39 1 0
38 1 510
38 30 510
38 14 511
38 15 511
38 30 969
38 14 969
38 15 969
41 1 0
41 1 0
41 2 68
41 3 204
41 4 291
42 1 0
42 2 76
43 1 0
41 8 510
42 3 203
42 4 239
42 19 323
42 14 325
42 15 325
42 4 349
42 3 350
44 1 0
44 2 74
44 3 264
44 4 318
45 1 0
45 2 49
45 3 139
45 4 168
45 14 202
45 15 203
47 1 0
47 2 37
47 3 121
47 4 192
48 1 0
48 2 76
48 3 211
48 4 271
51 1 0
53 1 0
53 2 46
53 3 160
53 4 227
53 19 268
53 14 274
53 15 274
53 14 302
53 15 302
53 14 336
53 15 337
53 14 369
53 15 369
54 1 0
58 1 0
58 2 57
59 1 0
59 2 35
58 3 219
60 1 0
58 4 254
59 3 139
61 1 0
59 4 164
58 8 325
62 1 0
62 2 58
59 8 284
59 8 291
59 8 296
59 8 299
59 8 309
59 19 322
59 34 322
59 14 323
59 8 335
62 3 174
62 4 217
63 1 0
63 1 14
62 8 274
63 2 391
64 1 0
64 2 40
64 3 136
64 4 173
64 8 203
64 8 209
64 8 218
64 8 231
64 8 241
64 8 252
64 8 261
64 1 280
64 14 284
64 15 284
63 3 904
63 4 935
65 1 0
65 14 42
65 15 42
66 1 0
66 2 60
66 3 244
66 4 287
66 8 353
66 30 373
66 14 374
66 15 374
68 1 0
69 1 0
70 1 0
70 2 97
70 3 307
70 4 367
72 1 0
72 2 133
72 3 231
73 1 0
72 4 293
73 2 50
73 2 63
72 8 372
75 1 0
72 8 436
73 3 202
75 2 74
70 8 1123
70 19 1136
70 34 1136
70 14 1136
72 8 525
70 8 1165
70 19 1169
70 34 1169
70 14 1172
72 4 545
72 3 549
75 3 286
73 4 451
77 1 0
78 1 0
78 1 16
75 4 347
80 1 0
81 1 0
80 2 56
81 2 54
82 1 0
82 1 24
82 30 24
82 14 26
82 15 26
81 3 123
81 4 151
81 8 199
81 8 210
80 3 270
80 4 304
80 3 318
77 8 799
82 30 301
82 14 301
82 15 301
77 14 806
77 15 806
82 30 607
82 14 609
82 15 609
83 1 0
86 1 0
87 1 0
87 19 13
87 14 14
87 14 18
87 15 18
86 2 59
86 3 174
86 4 198
86 8 227
86 8 250
88 1 0
89 1 0
86 8 330
86 8 375
89 2 67
86 4 381
77 1 3015
88 2 203
90 1 0
89 3 213
89 4 253
91 1 0
89 14 366
89 15 366
91 2 76
92 1 0
88 2 548
91 3 291
93 1 0
94 1 0
93 2 31
91 4 368
94 2 56
88 3 781
93 3 83
93 4 110
91 8 436
91 8 461
91 8 468
91 8 477
91 8 488
91 8 493
94 3 167
93 8 161
88 4 861
91 8 506
91 8 519
94 4 211
91 19 565
91 14 565
96 1 0
96 2 41
96 3 118
98 1 0
96 4 158
98 1 50
96 8 211
96 14 229
96 15 229
100 1 0
101 1 0
101 2 57
101 2 65
100 2 112
101 3 147
103 1 0
100 3 412
100 4 487
103 2 69
104 1 0
103 2 105
105 1 0
106 1 0
106 2 84
105 2 126
103 3 315
103 4 358
106 3 160
107 1 0
106 4 210
105 3 237
107 2 73
105 4 304
106 1 292
106 30 293
106 14 294
106 15 294
105 1 414
105 19 414
105 14 428
109 1 0
106 30 457
106 14 458
106 15 458
100 8 1141
111 1 0
112 1 0
100 19 1200
100 14 1203
100 15 1203
112 2 61
100 19 1224
100 14 1225
100 14 1235
100 15 1235
111 2 122
100 1 1335
112 3 194
113 1 0
113 8 16
113 8 23
113 8 27
100 19 1400
100 14 1402
100 15 1402
112 4 265
113 8 41
115 1 0
115 2 72
111 3 482
116 1 0
111 4 631
115 3 301
111 8 729
111 4 763
111 8 781
115 4 393
111 8 802
112 8 787
112 8 807
112 1 822
112 14 823
112 15 823
118 1 0
115 14 555
115 15 555
118 2 31
118 3 124
118 4 144
118 8 234
112 1 1123
112 8 1134
112 1 1141
112 19 1141
112 14 1141
118 1 260
118 30 260
118 14 260
118 15 260
122 1 0
123 1 0
118 30 375
118 14 375
118 15 375
122 2 75
123 2 122
125 1 0
122 3 211
125 26 14
125 14 15
125 8 30
126 1 0
125 8 49
123 3 253
126 2 32
127 1 0
128 1 0
129 1 0
122 4 289
128 2 37
123 4 318
126 2 104
129 2 58
127 2 108
122 8 387
128 3 138
122 14 409
122 15 409
128 4 188
123 8 460
126 3 272
126 4 300
131 1 0
123 1 552
123 14 557
123 15 557
131 2 64
127 3 446
135 1 0
131 3 179
127 4 507
135 19 72
135 14 77
135 15 77
135 14 93
135 15 93
127 8 560
127 8 574
131 4 259
131 8 313
131 30 358
131 14 359
131 15 359
135 1 254
135 19 274
135 14 275
131 30 422
131 14 425
131 15 425
138 1 0
139 1 0
140 1 0
141 1 0
142 1 0
138 2 63
143 1 0
139 2 119
143 2 58
141 2 131
115 1 2069
115 14 2091
115 15 2091
143 3 190
141 3 264
143 4 246
141 4 312
141 8 380
141 8 394
141 8 413
141 8 424
141 8 441
141 19 449
141 34 449
141 14 449
139 3 492
139 4 550
145 1 0
139 8 652
146 1 0
147 1 0
145 2 42
146 2 44
149 1 0
139 1 702
139 30 708
139 14 711
139 15 711
150 1 0
150 2 42
145 3 178
146 3 174
145 4 242
146 1 273
146 19 274
145 8 299
146 14 284
150 3 176
145 8 311
145 14 320
145 15 320
153 1 0
150 4 228
146 8 336
146 8 354
122 8 2035
150 8 280
127 4 1801
156 1 0
146 8 400
146 8 401
146 8 402
146 8 402
122 30 2040
122 14 2042
122 15 2042
146 34 403
146 19 403
146 14 413
146 8 422
146 8 427
146 8 437
146 8 442
156 2 55
158 1 0
156 3 150
158 2 75
156 4 179
161 1 0
158 3 147
158 4 173
162 1 0
158 19 256
158 14 259
158 15 259
158 8 277
164 1 0
158 19 297
158 34 297
158 14 300
158 15 300
158 8 308
158 14 323
158 15 323
166 1 0
167 1 0
167 2 128
166 2 257
172 1 0
167 3 241
167 4 271
173 1 0
166 3 380
174 1 0
173 2 60
167 8 357
166 4 450
174 2 53
167 14 373
167 15 373
166 14 540
166 15 540
174 2 247
179 1 0
181 1 0
174 3 333
179 2 50
181 2 43
174 4 388
174 3 397
173 3 491
173 4 533
179 3 192
181 3 191
166 4 917
181 4 235
179 4 254
185 1 0
185 1 22
185 19 22
185 14 23
186 1 0
185 8 31
185 19 40
185 34 40
185 14 41
185 8 46
173 4 718
173 3 719
185 8 59
185 19 64
185 14 65
185 8 72
185 8 75
185 8 78
185 8 80
185 8 85
185 19 89
185 34 89
185 14 95
185 15 95
185 8 99
185 2 117
185 8 150
185 8 156
185 8 160
185 8 162
185 19 171
185 14 184
164 1 1297
187 1 0
187 2 35
164 2 1402
187 3 109
187 4 132
191 1 0
192 1 0
192 2 27
193 1 0
192 3 84
195 1 0
193 2 62
192 4 102
196 1 0
192 8 153
192 8 160
192 30 167
192 14 169
192 15 169
196 2 55
196 2 65
198 1 0
192 30 201
192 14 201
192 15 201
199 1 0
193 3 170
200 1 0
164 3 1875
199 2 63
198 2 80
198 2 86
193 4 242
196 3 203
200 2 43
201 1 0
199 3 115
195 2 229
199 4 137
202 1 0
196 4 241
193 8 310
193 26 315
193 14 319
193 15 319
201 2 57
164 4 1986
200 3 121
199 8 207
202 2 58
200 4 157
203 1 0
204 1 0
199 8 218
196 8 328
196 1 338
196 19 338
196 34 338
196 14 340
204 1 26
204 15 33
204 14 33
200 8 213
200 8 229
202 3 149
205 1 0
200 8 235
200 30 257
200 14 258
200 15 258
202 4 192
195 3 459
164 8 2199
206 1 0
195 4 531
202 8 296
202 8 340
202 8 358
208 1 0
195 8 630
201 3 413
205 2 247
200 30 474
200 14 474
200 15 474
195 1 646
195 14 646
195 15 646
203 2 321
201 4 449
205 2 278
209 1 0
201 8 556
201 1 572
201 19 572
201 14 573
201 8 617
211 1 0
209 2 93
203 3 551
205 3 499
205 4 502
198 3 812
211 2 35
203 4 588
212 1 0
203 8 635
211 3 114
198 4 905
211 4 143
212 2 94
209 3 259
205 8 654
205 8 668
205 1 676
205 14 679
205 15 679
211 8 206
211 8 211
198 30 1005
198 14 1007
198 15 1007
209 3 326
209 4 371
215 1 0
216 1 0
203 8 865
216 2 44
215 2 65
217 1 0
217 2 42
209 8 518
218 1 0
212 3 355
216 3 142
203 8 1001
209 8 543
217 3 99
216 4 184
209 8 559
209 14 571
209 15 571
215 3 190
217 4 145
209 30 609
212 4 431
209 14 613
209 15 613
219 1 0
203 8 1075
203 8 1087
219 2 46
217 8 188
217 8 191
209 30 659
209 14 659
209 15 659
215 4 279
217 14 206
217 15 206
203 14 1141
203 15 1141
209 8 676
209 30 679
209 14 683
209 15 683
219 3 124
217 8 269
217 8 273
217 8 275
217 14 279
217 15 279
209 30 761
209 14 764
209 15 764
219 4 153
219 8 202
219 1 206
219 14 207
219 15 207
217 30 460
217 14 461
217 15 461
225 1 0
217 8 552
217 14 554
217 15 554
226 1 0
227 1 0
225 2 84
228 1 0
228 1 1
229 1 0
230 1 0
229 2 50
231 1 0
233 1 0
225 3 312
230 2 83
234 1 0
225 4 398
231 2 88
229 3 153
229 4 186
230 2 240
225 8 497
225 8 524
225 8 545
229 8 279
225 8 551
235 1 0
231 3 246
231 3 269
230 3 342
231 4 306
236 1 0
238 1 0
239 1 0
231 3 366
231 4 373
238 2 104
229 1 523
229 14 523
229 15 523
231 14 480
231 15 480
230 4 534
238 3 209
238 4 261
230 19 732
230 14 735
243 1 0
230 14 777
230 15 777
244 1 0
243 2 63
230 4 817
230 3 818
244 2 42
244 3 161
244 4 216
243 3 253
236 1 667
248 1 0
243 4 324
248 2 39
249 1 0
250 1 0
250 8 35
248 3 175
249 2 98
248 4 219
244 8 529
244 8 547
244 8 567
248 8 326
254 1 0
244 8 639
244 8 688
255 1 0
254 2 90
249 3 360
259 1 0
249 4 408
259 2 52
261 1 0
255 2 177
249 8 529
249 8 536
254 3 285
263 1 0
261 2 76
265 1 0
266 1 0
265 2 46
263 2 57
254 4 372
255 3 327
266 2 61
261 3 165
259 3 327
265 3 129
255 4 377
265 4 163
263 3 162
263 4 179
259 4 386
270 1 0
255 8 456
271 1 0
265 14 217
265 15 217
274 1 0
263 8 224
263 8 232
270 2 61
255 8 517
263 8 250
263 1 273
263 30 273
263 14 273
263 15 273
259 8 462
271 2 70
255 8 547
266 3 260
244 14 1255
244 15 1255
254 30 656
254 14 656
254 15 656
259 1 546
259 30 548
259 14 549
259 15 549
266 4 353
278 1 0
254 30 725
254 14 726
254 15 726
255 8 696
265 8 466
255 30 706
255 14 710
255 15 710
281 1 0
265 8 478
278 2 84
271 3 298
281 2 34
270 3 345
284 1 0
271 4 349
255 26 808
255 27 808
255 14 812
255 15 812
287 1 0
281 3 148
271 8 437
287 2 51
270 4 487
288 1 0
281 4 216
259 1 921
287 3 162
259 2 938
281 8 298
259 8 985
293 1 0
281 19 306
281 34 306
281 14 306
281 8 316
281 19 318
281 14 318
281 8 327
294 1 0
278 3 407
259 1 1000
259 14 1004
259 15 1004
255 8 1072
281 8 340
281 19 342
281 34 342
281 14 345
281 15 345
294 2 41
278 4 456
293 2 107
287 4 291
293 2 118
293 2 127
293 2 129
255 4 1186
293 2 149
255 8 1204
294 3 138
294 4 168
287 14 382
287 15 382
278 8 595
255 8 1257
294 8 210
278 8 623
255 26 1290
255 14 1291
294 8 235
278 8 637
278 4 649
278 3 655
294 8 249
294 8 254
294 8 258
299 1 0
294 19 305
294 34 306
294 14 306
255 8 1388
255 8 1416
299 2 65
301 1 0
302 1 0
301 2 31
255 8 1516
304 1 0
304 2 13
304 2 17
304 2 18
304 2 19
304 2 19
304 2 19
299 3 208
305 1 0
306 1 0
299 4 265
305 2 53
308 1 0
305 3 130
301 3 270
309 1 0
306 8 137
306 1 145
306 19 145
306 14 146
306 14 151
306 15 151
305 4 184
308 2 33
305 1 242
305 19 242
305 14 243
301 4 353
305 26 252
305 14 253
308 3 139
309 2 148
301 8 436
308 4 198
310 1 0
308 3 241
311 1 0
312 1 0
309 3 245
308 2 312
308 2 317
311 2 53
309 4 294
309 8 343
309 19 354
309 14 357
309 15 357
309 8 373
301 14 748
301 15 748
255 8 2209
255 8 2235
313 1 0
313 2 27
255 2 2375
314 1 0
301 4 950
301 3 950
314 2 42
315 1 0
313 3 106
255 3 2428
255 4 2440
313 4 133
315 2 49
255 8 2476
313 8 181
313 14 202
313 15 202
314 3 182
314 4 219
313 8 284
255 14 2626
255 15 2626
313 14 295
313 15 295
315 3 226
313 8 350
293 3 1619
313 14 357
313 15 357
293 4 1659
315 4 305
315 4 359
315 4 372
315 3 373
321 1 0
324 1 0
321 2 180
321 2 182
321 2 199
321 2 202
321 2 218
321 2 220
327 1 0
327 2 95
329 1 0
331 1 0
329 2 106
333 1 0
329 3 216
333 2 43
333 3 114
329 4 306
333 4 145
327 3 493
329 8 394
329 1 404
329 19 404
329 34 404
329 14 413
334 1 0
333 8 217
327 4 537
333 8 247
335 1 0
336 1 0
335 1 47
336 2 70
338 1 0
336 3 226
336 4 295
336 30 377
336 14 378
336 15 378
336 30 494
336 14 496
336 15 496
340 1 0
340 2 37
342 1 0
342 2 40
340 3 260
342 3 131
344 1 0
345 1 0
342 4 188
340 4 351
347 1 0
340 19 397
340 14 399
340 15 399
347 1 8
347 8 18
345 2 99
342 8 262
342 30 288
342 14 289
342 15 289
344 2 114
344 2 121
344 3 310
345 3 366
352 1 0
352 2 35
354 1 0
344 4 485
345 4 472
356 1 0
354 2 33
345 8 542
345 8 542
352 3 118
344 4 557
344 3 557
345 8 568
345 8 579
358 1 0
352 4 147
354 3 164
352 19 199
352 14 199
354 4 193
345 8 681
352 4 279
354 4 251
354 3 253
354 30 260
354 14 261
354 15 261
354 30 271
354 14 275
354 15 275
345 8 757
345 8 836
345 8 836
362 1 0
345 8 869
363 1 0
363 2 37
363 3 45
363 4 50
363 8 76
345 8 963
363 4 93
363 8 111
363 4 120
363 3 125
364 1 0
345 8 1006
364 2 54
345 4 1046
345 8 1148
367 1 0
364 3 193
368 1 0
364 4 224
345 26 1220
345 282 1220
345 14 1221
367 2 54
364 8 269
368 2 59
364 1 273
364 19 273
364 34 273
364 14 274
345 8 1275
370 1 0
370 1 0
345 14 1381
345 15 1381
368 3 177
345 8 1408
345 26 1411
345 282 1412
345 14 1412
367 3 246
368 4 220
367 4 324
368 8 314
368 8 329
368 8 336
372 1 0
368 8 359
368 8 364
368 8 371
368 8 377
368 8 382
367 8 409
372 2 91
373 1 0
367 8 460
363 1 824
363 1 836
367 30 495
367 14 497
367 15 497
373 2 50
373 2 70
375 1 0
363 8 876
368 19 663
368 34 663
368 14 663
372 3 351
373 3 267
376 1 0
372 4 391
373 4 298
377 1 0
378 1 0
376 2 74
372 8 452
372 8 462
373 8 361
373 8 364
377 2 78
372 8 469
372 8 474
372 8 479
373 4 399
380 1 0
372 1 500
372 14 501
372 15 501
373 8 418
380 2 43
381 1 0
378 2 108
381 2 48
373 1 521
373 19 521
373 34 521
373 14 522
377 3 255
381 3 123
377 4 282
381 4 150
380 3 253
384 1 0
380 4 284
385 1 0
381 30 251
381 14 251
381 15 251
377 8 432
385 2 57
384 2 66
377 4 462
377 3 466
380 19 367
380 14 370
380 15 370
380 14 388
380 15 388
378 3 473
377 8 508
386 1 0
387 1 0
384 3 179
378 4 527
377 8 567
387 2 38
384 4 217
386 2 83
387 3 84
385 3 257
387 4 107
385 4 400
378 26 771
378 27 771
378 14 774
378 15 774
378 26 803
378 27 804
378 14 807
378 15 807
388 1 0
378 2 847
385 8 495
385 19 505
385 34 505
385 14 518
390 1 0
391 1 0
392 1 0
388 2 135
392 2 50
390 2 189
388 3 261
392 3 179
388 4 306
394 1 0
395 1 0
377 8 1189
396 1 0
394 2 31
394 2 36
392 4 217
395 2 38
388 8 359
388 8 365
388 8 370
392 1 269
392 14 272
392 15 272
390 3 353
388 8 427
396 2 95
395 3 124
388 8 451
390 4 389
394 3 151
395 4 159
398 1 0
388 8 530
398 2 39
400 1 0
398 2 45
395 8 239
388 30 579
388 14 581
388 15 581
401 1 0
396 3 300
401 2 44
400 2 86
402 1 0
403 1 0
404 1 0
396 4 358
405 1 0
401 3 143
405 2 36
407 1 0
404 2 74
408 1 0
385 26 1227
385 14 1238
403 2 68
401 4 189
377 8 1649
398 3 352
400 3 303
387 8 1188
387 30 1202
405 3 195
398 4 393
403 3 241
387 14 1205
387 15 1205
404 3 239
400 4 375
405 4 230
396 8 618
396 1 635
396 19 635
396 14 638
403 4 287
405 8 292
413 1 0
404 4 360
414 1 0
414 1 4
400 8 486
396 26 715
396 14 722
415 1 0
400 4 497
400 26 517
400 14 520
400 15 520
413 2 48
405 8 379
414 2 55
403 8 442
415 2 69
400 8 571
404 30 467
404 14 467
404 15 467
400 4 583
400 3 586
403 8 477
403 8 502
414 3 164
403 8 518
415 3 147
398 8 709
415 4 172
398 19 731
398 34 731
398 14 731
414 4 194
403 2 552
405 8 543
417 1 0
418 1 0
398 8 786
414 8 257
413 3 276
403 3 623
403 4 633
417 2 26
405 8 613
418 2 41
398 8 827
413 4 345
417 3 118
418 3 144
398 8 928
398 8 941
413 1 432
413 19 432
413 14 433
417 4 179
418 4 197
398 8 957
420 1 0
413 19 467
413 14 469
413 15 469
418 8 265
398 19 1017
398 34 1017
398 14 1029
421 1 0
418 8 273
398 8 1058
398 8 1062
417 8 279
417 8 290
418 8 304
418 8 317
418 14 321
418 15 321
398 8 1095
421 2 53
398 19 1117
398 34 1117
398 14 1118
423 1 0
421 3 143
421 4 174
425 1 0
421 8 216
414 8 753
414 8 757
421 1 261
421 30 261
421 14 262
421 15 262
414 8 779
414 8 797
427 1 0
423 2 153
414 8 814
429 1 0
427 2 72
429 2 114
423 3 307
429 2 124
423 4 340
427 3 191
432 1 0
421 30 523
421 14 524
421 15 524
427 4 253
433 1 0
421 30 566
421 14 567
421 15 567
423 8 462
423 8 466
421 30 586
421 14 589
421 15 589
427 8 344
427 8 354
432 2 140
427 8 401
427 4 405
427 8 429
427 8 436
427 8 444
435 1 0
427 8 478
433 2 183
427 19 488
427 34 488
427 14 489
432 3 263
421 30 833
421 15 834
421 14 834
432 4 329
432 8 383
421 8 915
421 30 918
421 14 919
421 15 919
433 3 370
436 1 0
432 8 430
437 1 0
437 1 0
438 1 0
433 4 427
437 2 66
421 30 1038
421 14 1039
421 15 1039
436 2 150
433 8 565
408 1 1954
438 2 126
439 1 0
440 1 0
437 3 184
440 2 28
433 1 614
433 30 615
433 14 615
433 15 615
437 4 227
421 30 1185
421 14 1186
421 15 1186
441 1 0
441 2 69
438 3 282
437 8 333
438 4 347
442 1 0
437 4 389
440 3 234
437 8 429
443 1 0
437 8 455
444 1 0
443 2 39
438 8 437
440 4 299
441 3 253
438 1 457
438 14 458
438 15 458
446 1 0
447 1 0
438 19 484
438 14 484
440 8 368
440 8 374
446 2 33
447 2 44
450 1 0
438 14 530
438 15 530
441 4 344
443 3 168
451 1 0
451 1 0
436 3 603
450 2 47
441 19 401
441 14 404
441 15 404
446 3 105
452 1 0
443 4 206
447 3 135
451 2 60
436 4 659
441 19 418
441 14 421
441 15 421
441 8 432
446 4 134
452 2 41
453 1 0
441 8 447
441 8 455
441 8 463
447 4 180
443 8 261
443 8 267
443 8 271
443 8 290
443 8 299
443 8 305
444 1 279
443 8 310
450 3 171
441 19 510
441 34 510
441 14 515
441 15 515
451 3 191
451 3 201
454 1 0
452 3 148
447 30 282
447 14 283
447 15 283
452 4 194
451 4 239
454 2 52
455 1 0
454 3 111
438 19 817
438 14 821
438 15 821
436 2 867
452 8 238
450 4 318
438 8 848
454 4 135
438 19 879
438 34 879
438 14 883
438 15 884
438 8 903
438 8 916
450 8 394
438 19 925
438 34 926
454 8 179
438 14 926
438 14 932
438 15 932
457 1 0
454 8 211
440 8 801
450 8 446
450 1 455
450 34 455
450 19 455
450 14 457
450 14 467
450 15 467
458 1 0
460 1 0
460 2 30
460 3 111
450 8 627
450 14 638
450 15 638
460 4 140
460 8 195
460 8 224
463 1 0
436 8 1350
463 2 82
436 1 1449
436 19 1449
436 34 1449
436 14 1450
466 1 0
466 1 4
463 3 195
463 4 230
436 8 1521
436 8 1550
436 19 1563
436 34 1563
436 14 1564
466 2 87
469 1 0
436 8 1630
436 8 1653
436 19 1656
436 34 1656
436 14 1657
469 2 62
471 1 0
469 3 125
471 2 58
469 4 146
466 3 290
469 30 202
469 14 203
469 15 203
469 8 221
471 3 136
471 4 181
469 8 267
466 4 461
444 2 1472
469 14 319
469 15 319
471 8 259
474 1 0
475 1 0
471 1 304
471 30 304
471 14 306
471 15 306
444 3 1573
475 2 54
474 2 54
474 2 59
469 4 437
466 19 567
466 14 571
466 15 571
476 1 0
469 3 440
469 1 453
466 1 591
444 4 1618
469 2 493
476 2 46
474 3 158
444 30 1673
444 14 1674
444 15 1674
474 4 226
475 3 189
469 3 571
476 3 146
474 282 262
475 4 227
476 4 187
469 4 618
480 1 0
475 8 293
475 8 306
481 1 0
480 2 32
484 1 0
469 8 737
485 1 0
485 1 10
486 1 0
480 3 87
480 4 107
469 8 745
469 26 769
469 14 771
469 15 771
444 8 1972
481 2 136
444 14 1998
444 15 1998
484 2 139
488 1 0
469 1 895
469 8 909
469 14 911
469 15 911
469 26 944
469 27 945
469 14 945
488 2 94
474 8 608
469 26 959
469 27 959
469 14 963
469 15 963
469 26 967
469 27 967
469 14 967
474 8 643
469 30 986
469 14 987
469 15 987
476 8 568
444 8 2170
476 1 578
485 2 326
484 3 377
491 1 0
491 1 0
491 1 0
492 1 0
493 1 0
444 8 2259
444 26 2282
444 27 2282
444 14 2285
444 15 2285
488 3 289
497 1 0
481 3 479
485 3 414
493 2 58
485 4 434
493 2 64
484 4 449
497 2 47
492 2 129
481 4 558
488 4 392
497 3 121
497 4 166
488 8 451
502 1 0
481 4 661
481 3 668
485 8 618
488 19 500
488 14 503
488 15 503
503 1 0
503 1 0
503 1 0
502 2 28
492 3 289
481 3 702
488 19 530
488 14 531
497 8 256
485 8 668
481 8 725
481 3 735
488 8 553
497 8 267
502 3 98
488 8 579
497 8 290
492 4 373
502 4 134
497 8 350
485 8 798
497 8 403
505 1 0
502 8 222
502 8 236
502 8 240
492 1 511
492 19 511
492 14 512
492 14 531
492 15 531
505 2 51
497 19 495
497 34 495
497 14 496
492 14 543
492 15 543
502 30 306
502 14 307
502 15 307
497 26 501
497 14 501
497 8 514
497 26 522
497 14 526
497 15 526
507 1 0
497 8 567
497 8 594
497 8 607
508 1 0
497 8 630
497 26 650
497 14 651
502 30 440
502 14 441
502 15 441
508 2 37
505 3 229
505 4 333
505 3 356
508 3 225
505 2 397
509 1 0
510 1 0
511 1 0
505 3 431
505 4 442
509 2 46
511 2 53
508 4 281
510 2 65
512 1 0
508 8 323
514 1 0
512 2 48
509 3 140
514 2 38
508 8 371
516 1 0
505 8 583
508 8 403
517 1 0
511 3 174
516 2 37
505 30 613
505 14 614
505 15 614
510 3 207
514 3 119
514 3 132
517 2 50
511 4 209
509 4 240
508 30 453
508 14 453
508 15 453
514 4 165
510 4 270
510 3 283
514 8 203
519 1 0
514 8 217
516 3 153
516 4 201
520 1 0
517 3 216
520 2 58
517 4 260
514 1 353
514 14 354
514 15 354
512 3 379
519 2 181
522 1 0
523 1 0
512 4 427
522 2 66
520 3 198
517 8 426
523 2 147
520 4 250
512 8 569
505 30 1076
505 14 1077
505 15 1077
519 3 403
520 8 315
527 1 0
520 8 350
519 4 471
520 8 366
528 1 0
520 8 398
523 3 322
522 3 331
520 8 433
520 8 480
528 2 111
493 3 1716
512 4 786
523 4 389
519 1 597
519 26 597
519 27 598
519 14 599
519 15 599
522 4 404
493 4 1771
522 8 491
512 8 905
522 8 505
522 8 514
522 8 519
528 3 237
531 1 0
522 8 524
533 1 0
523 1 551
523 14 553
523 15 553
528 4 308
533 2 37
528 8 378
512 30 1049
512 14 1052
512 15 1052
534 1 0
534 1 19
534 14 19
534 15 19
528 30 405
528 14 410
528 15 410
533 3 173
505 30 1629
505 15 1633
505 14 1633
533 4 199
533 8 258
533 8 267
533 8 315
533 8 323
533 8 329
535 1 0
535 2 68
537 1 0
538 1 0
539 1 0
540 1 0
541 1 0
539 2 52
541 2 35
540 2 46
541 3 89
541 4 111
540 3 130
542 1 0
543 1 0
539 3 195
540 4 169
535 3 489
543 2 66
539 4 248
535 4 537
544 1 0
545 1 0
540 8 225
540 8 276
546 1 0
540 8 304
539 14 329
539 15 329
542 2 166
542 2 170
542 2 180
540 8 317
540 1 333
540 30 333
540 14 339
540 15 339
539 19 366
539 14 370
539 15 370
547 1 0
544 2 115
548 1 0
539 8 405
547 2 55
541 8 382
539 4 409
535 8 695
539 19 424
539 14 426
539 15 426
541 30 396
541 14 396
541 15 396
548 2 50
539 8 441
549 1 0
550 1 0
535 1 754
535 30 754
539 8 475
535 14 758
535 15 758
539 19 496
539 34 496
539 14 499
539 15 499
549 2 37
550 2 40
543 3 355
547 3 201
551 1 0
547 4 237
549 3 116
552 1 0
550 3 116
550 4 154
408 1 7690
547 8 287
547 8 296
549 4 153
541 1 623
554 1 0
555 1 0
547 30 314
547 14 314
547 15 314
544 3 414
552 2 98
550 1 216
543 4 506
551 2 102
555 2 67
541 30 696
541 14 697
541 15 697
544 4 479
539 1 742
539 8 767
554 2 117
554 2 125
554 2 126
554 2 126
554 2 126
554 2 126
554 2 127
554 2 127
554 2 127
543 8 596
539 8 784
554 2 157
554 2 157
555 3 153
543 8 631
543 4 646
543 3 646
544 8 552
555 4 187
554 2 187
556 1 0
552 3 327
556 2 34
555 8 276
556 2 43
544 14 647
544 15 647
555 8 289
552 4 366
554 3 294
554 4 329
554 8 378
552 8 459
552 8 473
552 8 478
557 1 0
551 3 512
552 1 505
552 14 505
552 15 505
557 14 35
557 15 35
558 1 0
548 3 770
547 30 834
547 14 834
547 15 834
559 1 0
560 1 0
562 1 0
548 4 840
551 4 646
544 3 972
559 2 47
558 2 102
563 1 0
564 1 0
551 8 729
563 2 73
567 1 0
568 1 0
562 2 112
551 8 771
547 30 1019
567 2 43
558 3 233
547 14 1019
547 15 1019
568 2 72
569 1 0
570 1 0
558 4 299
569 2 55
567 3 130
563 3 209
570 2 71
571 1 0
559 3 314
571 2 43
558 8 387
563 4 288
558 8 413
558 8 413
558 8 413
569 3 168
563 19 315
563 14 316
567 4 241
562 3 374
559 4 375
563 26 330
563 14 331
570 3 186
573 1 0
569 4 211
560 2 419
560 2 422
562 4 414
559 8 434
571 3 157
570 4 258
567 26 355
567 27 355
567 14 356
571 4 195
569 2 276
569 3 290
569 4 293
568 3 358
567 26 366
567 27 366
567 14 369
567 15 369
567 26 380
567 27 380
567 14 381
559 8 494
559 19 499
559 34 499
559 14 501
559 8 515
569 30 309
569 14 310
569 15 310
567 26 390
567 27 390
567 14 394
567 15 394
571 4 249
571 3 250
568 4 439
560 3 611
582 1 0
568 8 505
568 8 513
568 8 525
583 1 0
560 4 655
568 8 529
562 4 672
562 3 673
568 8 562
568 8 570
568 8 574
568 8 583
568 8 587
584 1 0
582 2 86
568 8 600
568 8 618
568 8 622
568 8 625
584 2 61
585 1 0
583 2 126
586 1 0
586 2 36
569 8 654
569 8 661
582 3 248
587 1 0
583 3 245
584 3 238
582 4 286
586 3 170
583 4 336
586 4 203
584 4 318
588 1 0
583 8 416
583 14 426
583 15 426
590 1 0
591 1 0
590 2 104
590 2 108
591 2 41
590 2 116
593 1 0
591 3 103
595 1 0
591 4 123
595 2 25
596 1 0
591 8 186
591 8 196
591 1 205
591 15 205
591 14 205
595 3 84
595 4 115
596 2 53
598 1 0
599 1 0
596 3 185
599 2 69
602 1 0
603 1 0
604 1 0
596 4 247
408 1 9867
602 2 70
604 2 75
596 2 315
570 1 1447
596 3 333
605 1 0
596 4 349
599 3 242
605 2 62
599 4 293
602 3 279
603 1 274
604 3 290
602 4 334
606 1 0
604 4 386
603 2 381
603 2 397
606 2 43
602 2 433
609 1 0
604 8 458
602 3 497
610 1 0
611 1 0
606 3 147
602 4 518
612 1 0
604 8 538
611 2 46
606 4 207
604 26 585
604 27 585
603 3 578
614 1 0
612 2 43
604 14 588
606 8 272
611 3 160
611 4 185
612 3 145
606 8 306
605 3 562
603 4 675
604 8 717
604 26 733
604 14 736
611 8 234
605 4 604
616 1 0
612 4 213
611 8 286
611 8 290
611 8 291
611 8 306
611 8 306
611 8 309
603 1 813
603 30 814
603 14 814
603 15 814
611 8 331
611 8 335
617 1 0
618 1 0
616 2 80
612 8 313
605 8 729
619 1 0
605 1 746
605 30 747
617 2 34
605 14 767
605 15 767
612 8 363
612 8 386
619 2 50
619 2 58
619 2 66
612 8 399
612 8 421
617 3 115
612 8 430
620 1 0
617 4 149
621 1 0
616 3 239
619 3 164
618 2 179
619 4 192
616 4 283
620 2 77
623 1 0
617 30 226
617 14 227
617 15 227
624 1 0
625 1 0
624 2 51
620 3 208
626 1 0
618 3 407
616 30 479
616 14 479
616 15 479
618 4 445
624 3 165
620 4 295
624 4 217
628 1 0
620 8 385
620 4 393
629 1 0
618 8 548
624 19 291
624 14 293
624 14 323
624 15 323
620 8 429
631 1 0
628 2 153
631 2 30
631 2 36
605 8 1380
605 30 1394
605 14 1396
605 15 1396
631 3 132
611 26 1116
611 14 1116
634 1 0
631 4 188
628 3 347
611 4 1166
631 8 244
611 8 1186
611 8 1189
611 8 1191
611 8 1192
611 8 1204
628 4 386
634 2 71
611 8 1229
631 19 305
631 14 305
631 8 327
631 8 362
631 8 390
635 1 0
628 8 573
634 3 254
628 30 596
631 8 463
634 4 277
628 14 601
628 15 601
631 8 483
631 19 545
631 14 545
628 1 733
631 8 620
631 8 624
631 8 664
637 1 0
408 1 11996
639 1 0
641 1 0
639 2 49
641 2 80
639 3 174
644 1 0
639 4 213
644 2 71
628 1 1167
628 1 1167
641 3 271
637 8 364
641 3 294
647 1 0
639 2 348
641 4 328
644 3 179
639 3 394
639 4 397
650 1 0
650 1 0
647 2 51
644 4 217
641 8 410
641 8 413
644 8 252
641 30 428
641 14 431
641 15 431
644 8 272
644 8 282
651 1 0
647 1 191
641 30 526
641 14 527
654 1 0
641 15 527
644 19 371
644 34 371
651 2 71
651 2 93
644 14 376
644 15 376
647 2 236
654 2 49
641 30 591
641 14 592
641 15 592
651 2 151
655 1 0
656 1 0
657 1 0
654 3 124
654 4 146
656 2 61
657 2 73
644 8 546
651 3 247
654 8 215
651 4 294
654 8 242
660 1 0
651 1 380
651 14 381
651 15 381
661 1 0
662 1 0
657 3 310
661 2 67
661 2 75
657 4 386
651 8 565
651 8 575
651 8 580
651 8 598
651 8 603
657 8 467
657 14 505
657 15 505
661 3 266
665 1 0
666 1 0
666 2 39
661 4 318
667 1 0
666 3 130
628 1 2234
668 1 0
666 4 154
665 2 196
628 26 2270
628 27 2271
628 14 2272
667 2 58
628 1 2304
668 2 47
666 4 236
666 3 237
671 1 0
667 3 194
668 3 185
671 2 71
667 4 246
667 3 249
667 4 254
668 4 231
674 1 0
676 1 0
676 2 46
665 3 506
674 2 95
668 8 354
671 3 241
667 8 398
671 4 303
676 3 156
665 4 626
671 8 363
676 4 218
671 8 377
671 4 384
671 3 384
679 1 0
665 8 762
665 8 763
681 1 0
674 3 353
679 2 58
674 4 418
682 1 0
679 3 184
683 1 0
679 4 225
682 2 81
674 14 545
674 15 545
684 1 0
679 8 291
683 2 72
679 8 299
679 8 303
679 8 311
684 2 86
674 1 635
679 8 350
674 8 652
679 8 383
679 4 385
684 3 157
684 4 200
682 3 315
683 3 303
683 4 330
682 4 370
674 14 823
674 15 823
683 8 403
683 30 409
683 14 413
683 15 413
682 8 472
682 19 482
682 14 483
687 1 0
682 14 536
682 15 536
408 1 14647
687 2 74
408 1 14738
688 1 0
687 3 189
682 8 715
689 1 0
690 1 0
690 1 11
682 19 718
682 34 719
682 14 719
682 14 726
682 15 726
687 4 258
689 2 60
688 2 113
687 8 352
682 26 851
682 14 853
687 8 363
687 8 366
692 1 0
692 8 7
693 1 0
688 3 267
689 3 258
692 8 47
692 8 52
683 1 944
694 1 0
692 14 111
692 15 111
683 2 1003
689 4 350
696 1 0
694 2 79
696 2 50
689 4 424
694 3 186
694 4 216
700 1 0
696 3 234
700 2 48
702 1 0
702 1 7
702 14 8
702 15 8
700 2 55
696 4 321
703 1 0
704 1 0
703 2 28
703 3 61
703 4 74
704 2 61
703 8 102
700 3 182
696 8 413
696 1 421
696 14 422
696 15 422
703 8 113
700 4 227
706 1 0
696 8 461
696 8 465
688 4 845
696 8 497
707 1 0
706 2 60
696 8 505
704 3 179
708 1 0
709 1 0
704 4 252
711 1 0
688 8 984
712 1 0
704 14 316
704 15 316
712 8 5
712 30 14
712 14 14
712 15 14
711 2 74
688 8 1054
706 3 241
712 30 52
712 14 52
712 15 52
704 1 423
706 4 326
704 2 450
704 3 491
704 4 498
704 14 513
704 15 513
706 8 408
713 1 0
714 1 0
711 3 321
715 1 0
711 4 384
713 2 91
719 1 0
714 2 126
711 8 494
711 4 514
719 2 101
711 8 548
706 1 723
711 8 570
714 3 271
714 4 308
721 1 0
719 3 245
713 3 356
714 8 369
719 4 283
647 1 4097
713 4 383
714 19 379
714 14 380
647 2 4132
714 8 418
714 8 462
725 1 0
714 19 475
714 34 475
714 14 480
714 15 480
725 2 51
714 8 500
714 8 510
726 1 0
714 8 528
719 8 420
725 2 53
713 8 528
727 1 0
728 1 0
713 8 587
725 3 132
729 1 0
728 2 49
725 4 165
729 19 25
729 14 25
729 19 34
729 14 35
730 1 0
726 2 144
727 2 160
725 30 254
725 14 256
725 15 256
730 2 49
732 1 0
728 3 223
730 3 147
730 4 167
728 4 290
727 3 289
733 1 0
728 8 337
733 2 64
727 4 386
728 8 402
727 8 476
727 8 488
727 8 500
727 8 506
727 8 513
734 1 0
735 1 0
736 1 0
728 14 554
728 15 554
726 3 594
733 3 276
737 1 0
734 2 67
726 4 631
733 4 310
712 1 1460
739 1 0
647 1 4904
739 1 13
739 30 13
739 14 14
739 15 14
737 2 72
726 8 701
733 8 400
740 1 0
712 2 1534
733 8 426
741 1 0
742 1 0
733 14 446
733 15 446
625 2 6406
712 3 1623
737 3 220
742 2 64
743 1 0
744 1 0
726 8 878
733 1 533
744 14 18
744 15 18
734 3 340
733 30 583
733 14 583
733 15 583
734 4 378
733 1 600
625 2 6557
737 4 328
733 8 626
733 14 640
733 15 640
734 8 441
625 3 6592
712 4 1797
625 4 6636
746 1 0
734 8 478
746 30 24
746 14 25
746 15 25
734 19 510
734 34 510
734 14 512
734 15 512
733 1 746
734 8 538
734 19 542
734 34 542
734 14 544
734 15 544
748 1 0
625 8 6719
733 30 782
733 14 786
733 15 786
712 3 1923
712 8 1957
712 19 1963
712 34 1963
712 14 1965
712 15 1965
712 26 1975
712 14 1976
712 15 1976
750 1 0
752 1 0
750 2 63
752 2 62
752 2 67
752 2 73
711 14 2215
711 15 2215
750 3 204
753 1 0
752 3 158
750 4 242
752 4 212
753 2 67
753 2 99
750 8 347
753 2 141
750 8 368
750 30 376
750 14 376
750 15 376
758 1 0
750 8 397
737 8 978
625 8 7193
625 8 7210
750 8 448
737 14 996
737 15 996
762 1 0
763 1 0
762 2 52
763 2 48
764 1 0
765 1 0
764 2 53
763 3 152
762 3 174
765 2 69
763 4 205
766 1 0
762 4 228
762 8 282
765 3 206
767 1 0
764 3 291
765 4 265
763 8 420
764 4 370
764 30 483
764 14 483
764 15 483
772 1 0
773 1 0
774 1 0
775 1 0
772 2 65
774 2 46
728 1 2378
775 2 39
728 8 2396
773 2 95
728 14 2401
728 15 2401
777 1 0
778 1 0
772 3 192
774 3 172
774 4 204
775 3 179
779 1 0
766 1 637
781 1 0
775 4 232
781 2 30
772 4 313
773 3 297
773 4 349
775 8 301
779 2 146
774 8 350
781 3 103
781 4 129
779 3 241
783 1 0
779 4 278
784 1 0
785 1 0
783 2 80
773 8 603
774 8 600
785 2 51
773 8 651
783 3 152
787 1 0
773 8 683
788 1 0
787 2 54
774 8 665
789 1 0
785 3 145
785 4 166
785 8 226
785 4 261
788 2 167
787 3 198
788 2 187
788 2 196
788 2 199
788 2 199
788 2 199
787 4 226
791 1 0
788 2 207
788 2 216
791 2 35
787 8 281
788 2 273
788 2 290
788 2 320
788 2 332
788 2 380
795 1 0
796 1 0
788 3 489
795 2 74
788 4 527
797 1 0
787 30 576
787 14 578
787 15 578
797 2 54
727 1 3616
788 8 610
795 2 230
797 3 203
800 1 0
801 1 0
800 2 57
797 4 288
801 2 53
803 1 0
797 2 351
800 3 168
804 1 0
803 2 57
805 1 0
800 4 216
804 2 49
801 3 189
800 8 260
797 2 468
805 2 55
801 4 218
801 8 259
797 3 537
797 4 543
801 8 275
804 3 163
797 8 577
801 8 316
804 4 207
797 8 605
804 8 326
807 1 0
805 3 378
809 1 0
805 4 407
812 1 0
814 1 0
809 2 119
807 2 196
805 8 563
807 3 283
807 4 371
819 1 0
807 8 419
807 14 454
807 15 454
820 1 0
821 1 0
822 1 0
820 2 94
809 3 526
821 2 32
823 1 0
822 2 49
809 4 568
824 1 0
824 2 37
824 2 41
824 2 49
822 3 162
809 8 656
823 2 122
822 4 210
809 8 732
824 3 161
820 3 323
819 2 389
809 4 788
809 3 790
821 3 278
828 1 0
821 4 332
820 4 408
809 1 851
819 3 544
819 4 612
823 3 433
820 1 599
820 14 599
820 15 599
823 4 456
819 8 698
819 19 706
819 34 706
819 14 707
819 8 725
777 1 2989
777 1 3003
830 1 0
777 8 3012
777 8 3014
777 8 3022
777 8 3024
777 8 3027
830 2 33
832 1 0
777 8 3075
777 8 3079
777 8 3085
777 8 3095
830 3 94
830 4 117
833 1 0
834 1 0
832 2 81
835 1 0
835 1 18
836 1 0
835 19 37
835 14 44
837 1 0
833 2 39
777 8 3234
777 14 3241
777 15 3241
835 19 98
835 14 99
835 19 108
835 14 108
833 3 100
833 4 120
834 2 135
832 3 205
835 8 118
837 2 78
833 3 153
833 4 156
839 1 0
832 4 258
832 8 297
832 8 343
837 3 288
837 4 333
834 3 434
837 8 396
834 4 468
835 1 478
835 8 499
837 4 441
837 3 441
835 19 514
835 34 514
835 14 524
841 1 0
841 2 70
842 1 0
842 2 61
842 2 63
842 2 78
846 1 0
841 3 201
841 4 265
842 3 196
847 1 0
842 4 246
841 8 343
848 1 0
841 8 403
841 8 443
852 1 0
841 8 513
852 2 71
852 2 72
841 8 562
853 1 0
854 1 0
854 2 61
854 3 258
854 4 341
854 8 552
858 1 0
859 1 0
854 8 800
841 30 1602
841 14 1602
841 15 1602
854 1 823
854 14 825
854 15 825
858 1 102
859 2 120
860 1 0
861 1 0
860 2 48
861 2 52
863 1 0
859 3 327
864 1 0
863 2 42
865 1 0
859 4 394
860 3 215
863 3 105
863 4 127
860 4 280
863 8 166
865 2 75
863 8 196
865 3 157
860 8 364
861 3 329
863 2 258
860 30 399
860 14 400
860 15 400
861 4 377
863 8 273
863 8 281
863 1 291
863 19 291
863 14 292
865 4 207
863 19 306
863 14 306
863 8 316
863 8 321
863 15 327
863 14 327
865 8 297
865 1 311
865 30 312
870 1 0
865 14 312
865 15 312
871 1 0
861 8 546
861 8 553
870 2 94
861 8 581
861 8 598
873 1 0
865 26 434
865 27 434
865 14 435
865 15 435
861 8 634
861 8 647
875 1 0
861 8 666
861 8 678
873 2 66
875 2 56
870 2 202
877 1 0
875 3 168
877 2 44
879 1 0
861 8 843
875 4 216
873 3 271
880 1 0
879 2 71
870 3 418
877 3 133
880 2 45
870 4 444
877 4 161
861 8 996
873 4 393
881 1 0
880 3 194
882 1 0
879 3 236
879 4 278
883 1 0
881 2 45
886 1 0
883 2 67
880 4 322
887 1 0
879 19 359
879 14 361
879 15 361
886 8 24
886 8 28
886 8 40
886 8 45
887 2 59
886 19 67
886 34 68
886 14 68
880 8 386
880 4 399
880 1 406
880 19 406
880 14 409
880 15 409
880 8 420
880 8 428
880 8 434
880 8 442
883 3 217
881 3 257
880 19 458
880 34 458
880 14 458
880 8 465
883 4 252
881 4 276
883 19 290
883 14 291
883 8 306
881 8 363
883 8 336
888 1 0
881 14 391
881 15 391
888 2 81
881 8 505
881 14 512
881 15 512
883 8 581
883 4 599
891 1 0
892 1 0
892 2 64
888 3 386
888 4 454
895 1 0
891 2 154
888 8 561
886 1 826
888 8 589
892 3 274
886 8 855
886 8 864
891 3 275
888 8 623
888 8 639
891 4 329
898 1 0
892 4 371
899 1 0
899 2 35
898 2 71
898 2 80
891 30 436
891 14 436
891 15 437
899 3 131
899 4 179
898 3 184
901 1 0
899 19 215
899 14 216
898 4 220
901 2 49
899 19 237
899 14 237
899 19 250
899 14 251
899 4 261
898 8 300
902 1 0
901 3 136
901 4 179
891 8 726
898 8 480
903 1 0
891 19 947
891 34 947
891 14 948
905 1 0
907 1 0
907 2 60
909 1 0
907 3 208
907 4 263
911 1 0
913 1 0
887 1 2328
887 2 2376
887 2 2379
914 1 0
913 2 197
907 8 695
914 2 130
887 3 2540
907 4 763
914 3 279
887 4 2673
914 4 361
887 8 2808
887 19 2833
887 14 2849
887 19 2866
887 14 2880
914 8 501
913 3 752
913 4 874
919 1 0
920 1 0
913 3 945
921 1 0
919 2 51
921 2 30
920 2 124
921 3 173
921 4 203
924 1 0
924 8 11
924 8 25
924 1 31
924 14 34
924 15 34
925 1 0
919 3 282
920 3 317
925 2 56
921 30 308
921 14 309
921 15 309
920 4 359
927 1 0
927 30 1
919 4 365
921 8 334
927 1 8
928 1 0
921 8 391
921 30 403
921 14 407
921 15 407
928 2 59
919 14 526
919 15 526
920 8 529
925 3 244
920 8 571
925 4 318
929 1 0
929 2 41
920 1 645
920 30 646
920 14 646
920 15 646
930 1 0
928 3 306
925 8 445
919 4 738
919 3 742
925 8 471
925 19 479
925 14 481
925 15 481
930 2 61
929 3 191
928 4 439
929 4 280
929 1 369
930 3 270
920 8 997
928 1 576
928 19 576
928 14 578
928 15 578
928 14 589
928 15 589
929 8 427
929 8 441
930 4 330
929 8 454
929 8 460
929 8 464
929 19 475
929 34 475
929 14 485
932 1 0
930 19 414
930 14 415
933 1 0
934 1 0
930 19 453
930 14 454
930 19 475
930 14 475
932 2 64
935 1 0
939 1 0
940 1 0
941 1 0
940 2 172
942 1 0
940 2 218
940 3 295
944 1 0
944 1 1
940 4 322
940 1 360
944 2 57
940 30 387
940 14 391
940 15 391
880 1 6196
880 8 6219
880 1 6225
880 19 6226
880 34 6226
880 14 6228
880 15 6228
944 3 426
944 4 558
944 8 631
947 1 0
947 1 0
948 1 0
944 8 749
949 1 0
949 2 33
944 8 821
949 3 109
948 2 182
949 4 142
944 8 889
951 1 0
952 1 0
952 1 15
949 8 203
952 2 68
952 2 75
952 2 82
948 3 394
948 4 422
952 3 204
952 4 326
952 3 351
956 1 0
957 1 0
956 2 154
957 2 186
956 3 417
960 1 0
960 1 2
960 1 3
960 1 4
952 1 1041
952 2 1062
960 2 115
952 3 1103
963 1 0
956 4 587
952 4 1109
956 8 684
956 26 706
956 14 707
952 1 1229
952 14 1231
952 15 1231
960 3 311
956 26 733
956 27 733
956 14 734
956 15 734
956 8 756
956 8 764
960 4 369
956 8 800
956 8 800
956 8 806
956 4 826
957 3 681
960 8 450
960 8 458
960 8 461
956 8 888
952 8 1426
960 8 486
956 8 927
965 1 0
957 4 805
960 8 563
966 1 0
966 2 63
966 3 172
966 4 225
966 8 286
966 14 297
966 15 297
968 1 0
969 1 0
970 1 0
969 2 54
970 2 77
969 3 214
974 1 0
969 4 258
974 2 35
970 3 273
974 3 135
974 4 164
974 8 190
970 4 376
974 30 229
974 14 230
974 15 230
976 1 0
977 1 0
978 1 0
976 2 72
978 2 43
977 2 42
974 30 364
974 14 366
974 15 366
977 3 149
976 3 205
977 4 169
978 3 193
976 4 263
977 8 224
977 8 230
977 8 248
977 8 254
977 14 265
977 15 265
978 4 293
978 19 375
978 14 375
978 14 388
978 15 388
980 1 0
980 2 110
980 3 266
980 4 340
982 1 0
984 1 0
985 1 0
986 1 0
986 2 48
986 2 58
985 2 74
988 1 0
988 2 79
985 3 196
985 4 231
985 8 318
985 4 351
986 3 646
986 4 693
986 8 769
986 4 817
986 3 820
986 3 831
986 4 834
986 4 849
986 3 850
986 3 858
986 4 860
993 1 0
994 1 0
986 8 883
994 2 48
995 1 0
994 3 123
995 2 57
994 4 146
986 1 1031
986 19 1031
986 34 1031
986 14 1031
986 14 1049
986 15 1049
994 8 228
994 8 240
994 8 253
995 3 169
994 8 257
994 8 265
994 8 269
994 8 271
994 14 280
994 15 280
995 4 242
995 8 314
995 8 369
995 8 394
996 1 0
997 1 0
996 2 64
996 2 74
996 2 74
996 2 84
