24 26 131
24 4 257
24 29 308
24 29 325
24 29 338
41 4 291
48 4 271
53 4 227
59 4 164
62 4 217
70 4 367
73 4 451
88 4 861
94 4 211
96 4 158
102 4 242
103 4 358
105 4 304
114 4 159
115 4 393
125 26 14
123 4 318
133 4 194
133 29 240
150 4 228
159 4 184
144 4 1164
160 4 221
159 29 285
170 4 133
166 4 450
170 136 303
170 136 326
144 29 1885
170 136 433
177 4 226
174 4 388
173 4 533
182 4 207
166 4 917
182 29 310
182 29 314
178 4 497
173 4 718
185 29 167
178 29 821
178 29 860
178 29 932
184 4 732
189 4 328
194 4 181
189 26 437
194 29 277
203 4 588
178 4 2289
178 4 2320
178 29 2397
217 4 145
215 4 279
219 4 153
225 4 398
242 4 816
249 4 408
242 4 1155
262 4 214
263 4 179
258 4 479
264 4 253
266 4 353
264 4 479
272 4 282
258 29 735
271 4 349
283 4 185
294 4 168
306 136 145
308 4 198
307 4 485
307 29 777
307 29 807
313 4 133
293 4 1659
329 4 306
327 4 537
337 4 223
339 4 251
351 29 25
349 4 232
341 4 884
355 4 204
366 4 202
373 4 298
373 4 399
377 4 282
377 4 462
384 4 217
385 4 400
390 4 389
395 4 159
385 26 1227
405 4 230
412 4 214
406 4 456
412 4 277
412 4 307
406 4 540
405 29 649
413 4 345
417 4 179
418 4 197
418 29 316
428 29 41
434 4 201
432 4 329
437 4 227
437 4 389
428 4 1179
441 4 344
428 4 1228
456 4 191
460 4 140
459 4 295
463 4 230
465 4 301
469 4 146
472 4 170
469 4 437
473 29 146
444 4 1618
473 29 308
469 4 618
469 26 769
470 4 869
469 26 944
469 26 959
469 26 967
444 29 2257
444 26 2282
485 4 434
481 4 558
488 4 392
497 4 166
481 4 661
488 136 500
488 136 531
498 4 255
502 4 134
497 26 501
497 26 522
497 26 650
509 4 240
516 4 201
517 4 260
512 4 427
524 4 304
512 4 786
526 4 436
530 4 239
529 4 708
526 4 1040
541 4 111
529 4 1200
529 136 1223
541 29 391
529 136 1285
529 136 1303
529 136 1340
529 136 1362
529 136 1391
549 4 153
543 4 506
543 29 642
543 4 646
555 4 187
551 4 646
563 4 288
563 26 330
530 4 2456
583 4 336
584 4 318
591 4 123
595 4 115
589 4 331
596 4 247
594 4 370
596 4 349
599 4 293
602 4 334
604 4 386
602 4 518
606 4 207
604 26 585
606 29 303
603 4 675
604 26 733
613 4 219
617 4 149
620 4 295
624 4 217
620 4 393
634 4 277
639 4 213
639 4 397
638 4 486
638 26 648
649 4 241
649 29 314
649 29 316
658 4 326
658 4 503
663 26 197
667 4 246
667 4 254
673 4 137
670 4 388
672 4 399
670 29 475
674 4 418
686 4 235
680 4 724
695 4 175
695 29 305
697 4 228
703 4 74
710 4 256
711 4 384
711 4 514
719 4 283
720 4 270
720 29 358
729 136 25
729 136 34
722 4 307
730 4 167
727 4 386
737 4 328
752 4 212
749 4 411
757 4 202
749 4 638
761 29 36
761 29 48
757 136 550
770 4 320
775 4 232
773 4 349
781 4 129
776 4 396
785 4 166
785 29 249
785 4 261
792 4 470
811 4 387
822 4 210
820 4 408
819 4 612
834 4 468
838 4 583
841 4 265
845 4 194
844 4 391
857 4 209
857 29 379
857 29 387
859 4 394
863 4 127
863 29 194
857 29 836
862 4 258
861 4 377
844 29 2063
867 4 195
861 29 551
861 29 579
861 29 591
861 29 992
880 4 322
880 4 399
880 29 431
881 4 276
884 4 221
844 29 3256
894 29 34
900 4 300
904 4 328
887 4 2673
887 136 2834
887 136 2866
915 4 409
918 4 299
921 4 203
920 4 359
926 4 125
923 4 502
938 4 154
952 4 326
955 4 242
956 4 587
952 4 1109
956 26 706
956 26 733
956 29 763
956 29 801
956 4 826
956 29 892
957 4 805
974 4 164
967 4 752
989 4 122
