0 5 262
0 6 270
0 7 270
0 8 307
0 8 320
0 8 325
10 5 410
10 6 414
10 7 415
10 13 428
10 14 429
10 15 429
10 5 669
10 6 674
10 7 674
16 5 213
16 6 222
16 7 222
16 14 242
16 6 249
16 7 249
17 5 448
17 6 455
17 7 455
17 14 497
17 15 507
17 14 507
20 5 400
20 6 403
20 7 403
24 5 6
24 6 11
24 7 11
24 8 79
24 26 131
24 28 131
24 28 131
24 5 267
24 6 273
24 7 273
24 8 302
24 29 308
24 8 322
24 29 325
24 8 331
24 29 338
24 13 344
24 30 344
24 14 345
24 15 345
33 5 354
33 6 358
33 7 358
33 8 392
33 34 406
33 14 409
33 15 409
33 6 418
33 7 418
33 8 443
33 13 449
33 14 450
33 15 450
35 5 304
35 6 307
35 7 307
35 8 327
35 8 364
36 5 307
36 6 316
36 7 316
36 8 323
35 34 383
35 14 385
35 15 385
36 29 340
36 5 356
36 6 365
36 7 365
36 5 389
33 5 1297
33 6 1302
33 7 1302
38 5 441
38 6 448
38 7 448
38 13 510
38 30 510
38 14 511
38 15 511
38 6 946
38 7 946
38 13 969
38 30 969
38 14 969
38 15 969
42 5 301
42 6 305
42 7 305
42 14 325
42 15 325
42 6 341
42 7 341
45 5 187
45 6 192
45 7 192
45 13 202
45 14 202
45 15 203
47 5 222
47 7 238
47 6 238
50 5 230
50 6 232
56 5 589
56 6 605
56 7 605
56 13 629
56 14 631
56 15 631
59 5 237
59 6 253
59 7 253
59 8 284
59 8 291
59 8 296
59 8 299
59 8 309
59 34 322
59 14 323
59 6 330
59 7 330
59 8 335
64 5 196
64 6 199
64 7 199
64 8 203
64 8 209
64 8 218
64 8 231
64 8 241
64 8 252
64 8 261
64 13 280
64 14 284
64 15 284
63 5 956
63 6 959
65 5 16
65 6 21
65 7 22
65 13 41
65 14 42
65 15 42
66 5 327
66 6 331
66 7 331
66 8 353
66 13 373
66 30 373
66 14 374
66 15 374
70 5 384
70 6 388
70 7 388
71 5 247
71 6 252
71 7 252
70 8 1123
70 34 1136
70 14 1136
70 6 1144
70 7 1144
70 8 1165
70 34 1169
70 14 1172
74 5 263
74 6 270
74 7 270
70 6 1280
70 7 1281
77 5 8
77 6 11
77 7 11
81 5 182
81 6 190
81 7 190
81 8 199
81 8 210
79 5 395
79 6 408
79 7 408
77 8 799
77 13 805
77 14 806
77 15 806
79 8 532
79 8 548
79 8 560
79 8 566
79 8 586
79 8 608
79 29 624
79 8 630
79 29 635
79 8 637
79 29 650
79 8 653
79 29 655
79 8 657
79 8 700
79 34 745
79 14 747
79 15 747
79 6 760
79 7 760
79 8 767
79 29 774
79 8 790
79 29 812
79 8 815
79 8 824
79 29 857
79 29 860
79 8 879
79 29 884
87 5 5
87 6 8
87 7 9
87 14 14
87 14 18
87 15 18
86 5 208
86 6 212
86 7 212
86 8 227
86 8 250
86 8 330
86 8 375
77 5 3026
77 6 3030
77 7 3031
89 5 306
89 6 312
89 7 313
89 13 365
89 14 366
89 15 366
91 5 410
91 6 415
91 7 415
91 8 436
91 8 461
93 5 135
93 6 142
93 7 142
91 8 468
91 8 477
91 8 488
91 8 493
93 8 161
91 8 506
91 8 519
91 29 548
91 29 553
91 29 555
91 14 565
91 6 578
91 7 578
94 5 232
94 6 246
94 7 246
96 5 189
96 6 192
96 7 192
96 8 211
96 13 227
96 14 229
96 15 229
102 5 335
102 6 337
102 7 337
102 8 347
103 5 412
103 6 414
106 5 255
106 6 265
106 7 265
106 13 293
106 30 293
106 14 294
106 15 294
105 5 358
105 6 367
105 7 367
105 14 428
105 6 440
105 7 440
106 7 448
106 6 448
106 13 457
106 30 457
106 14 458
106 15 458
100 5 1116
100 6 1133
100 7 1133
100 8 1141
100 14 1203
100 15 1203
110 5 160
110 6 164
110 7 164
100 6 1216
100 7 1216
100 14 1225
100 14 1235
100 15 1235
110 13 172
110 30 172
110 14 173
110 15 173
100 5 1362
100 6 1372
100 7 1372
113 5 6
113 6 10
113 7 10
113 8 16
113 8 23
113 8 27
100 14 1402
100 15 1402
113 8 41
114 5 204
114 6 208
114 7 208
114 13 228
114 30 228
114 14 230
114 15 230
111 5 706
111 6 714
111 7 714
111 8 729
112 5 749
111 5 769
111 6 777
111 7 778
111 8 781
112 6 758
112 7 758
111 8 802
112 8 787
112 8 807
112 13 822
112 14 823
112 15 823
118 5 202
118 6 210
118 7 210
118 8 234
112 5 1125
112 6 1132
112 7 1132
112 8 1134
112 29 1139
112 14 1141
118 13 260
118 30 260
118 14 260
118 15 260
112 6 1162
112 7 1162
118 6 372
118 7 372
118 13 374
118 30 375
118 14 375
118 15 375
120 5 363
120 6 376
120 7 377
120 26 389
120 14 391
120 6 414
120 7 415
120 8 418
120 13 488
120 30 488
120 14 489
120 15 489
121 5 475
121 6 484
121 7 484
124 5 454
124 6 460
124 7 460
124 8 471
124 34 478
124 14 479
124 6 483
124 7 483
124 8 490
124 34 493
124 14 493
124 6 496
124 7 496
124 8 500
124 34 502
124 14 503
124 6 507
124 7 507
126 5 339
126 6 341
124 8 529
124 34 531
124 15 534
124 14 534
124 6 539
124 7 539
124 8 552
124 34 555
124 14 556
124 6 559
124 7 559
124 8 565
124 34 566
132 5 2
132 8 5
132 6 5
132 7 5
124 14 570
124 15 570
124 6 571
124 7 572
131 5 288
133 5 227
133 6 231
133 7 231
133 8 238
133 29 240
131 6 295
131 7 295
131 8 313
131 13 358
131 30 358
131 14 359
131 15 359
131 6 418
131 7 418
131 13 422
131 30 422
131 14 425
131 15 425
141 5 346
141 6 362
141 7 362
141 8 380
141 8 394
141 8 413
141 8 424
141 8 441
141 34 449
141 14 449
146 5 199
146 6 224
146 7 225
146 14 284
146 6 318
146 7 324
146 8 336
146 8 354
146 8 400
146 8 401
146 8 402
146 8 402
146 34 403
146 14 413
146 6 417
146 7 417
146 8 422
146 8 427
146 8 437
146 8 442
156 5 220
156 7 228
156 6 228
158 5 204
158 6 208
158 7 208
152 5 424
152 6 427
152 7 427
152 8 465
158 14 259
158 15 259
158 6 273
158 7 274
158 8 277
144 5 1204
144 6 1211
144 7 1212
152 8 467
158 34 297
158 14 300
158 15 300
158 6 302
158 7 302
158 8 308
144 8 1244
158 13 322
158 14 323
158 15 323
152 8 578
168 5 14
152 26 646
152 14 647
168 6 23
168 7 24
168 26 33
168 14 34
144 8 1489
166 5 515
166 6 528
166 7 528
166 13 539
166 14 540
166 15 540
165 5 611
165 6 620
165 7 620
144 29 1885
144 8 1887
144 13 1891
144 30 1892
144 14 1892
144 15 1892
165 8 699
165 8 700
176 5 223
176 6 224
176 7 225
175 5 216
175 6 222
175 7 222
177 5 257
177 6 270
177 7 271
165 5 898
144 6 2115
144 7 2115
176 8 362
177 13 368
177 30 368
177 14 369
177 15 369
165 6 920
165 7 920
165 8 949
165 34 949
165 14 950
165 6 955
165 7 955
165 8 959
166 6 917
166 7 917
165 8 963
165 8 969
181 5 305
185 5 1
185 6 18
185 7 18
185 14 23
181 6 320
181 7 320
185 6 30
185 7 30
185 8 31
185 34 40
185 14 41
185 6 42
185 7 42
185 8 46
185 8 59
185 14 65
185 6 69
185 7 69
185 8 72
185 8 75
185 8 78
185 8 80
185 8 85
185 34 89
185 14 95
185 15 95
185 6 96
185 7 96
185 8 99
185 5 131
185 6 146
185 7 146
185 8 150
185 8 156
185 8 160
185 8 162
185 29 167
178 5 632
185 14 184
178 6 648
178 7 648
178 8 766
178 29 821
178 8 828
178 29 860
178 8 873
178 29 932
178 8 966
184 5 768
184 6 784
184 7 784
184 13 790
184 14 791
184 15 791
189 5 364
189 6 380
189 7 380
189 8 387
189 26 437
189 14 440
193 5 276
193 6 288
193 7 288
190 5 428
190 6 444
190 7 444
193 8 310
193 26 315
193 14 319
193 15 319
196 5 289
196 6 291
196 7 292
204 5 10
204 6 18
204 7 19
196 8 328
196 34 338
196 14 340
200 5 184
200 6 199
200 7 199
204 13 26
204 15 33
204 14 33
196 6 359
196 7 359
200 8 213
200 29 217
200 8 229
200 8 235
200 13 257
200 30 257
200 14 258
200 15 258
197 5 466
197 6 483
197 7 483
197 8 552
200 6 470
200 7 470
208 5 6
208 6 22
208 7 22
200 13 474
200 30 474
200 14 474
200 15 474
197 8 690
213 5 7
213 6 23
213 7 23
213 8 47
213 8 83
213 8 101
210 5 429
210 6 444
210 7 444
210 8 475
178 5 2342
178 6 2346
178 7 2346
213 29 197
213 29 200
210 8 496
178 8 2361
213 29 203
213 8 217
210 30 526
210 13 526
210 14 533
210 15 533
178 29 2397
178 13 2402
178 14 2409
178 15 2409
210 6 553
210 7 553
216 5 209
216 6 223
216 7 223
219 5 178
219 6 184
219 7 184
219 8 202
219 13 206
219 14 207
219 15 207
232 5 20
232 8 30
232 6 31
232 7 31
225 5 433
225 6 439
225 7 439
225 8 497
229 5 259
229 6 263
229 7 263
225 8 524
225 8 545
229 8 279
225 8 551
235 5 2
231 5 422
231 6 427
231 7 427
229 13 523
229 14 523
229 15 523
231 13 479
231 14 480
231 15 480
237 5 205
237 6 209
237 7 210
237 8 231
230 5 687
230 6 695
230 7 695
240 5 237
240 6 242
240 7 242
240 8 255
240 13 261
240 14 261
240 15 261
230 14 735
230 6 742
230 7 743
240 6 281
240 7 281
240 13 289
240 30 289
240 14 290
240 15 290
230 13 770
230 14 777
230 15 777
230 6 815
230 7 815
240 6 369
240 7 369
240 8 372
132 26 6595
132 14 6596
244 5 321
244 6 327
244 7 328
243 5 360
243 6 365
243 7 367
250 5 3
250 6 20
250 7 20
250 8 35
247 5 153
247 6 156
247 7 156
246 5 307
246 6 317
246 7 317
244 8 529
244 8 547
248 5 255
248 6 260
248 7 260
244 8 567
248 8 326
244 29 638
244 8 639
244 29 687
244 8 688
252 5 287
252 6 297
252 7 297
242 5 907
242 6 914
242 7 914
249 5 496
249 6 499
249 7 499
249 8 529
249 8 536
242 8 1140
242 5 1162
242 6 1171
242 7 1171
242 8 1189
253 5 575
253 7 580
253 6 580
265 5 197
265 6 202
265 7 202
255 5 443
255 6 447
255 7 447
255 8 456
256 5 470
263 5 206
263 6 210
263 7 210
265 13 216
265 14 217
265 15 217
256 6 475
256 7 475
263 8 224
263 8 232
259 5 442
259 6 455
259 7 455
255 8 517
263 8 250
263 13 273
263 30 273
263 14 273
263 15 273
262 5 347
260 5 382
260 6 390
260 7 390
259 8 462
255 8 547
244 13 1253
244 14 1255
244 15 1255
262 6 363
262 7 363
264 5 299
264 6 302
264 7 302
264 13 313
264 30 313
264 14 316
264 15 316
260 8 456
256 8 613
260 8 471
260 8 482
259 13 547
259 30 548
259 14 549
259 15 549
256 8 641
260 34 498
260 14 499
260 26 516
260 14 517
266 5 387
266 6 391
266 7 391
256 26 655
256 14 655
255 29 693
255 8 696
256 6 688
256 7 688
256 8 695
256 26 706
256 14 710
265 6 445
265 7 446
265 8 466
255 30 706
255 13 706
255 14 710
255 15 710
264 6 475
264 7 475
265 8 478
256 6 746
256 7 746
256 26 754
256 282 755
256 14 755
256 6 758
256 7 758
256 8 779
256 26 789
256 14 791
256 6 797
256 7 797
255 6 801
255 7 801
255 26 808
255 14 812
255 15 812
272 5 357
256 8 810
271 5 379
271 6 394
271 7 394
272 6 373
272 7 374
272 8 382
272 8 393
256 8 850
264 5 591
264 6 603
264 7 603
275 5 369
275 6 380
275 7 380
272 8 401
272 8 405
264 13 615
264 30 615
264 14 617
264 15 617
275 8 401
271 8 437
272 8 439
275 8 450
275 8 465
280 5 272
280 6 282
280 7 282
259 5 964
283 5 234
255 7 1034
255 6 1034
259 6 971
259 7 971
259 8 985
283 6 250
283 7 250
285 5 280
259 13 1002
259 14 1004
259 15 1004
255 8 1072
285 6 282
285 7 282
285 14 314
285 15 314
285 6 331
285 7 331
275 8 680
278 5 512
278 6 526
278 7 526
255 5 1189
255 6 1195
255 7 1195
255 8 1204
278 8 595
255 29 1250
255 8 1257
278 8 623
255 26 1290
255 14 1291
278 8 637
290 5 359
290 6 363
290 7 363
290 13 385
290 30 385
290 14 386
290 15 386
255 6 1371
255 7 1371
255 8 1388
255 8 1416
290 6 498
290 7 498
290 13 504
290 30 504
290 14 505
290 15 505
295 5 285
295 6 296
255 8 1516
303 5 36
303 6 41
303 7 42
303 8 62
303 5 122
303 6 129
303 7 129
303 8 134
303 5 180
303 6 186
303 7 187
296 5 434
296 6 438
296 7 438
296 8 446
296 5 451
296 6 457
296 7 458
303 8 194
296 8 487
303 8 253
301 5 390
301 6 393
301 7 393
296 29 624
296 13 629
296 14 629
296 15 629
296 6 661
296 7 661
301 8 436
296 14 673
296 26 677
296 14 678
303 5 493
303 6 498
303 7 499
303 13 507
303 30 508
303 14 511
303 15 511
309 5 324
309 6 326
309 7 326
309 8 343
309 14 357
309 15 357
309 6 368
309 7 368
309 8 373
307 5 580
255 29 2208
301 13 745
301 14 748
301 15 748
307 6 589
307 7 589
255 8 2209
255 8 2235
307 8 652
307 8 684
307 8 695
307 8 711
307 8 737
307 8 743
307 29 777
307 8 778
301 7 949
301 6 949
307 29 807
307 8 808
307 13 838
307 14 839
307 15 839
255 5 2455
255 6 2459
255 7 2459
255 8 2476
255 13 2623
255 14 2626
255 15 2626
293 5 1711
293 6 1716
293 7 1716
296 6 1543
296 7 1544
316 5 422
316 7 429
316 6 429
319 5 263
319 6 275
319 7 276
319 14 309
319 6 329
319 7 329
319 14 361
319 15 361
319 6 376
319 7 376
319 14 386
319 15 386
319 6 388
319 7 388
322 5 242
322 6 245
322 7 245
323 5 235
323 6 243
323 7 243
325 5 534
325 6 546
325 7 546
325 8 579
325 8 594
325 5 624
325 6 632
325 7 632
329 5 368
329 6 376
329 7 376
329 8 394
329 34 404
329 14 413
329 6 425
329 7 425
327 5 681
327 6 684
327 7 684
336 5 344
336 6 352
336 7 352
336 13 377
336 30 377
336 14 378
336 15 378
337 5 254
337 6 261
337 7 261
337 13 286
337 14 287
337 15 287
336 6 486
336 7 486
336 13 494
336 30 494
336 14 496
336 15 496
340 5 371
340 6 372
340 7 373
340 14 399
340 15 399
348 5 201
348 6 208
348 7 208
344 5 532
344 6 546
344 7 546
345 5 525
345 6 531
345 7 531
345 8 542
345 8 542
345 8 568
345 8 579
353 5 226
353 6 232
353 7 232
345 29 676
345 8 681
353 8 280
353 8 288
353 8 294
345 8 757
355 5 255
355 6 263
355 7 263
355 8 287
360 5 196
360 6 200
360 7 200
360 8 233
360 8 237
345 8 836
345 8 836
350 5 579
350 6 591
350 7 591
345 8 869
350 13 606
350 14 607
350 15 607
360 5 275
360 6 283
360 7 284
345 8 963
359 5 390
359 6 398
359 7 398
359 13 407
359 30 407
359 14 409
359 15 409
345 8 1006
345 5 1054
345 6 1061
345 7 1061
345 8 1148
345 26 1220
345 282 1220
345 14 1221
345 6 1270
345 7 1270
345 8 1275
345 13 1380
345 14 1381
345 15 1381
345 6 1401
345 7 1401
345 8 1408
345 26 1411
345 282 1412
345 14 1412
371 5 2
365 5 395
365 6 399
365 7 399
368 5 279
368 6 284
368 7 285
368 8 314
365 8 459
367 5 360
368 8 329
368 8 336
367 6 372
367 7 372
368 8 359
368 8 364
368 8 371
368 8 377
368 8 382
368 29 384
365 13 510
365 14 511
365 15 511
359 6 1027
359 7 1027
367 8 409
365 6 568
365 7 568
365 8 570
365 34 586
367 8 460
365 14 590
365 15 590
365 6 606
365 7 606
367 13 495
367 30 495
367 14 497
367 15 497
368 34 663
368 14 663
373 5 331
373 6 340
373 7 340
373 8 361
373 8 364
373 5 403
373 6 411
373 7 411
373 8 418
373 34 521
373 14 522
381 5 183
381 6 199
381 7 199
377 5 349
377 6 352
377 7 352
381 13 251
381 30 251
381 14 251
381 15 251
377 8 432
377 5 491
377 6 495
377 7 495
377 8 508
377 5 551
377 6 554
377 7 554
377 8 567
378 5 604
378 6 608
378 7 609
365 8 1606
378 26 771
378 14 774
378 15 774
378 6 788
378 7 789
378 26 803
378 14 807
378 15 807
378 6 813
378 7 813
378 5 882
378 6 888
378 7 889
377 8 1189
388 5 342
388 6 347
388 7 347
392 5 241
388 8 359
388 8 365
388 8 370
389 5 331
389 6 335
389 7 335
392 6 250
392 7 250
392 13 269
392 14 272
392 15 272
389 8 360
389 8 368
389 8 381
388 29 424
388 8 427
389 8 385
389 8 389
389 8 391
388 8 451
388 8 530
388 30 579
388 13 579
388 14 581
388 15 581
399 5 10
399 6 19
399 7 19
399 13 22
399 14 23
399 15 23
396 5 434
396 6 439
396 7 439
401 5 205
401 6 212
401 7 212
377 8 1649
409 5 4
409 6 12
409 7 13
409 13 19
409 30 19
409 14 19
409 15 19
396 8 618
396 14 638
396 26 715
396 14 722
403 5 380
403 6 390
403 7 390
404 5 405
396 6 739
396 7 739
404 6 419
404 7 419
403 8 442
398 5 621
398 6 629
398 7 630
404 13 466
404 30 467
404 14 467
404 15 467
403 8 477
403 8 502
403 8 518
398 8 709
398 34 731
398 14 731
412 5 261
412 6 263
412 7 264
406 5 496
406 6 500
406 7 501
398 6 745
398 7 745
398 8 786
415 5 232
415 6 235
415 7 235
412 5 309
412 6 311
412 7 311
414 5 234
412 8 314
414 6 238
414 7 238
412 34 322
412 14 325
412 15 325
414 8 257
412 6 337
412 7 338
403 5 642
403 6 652
403 7 652
398 8 827
412 5 372
412 6 377
412 7 377
412 14 384
412 6 394
412 7 395
412 14 400
412 6 403
412 7 403
398 8 928
398 8 941
398 8 957
417 5 210
417 6 221
417 7 221
398 34 1017
398 14 1029
398 6 1042
398 7 1042
398 8 1058
398 8 1062
417 8 279
417 8 290
398 8 1095
398 34 1117
398 14 1118
422 5 7
422 6 13
422 7 14
422 8 16
398 6 1125
398 7 1125
422 8 28
404 6 1042
404 7 1043
421 5 204
421 6 210
421 7 210
421 8 216
414 29 752
414 8 753
414 29 756
414 8 757
421 13 261
421 30 261
421 14 262
421 15 262
414 8 779
414 29 792
414 8 797
414 29 804
414 8 814
414 29 825
428 5 5
428 6 9
428 7 9
428 8 16
428 29 41
428 8 44
431 5 2
431 6 18
431 7 18
421 6 521
421 7 521
421 13 523
421 30 523
421 14 524
421 15 524
421 6 563
421 7 563
421 13 566
421 30 566
421 14 567
421 15 567
427 5 302
421 6 583
421 7 583
421 13 586
421 30 586
421 14 589
421 15 589
427 6 315
427 7 316
427 8 344
427 8 354
427 8 401
427 5 408
427 6 424
427 7 424
427 8 429
427 8 436
427 8 444
427 8 478
427 34 488
427 14 489
427 6 502
427 7 502
421 7 827
421 6 827
421 13 833
421 30 833
421 15 834
421 14 834
421 6 910
421 7 910
421 8 915
421 13 918
421 30 918
421 14 919
421 15 919
421 6 1026
421 7 1026
421 13 1038
421 30 1038
421 14 1039
421 15 1039
421 6 1173
421 7 1173
421 13 1185
421 30 1185
421 14 1186
421 15 1186
437 5 284
437 6 290
437 7 290
437 8 333
437 5 390
437 6 397
437 7 397
437 8 429
438 5 401
438 6 418
438 7 418
437 8 455
438 8 437
438 13 457
438 14 458
438 15 458
438 6 479
438 7 479
438 14 484
438 6 493
438 7 493
440 5 354
440 6 358
440 7 358
440 8 368
440 29 371
440 8 374
428 5 1189
428 6 1195
428 7 1195
428 8 1210
438 13 530
438 14 530
438 15 530
441 5 369
441 6 373
441 7 373
441 14 404
441 15 404
441 6 415
441 7 415
441 14 421
441 15 421
441 6 425
441 7 425
441 8 432
443 5 247
443 6 252
443 7 252
441 8 447
441 8 455
441 8 463
443 8 261
443 8 267
443 8 271
443 8 290
443 8 299
447 5 223
443 8 305
443 8 310
441 34 510
441 14 515
441 15 515
447 6 240
447 7 240
447 13 282
447 30 282
447 14 283
447 15 283
438 6 800
438 7 800
452 5 207
452 6 217
452 7 217
438 14 821
438 15 821
438 6 838
438 7 838
452 8 238
451 5 310
451 6 326
451 7 326
438 8 848
447 6 416
447 7 417
438 34 879
438 14 883
438 15 884
438 6 888
438 7 888
438 8 903
438 8 916
438 34 926
438 14 926
438 14 932
438 15 932
440 29 799
440 8 801
440 29 827
448 5 544
448 6 549
448 7 549
448 13 587
448 14 588
448 15 588
460 5 176
460 6 180
460 7 180
460 8 195
460 8 224
462 5 252
462 6 256
462 7 256
462 8 298
459 5 351
462 8 326
459 6 367
459 7 367
462 8 358
462 13 376
462 30 376
462 14 377
462 15 377
463 5 267
463 6 273
463 7 273
461 5 736
461 7 752
461 6 752
471 5 216
471 6 232
471 7 232
471 8 259
461 13 887
461 30 887
461 15 888
461 14 888
471 13 304
471 30 304
471 14 306
471 15 306
466 5 521
466 6 537
466 7 537
466 14 571
466 15 571
466 5 599
444 5 1639
444 6 1643
444 7 1644
444 13 1673
444 30 1673
444 14 1674
444 15 1674
475 5 260
475 6 276
475 7 276
476 5 213
476 6 222
476 7 222
475 8 293
475 8 306
483 5 2
444 6 1967
444 7 1967
444 8 1972
480 5 167
480 6 173
480 7 173
444 13 1996
444 14 1998
444 15 1998
477 5 383
477 6 388
477 7 388
477 8 408
477 29 422
477 8 428
477 8 433
477 8 436
477 8 440
444 6 2159
444 7 2160
476 8 568
444 8 2170
476 5 582
476 6 587
476 7 587
476 29 636
444 29 2257
444 8 2259
444 26 2282
444 14 2285
444 15 2285
485 5 478
485 6 482
485 7 483
444 6 2389
444 7 2389
481 5 623
481 6 638
481 7 638
497 5 190
485 8 618
497 6 206
497 7 206
497 8 256
481 5 706
485 8 668
481 6 722
481 7 722
481 8 725
497 8 267
497 8 290
497 8 350
498 5 297
485 8 798
497 8 403
498 6 313
498 7 313
497 34 495
497 14 496
497 26 501
497 14 501
497 6 506
497 7 506
497 8 514
497 26 522
497 14 526
497 15 526
497 6 559
497 7 559
497 8 567
497 8 594
497 8 607
497 8 630
497 26 650
497 14 651
497 6 654
497 7 654
508 5 302
508 6 307
508 7 307
508 8 323
508 8 371
508 8 403
508 13 453
508 30 453
508 14 453
508 15 453
514 5 192
514 6 196
514 7 196
514 8 203
509 5 307
509 6 323
509 7 324
514 8 217
514 13 353
514 14 354
514 15 354
517 5 301
517 6 305
517 7 305
513 5 486
513 6 492
513 7 493
517 8 426
513 14 533
513 15 533
520 5 294
520 6 298
520 7 298
520 8 315
521 5 301
521 6 312
521 7 312
520 8 350
520 8 366
520 8 398
520 8 433
520 8 480
493 5 1800
523 5 473
523 6 477
523 7 477
493 6 1816
493 7 1816
523 13 552
523 14 553
523 15 553
528 5 335
528 6 351
528 7 351
526 5 502
526 6 509
526 7 509
528 8 378
534 5 1
534 6 15
534 7 15
534 13 19
534 14 19
534 15 19
528 13 405
528 30 405
528 14 410
528 15 410
526 8 592
530 5 291
530 6 297
530 7 297
530 8 313
530 13 329
530 14 331
530 15 331
533 5 212
533 6 229
533 7 229
533 8 258
533 8 267
533 8 315
533 8 323
533 8 329
526 5 1045
526 6 1063
526 7 1063
529 5 1010
529 6 1013
529 7 1013
539 5 309
539 6 314
539 7 314
529 13 1131
529 30 1131
529 14 1131
529 15 1131
539 13 328
539 14 329
539 15 329
529 6 1165
529 7 1165
539 6 353
539 7 353
539 14 370
539 15 370
539 6 398
539 7 398
539 8 405
529 5 1209
529 6 1213
529 7 1213
529 14 1224
539 5 415
539 6 420
539 7 420
539 14 426
539 15 426
539 6 431
539 7 432
539 8 441
529 6 1276
529 7 1276
529 14 1285
539 8 475
539 34 496
529 6 1294
529 7 1295
529 14 1303
539 14 499
539 15 499
539 6 502
539 7 502
529 6 1329
529 7 1329
529 14 1341
529 6 1350
529 7 1351
529 14 1363
529 6 1379
529 7 1379
529 14 1391
529 6 1402
529 7 1402
547 5 263
547 6 279
547 7 279
547 8 287
547 8 296
547 13 314
547 30 314
547 14 314
547 15 314
549 5 189
549 6 204
549 7 204
539 5 748
539 6 761
539 7 762
539 8 767
539 8 784
544 5 538
544 6 542
544 7 542
553 5 173
553 6 179
553 7 179
544 8 552
553 8 187
553 13 204
553 15 207
553 14 207
544 13 645
544 14 647
544 15 647
554 5 353
554 6 369
554 7 370
554 8 378
554 29 384
557 5 9
557 6 13
557 7 13
557 13 34
557 14 35
557 15 35
547 6 819
547 7 819
547 13 834
547 30 834
547 14 834
547 15 834
544 6 972
544 7 972
548 5 894
548 6 896
551 5 709
551 6 712
551 7 712
551 8 729
551 8 771
547 6 1013
547 7 1013
547 13 1019
547 30 1019
547 14 1019
547 15 1019
558 5 346
558 6 352
558 7 352
558 8 387
558 8 413
558 8 413
558 8 413
559 5 388
559 6 392
559 7 392
559 8 434
530 6 2425
530 7 2426
567 5 339
567 6 343
567 7 343
567 26 355
567 14 356
565 5 402
565 6 418
565 7 419
567 6 362
567 7 363
567 26 366
567 14 369
567 15 369
567 6 371
567 7 371
567 26 380
567 14 381
567 6 383
567 7 383
559 8 494
559 34 499
559 14 501
559 6 508
559 7 508
559 8 515
567 26 390
567 14 394
567 15 394
565 13 479
565 14 483
565 15 484
580 5 26
580 6 42
580 7 43
530 5 2610
530 6 2614
530 7 2614
580 14 67
560 5 773
560 6 789
560 7 790
576 5 343
576 6 354
576 7 354
577 5 348
577 6 350
577 7 350
576 13 373
576 14 374
576 15 374
577 8 367
582 5 324
582 6 330
582 7 330
577 14 432
577 15 432
577 6 438
577 7 438
577 8 458
577 5 497
586 5 260
586 6 263
586 7 263
577 6 506
577 7 506
577 8 524
577 8 534
577 8 552
591 5 176
591 6 180
591 7 180
591 8 186
591 8 196
591 13 205
591 15 205
591 14 205
589 5 383
589 6 398
589 7 399
589 8 444
589 8 474
597 5 352
600 5 273
600 6 277
600 7 277
600 8 286
597 6 368
597 7 368
597 8 395
597 34 417
597 14 418
597 14 431
597 15 431
597 6 468
597 7 468
597 5 479
597 6 495
597 7 495
608 5 3
604 5 437
604 6 448
604 7 448
604 8 458
575 5 1565
575 6 1581
575 7 1581
604 8 538
575 8 1632
604 26 585
606 5 236
575 29 1645
575 8 1648
604 14 588
606 6 252
606 7 252
606 8 272
575 8 1676
575 8 1717
606 29 303
606 8 306
575 8 1785
604 7 710
604 6 710
604 8 717
604 26 733
604 14 736
603 5 770
603 6 787
603 7 787
605 5 664
605 6 678
605 7 678
575 8 1880
603 13 813
603 30 814
603 14 814
603 15 814
613 5 285
613 6 300
613 7 301
604 6 856
604 7 856
605 8 729
605 13 747
605 30 747
613 13 331
613 30 331
613 14 332
613 15 332
605 14 767
605 15 767
575 8 1956
613 6 432
613 7 432
617 5 199
617 6 215
617 7 215
619 5 225
617 13 226
617 30 226
617 14 227
617 15 227
619 6 240
619 7 240
618 5 506
620 5 362
618 6 512
618 7 513
600 13 1415
600 14 1416
600 15 1416
624 5 255
624 6 270
624 7 271
620 6 374
620 7 374
620 8 385
618 8 548
624 14 293
620 5 397
620 6 414
620 7 414
624 14 323
624 15 323
620 8 429
605 6 1375
605 7 1375
605 8 1380
605 13 1393
605 30 1394
605 14 1396
605 15 1396
631 5 229
631 6 235
631 7 235
631 8 244
631 14 305
631 6 317
631 7 317
631 8 327
633 5 204
631 8 362
633 6 209
633 7 210
633 8 214
631 8 390
633 8 245
633 8 264
631 8 463
633 13 309
633 14 310
633 15 310
634 5 298
631 8 483
634 6 305
634 7 305
631 14 545
631 6 552
631 7 552
633 6 405
633 7 405
633 8 411
633 8 422
633 13 446
633 30 446
633 14 447
633 15 447
631 8 620
631 8 624
631 8 664
640 5 7
640 6 12
640 7 12
640 13 57
640 30 58
640 14 58
640 15 58
639 5 245
639 6 248
639 5 274
639 6 276
622 5 1520
622 7 1527
622 6 1527
639 5 407
641 5 371
639 6 410
639 7 410
641 6 388
641 7 388
641 8 410
641 8 413
641 13 428
641 30 428
641 14 431
641 15 431
638 5 551
638 6 557
638 7 557
641 6 503
641 7 503
638 8 570
652 5 7
652 6 12
652 7 12
652 8 19
641 13 526
641 30 526
641 14 527
641 15 527
638 13 596
638 30 596
638 14 597
638 15 597
638 6 643
638 7 644
638 26 648
638 14 649
641 6 583
641 7 583
641 13 591
641 30 591
641 14 592
641 15 592
652 8 179
652 8 278
651 5 339
651 6 354
651 7 354
641 6 833
641 7 833
653 5 338
651 13 380
651 14 381
651 15 381
653 6 347
653 7 347
652 8 413
659 5 185
659 6 201
659 7 201
659 8 219
651 6 531
651 7 531
652 8 500
659 29 226
659 8 238
651 8 565
651 8 575
659 8 271
651 8 580
651 8 598
651 8 603
657 5 423
657 6 428
657 7 428
652 13 554
652 30 554
652 14 556
652 15 556
663 5 4
657 8 467
663 6 20
663 7 20
663 8 25
663 8 33
663 8 36
663 8 44
657 13 504
657 14 505
657 15 505
653 5 610
653 6 620
653 7 620
661 5 331
661 6 335
661 7 335
663 26 197
663 14 200
663 15 200
663 6 212
663 7 212
663 8 220
669 5 43
669 6 55
669 7 56
669 8 78
669 8 94
669 8 138
659 8 818
668 5 260
668 6 277
668 7 277
667 5 365
667 6 374
667 7 375
668 8 354
667 8 398
659 8 924
671 5 344
671 6 349
671 7 349
671 8 363
671 8 377
670 5 437
665 5 725
665 6 740
665 7 740
670 6 455
670 7 455
670 8 464
670 29 475
670 8 479
665 8 762
665 29 762
665 8 763
670 8 497
674 5 494
674 6 508
674 7 509
674 13 544
674 14 545
674 15 545
678 5 371
678 6 376
678 7 376
674 5 645
674 8 652
674 6 652
674 7 652
678 14 411
678 6 423
678 7 423
674 13 823
674 14 823
674 15 823
683 5 384
683 6 387
683 7 387
683 8 403
682 5 433
683 13 409
683 30 409
683 14 413
683 15 413
682 6 448
682 7 449
682 8 472
682 14 483
682 6 508
682 7 509
682 13 536
682 14 536
682 15 536
408 5 14656
408 6 14666
408 7 14666
680 5 750
680 6 753
680 7 753
408 5 14750
408 6 14758
680 8 781
408 7 14759
680 8 792
680 8 799
680 8 806
680 8 811
682 6 711
682 7 712
682 8 715
680 8 817
680 8 829
682 34 719
682 14 719
682 14 726
682 15 726
691 5 19
691 6 24
691 7 24
691 8 37
682 6 838
682 7 839
682 26 851
682 14 853
680 34 989
680 14 990
682 6 872
682 7 872
680 6 995
680 7 995
680 8 1009
680 34 1011
680 14 1015
680 15 1015
680 6 1017
680 7 1017
692 5 4
692 8 7
692 6 8
692 7 8
692 8 47
692 8 52
682 5 979
682 6 993
682 7 993
692 13 110
692 14 111
692 15 111
689 5 394
689 6 397
689 7 397
694 5 255
694 6 258
694 7 258
695 5 238
695 6 257
695 7 257
695 8 299
695 29 305
702 5 3
702 6 5
702 7 5
702 13 7
702 14 8
702 15 8
697 5 267
697 6 270
697 7 270
697 8 295
697 34 305
697 14 308
697 15 308
696 5 373
696 6 376
696 7 376
696 8 413
696 13 421
696 14 422
696 15 422
696 6 459
696 7 459
696 8 461
696 8 465
696 8 497
700 5 276
700 6 286
700 7 286
696 8 505
698 5 492
698 6 501
698 7 501
698 8 547
704 5 274
704 6 288
704 7 288
712 5 2
704 13 316
704 14 316
704 15 316
712 8 5
712 6 5
712 7 5
712 13 14
712 30 14
712 14 14
712 15 14
712 6 48
712 7 48
712 13 52
712 30 52
712 14 52
712 15 52
712 6 121
712 7 121
706 5 390
706 6 393
706 7 393
704 5 503
704 6 508
704 7 508
704 13 512
704 14 513
704 15 513
706 8 408
711 5 411
711 6 418
711 7 418
711 8 494
711 5 518
711 6 526
711 7 526
711 8 548
706 5 726
711 8 570
714 5 348
714 6 352
714 7 352
714 8 369
714 29 376
714 14 380
714 6 388
714 7 389
714 8 418
714 29 421
713 5 447
713 6 453
713 7 453
714 8 462
719 5 359
719 6 367
719 7 367
714 34 475
714 14 480
714 15 480
714 6 488
714 7 488
714 8 500
714 29 507
714 8 510
714 29 518
714 8 528
719 8 420
713 8 528
714 29 529
713 8 587
633 6 5336
633 7 5337
633 13 5342
633 30 5343
633 14 5343
633 15 5343
725 5 242
725 6 245
725 7 245
725 13 254
725 30 254
725 14 256
725 15 256
730 5 198
730 6 200
730 7 200
727 5 453
727 6 456
727 7 456
727 8 476
727 8 488
727 8 500
727 8 506
727 8 513
726 5 655
726 6 658
726 7 658
733 5 348
739 5 1
739 6 4
739 7 4
739 13 13
739 30 13
739 14 14
739 15 14
726 8 701
733 6 359
733 7 359
733 8 400
740 5 5
740 7 10
740 6 10
733 8 426
733 13 446
733 14 446
733 15 446
724 5 963
724 6 968
724 7 968
726 8 878
733 5 541
733 6 549
733 7 549
724 8 1019
733 13 582
733 30 583
733 14 583
733 15 583
724 29 1056
733 5 606
733 6 614
733 7 615
734 5 404
734 6 407
734 7 407
724 13 1093
724 30 1093
724 14 1094
724 15 1094
733 8 626
733 13 638
733 14 640
733 15 640
734 8 441
737 5 410
746 5 3
734 8 478
737 6 425
737 7 425
746 6 12
746 7 12
746 13 24
746 30 24
746 14 25
746 15 25
734 34 510
734 14 512
734 15 512
712 5 1871
712 6 1874
712 7 1875
734 6 533
734 7 533
625 5 6681
625 6 6685
625 7 6685
733 5 751
733 6 760
733 7 760
734 8 538
734 34 542
734 14 544
734 15 544
625 8 6719
733 13 782
733 30 782
733 14 786
733 15 786
712 5 1941
712 6 1943
712 7 1943
712 8 1957
712 34 1963
712 14 1965
712 15 1965
712 26 1975
712 14 1976
712 15 1976
711 13 2214
711 14 2215
711 15 2215
755 5 4
755 6 10
755 7 10
751 5 244
751 6 248
751 7 248
750 5 300
750 6 308
750 7 308
751 8 267
756 5 2
750 8 347
756 6 7
756 7 7
756 8 21
756 8 25
750 8 368
750 13 376
750 30 376
750 14 376
750 15 376
750 6 392
750 7 393
750 8 397
625 29 7189
737 8 978
625 8 7193
625 8 7210
750 8 448
737 13 995
737 14 996
737 15 996
751 5 480
751 6 483
751 7 483
751 8 486
749 5 592
749 6 600
749 7 600
756 34 323
756 14 323
756 6 333
756 7 333
759 5 227
759 6 230
759 7 230
756 8 337
756 26 340
756 14 341
756 6 352
756 7 352
759 14 248
759 6 258
759 7 258
756 26 390
756 14 390
762 5 243
762 6 247
762 7 247
762 8 282
760 5 624
760 6 640
760 7 640
760 8 651
764 5 421
764 6 424
764 7 425
760 30 657
760 13 657
760 14 658
760 15 658
749 5 1154
749 6 1161
749 7 1162
764 13 482
764 30 483
764 14 483
764 15 483
771 5 310
771 6 314
771 7 314
770 5 346
770 6 349
770 7 349
770 13 391
770 30 391
770 14 392
770 15 392
775 5 280
775 6 287
775 7 287
775 8 301
772 5 357
772 6 373
772 7 373
768 5 591
768 6 606
768 7 606
776 5 407
776 6 410
776 7 410
776 13 448
776 30 448
776 14 452
776 15 452
768 8 1068
768 13 1073
768 14 1073
768 15 1073
791 5 88
791 6 91
791 7 91
788 5 577
788 6 584
788 7 585
727 5 3618
788 8 610
794 5 325
794 6 328
794 7 328
794 8 356
794 13 361
794 14 362
794 15 362
797 5 312
797 6 315
797 7 315
797 5 376
797 6 378
797 7 379
768 7 1826
768 6 1826
768 8 1827
768 8 1839
800 5 232
800 6 238
800 7 238
800 8 260
798 5 398
798 6 405
798 7 405
798 8 409
801 5 247
801 6 250
801 7 250
801 8 259
801 8 275
797 5 562
797 6 565
797 7 565
797 8 577
801 8 316
798 8 506
797 8 605
804 5 296
804 6 300
804 7 300
802 5 454
802 6 456
804 8 326
794 6 847
794 7 847
805 5 442
805 6 452
805 7 453
802 5 711
802 6 727
806 5 263
806 6 265
806 7 265
805 8 563
806 8 285
806 8 333
813 5 307
813 6 312
813 7 312
813 8 345
808 5 514
808 6 521
808 7 521
808 8 528
808 8 564
808 8 574
811 5 495
811 6 499
811 7 499
808 8 596
818 5 394
818 6 400
818 7 400
818 8 413
827 5 7
827 6 11
827 7 11
827 8 19
827 34 35
827 14 37
827 15 37
827 14 56
827 15 56
818 29 488
818 5 583
818 6 587
818 7 587
808 8 967
808 13 992
808 30 992
808 14 992
808 15 992
808 6 1091
808 7 1091
808 8 1096
808 13 1115
808 30 1115
808 14 1116
808 15 1116
777 5 2993
777 6 2999
777 7 2999
777 5 3006
777 6 3009
777 7 3009
777 8 3012
777 29 3013
777 8 3014
777 29 3019
777 8 3022
777 8 3024
777 8 3027
777 29 3058
777 8 3075
777 29 3078
777 8 3079
777 29 3082
777 8 3085
777 29 3089
777 8 3095
777 29 3099
823 5 653
823 6 656
823 7 656
835 5 5
835 5 22
835 6 29
835 7 29
835 14 44
835 6 82
835 7 82
777 29 3230
777 29 3231
777 8 3234
777 13 3240
777 14 3241
777 15 3241
835 14 99
835 6 104
835 7 104
835 14 108
835 6 114
835 7 114
835 8 118
808 6 1495
808 7 1495
808 8 1505
829 5 427
829 6 434
829 7 434
829 8 441
829 8 448
831 5 366
831 6 381
831 7 381
808 8 1516
829 13 474
829 14 478
829 15 478
808 8 1549
808 13 1595
808 30 1595
808 14 1595
808 15 1596
831 8 498
831 34 509
831 14 512
831 15 512
837 5 373
837 6 376
837 7 376
837 8 396
835 5 485
835 8 499
835 6 499
835 7 499
829 6 700
829 7 700
829 8 703
835 34 514
835 14 524
835 6 530
835 7 530
847 5 6
849 5 7
849 6 14
849 7 15
849 13 48
849 30 48
849 14 49
849 15 49
850 5 241
850 6 256
850 7 256
850 8 268
850 13 294
850 14 294
850 15 294
850 6 357
850 7 357
849 6 368
849 7 368
850 8 502
850 13 504
850 14 505
850 15 505
863 5 146
863 6 149
863 7 149
863 8 166
738 5 7544
738 6 7552
738 7 7552
860 5 325
860 6 330
860 7 331
863 29 194
863 8 196
860 8 364
863 5 264
863 6 267
863 7 267
862 5 311
862 6 315
862 7 315
860 13 399
860 30 399
860 14 400
860 15 400
863 8 273
863 8 281
863 14 292
863 6 300
863 7 300
738 8 7682
863 14 306
863 6 315
863 7 315
863 8 316
863 8 321
863 13 324
863 15 327
863 14 327
861 5 410
861 6 419
861 7 419
862 8 378
738 8 7774
862 13 444
862 30 444
862 14 444
862 15 444
768 8 6346
866 5 303
866 6 311
866 7 311
861 8 546
861 29 551
861 8 553
768 8 6355
768 8 6359
768 8 6362
768 8 6373
866 8 333
866 5 348
866 6 355
866 7 356
861 29 579
861 8 581
738 5 7880
738 6 7891
738 7 7891
768 8 6390
867 5 281
867 6 289
867 7 289
866 8 374
866 13 387
866 14 387
866 15 387
861 29 591
861 8 598
738 8 7909
768 8 6412
768 8 6425
867 8 308
768 8 6433
867 13 317
867 14 319
867 15 319
861 8 634
861 8 647
862 6 608
862 7 608
861 8 666
861 8 678
862 8 629
862 13 641
862 30 641
862 14 641
862 15 641
866 6 459
866 7 460
866 8 461
866 13 465
866 14 465
866 15 465
866 6 489
866 7 489
866 8 491
866 26 496
866 14 498
866 6 503
866 7 503
866 8 505
866 26 511
866 14 513
866 15 513
866 6 519
866 7 519
866 8 523
866 5 532
866 6 540
866 7 540
866 8 544
866 34 556
866 14 558
866 15 558
866 26 563
866 14 564
866 15 564
866 6 565
866 7 565
861 8 843
866 8 650
866 8 659
875 5 286
875 6 289
877 5 204
877 6 207
877 7 207
869 5 492
869 6 497
869 7 497
861 29 992
861 8 996
869 8 516
869 8 536
869 13 567
869 30 567
869 14 568
869 15 568
869 6 616
869 7 616
879 5 290
879 6 293
879 7 293
869 8 669
869 34 679
869 14 681
869 15 681
879 14 361
879 15 361
880 5 358
880 6 361
880 7 361
880 8 386
880 5 401
880 6 404
880 7 404
880 14 409
880 15 409
880 6 416
880 7 416
880 8 420
880 8 428
880 29 431
880 8 434
880 8 442
880 34 458
880 14 458
880 6 462
880 7 462
880 8 465
881 5 319
881 6 324
881 7 324
881 8 363
881 13 391
881 14 391
881 15 391
878 5 680
878 6 684
878 7 685
881 6 483
881 7 483
881 8 505
881 13 511
881 14 512
881 15 512
782 5 7064
782 6 7071
782 7 7071
782 8 7242
888 5 524
888 6 529
888 7 529
888 8 561
888 8 589
888 8 623
888 8 639
891 5 354
891 6 371
891 7 371
892 5 443
891 13 436
891 30 436
891 14 436
891 15 437
892 6 452
892 7 452
899 5 206
899 6 209
899 7 209
899 14 216
899 6 225
899 7 225
899 14 237
899 6 244
899 7 244
899 14 251
899 6 252
899 7 252
891 6 691
891 7 691
900 5 336
900 6 351
900 7 351
900 8 364
900 8 371
891 8 726
900 8 375
900 8 394
900 8 401
900 8 407
900 8 412
900 8 415
900 8 419
900 8 426
900 34 430
901 5 293
900 14 433
900 15 433
900 6 436
900 7 436
900 8 441
900 8 446
900 8 449
900 34 455
900 14 456
900 6 459
900 7 459
901 6 308
901 7 308
900 8 464
900 8 466
900 8 469
891 34 947
891 14 948
904 5 423
904 6 426
904 7 426
904 8 455
908 5 5
908 6 8
908 7 8
908 8 13
908 13 69
908 14 70
908 15 70
904 34 593
904 14 593
907 5 295
907 6 299
907 7 299
907 8 695
907 5 765
907 6 769
907 7 769
850 5 5477
916 5 471
916 6 479
916 7 479
917 5 358
917 6 366
917 7 366
917 14 391
917 6 405
917 7 405
917 14 410
924 5 3
924 8 11
924 6 11
924 7 11
924 8 25
924 13 31
924 14 34
924 15 34
927 13 0
927 30 1
927 5 10
927 6 14
927 7 14
920 5 500
920 6 503
920 7 503
920 8 529
920 8 571
925 5 362
920 13 646
920 30 646
920 14 646
920 15 646
925 6 364
925 7 364
925 8 445
925 8 471
925 14 481
925 15 481
920 6 919
920 7 919
929 5 327
929 6 336
929 7 336
929 5 374
920 8 997
929 6 389
929 7 390
929 8 427
929 8 441
929 8 454
929 8 460
929 8 464
930 5 365
930 6 368
930 7 368
929 34 475
929 14 485
930 14 415
930 6 441
930 7 442
930 14 454
930 6 462
930 7 462
930 14 475
938 5 171
938 6 175
938 7 175
940 5 346
940 7 350
940 6 350
940 5 368
940 6 372
940 7 372
940 30 387
940 13 387
940 14 391
940 15 391
880 5 6202
880 6 6206
880 7 6206
880 8 6219
880 34 6226
880 14 6228
880 15 6228
946 5 182
946 6 198
946 7 198
946 8 217
944 5 604
944 6 607
944 7 608
944 8 631
944 8 749
944 8 821
944 8 889
944 29 892
949 5 169
949 6 179
949 7 179
949 8 203
948 5 444
948 6 449
948 7 450
950 5 388
950 6 393
950 7 393
950 8 422
950 8 444
955 5 284
955 6 286
955 7 287
955 8 307
955 8 317
955 8 322
955 8 325
955 8 333
952 5 1173
952 6 1183
952 7 1183
952 13 1231
952 14 1231
952 15 1231
952 6 1408
952 7 1408
952 8 1426
974 5 178
974 6 182
974 7 182
974 8 190
970 5 413
970 6 417
970 7 417
974 13 229
974 30 229
974 14 230
974 15 230
974 6 236
974 7 236
967 5 800
967 6 806
967 7 807
972 5 371
972 6 382
972 7 383
974 13 364
974 30 364
974 14 366
974 15 366
972 8 426
972 8 428
967 14 914
972 29 475
972 8 482
972 34 485
977 5 189
977 6 192
977 7 192
977 8 224
977 8 230
977 29 248
977 8 248
977 8 254
977 13 264
977 14 265
977 15 265
980 5 432
980 6 436
980 7 436
981 5 476
981 6 482
981 7 482
981 8 529
985 5 296
985 6 304
985 7 304
985 8 318
989 5 150
989 6 158
989 7 158
989 8 188
992 5 157
992 6 160
992 7 160
994 5 175
994 6 183
994 7 183
992 14 218
992 15 218
994 8 228
994 8 240
994 8 253
994 8 257
994 8 265
994 8 269
994 8 271
994 29 275
994 13 279
994 14 280
994 15 280
994 6 473
994 7 473
