9 2 90
9 2 100
9 3 166
9 5 219
16 2 72
16 3 138
16 5 213
16 14 242
20 2 69
22 2 37
20 3 275
22 3 126
22 5 185
20 5 400
20 21 404
22 5 472
33 2 72
33 3 208
33 5 354
33 34 406
33 14 409
33 15 409
33 13 449
33 14 450
33 15 450
36 2 58
36 3 171
36 5 307
36 29 340
36 5 356
36 5 389
33 5 1297
38 2 206
38 3 320
38 5 441
38 21 452
38 13 510
38 14 511
38 15 511
40 2 81
40 3 241
38 13 969
38 14 969
38 15 969
40 5 380
40 21 385
40 14 417
40 15 417
40 14 431
40 15 431
40 14 446
40 15 446
41 2 68
41 3 204
41 5 365
46 2 63
46 3 307
46 5 414
46 34 439
46 14 441
46 15 441
48 2 76
48 3 211
48 5 309
50 2 71
50 2 79
50 3 168
50 5 230
53 2 46
53 3 160
53 5 244
53 14 274
53 15 274
53 13 300
53 14 302
53 15 302
53 13 335
53 14 336
53 15 337
53 13 369
53 14 369
53 15 369
56 2 322
56 3 491
56 5 589
56 21 609
56 13 629
56 14 631
56 15 631
58 2 57
58 3 219
58 5 288
62 2 58
62 3 174
62 5 255
64 2 40
64 3 136
64 5 196
64 13 280
64 14 284
64 15 284
66 2 60
66 3 244
66 5 327
66 13 373
66 14 374
66 15 374
70 2 97
71 2 44
70 3 307
70 5 384
71 3 127
71 5 247
72 2 133
72 3 231
72 5 345
72 29 420
75 2 74
70 34 1136
70 14 1136
70 34 1169
70 14 1172
72 3 549
75 3 286
79 2 78
80 2 56
81 2 54
81 3 123
81 5 182
79 3 260
80 3 270
80 3 318
79 5 395
79 29 624
79 29 635
79 29 650
79 29 655
79 34 745
79 14 747
79 15 747
79 29 774
79 29 812
79 29 857
79 29 860
79 29 884
85 2 236
87 5 5
87 14 14
87 14 18
87 15 18
89 2 67
88 2 203
89 3 213
89 5 306
89 13 365
89 14 366
89 15 366
91 2 76
88 2 548
91 3 291
88 3 781
91 5 410
91 29 548
91 29 553
91 29 555
91 14 565
96 2 41
97 2 63
96 3 118
88 5 1162
96 5 189
96 13 227
96 14 229
96 15 229
97 3 278
99 2 119
97 5 424
101 2 57
101 2 65
100 2 112
101 3 147
99 3 337
100 3 412
99 5 592
99 21 604
99 34 626
99 14 626
106 2 84
105 2 126
106 3 160
105 3 237
106 5 255
107 2 73
106 13 293
106 14 294
106 15 294
105 5 358
105 14 428
106 13 457
106 14 458
106 15 458
110 2 27
100 5 1116
110 3 119
100 14 1203
100 15 1203
112 2 61
110 5 160
100 14 1225
100 14 1235
100 15 1235
110 13 172
110 14 173
110 15 173
100 5 1362
112 3 194
113 5 6
100 14 1402
100 15 1402
114 2 48
114 3 124
114 5 204
114 13 228
114 14 230
114 15 230
112 5 749
112 13 822
112 14 823
112 15 823
118 2 31
117 2 112
118 3 124
117 3 212
121 2 74
118 5 202
118 21 213
112 5 1125
112 29 1139
112 14 1141
118 13 260
118 14 260
118 15 260
117 5 329
117 13 359
117 14 360
117 15 360
118 13 374
118 14 375
118 15 375
124 2 56
121 3 362
125 5 6
125 14 15
121 5 475
124 3 335
124 5 454
124 21 461
124 34 478
124 14 479
124 34 493
124 14 493
124 34 502
124 14 503
124 34 531
124 15 534
124 14 534
124 34 555
124 14 556
124 34 566
132 5 2
124 14 570
124 15 570
131 2 64
133 2 50
131 3 179
133 3 153
134 2 108
134 2 147
134 2 177
131 5 288
133 5 227
133 29 240
131 13 358
131 14 359
131 15 359
131 13 422
131 14 425
131 15 425
138 2 63
144 2 50
146 2 44
146 3 174
146 5 199
146 14 284
152 2 64
146 34 403
146 14 413
152 3 174
157 2 80
158 2 75
160 2 99
158 3 147
144 3 1111
158 5 204
157 3 283
152 5 424
160 3 193
158 14 259
158 15 259
144 5 1204
160 3 232
158 34 297
158 14 300
158 15 300
157 3 370
158 13 322
158 14 323
158 15 323
157 5 457
168 5 14
152 27 646
152 14 647
157 3 514
168 14 34
165 2 229
169 2 58
167 2 128
166 2 257
170 2 44
167 3 241
170 3 107
169 3 213
166 3 380
167 5 314
170 5 166
169 5 257
165 3 487
169 5 305
174 2 53
167 13 372
167 14 373
167 15 373
176 3 3
175 2 29
166 5 515
170 136 303
170 14 303
169 2 394
166 13 539
166 14 540
166 15 540
165 5 611
170 14 326
170 136 326
144 29 1885
175 3 142
144 13 1891
144 14 1892
144 15 1892
174 2 247
170 136 433
170 14 436
170 15 436
176 5 223
175 5 216
169 3 573
182 2 31
174 3 333
181 2 43
174 3 397
165 5 898
169 5 675
182 3 163
165 34 949
165 14 950
169 2 736
181 3 191
169 5 769
182 5 248
181 5 305
185 5 1
185 14 23
182 29 310
182 29 314
185 34 40
185 14 41
185 14 65
185 34 89
185 14 95
185 15 95
185 2 117
185 5 131
185 29 167
185 14 184
187 2 35
164 2 1402
187 3 109
187 5 170
184 2 598
190 2 71
184 3 699
192 2 27
184 5 768
194 2 39
192 3 84
184 13 790
184 14 791
184 15 791
193 2 62
192 5 130
190 3 231
192 29 159
192 29 161
192 13 167
192 14 169
192 15 169
196 2 55
196 2 65
194 3 143
192 13 201
192 14 201
192 15 201
197 2 98
193 3 170
194 5 212
164 3 1875
199 2 63
198 2 80
198 2 86
196 3 203
194 29 277
200 2 43
193 5 276
199 3 115
195 2 229
193 21 293
190 5 428
193 14 319
193 15 319
201 2 57
196 5 289
200 3 121
199 5 181
204 5 10
196 34 338
196 14 340
200 5 184
197 3 341
204 13 26
204 15 33
204 14 33
200 29 217
200 13 257
200 14 258
200 15 258
164 5 2141
195 3 459
197 5 466
195 5 582
201 3 413
200 13 474
200 14 474
200 15 474
195 13 646
195 14 646
195 15 646
201 5 495
201 136 572
201 14 573
209 2 93
198 3 812
211 2 35
211 3 114
212 2 94
198 5 962
211 5 172
209 3 259
213 5 7
198 13 1005
198 14 1007
198 15 1007
209 3 326
216 2 44
209 5 439
214 2 105
213 29 197
213 29 200
212 3 355
213 29 203
216 3 142
209 13 565
209 14 571
209 15 571
216 5 209
209 13 609
209 14 613
209 15 613
212 5 482
219 2 46
209 13 659
209 14 659
209 15 659
209 13 679
209 14 683
209 15 683
219 3 124
209 13 761
209 14 764
209 15 764
222 5 5
219 5 178
222 5 39
214 3 478
219 13 206
219 14 207
219 15 207
214 5 566
222 5 234
222 34 295
222 14 296
225 2 84
214 13 842
214 14 843
214 15 843
229 2 50
225 3 312
230 2 83
229 3 153
225 5 433
230 2 240
229 5 259
235 5 2
230 3 342
229 13 523
229 14 523
229 15 523
241 2 46
214 27 1516
214 14 1516
230 5 687
241 3 171
230 14 735
241 5 240
230 13 770
230 14 777
230 15 777
243 2 63
230 3 818
242 2 223
241 5 328
241 13 344
241 14 344
241 15 344
241 13 399
241 14 400
241 15 400
241 13 407
241 14 408
241 15 408
246 2 68
243 3 253
132 14 6596
247 2 33
246 3 200
248 2 39
243 5 360
247 3 105
250 5 3
247 5 153
246 5 307
248 3 175
242 3 723
248 5 255
253 2 85
254 2 90
242 5 907
242 21 918
258 2 41
258 2 44
256 2 82
259 2 52
255 2 177
260 2 53
253 3 370
262 2 46
254 3 285
242 5 1162
242 21 1175
256 3 319
255 3 327
262 3 188
260 3 238
264 2 114
259 3 327
254 5 427
253 5 575
255 5 443
256 5 470
264 3 214
269 2 51
258 3 451
256 21 476
259 5 442
270 2 61
262 5 347
260 5 382
260 21 392
271 2 70
272 2 84
264 5 299
275 2 66
264 13 313
264 14 316
264 15 316
254 13 655
254 14 656
254 15 656
269 3 162
259 13 547
259 14 549
259 15 549
277 2 42
260 34 498
260 14 499
260 14 517
254 13 725
254 14 726
254 15 726
269 3 228
256 14 655
255 29 693
258 5 659
272 3 241
256 14 710
275 3 220
255 13 706
255 14 710
255 15 710
269 5 315
271 3 298
256 27 754
256 14 755
270 3 345
258 29 735
277 3 178
256 27 789
256 14 791
280 2 77
283 2 35
255 27 808
255 14 812
255 15 812
272 5 357
271 5 379
277 5 237
264 5 591
275 5 369
275 21 381
264 13 615
264 14 617
264 15 617
280 3 178
277 13 288
277 14 288
277 15 288
287 2 51
283 3 141
269 13 494
269 14 494
269 15 494
270 5 526
280 5 272
270 21 531
287 3 162
259 2 938
259 5 964
283 5 234
259 13 1002
259 14 1004
259 15 1004
290 2 151
287 5 338
255 5 1189
287 13 381
287 14 382
287 15 382
255 29 1250
290 3 296
295 2 65
255 14 1291
297 5 2
290 5 359
296 2 80
297 5 23
297 34 40
297 14 40
290 13 385
290 14 386
290 15 386
297 34 64
297 14 65
297 34 89
297 14 89
295 3 212
290 13 504
290 14 505
290 15 505
295 5 285
296 3 262
303 5 36
304 2 13
304 2 17
304 2 18
304 2 19
304 2 19
304 2 19
306 5 3
303 5 122
303 5 180
296 5 434
296 5 451
306 136 145
306 14 146
306 14 151
306 15 151
308 2 33
307 2 187
303 2 352
308 3 139
296 29 624
296 13 629
296 14 629
296 15 629
303 3 416
296 14 673
296 14 678
303 3 433
308 3 241
303 2 470
303 3 484
303 5 493
303 13 507
303 14 511
303 15 511
308 2 312
308 2 317
307 3 415
311 2 53
307 5 580
255 29 2208
313 2 27
255 2 2375
307 29 777
314 2 42
313 3 106
307 29 807
255 3 2428
307 13 838
307 14 839
307 15 839
255 5 2455
313 5 154
313 13 201
313 14 202
313 15 202
314 3 182
255 13 2623
255 14 2626
255 15 2626
314 5 258
313 13 294
313 14 295
313 15 295
318 2 107
319 2 52
313 13 356
313 14 357
313 15 357
319 3 174
319 5 263
319 14 309
322 2 74
319 14 361
319 15 361
325 2 108
319 14 386
319 15 386
322 3 154
322 5 242
325 3 262
328 2 50
330 2 27
329 2 106
328 3 208
328 5 281
325 5 534
329 3 216
333 2 43
328 5 364
333 3 114
325 5 624
329 5 368
333 5 202
329 34 404
329 14 413
328 13 561
328 14 565
328 15 565
337 2 47
337 3 147
337 5 254
337 13 286
337 14 287
337 15 287
339 2 47
340 2 37
339 3 171
339 5 328
342 2 40
339 21 337
339 13 377
339 14 378
339 15 378
340 3 260
342 3 131
340 5 371
340 14 399
340 15 399
346 2 46
342 5 237
346 2 63
339 13 559
339 14 559
339 15 559
345 2 99
342 29 265
342 13 288
342 14 289
342 15 289
348 2 44
348 2 58
346 3 158
348 3 142
346 5 250
348 5 201
345 3 366
351 5 5
351 29 25
352 2 35
350 2 238
345 5 525
345 21 532
352 3 118
352 5 165
352 21 178
352 14 199
360 2 62
345 29 676
361 2 46
350 3 458
360 3 142
360 5 196
350 5 579
360 3 256
350 13 606
350 14 607
350 15 607
361 3 203
360 5 275
361 5 283
361 136 341
361 14 341
345 5 1054
345 21 1062
366 2 42
366 2 55
366 2 63
345 14 1221
367 2 54
366 3 171
345 13 1380
345 14 1381
345 15 1381
366 5 250
345 14 1412
367 3 246
371 5 2
367 5 360
367 21 373
367 13 495
367 14 497
367 15 497
373 2 50
373 2 70
374 2 110
373 3 267
374 3 299
373 5 331
376 2 74
377 2 78
373 5 403
374 5 382
374 21 389
374 29 432
374 13 457
374 14 460
374 15 460
378 2 108
381 2 48
373 34 521
373 14 522
377 3 255
382 2 39
381 3 123
381 5 183
377 5 349
382 3 137
381 13 251
381 14 251
381 15 251
384 2 66
377 3 466
377 5 491
378 3 473
384 3 179
377 5 551
387 2 38
387 3 84
378 5 604
387 5 142
378 27 771
378 14 774
378 15 774
378 27 804
378 14 807
378 15 807
378 2 847
378 5 882
389 2 46
388 2 135
392 2 50
389 3 196
390 2 189
388 3 261
392 3 179
388 5 342
394 2 31
394 2 36
392 5 241
395 2 38
389 5 331
392 13 269
392 14 272
392 15 272
390 3 353
388 29 424
395 3 124
394 3 151
398 2 39
395 5 216
397 2 79
398 2 45
388 13 579
388 14 581
388 15 581
399 5 10
399 13 22
399 14 23
399 15 23
401 2 44
400 2 86
397 3 197
401 3 143
397 5 304
403 2 68
401 5 205
406 2 74
409 5 4
409 13 19
409 14 19
409 15 19
398 3 352
400 3 303
387 13 1202
403 3 241
387 14 1205
387 15 1205
411 2 63
411 2 104
400 5 444
403 5 380
400 5 501
400 14 520
400 15 520
406 3 383
398 5 621
400 3 586
411 3 274
416 2 33
398 34 731
398 14 731
403 2 552
406 5 496
416 3 95
411 5 397
403 3 623
418 2 41
403 5 642
416 5 195
418 3 144
418 5 233
398 34 1017
398 14 1029
418 29 316
418 13 320
418 14 321
418 15 321
398 34 1117
398 14 1118
422 5 7
423 2 153
428 5 5
430 5 5
428 29 41
427 2 72
431 5 2
423 3 307
427 3 191
423 5 374
427 5 302
427 21 317
427 5 408
427 21 425
434 2 55
433 2 183
427 34 488
427 14 489
434 3 159
434 5 222
433 3 370
437 2 66
433 5 524
437 3 184
440 2 28
433 13 615
433 14 615
433 15 615
437 5 284
441 2 69
437 5 390
440 3 234
443 2 39
428 2 1124
441 3 253
428 3 1166
440 5 354
440 29 371
446 2 33
428 5 1189
443 3 168
428 3 1232
441 5 369
445 2 118
450 2 47
441 14 404
441 15 404
446 3 105
441 14 421
441 15 421
443 5 247
446 5 171
450 3 171
441 34 510
441 14 515
441 15 515
454 2 52
445 3 382
454 3 111
456 2 65
456 2 71
450 5 352
454 5 168
440 29 799
450 29 415
440 29 827
445 5 511
456 3 151
450 34 455
450 14 457
450 14 467
450 15 467
456 3 237
461 2 42
462 2 55
450 13 634
450 14 638
450 15 638
462 3 178
462 5 252
462 13 376
462 14 377
462 15 377
465 2 137
466 2 87
465 3 251
469 2 62
470 2 68
470 2 82
465 5 343
469 3 125
471 2 58
461 3 670
466 3 290
469 5 182
469 13 202
469 14 203
469 15 203
461 5 736
471 3 136
473 5 3
473 5 26
471 5 216
469 13 318
469 14 319
469 15 319
461 13 887
461 15 888
461 14 888
471 13 304
471 14 306
471 15 306
466 5 521
475 2 54
474 2 54
474 2 59
473 29 146
466 14 571
466 15 571
469 3 440
466 5 599
469 2 493
474 3 158
477 2 61
475 3 189
469 3 571
473 29 308
474 5 252
474 21 262
475 5 260
469 5 637
470 3 633
469 21 655
480 2 32
483 5 2
479 2 70
477 3 221
480 3 87
469 14 771
469 15 771
480 5 167
479 3 157
481 2 136
484 2 139
479 5 225
477 5 383
469 5 899
469 13 911
469 14 911
469 15 911
487 2 105
477 29 422
469 27 945
469 14 945
488 2 94
469 27 959
469 14 963
469 15 963
469 27 967
469 14 967
479 14 320
479 34 320
469 13 986
469 14 987
469 15 987
470 5 969
470 34 1038
470 14 1038
484 3 377
488 3 289
481 3 479
493 2 58
493 2 64
497 2 47
492 2 129
488 5 404
497 3 121
481 5 623
497 5 190
481 3 668
488 136 500
488 14 503
488 15 503
502 2 28
492 3 289
481 3 702
488 136 531
488 14 531
481 5 706
481 3 735
487 3 625
502 3 98
487 5 711
502 5 160
502 21 177
487 13 740
487 14 741
487 15 741
492 5 453
492 21 469
492 14 512
492 14 531
492 15 531
505 2 51
497 34 495
497 14 496
492 13 543
492 14 543
492 15 543
502 13 306
502 14 307
502 15 307
497 14 501
497 14 526
497 15 526
506 2 177
497 14 651
502 13 440
502 14 441
502 15 441
508 2 37
505 3 229
492 5 729
492 21 747
505 3 356
506 3 322
508 3 225
505 2 397
505 3 431
506 5 415
511 2 53
505 5 510
508 5 302
506 13 469
506 14 470
506 15 470
512 2 48
511 3 174
516 2 37
505 13 613
505 14 614
505 15 614
508 13 453
508 14 453
508 15 453
511 5 235
516 3 153
518 2 59
516 5 227
520 2 58
512 3 379
512 5 459
522 2 66
520 3 198
520 5 294
505 13 1076
505 14 1077
505 15 1077
522 3 331
528 2 111
493 3 1716
522 5 462
493 5 1800
512 5 891
493 21 1817
530 2 61
528 3 237
528 5 335
533 2 37
530 3 196
512 13 1049
512 14 1052
512 15 1052
534 5 1
534 13 19
534 14 19
534 15 19
528 13 405
528 14 410
528 15 410
530 5 291
533 3 173
505 13 1629
505 15 1633
505 14 1633
530 13 329
530 14 331
530 15 331
533 5 212
536 2 49
539 2 52
541 2 35
540 2 46
541 3 89
540 3 130
541 5 129
539 3 195
540 5 198
543 2 66
539 5 309
539 13 328
539 14 329
539 15 329
540 13 333
540 14 339
540 15 339
539 14 370
539 15 370
544 2 115
547 2 55
539 5 415
539 14 426
539 15 426
541 29 391
541 13 396
541 14 396
541 15 396
539 34 496
539 14 499
539 15 499
549 2 37
550 2 40
543 3 355
547 3 201
549 3 116
550 3 116
547 5 263
550 5 187
547 13 314
547 14 314
547 15 314
541 5 632
549 5 189
544 3 414
552 2 98
551 2 102
550 5 219
555 2 67
543 5 560
541 13 696
541 14 697
541 15 697
539 5 748
554 2 117
554 2 125
554 2 126
554 2 126
554 2 126
554 2 126
554 2 127
554 2 127
554 2 127
544 5 538
554 2 157
554 2 157
555 3 153
543 29 642
543 3 646
554 2 187
555 5 231
552 3 327
544 13 645
544 14 647
544 15 647
554 3 294
552 5 419
554 5 353
554 29 384
551 3 512
552 13 505
552 14 505
552 15 505
557 5 9
557 13 34
557 14 35
557 15 35
547 13 834
547 14 834
547 15 834
544 3 972
551 5 709
563 2 73
562 2 112
547 13 1019
567 2 43
547 14 1019
547 15 1019
566 2 94
567 3 130
563 3 209
570 2 71
566 3 210
563 5 288
563 21 301
563 14 316
562 3 374
563 14 331
566 3 259
570 3 186
567 5 339
567 27 355
567 14 356
574 2 53
562 5 471
530 3 2467
567 27 366
567 14 369
567 15 369
567 27 380
567 14 381
567 27 390
567 14 394
567 15 394
530 2 2515
576 2 75
580 5 26
530 5 2610
580 136 58
580 14 67
574 3 275
562 3 673
576 3 207
584 2 61
574 5 359
585 5 10
586 2 36
574 34 421
574 14 435
576 5 343
576 13 373
576 14 374
576 15 374
584 3 238
586 3 170
586 5 260
584 5 414
584 21 422
591 2 41
591 3 103
595 2 25
591 5 176
591 13 205
594 2 87
591 15 205
591 14 205
595 3 84
596 2 53
595 5 161
597 2 73
596 3 185
600 2 64
601 2 40
594 3 332
602 2 70
596 5 294
600 3 162
596 2 315
596 3 333
597 3 260
601 3 146
596 5 357
597 3 314
601 5 225
597 5 352
600 5 273
601 13 264
601 14 266
601 15 266
597 34 417
597 14 418
602 3 279
597 14 431
597 15 431
597 3 468
597 5 479
602 5 381
603 2 381
603 2 397
608 5 3
606 2 43
602 2 433
602 3 497
606 3 147
602 5 526
611 2 46
603 3 578
612 2 43
606 5 236
613 2 56
611 3 160
612 3 145
606 29 303
613 3 164
611 5 225
611 29 287
603 5 770
611 29 290
611 29 290
611 29 307
612 5 267
603 13 813
603 14 814
603 15 814
611 29 334
613 5 285
616 2 80
617 2 34
613 13 331
613 14 332
613 15 332
612 29 379
619 2 50
619 2 58
619 2 66
617 3 115
616 3 239
619 3 164
618 2 179
617 5 199
620 2 77
619 5 225
617 13 226
617 14 227
617 15 227
616 5 334
622 2 80
620 3 208
618 3 407
616 13 479
616 14 479
616 15 479
618 5 506
620 5 362
600 13 1415
600 14 1416
600 15 1416
620 5 397
630 2 7
611 14 1116
633 2 51
611 5 1173
611 29 1186
611 29 1190
611 29 1190
611 29 1191
611 29 1203
611 29 1203
633 3 135
633 5 204
633 13 309
633 14 310
633 15 310
633 13 446
633 14 447
633 15 447
640 5 7
639 2 49
640 13 57
640 14 58
640 15 58
636 2 217
638 2 170
639 3 174
622 3 1351
642 2 79
639 5 245
644 2 71
639 5 274
622 5 1520
639 2 348
644 3 179
638 3 412
639 3 394
639 5 407
647 2 51
649 2 58
644 5 239
642 3 344
638 5 551
652 5 7
649 3 200
644 34 371
638 13 596
638 14 597
638 15 597
644 14 376
644 15 376
647 2 236
638 27 648
638 14 649
642 5 464
654 2 49
642 2 499
649 5 264
649 29 314
649 29 316
654 3 124
642 3 559
642 5 574
654 5 193
642 2 593
642 5 612
642 5 621
649 5 392
642 5 632
658 2 82
642 5 686
642 2 706
642 5 741
642 5 810
661 2 67
658 3 296
661 2 75
648 2 674
642 13 875
642 14 875
642 15 875
658 5 350
648 2 706
658 21 382
652 13 554
652 14 556
652 15 556
663 5 4
658 5 405
658 2 448
661 3 266
658 3 490
658 5 510
666 2 39
658 21 527
661 5 331
664 2 92
663 14 200
663 15 200
666 3 130
642 14 1194
665 2 196
667 2 58
666 5 198
642 14 1252
642 15 1252
668 2 47
666 3 237
669 5 43
664 3 343
667 3 194
668 3 185
671 2 71
667 3 249
664 5 440
664 21 456
668 5 260
670 2 174
673 2 49
665 3 506
667 5 365
667 21 379
673 3 113
674 2 95
671 3 241
664 34 573
664 14 576
664 15 576
670 3 356
671 5 344
677 2 146
671 3 384
670 5 437
665 5 725
670 29 475
665 29 762
674 3 353
677 3 303
674 5 494
677 5 462
682 2 81
674 13 544
674 14 545
674 15 545
683 2 72
674 5 645
686 2 63
677 13 660
677 14 664
677 15 664
682 3 315
683 3 303
674 13 823
674 14 823
674 15 823
686 3 209
683 5 384
682 5 433
683 13 409
683 14 413
683 15 413
686 5 298
682 14 483
682 13 536
682 14 536
682 15 536
408 5 14656
687 2 74
408 5 14750
687 3 189
682 34 719
682 14 719
682 14 726
682 15 726
689 2 60
691 5 19
688 2 113
687 5 313
682 14 853
688 3 267
689 3 258
682 5 979
683 2 1003
695 2 57
689 5 394
695 3 142
697 2 67
695 5 238
697 3 189
695 29 305
700 2 48
702 5 3
702 13 7
702 14 8
702 15 8
700 2 55
697 5 267
703 2 28
697 34 305
697 14 308
697 15 308
703 3 61
704 2 61
703 5 90
700 3 182
700 5 276
704 3 179
688 5 930
704 5 274
710 2 63
712 5 2
704 13 316
704 14 316
704 15 316
712 13 14
712 14 14
712 15 14
711 2 74
712 13 52
712 14 52
712 15 52
710 3 214
704 2 450
704 3 491
704 5 503
704 13 512
704 14 513
704 15 513
710 5 299
710 2 322
710 5 326
710 5 331
711 3 321
713 2 91
711 5 411
714 2 126
711 5 518
719 2 101
714 3 271
719 3 245
713 3 356
714 5 348
714 29 376
714 136 379
714 14 380
647 2 4132
714 29 421
713 5 447
722 2 53
723 2 53
723 2 54
723 2 61
719 5 359
714 34 475
714 14 480
714 15 480
725 2 51
714 29 507
714 29 518
725 2 53
714 29 529
723 3 165
725 3 132
723 5 248
723 5 268
633 13 5342
633 14 5343
633 15 5343
722 3 283
723 3 275
727 2 160
725 5 242
722 5 318
725 13 254
725 14 256
725 15 256
730 2 49
731 5 2
722 13 357
722 14 358
722 15 358
731 13 55
731 14 55
731 15 55
730 3 147
727 3 289
730 5 198
727 5 453
734 2 67
731 5 499
731 13 516
731 14 517
731 15 517
740 5 5
712 2 1534
731 5 550
738 2 98
731 13 596
731 14 596
731 15 596
712 3 1623
744 5 4
744 13 16
744 14 18
744 15 18
734 3 340
738 3 271
734 5 404
746 5 3
746 13 24
746 14 25
746 15 25
734 34 510
734 14 512
734 15 512
712 5 1871
734 34 542
734 14 544
734 15 544
745 2 84
745 2 87
712 3 1923
712 5 1941
712 34 1963
712 14 1965
712 15 1965
712 14 1976
712 15 1976
747 2 110
749 2 108
745 3 265
752 2 62
752 2 67
752 2 73
747 3 234
711 13 2214
711 14 2215
711 15 2215
731 5 1178
752 3 158
755 5 4
749 3 303
756 5 2
747 5 472
731 13 1344
731 14 1344
731 15 1344
749 5 592
749 21 602
761 5 6
761 29 36
761 29 48
749 3 649
761 14 62
761 15 62
762 2 52
756 34 323
756 14 323
756 14 341
756 27 390
756 14 390
762 3 174
762 5 243
760 2 474
760 3 553
760 5 624
760 13 657
760 14 658
760 15 658
768 2 113
749 5 1154
770 2 61
768 3 229
772 2 65
774 2 46
770 3 194
773 2 95
772 3 192
774 3 172
770 5 346
774 5 242
770 13 391
770 14 392
770 15 392
781 2 30
773 3 297
779 2 146
772 5 357
781 3 103
768 5 591
781 5 156
779 3 241
773 5 490
783 2 80
785 2 51
783 3 152
786 2 72
785 3 145
785 5 212
785 29 249
788 2 167
788 2 187
788 2 196
788 2 199
788 2 199
788 2 199
768 13 1073
768 14 1073
768 15 1073
790 2 31
788 2 207
788 2 216
791 2 35
788 2 273
788 2 290
791 5 88
788 2 320
790 3 137
788 2 332
790 5 191
788 2 380
794 2 47
788 3 489
793 3 189
788 5 577
793 5 221
793 21 231
727 5 3618
794 3 260
798 2 84
794 5 325
794 13 361
794 14 362
794 15 362
801 2 53
798 3 274
803 2 57
790 29 756
790 13 773
790 14 775
790 15 775
804 2 49
801 3 189
805 2 55
798 5 398
801 5 247
804 3 163
804 5 296
806 2 54
805 3 378
805 5 442
806 3 176
809 2 119
811 2 89
813 2 63
807 2 196
806 5 263
806 21 269
815 2 99
815 2 115
815 2 117
807 3 283
815 2 126
808 2 300
808 2 303
813 3 193
807 5 400
815 3 267
811 3 328
813 5 307
808 3 404
807 13 451
807 14 454
807 15 454
808 5 514
820 2 94
815 5 385
809 3 526
821 2 32
811 5 495
809 5 598
815 13 514
815 14 514
815 15 514
790 5 1811
823 2 122
826 2 96
790 34 1833
790 14 1835
790 14 1838
790 15 1838
827 5 7
826 3 167
820 3 323
827 34 35
827 14 37
827 15 37
827 14 56
827 15 56
819 2 389
809 3 790
821 3 278
826 5 215
826 3 229
809 5 856
821 5 381
819 3 544
808 13 992
808 14 992
808 15 992
820 5 561
820 21 568
823 3 433
820 13 599
820 14 599
820 15 599
819 5 654
819 34 706
819 14 707
808 13 1115
808 14 1116
808 15 1116
831 2 54
823 5 653
823 21 660
829 2 194
829 2 208
829 2 222
833 2 39
833 3 100
829 3 329
834 2 135
833 3 153
831 3 275
833 5 158
829 5 427
831 5 366
829 13 474
829 14 478
829 15 478
808 13 1595
808 14 1595
808 15 1596
831 34 509
831 14 512
831 15 512
834 3 434
834 5 511
834 21 520
843 2 36
842 2 61
842 2 63
842 2 78
845 2 49
842 3 196
845 3 154
845 5 227
855 2 24
855 2 43
855 3 157
857 2 59
857 3 170
857 5 280
857 29 379
857 29 387
860 2 48
861 2 52
862 2 86
860 3 215
862 3 187
738 5 7544
865 2 75
860 5 325
857 29 836
865 3 157
861 3 329
862 5 311
860 13 399
860 14 400
860 15 400
861 5 410
865 5 281
865 21 290
865 13 311
865 14 312
865 15 312
862 13 444
862 14 444
862 15 444
861 29 551
870 2 94
861 29 579
738 5 7880
861 29 591
865 27 434
865 14 435
865 15 435
869 2 182
873 2 66
862 13 641
862 14 641
862 15 641
870 2 202
877 2 44
869 3 373
873 3 271
870 3 418
877 3 133
870 5 455
869 3 471
877 5 204
869 5 492
861 29 992
869 13 567
869 14 568
869 15 568
882 5 4
873 5 499
869 34 679
869 14 681
869 15 681
883 2 67
782 2 6505
883 3 217
883 5 277
883 14 291
888 2 81
782 3 6979
889 2 43
782 5 7064
890 2 49
892 2 64
893 2 65
888 3 386
894 5 8
894 29 34
894 13 47
894 14 48
894 15 48
889 3 193
888 5 524
890 3 261
889 5 283
892 3 274
889 34 352
889 14 354
889 15 354
889 3 366
890 5 388
897 2 76
899 2 35
892 5 443
900 2 84
899 3 131
897 3 214
899 5 206
899 14 216
897 5 286
899 14 237
899 14 251
900 3 252
900 5 336
900 34 430
900 14 433
900 15 433
900 34 455
900 14 456
904 2 63
904 3 173
907 2 60
904 5 423
904 21 428
908 5 5
907 3 208
909 5 11
908 13 69
908 14 70
908 15 70
904 34 593
904 14 593
907 5 295
913 2 197
914 2 130
907 5 765
914 3 279
914 5 404
917 2 92
913 3 752
917 3 217
917 5 358
917 14 391
913 3 945
917 14 410
921 2 30
920 2 124
922 2 62
921 3 173
921 5 228
922 3 179
920 3 317
921 13 308
921 14 309
921 15 309
926 2 41
926 2 52
927 13 0
926 3 100
922 5 304
927 5 10
921 13 403
921 14 407
921 15 407
922 34 359
922 14 359
926 5 160
928 2 59
922 13 385
922 14 385
922 15 385
920 5 500
926 13 195
926 14 195
926 15 195
920 13 646
920 14 646
920 15 646
928 3 306
922 13 628
922 14 629
922 15 629
928 5 549
928 14 578
928 15 578
928 14 589
928 15 589
932 2 64
938 2 38
938 3 116
938 5 171
940 2 172
940 2 218
940 3 295
940 5 346
944 2 57
940 5 368
940 13 387
940 14 391
940 15 391
945 5 7
945 2 108
944 3 426
945 3 195
945 5 236
945 14 259
944 5 604
945 14 274
945 15 274
947 5 3
947 5 6
949 2 33
949 3 109
944 29 892
949 5 169
952 2 68
952 2 75
952 2 82
952 3 204
952 3 351
953 2 132
953 2 136
953 2 137
953 2 210
954 2 44
954 3 137
955 2 86
954 5 209
953 3 390
954 14 238
955 3 178
954 34 301
954 34 324
954 14 325
955 5 284
957 2 186
952 2 1062
960 2 115
952 3 1103
961 2 77
952 5 1173
952 13 1231
952 14 1231
952 15 1231
960 3 311
961 3 273
960 5 435
957 3 681
961 5 377
960 29 478
966 2 63
966 3 172
967 2 189
966 5 271
966 13 297
966 14 297
966 15 297
969 2 54
970 2 77
969 3 214
973 2 57
974 2 35
967 2 590
969 5 318
970 3 273
969 5 353
973 3 154
974 3 135
967 3 717
974 5 178
973 5 238
970 5 413
974 13 229
974 14 230
974 15 230
967 5 800
976 2 72
978 2 43
977 2 42
974 13 364
974 14 366
974 15 366
967 14 914
977 3 149
976 3 205
978 3 193
977 5 189
979 5 4
977 29 248
977 13 264
977 14 265
977 15 265
978 5 337
978 14 375
978 14 388
978 15 388
988 2 79
989 2 33
989 3 103
989 5 150
992 2 39
991 2 42
994 2 48
992 3 105
994 3 123
995 2 57
992 5 157
994 5 175
992 136 215
992 14 218
992 15 218
995 3 169
994 29 275
994 13 279
994 14 280
994 15 280
995 5 261
996 2 64
996 2 74
996 2 74
996 2 84
