10 1 665
10 5 669
10 6 674
10 7 674
12 4 596
12 5 718
12 6 727
12 7 728
12 21 729
33 1 1294
33 5 1297
33 6 1302
33 7 1302
38 6 946
38 7 946
38 13 969
38 30 969
38 14 969
38 15 969
56 6 605
56 7 605
56 21 609
56 1 627
56 13 629
56 14 631
56 15 631
63 3 904
63 4 935
63 5 956
63 6 959
70 8 1123
70 19 1136
70 34 1136
70 14 1136
70 25 1144
70 6 1144
70 7 1144
70 8 1165
70 19 1169
70 34 1169
70 14 1172
70 25 1280
70 6 1280
70 7 1281
77 8 799
77 13 805
77 14 806
77 15 806
79 8 608
79 29 624
79 8 630
79 29 635
79 8 637
79 29 650
79 8 653
79 29 655
79 8 657
79 8 700
79 19 745
79 34 745
79 14 747
79 15 747
82 25 602
82 6 602
82 7 602
79 25 759
79 6 760
79 7 760
82 13 607
82 30 607
82 14 609
82 15 609
79 8 767
79 29 774
79 8 790
79 29 812
79 8 815
79 8 824
79 29 857
79 29 860
79 8 879
79 29 884
77 1 3015
77 5 3026
77 6 3030
77 7 3031
88 3 781
88 4 861
88 5 1162
88 6 1169
88 7 1169
99 5 592
99 6 603
99 7 604
99 21 604
99 8 617
99 1 625
99 19 626
99 34 626
99 14 626
100 5 1116
100 6 1133
100 7 1133
100 8 1141
100 19 1200
100 14 1203
100 15 1203
100 25 1215
100 6 1216
100 7 1216
100 19 1224
100 14 1225
100 14 1235
100 15 1235
100 1 1335
100 25 1359
100 5 1362
100 6 1372
100 7 1372
100 19 1400
100 14 1402
100 15 1402
111 4 631
111 5 706
111 6 714
111 7 714
111 8 729
111 4 763
112 5 749
111 5 769
111 6 777
111 7 778
111 8 781
112 6 758
112 7 758
111 8 802
112 8 787
112 8 807
112 1 822
112 13 822
112 14 823
112 15 823
112 1 1123
112 5 1125
112 6 1132
112 7 1132
112 8 1134
112 29 1139
112 1 1141
112 19 1141
112 14 1141
112 25 1162
112 6 1162
112 7 1162
115 1 2069
115 5 2078
115 6 2087
115 7 2087
115 13 2091
115 14 2091
115 15 2091
122 6 1583
122 7 1583
139 5 628
139 6 632
139 7 633
139 8 652
139 29 674
139 1 702
139 13 708
139 30 708
139 14 711
139 15 711
122 8 2035
127 4 1801
127 5 1804
122 13 2040
122 30 2040
122 14 2042
122 15 2042
144 3 1111
144 4 1164
151 3 609
144 5 1204
144 6 1211
144 7 1212
144 8 1244
151 4 763
152 1 645
152 26 646
152 27 646
152 14 647
151 5 840
151 6 844
151 7 844
151 21 847
144 8 1489
151 26 891
151 14 894
165 5 611
165 6 620
165 7 620
144 29 1885
144 8 1887
144 13 1891
144 30 1892
144 14 1892
144 15 1892
165 8 699
165 8 700
169 4 664
165 4 882
165 5 898
169 5 675
169 6 682
169 7 682
169 8 700
144 25 2115
144 6 2115
144 7 2115
165 6 920
165 7 920
165 8 949
165 34 949
165 19 949
165 14 950
165 6 955
165 7 955
165 8 959
169 2 736
166 6 917
166 7 917
166 4 917
151 1 1593
151 5 1605
151 6 1608
151 7 1609
151 21 1611
165 8 963
165 8 969
165 4 975
169 25 767
169 5 769
169 6 775
169 7 775
173 5 692
173 6 701
173 4 718
173 3 719
178 5 632
178 6 648
178 7 648
178 21 649
164 1 1297
178 8 766
164 2 1402
178 29 821
178 8 828
178 29 860
178 8 873
184 2 598
178 29 932
183 3 766
178 8 966
184 3 699
184 4 732
184 5 768
184 6 784
184 7 784
184 1 790
184 13 790
184 14 791
184 15 791
164 3 1875
164 4 1986
164 5 2141
164 6 2157
164 7 2157
164 8 2199
195 6 597
195 7 597
195 8 630
195 1 646
195 13 646
195 14 646
195 15 646
197 8 690
197 4 735
201 25 607
201 6 608
201 7 608
201 8 617
198 3 812
203 5 618
203 6 629
203 7 629
203 8 635
192 25 1089
192 6 1089
192 7 1089
205 5 607
205 6 614
205 7 614
198 4 905
198 5 962
205 8 654
205 8 668
205 1 676
205 13 676
205 14 679
205 15 679
198 6 971
198 7 972
198 13 1005
198 30 1005
198 14 1007
198 15 1007
203 8 865
178 4 2289
178 3 2306
178 4 2320
178 5 2342
178 6 2346
178 7 2346
178 21 2347
178 8 2361
203 8 1001
178 29 2397
178 1 2402
178 13 2402
178 14 2409
178 15 2409
209 25 604
209 6 604
209 7 604
209 13 609
209 30 609
209 14 613
209 15 613
203 8 1075
203 8 1087
209 25 652
209 6 652
209 7 652
209 13 659
209 30 659
209 14 659
209 15 659
209 25 672
209 6 672
209 7 672
203 13 1141
203 14 1141
203 15 1141
209 8 676
209 13 679
209 30 679
209 14 683
209 15 683
209 25 756
209 6 757
209 7 757
209 13 761
209 30 761
209 14 764
209 15 764
214 30 842
214 13 842
214 14 843
214 15 843
214 6 1507
214 7 1507
214 26 1516
214 27 1516
214 14 1516
230 5 687
230 6 695
230 7 695
230 19 732
230 14 735
230 6 742
230 7 743
230 13 770
230 14 777
230 15 777
230 6 815
230 7 815
230 4 817
230 3 818
132 26 6595
132 14 6596
236 1 667
242 3 723
244 29 638
244 8 639
242 4 816
244 29 687
244 8 688
242 5 907
242 6 914
242 7 914
242 21 918
242 8 1140
242 4 1155
242 5 1162
242 6 1171
242 7 1171
242 21 1175
242 8 1189
251 4 749
244 13 1253
244 14 1255
244 15 1255
251 5 862
251 7 878
251 6 878
254 13 655
254 30 656
254 14 656
254 15 656
256 8 613
251 8 891
251 1 900
251 19 900
251 34 900
251 14 901
251 25 910
251 6 911
251 7 911
256 8 641
251 19 938
251 136 938
251 14 942
251 6 947
251 7 947
254 6 711
254 7 711
254 13 725
254 30 725
254 14 726
254 15 726
256 26 655
256 14 655
251 19 964
251 136 965
251 14 966
251 6 970
251 7 970
255 29 693
255 8 696
258 5 659
256 6 688
256 7 688
256 8 695
256 26 706
256 14 710
255 30 706
255 13 706
255 14 710
255 15 710
258 6 675
258 7 675
256 6 746
256 7 746
256 26 754
256 27 754
256 282 755
256 14 755
256 6 758
256 7 758
258 8 731
258 29 735
256 8 779
256 26 789
256 27 789
256 14 791
256 6 797
256 7 797
255 6 801
255 7 801
255 26 808
255 27 808
255 14 812
255 15 812
256 8 810
256 8 850
264 5 591
264 6 603
264 7 603
264 13 615
264 30 615
264 14 617
264 15 617
259 1 921
259 2 938
259 25 959
259 5 964
255 7 1034
255 6 1034
259 6 971
259 7 971
259 8 985
259 1 1000
259 13 1002
259 14 1004
259 15 1004
255 8 1072
275 8 680
255 4 1186
255 5 1189
255 6 1195
255 7 1195
255 8 1204
278 8 595
257 3 1250
255 29 1250
255 8 1257
278 8 623
255 26 1290
255 14 1291
278 8 637
278 4 649
278 3 655
257 4 1282
257 5 1330
257 6 1341
257 7 1341
255 6 1371
255 7 1371
255 8 1388
255 8 1416
257 1 1407
257 13 1410
257 30 1410
257 14 1411
257 15 1412
255 8 1516
296 29 624
296 13 629
296 14 629
296 15 629
296 6 661
296 7 661
296 19 672
296 14 673
296 26 677
296 14 678
255 29 2208
301 13 745
301 14 748
301 15 748
255 8 2209
255 8 2235
307 8 652
307 8 684
307 8 695
307 8 711
307 8 737
307 8 743
255 2 2375
307 29 777
307 8 778
301 7 949
301 6 949
301 4 950
301 3 950
307 29 807
307 8 808
255 3 2428
255 4 2440
307 13 838
307 14 839
307 15 839
255 5 2455
255 6 2459
255 7 2459
255 8 2476
255 13 2623
255 14 2626
255 15 2626
293 3 1619
293 4 1659
293 5 1711
293 6 1716
293 7 1716
296 6 1543
296 7 1544
296 4 1544
325 8 594
325 1 621
325 5 624
325 6 632
325 7 632
327 5 681
327 6 684
327 7 684
328 25 641
328 6 641
328 7 641
341 3 829
341 4 884
341 5 912
341 6 915
341 7 915
341 8 937
345 29 676
345 8 681
345 8 757
345 8 836
345 8 836
350 6 591
350 7 591
345 8 869
350 13 606
350 14 607
350 15 607
345 8 963
345 8 1006
345 4 1046
345 5 1054
345 6 1061
345 7 1061
345 21 1062
345 8 1148
345 26 1220
345 282 1220
345 14 1221
345 25 1270
345 6 1270
345 7 1270
345 8 1275
345 13 1380
345 14 1381
345 15 1381
345 25 1401
345 6 1401
345 7 1401
345 8 1408
345 26 1411
345 282 1412
345 14 1412
359 25 1027
359 6 1027
359 7 1027
363 1 824
363 5 829
363 6 832
363 7 833
363 21 835
363 1 836
365 25 606
365 6 606
365 7 606
363 5 843
363 6 846
363 7 846
363 21 849
363 25 865
363 5 866
363 6 871
363 7 871
363 8 876
363 5 909
363 6 916
363 7 916
368 19 663
368 34 663
368 14 663
374 1 722
378 5 604
378 6 608
378 7 609
365 8 1606
378 26 771
378 27 771
378 14 774
378 15 774
378 25 788
378 6 788
378 7 789
378 26 803
378 27 804
378 14 807
378 15 807
378 25 812
378 6 813
378 7 813
378 2 847
378 25 881
378 5 882
378 6 888
378 7 889
377 8 1189
385 26 1227
385 14 1238
377 8 1649
387 8 1188
387 13 1202
387 30 1202
387 14 1205
387 15 1205
396 8 618
396 1 635
396 136 635
396 19 635
396 14 638
396 26 715
396 14 722
396 25 739
396 6 739
396 7 739
398 5 621
398 6 629
398 7 630
398 8 709
398 19 731
398 34 731
398 14 731
298 1 7364
298 5 7369
398 25 745
398 6 745
398 7 745
298 6 7377
298 7 7377
398 8 786
403 3 623
403 4 633
405 8 613
403 5 642
403 6 652
403 7 652
405 29 649
398 8 827
398 8 928
398 8 941
398 8 957
398 19 1017
398 34 1017
398 14 1029
398 25 1042
398 6 1042
398 7 1042
398 8 1058
398 8 1062
398 8 1095
398 19 1117
398 34 1117
398 14 1118
398 25 1125
398 6 1125
398 7 1125
404 6 1042
404 7 1043
414 29 752
414 8 753
414 29 756
414 8 757
414 8 779
414 29 792
414 8 797
414 29 804
414 8 814
414 29 825
421 25 827
421 7 827
421 6 827
421 13 833
421 30 833
421 15 834
421 14 834
421 25 910
421 6 910
421 7 910
421 8 915
421 13 918
421 30 918
421 14 919
421 15 919
421 25 1026
421 6 1026
421 7 1026
421 13 1038
421 30 1038
421 14 1039
421 15 1039
408 1 1954
421 25 1173
421 6 1173
421 7 1173
433 1 614
433 13 615
433 30 615
433 14 615
433 15 615
421 13 1185
421 30 1185
421 14 1186
421 15 1186
428 1 1089
428 2 1124
428 3 1166
428 4 1179
428 5 1189
428 6 1195
428 7 1195
428 8 1210
428 4 1228
428 3 1232
436 3 603
436 4 659
436 5 745
436 6 749
436 7 749
438 6 800
438 7 800
438 19 817
438 14 821
438 15 821
436 2 867
438 6 838
438 7 838
438 8 848
438 19 879
438 34 879
438 14 883
438 15 884
438 25 888
438 6 888
438 7 888
438 8 903
438 8 916
438 19 925
438 34 926
438 14 926
438 14 932
438 15 932
440 29 799
436 25 973
436 5 973
436 6 982
436 7 982
440 8 801
440 29 827
374 1 4839
450 8 627
450 13 634
450 14 638
450 15 638
436 8 1350
436 1 1449
436 19 1449
436 34 1449
436 14 1450
436 6 1459
436 7 1459
436 8 1521
436 8 1550
436 19 1563
436 34 1563
436 14 1564
436 25 1587
436 6 1587
436 7 1587
436 8 1630
436 8 1653
436 19 1656
436 34 1656
436 14 1657
461 3 670
461 4 690
461 5 736
461 7 752
461 6 752
444 2 1472
461 13 887
461 30 887
461 15 888
461 14 888
444 3 1573
466 1 591
466 5 599
444 4 1618
444 5 1639
444 6 1643
444 7 1644
444 13 1673
444 30 1673
444 14 1674
444 15 1674
469 4 618
469 5 637
470 3 633
469 6 652
469 7 653
469 21 655
469 8 737
469 8 745
469 26 769
469 14 771
469 15 771
444 6 1967
444 7 1967
444 8 1972
444 13 1996
444 14 1998
444 15 1998
470 4 869
469 1 895
469 5 899
469 6 904
469 7 904
469 8 909
469 13 911
469 14 911
469 15 911
469 6 937
469 7 937
469 26 944
469 27 945
469 14 945
474 8 608
469 25 954
469 6 954
469 7 954
469 26 959
469 27 959
469 14 963
469 15 963
469 6 964
469 7 964
469 26 967
469 27 967
469 14 967
469 6 969
469 7 970
474 8 643
469 13 986
469 30 986
469 14 987
469 15 987
470 5 969
470 6 985
470 7 985
444 6 2159
444 7 2160
444 8 2170
470 8 1029
470 1 1038
470 19 1038
470 34 1038
470 14 1038
476 29 636
444 29 2257
444 8 2259
444 26 2282
444 27 2282
444 14 2285
444 15 2285
444 6 2389
444 7 2389
481 5 623
481 6 638
481 7 638
481 4 661
481 3 668
485 8 618
481 3 702
481 25 706
481 5 706
485 8 668
481 6 722
481 7 722
481 8 725
481 3 735
487 3 625
470 6 1390
470 7 1390
487 4 675
487 5 711
487 6 727
487 7 728
485 8 798
487 13 740
487 14 741
487 15 741
490 1 592
490 4 601
490 5 611
490 6 627
490 7 628
490 21 629
497 8 594
497 8 607
497 8 630
497 26 650
497 14 651
492 6 711
492 7 711
497 25 654
497 6 654
497 7 654
492 5 729
492 6 746
492 7 746
492 21 747
505 13 613
505 30 613
505 14 614
505 15 614
505 6 742
505 7 742
505 30 1076
505 13 1076
505 14 1077
505 15 1077
493 3 1716
512 4 786
519 1 597
519 26 597
519 27 598
519 14 599
519 15 599
493 4 1771
493 5 1800
512 5 891
512 6 894
512 7 894
493 6 1816
493 7 1816
493 21 1817
512 8 905
512 13 1049
512 30 1049
512 14 1052
512 15 1052
526 8 592
505 25 1626
505 7 1626
505 6 1626
505 13 1629
505 30 1629
505 15 1633
505 14 1633
529 4 708
526 4 1040
526 5 1045
526 6 1063
526 7 1063
529 5 1010
529 6 1013
529 7 1013
529 1 1130
529 13 1131
529 30 1131
529 14 1131
529 15 1131
529 6 1165
529 7 1165
529 2 1187
529 3 1197
529 4 1200
535 5 668
535 6 672
535 7 672
529 5 1209
529 6 1213
529 7 1213
529 19 1223
529 136 1223
529 14 1224
535 8 695
529 6 1276
529 7 1276
529 19 1285
529 136 1285
529 14 1285
535 1 754
535 13 754
535 30 754
535 14 758
535 15 758
529 6 1294
529 7 1295
529 19 1302
529 136 1303
529 14 1303
529 6 1329
529 7 1329
529 19 1340
529 136 1340
529 14 1341
529 6 1350
529 7 1351
529 19 1362
529 136 1362
529 14 1363
529 6 1379
529 7 1379
529 19 1390
529 136 1391
529 14 1391
529 6 1402
529 7 1402
408 1 7690
541 1 623
541 5 632
541 6 644
541 7 645
541 13 696
541 30 696
541 14 697
541 15 697
539 1 742
539 5 748
539 6 761
539 7 762
539 8 767
543 8 596
539 8 784
543 8 631
543 29 642
543 4 646
543 3 646
544 13 645
544 14 647
544 15 647
548 3 770
547 25 819
547 6 819
547 7 819
547 13 834
547 30 834
547 14 834
547 15 834
548 4 840
551 4 646
544 6 972
544 7 972
544 3 972
548 5 894
548 6 896
551 5 709
551 6 712
551 7 712
551 8 729
551 8 771
547 25 1013
547 6 1013
547 7 1013
547 13 1019
547 30 1019
547 14 1019
547 15 1019
530 6 2425
530 7 2426
530 4 2456
530 3 2467
530 2 2515
560 3 611
530 25 2580
530 25 2609
530 5 2610
530 6 2614
530 7 2614
560 4 655
562 4 672
562 3 673
568 8 600
568 8 618
568 8 622
568 8 625
560 5 773
560 6 789
560 7 790
569 25 643
569 6 643
569 7 643
569 8 654
569 8 661
408 1 9867
570 1 1447
575 3 1446
575 4 1501
575 5 1565
575 6 1581
575 7 1581
575 8 1632
575 29 1645
575 8 1648
575 8 1676
575 8 1717
603 4 675
575 8 1785
604 7 710
604 6 710
604 8 717
604 26 733
604 14 736
605 4 604
603 5 770
603 6 787
603 7 787
605 5 664
605 6 678
605 7 678
575 8 1880
603 1 813
603 13 813
603 30 814
603 14 814
603 15 814
604 6 856
604 7 856
605 8 729
605 1 746
605 13 747
605 30 747
605 14 767
605 15 767
575 8 1956
600 13 1415
600 14 1416
600 15 1416
605 25 1375
605 6 1375
605 7 1375
605 8 1380
605 13 1393
605 30 1394
605 14 1396
605 15 1396
611 26 1116
611 14 1116
611 6 1166
611 7 1166
611 4 1166
611 5 1173
611 6 1177
611 7 1177
611 8 1186
611 29 1186
611 8 1189
611 29 1190
611 29 1190
611 8 1191
611 29 1191
611 8 1192
611 29 1203
611 29 1203
611 8 1204
611 8 1229
628 13 596
628 30 596
628 14 601
628 15 601
628 1 733
628 5 739
628 6 743
628 7 743
631 8 620
631 8 624
628 21 747
631 8 664
408 1 11996
622 3 1351
628 1 1167
628 1 1167
622 4 1438
628 5 1172
628 5 1174
628 6 1176
628 7 1176
628 6 1177
628 7 1177
628 21 1180
622 5 1520
622 7 1527
622 6 1527
638 1 594
638 13 596
638 30 596
638 14 597
638 15 597
638 6 643
638 7 644
638 26 648
638 27 648
638 14 649
641 13 591
641 30 591
641 14 592
641 15 592
642 2 593
642 25 612
642 5 612
642 6 615
642 25 621
642 5 621
642 6 622
642 25 632
642 5 632
642 6 635
642 25 686
642 5 686
642 6 688
642 2 706
641 6 833
641 7 833
642 25 741
642 5 741
642 6 748
642 7 748
642 8 799
642 5 810
642 6 815
642 7 815
643 8 791
643 8 798
643 8 817
648 2 674
642 1 875
642 13 875
642 14 875
642 15 875
643 8 856
648 2 706
651 8 598
651 8 603
653 1 607
653 5 610
653 6 620
653 7 620
643 8 1026
643 8 1061
643 8 1073
642 6 1108
642 7 1108
643 13 1113
643 14 1113
643 15 1113
628 1 2234
628 5 2237
628 6 2240
628 7 2240
642 26 1193
642 14 1194
642 6 1196
642 7 1197
628 26 2270
628 27 2271
628 14 2272
642 26 1249
642 14 1252
642 15 1252
628 25 2290
628 6 2290
628 7 2290
628 1 2304
628 5 2310
642 6 1255
642 7 1255
628 6 2313
628 7 2313
643 25 1275
643 6 1275
643 7 1275
643 13 1285
643 30 1285
643 14 1286
643 15 1286
659 8 818
659 8 924
665 4 626
665 5 725
665 6 740
665 7 740
665 8 762
665 29 762
665 8 763
674 1 635
674 5 645
674 8 652
674 6 652
674 7 652
677 8 602
677 8 642
677 13 660
677 14 664
677 15 664
674 13 823
674 14 823
674 15 823
680 3 694
680 4 724
680 5 750
680 6 753
680 7 753
680 8 781
680 8 792
680 8 799
680 8 806
680 8 811
682 6 711
682 7 712
682 8 715
680 8 817
680 8 829
682 19 718
682 34 719
682 14 719
682 14 726
682 15 726
682 25 838
682 6 838
682 7 839
682 26 851
682 14 853
680 19 989
680 34 989
680 14 990
682 6 872
682 7 872
680 25 995
680 6 995
680 7 995
680 8 1009
680 19 1011
680 34 1011
680 14 1015
680 15 1015
680 25 1016
680 6 1017
680 7 1017
683 1 944
682 5 979
682 6 993
682 7 993
683 2 1003
688 4 845
688 5 930
688 6 944
688 7 944
688 8 984
688 8 1054
675 1 2657
675 5 2670
675 8 2676
675 6 2676
675 7 2677
706 1 723
706 5 726
675 29 2706
675 13 2725
675 30 2725
675 14 2725
675 15 2725
647 1 4097
647 2 4132
633 25 5336
633 6 5336
633 7 5337
633 13 5342
633 30 5343
633 14 5343
633 15 5343
726 3 594
726 4 631
724 3 764
712 1 1460
726 5 655
726 6 658
726 7 658
647 1 4904
726 8 701
712 2 1534
724 4 881
625 2 6406
731 1 595
731 13 596
731 30 596
731 14 596
731 15 596
712 3 1623
724 5 963
724 6 968
724 7 968
726 8 878
724 8 1019
724 29 1056
733 1 600
733 5 606
733 6 614
733 7 615
625 2 6557
724 1 1092
724 13 1093
724 30 1093
724 14 1094
724 15 1094
733 8 626
733 13 638
733 14 640
733 15 640
625 3 6592
712 4 1797
625 4 6636
712 5 1871
712 6 1874
712 7 1875
625 5 6681
733 1 746
625 6 6685
625 7 6685
733 5 751
733 6 760
733 7 760
625 8 6719
733 13 782
733 30 782
733 14 786
733 15 786
712 3 1923
712 25 1941
712 5 1941
712 6 1943
712 7 1943
712 8 1957
712 19 1963
712 34 1963
712 14 1965
712 15 1965
712 26 1975
712 14 1976
712 15 1976
711 13 2214
711 14 2215
711 15 2215
731 1 1176
731 5 1178
731 6 1182
731 7 1182
731 8 1340
731 1 1343
731 13 1344
731 30 1344
731 14 1344
731 15 1344
625 29 7189
737 8 978
625 8 7193
625 8 7210
737 13 995
737 14 996
737 15 996
749 5 592
749 6 600
749 7 600
749 21 602
749 4 638
749 3 649
749 1 1085
760 5 624
760 6 640
760 7 640
760 8 651
749 1 1136
760 1 656
760 30 657
760 13 657
760 14 658
760 15 658
749 5 1154
749 6 1161
749 7 1162
728 1 2378
728 5 2387
728 6 2391
728 7 2391
728 8 2396
728 13 2400
728 14 2401
728 15 2401
766 1 637
768 5 591
768 6 606
768 7 606
773 8 603
774 8 600
773 8 651
773 8 683
774 8 665
768 8 1068
768 1 1073
768 13 1073
768 14 1073
768 15 1073
727 1 3616
727 5 3618
788 8 610
790 29 756
790 8 757
790 8 766
768 7 1826
768 6 1826
768 8 1827
768 8 1839
790 13 773
790 14 775
790 15 775
790 25 880
790 6 880
790 7 880
797 8 605
794 6 847
794 7 847
802 3 663
802 4 693
802 5 711
802 6 727
808 8 596
809 5 598
809 7 602
809 6 602
790 1 1810
790 5 1811
809 8 656
790 6 1819
790 7 1819
790 8 1825
790 19 1833
790 34 1833
790 14 1835
790 14 1838
790 15 1838
809 8 732
809 4 788
809 3 790
809 1 851
809 5 856
809 6 861
809 7 861
794 4 1775
808 8 967
819 4 612
808 13 992
808 30 992
808 14 992
808 15 992
820 1 599
820 13 599
820 14 599
820 15 599
819 5 654
819 6 663
819 7 663
819 8 698
819 19 706
819 34 706
819 14 707
808 25 1091
808 6 1091
808 7 1091
819 25 722
819 6 722
819 7 722
819 8 725
808 8 1096
808 13 1115
808 30 1115
808 14 1116
808 15 1116
777 1 2989
777 5 2993
777 6 2999
777 7 2999
777 1 3003
777 5 3006
777 6 3009
777 7 3009
777 8 3012
777 29 3013
777 8 3014
777 29 3019
777 8 3022
777 8 3024
777 8 3027
777 29 3058
777 8 3075
777 29 3078
777 8 3079
777 29 3082
777 8 3085
777 29 3089
777 8 3095
777 29 3099
823 5 653
823 6 656
823 7 656
823 21 660
777 29 3230
777 29 3231
777 8 3234
777 13 3240
777 14 3241
777 15 3241
808 25 1495
808 6 1495
808 7 1495
808 8 1505
808 8 1516
808 8 1549
808 13 1595
808 30 1595
808 14 1595
808 15 1596
829 6 700
829 7 700
829 8 703
838 3 596
844 5 593
844 6 600
844 7 601
844 8 684
844 8 740
844 8 770
844 8 786
844 8 823
844 8 833
844 8 853
844 8 1160
844 13 1261
844 14 1262
844 15 1262
844 25 1295
844 6 1295
844 7 1295
844 8 1314
844 13 1359
844 14 1360
844 15 1360
854 8 800
841 13 1601
841 30 1602
841 14 1602
841 15 1602
854 1 823
854 13 824
854 14 825
854 15 825
844 25 1510
844 6 1511
844 7 1511
844 8 1593
844 8 1787
844 8 1801
844 8 1817
738 5 7544
738 6 7552
738 7 7552
857 8 835
857 29 836
738 8 7682
844 13 2034
844 14 2036
844 15 2036
844 25 2043
844 6 2043
844 7 2043
844 8 2051
844 29 2063
844 8 2069
844 13 2076
844 14 2077
844 15 2077
844 25 2090
844 6 2090
844 7 2090
844 13 2097
844 30 2097
844 14 2098
844 15 2098
738 8 7774
768 8 6346
768 8 6355
768 8 6359
768 8 6362
768 8 6373
738 4 7878
738 5 7880
738 6 7891
738 7 7891
768 8 6390
861 29 591
861 8 598
738 8 7909
768 8 6412
768 8 6425
768 8 6433
861 8 634
861 8 647
862 25 608
862 6 608
862 7 608
861 8 666
861 8 678
862 8 629
862 13 641
862 30 641
862 14 641
862 15 641
861 8 843
866 8 650
866 8 659
861 29 992
861 8 996
869 25 615
869 6 616
869 7 616
869 8 669
869 19 679
869 34 679
869 14 681
869 15 681
782 2 6505
844 25 2868
844 6 2868
844 7 2868
844 8 2874
844 13 2879
844 30 2879
844 14 2880
844 15 2880
878 4 633
878 5 680
878 6 684
878 7 685
844 25 3184
844 6 3184
844 7 3184
844 8 3188
844 8 3251
844 29 3256
844 8 3261
844 8 3282
844 8 3314
782 3 6979
844 8 3335
782 4 7015
883 4 599
844 8 3400
782 5 7064
782 6 7071
782 7 7071
844 8 3418
844 13 3537
844 14 3538
844 15 3538
782 8 7242
844 25 3632
844 6 3633
844 7 3633
844 8 3638
844 8 3648
886 1 826
886 25 845
886 5 847
886 6 853
886 7 853
886 8 855
886 8 864
844 13 3687
844 14 3687
844 15 3687
888 8 623
888 8 639
844 25 4054
844 6 4054
844 7 4054
844 8 4062
844 13 4071
844 30 4071
844 14 4073
844 15 4073
891 25 690
891 6 691
891 7 691
891 8 726
891 19 947
891 34 947
891 14 948
904 1 592
904 19 593
904 34 593
904 14 593
887 1 2328
887 2 2376
887 2 2379
907 8 695
887 3 2540
907 4 763
907 5 765
907 6 769
907 7 769
887 4 2673
887 5 2738
887 6 2754
887 7 2755
887 8 2808
887 19 2833
887 136 2834
887 14 2849
887 6 2857
887 7 2858
887 19 2866
887 136 2866
850 1 5474
850 5 5477
887 14 2880
913 3 752
913 4 874
913 3 945
920 1 645
920 13 646
920 30 646
920 14 646
920 15 646
922 6 616
922 7 617
922 13 628
922 14 629
922 15 629
919 6 725
919 7 726
919 4 738
919 3 742
887 6 4073
887 7 4074
920 6 919
920 25 919
920 7 919
920 8 997
880 1 6196
880 5 6202
880 6 6206
880 7 6206
880 8 6219
880 1 6225
880 19 6226
880 34 6226
880 14 6228
880 15 6228
944 5 604
944 6 607
944 7 608
944 8 631
944 8 749
944 8 821
944 8 889
944 29 892
952 1 1041
952 2 1062
952 3 1103
952 4 1109
952 5 1173
952 6 1183
952 7 1183
956 5 661
956 6 670
956 7 670
956 21 671
956 8 684
956 26 706
956 14 707
956 6 716
956 7 716
952 1 1229
952 13 1231
952 14 1231
952 15 1231
956 26 733
956 27 733
956 14 734
956 15 734
956 6 753
956 7 754
956 8 756
956 29 763
956 8 764
956 8 800
956 8 800
956 29 801
956 8 806
956 4 826
956 5 837
956 6 845
956 7 845
956 21 846
959 13 595
959 30 595
959 14 595
959 15 595
957 3 681
956 8 888
956 29 892
952 6 1408
952 7 1408
952 8 1426
956 8 927
957 4 805
959 6 1016
959 7 1016
959 4 1018
959 5 1020
959 6 1028
959 7 1028
959 13 1084
959 30 1084
959 14 1085
959 15 1085
959 6 1143
959 7 1143
959 13 1165
959 30 1165
959 14 1166
959 15 1166
959 6 1358
959 7 1358
959 8 1375
959 19 1386
959 34 1386
959 14 1387
959 6 1427
959 7 1427
967 3 717
967 4 752
967 5 800
967 6 806
967 7 807
967 1 911
967 19 912
967 14 914
986 3 646
986 4 693
986 5 746
986 6 754
986 7 754
986 8 769
986 4 817
986 3 820
986 3 831
986 4 834
986 5 836
986 6 845
986 7 845
986 4 849
986 3 850
986 3 858
986 4 860
986 5 863
986 6 874
986 7 874
986 8 883
986 1 1031
986 19 1031
986 34 1031
986 14 1031
986 14 1049
986 15 1049
