16 2 72
16 5 213
16 6 222
16 6 249
20 2 69
22 2 37
22 5 185
22 6 195
20 5 400
20 6 403
22 25 471
22 5 472
22 6 479
33 2 72
33 5 354
33 6 358
33 25 418
33 6 418
33 5 1297
33 6 1302
38 2 206
38 5 441
38 6 448
38 6 946
41 2 68
41 5 365
41 6 371
47 2 37
47 5 222
47 6 238
48 2 76
48 5 309
48 6 326
62 2 58
62 5 255
62 6 265
66 2 60
66 5 327
66 6 331
74 2 64
74 5 263
74 6 270
79 2 78
79 5 395
79 6 408
79 29 624
79 29 635
79 29 650
79 29 655
79 25 759
79 6 760
79 29 774
79 29 812
79 29 857
79 29 860
79 29 884
89 2 67
89 5 306
89 6 312
94 2 56
94 5 232
94 6 246
101 2 57
101 2 65
100 2 112
103 2 69
103 2 105
103 5 412
103 6 414
107 2 73
110 2 27
100 5 1116
100 6 1133
100 25 1215
110 5 160
110 6 164
100 6 1216
100 25 1359
100 5 1362
100 6 1372
114 2 48
114 5 204
114 6 208
121 2 74
125 5 6
125 6 9
125 25 25
125 6 25
121 5 475
121 6 484
141 2 131
141 5 346
141 6 362
146 2 44
146 5 199
146 6 224
146 25 306
146 6 318
151 2 182
151 2 207
146 6 417
156 2 55
157 2 80
158 2 75
156 5 220
156 6 228
151 2 444
158 5 204
158 6 208
158 25 273
158 6 273
158 6 302
157 5 457
157 6 463
168 5 14
168 6 23
151 5 840
151 6 844
165 2 229
167 2 128
167 5 314
167 6 319
165 5 611
165 6 620
176 5 223
176 6 224
179 2 50
165 5 898
165 6 920
165 6 955
151 5 1605
151 6 1608
179 5 379
179 6 394
183 2 339
183 2 350
183 2 356
183 2 357
183 2 357
183 2 399
179 25 471
179 5 472
179 6 481
179 25 499
179 5 500
179 6 514
197 2 98
202 2 58
202 5 221
202 6 237
197 5 466
197 6 483
205 2 247
205 2 278
211 2 35
205 5 607
205 6 614
212 2 94
211 5 172
211 6 182
215 2 65
214 2 105
212 5 482
212 6 488
215 5 350
215 6 353
221 2 96
221 2 100
214 5 566
214 6 575
221 5 413
221 6 417
229 2 50
231 2 88
229 5 259
229 6 263
231 5 422
231 6 427
238 2 104
214 6 1507
214 27 1516
238 5 293
238 6 297
252 2 112
252 2 138
251 2 191
254 2 90
252 5 287
252 6 297
265 2 46
254 5 427
254 6 437
265 5 197
265 6 202
273 2 64
271 2 70
275 2 66
251 5 862
251 6 878
251 25 910
251 6 911
251 6 947
254 6 711
251 6 970
265 6 445
278 2 84
280 2 77
271 5 379
271 6 394
275 5 369
275 6 380
280 5 272
280 6 282
290 2 151
294 2 41
278 5 512
278 6 526
294 5 192
294 6 208
297 5 2
297 6 18
290 5 359
290 6 363
297 5 23
297 6 28
297 6 45
297 6 67
290 25 498
290 6 498
308 2 33
308 2 312
308 2 317
315 2 49
315 5 343
315 6 345
315 5 368
315 6 370
325 2 108
330 2 27
329 2 106
325 5 534
325 6 546
325 5 624
325 6 632
329 5 368
329 6 376
329 25 424
329 6 425
336 2 70
336 5 344
336 6 352
336 6 486
340 2 37
341 2 44
342 2 40
340 5 371
340 6 372
347 5 13
347 6 18
342 5 237
342 6 247
345 2 99
342 29 265
348 2 44
348 2 58
348 5 201
348 6 208
349 2 57
349 5 257
349 6 266
345 5 525
345 6 531
341 5 912
341 6 915
359 2 72
360 2 62
345 29 676
360 5 196
360 6 200
360 25 274
360 5 275
360 6 283
359 5 390
359 6 398
345 5 1054
345 6 1061
345 25 1270
345 6 1270
368 2 59
345 25 1401
345 6 1401
368 5 279
368 6 284
368 29 384
359 25 1027
359 6 1027
372 2 91
372 5 436
372 6 446
372 29 498
381 2 48
382 2 39
381 5 183
381 6 199
386 2 83
388 2 135
390 2 189
388 5 342
388 6 347
388 29 424
396 2 95
397 2 79
401 2 44
397 5 304
397 6 307
396 5 434
396 6 439
401 5 205
401 6 212
412 2 58
396 25 739
396 6 739
414 2 55
412 5 261
412 6 263
412 5 309
412 6 311
414 5 234
414 6 238
412 25 337
412 6 337
418 2 41
412 2 368
412 25 371
412 5 372
412 6 377
412 6 394
412 6 403
418 5 233
419 2 35
418 6 246
418 29 316
424 5 3
424 6 12
419 5 289
419 6 294
414 29 752
414 29 756
414 29 792
414 29 804
414 29 825
431 5 2
431 6 18
424 29 368
434 2 55
434 5 222
434 6 234
438 2 126
438 5 401
438 6 418
443 2 39
438 6 479
438 6 493
446 2 33
445 2 118
450 2 47
451 2 60
443 5 247
443 6 252
446 5 171
446 6 187
438 6 800
438 6 838
451 5 310
451 6 326
456 2 65
456 2 71
450 5 352
438 25 888
438 6 888
450 6 368
450 29 415
445 5 511
445 6 519
460 2 30
450 6 581
462 2 55
460 5 176
460 6 180
462 5 252
462 6 256
469 2 62
471 2 58
469 5 182
469 6 192
469 6 219
473 5 3
473 6 19
473 5 26
471 5 216
471 6 232
473 6 41
469 6 436
473 29 146
469 2 493
477 2 61
473 29 308
469 5 637
469 6 652
480 2 32
483 5 2
480 5 167
480 6 173
477 5 383
477 6 388
469 5 899
469 6 904
477 29 422
469 6 937
469 27 945
469 25 954
469 6 954
469 27 959
469 6 964
469 27 967
469 6 969
485 2 326
490 2 86
493 2 58
493 2 64
485 5 478
485 6 482
498 2 65
490 5 384
490 6 400
498 5 297
498 6 313
490 5 611
490 6 627
506 2 177
509 2 46
506 5 415
506 6 418
515 2 87
509 5 307
509 6 323
521 2 53
521 5 301
521 6 312
493 5 1800
529 2 75
493 6 1816
534 5 1
534 6 15
529 5 1010
529 6 1013
529 6 1165
529 2 1187
529 5 1209
529 6 1213
529 6 1276
529 6 1294
549 2 37
550 2 40
529 6 1329
529 6 1350
529 6 1379
529 6 1402
550 5 187
549 5 189
549 6 204
550 6 202
551 2 102
550 5 219
554 2 117
554 2 125
554 2 126
554 2 126
554 2 126
554 2 126
554 2 127
554 2 127
554 2 127
554 2 157
554 2 157
554 2 187
554 5 353
554 6 369
554 29 384
559 2 47
551 5 709
551 6 712
559 5 388
559 6 392
560 2 419
560 2 422
572 2 46
559 25 508
559 6 508
581 2 86
572 5 316
572 6 318
584 2 61
585 5 10
585 6 18
560 5 773
560 6 789
584 5 414
584 6 419
595 2 25
595 5 161
595 6 176
615 2 56
617 2 34
617 5 199
617 6 215
615 5 300
615 6 310
620 2 77
622 2 80
620 5 362
620 6 374
620 5 397
620 6 414
630 2 7
631 2 30
631 2 36
631 5 229
631 6 235
634 2 71
631 25 317
631 6 317
634 5 298
634 6 305
631 25 552
631 6 552
640 5 7
640 6 12
639 2 49
641 2 80
636 2 217
642 2 79
639 5 245
639 6 248
639 25 273
639 5 274
639 6 276
622 5 1520
639 2 348
622 6 1527
639 5 407
641 5 371
639 6 410
649 2 58
641 6 388
641 6 503
651 2 71
651 2 93
642 5 464
642 6 465
654 2 49
641 6 583
651 2 151
642 2 499
649 5 264
649 6 268
649 29 314
649 29 316
656 2 61
642 25 574
642 5 574
642 6 575
654 5 193
642 2 593
642 25 612
642 5 612
642 6 615
642 25 621
642 5 621
649 25 391
649 5 392
649 6 407
654 6 208
642 6 622
642 25 632
642 5 632
642 6 635
651 5 339
651 6 354
642 25 686
642 5 686
642 6 688
642 2 706
641 6 833
642 25 741
642 5 741
642 6 748
642 5 810
642 6 815
651 6 531
648 2 674
648 2 706
666 2 39
642 6 1108
642 6 1196
666 5 198
666 6 201
642 6 1255
669 5 43
669 6 55
675 5 12
675 6 18
670 2 174
677 2 146
670 5 437
675 5 323
675 6 328
670 6 455
678 2 63
670 29 475
677 5 462
682 2 81
677 6 479
683 2 72
678 5 371
678 6 376
678 6 423
683 5 384
683 6 387
682 5 433
682 6 448
682 6 508
682 6 711
688 2 113
682 25 838
682 6 838
682 6 872
682 5 979
682 6 993
683 2 1003
698 2 84
700 2 48
700 2 55
701 2 53
700 5 276
700 6 286
698 5 492
688 5 930
688 6 944
698 6 501
712 5 2
712 6 5
712 25 48
712 6 48
712 25 121
712 6 121
713 2 91
675 5 2670
675 6 2676
675 29 2706
713 5 447
713 6 453
731 5 2
731 6 6
731 5 499
731 6 503
712 2 1534
731 5 550
731 6 556
746 5 3
746 6 12
712 5 1871
712 6 1874
745 2 84
745 2 87
712 25 1941
712 5 1941
712 6 1943
731 5 1178
731 6 1182
755 5 4
755 6 10
756 5 2
756 6 7
762 2 52
763 2 48
756 6 333
756 6 352
756 27 390
764 2 53
762 5 243
763 5 230
763 6 244
762 6 247
760 2 474
760 5 624
760 6 640
764 5 421
764 6 424
772 2 65
774 2 46
775 2 39
773 2 95
776 2 109
774 5 242
774 6 246
776 2 170
781 2 30
775 5 280
775 6 287
772 5 357
772 6 373
781 5 156
781 6 172
773 5 490
773 6 494
776 5 407
776 6 410
783 2 80
785 2 51
787 2 54
785 5 212
785 6 215
785 29 249
788 2 167
788 2 187
788 2 196
788 2 199
788 2 199
788 2 199
788 2 207
788 2 216
787 5 253
787 6 258
788 2 273
788 2 290
788 2 320
788 2 332
788 2 380
792 2 57
795 2 74
788 5 577
788 6 584
797 2 54
795 2 230
800 2 57
801 2 53
797 5 312
797 6 315
792 5 531
792 6 534
797 2 351
797 25 375
797 5 376
797 6 378
800 5 232
804 2 49
800 6 238
797 2 468
801 5 247
801 6 250
797 5 562
797 6 565
804 5 296
804 6 300
806 2 54
809 2 119
806 5 263
806 6 265
815 2 99
815 2 115
815 2 117
815 2 126
808 2 300
808 2 303
808 5 514
815 5 385
815 6 389
808 6 521
809 5 598
809 6 602
826 2 96
826 5 215
826 6 218
809 5 856
809 6 861
808 25 1091
808 6 1091
830 2 33
831 2 54
835 5 5
835 5 22
835 6 29
835 6 82
835 6 104
835 6 114
834 2 135
808 25 1495
808 6 1495
831 5 366
831 6 381
838 2 107
835 5 485
835 6 499
834 5 511
834 6 516
835 6 530
842 2 61
842 2 63
842 2 78
845 2 49
845 5 227
845 6 234
849 5 7
849 6 14
852 2 71
852 2 72
849 6 368
854 2 61
855 2 24
855 2 43
857 2 59
854 5 523
854 6 538
857 5 280
857 6 289
857 29 379
857 29 387
865 2 75
866 2 60
857 29 836
865 5 281
865 6 289
866 5 303
866 6 311
866 5 348
866 6 355
865 25 418
865 6 418
865 27 434
869 2 182
865 25 502
865 6 502
866 6 459
866 25 489
866 6 489
866 6 503
876 2 45
866 6 519
866 25 531
866 5 532
866 6 540
866 6 565
877 2 44
876 5 260
876 6 274
877 5 204
877 6 207
869 5 492
869 6 497
869 25 615
869 6 616
782 2 6505
782 5 7064
782 6 7071
892 2 64
894 5 8
894 6 13
894 29 34
896 2 63
892 5 443
898 2 71
898 2 80
892 6 452
900 2 84
896 5 292
896 6 297
898 5 268
898 6 281
900 5 336
900 6 351
900 6 436
900 6 459
908 5 5
908 6 8
909 5 11
909 6 20
914 2 130
915 2 81
914 5 404
914 6 407
917 2 92
915 5 448
915 6 451
918 2 66
917 5 358
917 6 366
918 5 342
917 6 405
918 6 346
921 2 30
922 2 62
924 5 3
924 6 11
923 2 165
923 2 168
921 5 228
921 6 232
925 2 56
926 2 41
926 2 52
921 25 330
921 6 330
922 5 304
922 6 310
926 5 160
926 6 163
922 6 375
925 5 362
925 6 364
922 6 616
930 2 61
930 5 365
930 6 368
930 6 441
930 6 462
946 2 35
946 5 182
946 6 198
947 5 3
947 5 6
947 6 21
949 2 33
949 5 169
949 6 179
950 2 96
950 5 388
950 6 393
953 2 132
953 2 136
953 2 137
953 2 210
954 2 44
955 2 86
954 5 209
954 6 214
954 6 246
958 5 4
954 6 308
958 6 12
954 6 327
955 5 284
955 6 286
958 29 381
970 2 77
974 2 35
974 5 178
974 6 182
970 5 413
970 6 417
974 25 235
974 6 236
979 5 4
979 6 15
980 2 110
980 5 432
980 6 436
981 2 103
981 5 476
981 6 482
989 2 33
989 5 150
989 6 158
995 2 57
995 5 261
995 6 277
