0 2 52
0 4 151
0 5 262
0 6 270
0 8 325
9 2 90
9 2 100
9 3 166
9 5 219
9 6 229
9 8 240
9 8 250
10 1 0
10 4 376
10 5 410
10 6 414
10 7 415
10 14 429
12 2 145
16 1 0
16 2 72
17 1 0
10 1 665
10 5 669
18 1 0
17 2 95
16 4 177
16 5 213
16 6 222
16 7 222
16 1 238
12 3 511
17 3 321
20 1 0
17 4 373
20 2 69
12 5 718
17 5 448
12 6 727
12 7 728
12 21 729
17 6 455
22 1 0
17 19 496
17 14 497
17 14 507
22 2 37
22 3 126
20 4 368
22 6 195
22 7 195
22 8 203
20 5 400
20 7 403
20 21 404
24 1 0
24 5 6
24 6 11
24 8 79
22 5 472
22 6 479
22 7 479
24 26 131
24 28 131
24 28 131
24 1 178
24 2 202
24 3 245
24 4 257
24 5 267
24 8 302
24 29 308
24 8 331
24 13 344
31 1 0
32 3 149
33 1 0
32 4 182
33 3 208
33 5 354
33 6 358
33 7 358
33 8 392
33 19 406
33 15 409
35 1 0
33 14 450
33 15 450
36 2 58
35 3 176
36 3 171
35 4 249
35 5 304
35 6 307
35 7 307
36 4 260
35 8 327
35 8 364
36 6 316
35 34 383
35 14 385
36 29 340
36 6 365
36 7 365
36 1 382
37 1 0
33 6 1302
33 7 1302
38 1 0
38 2 206
38 4 372
39 1 0
38 5 441
38 6 448
38 21 452
38 1 510
38 15 511
40 3 241
38 6 946
38 13 969
38 30 969
40 5 380
40 6 382
40 14 417
40 6 426
40 7 426
40 19 429
40 15 431
40 25 442
40 7 442
40 19 444
40 14 446
40 15 446
40 25 452
40 6 452
41 1 0
41 1 0
41 2 68
41 3 204
41 4 291
42 1 0
41 6 371
41 7 371
42 2 76
41 8 510
42 3 203
42 4 239
42 5 301
42 6 305
42 7 305
42 21 307
42 14 325
42 15 325
42 7 341
42 4 349
44 2 74
44 3 264
44 5 387
44 6 390
44 7 390
45 3 139
45 6 192
45 7 192
45 13 202
45 14 202
45 15 203
46 1 0
47 1 0
47 2 37
47 3 121
46 5 414
47 7 238
47 6 238
46 8 432
46 34 439
46 14 441
46 15 441
48 1 0
48 7 327
49 1 0
50 1 0
50 2 71
50 2 79
50 3 168
51 1 0
52 1 0
53 3 160
53 4 227
53 5 244
53 6 247
53 7 247
53 19 268
53 14 274
53 15 274
53 6 288
53 7 289
53 13 300
53 14 302
53 6 320
53 7 320
53 13 335
53 15 337
53 6 359
53 7 360
53 13 369
53 14 369
53 15 369
54 1 0
55 1 0
55 5 265
56 1 0
56 2 322
56 5 589
56 6 605
56 7 605
56 21 609
56 1 627
56 13 629
56 14 631
56 15 631
57 1 0
58 1 0
58 3 219
60 1 0
58 4 254
59 3 139
58 5 288
61 1 0
59 4 164
58 6 302
58 8 325
59 5 237
59 6 253
59 7 253
62 2 58
59 8 284
59 8 296
59 8 299
59 8 309
59 19 322
59 34 322
59 25 330
59 8 335
62 3 174
63 1 0
62 5 255
63 1 14
62 8 274
63 2 391
64 2 40
64 3 136
64 4 173
64 5 196
64 6 199
64 7 199
64 8 203
64 8 218
64 8 231
64 8 241
64 8 252
64 8 261
64 14 284
63 3 904
63 4 935
63 5 956
65 7 22
65 13 41
65 14 42
65 15 42
66 2 60
66 3 244
66 5 327
66 6 331
66 8 353
66 30 373
69 1 0
70 1 0
70 2 97
71 1 0
70 5 384
71 3 127
71 4 191
71 6 252
71 7 252
72 2 133
73 1 0
74 1 0
72 4 293
72 5 345
74 2 64
72 6 353
72 7 354
72 8 372
72 8 436
73 3 202
75 2 74
70 8 1123
70 19 1136
70 14 1136
76 1 0
70 6 1144
70 7 1144
70 8 1165
70 19 1169
70 34 1169
70 14 1172
72 4 545
74 5 263
74 6 270
74 7 270
70 25 1280
70 6 1280
75 3 286
73 4 451
77 1 0
77 5 8
77 6 11
77 7 11
78 1 0
78 1 16
76 2 220
75 4 347
76 3 359
76 4 398
76 7 446
76 1 484
76 19 485
76 34 485
76 14 485
76 8 502
80 1 0
79 2 78
81 1 0
82 1 0
82 5 2
82 7 12
82 13 24
82 14 26
81 3 123
81 4 151
81 5 182
81 6 190
81 7 190
79 3 260
80 3 270
80 4 304
79 7 408
82 7 298
82 14 301
77 15 806
79 8 548
79 8 586
79 29 635
79 8 637
79 29 650
79 8 653
79 8 657
79 8 700
79 19 745
79 14 747
82 25 602
82 6 602
79 25 759
82 13 607
82 14 609
82 15 609
79 8 767
79 8 824
83 1 0
79 8 879
79 29 884
85 1 0
85 2 236
86 1 0
87 1 0
87 7 9
86 2 59
86 6 212
86 8 227
86 8 250
88 1 0
86 8 375
89 2 67
86 4 381
77 5 3026
88 2 203
89 6 312
91 2 76
88 2 548
94 1 0
93 2 31
91 7 415
93 4 110
91 8 461
93 5 135
93 6 142
93 7 142
91 8 468
91 8 477
91 8 493
94 3 167
91 29 548
91 29 555
94 4 211
91 19 565
91 14 565
91 6 578
91 7 578
94 6 246
94 7 246
96 1 0
97 1 0
96 2 41
97 2 63
88 5 1162
88 7 1169
96 4 158
96 5 189
96 7 192
96 8 211
96 15 229
97 4 386
97 6 428
101 2 65
97 8 497
100 2 112
97 8 540
97 8 544
97 8 548
97 8 555
99 3 337
102 1 0
100 3 412
102 2 82
99 6 603
99 7 604
99 1 625
99 19 626
99 14 626
103 2 105
102 3 207
105 1 0
102 4 242
106 1 0
102 5 335
102 6 337
106 2 84
105 2 126
107 1 0
106 5 255
106 6 265
106 7 265
107 2 73
106 1 292
106 13 293
106 15 294
108 1 0
105 6 367
105 7 367
108 2 67
105 1 414
105 14 428
105 6 440
105 7 440
106 13 457
106 30 457
110 2 27
108 3 204
100 6 1133
111 1 0
100 19 1200
100 25 1215
112 2 61
110 4 150
110 5 160
110 6 164
100 6 1216
100 7 1216
100 19 1224
100 14 1225
100 14 1235
110 30 172
100 1 1335
112 3 194
113 1 0
100 7 1372
113 6 10
113 7 10
113 8 16
113 8 23
100 15 1402
112 4 265
114 1 0
114 2 48
115 2 72
111 3 482
114 4 159
116 1 0
114 7 208
114 13 228
114 15 230
111 4 631
115 3 301
111 6 714
111 7 714
111 8 729
111 4 763
112 5 749
111 7 778
111 8 781
112 7 758
111 8 802
112 8 807
112 13 822
117 1 0
115 5 463
115 6 473
115 13 554
118 2 31
117 2 112
121 1 0
118 4 144
121 2 74
118 7 210
117 4 283
118 8 234
112 1 1123
112 6 1132
112 7 1132
112 8 1134
112 14 1141
118 1 260
118 13 260
118 14 260
118 15 260
112 25 1162
112 6 1162
112 7 1162
117 7 337
120 3 258
117 1 359
117 13 359
117 30 360
122 1 0
120 4 310
118 13 374
118 30 375
118 14 375
118 15 375
117 6 443
117 7 444
120 5 363
120 21 379
124 2 56
120 27 390
120 6 414
120 7 415
123 2 122
121 3 362
125 5 6
120 30 488
120 14 489
122 3 211
125 7 9
125 14 15
125 25 25
125 7 25
126 1 0
123 3 253
126 2 32
121 5 475
121 6 484
129 1 0
128 2 37
123 4 318
126 2 104
122 6 344
129 2 58
122 7 345
130 1 0
124 3 335
128 3 138
123 5 399
122 13 406
124 4 413
126 3 272
124 6 460
124 8 471
126 4 300
124 19 478
124 14 479
124 25 483
124 6 483
124 19 492
124 34 493
124 14 493
124 6 496
124 34 502
124 6 507
124 7 507
131 1 0
123 1 552
123 13 553
123 14 557
123 15 557
126 6 341
124 8 529
124 19 531
124 34 531
124 14 534
124 25 539
124 6 539
124 14 556
124 6 559
124 7 559
132 1 0
132 5 2
132 8 5
132 6 5
132 7 5
124 14 570
124 6 571
124 7 572
131 2 64
134 1 0
133 2 50
135 5 8
135 7 11
131 3 179
127 4 507
135 19 72
135 14 77
135 15 77
133 3 153
135 14 93
135 15 93
134 2 108
127 6 551
127 7 551
127 8 560
127 8 574
131 4 259
131 5 288
133 6 231
133 8 238
133 29 240
131 6 295
131 8 313
131 13 358
131 30 358
131 14 359
137 1 0
135 1 254
135 19 274
135 136 274
135 14 275
131 6 418
131 7 418
131 13 422
131 30 422
131 14 425
131 15 425
138 1 0
139 1 0
138 2 63
139 2 119
115 7 2087
115 13 2091
115 14 2091
115 15 2091
144 2 50
143 3 190
141 4 312
141 5 346
141 6 362
143 5 292
141 8 394
141 8 413
141 19 449
141 34 449
139 3 492
122 7 1583
139 5 628
139 6 632
139 7 633
145 1 0
147 1 0
139 30 708
139 14 711
150 1 0
146 7 225
145 4 242
145 7 275
146 1 273
146 19 274
146 14 284
150 3 176
152 1 0
145 15 320
146 25 306
146 7 324
146 8 336
151 2 207
150 6 269
150 8 280
155 1 0
155 7 12
127 4 1801
146 8 400
122 13 2040
122 14 2042
122 15 2042
146 34 403
146 19 403
146 14 413
155 8 34
146 6 417
146 7 417
146 8 422
146 8 437
156 2 55
157 1 0
155 6 89
155 7 89
155 1 97
152 3 174
152 4 191
158 1 0
157 2 80
156 3 150
159 1 0
160 1 0
158 2 75
156 5 220
156 7 228
156 6 228
160 2 99
159 3 111
161 1 0
158 4 173
158 6 208
162 1 0
152 5 424
152 6 427
152 7 427
158 19 256
152 8 465
151 3 609
159 5 209
163 1 0
159 6 214
159 7 214
158 15 259
158 6 273
158 8 277
144 6 1211
144 7 1212
152 8 467
165 1 0
158 34 297
158 14 300
158 15 300
158 6 302
158 7 302
157 3 370
159 29 285
159 8 289
158 13 322
158 15 323
166 1 0
157 4 422
157 6 463
157 7 463
151 4 763
157 8 478
168 1 0
157 8 490
168 5 14
152 26 646
152 27 646
152 14 647
168 7 24
157 4 513
168 1 33
168 14 34
151 5 840
151 6 844
151 7 844
169 2 58
144 8 1489
151 14 894
167 2 128
170 1 0
171 1 0
166 2 257
170 2 44
172 1 0
167 3 241
173 1 0
170 3 107
169 3 213
169 4 244
166 3 380
174 1 0
167 5 314
173 2 60
170 5 166
170 6 177
169 5 257
169 6 262
169 7 263
169 8 268
174 2 53
167 13 372
167 14 373
176 1 0
176 3 3
177 1 0
175 2 29
166 5 515
166 6 528
170 136 303
170 19 303
170 14 303
170 25 308
170 6 308
170 7 308
169 2 394
166 13 539
166 14 540
166 15 540
177 2 47
170 136 326
165 6 620
165 7 620
170 25 396
144 8 1887
144 30 1892
144 14 1892
144 15 1892
174 2 247
165 8 699
165 8 700
177 3 169
176 4 182
178 2 113
170 19 433
170 14 436
179 1 0
180 1 0
181 1 0
182 1 0
176 5 223
176 7 225
175 6 222
175 7 222
178 2 147
183 1 0
177 4 226
179 2 50
181 2 43
177 5 257
174 4 388
169 4 664
169 5 675
144 7 2115
176 8 362
177 30 368
177 14 369
173 3 491
184 1 0
165 7 920
179 3 192
165 8 949
165 14 950
165 6 955
165 8 959
181 3 191
182 4 207
166 6 917
166 4 917
151 1 1593
151 5 1605
151 7 1609
151 21 1611
165 8 963
165 8 969
169 25 767
169 5 769
169 6 775
178 3 395
179 4 254
182 5 248
182 7 265
182 8 305
185 1 0
185 5 1
185 6 18
185 1 22
185 14 23
181 6 320
182 29 310
182 29 314
186 1 0
185 6 30
185 8 31
185 19 40
185 34 40
178 4 497
173 4 718
173 3 719
179 5 379
185 19 64
185 14 65
185 7 69
185 8 72
185 8 75
185 8 80
185 8 85
183 2 339
183 2 350
185 19 89
185 15 95
185 6 96
185 7 96
185 8 99
185 5 131
185 6 146
185 7 146
183 2 399
179 25 471
179 5 472
179 6 481
185 8 156
185 8 162
185 29 167
185 19 171
179 5 500
179 6 514
185 14 184
178 6 648
178 7 648
178 21 649
164 1 1297
187 1 0
187 2 35
178 8 766
164 2 1402
187 3 109
187 4 132
178 8 828
178 29 860
178 8 873
187 6 185
187 7 185
190 1 0
189 2 82
178 29 932
183 3 766
178 8 966
190 2 71
184 3 699
192 1 0
192 2 27
189 3 204
184 4 732
194 2 39
192 3 84
195 1 0
184 6 784
184 7 784
184 1 790
184 13 790
184 15 791
192 4 102
197 1 0
192 5 130
192 6 137
192 7 137
189 4 328
192 8 153
192 29 159
192 8 160
192 29 161
192 30 167
196 2 55
194 3 143
198 1 0
192 30 201
192 14 201
197 2 98
189 21 383
189 8 387
193 3 170
194 5 212
189 26 437
194 6 228
194 7 228
194 8 240
164 3 1875
189 14 440
199 2 63
198 2 86
190 4 384
200 2 43
193 5 276
199 3 115
195 2 229
193 6 288
202 1 0
190 7 444
196 4 241
193 8 310
193 26 315
193 15 319
201 2 57
196 5 289
196 6 291
196 7 292
164 4 1986
199 6 187
199 8 207
204 5 10
204 6 18
196 8 328
196 1 338
196 34 338
196 14 340
200 5 184
200 6 199
200 7 199
197 3 341
196 25 359
196 6 359
200 8 213
205 1 0
200 8 235
200 13 257
200 30 257
200 15 258
197 4 400
164 5 2141
164 6 2157
164 7 2157
195 3 459
202 6 237
202 7 237
197 5 466
164 8 2199
197 6 483
197 7 483
206 1 0
202 8 340
195 5 582
195 7 597
202 8 358
208 1 0
200 6 470
200 7 470
201 3 413
208 5 6
205 2 247
208 7 22
200 30 474
200 14 474
200 15 474
195 13 646
195 15 646
201 4 449
209 1 0
201 19 572
201 136 572
210 1 0
201 25 607
201 6 608
211 1 0
209 2 93
205 3 499
198 3 812
210 2 87
211 2 35
203 4 588
192 6 1089
192 7 1089
205 6 614
211 4 143
212 2 94
198 5 962
211 5 172
211 6 182
205 8 654
205 8 668
205 1 676
205 13 676
205 14 679
198 6 971
211 8 206
211 8 211
198 13 1005
198 30 1005
198 14 1007
198 15 1007
209 3 326
213 7 23
213 8 47
214 1 0
209 4 371
216 1 0
213 8 101
216 2 44
210 5 429
209 6 448
210 6 444
210 7 444
215 2 65
178 4 2320
214 2 105
217 1 0
210 8 475
178 5 2342
178 6 2346
178 7 2346
178 21 2347
213 29 197
217 2 42
210 8 496
209 8 518
218 1 0
212 3 355
178 8 2361
213 29 203
216 3 142
210 1 523
210 30 526
210 14 533
178 29 2397
178 1 2402
178 14 2409
178 15 2409
217 3 99
216 4 184
209 8 559
209 13 565
209 14 571
210 6 553
210 7 553
209 25 604
209 6 604
209 7 604
209 13 609
209 30 609
209 14 613
216 7 223
217 5 173
203 8 1075
203 8 1087
212 5 482
217 8 188
217 8 191
217 13 206
209 25 652
209 6 652
209 7 652
209 14 659
209 25 672
209 7 672
212 6 488
215 4 279
217 14 206
217 15 206
203 14 1141
203 15 1141
221 1 0
209 14 683
215 5 350
215 6 353
219 3 124
217 6 267
217 7 267
217 8 269
217 8 273
217 8 275
217 13 278
217 14 279
217 15 279
209 7 757
209 30 761
209 14 764
209 15 764
221 2 96
222 5 5
219 6 184
219 7 184
219 8 202
222 8 42
222 6 42
214 3 478
219 1 206
219 15 207
217 25 411
217 6 411
217 7 411
214 4 527
224 1 0
217 13 460
217 30 460
217 15 461
221 3 250
214 6 575
214 7 575
224 2 81
224 2 111
217 25 549
217 6 549
217 7 549
217 14 554
222 1 230
222 8 240
222 7 240
222 8 256
222 14 296
227 1 0
228 1 0
228 1 1
221 13 443
221 30 443
221 15 445
224 3 262
232 1 0
233 1 0
225 3 312
230 2 83
234 1 0
231 2 88
229 3 153
225 5 433
225 7 439
229 4 186
230 2 240
229 5 259
225 8 524
225 8 545
229 8 279
235 1 0
231 3 269
236 1 0
237 1 0
239 1 0
231 3 366
237 2 34
240 1 0
231 5 422
231 6 427
231 7 427
238 2 104
229 13 523
229 15 523
231 14 480
231 15 480
230 4 534
237 3 149
237 4 170
242 1 0
240 3 155
214 6 1507
214 27 1516
214 14 1516
237 6 209
237 7 210
238 3 209
237 4 254
230 5 687
230 6 695
240 5 237
240 6 242
240 7 242
241 3 171
238 6 297
238 7 297
240 15 261
241 4 207
230 19 732
230 7 743
240 14 290
240 15 290
243 1 0
241 5 240
230 13 770
230 14 777
230 15 777
244 1 0
241 7 256
245 1 0
230 7 815
240 6 369
240 7 369
243 2 63
242 2 223
240 8 372
241 8 340
241 15 344
245 2 92
241 7 384
241 13 399
241 15 400
241 6 403
241 13 407
245 2 137
244 3 161
244 4 216
132 14 6596
247 1 0
248 1 0
247 2 33
243 4 324
244 5 321
244 7 328
246 3 200
248 2 39
243 6 365
243 7 367
247 3 105
249 1 0
250 1 0
250 5 3
247 4 138
246 4 264
251 1 0
250 6 20
250 8 35
247 5 153
247 6 156
247 7 156
246 5 307
246 7 317
248 3 175
249 2 98
245 3 464
244 8 547
253 1 0
248 5 255
248 6 260
248 7 260
244 8 567
245 4 554
245 3 568
252 2 138
251 2 191
244 8 639
252 3 226
244 29 687
244 8 688
255 1 0
254 2 90
258 1 0
252 5 287
252 6 297
242 5 907
242 6 914
242 7 914
259 1 0
258 2 41
258 2 44
256 2 82
257 2 88
260 1 0
249 6 499
249 7 499
255 2 177
249 8 529
249 8 536
260 2 53
254 3 285
263 1 0
242 8 1140
264 1 0
242 5 1162
242 6 1171
242 7 1171
242 21 1175
251 3 573
265 2 46
256 3 319
263 2 57
242 8 1189
254 4 372
266 2 61
267 1 0
256 4 372
262 3 188
260 3 238
259 3 327
254 6 437
254 7 438
265 3 129
255 4 377
268 1 0
265 4 163
253 7 580
253 6 580
269 1 0
268 14 21
263 4 179
270 1 0
265 5 197
265 6 202
265 7 202
255 6 447
255 7 447
255 8 456
271 1 0
263 5 206
263 6 210
263 7 210
251 4 749
264 3 214
265 13 216
265 14 217
274 1 0
256 6 475
256 7 475
256 21 476
263 8 224
263 8 232
260 4 352
259 5 442
259 6 455
259 7 455
255 8 517
258 4 479
263 8 250
263 13 273
263 15 273
262 5 347
260 5 382
260 6 390
260 7 390
259 8 462
255 8 547
272 2 84
244 13 1253
244 15 1255
262 6 363
262 7 363
264 6 302
264 7 302
276 1 0
251 7 878
251 6 878
264 1 313
264 13 313
264 30 313
264 15 316
260 8 456
254 14 656
254 15 656
269 3 162
251 19 900
251 34 900
251 14 901
251 6 911
260 8 471
260 8 482
259 1 546
259 13 547
276 2 37
266 4 353
251 19 938
251 14 942
251 6 947
251 7 947
260 19 498
260 34 498
260 26 516
254 6 711
278 1 0
254 30 725
254 14 726
254 15 726
266 5 387
256 26 655
256 14 655
251 19 964
251 136 965
255 29 693
272 3 241
256 6 688
256 7 688
256 14 710
280 1 0
265 7 446
275 3 220
265 8 466
255 30 706
255 13 706
255 15 710
258 6 675
258 7 675
264 6 475
264 4 479
265 8 478
275 4 255
271 3 298
272 4 282
276 3 177
256 6 746
256 7 746
256 27 754
256 282 755
270 3 345
269 6 332
269 8 348
258 29 735
277 3 178
284 1 0
256 27 789
285 1 0
280 2 77
283 2 35
255 26 808
255 14 812
285 2 39
286 1 0
271 5 379
271 6 394
271 7 394
272 6 373
272 8 382
277 6 252
272 8 393
287 1 0
264 6 603
264 7 603
275 5 369
275 7 380
275 21 381
272 8 401
272 8 405
277 8 267
277 8 272
264 13 615
264 30 615
264 14 617
275 8 401
269 8 472
271 8 437
277 30 288
277 14 288
272 8 439
270 4 487
283 3 141
269 13 494
269 14 494
269 15 494
288 1 0
288 5 4
288 6 20
275 8 465
270 5 526
285 3 171
281 4 216
280 5 272
270 7 531
270 21 531
259 1 921
280 7 282
281 5 261
287 3 162
259 2 938
259 5 964
255 7 1034
255 6 1034
281 6 276
292 1 0
259 7 971
259 8 985
283 7 250
293 1 0
285 5 280
281 19 306
281 8 316
281 19 318
281 6 321
281 7 321
281 8 327
259 1 1000
259 14 1004
285 6 282
285 7 282
281 8 340
281 19 342
281 15 345
290 2 151
285 14 314
285 6 331
285 4 334
285 3 335
294 2 41
287 4 291
293 2 118
293 2 127
293 2 129
255 4 1186
287 5 338
278 7 526
255 7 1195
293 2 149
294 3 138
287 15 382
257 3 1250
255 8 1257
290 3 296
295 2 65
294 7 208
278 8 623
290 4 324
294 8 235
278 8 637
278 4 649
278 3 655
257 4 1282
297 1 0
297 5 2
297 7 18
294 8 249
294 8 254
297 6 28
297 7 28
297 8 37
297 19 40
297 34 40
257 5 1330
297 14 40
297 7 45
299 1 0
290 30 385
290 15 386
294 34 306
300 1 0
298 2 35
257 7 1341
297 8 58
297 34 64
297 14 65
297 6 67
255 6 1371
297 8 85
297 19 89
297 14 89
255 8 1416
295 3 212
257 1 1407
257 30 1410
257 14 1411
292 4 439
290 25 498
290 6 498
290 7 498
290 30 504
290 14 505
295 5 285
295 6 296
303 1 0
301 2 31
255 8 1516
296 3 262
298 4 191
304 1 0
304 2 17
304 2 18
304 2 19
303 6 41
303 7 42
298 5 213
305 1 0
298 13 263
298 14 264
298 15 264
298 25 266
298 7 266
306 6 9
306 7 9
296 4 355
303 1 102
303 6 129
298 8 269
298 13 281
298 14 281
303 8 134
303 1 163
303 6 186
296 5 434
296 7 438
296 4 448
296 5 451
296 6 457
296 7 458
298 25 363
298 6 364
298 7 364
298 8 375
298 29 377
296 8 487
298 8 399
301 3 270
298 29 406
298 29 410
299 5 412
309 1 0
306 8 137
306 14 146
306 14 151
305 4 184
303 8 253
305 5 218
307 2 187
305 1 242
305 14 243
305 26 252
305 14 253
301 5 390
301 6 393
296 14 629
309 2 148
296 7 661
296 19 672
303 3 433
308 3 241
303 2 470
303 3 484
303 4 488
311 1 0
303 6 498
303 7 499
303 13 507
303 14 511
309 3 245
308 2 317
307 3 415
311 2 53
309 4 294
309 6 326
309 7 326
309 21 330
309 8 343
309 19 354
309 136 354
309 15 357
309 7 368
307 5 580
301 14 748
301 15 748
307 7 589
255 8 2235
307 8 695
307 8 737
255 2 2375
314 1 0
307 8 778
301 7 949
301 6 949
301 3 950
314 2 42
315 1 0
316 1 0
313 3 106
307 29 807
307 8 808
255 3 2428
313 4 133
307 14 839
255 5 2455
255 6 2459
255 7 2459
313 5 154
316 2 56
313 6 162
313 14 202
313 15 202
314 3 182
318 1 0
313 25 282
313 8 284
255 13 2623
255 14 2626
255 15 2626
317 2 93
314 5 258
314 7 261
313 14 295
313 8 350
293 3 1619
319 2 52
313 13 356
313 14 357
313 15 357
315 4 305
316 3 291
315 5 343
316 4 339
293 5 1711
293 6 1716
317 3 229
315 4 359
315 6 370
315 4 372
315 3 373
319 3 174
296 6 1543
296 7 1544
296 4 1544
317 4 279
319 4 223
316 6 429
316 21 431
319 7 276
323 1 0
324 1 0
319 19 308
319 7 329
322 2 74
326 1 0
326 5 2
326 7 6
323 2 54
319 19 359
321 2 180
321 2 182
319 6 376
319 7 376
317 5 475
317 6 485
317 7 485
319 14 386
319 15 386
321 2 199
321 2 202
322 3 154
327 1 0
323 4 163
322 4 203
328 1 0
325 3 262
323 6 243
323 7 243
327 2 95
328 2 50
325 4 318
330 2 27
328 4 266
333 1 0
328 6 285
328 7 285
328 8 297
328 4 359
328 6 367
328 8 371
325 8 594
333 3 114
325 1 621
325 5 624
329 4 306
333 4 145
328 8 412
325 6 632
325 7 632
327 3 493
333 6 209
329 1 404
329 34 404
329 14 413
334 1 0
333 8 217
327 4 537
329 6 425
328 1 561
328 14 565
328 15 565
335 1 0
336 1 0
327 7 684
328 25 641
328 6 641
328 7 641
336 2 70
337 1 0
338 1 0
337 2 47
336 4 295
337 3 147
336 6 352
336 13 377
336 30 377
336 15 378
337 4 223
337 5 254
337 6 261
337 7 261
337 13 286
337 14 287
336 6 486
336 7 486
336 13 494
336 30 494
336 14 496
336 15 496
341 1 0
339 3 171
341 2 44
339 4 251
339 6 336
339 21 337
339 30 377
339 14 378
340 3 260
342 3 131
345 1 0
340 5 371
340 6 372
340 7 373
346 1 0
340 19 397
340 15 399
347 1 8
347 7 18
342 6 247
342 7 247
348 1 0
346 2 63
339 13 559
339 14 559
345 2 99
342 8 262
342 30 288
342 15 289
344 2 114
348 2 44
348 2 58
346 3 158
348 3 142
348 4 161
346 5 250
346 6 253
346 7 253
349 1 0
350 1 0
348 5 201
348 6 208
348 7 208
351 1 0
351 5 5
351 6 9
352 1 0
351 8 28
351 8 84
345 4 472
349 5 257
354 2 33
353 2 55
350 2 238
341 3 829
344 5 532
344 7 546
345 5 525
345 6 531
345 7 531
345 21 532
345 8 542
357 1 0
352 3 118
355 2 59
344 4 557
344 3 557
345 8 568
341 4 884
341 5 912
359 1 0
360 1 0
341 6 915
341 8 937
352 5 165
352 19 199
354 4 193
353 4 212
353 6 232
355 3 176
354 5 219
354 6 222
345 29 676
345 8 681
355 4 204
354 25 255
354 5 255
354 7 258
353 8 288
350 3 458
354 30 260
354 14 261
354 15 261
354 6 265
354 30 271
354 14 275
353 8 294
345 8 757
355 5 255
355 6 263
355 7 263
360 4 176
360 5 196
360 7 200
360 8 233
360 8 237
345 8 836
345 8 836
350 5 579
360 4 254
360 3 256
350 7 591
350 13 606
350 14 607
350 15 607
361 3 203
363 1 0
363 5 4
360 5 275
360 7 284
359 4 292
363 2 37
363 3 45
363 4 50
361 4 257
363 5 54
363 6 58
363 7 58
363 21 61
363 8 76
361 6 287
361 7 287
363 4 93
363 5 101
363 6 104
363 7 105
363 21 107
363 8 111
359 5 390
359 7 398
363 3 125
361 19 341
361 136 341
359 13 407
359 30 407
359 14 409
359 15 409
345 8 1006
364 2 54
345 4 1046
345 7 1061
365 1 0
365 2 48
367 1 0
366 2 42
366 2 55
368 1 0
364 4 224
345 26 1220
345 14 1221
369 1 0
367 2 54
364 6 242
364 7 242
364 8 269
345 25 1270
345 7 1270
364 1 273
364 19 273
364 34 273
364 14 274
345 8 1275
366 3 171
370 1 0
370 1 0
366 4 202
345 15 1381
366 5 250
345 25 1401
345 6 1401
345 7 1401
345 8 1408
345 26 1411
345 14 1412
369 3 172
365 3 328
366 6 254
367 3 246
368 4 220
369 5 207
365 4 359
369 7 211
365 5 395
365 6 399
365 7 399
368 5 279
365 8 459
368 8 329
372 1 0
367 6 372
368 8 359
368 29 384
365 1 510
365 13 510
365 14 511
359 6 1027
365 25 568
365 6 568
365 7 568
373 1 0
365 19 586
365 34 586
367 8 460
363 1 824
363 6 832
363 21 835
363 1 836
365 14 590
365 15 590
365 6 606
367 13 495
367 30 495
367 15 497
363 5 843
363 6 846
363 7 846
363 21 849
363 25 865
363 5 866
373 2 50
363 7 871
363 8 876
363 6 916
374 2 110
368 34 663
368 14 663
373 3 267
376 1 0
374 3 299
372 5 436
373 5 331
373 7 340
374 4 341
376 2 74
372 8 462
373 8 364
379 1 0
372 8 474
372 8 479
373 4 399
373 5 403
374 5 382
374 6 385
374 7 385
374 21 389
374 8 405
372 29 498
372 1 500
372 13 501
373 6 411
373 7 411
373 8 418
381 1 0
374 13 457
374 30 457
374 14 460
378 2 108
373 34 521
373 14 522
382 1 0
377 4 282
381 6 199
381 7 199
383 1 0
377 6 352
377 7 352
380 3 253
382 3 137
384 1 0
380 4 284
385 1 0
382 4 173
381 15 251
374 1 722
377 8 432
380 5 335
380 6 339
380 7 339
380 21 341
385 2 57
384 2 66
377 4 462
380 14 370
380 6 379
380 7 380
380 13 383
380 14 388
380 15 388
377 5 491
377 6 495
377 7 495
377 8 508
386 1 0
387 1 0
384 3 179
378 4 527
377 25 551
377 5 551
377 6 554
377 7 554
387 2 38
378 5 604
378 6 608
378 7 609
385 3 257
387 4 107
387 5 142
387 6 150
365 8 1606
378 26 771
378 25 788
378 7 789
385 6 428
385 7 428
378 27 804
378 15 807
378 6 813
378 7 813
385 19 505
389 1 0
378 5 882
378 6 888
385 14 518
390 1 0
388 2 135
392 2 50
389 3 196
388 3 261
392 3 179
388 4 306
394 1 0
395 1 0
388 5 342
396 1 0
388 7 347
394 2 36
392 4 217
392 5 241
395 2 38
388 8 359
388 8 365
389 5 331
389 6 335
389 7 335
392 7 250
392 13 269
389 8 360
389 8 368
389 8 381
390 3 353
388 29 424
396 2 95
389 8 391
389 4 397
388 8 451
397 1 0
394 3 151
395 4 159
393 5 243
398 1 0
388 8 530
393 6 249
393 7 249
393 30 257
393 15 257
398 2 39
395 6 220
398 2 45
395 8 239
388 30 579
399 5 10
399 7 19
399 13 22
399 15 23
396 3 300
401 2 44
400 2 86
397 3 197
404 1 0
405 1 0
397 4 265
401 3 143
405 2 36
404 2 74
408 1 0
385 26 1227
397 5 304
385 14 1238
403 2 68
396 6 439
396 7 439
396 21 442
401 5 205
377 8 1649
406 2 74
409 1 0
409 5 4
409 6 12
409 7 13
409 15 19
400 3 303
387 8 1188
411 1 0
387 30 1202
405 3 195
398 4 393
403 3 241
387 14 1205
387 15 1205
404 3 239
400 4 375
411 2 63
396 136 635
396 19 635
396 14 638
403 4 287
405 5 269
405 6 272
400 5 444
400 6 446
400 7 446
412 2 58
413 1 0
404 4 360
400 8 486
396 14 722
403 5 380
415 1 0
400 7 504
400 26 517
404 5 405
400 14 520
400 15 520
396 25 739
396 6 739
413 2 48
405 8 379
414 2 55
403 8 442
398 5 621
415 2 69
398 7 630
400 6 559
400 8 571
412 3 173
404 13 466
404 30 467
404 14 467
404 15 467
400 4 583
411 3 274
403 8 477
416 1 0
412 4 214
403 8 502
406 4 456
415 3 147
415 4 172
412 6 263
412 7 264
414 4 194
412 4 277
403 2 552
406 5 496
406 6 500
398 6 745
416 3 95
298 7 7377
412 3 304
412 4 307
406 4 540
417 1 0
418 1 0
398 8 786
415 6 235
415 7 235
412 5 309
412 7 311
414 5 234
412 8 314
414 7 238
412 19 322
412 14 325
412 15 325
414 8 257
411 5 397
411 7 400
411 4 418
403 3 623
418 2 41
416 4 167
403 6 652
403 7 652
398 8 827
412 6 377
412 7 377
412 19 384
416 6 201
416 7 201
412 6 394
413 4 345
412 19 399
412 6 403
412 7 403
416 8 233
417 3 118
418 3 144
413 5 381
413 6 385
413 7 385
398 8 928
398 8 941
413 1 432
417 4 179
413 6 442
413 7 442
417 5 210
413 19 467
413 14 469
413 15 469
413 7 476
418 6 246
418 8 265
398 14 1029
421 1 0
418 8 273
398 25 1042
398 6 1042
418 8 304
418 29 316
418 13 320
418 14 321
418 15 321
398 8 1095
398 34 1117
422 8 16
398 6 1125
398 7 1125
422 8 28
423 1 0
404 6 1042
404 7 1043
424 1 0
424 5 3
424 6 12
424 8 18
419 5 289
419 6 294
421 5 204
421 6 210
421 7 210
419 13 309
419 15 310
425 1 0
414 8 757
426 1 0
414 8 779
414 29 792
414 8 797
427 1 0
414 29 804
414 8 814
414 29 825
428 6 9
428 7 9
430 1 0
430 5 5
430 6 12
428 29 41
430 7 12
427 2 72
431 7 18
429 2 114
423 3 307
429 2 124
423 4 340
423 6 377
424 29 368
432 1 0
421 13 523
421 14 524
421 6 563
421 7 563
421 30 566
427 5 302
421 25 583
421 7 583
421 13 586
421 14 589
421 15 589
427 7 316
427 21 317
427 8 344
427 8 354
432 2 140
427 8 401
427 4 405
427 5 408
427 6 424
427 21 425
427 8 429
434 2 55
435 1 0
433 2 183
427 14 489
427 25 502
427 6 502
432 3 263
434 3 159
421 7 827
421 6 827
421 13 833
421 15 834
421 14 834
432 4 329
432 5 359
434 6 234
432 7 375
421 25 910
421 7 910
421 8 915
421 14 919
421 15 919
433 3 370
437 1 0
421 6 1026
421 7 1026
437 2 66
421 13 1038
421 30 1038
421 14 1039
421 15 1039
433 5 524
433 7 532
436 2 150
408 1 1954
439 1 0
440 1 0
421 25 1173
421 6 1173
421 7 1173
440 2 28
433 30 615
433 14 615
437 4 227
421 13 1185
421 30 1185
421 14 1186
437 6 290
437 7 290
441 2 69
438 3 282
437 8 333
438 4 347
442 1 0
437 4 389
437 5 390
437 6 397
437 7 397
440 3 234
428 1 1089
438 6 418
437 8 455
428 2 1124
441 3 253
445 1 0
438 13 457
438 14 458
438 15 458
438 7 479
446 1 0
447 1 0
428 4 1179
438 14 484
438 6 493
440 5 354
440 6 358
440 7 358
440 8 374
448 1 0
447 2 44
428 5 1189
449 1 0
428 6 1195
428 7 1195
428 8 1210
438 15 530
441 4 344
443 3 168
451 1 0
428 4 1228
436 3 603
441 5 369
441 6 373
441 7 373
448 2 63
441 19 401
441 14 404
441 15 404
441 6 415
441 7 415
446 3 105
443 4 206
447 3 135
451 2 60
436 4 659
441 19 418
441 14 421
441 8 432
446 4 134
453 1 0
443 5 247
443 7 252
446 7 187
446 6 187
447 4 180
443 8 261
443 8 267
443 8 271
443 8 290
443 8 299
443 8 305
444 1 279
443 8 310
436 5 745
436 6 749
436 7 749
441 34 510
441 14 515
447 6 240
451 3 191
451 3 201
454 1 0
447 13 282
447 30 282
447 14 283
447 15 283
451 4 239
438 6 800
448 3 310
452 6 217
452 7 217
438 19 817
438 14 821
438 15 821
436 2 867
452 8 238
451 5 310
451 7 326
456 2 65
456 2 71
447 6 416
447 7 417
438 19 879
438 34 879
438 14 883
438 6 888
450 7 368
438 8 903
454 5 168
438 8 916
454 6 173
450 8 394
438 19 925
438 34 926
454 8 179
438 14 926
438 14 932
438 15 932
440 29 799
448 4 413
450 29 415
457 1 0
454 8 211
440 8 801
445 5 511
445 6 519
450 8 446
450 1 455
450 34 455
450 14 457
450 15 467
459 1 0
461 1 0
448 7 549
460 2 30
462 1 0
448 14 588
448 15 588
459 2 61
461 2 42
450 7 581
450 6 581
374 1 4839
462 2 55
450 8 627
450 13 634
460 5 176
460 8 224
462 3 178
459 3 255
465 1 0
462 5 252
462 6 256
462 7 256
462 8 298
459 5 351
436 1 1449
436 19 1449
436 34 1449
436 6 1459
466 1 4
467 1 0
462 13 376
462 30 376
462 14 377
468 1 0
436 8 1521
465 2 137
436 34 1563
436 7 1587
436 8 1653
436 34 1656
465 4 301
471 1 0
465 6 345
469 3 125
461 3 670
461 4 690
472 2 63
469 5 182
469 6 192
469 7 192
469 13 202
469 15 203
461 5 736
469 6 219
469 7 219
469 8 221
461 6 752
472 3 154
473 7 19
473 1 23
473 5 26
473 8 27
471 5 216
471 6 232
466 4 461
472 5 215
472 7 220
473 6 41
469 13 318
469 14 319
471 8 259
474 1 0
461 13 887
475 1 0
471 1 304
471 13 304
471 14 306
471 15 306
466 5 521
466 6 537
466 7 537
474 2 54
469 7 436
469 6 436
469 4 437
473 29 146
466 19 567
466 15 571
476 1 0
469 1 453
473 8 169
466 1 591
466 5 599
444 5 1639
469 2 493
477 1 0
444 6 1643
444 7 1644
476 2 46
474 3 158
444 14 1674
477 2 61
473 8 271
475 3 189
469 3 571
476 3 146
474 6 261
474 7 261
475 4 227
476 4 187
475 5 260
469 5 637
475 6 276
475 7 276
479 1 0
476 7 222
470 3 633
480 1 0
469 7 653
469 21 655
475 8 293
475 8 306
481 1 0
482 1 0
483 1 0
483 5 2
469 8 737
479 2 70
477 3 221
485 1 0
486 1 0
480 3 87
480 4 107
469 8 745
469 26 769
469 14 771
487 1 0
444 7 1967
444 8 1972
480 5 167
481 2 136
484 2 139
488 1 0
479 5 225
470 4 869
469 6 904
469 7 904
469 8 909
469 13 911
469 14 911
479 8 258
479 8 262
487 2 105
469 6 937
469 7 937
469 26 944
469 27 945
479 8 280
477 8 428
477 8 433
477 8 436
477 8 440
489 1 0
489 1 0
489 1 0
488 2 94
474 8 608
469 25 954
469 6 954
469 7 954
469 26 959
469 27 959
469 14 963
469 15 963
469 7 964
469 27 967
469 14 967
469 6 969
479 1 318
474 8 643
469 30 986
469 14 987
469 15 987
490 1 0
470 5 969
470 6 985
470 7 985
444 6 2159
476 8 568
476 1 578
470 8 1029
470 1 1038
470 34 1038
485 2 326
490 2 86
491 1 0
491 1 0
491 1 0
492 1 0
493 1 0
494 1 0
444 29 2257
444 8 2259
496 1 0
496 1 0
444 26 2282
444 27 2282
444 14 2285
444 15 2285
488 3 289
497 1 0
485 3 414
485 4 434
484 4 449
498 1 0
492 2 129
444 6 2389
444 7 2389
481 4 558
488 4 392
488 5 404
488 7 420
499 1 0
490 3 280
500 1 1
500 1 1
497 4 166
498 2 65
501 1 0
481 6 638
497 5 190
502 1 0
481 4 661
488 14 503
488 15 503
488 25 510
488 6 510
488 7 510
497 6 206
503 1 0
490 4 348
492 3 289
488 19 530
488 136 531
488 6 539
488 7 539
497 8 256
490 5 384
481 25 706
485 8 668
481 6 722
481 7 722
481 8 725
488 8 553
498 3 192
490 8 415
487 3 625
470 6 1390
497 8 290
504 1 0
492 4 373
487 5 711
487 6 727
487 7 728
502 5 160
502 6 175
497 8 403
498 6 313
498 7 313
487 14 741
490 8 552
492 5 453
492 7 468
492 21 469
505 1 0
502 8 222
502 8 236
506 1 0
490 1 592
490 4 601
490 5 611
492 1 511
492 19 511
492 14 512
492 14 531
497 19 495
497 34 495
490 6 627
490 7 628
490 21 629
492 7 539
492 13 543
492 14 543
502 13 306
502 30 306
502 14 307
497 7 506
497 26 522
497 14 526
497 15 526
497 25 559
497 6 559
497 7 559
497 8 607
506 2 177
497 14 651
502 25 435
502 30 440
502 14 441
492 6 711
508 2 37
505 3 229
497 25 654
497 7 654
492 5 729
508 3 225
505 2 397
511 1 0
509 2 46
506 5 415
506 7 419
511 2 53
508 4 281
510 2 65
506 8 445
512 1 0
505 5 510
508 5 302
508 6 307
508 7 307
514 1 0
506 1 469
506 14 470
506 15 470
512 2 48
505 6 514
515 1 0
509 3 140
514 2 38
516 1 0
511 3 174
505 13 613
505 14 614
505 15 614
510 3 207
514 3 119
514 3 132
517 2 50
511 4 209
509 4 240
508 13 453
508 30 453
508 14 453
508 15 453
511 5 235
511 6 251
518 1 0
510 4 270
510 3 283
514 7 196
509 5 307
514 8 217
516 3 153
505 6 742
505 7 742
518 2 59
516 4 201
513 3 293
516 7 231
520 2 58
517 4 260
514 13 353
521 2 53
515 4 338
523 1 0
517 5 301
517 7 305
512 5 459
522 2 66
524 1 0
525 1 0
513 5 486
513 6 492
513 7 493
526 1 0
521 3 227
523 2 147
520 4 250
513 136 531
513 15 533
512 8 569
520 5 294
520 6 298
505 30 1076
505 13 1076
505 14 1077
505 15 1077
521 4 272
527 1 0
521 5 301
521 6 312
528 1 0
520 8 398
520 8 433
519 5 558
519 6 562
528 2 111
524 4 304
493 3 1716
512 4 786
523 4 389
519 1 597
519 26 597
529 1 0
522 4 404
493 4 1771
530 1 0
524 5 374
524 6 381
522 5 462
529 2 75
522 6 478
522 7 478
523 5 473
523 6 477
523 7 477
522 8 491
493 21 1817
530 2 61
512 8 905
522 8 505
522 8 514
522 8 519
528 3 237
531 1 0
532 1 0
522 8 524
533 1 0
523 14 553
526 4 436
528 6 351
528 7 351
533 2 37
526 5 502
526 7 509
530 3 196
528 8 378
534 6 15
534 7 15
534 13 19
530 4 239
528 13 405
528 30 405
528 15 410
526 8 592
530 5 291
530 6 297
533 3 173
505 13 1629
505 15 1633
530 13 329
530 14 331
533 5 212
533 7 229
533 8 258
533 8 267
533 8 315
533 8 323
529 3 579
536 1 0
526 4 1040
526 5 1045
536 2 49
538 1 0
539 1 0
526 7 1063
539 2 52
540 2 46
541 4 111
540 3 130
541 6 141
541 7 141
542 1 0
543 1 0
539 3 195
540 4 169
529 5 1010
529 6 1013
540 5 198
540 6 201
540 7 201
543 2 66
535 4 537
545 1 0
540 8 225
546 1 0
539 6 314
539 7 314
540 8 304
529 13 1131
529 30 1131
539 13 328
539 15 329
542 2 180
540 8 317
540 1 333
540 13 333
540 14 339
540 15 339
529 6 1165
529 7 1165
539 6 353
539 19 366
539 14 370
547 1 0
529 2 1187
548 1 0
529 3 1197
535 6 672
539 6 398
539 7 398
539 8 405
541 8 382
529 5 1209
529 6 1213
529 7 1213
529 136 1223
529 14 1224
539 4 409
535 8 695
539 5 415
539 6 420
539 14 426
539 15 426
539 7 432
541 13 396
541 30 396
541 15 396
548 2 50
539 8 441
550 1 0
529 6 1276
529 19 1285
529 136 1285
529 14 1285
535 14 758
535 15 758
539 34 496
529 136 1303
529 14 1303
539 15 499
539 6 502
539 7 502
529 6 1329
529 7 1329
529 136 1340
529 6 1350
529 7 1351
547 3 201
529 19 1362
529 14 1363
551 1 0
547 4 237
552 1 0
529 14 1391
529 7 1402
547 5 263
550 4 154
547 6 279
547 7 279
547 8 287
547 8 296
549 4 153
541 1 623
554 1 0
550 5 187
547 13 314
547 14 314
547 15 314
541 6 644
541 7 645
550 6 202
550 7 203
555 2 67
541 14 697
541 15 697
544 4 479
543 6 564
539 5 748
539 6 761
539 7 762
539 8 767
553 3 106
554 2 117
554 2 126
554 2 126
554 2 126
543 8 596
539 8 784
544 7 542
543 4 646
543 3 646
553 4 154
553 5 173
553 6 179
544 8 552
553 8 187
553 1 204
553 13 204
553 15 207
553 14 207
556 1 0
555 6 245
555 7 245
555 8 276
544 14 647
555 8 289
554 4 329
552 5 419
552 7 432
552 8 459
552 8 473
551 3 512
552 1 505
552 13 505
552 14 505
552 15 505
557 5 9
558 1 0
548 3 770
547 6 819
547 30 834
547 14 834
559 1 0
560 1 0
561 1 0
562 1 0
551 4 646
544 6 972
544 7 972
559 2 47
548 6 896
551 6 712
551 7 712
551 8 729
566 1 0
568 1 0
562 2 112
547 6 1013
547 7 1013
547 13 1019
547 30 1019
567 2 43
547 14 1019
569 1 0
566 2 94
570 1 0
558 4 299
569 2 55
563 3 209
570 2 71
565 2 192
571 1 0
558 5 346
558 6 352
558 7 352
558 8 387
563 5 288
563 6 297
563 7 297
558 8 413
569 3 168
563 19 315
563 14 316
566 4 251
567 4 241
572 1 0
559 4 375
559 5 388
559 7 392
563 26 330
563 14 331
566 3 259
570 3 186
573 1 0
565 3 323
569 4 211
560 2 419
560 2 422
571 3 157
569 5 244
569 7 249
530 6 2425
570 4 258
565 4 377
567 5 339
567 6 343
567 7 343
567 26 355
567 27 355
567 14 356
569 2 276
569 3 290
569 4 293
530 3 2467
568 3 358
567 26 366
567 27 366
567 15 369
567 25 371
567 7 371
567 26 380
567 27 380
567 14 381
567 25 383
567 6 383
567 7 383
559 8 494
559 34 499
571 5 218
559 6 508
559 7 508
571 6 225
569 6 300
569 13 309
575 1 0
567 27 390
571 3 250
577 1 0
530 2 2515
565 13 479
578 1 0
565 14 483
575 2 97
576 2 75
577 2 68
530 25 2580
568 5 471
568 7 476
580 5 26
581 1 0
580 7 43
572 3 248
582 1 0
530 25 2609
530 5 2610
530 7 2614
568 8 505
568 8 513
580 136 58
580 14 67
568 8 525
572 4 281
560 4 655
568 8 529
574 3 275
562 3 673
581 2 86
568 8 583
572 6 318
572 7 318
582 2 86
568 8 618
568 8 622
568 8 625
584 2 61
574 5 359
574 6 364
574 7 364
585 1 0
585 6 18
583 2 126
560 5 773
586 1 0
560 6 789
560 7 790
574 8 407
586 2 36
576 4 284
574 19 421
574 34 421
574 14 435
569 6 643
569 7 643
569 8 654
574 7 442
574 8 448
569 8 661
576 5 343
576 7 354
582 3 248
577 6 350
577 7 350
576 1 373
576 13 373
577 8 367
584 3 238
582 4 286
581 3 313
582 7 330
577 19 429
577 14 432
577 15 432
586 4 203
577 25 438
577 6 438
577 8 458
581 4 367
577 25 497
577 5 497
588 1 0
583 5 382
583 7 398
586 5 260
586 6 263
577 7 506
577 8 524
583 8 416
583 13 422
583 14 426
583 15 426
584 5 414
584 6 419
584 7 419
591 1 0
590 2 104
590 2 108
589 2 120
591 2 41
593 1 0
594 1 0
595 1 0
595 2 25
591 5 176
591 7 180
591 1 205
591 13 205
594 2 87
591 15 205
589 3 289
589 4 331
595 5 161
589 6 398
589 7 399
598 1 0
597 2 73
600 1 0
589 8 444
589 8 474
599 2 69
601 2 40
596 4 247
594 3 332
602 2 70
596 5 294
596 6 302
594 4 370
596 3 333
601 3 146
600 4 194
596 4 349
596 5 357
597 3 314
601 5 225
601 6 229
601 7 229
597 5 352
605 2 62
601 1 264
601 13 264
597 7 368
599 4 293
597 8 395
597 19 417
597 14 418
602 3 279
597 15 431
597 4 476
602 4 334
597 6 495
597 7 495
606 1 0
602 5 381
602 6 396
575 3 1446
603 2 381
603 2 397
608 1 0
608 5 3
606 2 43
602 2 433
609 1 0
599 5 507
599 7 512
604 5 437
604 6 448
604 7 448
604 8 458
602 3 497
610 1 0
606 3 147
602 5 526
575 6 1581
602 6 542
606 4 207
575 8 1632
604 26 585
604 27 585
603 3 578
614 1 0
606 5 236
575 29 1645
575 8 1648
613 2 56
606 6 252
606 7 252
575 8 1717
611 4 185
612 3 145
606 29 303
606 8 306
603 4 675
604 7 710
604 6 710
604 8 717
604 26 733
611 5 225
611 6 228
605 4 604
615 1 0
612 4 213
613 4 219
611 8 286
611 29 290
611 29 290
611 8 291
603 6 787
615 2 56
611 29 307
612 5 267
605 5 664
605 6 678
575 8 1880
603 1 813
603 13 813
603 14 814
603 15 814
611 8 331
611 29 334
612 6 283
612 7 283
604 6 856
612 8 313
605 8 729
619 1 0
613 14 332
613 15 332
605 14 767
605 15 767
612 8 363
612 29 379
612 8 386
619 2 58
619 2 66
612 8 399
612 8 421
617 3 115
615 3 224
620 1 0
617 4 149
613 6 432
616 3 239
618 2 179
619 4 192
617 5 199
617 6 215
615 5 300
616 4 283
615 8 319
623 1 0
617 13 226
617 30 226
617 15 227
616 5 334
619 6 240
622 2 80
615 8 365
615 8 378
615 13 388
625 1 0
615 14 396
615 15 396
624 2 51
620 3 208
626 1 0
627 1 0
616 30 479
616 14 479
616 15 479
618 5 506
620 5 362
618 6 512
600 13 1415
600 14 1416
624 7 271
620 6 374
620 7 374
620 8 385
620 4 393
629 1 0
624 14 293
620 7 414
630 1 0
630 2 7
624 15 323
620 8 429
631 2 30
631 2 36
605 8 1380
605 30 1394
605 15 1396
631 3 132
632 1 0
611 26 1116
611 14 1116
634 1 0
633 2 51
631 5 229
631 6 235
631 7 235
611 6 1166
611 7 1166
611 4 1166
611 6 1177
611 7 1177
631 8 244
611 8 1186
611 29 1186
611 29 1190
611 8 1191
611 29 1191
611 29 1203
634 2 71
611 8 1229
633 3 135
631 19 305
631 14 305
631 25 317
631 6 317
631 8 327
633 5 204
631 8 362
633 7 210
631 8 390
633 8 245
633 8 264
628 8 573
634 4 277
633 14 310
633 15 310
634 5 298
631 136 545
631 14 545
631 25 552
631 7 552
633 25 404
633 6 405
633 7 405
628 5 739
628 6 743
628 7 743
633 30 446
633 14 447
631 8 624
628 21 747
636 1 0
637 1 0
637 5 8
408 1 11996
637 6 23
637 7 24
639 1 0
640 1 0
640 5 7
640 7 12
641 1 0
640 13 57
640 15 58
636 2 217
639 3 174
644 1 0
622 3 1351
642 2 79
643 2 61
639 5 245
639 6 248
644 2 71
637 645 300
628 1 1167
628 1 1167
639 6 276
628 5 1174
628 6 1176
628 7 1176
628 6 1177
628 7 1177
628 21 1180
646 1 0
641 3 271
643 3 155
637 7 357
637 8 364
647 1 0
622 5 1520
639 2 348
648 1 0
641 4 328
644 3 179
622 7 1527
622 6 1527
638 3 412
639 4 397
650 1 0
650 1 0
639 5 407
647 2 51
643 7 229
643 8 235
643 8 240
643 29 241
639 6 410
641 6 388
644 6 243
641 8 413
638 4 486
644 8 252
641 30 428
641 15 431
642 3 344
638 5 551
638 6 557
638 7 557
652 1 0
653 1 0
641 6 503
641 7 503
652 5 7
652 7 12
642 4 402
649 3 200
641 13 526
651 2 71
651 2 93
638 13 596
638 15 597
644 15 376
647 2 236
638 26 648
638 27 648
638 14 649
642 5 464
649 4 241
654 2 49
641 6 583
641 7 583
641 13 591
641 30 591
641 14 592
651 2 151
642 2 499
649 7 268
655 1 0
653 2 112
656 1 0
657 1 0
649 8 300
649 8 308
649 8 310
649 29 314
649 29 316
654 3 124
652 8 179
649 8 329
649 8 336
649 8 341
649 8 344
649 8 350
654 4 146
642 25 574
642 5 574
657 2 73
649 8 363
649 8 379
654 5 193
644 7 536
644 6 536
644 8 546
642 2 593
642 6 615
642 5 621
649 25 391
649 6 407
649 7 407
654 7 208
642 6 622
642 5 632
642 6 635
658 2 82
654 8 242
652 8 278
653 4 297
651 6 354
642 25 686
642 5 686
642 6 688
659 2 44
660 1 0
651 13 380
651 14 381
653 6 347
642 25 741
642 5 741
642 6 748
659 3 117
652 8 413
642 8 799
657 3 310
642 6 815
642 7 815
661 2 67
659 5 185
643 8 791
643 8 798
643 8 817
658 3 296
661 2 75
659 8 219
651 6 531
651 7 531
642 13 875
642 14 875
652 8 500
659 29 226
659 8 238
651 8 565
648 2 706
651 8 603
658 6 365
658 7 365
657 5 423
658 21 382
652 1 554
652 13 554
663 5 4
657 8 467
658 7 421
653 1 607
663 7 20
663 8 25
663 8 33
663 8 36
663 8 44
657 13 504
657 14 505
657 15 505
653 6 620
661 3 266
665 1 0
666 1 0
658 3 490
658 4 503
658 5 510
666 2 39
658 7 526
658 21 527
661 4 318
661 5 331
661 6 335
661 7 335
664 2 92
658 8 543
658 8 563
658 8 573
643 13 1113
643 14 1113
663 14 200
663 7 212
666 3 130
628 7 2240
666 4 154
642 6 1196
665 2 196
628 26 2270
628 27 2271
628 14 2272
667 2 58
666 5 198
666 7 201
642 26 1249
642 14 1252
628 25 2290
628 6 2290
628 7 2290
628 1 2304
628 5 2310
668 2 47
628 6 2313
628 7 2313
666 4 236
669 1 0
666 3 237
669 1 17
670 1 0
643 25 1275
643 6 1275
643 30 1285
643 14 1286
643 15 1286
669 5 43
669 6 55
669 7 56
669 8 78
671 2 71
669 8 94
664 4 395
667 4 246
667 3 249
667 4 254
669 8 138
673 1 0
664 5 440
672 2 92
659 8 818
664 7 452
664 21 456
668 5 260
668 6 277
673 2 49
676 1 0
675 13 33
664 8 486
675 15 34
676 2 46
667 5 365
667 6 374
674 2 95
668 8 354
671 3 241
673 4 137
664 14 576
676 3 156
665 4 626
672 3 299
670 3 356
671 5 344
671 7 349
671 8 363
670 4 388
676 4 218
671 4 384
671 3 384
678 1 0
672 4 399
676 6 285
676 7 285
665 5 725
665 7 740
675 5 323
675 8 327
675 6 328
675 7 328
670 6 455
670 7 455
670 8 464
670 29 475
665 8 762
665 29 762
665 8 763
681 1 0
670 8 497
672 6 487
672 7 487
680 2 43
674 4 418
679 3 184
677 5 462
682 2 81
674 14 545
679 5 266
684 1 0
677 6 479
677 7 479
679 6 270
679 7 270
683 2 72
679 8 303
679 8 311
684 2 86
674 1 635
677 8 573
686 1 0
678 5 371
678 6 376
674 5 645
674 8 652
674 7 652
679 8 383
679 4 385
677 8 602
684 3 157
677 8 642
686 2 63
677 13 660
677 14 664
677 15 664
684 4 200
682 3 315
683 3 303
682 4 370
674 14 823
674 15 823
686 3 209
683 5 384
683 6 387
683 7 387
683 8 403
682 5 433
683 13 409
683 14 413
683 15 413
682 7 449
682 19 482
682 14 483
686 6 306
686 7 306
686 8 317
682 6 508
682 7 509
682 15 536
408 1 14647
408 6 14666
408 7 14666
687 2 74
680 4 724
680 5 750
680 7 753
408 1 14738
408 5 14750
408 6 14758
680 8 781
408 7 14759
680 8 799
688 1 0
687 3 189
682 7 712
682 8 715
680 8 817
680 8 829
689 1 0
690 1 0
682 19 718
682 34 719
682 14 719
687 4 258
687 5 313
687 6 324
687 8 352
682 25 838
682 6 838
682 7 839
682 26 851
682 14 853
680 19 989
680 34 989
680 14 990
687 8 366
682 6 872
682 7 872
680 25 995
680 6 995
680 7 995
680 8 1009
680 34 1011
680 14 1015
680 15 1015
680 25 1016
680 6 1017
680 7 1017
692 1 0
692 8 7
691 1 171
689 3 258
692 8 52
683 1 944
694 1 0
682 5 979
682 6 993
695 1 0
692 13 110
692 14 111
692 15 111
689 4 350
696 1 0
694 2 79
696 2 50
689 5 394
697 1 0
689 6 397
689 7 397
689 4 424
694 3 186
695 3 142
699 1 0
695 4 175
694 6 258
694 7 258
694 21 262
695 5 238
695 6 257
700 1 0
697 3 189
695 8 299
701 1 0
702 1 0
702 5 3
702 6 5
702 7 5
702 1 7
702 13 7
702 15 8
700 2 55
696 4 321
697 6 270
701 2 53
704 1 0
703 2 28
697 34 305
697 15 308
696 5 373
696 6 376
705 1 0
703 4 74
696 1 421
696 13 421
705 2 72
706 1 0
696 7 459
696 8 461
696 8 465
688 4 845
696 8 497
700 5 276
700 7 286
698 4 445
706 2 60
696 8 505
704 3 179
708 1 0
698 5 492
688 5 930
688 6 944
688 7 944
710 1 0
698 6 501
698 7 501
705 3 218
698 8 547
704 4 252
704 5 274
711 1 0
688 8 984
710 2 63
704 7 288
705 4 280
712 1 0
712 5 2
704 15 316
712 8 5
712 7 5
712 30 14
712 15 14
705 5 303
706 3 241
712 25 48
712 6 48
712 7 48
712 13 52
712 30 52
705 6 319
705 7 320
705 29 342
712 14 52
712 15 52
705 8 347
706 4 326
712 7 121
704 2 450
710 4 256
706 5 390
706 7 393
704 3 491
704 4 498
704 5 503
704 6 508
704 13 512
704 14 513
704 15 513
710 6 303
710 2 322
710 25 326
710 5 326
710 6 329
710 5 331
710 6 333
713 1 0
714 1 0
711 3 321
715 1 0
716 1 0
711 4 384
713 2 91
711 5 411
711 6 418
714 2 126
711 8 494
720 1 0
711 5 518
711 7 526
675 1 2657
675 5 2670
719 2 101
720 2 57
675 8 2676
675 7 2677
706 1 723
711 8 570
675 30 2725
675 14 2725
675 15 2725
714 3 271
714 4 308
721 1 0
719 3 245
713 3 356
714 5 348
714 6 352
714 7 352
714 8 369
647 1 4097
713 4 383
722 1 0
714 19 379
714 136 379
724 1 0
714 25 388
714 7 389
714 8 418
713 6 453
722 2 53
720 4 270
723 2 54
714 8 462
719 6 367
725 1 0
720 7 313
720 8 326
714 34 475
714 15 480
724 2 99
714 25 487
725 2 51
720 8 342
720 29 358
714 8 500
714 8 510
714 29 518
714 8 528
719 8 420
725 2 53
713 8 528
727 1 0
720 8 365
728 1 0
723 3 165
713 8 587
723 4 206
729 6 12
729 7 12
729 136 25
729 14 25
729 7 31
729 6 31
729 25 39
729 6 39
729 7 39
723 5 248
723 5 268
633 25 5336
633 6 5336
633 7 5337
633 13 5342
633 30 5343
722 3 283
723 4 275
723 3 275
727 2 160
725 5 242
725 6 245
722 5 318
722 7 321
725 13 254
725 30 254
725 14 256
730 2 49
731 1 0
731 5 2
731 7 7
722 14 358
722 15 358
732 1 0
731 13 55
731 30 55
731 14 55
728 3 223
730 4 167
733 1 0
730 5 198
730 7 200
728 5 322
728 7 327
733 2 64
727 4 386
728 8 402
727 5 453
727 7 456
727 8 476
727 8 488
727 8 500
727 8 506
734 1 0
735 1 0
736 1 0
726 3 594
737 1 0
726 4 631
733 4 310
726 5 655
733 5 348
739 1 0
739 5 1
739 7 4
647 1 4904
739 1 13
739 13 13
731 1 497
726 8 701
731 5 499
731 6 503
731 7 503
731 13 516
733 8 400
740 1 0
740 5 5
740 7 10
740 6 10
712 2 1534
731 1 548
731 5 550
731 6 556
731 7 556
724 4 881
738 2 98
741 1 0
733 13 446
625 2 6406
741 6 8
731 13 596
731 30 596
731 15 596
724 5 963
724 6 968
724 7 968
744 1 0
744 6 11
744 7 12
726 8 878
733 1 533
733 5 541
733 6 549
733 7 549
744 14 18
744 15 18
724 8 1019
733 13 582
733 30 583
733 15 583
733 1 600
733 6 614
738 3 271
734 5 404
734 7 407
724 14 1094
733 13 638
738 4 321
625 3 6592
737 5 410
746 1 0
734 8 478
737 6 425
746 7 12
746 30 24
746 14 25
746 15 25
747 1 0
734 15 512
712 5 1871
733 1 746
625 7 6685
733 5 751
733 6 760
734 8 538
734 19 542
734 34 542
734 15 544
748 1 0
625 8 6719
733 13 782
733 30 782
733 14 786
733 15 786
749 1 0
712 3 1923
712 5 1941
712 6 1943
712 7 1943
712 19 1963
712 14 1965
712 15 1965
712 26 1975
712 14 1976
750 1 0
747 2 110
752 1 0
750 2 63
751 2 42
745 3 265
752 2 73
747 3 234
711 13 2214
753 1 0
731 5 1178
731 7 1182
752 3 158
754 1 0
755 1 0
755 5 4
747 4 317
750 4 242
754 6 10
754 7 10
755 7 10
752 4 212
751 5 244
750 5 300
750 7 308
753 2 99
751 8 267
756 5 2
757 1 0
750 8 347
756 6 7
756 7 7
750 8 368
750 14 376
750 15 376
749 4 411
747 5 472
758 1 0
731 1 1343
731 30 1344
731 14 1344
750 6 392
750 7 393
750 8 397
625 29 7189
625 8 7210
759 1 0
760 1 0
737 13 995
737 14 996
737 15 996
759 2 45
757 3 180
751 5 480
751 6 483
749 5 592
749 6 600
749 7 600
749 21 602
761 1 0
761 7 9
757 5 246
757 6 249
757 7 249
757 30 261
757 15 262
749 4 638
763 1 0
761 29 36
761 8 39
761 29 48
757 25 285
749 3 649
759 3 165
761 19 59
761 14 62
761 7 72
762 2 52
757 25 315
759 4 192
763 2 48
756 19 323
756 6 333
757 25 331
759 6 230
764 1 0
756 8 337
756 26 340
756 7 352
757 25 380
757 6 382
757 7 382
759 1 247
759 19 247
759 4 260
756 26 390
756 14 390
765 1 0
764 2 53
757 25 449
757 30 468
757 15 470
763 4 205
766 1 0
762 5 243
763 5 230
763 6 244
763 7 244
762 8 282
757 7 541
757 14 551
765 3 206
767 1 0
764 3 291
760 3 553
769 1 0
765 4 265
763 8 420
760 4 582
749 1 1085
770 1 0
764 4 370
760 6 640
760 7 640
760 8 651
764 6 424
764 7 425
760 30 657
760 15 658
749 5 1154
749 7 1162
770 2 61
771 2 54
764 13 482
764 30 483
764 14 483
764 15 483
772 1 0
773 1 0
774 1 0
768 3 229
775 1 0
772 2 65
774 2 46
728 1 2378
728 6 2391
728 7 2391
728 8 2396
770 3 194
768 4 279
776 1 0
728 13 2400
728 15 2401
771 3 234
770 4 320
771 5 310
771 6 314
776 2 109
774 4 204
779 1 0
770 5 346
770 6 349
774 5 242
770 30 391
770 14 392
781 1 0
774 6 246
776 2 170
775 4 232
782 1 0
781 2 30
772 4 313
775 6 287
775 7 287
775 8 301
779 2 146
772 6 373
772 7 373
774 8 350
781 3 103
768 7 606
776 3 307
781 6 172
781 7 172
776 3 353
779 3 241
773 6 494
773 7 494
783 1 0
779 4 278
776 4 396
776 5 407
776 7 410
784 1 0
776 13 448
776 30 448
776 14 452
786 1 0
783 2 80
773 8 603
785 2 51
787 1 0
773 8 683
788 1 0
787 2 54
785 6 215
785 7 215
785 29 249
787 3 198
788 2 187
788 2 199
788 2 199
788 2 199
787 4 226
768 13 1073
768 14 1073
768 15 1073
788 2 207
787 6 258
787 7 259
791 2 35
787 8 281
788 2 290
791 25 87
791 6 91
791 7 91
788 2 320
792 1 0
790 3 137
788 2 332
793 1 0
790 4 170
792 2 57
793 25 38
790 6 198
790 7 198
790 8 220
794 1 0
795 1 0
790 8 240
793 25 121
795 2 74
793 25 188
793 3 189
787 13 575
787 14 578
793 25 211
788 5 577
788 6 584
788 7 585
797 2 54
793 5 221
793 6 226
793 21 231
798 1 0
788 8 610
793 8 250
794 3 260
795 2 230
794 5 325
794 6 328
794 7 328
792 3 372
794 13 361
797 3 203
794 14 362
794 15 362
801 1 0
802 1 0
800 2 57
797 4 288
797 5 312
797 6 315
797 7 315
792 5 531
792 7 534
802 2 95
798 3 274
797 2 351
800 3 168
804 1 0
797 6 378
797 7 379
803 2 57
790 8 757
790 8 766
798 4 314
768 7 1826
800 4 216
790 13 773
790 15 775
804 2 49
800 6 238
800 7 238
800 8 260
797 2 468
805 2 55
801 4 218
801 6 250
801 7 250
797 4 543
804 3 163
797 5 562
797 6 565
797 8 577
801 8 316
804 4 207
797 8 605
802 4 424
802 5 454
804 8 326
807 1 0
806 2 54
809 1 0
805 4 407
811 1 0
805 5 442
805 6 452
813 1 0
802 3 663
814 1 0
809 2 119
815 1 0
816 1 0
802 4 693
806 4 221
811 2 89
802 5 711
807 2 196
802 6 727
806 5 263
806 7 265
806 21 269
806 8 285
817 1 0
815 2 99
815 2 115
806 8 333
807 3 283
815 2 126
808 2 300
808 2 303
813 3 193
818 2 72
807 5 400
819 1 0
807 6 406
807 7 406
813 5 307
808 3 404
807 13 451
811 4 387
813 8 345
821 1 0
813 4 373
822 1 0
820 2 94
815 6 389
815 7 389
809 3 526
821 2 32
808 8 528
823 1 0
808 8 564
809 4 568
824 1 0
811 6 499
825 1 0
825 2 22
825 2 28
809 5 598
824 2 37
824 2 41
818 4 321
815 13 514
815 30 514
815 14 514
815 15 514
822 3 162
790 1 1810
809 8 656
823 2 122
818 6 400
818 7 400
825 3 100
790 7 1819
790 8 1825
790 34 1833
790 14 1838
790 15 1838
822 4 210
825 4 135
827 7 11
809 8 732
825 6 151
825 7 151
820 3 323
827 34 35
827 14 37
827 15 37
827 14 56
827 15 56
826 4 189
825 8 196
809 4 788
821 3 278
828 1 0
818 4 517
818 3 519
818 3 521
825 8 210
826 6 218
825 8 224
825 8 232
826 4 229
821 4 332
820 4 408
825 8 243
809 1 851
809 6 861
818 3 575
818 4 578
818 5 583
821 5 381
821 7 383
818 7 587
819 3 544
808 8 967
808 13 992
820 5 561
820 21 568
820 1 599
820 13 599
820 14 599
819 5 654
829 1 0
819 34 706
808 7 1091
819 8 725
808 8 1096
808 13 1115
808 30 1115
808 14 1116
808 15 1116
777 1 2989
777 5 2993
777 7 2999
777 1 3003
777 5 3006
777 7 3009
777 29 3013
777 8 3027
832 1 0
777 8 3079
777 29 3082
777 29 3089
777 8 3095
830 3 94
823 5 653
823 7 656
823 21 660
830 4 117
833 1 0
829 2 194
834 1 0
832 2 81
835 5 22
836 1 0
835 6 29
835 7 29
835 14 44
837 1 0
833 2 39
835 6 82
835 7 82
777 29 3230
777 29 3231
777 13 3240
777 14 3241
835 14 99
835 6 114
835 7 114
829 3 329
834 2 135
832 3 205
837 2 78
833 4 156
831 3 275
833 7 166
829 4 367
832 4 258
832 5 285
832 7 288
832 8 297
831 4 333
808 25 1495
808 6 1495
808 7 1495
808 8 1505
829 7 434
829 8 441
829 8 448
831 5 366
831 6 381
831 7 381
808 8 1516
829 13 474
829 14 478
838 2 107
808 30 1595
837 3 288
831 19 509
831 34 509
831 14 512
837 4 333
840 1 0
837 5 373
837 6 376
837 7 376
837 8 396
834 4 468
835 1 478
835 5 485
837 3 441
829 8 703
834 5 511
834 7 516
835 14 524
835 7 530
841 1 0
841 2 70
843 1 0
843 2 36
842 2 63
845 1 0
841 3 201
838 4 583
841 4 265
842 3 196
847 1 0
841 5 321
841 6 326
841 8 343
849 1 0
850 1 0
845 5 227
845 6 234
849 6 14
841 8 443
849 13 48
849 30 48
849 15 49
852 1 0
844 3 339
841 8 513
852 2 71
850 4 202
850 5 241
850 6 256
850 7 256
850 13 294
850 15 294
844 5 593
844 6 600
850 6 357
849 7 368
844 8 684
850 13 504
850 15 505
844 8 833
844 8 853
855 1 0
855 3 157
857 1 0
844 8 1160
854 5 523
854 6 538
854 7 538
854 8 552
844 13 1261
857 3 170
844 7 1295
857 4 209
844 8 1314
844 13 1359
844 15 1360
858 1 0
857 5 280
857 6 289
857 8 345
841 30 1602
841 14 1602
841 15 1602
854 1 823
854 13 824
854 14 825
854 15 825
857 8 382
844 25 1510
844 7 1511
858 1 102
860 1 0
860 2 48
862 1 0
863 1 0
859 3 327
844 8 1787
864 1 0
863 2 42
844 8 1801
844 8 1817
865 1 0
859 4 394
860 3 215
866 1 0
863 5 146
863 7 149
862 3 187
860 4 280
738 5 7544
738 6 7552
738 7 7552
865 2 75
860 5 325
860 6 330
860 7 331
863 29 194
863 8 196
866 2 60
857 8 835
857 29 836
865 3 157
868 1 0
860 8 364
861 3 329
863 2 258
863 25 264
863 5 264
863 6 267
860 30 399
860 15 400
861 4 377
863 1 291
863 14 292
863 6 300
863 7 300
738 8 7682
867 2 62
865 4 207
844 14 2036
844 25 2043
844 7 2043
844 8 2051
863 7 315
863 13 324
866 3 185
861 5 410
861 6 419
861 7 419
844 8 2069
844 13 2076
844 14 2077
844 15 2077
844 7 2090
862 8 378
862 1 402
844 13 2097
844 30 2097
844 15 2098
738 8 7774
869 1 0
867 3 164
865 13 311
865 30 312
870 1 0
866 4 257
865 15 312
862 13 444
862 30 444
862 14 444
862 15 444
867 4 195
768 8 6346
866 5 303
866 7 311
861 8 553
768 8 6359
768 8 6362
866 8 333
866 4 345
866 5 348
866 6 355
866 7 356
861 29 579
738 4 7878
738 7 7891
768 8 6390
865 25 418
865 6 418
865 7 418
867 5 281
867 6 289
867 7 289
866 14 387
866 15 387
861 29 591
873 1 0
768 8 6412
865 15 435
768 8 6425
867 8 308
768 8 6433
867 14 319
867 15 319
861 8 647
875 1 0
869 2 182
862 25 608
861 8 666
861 8 678
873 2 66
876 1 0
875 2 56
865 25 502
865 7 503
862 8 629
862 13 641
862 30 641
862 14 641
862 15 641
870 2 202
866 6 459
866 7 460
866 8 461
866 13 465
866 25 489
866 6 489
866 8 491
866 26 496
866 14 498
866 8 505
876 2 45
866 14 513
866 15 513
866 6 519
866 25 531
877 1 0
866 8 544
866 19 556
866 34 556
866 14 558
866 15 558
866 14 564
866 15 564
866 6 565
866 7 565
875 3 168
877 2 44
879 1 0
861 8 843
869 3 373
866 8 659
876 4 200
870 3 418
877 3 133
875 6 289
870 4 444
870 5 455
870 6 459
877 4 161
876 5 260
876 6 274
876 14 302
876 15 302
861 29 992
861 8 996
873 4 393
869 8 516
869 8 536
869 13 567
869 14 568
869 15 568
882 5 4
882 7 11
869 7 616
873 5 499
881 2 45
879 5 290
879 6 293
869 34 679
886 1 0
883 2 67
782 2 6505
880 4 322
887 1 0
886 5 8
886 7 15
879 136 359
879 14 361
886 8 24
886 8 28
844 25 2868
844 6 2868
884 2 74
844 8 2874
844 13 2879
880 5 358
880 6 361
880 7 361
886 19 67
886 34 68
886 14 68
880 8 386
880 4 399
880 5 401
880 1 406
880 19 406
880 15 409
880 25 416
880 6 416
880 8 420
880 8 428
880 29 431
880 8 434
880 8 442
884 3 190
880 19 458
880 34 458
880 14 458
880 25 462
880 6 462
880 7 462
880 8 465
883 4 252
881 4 276
884 4 221
883 5 277
881 6 324
884 7 268
883 14 291
883 6 298
883 7 298
883 8 306
884 8 292
883 8 336
881 13 391
878 7 685
884 8 352
888 2 81
844 7 3184
881 25 483
881 7 483
881 13 511
844 8 3251
844 29 3256
844 8 3282
844 8 3314
782 3 6979
889 1 0
844 8 3400
782 6 7071
890 2 49
892 2 64
893 2 65
888 3 386
894 5 8
894 7 13
894 8 27
894 13 47
894 30 47
894 14 48
894 15 48
844 13 3537
844 14 3538
844 15 3538
891 2 154
890 3 261
889 5 283
889 6 285
889 7 285
844 6 3633
844 8 3648
886 1 826
896 2 63
886 25 845
886 5 847
892 3 274
886 6 853
886 8 864
889 19 352
889 34 352
889 6 364
889 7 364
889 3 366
844 13 3687
844 15 3687
891 3 275
897 1 0
888 8 623
890 5 388
890 7 396
898 1 0
890 8 424
892 4 371
896 3 176
900 1 0
900 1 0
891 7 371
891 21 373
899 2 35
892 5 443
896 4 233
891 13 436
891 14 436
891 15 437
892 7 452
900 2 84
899 3 131
896 5 292
896 7 297
898 3 184
897 4 247
901 1 0
899 6 209
899 7 209
899 19 215
898 4 220
897 5 286
899 19 237
899 14 237
899 7 244
899 6 252
898 5 268
897 6 291
898 7 281
899 4 261
898 8 300
897 8 321
897 8 327
844 6 4054
844 8 4062
844 30 4071
844 14 4073
844 15 4073
902 1 0
901 3 136
891 25 690
891 6 691
900 5 336
901 4 179
900 6 351
900 8 364
891 8 726
900 8 375
900 8 394
900 8 407
900 8 412
900 8 426
900 19 430
900 34 430
898 8 480
901 5 293
900 14 433
900 15 433
900 8 441
900 8 449
900 19 455
900 14 456
900 7 459
901 6 308
901 7 308
900 8 464
900 8 466
900 8 469
904 1 0
891 19 947
891 34 947
891 14 948
904 3 173
904 4 328
907 2 60
904 6 426
904 7 426
904 8 455
908 1 0
908 5 5
910 1 0
909 5 11
909 6 20
909 7 21
908 14 70
907 4 263
904 19 593
904 34 593
904 14 593
907 6 299
907 7 299
911 1 0
913 1 0
912 3 98
914 1 0
912 4 139
912 5 152
912 7 157
912 8 164
912 19 179
912 15 182
912 25 188
912 6 189
912 7 189
912 14 202
912 25 204
912 6 204
912 7 205
907 8 695
914 2 130
887 3 2540
907 4 763
907 6 769
907 7 769
915 2 81
914 3 279
887 4 2673
916 2 69
887 5 2738
914 4 361
914 5 404
914 6 407
914 7 407
887 8 2808
917 1 0
887 14 2849
887 6 2857
915 3 332
887 19 2866
850 1 5474
850 5 5477
887 14 2880
918 1 0
917 2 92
915 4 409
915 6 451
913 3 752
917 3 217
917 4 274
916 5 471
916 6 479
916 7 479
918 3 243
913 4 874
917 5 358
917 6 366
917 7 366
919 1 0
918 4 299
917 19 391
913 3 945
918 5 342
917 7 405
917 19 409
917 14 410
921 1 0
919 2 51
918 6 346
918 7 346
921 2 30
922 1 0
923 1 0
921 4 203
924 1 0
924 5 3
924 8 11
924 7 11
923 2 168
921 5 228
921 6 232
924 8 25
924 14 34
922 3 179
925 1 0
920 3 317
925 2 56
921 13 308
921 30 308
921 15 309
920 4 359
926 2 41
927 1 0
921 6 330
922 5 304
922 6 310
922 7 310
926 4 125
921 13 403
921 14 407
921 15 407
922 8 343
922 34 359
919 5 469
919 7 479
928 2 59
926 7 163
922 7 376
922 15 385
926 8 186
923 3 404
920 5 500
920 6 503
919 15 526
920 8 529
925 3 244
923 4 502
925 4 318
929 1 0
929 2 41
920 30 646
925 7 364
922 7 617
922 13 628
922 14 629
922 15 629
919 6 725
919 4 738
925 19 479
925 15 481
929 3 191
928 4 439
929 4 280
920 6 919
920 7 919
929 6 336
928 6 552
929 1 369
930 3 270
920 8 997
928 1 576
928 19 576
928 14 578
928 15 578
928 14 589
928 15 589
929 8 427
929 8 454
929 8 464
930 5 365
929 19 475
929 34 475
932 1 0
930 19 414
930 6 441
930 19 453
930 136 453
930 14 454
930 6 462
930 7 462
930 136 475
930 14 475
932 2 64
936 1 0
939 1 0
938 2 38
940 1 0
938 3 116
938 4 154
938 5 171
938 6 175
941 1 0
940 2 172
942 1 0
940 2 218
940 3 295
944 1 0
940 4 322
940 7 350
940 6 372
940 7 372
940 13 387
940 15 391
945 7 10
880 1 6196
880 5 6202
880 6 6206
880 7 6206
946 2 35
880 1 6225
880 19 6226
880 14 6228
946 3 113
945 3 195
946 4 154
945 4 212
944 4 558
945 14 259
946 6 198
946 7 198
946 8 217
944 5 604
944 6 607
947 5 6
947 6 21
948 1 0
944 8 749
949 1 0
949 2 33
944 29 892
949 7 179
952 1 0
952 1 15
948 4 422
952 3 204
948 6 449
950 3 248
953 1 0
950 4 299
950 5 388
952 4 326
950 7 393
953 2 132
953 2 136
953 2 137
950 8 422
950 8 444
954 1 0
954 2 44
955 1 0
955 1 36
954 5 209
953 3 390
954 7 214
954 19 238
954 14 238
954 6 246
954 7 246
955 3 178
953 4 467
958 1 0
954 6 308
954 8 315
958 6 12
954 34 324
954 6 327
954 7 327
954 4 328
955 4 242
955 8 317
955 8 322
955 8 325
957 2 186
956 3 417
960 1 0
960 1 3
960 1 4
961 1 0
952 1 1041
960 2 115
952 3 1103
956 4 587
964 1 0
952 6 1183
952 7 1183
956 6 670
956 7 670
956 21 671
956 8 684
959 4 425
956 26 706
952 14 1231
952 15 1231
956 26 733
956 27 733
956 15 734
956 8 756
956 8 764
959 30 498
959 14 499
960 4 369
956 8 800
956 29 801
956 8 806
956 5 837
961 4 336
960 5 435
956 6 845
956 7 845
959 6 581
959 7 581
959 13 595
959 30 595
959 14 595
957 3 681
961 5 377
960 7 441
960 8 458
960 8 461
956 8 888
956 29 892
961 7 386
952 6 1408
952 7 1408
952 8 1426
960 29 478
960 8 486
956 8 927
961 8 440
957 4 805
967 1 0
966 2 63
966 3 172
967 2 189
966 5 271
966 6 279
966 7 279
966 14 297
966 15 297
959 4 1018
959 15 1085
970 1 0
969 2 54
959 6 1143
959 13 1165
959 30 1165
959 15 1166
971 1 0
970 2 77
973 1 0
971 2 95
974 1 0
972 2 70
969 4 258
974 2 35
959 6 1358
959 7 1358
959 8 1375
967 2 590
959 34 1386
959 14 1387
969 5 318
969 6 322
969 7 322
971 2 194
971 2 195
970 3 273
959 6 1427
969 5 353
969 7 356
973 3 154
972 3 218
967 3 717
973 4 208
974 6 182
967 4 752
973 5 238
973 7 241
970 6 417
974 15 230
974 6 236
967 7 807
977 1 0
972 5 371
972 6 382
972 7 383
976 2 72
967 1 911
978 2 43
974 13 364
974 14 366
974 15 366
972 8 426
972 29 475
972 19 484
977 3 149
976 3 205
978 3 193
976 4 263
977 8 248
977 8 254
977 13 264
977 14 265
979 6 15
979 7 15
978 5 337
978 14 375
978 14 388
980 1 0
980 3 266
980 6 436
980 7 436
981 1 0
982 1 0
983 1 0
981 3 257
985 1 0
986 1 0
986 2 58
985 2 74
987 1 0
981 5 476
981 6 482
988 2 79
985 3 196
989 1 0
989 2 33
985 5 296
989 3 103
985 4 351
989 5 150
989 7 158
990 2 160
990 3 378
986 3 646
986 5 746
986 6 754
986 7 754
986 8 769
986 4 817
986 3 820
986 4 834
986 5 836
986 6 845
986 7 845
986 4 849
986 3 858
986 4 860
992 1 0
993 1 0
994 1 0
986 6 874
986 7 874
991 2 42
992 3 105
992 4 131
995 2 57
992 5 157
992 6 160
992 7 160
994 4 146
986 1 1031
986 19 1031
986 34 1031
986 14 1031
986 14 1049
986 15 1049
994 6 183
994 7 183
992 1 215
992 19 215
992 15 218
994 8 240
994 8 257
994 8 265
994 8 271
994 14 280
995 4 242
995 5 261
995 6 277
995 7 277
995 8 369
994 7 473
996 2 64
996 2 74
996 2 84
