9 2 90
9 2 100
9 3 166
9 4 196
9 7 229
9 6 229
9 8 240
9 8 250
10 2 126
10 3 324
10 4 376
10 6 414
10 7 415
10 14 429
16 2 72
10 6 674
10 7 674
16 3 138
16 4 177
16 6 222
16 7 222
16 19 238
16 14 242
16 6 249
16 7 249
32 2 49
32 3 149
32 4 182
33 2 72
33 3 208
33 4 313
33 6 358
33 7 358
33 8 392
33 19 406
33 14 409
33 25 418
33 6 418
33 7 418
33 8 443
33 14 450
33 6 1302
33 7 1302
38 2 206
38 3 320
38 4 372
38 6 448
38 7 448
38 21 452
38 14 511
38 6 946
38 7 946
38 14 969
41 2 68
41 3 204
41 4 291
41 6 371
41 7 371
42 2 76
41 8 510
42 3 203
42 4 239
42 6 305
42 7 305
42 21 307
42 19 323
42 14 325
42 6 341
42 7 341
42 4 349
42 3 350
44 2 74
44 3 264
44 4 318
44 6 390
44 7 390
45 2 49
45 3 139
45 4 168
45 6 192
45 7 192
45 14 202
47 2 37
47 3 121
47 4 192
47 7 238
47 6 238
48 2 76
48 3 211
48 4 271
48 6 326
48 7 327
50 2 71
50 2 79
50 3 168
50 4 198
50 6 232
56 2 322
56 3 491
56 4 533
56 6 605
56 7 605
56 21 609
56 14 631
58 2 57
58 3 219
58 4 254
58 6 302
58 7 302
58 8 325
63 2 391
64 2 40
64 3 136
64 4 173
64 6 199
64 7 199
64 8 203
64 8 209
64 8 218
64 8 231
64 8 241
64 8 252
64 8 261
64 14 284
63 3 904
63 4 935
63 6 959
65 6 21
65 7 22
65 14 42
66 2 60
66 3 244
66 4 287
66 6 331
66 7 331
66 8 353
66 14 374
73 2 50
73 2 63
73 3 202
73 4 451
77 6 11
77 7 11
76 2 220
76 3 359
76 4 398
76 6 446
76 7 446
76 8 473
76 19 485
76 14 485
76 6 500
76 7 501
76 8 502
76 14 505
79 2 78
80 2 56
82 6 12
82 7 12
82 21 15
82 14 26
79 3 260
80 3 270
80 4 304
79 4 342
80 3 318
79 6 408
79 7 408
77 8 799
82 6 298
82 7 298
82 14 301
77 14 806
79 8 532
79 8 548
79 8 560
79 8 566
79 8 586
79 8 608
79 29 624
79 8 630
79 29 635
79 8 637
79 29 650
79 8 653
79 29 655
79 8 657
79 8 700
79 19 745
79 14 747
82 25 602
82 6 602
82 7 602
79 25 759
79 6 760
79 7 760
82 14 609
79 8 767
79 29 774
79 8 790
79 29 812
79 8 815
79 8 824
79 29 857
79 29 860
79 8 879
79 29 884
85 2 236
87 6 8
87 7 9
87 19 13
87 14 14
87 14 18
86 2 59
86 3 174
86 4 198
86 6 212
86 7 212
86 8 227
86 8 250
86 8 330
86 8 375
86 4 381
77 6 3030
77 7 3031
88 2 203
91 2 76
88 2 548
91 3 291
93 2 31
91 4 368
94 2 56
88 3 781
93 3 83
91 6 415
91 7 415
93 4 110
91 8 436
91 8 461
93 6 142
93 7 142
91 8 468
91 8 477
91 8 488
91 8 493
94 3 167
93 8 161
88 4 861
91 8 506
91 8 519
91 29 548
91 29 553
91 29 555
94 4 211
91 19 565
91 14 565
91 6 578
91 7 578
94 6 246
94 7 246
96 2 41
96 3 118
88 6 1169
88 7 1169
96 4 158
96 6 192
96 7 192
96 8 211
96 14 229
99 2 119
100 2 112
99 3 337
99 4 488
100 3 412
100 4 487
99 6 603
99 7 604
99 21 604
99 8 617
99 19 626
99 14 626
106 2 84
105 2 126
106 3 160
106 4 210
105 3 237
106 6 265
106 7 265
107 2 73
105 4 304
106 14 294
105 6 367
105 7 367
108 2 67
105 19 414
105 14 428
105 6 440
105 7 440
106 7 448
106 6 448
106 14 458
110 2 27
108 3 204
100 6 1133
100 7 1133
100 8 1141
108 4 261
110 3 119
100 19 1200
100 14 1203
100 25 1215
112 2 61
110 4 150
110 6 164
110 7 164
100 6 1216
100 7 1216
100 19 1224
100 14 1225
100 14 1235
110 14 173
111 2 122
100 25 1359
112 3 194
100 6 1372
100 7 1372
100 19 1400
100 14 1402
112 4 265
114 2 48
115 2 72
111 3 482
114 3 124
114 4 159
114 6 208
114 7 208
114 14 230
111 4 631
115 3 301
111 6 714
111 7 714
111 8 729
111 4 763
111 6 777
111 7 778
111 8 781
112 6 758
112 7 758
115 4 393
111 8 802
112 8 787
112 8 807
112 14 823
115 6 473
115 7 474
115 14 555
121 2 74
112 6 1132
112 7 1132
112 8 1134
112 29 1139
112 19 1141
112 14 1141
112 25 1162
112 6 1162
112 7 1162
124 2 56
122 2 75
121 3 362
121 4 405
122 3 211
125 6 9
125 7 9
125 26 14
125 14 15
125 25 25
125 6 25
125 7 25
125 8 30
125 8 49
126 2 32
121 6 484
121 7 484
122 4 289
126 2 104
122 6 344
129 2 58
122 7 345
124 3 335
122 8 387
122 14 409
124 4 413
126 3 272
124 6 460
124 7 460
124 21 461
124 8 471
126 4 300
124 19 478
124 14 479
124 25 483
124 6 483
124 7 483
124 8 490
124 19 492
124 14 493
124 25 496
124 6 496
124 7 496
124 8 500
124 19 502
124 14 503
124 25 507
124 6 507
124 7 507
126 6 341
124 8 529
124 19 531
124 14 534
124 25 539
124 6 539
124 7 539
124 8 552
124 19 555
124 14 556
124 25 559
124 6 559
124 7 559
124 8 565
124 19 566
132 8 5
132 6 5
132 7 5
124 14 570
124 6 571
124 7 572
131 2 64
131 3 179
131 4 259
131 6 295
131 7 295
131 8 313
131 14 359
131 6 418
131 7 418
131 14 425
138 2 63
139 2 119
143 2 58
141 2 131
115 6 2087
115 7 2087
115 14 2091
143 3 190
141 3 264
143 4 246
141 4 312
141 6 362
141 7 362
143 6 304
143 7 304
141 8 380
141 8 394
141 8 413
141 8 424
141 8 441
141 19 449
141 14 449
139 3 492
139 4 550
122 6 1583
122 7 1583
139 6 632
139 7 633
139 8 652
139 29 674
145 2 42
139 14 711
150 2 42
145 3 178
145 4 242
145 6 275
145 7 275
145 8 299
150 3 176
145 8 311
145 14 320
150 4 228
151 2 182
151 2 207
122 8 2035
150 6 269
150 7 269
150 8 280
155 6 12
155 7 12
122 14 2042
155 8 34
155 8 57
156 2 55
155 6 89
155 7 89
156 3 150
158 2 75
156 4 179
159 2 40
156 7 228
156 6 228
151 2 444
159 3 111
158 3 147
158 4 173
158 6 208
158 7 208
159 4 184
158 19 256
151 3 609
159 6 214
159 7 214
158 14 259
158 25 273
158 6 273
158 7 274
158 8 277
159 8 238
158 19 297
158 14 300
158 6 302
158 7 302
158 8 308
159 29 285
159 8 289
158 14 323
159 8 299
151 4 763
168 6 23
168 7 24
168 26 33
168 14 34
151 6 844
151 7 844
151 21 847
165 2 229
169 2 58
151 26 891
151 14 894
166 2 257
170 2 44
170 3 107
169 3 213
170 4 133
169 4 244
166 3 380
173 2 60
170 6 177
170 7 177
169 6 262
169 7 263
169 8 268
165 3 487
169 25 304
169 6 311
169 7 311
166 4 450
174 2 53
169 8 317
165 4 571
166 6 528
166 7 528
170 136 303
170 19 303
170 14 303
170 25 308
170 6 308
170 7 308
169 2 394
166 14 540
170 19 326
170 14 326
170 136 326
165 6 620
165 7 620
170 25 396
170 6 398
170 7 398
174 2 247
165 8 699
165 8 700
178 2 113
170 19 433
170 136 433
170 14 436
178 2 147
169 3 573
182 2 31
174 3 333
179 2 50
181 2 43
174 4 388
174 3 397
169 4 664
165 4 882
169 6 682
169 7 682
169 8 700
173 3 491
165 6 920
165 7 920
182 3 163
173 4 533
179 3 192
165 8 949
165 19 949
165 14 950
165 6 955
165 7 955
165 8 959
169 2 736
181 3 191
182 4 207
166 6 917
166 7 917
166 4 917
151 6 1608
151 7 1609
151 21 1611
165 8 963
165 8 969
165 4 975
169 25 767
169 6 775
169 7 775
181 4 235
178 3 395
179 4 254
182 6 265
182 7 265
182 8 305
181 6 320
181 7 320
182 29 310
182 8 311
182 29 314
178 4 497
173 6 701
173 4 718
173 3 719
179 6 394
183 2 339
183 2 350
183 2 356
183 2 357
183 2 357
183 2 399
179 25 471
179 6 481
179 25 499
179 6 514
178 6 648
178 7 648
178 21 649
187 2 35
178 8 766
164 2 1402
187 3 109
178 29 821
187 4 132
178 8 828
178 29 860
178 8 873
187 6 185
187 7 185
178 29 932
183 3 766
178 8 966
190 2 71
192 2 27
194 2 39
192 3 84
193 2 62
192 4 102
192 6 137
192 7 137
190 3 231
192 8 153
192 29 159
192 8 160
192 29 161
192 14 169
194 3 143
192 25 188
192 6 189
192 7 189
192 14 201
194 4 181
197 2 98
193 3 170
194 6 228
194 7 228
194 8 240
164 3 1875
193 4 242
190 4 384
194 29 277
200 2 43
195 2 229
193 6 288
193 7 288
193 21 293
190 6 444
190 7 444
193 8 310
193 26 315
193 14 319
201 2 57
164 4 1986
200 3 121
200 4 157
200 6 199
200 7 199
197 3 341
200 8 213
200 29 217
200 8 229
200 8 235
200 14 258
197 4 400
164 6 2157
164 7 2157
195 3 459
164 8 2199
197 6 483
197 7 483
195 4 531
197 8 552
195 6 597
195 7 597
195 8 630
200 25 470
200 6 470
200 7 470
201 3 413
200 14 474
195 14 646
203 2 321
201 4 449
197 8 690
201 6 510
201 7 510
197 4 735
201 8 556
201 19 572
201 136 572
201 14 573
201 25 607
201 6 608
201 7 608
201 8 617
209 2 93
203 3 551
203 4 588
203 6 629
203 7 629
203 8 635
192 25 1089
192 6 1089
192 7 1089
209 3 259
209 3 326
213 6 23
213 7 23
213 8 47
209 4 371
213 8 83
213 8 101
203 8 865
178 4 2289
216 2 44
209 6 448
209 7 448
215 2 65
178 3 2306
178 4 2320
214 2 105
178 6 2346
178 7 2346
178 21 2347
213 29 197
213 29 200
217 2 42
209 8 518
178 8 2361
213 29 203
213 8 217
216 3 142
203 8 1001
209 8 543
178 29 2397
178 14 2409
217 3 99
216 4 184
209 8 559
209 14 571
215 3 190
217 4 145
209 25 604
209 6 604
209 7 604
209 14 613
216 6 223
216 7 223
203 8 1075
203 8 1087
219 2 46
217 6 179
217 7 179
217 8 188
217 8 191
209 25 652
209 6 652
209 7 652
209 14 659
209 25 672
209 6 672
209 7 672
215 4 279
217 14 206
203 14 1141
209 8 676
209 14 683
215 6 353
219 3 124
217 25 267
217 6 267
217 7 267
217 8 269
217 8 273
217 8 275
217 14 279
209 25 756
209 6 757
209 7 757
209 14 764
219 4 153
219 6 184
219 7 184
219 8 202
214 3 478
219 14 207
217 25 411
217 6 411
217 7 411
214 4 527
217 14 461
214 6 575
214 7 575
224 2 81
224 2 111
217 25 549
217 6 549
217 7 549
217 8 552
217 14 554
224 2 211
224 2 243
224 3 262
214 14 843
231 2 88
231 3 246
231 3 269
231 4 306
231 3 366
231 4 373
237 2 34
231 6 427
231 7 427
240 2 42
231 14 480
237 3 149
237 4 170
240 3 155
214 6 1507
214 7 1507
214 26 1516
214 14 1516
237 6 209
237 7 210
237 8 231
237 4 254
240 4 210
240 6 242
240 7 242
240 8 255
240 14 261
240 6 281
240 7 281
240 14 290
240 6 369
240 7 369
243 2 63
244 2 42
242 2 223
240 8 372
245 2 92
245 2 137
244 3 161
244 4 216
246 2 68
243 3 253
132 26 6595
132 14 6596
247 2 33
243 4 324
244 6 327
244 7 328
246 3 200
243 6 365
243 7 367
247 3 105
247 4 138
246 4 264
250 6 20
250 7 20
250 8 35
247 6 156
247 7 156
246 6 317
246 7 317
249 2 98
245 3 464
244 8 529
244 8 547
242 3 723
244 8 567
245 4 554
245 3 568
251 2 191
244 29 638
244 8 639
242 4 816
244 29 687
244 8 688
254 2 90
242 6 914
242 7 914
242 21 918
249 3 360
249 4 408
257 2 88
249 6 499
249 7 499
255 2 177
249 8 529
249 8 536
260 2 53
262 2 46
254 3 285
242 8 1140
261 2 76
242 4 1155
242 6 1171
242 7 1171
242 21 1175
251 3 573
265 2 46
263 2 57
242 8 1189
254 4 372
255 3 327
266 2 61
261 3 165
262 3 188
260 3 238
264 2 114
254 6 437
254 7 438
265 3 129
255 4 377
262 4 214
265 4 163
268 6 10
268 7 10
268 14 21
263 3 162
263 4 179
265 6 202
265 7 202
255 6 447
255 7 447
255 8 456
263 6 210
263 7 210
251 4 749
264 3 214
265 14 217
269 2 51
263 8 224
263 8 232
260 4 352
255 8 517
263 8 250
263 14 273
264 4 253
260 6 390
260 7 390
260 21 392
273 2 64
255 8 547
266 3 260
272 2 84
244 14 1255
262 6 363
262 7 363
264 6 302
264 7 302
275 2 66
251 7 878
251 6 878
264 14 316
260 8 456
254 14 656
269 3 162
251 8 891
251 19 900
251 14 901
251 25 910
251 6 911
251 7 911
260 8 471
260 8 482
266 4 353
277 2 42
251 19 938
251 136 938
251 14 942
251 6 947
251 7 947
260 19 498
260 14 499
260 26 516
260 14 517
254 6 711
254 7 711
254 14 726
269 4 222
269 3 228
266 6 391
266 7 391
251 19 964
251 136 965
251 14 966
251 6 970
251 7 970
269 4 248
255 29 693
255 8 696
272 3 241
265 6 445
265 7 446
275 3 220
265 8 466
255 14 710
264 6 475
264 7 475
264 4 479
265 8 478
275 4 255
272 4 282
281 2 34
269 6 332
269 7 332
269 8 348
269 8 359
277 3 178
280 2 77
269 8 379
255 6 801
255 7 801
255 26 808
255 14 812
277 4 215
272 6 373
272 7 374
272 8 382
277 7 252
277 6 252
272 8 393
264 6 603
264 7 603
275 6 380
275 7 380
275 21 381
272 8 401
272 8 405
277 8 267
277 8 272
264 14 617
280 3 178
281 3 148
275 8 401
269 8 472
277 14 288
272 8 439
269 14 494
280 4 237
288 7 20
288 6 20
275 8 450
275 8 465
281 4 216
280 6 282
280 7 282
255 7 1034
255 6 1034
281 6 276
281 7 276
281 8 298
281 19 306
281 14 306
281 6 310
281 7 310
281 8 316
281 19 318
281 136 318
281 14 318
281 6 321
281 7 321
281 8 327
255 8 1072
281 8 340
281 19 342
281 14 345
290 2 151
294 2 41
293 2 107
275 8 680
293 2 118
293 2 127
293 2 129
255 4 1186
255 6 1195
255 7 1195
293 2 149
255 8 1204
294 3 138
294 4 168
257 3 1250
255 29 1250
255 8 1257
290 3 296
294 6 208
294 7 208
294 8 210
255 26 1290
255 14 1291
290 4 324
294 8 235
257 4 1282
297 6 18
297 7 18
290 6 363
290 7 363
294 8 249
294 8 254
294 8 258
297 6 28
297 7 28
297 8 37
297 19 40
297 14 40
297 6 45
297 7 45
290 14 386
294 19 305
294 14 306
298 2 35
257 6 1341
257 7 1341
297 8 58
297 19 64
297 14 65
297 6 67
297 7 67
255 6 1371
255 7 1371
255 8 1388
297 8 85
297 19 89
297 14 89
255 8 1416
299 2 65
257 14 1411
290 25 498
290 6 498
290 7 498
290 14 505
298 3 164
301 2 31
255 8 1516
298 4 191
304 2 13
304 2 17
304 2 18
304 2 19
304 2 19
304 2 19
303 6 41
303 7 42
303 8 62
298 6 222
298 7 222
299 3 208
298 8 253
298 14 264
298 25 266
298 6 266
298 7 266
306 6 9
306 7 9
303 6 129
298 8 269
298 14 281
299 4 265
305 2 53
303 7 129
303 8 134
303 6 186
303 7 187
303 8 194
298 25 363
298 6 364
298 7 364
298 8 375
298 29 377
305 3 130
298 8 390
298 29 391
298 8 399
301 3 270
298 29 406
298 8 408
298 29 410
298 8 412
306 8 137
306 19 145
306 136 145
306 14 146
306 14 151
305 4 184
303 8 253
299 6 416
299 7 416
305 6 232
305 7 232
305 19 242
305 14 243
301 4 353
305 26 252
305 14 253
303 2 352
301 6 393
301 7 393
303 3 416
303 4 424
301 8 436
303 3 433
303 2 470
303 3 484
303 4 488
303 6 498
303 7 499
303 14 511
311 2 53
255 29 2208
301 14 748
255 8 2209
255 8 2235
313 2 27
255 2 2375
301 7 949
301 6 949
301 4 950
301 3 950
314 2 42
313 3 106
255 3 2428
255 4 2440
313 4 133
255 6 2459
255 7 2459
255 8 2476
316 2 56
313 6 162
313 7 163
313 8 181
313 14 202
314 3 182
314 4 219
313 25 282
313 6 282
313 7 282
313 8 284
255 14 2626
317 2 93
314 7 261
314 6 261
313 14 295
313 25 345
313 6 345
313 7 345
313 8 350
293 3 1619
318 2 107
319 2 52
313 14 357
293 4 1659
316 3 291
316 4 339
293 6 1716
293 7 1716
317 3 229
319 3 174
317 4 279
319 4 223
316 7 429
316 6 429
316 21 431
319 6 275
319 7 276
319 19 308
319 14 309
319 6 329
319 7 329
326 6 6
326 7 6
323 2 54
319 19 359
319 14 361
319 6 376
319 7 376
325 2 108
317 6 485
317 7 485
319 19 383
319 14 386
319 25 388
319 6 388
319 7 388
323 3 136
323 4 163
325 3 262
323 6 243
323 7 243
327 2 95
328 2 50
325 4 318
330 2 27
329 2 106
328 3 208
328 4 266
328 6 285
328 7 285
328 8 297
328 8 308
329 3 216
333 2 43
325 6 546
325 7 546
328 4 359
328 6 367
328 7 367
328 8 371
325 8 579
325 8 594
333 3 114
329 4 306
333 4 145
328 8 412
325 6 632
325 7 632
327 3 493
328 8 436
329 6 376
329 7 376
333 6 209
333 7 209
329 8 394
329 19 404
329 14 413
333 8 217
327 4 537
328 8 515
329 25 424
329 6 425
329 7 425
333 8 247
328 14 565
327 6 684
327 7 684
328 25 641
328 6 641
328 7 641
336 2 70
337 2 47
336 3 226
336 4 295
337 3 147
336 6 352
336 7 352
336 14 378
337 4 223
337 6 261
337 7 261
337 14 287
336 6 486
336 7 486
336 14 496
341 2 44
342 2 40
342 3 131
342 4 188
346 2 46
342 6 247
342 7 247
346 2 63
345 2 99
342 8 262
342 29 265
342 14 289
344 2 114
344 2 121
346 3 158
346 4 178
346 6 253
346 7 253
344 3 310
345 3 366
351 6 9
351 7 9
351 8 17
351 29 25
351 8 28
352 2 35
344 4 485
351 8 84
345 4 472
354 2 33
353 2 55
341 3 829
344 6 546
344 7 546
345 6 531
345 7 531
345 21 532
345 8 542
345 8 542
352 3 118
355 2 59
344 4 557
344 3 557
345 8 568
345 8 579
341 4 884
352 4 147
353 3 167
341 6 915
341 7 915
341 8 937
352 6 177
352 7 177
352 21 178
354 3 164
352 19 199
352 14 199
352 6 208
352 7 208
359 2 72
354 4 193
353 4 212
353 6 232
353 7 232
357 2 123
355 3 176
354 6 222
354 7 222
345 29 676
345 8 681
352 4 279
355 4 204
354 4 251
354 3 253
354 25 255
354 6 258
354 7 258
353 8 280
353 8 288
354 14 261
354 6 265
354 7 265
354 14 275
353 8 294
345 8 757
355 6 263
355 7 263
355 8 287
359 3 202
345 8 836
345 8 836
345 8 869
363 6 8
363 7 8
359 4 292
363 2 37
363 3 45
363 4 50
363 6 58
363 7 58
363 21 61
363 8 76
345 8 963
363 4 93
363 6 104
363 7 105
363 21 107
363 8 111
359 6 398
359 7 398
363 4 120
363 3 125
359 14 409
345 8 1006
364 2 54
345 4 1046
345 6 1061
345 7 1061
345 21 1062
345 8 1148
364 3 193
366 2 42
366 2 55
366 2 63
364 4 224
345 26 1220
345 282 1220
345 14 1221
364 6 242
364 7 242
364 8 269
345 25 1270
345 6 1270
345 7 1270
368 2 59
364 19 273
364 14 274
345 8 1275
369 2 79
366 3 171
366 4 202
345 14 1381
368 3 177
345 25 1401
345 6 1401
345 7 1401
345 8 1408
345 26 1411
345 282 1412
345 14 1412
369 3 172
369 4 192
366 6 254
366 7 254
368 4 220
369 6 211
369 7 211
368 6 284
368 7 285
368 8 314
368 8 329
368 8 336
368 8 359
368 8 364
368 8 371
368 8 377
368 8 382
368 29 384
359 25 1027
359 6 1027
359 7 1027
372 2 91
363 6 832
363 7 833
363 21 835
363 6 846
363 7 846
363 21 849
363 25 865
373 2 50
373 2 70
363 6 871
363 7 871
363 8 876
363 6 916
363 7 916
368 19 663
368 14 663
372 3 351
373 3 267
372 4 391
373 4 298
373 6 340
373 7 340
376 2 74
372 6 446
372 7 446
372 8 452
372 8 462
373 8 361
373 8 364
377 2 78
372 8 469
372 8 474
372 8 479
373 4 399
372 29 498
372 14 501
373 6 411
373 7 411
373 8 418
378 2 108
381 2 48
373 19 521
373 14 522
377 3 255
382 2 39
381 3 123
377 4 282
381 4 150
381 6 199
381 7 199
377 6 352
377 7 352
382 3 137
382 4 173
381 14 251
377 8 432
377 4 462
377 3 466
377 25 491
377 6 495
377 7 495
378 3 473
377 8 508
378 4 527
377 25 551
377 6 554
377 7 554
377 8 567
378 6 608
378 7 609
378 26 771
378 14 774
378 25 788
378 6 788
378 7 789
378 26 803
378 14 807
378 25 812
378 6 813
378 7 813
378 2 847
378 25 881
378 6 888
378 7 889
388 2 135
392 2 50
390 2 189
388 3 261
392 3 179
388 4 306
377 8 1189
388 6 347
388 7 347
394 2 31
394 2 36
392 4 217
388 8 359
388 8 365
388 8 370
392 6 250
392 7 250
392 14 272
390 3 353
388 29 424
388 8 427
388 8 451
390 4 389
394 3 151
388 8 530
388 14 581
399 6 19
399 7 19
399 14 23
401 2 44
401 3 143
401 4 189
401 6 212
401 7 212
377 8 1649
411 2 63
411 2 104
412 2 58
413 2 48
412 3 173
411 3 274
412 4 214
416 2 33
411 4 318
412 6 263
412 7 264
412 4 277
412 3 281
298 6 7377
416 3 95
298 7 7377
412 3 304
412 4 307
412 6 311
412 7 311
412 8 314
412 19 322
412 14 325
412 25 337
412 6 337
412 7 338
413 3 276
411 6 400
411 7 400
411 4 418
417 2 26
416 4 167
412 2 368
412 25 371
412 6 377
412 7 377
412 19 384
412 14 384
416 6 201
416 7 201
412 6 394
412 7 395
413 4 345
412 19 399
412 14 400
412 6 403
412 7 403
416 8 233
417 3 118
413 6 385
413 7 385
413 19 432
413 14 433
417 4 179
413 6 442
413 7 442
413 19 467
413 14 469
413 6 476
413 7 476
417 6 221
417 7 221
417 8 279
417 8 290
422 6 13
422 7 14
422 8 16
422 8 28
423 2 153
428 6 9
428 7 9
428 8 16
430 6 12
428 29 41
430 7 12
428 8 44
429 2 114
423 3 307
429 2 124
423 4 340
423 6 377
423 7 378
423 8 462
423 8 466
432 2 140
432 3 263
432 4 329
432 6 375
432 7 375
432 8 383
432 8 430
436 2 150
438 2 126
441 2 69
438 3 282
438 4 347
438 6 418
438 7 418
428 2 1124
438 8 437
441 3 253
438 14 458
438 6 479
438 7 479
428 3 1166
428 4 1179
438 19 484
438 14 484
438 6 493
438 7 493
446 2 33
428 6 1195
428 7 1195
428 8 1210
438 14 530
441 4 344
428 4 1228
428 3 1232
436 3 603
441 6 373
441 7 373
448 2 63
445 2 118
450 2 47
441 19 401
441 14 404
441 6 415
441 7 415
446 3 105
451 2 60
436 4 659
441 19 418
441 14 421
441 6 425
441 7 425
441 8 432
446 4 134
452 2 41
441 8 447
441 8 455
441 8 463
446 7 187
446 6 187
450 3 171
436 6 749
436 7 749
441 19 510
441 14 515
451 3 191
451 3 201
452 3 148
452 4 194
451 4 239
454 2 52
438 6 800
438 7 800
448 3 310
452 6 217
452 7 217
445 3 382
454 3 111
438 19 817
438 14 821
436 2 867
438 6 838
438 7 838
452 8 238
451 6 326
451 7 326
450 4 318
438 8 848
454 4 135
438 19 879
438 14 883
438 25 888
438 6 888
438 7 888
450 6 368
450 7 368
438 8 903
445 4 449
438 8 916
454 6 173
454 7 173
450 8 394
438 19 925
454 8 179
438 14 926
438 14 932
448 4 413
436 25 973
450 29 415
436 6 982
436 7 982
454 8 211
445 6 519
445 7 519
450 8 446
450 19 455
450 14 457
450 14 467
445 8 583
448 6 549
448 7 549
460 2 30
448 14 588
461 2 42
450 7 581
450 6 581
460 3 111
462 2 55
450 8 627
450 14 638
460 4 140
460 6 180
460 7 180
460 8 195
460 8 224
462 3 178
436 8 1350
462 4 219
462 6 256
462 7 256
463 2 82
462 8 298
436 19 1449
436 14 1450
462 8 326
436 6 1459
436 7 1459
462 8 358
463 3 195
462 14 377
463 4 230
436 8 1521
465 2 137
436 8 1550
436 19 1563
436 14 1564
466 2 87
463 6 273
463 7 273
436 25 1587
436 6 1587
436 7 1587
436 8 1630
465 3 251
436 8 1653
436 19 1656
436 14 1657
469 2 62
465 4 301
470 2 68
470 2 82
465 6 345
469 3 125
471 2 58
461 3 670
469 4 146
461 4 690
466 3 290
469 6 192
469 7 192
469 14 203
469 6 219
469 7 219
469 8 221
461 7 752
461 6 752
471 3 136
471 4 181
469 8 267
471 6 232
471 7 232
466 4 461
444 2 1472
469 14 319
471 8 259
461 14 888
471 14 306
466 6 537
466 7 537
444 3 1573
474 2 54
469 7 436
474 2 59
469 6 436
469 4 437
466 19 567
466 14 571
469 3 440
444 4 1618
469 2 493
444 6 1643
444 7 1644
476 2 46
474 3 158
444 14 1674
477 2 61
474 4 226
469 3 571
476 3 146
474 6 261
474 7 261
474 282 262
474 21 262
476 4 187
469 4 618
476 6 222
476 7 222
470 3 633
469 6 652
469 7 653
469 21 655
469 8 737
477 3 221
469 8 745
469 26 769
469 14 771
444 6 1967
444 7 1967
444 8 1972
444 14 1998
477 4 354
477 6 388
477 7 388
470 4 869
469 6 904
469 7 904
469 8 909
469 14 911
487 2 105
477 8 408
477 29 422
469 6 937
469 7 937
469 26 944
469 14 945
477 8 428
477 8 433
477 8 436
477 8 440
488 2 94
474 8 608
469 25 954
469 6 954
469 7 954
469 26 959
469 14 963
469 6 964
469 7 964
469 26 967
469 14 967
469 6 969
469 7 970
474 8 643
469 14 987
470 6 985
470 7 985
444 6 2159
444 7 2160
476 8 568
444 8 2170
476 6 587
476 7 587
470 8 1029
470 19 1038
470 14 1038
485 2 326
476 29 636
444 29 2257
444 8 2259
444 26 2282
444 14 2285
488 3 289
485 3 414
493 2 58
485 4 434
493 2 64
492 2 129
485 6 482
485 7 483
444 6 2389
444 7 2389
488 4 392
488 6 420
488 7 420
498 2 65
488 8 451
485 8 618
488 19 500
488 136 500
488 14 503
488 25 510
488 6 510
488 7 510
492 3 289
488 19 530
488 136 531
488 14 531
488 25 539
488 6 539
488 7 539
485 8 668
488 8 553
498 3 192
487 3 625
470 6 1390
470 7 1390
488 8 579
492 4 373
498 4 255
487 4 675
487 6 727
487 7 728
485 8 798
498 6 313
498 7 313
487 14 741
492 6 468
492 7 468
492 21 469
492 19 511
492 14 512
492 14 531
492 25 539
492 6 539
492 7 539
492 14 543
492 6 711
492 7 711
508 2 37
492 6 746
492 7 746
492 21 747
508 3 225
509 2 46
511 2 53
508 4 281
508 6 307
508 7 307
508 8 323
512 2 48
509 3 140
514 2 38
508 8 371
508 8 403
511 3 174
515 2 87
514 3 119
514 3 132
511 4 209
509 4 240
508 14 453
514 4 165
511 6 251
511 7 252
514 6 196
514 7 196
514 8 203
509 6 323
509 7 324
514 8 217
518 2 59
515 3 288
520 2 58
514 14 354
512 3 379
515 4 338
512 4 427
515 3 399
512 6 463
512 7 463
522 2 66
520 3 198
524 2 58
523 2 147
520 4 250
512 8 569
520 6 298
520 7 298
520 8 315
526 2 104
520 8 350
520 8 366
520 8 398
524 3 235
523 3 322
522 3 331
520 8 433
520 8 480
528 2 111
524 4 304
493 3 1716
512 4 786
523 4 389
522 4 404
493 4 1771
524 6 381
524 7 381
512 6 894
512 7 894
529 2 75
522 6 478
522 7 478
523 6 477
523 7 477
522 8 491
493 6 1816
493 7 1816
493 21 1817
530 2 61
512 8 905
522 8 505
522 8 514
522 8 519
526 3 395
528 3 237
522 8 524
523 14 553
526 4 436
528 4 308
528 6 351
528 7 351
533 2 37
526 6 509
526 7 509
530 3 196
528 8 378
512 14 1052
534 6 15
534 7 15
534 14 19
530 4 239
528 14 410
526 8 592
530 6 297
530 7 297
533 3 173
530 8 313
530 14 331
533 4 199
533 6 229
533 7 229
533 8 258
533 8 267
533 8 315
533 8 323
533 8 329
529 3 579
529 4 708
526 4 1040
526 6 1063
526 7 1063
539 2 52
541 2 35
540 2 46
541 3 89
541 4 111
540 3 130
541 6 141
541 7 141
539 3 195
540 4 169
529 6 1013
529 7 1013
540 6 201
540 7 201
539 4 248
540 8 225
540 8 276
539 6 314
539 7 314
540 8 304
529 14 1131
539 14 329
540 8 317
540 14 339
529 6 1165
529 7 1165
539 6 353
539 7 353
539 19 366
539 14 370
529 2 1187
529 3 1197
529 4 1200
539 6 398
539 7 398
539 8 405
547 2 55
541 8 382
529 6 1213
529 7 1213
529 19 1223
529 136 1223
529 14 1224
539 4 409
539 6 420
539 7 420
539 19 424
539 14 426
539 6 431
539 7 432
541 29 391
541 14 396
548 2 50
539 8 441
529 6 1276
529 7 1276
529 19 1285
529 136 1285
529 14 1285
539 8 475
539 19 496
529 6 1294
529 7 1295
529 19 1302
529 136 1303
529 14 1303
539 14 499
539 6 502
539 7 502
549 2 37
550 2 40
529 6 1329
529 7 1329
529 19 1340
529 136 1340
529 14 1341
529 6 1350
529 7 1351
547 3 201
529 19 1362
529 136 1362
529 14 1363
529 6 1379
529 7 1379
547 4 237
549 3 116
550 3 116
529 19 1390
529 136 1391
529 14 1391
529 6 1402
529 7 1402
550 4 154
547 6 279
547 7 279
547 8 287
547 8 296
549 4 153
547 14 314
541 6 644
541 7 645
549 6 204
549 7 204
552 2 98
550 6 202
550 7 203
553 2 40
555 2 67
541 14 697
539 6 761
539 7 762
539 8 767
553 3 106
554 2 117
554 2 125
554 2 126
554 2 126
554 2 126
554 2 126
554 2 127
554 2 127
554 2 127
539 8 784
554 2 157
554 2 157
555 3 153
553 4 154
553 6 179
553 7 179
555 4 187
554 2 187
553 8 187
553 14 207
555 6 245
555 7 245
552 3 327
556 2 34
555 8 276
556 2 43
555 8 289
552 4 366
554 3 294
554 4 329
552 6 432
552 7 432
554 6 369
554 7 370
554 8 378
554 29 384
552 8 459
552 8 473
552 8 478
552 14 505
557 6 13
557 7 13
557 14 35
548 3 770
547 25 819
547 6 819
547 7 819
547 14 834
548 4 840
558 2 102
548 6 896
563 2 73
547 25 1013
547 6 1013
547 7 1013
567 2 43
558 3 233
547 14 1019
566 2 94
558 4 299
567 3 130
563 3 209
570 2 71
558 6 352
558 7 352
571 2 43
558 8 387
566 3 210
563 4 288
563 6 297
563 7 297
563 21 301
558 8 413
558 8 413
558 8 413
563 19 315
563 14 316
566 4 251
567 4 241
563 26 330
563 14 331
566 3 259
570 3 186
560 2 419
560 2 422
572 2 46
571 3 157
530 6 2425
530 7 2426
570 4 258
567 6 343
567 7 343
567 26 355
567 14 356
574 2 53
571 4 195
530 4 2456
530 3 2467
567 6 362
567 7 363
567 26 366
567 14 369
567 25 371
567 6 371
567 7 371
567 26 380
567 14 381
567 25 383
567 6 383
567 7 383
571 7 225
571 6 225
567 26 390
567 14 394
571 4 249
571 3 250
530 2 2515
575 2 97
560 3 611
576 2 75
530 25 2580
580 6 42
580 7 43
572 3 248
530 25 2609
530 6 2614
530 7 2614
580 19 58
580 136 58
580 14 67
572 4 281
560 4 655
574 3 275
581 2 86
572 6 318
572 7 318
576 3 207
574 4 321
584 2 61
574 6 364
574 7 364
583 2 126
560 6 789
560 7 790
574 8 407
586 2 36
576 4 284
574 19 421
574 14 435
574 25 442
574 6 442
574 7 442
574 8 448
576 6 354
576 7 354
583 3 245
576 14 374
584 3 238
574 8 520
581 3 313
574 8 554
586 3 170
583 4 336
586 4 203
581 4 367
584 4 318
581 3 399
583 6 398
583 7 398
586 6 263
586 7 263
583 8 416
583 14 426
584 6 419
584 7 419
584 21 422
596 2 53
597 2 73
596 3 185
599 2 69
596 4 247
602 2 70
596 6 302
604 2 75
596 2 315
596 3 333
597 3 260
596 4 349
596 6 359
597 4 306
597 3 314
597 4 317
599 3 242
605 2 62
597 6 368
597 7 368
599 4 293
597 8 395
597 19 417
597 14 418
602 3 279
597 14 431
604 3 290
597 6 468
597 7 468
597 3 468
597 4 476
602 4 334
597 6 495
597 7 495
602 6 396
575 3 1446
604 4 386
603 2 381
603 2 397
606 2 43
602 2 433
599 6 512
599 7 512
575 4 1501
604 6 448
604 7 448
604 8 458
602 3 497
606 3 147
602 4 518
575 6 1581
575 7 1581
602 6 542
602 7 542
604 8 538
606 4 207
575 8 1632
604 26 585
603 3 578
612 2 43
575 29 1645
575 8 1648
604 14 588
606 6 252
606 7 252
606 8 272
575 8 1676
575 8 1717
612 3 145
606 29 303
606 8 306
605 3 562
603 4 675
575 8 1785
604 7 710
604 6 710
604 8 717
604 26 733
604 14 736
605 4 604
612 4 213
603 6 787
603 7 787
615 2 56
605 6 678
605 7 678
575 8 1880
603 14 814
612 6 283
612 7 283
604 6 856
604 7 856
612 8 313
605 8 729
617 2 34
605 14 767
575 8 1956
612 8 363
612 29 379
612 8 386
619 2 50
619 2 58
619 2 66
612 8 399
612 8 421
617 3 115
615 3 224
612 8 430
617 4 149
619 3 164
618 2 179
615 4 281
619 4 192
617 6 215
617 7 215
615 6 310
615 7 310
615 8 319
620 2 77
617 14 227
615 8 345
619 6 240
619 7 240
622 2 80
615 8 365
615 8 378
615 14 396
620 3 208
618 3 407
618 4 445
620 4 295
618 6 512
618 7 513
620 6 374
620 7 374
620 8 385
620 4 393
618 8 548
620 6 414
620 7 414
620 8 429
631 2 30
631 2 36
605 25 1375
605 6 1375
605 7 1375
605 8 1380
605 14 1396
631 3 132
631 4 188
633 2 51
631 6 235
631 7 235
631 8 244
633 3 135
631 19 305
631 136 305
631 14 305
631 25 317
631 6 317
631 7 317
631 8 327
633 4 162
631 8 362
633 6 209
633 7 210
633 8 214
631 8 390
633 8 245
633 8 264
631 8 463
633 14 310
631 8 483
631 19 545
631 136 545
631 14 545
631 25 552
631 6 552
631 7 552
633 25 404
633 6 405
633 7 405
633 8 411
633 8 422
633 14 447
631 8 620
631 8 624
631 8 664
639 2 49
638 2 170
639 3 174
622 3 1351
639 4 213
642 2 79
643 2 61
639 6 248
644 2 71
639 25 273
639 6 276
622 4 1438
643 3 155
639 2 348
643 4 195
644 3 179
622 7 1527
622 6 1527
638 3 412
639 3 394
639 4 397
647 2 51
643 6 229
643 7 229
643 8 235
643 8 240
643 29 241
644 4 217
639 6 410
639 7 410
644 6 243
644 7 243
638 4 486
644 8 252
644 8 272
644 8 282
642 3 344
638 6 557
638 7 557
638 8 570
642 4 402
644 19 371
638 14 597
644 14 376
647 2 236
638 6 643
638 7 644
638 26 648
638 14 649
642 6 465
642 2 499
642 3 559
656 2 61
642 25 574
642 6 575
644 7 536
644 6 536
644 8 546
642 2 593
642 25 612
642 6 615
642 25 621
642 6 622
642 25 632
642 6 635
658 2 82
642 25 686
642 6 688
642 2 706
659 2 44
642 25 741
642 6 748
642 7 748
659 3 117
642 8 799
659 4 147
642 6 815
642 7 815
643 8 791
643 8 798
643 8 817
658 3 296
659 6 201
659 7 201
659 8 219
658 4 326
648 2 674
642 14 875
659 29 226
659 8 238
643 8 856
648 2 706
659 8 271
658 6 365
658 7 365
658 21 382
658 6 421
658 7 421
663 6 20
663 7 20
663 8 25
663 8 33
663 8 36
663 8 44
658 8 425
658 2 448
643 8 1026
658 3 490
658 4 503
666 2 39
658 6 525
658 7 526
658 21 527
643 8 1061
643 8 1073
658 8 543
658 8 563
658 8 573
642 6 1108
642 7 1108
643 14 1113
658 8 583
663 26 197
663 14 200
663 6 212
663 7 212
663 8 220
666 3 130
666 4 154
642 26 1193
642 14 1194
642 6 1196
642 7 1197
665 2 196
667 2 58
666 6 201
666 7 201
642 26 1249
642 14 1252
668 2 47
642 6 1255
642 7 1255
666 4 236
666 3 237
643 25 1275
643 6 1275
643 7 1275
643 14 1286
667 3 194
668 3 185
671 2 71
667 4 246
667 3 249
667 4 254
668 4 231
672 2 92
659 8 818
675 6 18
675 7 19
668 6 277
668 7 277
670 2 174
673 2 49
675 14 33
676 2 46
665 3 506
667 6 374
667 7 375
667 21 379
673 3 113
668 8 354
671 3 241
667 8 398
673 4 137
659 8 924
671 4 303
676 3 156
665 4 626
672 3 299
670 3 356
671 6 349
671 7 349
677 2 146
671 8 363
670 4 388
676 4 218
671 8 377
671 4 384
671 3 384
672 4 399
676 6 285
676 7 285
665 6 740
665 7 740
675 8 327
675 6 328
675 7 328
670 6 455
670 7 455
670 8 464
670 29 475
670 8 479
665 8 762
665 29 762
665 8 763
670 8 497
677 3 303
672 6 487
672 7 487
680 2 43
677 4 390
677 6 479
677 7 479
677 8 573
677 8 602
677 8 642
677 14 664
408 6 14666
408 7 14666
680 3 694
680 4 724
680 6 753
680 7 753
408 6 14758
680 8 781
408 7 14759
680 8 792
680 8 799
680 8 806
680 8 811
680 8 817
680 8 829
689 2 60
680 19 989
680 14 990
680 25 995
680 6 995
680 7 995
680 8 1009
680 19 1011
680 14 1015
680 25 1016
680 6 1017
680 7 1017
692 8 7
692 6 8
692 7 8
689 3 258
692 8 47
692 8 52
692 14 111
689 4 350
696 2 50
689 6 397
689 7 397
689 4 424
698 2 84
696 3 234
700 2 48
702 6 5
702 7 5
702 14 8
700 2 55
696 4 321
703 2 28
696 6 376
696 7 376
703 3 61
703 4 74
698 3 329
704 2 61
703 6 93
703 7 93
703 8 102
700 3 182
696 8 413
696 14 422
703 8 113
700 4 227
696 25 458
696 6 459
696 7 459
696 8 461
696 8 465
696 8 497
700 6 286
700 7 286
698 4 445
706 2 60
696 8 505
704 3 179
698 6 501
698 7 501
698 8 547
704 4 252
710 2 63
704 6 288
704 7 288
704 14 316
711 2 74
706 3 241
710 3 214
706 4 326
704 2 450
710 4 256
706 6 393
706 7 393
704 3 491
704 4 498
704 6 508
704 7 508
704 14 513
710 6 303
706 8 408
710 2 322
710 25 326
710 6 329
710 6 333
711 3 321
711 4 384
713 2 91
711 6 418
711 7 418
711 8 494
711 4 514
711 6 526
711 7 526
719 2 101
711 8 548
720 2 57
675 8 2676
675 6 2676
675 7 2677
711 8 570
675 29 2706
675 14 2725
719 3 245
713 3 356
720 3 197
719 4 283
713 4 383
647 2 4132
713 6 453
713 7 453
720 4 270
723 2 53
723 2 54
723 2 61
719 6 367
719 7 367
720 6 313
720 7 313
720 21 315
720 8 326
725 2 51
720 8 342
720 8 354
720 29 358
719 8 420
725 2 53
713 8 528
720 8 365
723 3 165
713 8 587
725 3 132
723 4 206
725 4 165
729 6 12
729 7 12
729 19 25
729 136 25
729 14 25
729 25 31
729 7 31
729 6 31
729 19 34
729 136 34
729 14 35
729 25 39
729 6 39
729 7 39
723 6 251
723 4 265
723 6 270
726 2 144
633 25 5336
633 6 5336
633 7 5337
633 14 5343
723 4 275
723 3 275
725 6 245
725 7 245
725 14 256
730 2 49
730 3 147
730 4 167
730 6 200
730 7 200
733 2 64
726 3 594
733 3 276
726 4 631
733 4 310
726 6 658
726 7 658
739 6 4
739 7 4
739 14 14
737 2 72
726 8 701
733 6 359
733 7 359
733 8 400
740 7 10
740 6 10
733 8 426
738 2 98
733 14 446
737 3 220
742 2 64
726 8 878
733 6 549
733 7 549
733 14 583
733 6 614
733 7 615
738 3 271
737 4 328
733 8 626
733 14 640
738 4 321
737 6 425
737 7 425
746 6 12
746 7 12
746 14 25
733 6 760
733 7 760
745 2 84
745 2 87
733 14 786
747 2 110
750 2 63
749 2 108
751 2 42
745 3 265
752 2 62
752 2 67
752 2 73
747 3 234
711 14 2215
750 3 204
751 3 158
745 4 350
752 3 158
747 4 317
750 4 242
754 6 10
754 7 10
749 3 303
755 6 10
755 7 10
751 4 221
752 4 212
751 6 248
751 7 248
750 6 308
750 7 308
751 8 267
750 8 347
756 6 7
756 7 7
756 8 21
756 8 25
757 2 57
750 8 368
750 14 376
749 4 411
747 6 474
750 6 392
750 7 393
750 8 397
737 8 978
750 8 448
737 14 996
757 3 180
757 4 202
751 4 475
751 6 483
751 7 483
751 8 486
749 6 600
749 7 600
749 21 602
761 6 9
761 7 9
761 8 18
757 6 249
757 7 249
757 21 250
757 14 262
749 4 638
761 29 36
761 8 39
761 29 48
757 25 285
757 6 285
757 7 285
749 3 649
761 19 59
761 14 62
761 6 72
761 7 72
762 2 52
757 25 315
763 2 48
756 19 323
756 14 323
756 6 333
756 7 333
757 25 331
757 3 331
756 8 337
756 26 340
756 14 341
756 6 352
756 7 352
757 25 380
757 6 382
757 7 382
756 26 390
756 14 390
763 3 152
762 3 174
757 25 449
757 6 451
757 7 451
757 21 453
757 14 470
765 2 69
763 4 205
762 4 228
763 6 244
763 7 244
762 6 247
762 7 247
762 8 282
757 6 541
757 7 541
757 136 550
757 19 550
757 14 551
760 2 474
765 3 206
760 3 553
765 4 265
763 8 420
760 4 582
760 6 640
760 7 640
760 8 651
760 14 658
749 6 1161
749 7 1162
771 2 54
772 2 65
775 2 39
771 3 234
772 3 192
771 4 293
771 6 314
771 7 314
776 2 109
775 3 179
776 2 170
775 4 232
781 2 30
772 4 313
775 6 287
775 7 287
775 8 301
779 2 146
772 6 373
772 7 373
781 3 103
781 4 129
776 3 307
781 6 172
781 7 172
776 3 353
779 3 241
779 4 278
776 4 396
776 6 410
776 7 410
776 14 452
787 2 54
788 2 167
787 3 198
788 2 187
788 2 196
788 2 199
788 2 199
788 2 199
787 4 226
788 2 207
788 2 216
787 6 258
787 7 259
791 2 35
787 8 281
788 2 273
788 2 290
791 25 87
791 6 91
791 7 91
788 2 320
788 2 332
788 2 380
792 2 57
793 25 38
793 25 121
788 3 489
795 2 74
788 4 527
793 25 188
793 3 189
787 14 578
793 25 211
793 4 211
788 6 584
788 7 585
797 2 54
793 6 226
793 7 226
793 21 231
788 8 610
793 8 250
795 2 230
792 3 372
797 3 203
792 4 470
800 2 57
797 4 288
797 6 315
797 7 315
792 6 534
792 7 534
802 2 95
797 2 351
800 3 168
797 25 375
797 6 378
797 7 379
800 4 216
800 6 238
800 7 238
800 8 260
797 2 468
805 2 55
797 3 537
797 4 543
797 6 565
797 7 565
797 8 577
802 3 332
797 8 605
802 4 424
802 6 456
802 2 494
806 2 54
805 3 378
805 4 407
805 6 452
805 7 453
806 3 176
802 3 663
802 4 693
806 4 221
811 2 89
802 6 727
806 6 265
806 7 265
806 21 269
805 8 563
806 8 285
806 8 333
818 2 72
811 3 328
811 4 387
820 2 94
818 3 228
822 2 49
811 6 499
811 7 499
818 3 302
825 2 22
825 2 28
818 4 321
822 3 162
818 6 400
818 7 400
825 3 100
818 8 413
822 4 210
825 4 135
825 6 151
825 7 151
825 8 163
820 3 323
819 2 389
818 29 488
825 8 196
818 4 517
818 3 519
818 3 521
825 8 210
825 8 224
825 8 232
820 4 408
825 8 243
818 3 575
818 4 578
818 6 587
818 7 587
819 3 544
819 4 612
820 6 565
820 7 565
820 21 568
820 14 599
819 6 663
819 7 663
819 8 698
819 19 706
819 14 707
819 25 722
819 6 722
819 7 722
819 8 725
777 6 2999
777 7 2999
777 6 3009
777 7 3009
777 8 3012
777 29 3013
777 8 3014
777 29 3019
777 8 3022
777 8 3024
777 8 3027
777 29 3058
831 2 54
777 8 3075
777 29 3078
777 8 3079
777 29 3082
777 8 3085
777 29 3089
777 8 3095
777 29 3099
829 2 194
829 2 208
829 2 222
835 6 29
835 7 29
835 19 37
835 14 44
833 2 39
835 6 82
835 7 82
777 29 3230
777 29 3231
777 8 3234
777 14 3241
835 19 98
835 14 99
835 6 104
835 7 104
835 19 108
835 14 108
835 6 114
835 7 114
833 3 100
833 4 120
829 3 329
835 8 118
837 2 78
833 3 153
833 4 156
831 3 275
833 6 166
833 7 166
829 4 367
831 4 333
829 6 434
829 7 434
829 8 441
829 8 448
831 6 381
831 7 381
829 14 478
838 2 107
837 3 288
831 8 498
831 19 509
831 14 512
837 4 333
837 6 376
837 7 376
837 8 396
835 8 499
835 6 499
835 7 499
837 4 441
837 3 441
829 6 700
829 7 700
829 8 703
835 19 514
835 14 524
835 6 530
835 7 530
838 3 451
841 2 70
842 2 61
842 2 63
842 2 78
841 3 201
838 4 583
838 3 596
841 4 265
842 3 196
841 6 326
841 7 327
842 4 246
841 8 343
841 8 403
850 2 34
841 8 443
841 8 513
850 3 165
852 2 71
852 2 72
841 8 562
850 4 202
850 6 256
850 7 256
850 8 268
850 14 294
850 6 357
850 7 357
854 2 61
850 8 502
850 14 505
855 2 24
855 2 43
854 3 258
854 4 341
855 3 157
857 2 59
854 6 538
854 7 538
854 8 552
857 3 170
857 4 209
857 6 289
857 7 290
854 8 800
857 8 345
841 14 1602
854 14 825
857 29 379
857 8 382
857 29 387
859 2 120
861 2 52
859 3 327
862 2 86
859 4 394
862 3 187
738 6 7552
738 7 7552
857 8 835
857 29 836
862 4 258
861 3 329
862 6 315
862 7 315
861 4 377
738 8 7682
867 2 62
861 6 419
861 7 419
862 8 378
738 8 7774
867 3 164
862 14 444
867 4 195
861 8 546
861 29 551
861 8 553
870 2 94
861 29 579
861 8 581
738 4 7878
738 6 7891
738 7 7891
867 6 289
867 7 289
861 29 591
861 8 598
738 8 7909
867 8 308
867 14 319
861 8 634
861 8 647
869 2 182
862 25 608
862 6 608
862 7 608
861 8 666
861 8 678
862 8 629
862 14 641
870 2 202
877 2 44
861 8 843
869 3 373
870 3 418
877 3 133
880 2 45
870 4 444
870 6 459
870 7 459
877 4 161
869 4 462
869 3 471
869 4 476
877 6 207
877 7 207
869 6 497
869 7 497
861 29 992
861 8 996
869 8 516
869 8 536
869 14 568
880 3 194
882 6 11
882 7 11
869 25 615
869 6 616
869 7 616
881 2 45
869 8 669
869 19 679
869 14 681
883 2 67
782 2 6505
880 4 322
886 6 15
886 7 15
886 8 24
886 8 28
886 8 40
886 8 45
880 6 361
880 7 361
886 19 67
886 14 68
880 8 386
880 4 399
880 6 404
880 7 404
880 19 406
880 14 409
878 2 502
880 25 416
880 6 416
880 7 416
880 8 420
880 8 428
880 29 431
880 8 434
880 8 442
883 3 217
881 3 257
880 19 458
880 14 458
880 25 462
880 6 462
880 7 462
880 8 465
883 4 252
881 4 276
878 3 588
883 6 280
883 7 280
881 6 324
881 7 324
878 4 633
883 19 290
883 14 291
883 6 298
883 7 298
883 8 306
881 8 363
883 8 336
881 14 391
878 6 684
878 7 685
888 2 81
881 25 483
881 6 483
881 7 483
881 8 505
881 14 512
782 3 6979
883 8 581
782 4 7015
883 4 599
782 6 7071
782 7 7071
892 2 64
893 2 65
888 3 386
894 6 13
894 7 13
894 8 27
894 29 34
894 14 48
888 4 454
782 8 7242
891 2 154
888 6 529
888 7 529
888 8 561
896 2 63
888 8 589
886 25 845
892 3 274
886 6 853
886 7 853
886 8 855
886 8 864
891 3 275
888 8 623
888 8 639
891 4 329
892 4 371
897 2 76
896 3 176
891 6 371
891 7 371
891 21 373
898 2 71
898 2 80
896 4 233
891 14 436
892 6 452
892 7 452
900 2 84
896 6 297
896 7 297
897 3 214
898 3 184
897 4 247
898 4 220
897 6 291
897 7 291
897 8 307
897 8 315
900 3 252
898 6 281
898 7 281
898 8 300
897 8 321
897 8 327
900 4 300
891 25 690
891 6 691
891 7 691
900 6 351
900 7 351
900 8 364
900 8 371
891 8 726
900 8 375
900 8 394
900 8 401
900 8 407
900 8 412
900 8 415
900 8 419
900 8 426
900 19 430
898 8 480
900 14 433
900 6 436
900 7 436
900 8 441
900 8 446
900 8 449
900 19 455
900 14 456
900 6 459
900 7 459
900 8 464
900 8 466
900 8 469
891 19 947
891 14 948
904 2 63
904 3 173
904 4 328
904 6 426
904 7 426
904 21 428
904 8 455
908 6 8
908 7 8
908 8 13
909 6 20
909 7 21
908 14 70
904 19 593
904 14 593
912 2 36
912 3 98
912 4 139
912 6 157
912 7 157
912 8 164
912 19 179
912 14 182
912 25 188
912 6 189
912 7 189
912 8 197
912 19 202
912 14 202
912 25 204
912 6 204
912 7 205
913 2 197
917 2 92
913 3 752
917 3 217
917 4 274
913 4 874
917 6 366
917 7 366
917 19 391
917 14 391
913 3 945
917 6 405
917 7 405
917 19 409
917 14 410
922 2 62
923 2 165
923 2 168
922 3 179
925 2 56
922 4 244
926 2 41
926 2 52
926 3 100
922 6 310
922 7 310
926 4 125
922 8 343
922 19 359
922 14 359
928 2 59
926 6 163
926 7 163
922 6 375
922 7 376
922 14 385
926 8 186
923 3 404
926 14 195
925 3 244
923 4 502
925 4 318
925 6 364
925 7 364
928 3 306
922 6 616
922 7 617
925 8 445
922 14 629
925 8 471
925 19 479
925 136 479
925 14 481
930 2 61
928 4 439
928 6 552
928 7 552
930 3 270
928 19 576
928 14 578
928 14 589
930 4 330
930 6 368
930 7 368
930 19 414
930 136 414
930 14 415
930 6 441
930 7 442
930 19 453
930 136 453
930 14 454
930 6 462
930 7 462
930 19 475
930 136 475
930 14 475
940 2 172
940 2 218
940 3 295
940 4 322
940 7 350
940 6 350
944 2 57
940 6 372
940 7 372
940 14 391
945 6 10
945 7 10
880 6 6206
880 7 6206
946 2 35
945 2 108
880 8 6219
880 19 6226
880 14 6228
944 3 426
946 3 113
945 3 195
946 4 154
945 4 212
945 6 239
945 7 239
944 4 558
945 19 257
945 14 259
946 6 198
946 7 198
946 8 217
945 14 274
944 6 607
944 7 608
944 8 631
945 6 371
945 7 371
945 4 372
947 6 21
947 7 21
944 8 749
944 8 821
948 2 182
944 8 889
944 29 892
952 2 68
952 2 75
952 2 82
948 3 394
948 4 422
952 3 204
948 6 449
948 7 450
952 4 326
952 3 351
953 2 132
953 2 136
953 2 137
953 2 210
953 3 390
956 2 154
953 4 467
959 2 72
956 3 417
952 2 1062
952 3 1103
956 4 587
952 4 1109
959 3 345
952 6 1183
952 7 1183
956 6 670
956 7 670
956 21 671
956 8 684
959 4 425
956 26 706
956 14 707
956 6 716
956 7 716
952 14 1231
956 26 733
956 14 734
959 6 468
959 7 468
956 6 753
956 7 754
956 8 756
956 29 763
956 8 764
959 14 499
956 8 800
956 8 800
956 29 801
956 8 806
956 4 826
956 6 845
956 7 845
956 21 846
959 6 581
959 7 581
959 14 595
956 8 888
956 29 892
952 6 1408
952 7 1408
952 8 1426
956 8 927
967 2 189
959 6 1016
959 7 1016
959 4 1018
959 6 1028
959 7 1028
959 14 1085
959 6 1143
959 7 1143
959 14 1166
972 2 70
973 2 57
974 2 35
959 6 1358
959 7 1358
959 8 1375
967 2 590
959 19 1386
959 14 1387
959 6 1427
959 7 1427
973 3 154
974 3 135
974 4 164
972 3 218
967 3 717
973 4 208
974 6 182
974 7 182
974 8 190
967 4 752
973 7 241
973 6 241
974 14 230
974 25 235
974 6 236
974 7 236
972 4 316
967 6 806
967 7 807
972 6 382
972 7 383
976 2 72
967 19 912
978 2 43
974 14 366
972 8 426
972 8 428
967 14 914
972 29 475
972 8 482
972 19 484
976 3 205
978 3 193
976 4 263
979 6 15
979 7 15
978 4 293
978 6 350
978 7 350
978 19 375
978 14 375
978 14 388
986 2 48
986 2 58
985 2 74
988 2 79
985 3 196
985 4 231
985 6 304
985 7 304
985 8 318
985 4 351
986 3 646
986 4 693
986 6 754
986 7 754
986 8 769
986 4 817
986 3 820
986 3 831
986 4 834
986 6 845
986 7 845
986 4 849
986 3 850
986 3 858
986 4 860
986 6 874
986 7 874
986 8 883
992 2 39
991 2 42
994 2 48
992 3 105
992 4 131
994 3 123
995 2 57
992 6 160
992 7 160
994 4 146
986 19 1031
986 14 1031
986 14 1049
994 6 183
994 7 183
992 19 215
992 136 215
992 14 218
994 8 228
994 8 240
994 8 253
995 3 169
994 8 257
994 8 265
994 8 269
994 8 271
994 29 275
994 14 280
995 4 242
995 6 277
995 7 277
995 8 314
995 8 369
995 8 394
994 6 473
994 7 473
996 2 64
996 2 74
996 2 74
996 2 84
