0 2 52
0 5 262
9 2 90
9 2 100
9 5 219
10 2 126
10 5 410
10 14 429
10 15 429
16 2 72
10 5 669
16 5 213
16 19 238
16 14 242
35 2 70
35 5 304
35 19 383
35 14 385
35 15 385
40 2 81
40 5 380
40 19 414
40 14 417
40 15 417
40 25 426
40 19 429
40 14 431
40 15 431
40 25 442
40 19 444
40 14 446
40 15 446
40 25 452
47 2 37
47 5 222
48 2 76
48 5 309
53 2 46
53 5 244
53 19 268
53 14 274
53 15 274
53 14 302
53 15 302
53 14 336
53 15 337
53 14 369
53 15 369
55 2 41
55 5 265
56 2 322
56 5 589
56 14 631
56 15 631
59 2 35
59 5 237
59 19 322
59 14 323
59 25 330
63 2 391
64 2 40
64 5 196
64 14 284
64 15 284
63 5 956
70 2 97
70 5 384
73 2 50
73 2 63
70 19 1136
70 14 1136
70 25 1144
70 19 1169
70 14 1172
70 25 1280
89 2 67
88 2 203
89 5 306
89 14 366
89 15 366
88 2 548
94 2 56
94 5 232
88 5 1162
99 2 119
102 2 82
102 2 96
99 5 592
99 19 626
99 14 626
102 5 335
106 2 84
106 5 255
107 2 73
106 14 294
106 15 294
106 14 458
106 15 458
115 2 72
115 5 463
115 14 555
115 15 555
117 2 112
120 2 88
117 5 329
117 14 360
117 15 360
120 5 363
120 26 389
120 14 391
120 14 489
120 15 489
126 2 32
128 2 37
126 2 104
129 2 58
126 5 339
115 5 2078
115 14 2091
115 15 2091
144 2 50
150 2 42
151 2 182
150 5 255
151 2 207
155 5 10
155 5 87
157 2 80
158 2 75
151 2 444
158 5 204
158 19 256
158 14 259
158 15 259
158 25 273
144 5 1204
158 19 297
158 14 300
158 15 300
158 14 323
158 15 323
157 5 457
151 5 840
165 2 229
151 26 891
151 14 894
165 5 611
144 14 1892
144 15 1892
182 2 31
181 2 43
165 5 898
144 25 2115
165 19 949
165 14 950
151 5 1605
182 5 248
181 5 305
183 2 339
183 2 350
183 2 356
183 2 357
183 2 357
183 2 399
164 2 1402
164 5 2141
203 2 321
209 2 93
203 5 618
216 2 44
209 5 439
214 2 105
217 2 42
209 14 571
209 15 571
216 5 209
209 25 604
209 14 613
209 15 613
217 5 173
209 25 652
209 14 659
209 15 659
209 25 672
217 14 206
217 15 206
203 14 1141
203 15 1141
209 14 683
209 15 683
217 25 267
217 14 279
217 15 279
209 25 756
209 14 764
209 15 764
222 5 5
222 5 39
217 25 411
214 5 566
217 14 461
217 15 461
217 25 549
217 14 554
217 15 554
222 5 234
222 19 295
222 14 296
214 14 843
214 15 843
237 2 34
238 2 104
237 5 205
214 26 1516
214 14 1516
238 5 293
246 2 68
247 2 33
247 5 153
246 5 307
249 2 98
252 2 112
252 2 138
251 2 191
252 5 287
258 2 41
258 2 44
259 2 52
249 5 496
260 2 53
262 2 46
265 2 46
265 5 197
265 14 217
265 15 217
259 5 442
262 5 347
260 5 382
275 2 66
251 5 862
251 19 900
251 14 901
251 25 910
259 14 549
259 15 549
276 2 37
251 19 938
251 136 938
251 14 942
260 19 498
260 14 499
260 26 516
260 14 517
251 19 964
251 136 965
251 14 966
258 5 659
278 2 84
283 2 35
285 2 39
275 5 369
259 2 938
259 25 959
259 5 964
283 5 234
285 5 280
259 14 1004
259 15 1004
285 19 307
285 14 314
285 15 314
278 5 512
297 5 2
297 5 23
297 19 40
297 14 40
298 2 35
297 19 64
297 14 65
297 19 89
297 14 89
298 5 213
298 14 264
298 15 264
298 25 266
298 14 281
298 15 281
298 25 363
307 2 187
311 2 53
307 5 580
314 2 42
307 14 839
307 15 839
316 2 56
317 2 93
314 5 258
316 5 422
323 2 54
317 5 475
323 5 235
327 2 95
328 2 50
330 2 27
329 2 106
328 5 281
328 5 364
329 5 368
329 19 404
329 14 413
329 25 424
328 14 565
328 15 565
327 5 681
328 25 641
382 2 39
385 2 57
387 2 38
387 5 142
385 5 416
385 19 505
385 14 518
389 2 46
392 2 50
390 2 189
392 5 241
389 5 331
392 14 272
392 15 272
401 2 44
400 2 86
404 2 74
385 26 1227
385 14 1238
401 5 205
406 2 74
409 5 4
409 14 19
409 15 19
387 14 1205
387 15 1205
411 2 63
411 2 104
400 5 444
412 2 58
400 5 501
400 26 517
404 5 405
400 14 520
400 15 520
414 2 55
404 14 467
404 15 467
416 2 33
412 5 261
406 5 496
298 5 7369
412 5 309
414 5 234
412 19 322
412 14 325
412 15 325
412 25 337
411 5 397
412 2 368
412 25 371
412 5 372
416 5 195
412 19 384
412 14 384
412 19 399
412 14 400
421 2 53
422 5 7
424 5 3
421 5 204
421 14 262
421 15 262
428 5 5
430 5 5
421 25 521
421 14 524
421 15 524
421 25 563
421 14 567
421 15 567
421 25 583
421 14 589
421 15 589
434 2 55
421 25 827
421 15 834
421 14 834
434 5 222
421 25 910
421 14 919
421 15 919
421 25 1026
421 14 1039
421 15 1039
438 2 126
421 25 1173
440 2 28
421 14 1186
421 15 1186
438 5 401
443 2 39
428 2 1124
438 14 458
438 15 458
438 19 484
438 14 484
440 5 354
446 2 33
428 5 1189
438 14 530
438 15 530
450 2 47
443 5 247
446 5 171
438 19 817
438 14 821
438 15 821
450 5 352
438 19 879
438 14 883
438 15 884
438 25 888
438 19 925
438 14 926
438 14 932
438 15 932
450 19 455
450 14 457
450 14 467
450 15 467
459 2 61
450 14 638
450 15 638
459 5 351
470 2 68
470 2 82
475 2 54
475 5 260
470 5 969
470 19 1038
470 14 1038
492 2 129
502 2 28
502 5 160
492 5 453
492 19 511
492 14 512
492 14 531
492 15 531
492 25 539
492 14 543
492 15 543
502 14 307
502 15 307
506 2 177
502 25 435
502 14 441
502 15 441
492 5 729
506 5 415
506 14 470
506 15 470
526 2 104
528 2 111
528 5 335
526 5 502
528 14 410
528 15 410
526 5 1045
547 2 55
548 2 50
549 2 37
547 5 263
547 14 314
547 15 314
549 5 189
552 2 98
551 2 102
553 2 40
555 2 67
554 2 117
554 2 125
554 2 126
554 2 126
554 2 126
554 2 126
554 2 127
554 2 127
554 2 127
554 2 157
554 2 157
553 5 173
554 2 187
553 15 207
553 14 207
555 5 231
556 2 34
556 2 43
552 5 419
554 5 353
552 14 505
552 15 505
547 25 819
547 14 834
547 15 834
559 2 47
548 5 894
551 5 709
563 2 73
547 25 1013
567 2 43
547 14 1019
547 15 1019
569 2 55
571 2 43
563 5 288
563 19 315
563 14 316
559 5 388
563 26 330
563 14 331
560 2 419
560 2 422
572 2 46
569 5 244
567 5 339
567 26 355
567 14 356
574 2 53
569 2 276
569 5 295
567 26 366
567 14 369
567 15 369
567 25 371
567 26 380
567 14 381
567 25 383
559 19 499
559 14 501
571 5 218
559 25 508
569 14 310
569 15 310
567 26 390
567 14 394
567 15 394
575 2 97
581 2 86
572 5 316
574 5 359
583 2 126
560 5 773
586 2 36
574 19 421
574 14 435
569 25 643
574 25 442
583 5 382
586 5 260
583 14 426
583 15 426
590 2 104
590 2 108
590 2 116
596 2 53
597 2 73
600 2 64
596 5 294
596 2 315
596 5 357
597 5 352
600 5 273
597 19 417
597 14 418
597 14 431
597 15 431
597 5 479
575 5 1565
611 2 46
613 2 56
611 5 225
613 5 285
616 2 80
617 2 34
613 14 332
613 15 332
613 25 432
617 5 199
617 14 227
617 15 227
616 5 334
616 14 479
616 15 479
600 14 1416
600 15 1416
630 2 7
631 2 30
631 2 36
611 26 1116
611 14 1116
633 2 51
631 5 229
611 5 1173
631 19 305
631 136 305
631 14 305
631 25 317
633 5 204
633 14 310
633 15 310
631 19 545
631 136 545
631 14 545
631 25 552
633 25 404
633 14 447
633 15 447
640 5 7
640 14 58
640 15 58
636 2 217
642 2 79
649 2 58
642 5 464
654 2 49
642 2 499
649 5 264
642 25 574
642 5 574
654 5 193
642 2 593
642 25 612
642 5 612
642 25 621
642 5 621
649 25 391
649 5 392
642 25 632
642 5 632
642 25 686
642 5 686
642 2 706
642 25 741
642 5 741
642 5 810
642 14 875
642 15 875
666 2 39
642 26 1193
642 14 1194
667 2 58
666 5 198
642 26 1249
642 14 1252
642 15 1252
676 2 46
667 5 365
674 2 95
676 5 269
679 2 58
674 5 494
682 2 81
674 14 545
674 15 545
679 5 266
683 2 72
674 5 645
674 14 823
674 15 823
683 5 384
682 5 433
683 14 413
683 15 413
682 19 482
682 14 483
682 14 536
682 15 536
687 2 74
682 19 718
682 14 719
682 14 726
682 15 726
687 5 313
682 25 838
682 26 851
682 14 853
692 5 4
682 5 979
692 14 111
692 15 111
683 2 1003
695 2 57
698 2 84
695 5 238
701 2 53
698 5 492
710 2 63
710 5 299
710 2 322
710 25 326
710 5 326
710 5 331
726 2 144
633 25 5336
633 14 5343
633 15 5343
727 2 160
730 2 49
730 5 198
727 5 453
726 5 655
739 5 1
739 14 14
739 15 14
625 2 6406
742 2 64
625 2 6557
625 5 6681
745 2 84
745 2 87
747 2 110
750 2 63
751 2 42
754 5 5
751 5 244
750 5 300
750 14 376
750 15 376
747 5 472
759 2 45
751 5 480
761 5 6
761 19 59
761 14 62
761 15 62
763 2 48
759 5 227
759 19 247
759 14 248
763 5 230
770 2 61
775 2 39
773 2 95
776 2 109
770 5 346
770 14 392
770 15 392
776 2 170
775 5 280
773 5 490
776 5 407
776 14 452
776 15 452
795 2 74
797 2 54
727 5 3618
795 2 230
797 5 312
797 2 351
797 25 375
797 5 376
803 2 57
797 2 468
797 5 562
811 2 89
818 2 72
822 2 49
811 5 495
818 5 394
826 2 96
826 5 215
818 5 583
829 2 194
832 2 81
829 2 208
835 5 5
835 5 22
829 2 222
835 19 37
835 14 44
835 19 98
835 14 99
835 19 108
835 14 108
832 5 285
829 5 427
829 14 478
829 15 478
835 5 485
835 19 514
835 14 524
842 2 61
842 2 63
842 2 78
847 5 6
849 5 7
850 2 34
849 14 49
849 15 49
852 2 71
852 2 72
850 5 241
850 14 294
850 15 294
854 2 61
850 14 505
850 15 505
854 5 523
854 14 825
854 15 825
866 2 60
866 5 303
866 5 348
866 14 387
866 15 387
875 2 56
866 14 465
866 15 465
866 25 489
866 26 496
866 14 498
866 26 511
866 14 513
866 15 513
866 25 531
866 5 532
866 19 556
866 14 558
866 15 558
866 26 563
866 14 564
866 15 564
879 2 71
875 5 286
879 5 290
883 2 67
879 19 359
879 136 359
879 14 361
879 15 361
887 2 59
883 5 277
883 19 290
883 14 291
888 2 81
889 2 43
892 2 64
893 2 65
894 5 8
894 14 48
894 15 48
888 5 524
889 5 283
896 2 63
889 19 352
889 14 354
889 15 354
897 2 76
892 5 443
900 2 84
896 5 292
897 5 286
901 2 49
900 5 336
900 19 430
901 5 293
900 14 433
900 15 433
900 19 455
900 14 456
904 2 63
907 2 60
904 5 423
904 19 593
904 14 593
907 5 295
912 2 36
887 2 2376
887 2 2379
912 5 152
912 19 179
912 14 182
912 15 182
912 25 188
912 19 202
912 14 202
912 25 204
913 2 197
914 2 130
907 5 765
915 2 81
887 5 2738
914 5 404
887 19 2833
887 136 2834
887 14 2849
887 19 2866
887 136 2866
850 5 5477
887 14 2880
915 5 448
924 5 3
924 14 34
924 15 34
927 5 10
929 2 41
930 2 61
929 5 327
929 5 374
930 5 365
929 19 475
929 14 485
930 19 414
930 136 414
930 14 415
930 19 453
930 136 453
930 14 454
930 19 475
930 136 475
930 14 475
938 2 38
938 5 171
949 2 33
949 5 169
955 2 86
955 5 284
959 2 72
959 5 460
959 14 499
959 15 499
959 14 595
959 15 595
967 2 189
959 5 1020
959 14 1085
959 15 1085
969 2 54
959 14 1166
959 15 1166
967 2 590
959 19 1386
959 14 1387
969 5 318
969 5 353
967 5 800
976 2 72
967 19 912
977 2 42
967 14 914
977 5 189
977 14 265
977 15 265
980 2 110
980 5 432
981 2 103
985 2 74
981 5 476
985 5 296
992 2 39
992 5 157
992 19 215
992 136 215
992 14 218
992 15 218
