0 1 0
0 3 128
0 4 151
0 5 262
0 8 307
0 8 320
0 8 325
9 2 90
9 3 166
9 4 196
9 6 229
9 8 250
10 1 0
10 2 126
11 1 0
10 3 324
10 5 410
10 6 414
12 2 145
16 1 0
17 1 0
10 1 665
10 6 674
10 7 674
16 3 138
18 1 0
17 2 95
16 5 213
16 7 222
16 1 238
16 19 238
16 14 242
16 7 249
17 4 373
12 5 718
12 6 727
12 21 729
17 7 455
22 1 0
17 19 496
17 15 507
17 14 507
22 2 37
22 5 185
20 4 368
22 8 203
20 6 403
24 1 0
24 5 6
24 6 11
22 1 464
22 25 471
22 5 472
22 6 479
22 7 479
24 27 131
24 28 131
24 2 202
24 4 257
24 6 273
24 7 273
24 8 322
24 29 325
24 8 331
24 29 338
24 1 344
24 30 344
24 15 345
33 1 0
33 2 72
33 3 208
33 4 313
33 5 354
33 6 358
33 7 358
33 8 392
33 34 406
33 14 409
33 15 409
33 25 418
33 6 418
33 7 418
33 8 443
33 13 449
33 14 450
35 2 70
36 1 0
35 4 249
35 5 304
35 6 307
35 21 309
36 4 260
35 8 364
36 5 307
36 8 323
35 1 383
35 19 383
35 34 383
35 14 385
35 15 385
36 29 340
36 5 356
37 1 0
33 1 1294
33 6 1302
33 7 1302
38 1 0
38 4 372
39 1 0
38 5 441
38 6 448
38 7 448
38 1 510
40 1 0
40 2 81
40 3 241
38 6 946
38 7 946
38 13 969
38 15 969
40 4 325
40 6 382
40 21 385
40 1 414
40 19 414
40 14 417
40 6 426
40 19 429
40 15 431
40 25 442
40 6 442
40 7 442
40 19 444
40 14 446
40 15 446
40 25 452
40 6 452
40 7 452
41 1 0
41 1 0
41 4 291
42 1 0
41 5 365
41 6 371
41 7 371
42 3 203
42 4 239
42 5 301
42 21 307
42 14 325
42 6 341
42 7 341
42 3 350
44 1 0
44 2 74
44 4 318
44 7 390
45 2 49
45 3 139
45 13 202
45 15 203
47 1 0
47 3 121
46 3 307
46 5 414
46 7 418
47 6 238
46 8 432
46 19 439
46 34 439
46 14 441
48 1 0
48 3 211
48 5 309
48 6 326
50 2 71
50 2 79
50 3 168
50 4 198
50 5 230
51 1 0
52 1 0
53 1 0
53 2 46
53 4 227
53 5 244
53 6 247
53 7 247
53 19 268
53 14 274
53 15 274
53 7 289
53 13 300
53 15 302
53 6 320
53 7 320
53 14 336
53 15 337
53 7 360
53 14 369
53 15 369
54 1 0
55 1 0
55 3 179
55 5 265
55 6 269
56 1 0
56 3 491
56 4 533
56 5 589
56 6 605
56 21 609
56 13 629
56 14 631
56 15 631
57 1 0
59 1 0
58 3 219
60 1 0
58 4 254
59 3 139
58 5 288
59 4 164
58 6 302
58 8 325
62 1 0
59 6 253
59 7 253
62 2 58
59 8 284
59 8 291
59 8 296
59 8 309
59 19 322
59 34 322
59 14 323
59 25 330
62 3 174
62 4 217
63 1 0
62 6 265
64 4 173
64 6 199
64 7 199
64 8 209
64 8 218
64 8 231
64 8 241
64 8 252
64 13 280
64 15 284
63 3 904
63 4 935
63 5 956
65 5 16
66 3 244
66 4 287
66 5 327
66 6 331
66 7 331
66 8 353
66 13 373
66 30 373
66 14 374
67 1 0
68 1 0
70 1 0
70 2 97
71 2 44
70 3 307
70 5 384
70 6 388
70 7 388
71 3 127
71 4 191
71 6 252
72 1 0
72 3 231
74 1 0
72 4 293
74 2 64
75 1 0
72 29 420
73 3 202
74 3 180
75 2 74
70 8 1123
70 14 1136
76 1 0
74 4 243
70 7 1144
70 19 1169
74 6 270
74 7 270
70 25 1280
70 6 1280
73 4 451
77 1 0
77 5 8
77 7 11
78 1 0
76 3 359
76 4 398
76 5 439
76 6 446
76 7 446
76 8 473
76 6 500
76 8 502
76 13 504
76 14 505
80 1 0
81 1 0
80 2 56
81 2 54
82 1 0
82 6 12
82 7 12
82 13 24
82 30 24
82 15 26
81 3 123
81 6 190
81 7 190
81 8 210
79 4 342
80 3 318
79 5 395
79 6 408
79 7 408
77 8 799
82 6 298
82 13 301
82 30 301
82 14 301
77 14 806
79 8 532
79 8 560
79 8 608
79 8 630
79 29 650
79 8 653
79 29 655
79 34 745
82 6 602
82 7 602
79 25 759
79 6 760
79 7 760
82 13 607
82 30 607
82 14 609
82 15 609
79 8 767
79 29 774
79 8 790
79 29 812
79 8 824
83 1 0
79 29 857
79 29 860
79 8 879
84 1 0
84 6 20
84 8 37
85 1 0
85 2 236
86 1 0
87 5 5
87 6 8
87 7 9
87 19 13
87 14 14
87 14 18
87 15 18
86 2 59
86 7 212
86 8 227
86 8 250
89 1 0
86 8 330
86 8 375
89 2 67
86 4 381
77 5 3026
88 2 203
89 3 213
89 4 253
89 7 313
91 1 0
89 13 365
91 2 76
92 1 0
88 2 548
93 1 0
94 1 0
93 2 31
95 1 0
93 3 83
91 7 415
91 8 436
91 8 461
93 5 135
93 6 142
91 8 468
91 8 477
88 4 861
91 8 506
91 8 519
91 29 548
94 4 211
91 6 578
94 5 232
97 1 0
96 3 118
88 5 1162
88 6 1169
88 7 1169
98 1 0
96 4 158
98 1 50
96 6 192
96 7 192
96 8 211
96 15 229
99 1 0
97 3 278
100 1 0
101 1 0
99 2 119
97 4 386
97 5 424
97 7 428
101 2 57
101 2 65
97 8 497
100 2 112
97 8 506
97 8 519
101 3 147
97 8 540
97 8 544
97 8 548
97 8 555
97 8 565
102 1 0
99 4 488
103 1 0
99 5 592
100 4 487
104 1 0
99 6 603
99 8 617
99 1 625
99 19 626
99 14 626
103 2 105
105 1 0
102 4 242
102 6 337
102 7 337
102 8 347
103 4 358
103 6 414
106 6 265
106 30 293
106 15 294
105 6 367
105 7 367
105 1 414
105 14 428
106 7 448
106 6 448
110 1 0
106 13 457
106 30 457
100 6 1133
100 7 1133
100 8 1141
108 4 261
111 1 0
112 1 0
110 3 119
100 19 1200
110 4 150
110 5 160
110 7 164
100 6 1216
100 7 1216
100 14 1225
110 30 172
110 14 173
110 15 173
111 2 122
100 25 1359
100 5 1362
112 3 194
100 6 1372
113 6 10
113 7 10
113 8 16
113 8 23
100 19 1400
100 14 1402
100 15 1402
112 4 265
113 8 41
114 1 0
114 2 48
115 2 72
111 3 482
114 3 124
114 4 159
114 5 204
116 1 0
114 6 208
114 13 228
114 30 228
114 14 230
114 15 230
115 3 301
111 5 706
111 8 729
112 5 749
111 7 778
111 8 781
112 6 758
112 7 758
115 4 393
112 8 787
112 8 807
112 1 822
112 14 823
112 15 823
115 5 463
115 6 473
115 7 474
118 1 0
115 14 555
118 3 124
118 4 144
120 2 88
117 3 212
118 5 202
118 6 210
118 21 213
118 8 234
112 6 1132
112 7 1132
112 8 1134
112 29 1139
112 1 1141
112 19 1141
118 30 260
118 14 260
118 15 260
112 25 1162
117 5 329
117 6 337
117 7 337
120 3 258
117 1 359
117 13 359
117 30 360
117 14 360
117 15 360
122 1 0
123 1 0
120 4 310
118 6 372
118 7 372
118 15 375
124 1 0
117 6 443
117 7 444
120 5 363
120 21 379
124 2 56
120 26 389
120 27 390
123 2 122
121 4 405
125 1 0
120 30 488
122 3 211
125 7 9
125 14 15
125 25 25
125 7 25
126 1 0
123 3 253
121 5 475
121 7 484
129 1 0
122 4 289
128 2 37
123 4 318
126 2 104
122 5 333
122 6 344
127 2 108
128 3 138
123 6 407
122 13 406
122 14 409
124 4 413
128 4 188
126 3 272
124 5 454
124 7 460
124 8 471
126 4 300
124 19 478
124 34 478
124 6 483
124 7 483
124 8 490
124 19 492
124 34 493
124 14 493
124 25 496
124 7 496
124 19 502
124 14 503
124 25 507
124 6 507
124 7 507
123 1 552
123 14 557
123 15 557
126 6 341
124 8 529
124 19 531
124 15 534
124 14 534
124 6 539
124 7 539
124 8 552
124 19 555
124 34 555
124 6 559
124 7 559
124 34 566
132 1 0
132 8 5
132 6 5
132 7 5
133 1 0
124 14 570
124 15 570
124 6 571
124 7 572
134 1 0
127 3 446
133 2 50
135 1 0
135 5 8
135 6 11
135 7 11
131 3 179
135 136 72
135 14 77
135 14 93
135 15 93
134 2 108
127 5 543
127 6 551
127 7 551
127 8 560
134 2 177
131 5 288
133 7 231
133 8 238
133 29 240
131 7 295
131 8 313
131 13 358
131 30 358
131 14 359
135 1 254
135 6 263
135 7 264
135 19 274
135 136 274
135 14 275
131 6 418
131 13 422
131 14 425
131 15 425
138 1 0
141 1 0
138 2 63
143 1 0
141 2 131
115 1 2069
144 1 0
115 6 2087
115 7 2087
115 13 2091
115 14 2091
144 2 50
143 4 246
141 5 346
141 7 362
141 8 394
141 8 424
141 34 449
141 14 449
139 3 492
139 6 632
139 7 633
145 1 0
139 8 652
139 29 674
147 1 0
145 2 42
148 1 0
146 2 44
139 13 708
139 15 711
150 1 0
145 3 178
146 3 174
146 6 224
145 4 242
145 6 275
145 7 275
146 19 274
145 8 299
146 14 284
152 1 0
145 13 319
145 14 320
145 15 320
146 6 318
153 1 0
146 8 336
151 2 182
152 2 64
151 2 207
150 6 269
155 1 0
155 5 10
155 7 12
127 4 1801
127 5 1804
156 1 0
146 8 400
146 8 401
146 8 402
146 8 402
122 30 2040
122 15 2042
146 34 403
146 19 403
146 6 417
146 8 427
146 8 437
146 8 442
155 8 57
155 1 78
156 2 55
155 1 97
158 1 0
157 2 80
159 1 0
160 1 0
158 2 75
156 7 228
156 6 228
151 2 444
159 3 111
161 1 0
158 3 147
158 4 173
158 5 204
158 6 208
158 7 208
152 5 424
152 6 427
152 7 427
144 4 1164
151 3 609
163 1 0
159 7 214
160 4 221
158 14 259
158 25 273
158 6 273
158 7 274
144 5 1204
144 6 1211
144 7 1212
164 1 0
159 8 238
158 14 300
158 15 300
158 8 308
144 8 1244
157 3 370
158 14 323
158 15 323
166 1 0
159 8 299
157 4 422
157 5 457
151 4 763
167 1 0
168 1 0
152 1 645
152 14 647
168 6 23
157 4 513
168 1 33
168 26 33
151 5 840
151 7 844
165 2 229
169 2 58
151 14 894
170 1 0
166 2 257
170 2 44
172 1 0
167 3 241
167 4 271
170 4 133
166 3 380
174 1 0
167 6 319
167 7 319
173 2 60
170 5 166
169 5 257
169 6 262
169 7 263
169 8 268
165 3 487
169 5 305
169 6 311
169 7 311
166 4 450
167 14 373
177 1 0
165 4 571
166 6 528
166 7 528
170 19 303
170 14 303
170 6 308
170 7 308
169 2 394
166 14 540
166 15 540
177 2 47
178 1 0
165 5 611
170 14 326
170 136 326
165 6 620
144 29 1885
175 3 142
170 25 396
170 6 398
144 8 1887
144 13 1891
144 30 1892
144 15 1892
174 2 247
175 4 161
165 8 699
165 8 700
177 3 169
176 4 182
178 2 113
170 19 433
170 14 436
181 1 0
182 1 0
176 5 223
176 7 225
175 5 216
175 6 222
178 2 147
169 3 573
182 2 31
179 2 50
181 2 43
177 7 271
169 4 664
165 4 882
169 6 682
144 25 2115
144 6 2115
144 7 2115
176 8 362
177 13 368
177 14 369
173 3 491
165 7 920
182 3 163
173 4 533
179 3 192
165 8 949
165 19 949
165 14 950
165 6 955
165 8 959
169 2 736
181 3 191
182 4 207
166 7 917
166 4 917
151 1 1593
151 5 1605
151 6 1608
151 7 1609
151 21 1611
165 8 963
165 8 969
169 25 767
169 5 769
169 6 775
182 6 265
182 7 265
181 5 305
185 1 0
185 5 1
185 19 22
185 14 23
181 7 320
186 1 0
173 5 692
185 6 30
185 7 30
185 8 31
185 34 40
185 6 42
185 8 46
182 1 340
178 4 497
173 6 701
173 4 718
179 6 394
185 8 59
185 6 69
185 8 80
183 2 339
183 2 356
183 2 357
183 2 357
185 19 89
185 15 95
185 7 96
185 2 117
185 25 131
185 6 146
185 7 146
179 5 472
179 6 481
185 8 156
185 8 162
185 29 167
185 19 171
179 25 499
179 5 500
178 6 648
164 1 1297
187 1 0
164 2 1402
178 29 821
187 4 132
189 1 0
178 8 828
187 5 170
178 29 860
187 6 185
190 1 0
178 29 932
183 3 766
178 8 966
191 1 0
184 3 699
192 2 27
194 1 0
184 4 732
192 3 84
195 1 0
184 6 784
192 4 102
196 1 0
192 6 137
192 7 137
192 8 153
192 29 159
192 29 161
196 2 55
196 2 65
194 3 143
189 5 364
192 25 188
192 6 189
192 13 201
192 30 201
194 4 181
197 2 98
199 1 0
189 21 383
193 3 170
194 5 212
189 26 437
194 6 228
194 7 228
194 8 240
189 14 440
199 2 63
198 2 80
198 2 86
190 4 384
196 3 203
194 29 277
200 2 43
201 1 0
193 5 276
199 3 115
193 6 288
193 7 288
193 21 293
190 5 428
202 1 0
190 7 444
193 8 310
193 26 315
193 14 319
193 15 319
201 2 57
196 5 289
196 7 292
200 3 121
199 7 187
204 1 0
199 8 218
204 5 10
204 6 18
204 7 19
196 19 338
196 14 340
200 6 199
200 7 199
197 3 341
204 13 26
196 25 359
200 8 213
200 29 217
205 1 0
200 14 258
200 15 258
197 4 400
164 5 2141
164 6 2157
202 5 221
195 3 459
202 6 237
197 5 466
164 8 2199
197 6 483
197 7 483
206 1 0
195 4 531
202 8 296
202 8 340
207 1 0
202 8 358
200 25 470
200 7 470
208 5 6
200 13 474
200 30 474
200 14 474
200 15 474
195 13 646
195 14 646
195 15 646
205 2 278
197 8 690
201 6 510
201 7 510
201 136 572
201 14 573
210 1 0
201 7 608
201 8 617
211 1 0
203 3 551
205 3 499
205 4 502
210 2 87
211 2 35
203 4 588
203 5 618
211 3 114
192 6 1089
192 7 1089
205 5 607
205 6 614
205 7 614
198 4 905
198 5 962
205 8 654
205 8 668
205 14 679
211 8 206
211 8 211
213 1 0
198 30 1005
198 14 1007
198 15 1007
209 3 326
213 7 23
213 8 47
209 4 371
215 1 0
213 8 83
213 8 101
178 4 2289
216 2 44
209 5 439
210 5 429
209 6 448
210 6 444
215 2 65
178 3 2306
178 4 2320
210 8 475
178 6 2346
178 7 2346
178 21 2347
213 29 197
213 29 200
210 8 496
209 8 518
178 8 2361
213 8 217
216 3 142
210 1 523
209 8 543
210 13 526
210 14 533
210 15 533
178 1 2402
178 13 2402
178 14 2409
178 15 2409
209 14 571
209 15 571
210 25 553
215 3 190
217 4 145
209 6 604
209 7 604
212 4 431
203 8 1075
203 8 1087
212 5 482
220 1 0
217 6 179
217 8 188
217 8 191
209 25 652
209 6 652
209 7 652
209 13 659
209 14 659
209 7 672
212 6 488
212 7 488
217 14 206
217 15 206
203 14 1141
221 1 0
209 13 679
209 30 679
209 14 683
209 15 683
215 6 353
219 3 124
217 6 267
217 13 278
217 14 279
217 15 279
209 13 761
209 15 764
219 4 153
221 2 96
222 5 5
219 5 178
219 6 184
219 7 184
219 8 202
222 1 35
222 5 39
222 8 42
214 3 478
219 1 206
219 13 206
219 14 207
223 1 0
217 25 411
217 6 411
222 8 87
224 1 0
217 14 461
214 6 575
214 7 575
224 2 81
225 1 0
217 7 549
217 8 552
217 13 553
217 14 554
217 15 554
222 1 230
222 8 240
222 6 240
222 8 256
222 8 270
226 1 0
222 19 295
222 34 295
227 1 0
225 2 84
228 1 0
221 6 417
221 13 443
221 30 443
221 14 445
221 15 445
214 30 842
214 15 843
229 1 0
230 1 0
229 2 50
231 1 0
232 1 0
233 1 0
225 3 312
230 2 83
232 8 30
232 7 31
231 2 88
229 3 153
225 7 439
229 4 186
230 2 240
225 8 497
229 6 263
229 7 263
225 8 524
225 8 545
229 8 279
235 1 0
235 5 2
231 3 246
230 3 342
231 4 306
236 1 0
237 1 0
238 1 0
239 1 0
231 3 366
240 1 0
231 7 427
240 2 42
229 1 523
229 14 523
229 15 523
231 13 479
231 15 480
241 1 0
230 4 534
237 4 170
241 2 46
237 5 205
242 1 0
240 3 155
214 26 1516
214 27 1516
237 6 209
238 3 209
237 8 231
240 4 210
230 5 687
230 7 695
240 5 237
240 7 242
241 3 171
238 5 293
240 8 255
240 15 261
241 4 207
230 19 732
230 14 735
230 6 742
240 13 289
240 14 290
240 15 290
243 1 0
244 1 0
241 7 256
245 1 0
241 8 280
240 6 369
240 7 369
243 2 63
230 4 817
244 2 42
240 8 372
241 1 325
241 6 337
241 7 337
241 14 344
241 13 399
241 14 400
241 6 403
241 7 404
241 8 405
246 1 0
241 14 408
244 3 161
244 4 216
246 2 68
243 3 253
132 26 6595
132 14 6596
247 1 0
248 1 0
244 6 327
246 3 200
243 5 360
243 6 365
243 7 367
247 3 105
250 1 0
247 4 138
246 4 264
251 1 0
250 7 20
247 6 156
252 1 0
246 5 307
248 3 175
249 2 98
245 3 464
248 4 219
244 8 529
244 8 547
242 3 723
253 1 0
248 6 260
252 2 112
245 4 554
245 3 568
252 2 138
251 2 191
248 8 326
244 29 638
253 2 85
254 1 0
255 1 0
256 1 0
252 4 272
254 2 90
257 1 0
258 1 0
252 6 297
252 7 297
242 5 907
242 7 914
242 21 918
249 3 360
259 1 0
249 4 408
257 2 88
260 1 0
249 7 499
261 1 0
255 2 177
249 8 529
253 3 370
262 2 46
254 3 285
263 1 0
242 8 1140
261 2 76
242 4 1155
242 6 1171
242 21 1175
251 3 573
265 2 46
254 4 372
266 2 61
267 1 0
261 3 165
264 2 114
259 3 327
254 6 437
255 4 377
268 1 0
253 5 575
265 4 163
253 6 580
269 1 0
268 7 10
268 1 18
268 13 18
268 30 19
259 4 386
265 5 197
265 6 202
265 7 202
255 6 447
255 7 447
272 1 0
256 5 470
263 5 206
263 7 210
251 4 749
264 3 214
269 2 51
256 6 475
256 21 476
263 8 232
260 4 352
259 7 455
270 2 61
263 14 273
262 5 347
264 4 253
260 5 382
260 6 390
260 21 392
259 8 462
273 2 64
271 2 70
255 8 547
272 2 84
244 13 1253
244 14 1255
244 15 1255
262 7 363
264 7 302
276 1 0
251 5 862
251 6 878
264 1 313
264 13 313
264 14 316
264 15 316
260 8 456
254 14 656
254 15 656
269 3 162
277 1 0
251 8 891
251 1 900
251 19 900
251 14 901
260 8 482
259 1 546
259 14 549
259 15 549
276 2 37
266 4 353
277 2 42
251 136 938
251 6 947
251 7 947
260 19 498
260 14 517
254 6 711
254 7 711
278 1 0
254 15 726
269 3 228
266 5 387
266 7 391
256 26 655
251 19 964
251 14 966
251 6 970
269 4 248
256 7 688
256 14 710
280 1 0
275 3 220
255 30 706
255 14 710
258 6 675
264 6 475
264 7 475
264 4 479
281 1 0
265 8 478
275 4 255
278 2 84
269 5 315
256 6 746
256 7 746
256 26 754
256 282 755
256 14 755
256 6 758
256 7 758
269 6 332
269 8 348
283 1 0
269 8 359
258 29 735
256 8 779
256 14 791
280 2 77
269 8 379
283 2 35
255 7 801
271 4 349
255 27 808
276 4 223
272 5 357
256 8 810
286 1 0
271 7 394
272 6 373
277 5 237
277 7 252
277 6 252
256 8 850
275 6 380
272 8 401
277 8 267
277 8 272
264 13 615
264 30 615
264 15 617
280 3 178
275 8 401
269 8 472
271 8 437
277 13 288
277 30 288
272 8 439
287 2 51
283 3 141
269 13 494
269 14 494
288 7 20
288 6 20
270 5 526
290 1 0
291 1 0
280 5 272
270 6 531
259 1 921
281 5 261
259 2 938
259 25 959
283 5 234
255 7 1034
285 4 249
281 6 276
281 7 276
281 8 298
259 7 971
259 8 985
283 6 250
293 1 0
285 5 280
281 19 306
281 14 306
281 6 310
281 19 318
281 136 318
281 14 318
281 7 321
281 8 327
294 1 0
278 3 407
259 1 1000
259 14 1004
255 8 1072
285 6 282
285 19 307
281 8 340
281 19 342
281 34 342
281 14 345
290 2 151
285 7 331
285 4 334
285 3 335
278 4 456
293 2 107
275 8 680
278 5 512
293 2 118
293 2 127
293 2 129
255 4 1186
255 5 1189
255 6 1195
255 7 1195
293 2 149
255 8 1204
294 3 138
287 6 347
294 4 168
287 13 381
287 15 382
296 1 0
257 3 1250
255 29 1250
255 8 1257
290 3 296
295 2 65
294 6 208
294 8 210
278 8 623
255 26 1290
290 4 324
294 8 235
257 4 1282
297 1 0
297 5 2
297 6 18
290 6 363
290 7 363
294 8 249
294 8 258
296 2 80
298 1 0
297 6 28
297 19 40
297 34 40
257 5 1330
297 14 40
299 1 0
290 30 385
290 15 386
294 34 306
300 1 0
298 2 35
297 19 64
297 34 64
297 14 65
297 6 67
297 7 67
255 6 1371
255 7 1371
297 8 85
297 34 89
295 4 233
257 1 1407
257 13 1410
257 30 1410
257 14 1411
257 15 1412
301 1 0
290 25 498
290 6 498
290 7 498
290 30 504
290 14 505
290 15 505
295 5 285
295 6 296
303 1 0
298 3 164
255 8 1516
303 5 36
298 4 191
304 2 17
304 2 19
304 2 19
303 7 42
298 6 222
298 7 222
299 3 208
305 1 0
298 8 253
298 13 263
298 30 263
298 15 264
298 25 266
298 6 266
298 7 266
295 1 397
306 1 0
306 5 3
306 7 9
303 1 102
303 5 122
298 30 281
298 14 281
307 1 0
299 4 265
305 2 53
303 6 186
296 6 438
296 7 438
296 8 446
296 6 457
296 7 458
303 8 194
298 25 363
298 7 364
298 29 377
308 1 0
305 3 130
296 8 487
298 8 390
298 29 391
298 8 399
301 3 270
298 29 406
298 29 410
298 8 412
306 8 137
306 19 145
306 136 145
306 14 151
306 15 151
299 7 416
305 5 218
305 7 232
305 1 242
305 14 243
303 1 314
305 26 252
305 14 253
308 3 139
301 7 393
296 15 629
309 2 148
296 6 661
296 7 661
301 8 436
296 19 672
296 14 673
303 3 433
310 1 0
308 3 241
303 2 470
312 1 0
303 6 498
303 7 499
303 1 506
303 30 508
303 15 511
309 3 245
308 2 312
309 4 294
309 6 326
309 21 330
307 4 485
309 14 357
309 15 357
309 25 368
309 7 368
309 8 373
255 29 2208
301 13 745
301 14 748
307 6 589
255 8 2209
307 8 684
307 8 695
313 1 0
307 8 737
307 8 743
314 1 0
307 29 777
301 4 950
301 3 950
315 1 0
313 3 106
307 8 808
255 4 2440
313 4 133
307 15 839
255 6 2459
316 2 56
313 7 163
313 13 201
313 15 202
317 1 0
318 1 0
314 4 219
313 6 282
255 15 2626
317 2 93
314 6 261
315 3 226
313 25 345
313 6 345
313 7 345
313 8 350
318 2 107
313 13 356
313 14 357
293 4 1659
315 4 305
316 3 291
293 6 1716
293 7 1716
315 4 359
315 5 368
315 4 372
321 1 0
296 6 1543
296 7 1544
319 4 223
316 6 429
316 21 431
319 5 263
319 6 275
319 7 276
322 1 0
319 14 309
319 7 329
326 1 0
326 5 2
326 7 6
319 19 359
321 2 182
319 7 376
317 7 485
319 14 386
319 15 386
321 2 199
319 25 388
319 7 388
321 2 202
321 2 218
321 2 220
322 3 154
323 3 136
327 1 0
323 4 163
322 4 203
328 1 0
322 5 242
322 6 245
322 7 245
323 5 235
323 6 243
323 7 243
328 2 50
330 1 0
330 2 27
329 2 106
333 1 0
328 5 281
328 6 285
328 7 285
328 8 297
333 2 43
325 6 546
328 4 359
328 7 367
333 3 114
325 1 621
325 5 624
333 4 145
328 8 412
325 7 632
327 3 493
328 8 436
329 6 376
333 5 202
333 6 209
333 7 209
329 8 394
329 19 404
329 14 413
334 1 0
333 8 217
328 8 515
329 25 424
329 7 425
333 8 247
328 1 561
328 14 565
335 1 0
327 5 681
327 7 684
328 25 641
335 1 47
336 2 70
337 1 0
338 1 0
337 2 47
336 5 344
336 30 377
336 14 378
337 4 223
337 6 261
337 7 261
337 13 286
337 15 287
339 2 47
336 7 486
336 13 494
336 30 494
336 15 496
340 1 0
341 1 0
339 3 171
339 4 251
339 5 328
339 7 336
339 21 337
339 30 377
342 3 131
344 1 0
345 1 0
340 5 371
340 6 372
346 1 0
347 1 0
340 19 397
346 2 46
347 1 8
347 5 13
347 8 18
347 6 18
342 5 237
342 6 247
348 1 0
346 2 63
345 2 99
342 30 288
344 2 114
348 2 44
348 2 58
346 3 158
346 4 178
348 3 142
346 5 250
346 7 253
348 5 201
345 3 366
351 1 0
351 6 9
351 7 9
351 29 25
352 1 0
349 3 200
351 8 28
353 1 0
352 2 35
354 1 0
349 4 232
344 4 485
345 4 472
349 5 257
356 1 0
349 6 266
354 2 33
341 3 829
344 7 546
345 5 525
345 7 531
345 21 532
345 8 542
345 8 568
358 1 0
341 5 912
352 4 147
359 1 0
360 1 0
341 6 915
341 8 937
352 6 177
352 21 178
354 3 164
352 19 199
352 7 208
359 2 72
354 4 193
353 7 232
361 1 0
357 2 123
355 3 176
354 5 219
354 7 222
345 8 681
361 2 46
354 4 251
354 3 253
354 5 255
354 7 258
353 8 288
350 3 458
354 13 260
354 30 260
354 15 261
354 7 265
354 13 271
354 14 275
360 3 142
353 8 294
345 8 757
355 7 263
360 4 176
355 8 287
359 3 202
360 7 200
350 4 536
345 8 836
345 8 836
350 5 579
360 4 254
360 3 256
363 1 0
363 5 4
363 6 8
363 7 8
360 25 274
360 5 275
359 4 292
363 2 37
363 3 45
363 4 50
363 21 61
363 8 76
361 5 283
361 7 287
345 8 963
363 6 104
363 7 105
363 8 111
359 5 390
359 6 398
359 7 398
363 4 120
361 1 341
361 19 341
361 136 341
361 14 341
359 13 407
359 30 407
359 14 409
359 15 409
364 1 0
364 2 54
345 7 1061
345 21 1062
365 1 0
345 8 1148
365 2 48
366 1 0
367 1 0
368 1 0
364 5 235
345 14 1221
367 2 54
364 6 242
364 8 269
345 6 1270
345 7 1270
368 2 59
364 1 273
364 14 274
369 2 79
370 1 0
366 4 202
345 13 1380
366 5 250
368 3 177
345 25 1401
345 6 1401
345 7 1401
345 26 1411
345 282 1412
365 3 328
369 4 192
366 6 254
366 7 254
368 4 220
371 1 0
371 5 2
369 5 207
365 4 359
369 6 211
365 5 395
368 5 279
368 6 284
368 7 285
365 8 459
367 5 360
368 8 329
372 1 0
367 7 372
368 8 359
368 8 377
368 8 382
365 1 510
365 15 511
359 25 1027
367 8 409
365 6 568
365 7 568
373 1 0
365 19 586
367 8 460
363 1 824
363 5 829
363 6 832
363 7 833
363 21 835
363 1 836
365 25 606
367 13 495
367 14 497
367 15 497
363 5 843
363 6 846
363 7 846
363 21 849
363 7 871
363 8 876
374 2 110
368 19 663
373 3 267
376 1 0
372 4 391
373 4 298
374 3 299
377 1 0
372 5 436
373 5 331
373 7 340
374 4 341
376 2 74
372 6 446
372 7 446
372 8 462
373 8 361
373 8 364
379 1 0
377 2 78
372 8 474
372 8 479
373 4 399
373 5 403
374 5 382
374 6 385
374 21 389
374 8 405
380 1 0
372 29 498
372 14 501
373 6 411
373 7 411
373 8 418
374 13 457
374 30 457
374 14 460
374 15 460
381 2 48
373 1 521
382 1 0
382 2 39
381 3 123
381 5 183
381 6 199
383 1 0
377 5 349
377 6 352
380 3 253
382 3 137
384 1 0
380 4 284
382 4 173
381 15 251
374 1 722
380 5 335
380 7 339
380 21 341
385 2 57
384 2 66
377 3 466
380 6 379
380 7 380
380 13 383
377 5 491
377 7 495
378 3 473
386 1 0
387 1 0
384 3 179
377 25 551
377 5 551
377 6 554
377 7 554
377 8 567
384 4 217
386 2 83
387 3 84
378 5 604
378 7 609
385 3 257
387 5 142
365 8 1606
385 4 400
385 5 416
378 27 771
378 14 774
378 15 774
378 25 788
378 6 788
378 7 789
385 6 428
385 7 428
378 15 807
378 25 812
378 7 813
385 34 505
378 5 882
378 6 888
391 1 0
392 1 0
388 2 135
389 3 196
390 2 189
388 4 306
394 1 0
395 1 0
377 8 1189
388 5 342
388 7 347
394 2 36
389 4 299
392 5 241
388 8 359
388 8 365
389 5 331
392 6 250
392 1 269
392 14 272
389 8 360
390 3 353
388 8 427
396 2 95
389 8 385
389 8 389
389 8 391
389 4 397
395 3 124
388 8 451
390 4 389
397 1 0
394 3 151
393 4 198
395 4 159
393 5 243
398 1 0
388 8 530
393 6 249
393 7 249
393 13 256
393 30 257
393 14 257
395 5 216
395 6 220
397 2 79
400 1 0
395 8 239
388 13 579
388 14 581
399 5 10
399 13 22
399 14 23
399 15 23
401 1 0
401 2 44
400 2 86
397 3 197
404 1 0
396 4 358
405 1 0
397 4 265
401 3 143
405 2 36
404 2 74
385 14 1238
397 6 307
403 2 68
396 5 434
396 6 439
396 7 439
396 21 442
401 5 205
401 6 212
397 8 360
406 2 74
409 1 0
409 6 12
409 7 13
409 30 19
409 14 19
409 15 19
410 1 0
411 1 0
387 13 1202
398 4 393
387 14 1205
400 4 375
411 2 63
405 4 230
396 136 635
396 19 635
403 4 287
405 5 269
405 6 272
405 7 272
411 2 104
405 8 292
400 5 444
400 7 446
412 2 58
414 1 0
400 8 486
396 26 715
396 14 722
403 5 380
403 6 390
403 7 390
415 1 0
400 4 497
400 5 501
400 26 517
404 5 405
400 14 520
400 15 520
396 7 739
405 8 379
404 6 419
414 2 55
403 8 442
415 2 69
400 6 559
412 3 173
404 13 466
400 3 586
411 3 274
416 1 0
416 1 0
403 8 502
406 4 456
414 3 164
411 4 318
403 8 518
398 8 709
398 19 731
398 14 731
412 5 261
414 4 194
412 4 277
406 5 496
406 6 500
406 7 501
405 8 543
412 3 281
398 25 745
398 6 745
298 6 7377
298 7 7377
412 4 307
406 4 540
415 5 232
415 6 235
415 7 235
412 5 309
412 6 311
414 5 234
412 8 314
414 6 238
412 19 322
412 14 325
412 15 325
414 8 257
412 25 337
412 7 338
413 3 276
411 5 397
411 6 400
403 3 623
417 2 26
405 8 613
418 2 41
403 5 642
403 6 652
405 29 649
398 8 827
412 5 372
412 7 377
416 5 195
412 19 384
412 14 384
416 6 201
412 14 400
412 6 403
417 3 118
413 7 385
398 8 941
413 1 432
413 19 432
413 14 433
419 1 0
417 4 179
418 4 197
398 8 957
413 7 442
417 5 210
413 14 469
413 15 469
413 6 476
413 7 476
417 7 221
418 6 246
418 7 246
398 14 1029
421 1 0
398 25 1042
398 8 1058
398 8 1062
417 8 279
418 29 316
418 8 317
418 14 321
418 15 321
398 19 1117
398 34 1117
398 25 1125
398 6 1125
422 8 28
423 1 0
404 6 1042
404 7 1043
424 1 0
424 5 3
419 3 257
424 6 12
424 8 18
421 4 174
419 5 289
419 7 294
419 8 298
421 5 204
421 6 210
421 7 210
419 14 310
419 15 310
425 1 0
421 8 216
414 29 752
414 8 753
414 29 756
414 8 757
426 1 0
421 13 261
421 30 261
414 8 779
414 8 797
414 29 804
428 1 0
428 8 16
430 1 0
430 5 5
428 29 41
430 7 12
428 8 44
431 6 18
431 7 18
429 2 114
429 2 124
423 4 340
423 6 377
432 1 0
421 25 521
421 6 521
421 13 523
421 14 524
421 15 524
427 4 253
421 13 566
421 14 567
421 15 567
423 8 466
421 25 583
421 7 583
421 13 586
421 15 589
427 6 315
427 7 316
427 8 344
427 8 354
424 8 526
427 8 401
427 6 424
427 7 424
427 8 429
427 8 436
427 8 444
427 8 478
427 19 488
427 34 488
427 25 502
427 7 502
434 3 159
421 6 827
421 30 833
421 15 834
432 4 329
432 5 359
434 7 234
432 6 375
432 7 375
432 8 383
421 25 910
421 8 915
421 30 918
421 14 919
433 3 370
432 8 430
438 1 0
421 6 1026
421 13 1038
421 30 1038
433 6 532
438 2 126
421 6 1173
421 7 1173
433 1 614
433 13 615
433 15 615
437 4 227
421 30 1185
421 14 1186
437 5 284
437 6 290
441 2 69
437 8 333
437 4 389
437 5 390
440 3 234
437 8 429
443 1 0
428 1 1089
437 8 455
444 1 0
441 3 253
445 1 0
438 13 457
438 15 458
438 6 479
438 7 479
446 1 0
447 1 0
428 4 1179
438 14 484
438 6 493
438 7 493
440 5 354
440 6 358
440 29 371
446 2 33
447 2 44
428 5 1189
449 1 0
428 8 1210
441 4 344
451 1 0
451 1 0
428 4 1228
428 3 1232
441 5 369
448 2 63
445 2 118
450 2 47
441 19 401
441 15 404
441 6 415
441 7 415
452 1 0
443 4 206
447 3 135
451 2 60
436 4 659
441 19 418
441 6 425
441 7 425
441 8 432
446 4 134
452 2 41
443 5 247
443 6 252
446 5 171
446 6 187
447 4 180
443 8 261
443 8 267
443 8 299
447 5 223
443 8 305
444 1 279
436 5 745
436 6 749
436 7 749
441 19 510
441 14 515
441 15 515
451 3 191
454 1 0
447 13 282
447 30 282
447 14 283
447 15 283
452 4 194
451 4 239
454 2 52
455 1 0
438 6 800
438 7 800
452 7 217
456 1 0
445 3 382
454 3 111
438 19 817
438 14 821
436 2 867
438 6 838
438 7 838
451 6 326
451 7 326
454 4 135
456 2 71
447 6 416
438 34 879
438 15 884
438 25 888
438 6 888
438 7 888
450 6 368
450 7 368
454 5 168
445 4 449
438 8 916
454 6 173
454 7 173
438 34 926
438 14 926
438 14 932
438 15 932
440 29 799
448 4 413
436 25 973
450 29 415
436 6 982
436 7 982
457 1 0
454 8 211
440 8 801
440 29 827
445 5 511
445 6 519
445 7 519
450 8 446
450 19 455
450 14 467
456 3 237
461 1 0
448 6 549
448 7 549
460 2 30
462 1 0
448 14 588
448 15 588
461 2 42
450 7 581
450 6 581
374 1 4839
462 2 55
450 13 634
450 14 638
460 4 140
460 5 176
460 7 180
460 8 195
462 3 178
463 1 0
436 8 1350
464 1 0
462 4 219
459 4 295
462 7 256
462 8 298
459 5 351
436 19 1449
436 34 1449
459 6 367
459 7 367
436 7 1459
462 8 358
466 1 0
466 1 4
467 1 0
463 3 195
462 30 376
462 14 377
468 1 0
463 4 230
465 2 137
436 8 1550
436 34 1563
463 5 267
463 7 273
436 25 1587
436 7 1587
469 1 0
436 8 1630
470 1 0
465 3 251
436 19 1656
436 14 1657
469 2 62
471 1 0
470 2 82
472 1 0
465 6 345
469 3 125
461 3 670
469 4 146
461 4 690
472 2 63
469 5 182
469 6 192
469 7 192
469 30 202
469 15 203
461 5 736
469 8 221
461 7 752
461 6 752
471 3 136
471 4 181
472 4 170
473 6 19
473 7 19
473 5 26
471 6 232
471 7 232
466 4 461
444 2 1472
472 7 220
473 6 41
473 7 41
471 8 259
474 1 0
461 13 887
461 30 887
461 15 888
461 14 888
471 1 304
471 13 304
471 30 304
471 14 306
471 15 306
466 5 521
466 6 537
466 7 537
474 2 54
469 7 436
469 4 437
473 8 142
466 19 567
466 15 571
476 1 0
469 3 440
469 1 453
466 1 591
466 5 599
469 2 493
477 1 0
444 7 1644
476 2 46
474 3 158
444 13 1673
444 30 1673
444 15 1674
478 1 0
477 2 61
474 4 226
469 3 571
473 29 308
474 6 261
474 7 261
474 282 262
476 4 187
473 8 335
469 4 618
469 5 637
480 1 0
469 6 652
469 7 653
475 8 293
475 8 306
480 2 32
482 1 0
484 1 0
469 8 737
479 2 70
485 1 0
485 1 10
486 1 0
480 3 87
469 8 745
469 15 771
444 8 1972
480 5 167
480 6 173
480 7 173
444 14 1998
484 2 139
479 4 196
477 4 354
488 1 0
479 6 230
479 7 231
477 5 383
477 7 388
469 1 895
469 5 899
469 7 904
469 14 911
479 8 258
479 8 262
477 29 422
469 7 937
469 27 945
469 14 945
479 8 277
479 8 280
479 8 283
479 8 286
477 8 428
477 8 440
489 1 0
474 8 608
469 6 954
469 7 954
469 27 959
469 14 963
469 15 963
469 6 964
469 7 964
469 27 967
469 14 967
479 19 318
479 34 320
469 30 986
469 15 987
490 1 0
470 7 985
444 7 2160
444 8 2170
476 5 582
476 6 587
470 8 1029
470 1 1038
470 19 1038
470 14 1038
485 2 326
476 29 636
490 2 86
491 1 0
491 1 0
492 1 0
493 1 0
444 29 2257
444 8 2259
496 1 0
496 1 0
496 1 0
444 26 2282
444 27 2282
444 14 2285
488 3 289
485 3 414
493 2 58
485 4 434
484 4 449
498 1 0
492 2 129
485 6 482
485 7 483
444 6 2389
444 7 2389
488 5 404
488 6 420
488 7 420
499 1 0
490 3 280
500 1 0
500 1 1
497 4 166
498 2 65
481 5 623
481 6 638
497 5 190
488 19 500
488 136 500
488 14 503
488 25 510
488 7 510
497 7 206
503 1 0
490 4 348
492 3 289
481 3 702
488 19 530
488 136 531
488 6 539
488 7 539
490 5 384
490 6 400
490 21 403
481 25 706
481 5 706
485 8 668
481 3 735
497 8 267
490 8 415
502 3 98
488 8 579
497 8 290
504 1 0
492 4 373
487 4 675
502 4 134
497 8 350
487 5 711
487 7 728
502 5 160
502 6 175
502 7 175
502 21 177
485 8 798
498 6 313
498 7 313
490 8 532
487 13 740
487 14 741
487 15 741
492 5 453
492 6 468
492 7 468
492 21 469
490 8 565
502 8 222
506 1 0
490 4 589
490 1 592
490 4 601
492 1 511
492 19 511
505 2 51
497 34 495
497 14 496
490 6 627
490 21 629
492 25 539
492 6 539
492 7 539
492 15 543
502 13 306
502 30 306
502 14 307
502 15 307
497 26 501
497 14 501
497 25 506
497 8 514
507 1 0
497 6 559
497 7 559
497 8 567
497 8 594
497 8 607
502 25 435
502 13 440
502 30 440
502 15 441
492 6 711
492 7 711
505 3 229
497 25 654
497 7 654
492 5 729
492 6 746
492 7 746
492 21 747
505 4 333
505 3 356
506 3 322
505 2 397
506 4 368
510 1 0
511 1 0
509 2 46
506 5 415
506 6 418
508 4 281
510 2 65
506 8 445
512 1 0
505 5 510
508 6 307
508 8 323
506 1 469
506 13 469
506 14 470
512 2 48
505 6 514
514 2 38
516 1 0
508 8 403
511 3 174
505 13 613
505 14 614
505 15 614
510 3 207
511 4 209
509 4 240
508 13 453
508 14 453
508 15 453
514 4 165
511 5 235
510 4 270
514 6 196
514 7 196
519 1 0
509 6 323
509 7 324
516 3 153
505 6 742
505 7 742
518 2 59
516 4 201
516 5 227
516 6 231
515 3 288
517 3 216
520 2 58
517 4 260
514 1 353
514 13 353
514 14 354
514 15 354
512 3 379
521 2 53
519 2 181
523 1 0
517 5 301
517 7 305
512 4 427
515 3 399
512 7 463
524 1 0
525 1 0
513 5 486
513 6 492
524 2 58
523 2 147
513 1 530
513 15 533
520 5 294
505 30 1076
505 13 1076
505 14 1077
505 15 1077
521 4 272
520 8 315
527 1 0
521 7 312
526 2 104
520 8 350
519 4 471
520 8 366
528 1 0
523 3 322
520 8 433
519 5 558
519 7 562
519 21 564
520 8 480
528 2 111
524 4 304
493 3 1716
512 4 786
523 4 389
519 26 597
519 27 598
519 14 599
519 15 599
522 4 404
493 4 1771
524 5 374
524 7 381
522 5 462
512 5 891
522 6 478
523 5 473
523 6 477
523 7 477
522 8 491
493 6 1816
493 21 1817
530 2 61
512 8 905
522 8 505
522 8 519
528 3 237
522 8 524
533 1 0
523 1 551
523 15 553
526 4 436
528 4 308
526 5 502
526 6 509
526 7 509
530 3 196
528 8 378
512 13 1049
512 15 1052
534 1 0
534 6 15
534 7 15
534 13 19
534 15 19
530 4 239
528 13 405
528 30 405
530 7 297
505 7 1626
505 6 1626
533 3 173
505 13 1629
505 30 1629
505 15 1633
505 14 1633
533 4 199
533 7 229
533 8 315
535 2 68
529 4 708
537 1 0
526 6 1063
536 2 49
539 1 0
541 1 0
541 2 35
541 3 89
541 4 111
540 3 130
541 5 129
541 6 141
543 1 0
539 3 195
529 5 1010
535 3 489
540 6 201
539 4 248
535 4 537
545 1 0
540 8 225
546 1 0
529 1 1130
529 13 1131
539 13 328
539 14 329
542 2 166
542 2 180
540 13 333
540 14 339
529 6 1165
529 7 1165
539 6 353
539 7 353
539 19 366
539 14 370
539 15 370
529 4 1200
535 5 668
535 6 672
535 7 672
539 7 398
539 8 405
547 2 55
529 5 1209
529 7 1213
529 14 1224
535 8 695
539 5 415
539 19 424
539 14 426
539 15 426
539 6 431
541 29 391
541 13 396
541 14 396
541 15 396
549 1 0
550 1 0
529 6 1276
529 7 1276
529 136 1285
529 14 1285
535 30 754
539 8 475
535 14 758
535 15 758
539 34 496
529 136 1303
539 14 499
549 2 37
550 2 40
529 7 1329
529 19 1340
529 14 1341
529 6 1350
529 7 1351
543 3 355
547 3 201
529 136 1362
529 6 1379
549 3 116
552 1 0
550 3 116
529 19 1390
529 7 1402
547 5 263
550 4 154
408 1 7690
547 6 279
547 7 279
547 8 287
547 13 314
547 30 314
547 14 314
547 15 314
541 5 632
544 3 414
549 6 204
549 7 204
550 6 202
550 7 203
543 4 506
553 2 40
550 5 219
555 2 67
541 13 696
541 30 696
541 14 697
541 15 697
543 6 564
539 1 742
539 5 748
539 6 761
539 7 762
539 8 767
553 3 106
554 2 125
554 2 126
554 2 127
554 2 127
554 2 127
543 8 596
539 8 784
544 6 542
544 7 542
554 2 157
555 3 153
543 8 631
543 29 642
543 4 646
543 3 646
553 4 154
553 5 173
553 6 179
553 7 179
544 8 552
555 4 187
554 2 187
553 1 204
553 13 204
553 15 207
553 14 207
556 1 0
555 6 245
556 2 34
555 8 276
544 13 645
556 2 43
544 14 647
552 4 366
554 3 294
554 6 369
554 7 370
554 29 384
552 8 473
552 13 505
552 14 505
557 5 9
557 6 13
557 13 34
557 15 35
558 1 0
547 25 819
547 7 819
560 1 0
548 4 840
544 6 972
544 3 972
564 1 0
548 5 894
551 5 709
551 6 712
565 1 0
563 2 73
567 1 0
551 8 771
547 30 1019
567 2 43
558 3 233
547 14 1019
547 15 1019
569 1 0
570 1 0
558 4 299
569 2 55
567 3 130
570 2 71
571 1 0
558 6 352
559 3 314
571 2 43
566 3 210
563 5 288
563 21 301
558 8 413
558 8 413
569 3 168
563 14 316
566 4 251
567 4 241
572 1 0
559 4 375
559 5 388
559 6 392
559 7 392
563 26 330
565 3 323
574 1 0
560 2 422
562 4 414
572 2 46
569 5 244
569 6 249
530 6 2425
530 7 2426
570 4 258
567 6 343
567 7 343
567 26 355
567 14 356
569 2 276
569 3 290
569 5 295
530 4 2456
530 3 2467
565 6 418
567 26 366
567 14 369
567 15 369
567 25 371
567 7 371
567 26 380
567 27 380
567 14 381
567 25 383
567 6 383
562 6 476
559 8 494
559 19 499
559 34 499
559 14 501
571 5 218
559 6 508
559 7 508
571 7 225
571 6 225
559 8 515
569 6 300
569 7 300
569 13 309
575 1 0
575 1 2
567 27 390
567 15 394
571 4 249
571 3 250
577 1 0
565 13 479
579 1 0
565 14 483
580 1 0
575 2 97
560 3 611
576 2 75
577 2 68
568 5 471
568 6 476
580 5 26
581 1 0
580 7 43
572 3 248
582 1 0
530 6 2614
580 1 57
580 136 58
580 14 67
568 8 525
572 4 281
583 1 0
574 3 275
568 8 562
581 2 86
584 1 0
572 5 316
572 6 318
574 4 321
568 8 618
574 5 359
574 6 364
574 7 364
585 5 10
585 6 18
583 2 126
560 5 773
586 1 0
560 6 789
577 3 255
574 8 407
576 4 284
574 34 421
569 25 643
569 6 643
569 8 654
574 7 442
574 8 448
569 8 661
577 4 318
576 5 343
576 7 354
582 3 248
577 5 348
587 1 0
577 6 350
577 7 350
576 15 374
577 8 367
584 3 238
581 3 313
586 3 170
582 5 324
582 6 330
577 136 429
577 15 432
583 4 336
586 4 203
577 25 438
584 4 318
581 3 399
588 1 0
583 5 382
583 6 398
583 7 398
586 5 260
586 6 263
577 7 506
583 8 416
589 1 0
583 15 426
577 8 552
584 5 414
584 21 422
590 2 104
590 2 108
591 2 41
592 1 0
590 2 116
593 1 0
594 1 0
595 2 25
591 5 176
596 1 0
591 6 180
591 7 180
591 8 196
591 1 205
591 13 205
594 2 87
591 15 205
595 3 84
597 1 0
595 5 161
589 5 383
589 6 398
598 1 0
597 2 73
599 1 0
600 1 0
596 3 185
601 1 0
599 2 69
602 1 0
601 2 40
604 1 0
596 5 294
600 3 162
604 2 75
596 2 315
570 1 1447
601 3 146
596 4 349
596 6 359
601 4 189
597 3 314
597 4 317
599 3 242
601 5 225
601 6 229
597 5 352
605 2 62
600 5 273
600 6 277
601 8 247
600 8 286
601 1 264
601 13 264
601 14 266
601 15 266
597 6 368
599 4 293
597 34 417
602 3 279
603 1 274
597 14 431
604 3 290
597 6 468
597 7 468
597 3 468
597 4 476
597 6 495
597 7 495
575 3 1446
603 2 397
608 1 0
602 2 433
609 1 0
599 5 507
599 6 512
599 7 512
575 4 1501
604 6 448
604 7 448
610 1 0
606 3 147
602 4 518
602 5 526
612 1 0
602 7 542
604 8 538
606 4 207
575 8 1632
604 27 585
603 3 578
612 2 43
606 5 236
575 29 1645
604 14 588
606 7 252
606 8 272
575 8 1676
611 3 160
611 4 185
605 3 562
613 3 164
604 7 710
604 6 710
604 8 717
611 6 228
604 14 736
616 1 0
612 4 213
611 8 286
603 5 770
611 8 290
611 29 290
611 8 291
603 6 787
603 7 787
611 8 306
615 2 56
611 29 307
612 5 267
605 5 664
575 8 1880
603 1 813
603 30 814
603 15 814
611 8 331
611 29 334
611 8 335
612 6 283
612 7 283
613 5 285
613 7 301
604 7 856
616 2 80
612 8 313
619 1 0
605 1 746
605 13 747
617 2 34
613 13 331
613 14 332
613 15 332
605 14 767
605 15 767
612 8 363
612 29 379
612 8 386
619 2 58
619 2 66
612 8 421
615 3 224
612 8 430
617 4 149
613 25 432
613 6 432
618 2 179
617 5 199
617 6 215
617 7 215
616 4 283
615 7 310
623 1 0
619 5 225
617 30 226
617 14 227
617 15 227
624 1 0
619 6 240
622 2 80
615 8 365
616 6 350
625 1 0
615 14 396
624 2 51
626 1 0
616 14 479
620 4 295
628 1 0
618 5 506
618 6 512
618 7 513
600 15 1416
624 6 270
620 7 374
620 8 385
620 4 393
629 1 0
618 8 548
624 14 293
620 5 397
620 6 414
630 1 0
630 2 7
624 14 323
624 15 323
631 1 0
628 2 153
605 25 1375
605 7 1375
605 8 1380
605 14 1396
631 3 132
632 1 0
634 1 0
631 4 188
628 3 347
631 5 229
631 6 235
631 7 235
611 6 1166
611 7 1166
611 8 1189
611 29 1190
611 8 1192
611 29 1203
611 29 1203
611 8 1204
634 2 71
633 3 135
633 6 209
633 7 210
631 8 390
635 1 0
633 8 245
628 6 554
628 7 554
628 21 560
633 8 264
634 3 254
628 30 596
631 8 463
634 4 277
628 14 601
628 15 601
633 13 309
633 14 310
634 5 298
631 8 483
634 6 305
631 19 545
631 136 545
631 14 545
631 6 552
633 6 405
633 8 422
628 5 739
633 13 446
631 8 624
628 21 747
636 1 0
631 8 664
638 1 0
637 7 24
639 1 0
640 1 0
640 5 7
640 6 12
640 7 12
641 1 0
639 2 49
640 15 58
643 1 0
644 1 0
622 3 1351
639 4 213
643 2 61
639 5 245
639 6 248
644 2 71
628 1 1167
639 5 274
628 5 1172
628 5 1174
628 7 1177
637 25 356
637 6 356
637 8 364
641 3 294
648 1 0
644 3 179
643 5 214
622 6 1527
638 3 412
639 3 394
650 1 0
650 1 0
639 5 407
647 2 51
643 6 229
641 5 371
643 8 235
643 29 241
639 7 410
649 2 58
641 7 388
644 5 239
644 6 243
644 7 243
641 8 413
638 4 486
644 8 252
641 13 428
641 30 428
641 15 431
644 8 272
644 8 282
651 1 0
642 3 344
638 6 557
653 1 0
641 6 503
638 8 570
652 5 7
652 6 12
642 4 402
649 3 200
641 30 526
641 15 527
651 2 71
651 2 93
638 13 596
644 14 376
647 2 236
638 7 644
638 26 648
638 27 648
638 14 649
642 5 464
654 2 49
641 7 583
641 13 591
641 30 591
641 14 592
641 15 592
649 5 264
649 7 268
655 1 0
653 2 112
656 1 0
653 2 125
649 8 300
649 8 308
649 8 310
649 8 315
654 3 124
642 3 559
649 8 336
649 8 339
649 8 341
649 8 344
649 8 350
642 25 574
642 5 574
642 6 575
649 8 355
649 8 360
649 8 363
649 8 372
649 8 379
644 7 536
642 25 621
642 5 621
649 5 392
649 6 407
654 6 208
654 7 208
651 4 294
642 25 632
642 6 635
658 2 82
654 8 242
659 1 0
652 8 278
653 4 297
651 5 339
651 7 354
642 5 686
642 2 706
659 2 44
641 7 833
653 5 338
651 13 380
651 14 381
653 6 347
642 25 741
642 6 748
642 7 748
659 3 117
652 8 413
642 8 799
659 4 147
657 3 310
642 5 810
642 7 815
661 2 67
643 8 791
643 8 798
643 8 817
659 6 201
659 7 201
651 6 531
651 7 531
658 4 326
657 4 386
642 1 875
642 15 875
659 29 226
659 8 238
651 8 575
658 5 350
659 8 271
651 8 580
651 8 598
651 8 603
658 6 365
657 5 423
657 6 428
657 7 428
658 21 382
652 1 554
652 13 554
652 30 554
652 15 556
663 1 0
663 5 4
657 8 467
658 7 421
663 6 20
663 7 20
663 8 25
663 8 33
663 8 44
658 8 425
657 13 504
657 14 505
653 5 610
653 6 620
653 7 620
661 3 266
643 8 1026
665 1 0
666 1 0
658 3 490
658 5 510
666 2 39
658 6 525
658 21 527
661 6 335
643 8 1061
658 8 543
658 8 563
658 8 573
642 6 1108
642 7 1108
643 13 1113
643 14 1113
643 15 1113
658 8 583
663 15 200
663 7 212
663 8 220
667 1 0
666 3 130
628 6 2240
628 7 2240
668 1 0
642 26 1193
642 14 1194
665 2 196
628 26 2270
628 27 2271
628 14 2272
666 5 198
642 26 1249
642 14 1252
642 15 1252
628 25 2290
628 7 2290
628 1 2304
628 5 2310
642 6 1255
628 6 2313
628 7 2313
666 4 236
669 1 0
669 1 17
643 6 1275
643 13 1285
643 30 1285
643 14 1286
643 15 1286
669 1 29
669 5 43
667 3 194
668 3 185
667 4 246
667 3 249
667 4 254
664 5 440
664 6 451
672 2 92
674 1 0
664 7 452
675 1 0
675 6 18
675 7 19
668 5 260
668 6 277
668 7 277
670 2 174
673 2 49
675 13 33
664 8 486
675 15 34
677 1 0
667 5 365
667 6 374
667 21 379
673 3 113
674 2 95
668 8 354
659 8 924
664 34 573
676 3 156
670 3 356
671 5 344
671 6 349
671 7 349
677 2 146
671 8 363
670 4 388
671 4 384
671 3 384
678 1 0
672 4 399
679 1 0
676 5 269
676 6 285
665 5 725
675 1 311
665 6 740
665 7 740
675 5 323
675 8 327
675 6 328
675 7 328
670 8 464
678 2 63
670 8 479
670 8 497
679 2 58
672 6 487
672 7 487
682 1 0
678 3 216
674 6 508
674 7 509
682 2 81
674 15 545
677 6 479
677 7 479
679 6 270
679 8 291
679 8 299
679 8 303
679 8 350
677 8 573
678 6 376
674 5 645
674 6 652
674 7 652
679 4 385
677 8 602
678 14 411
678 6 423
678 7 423
684 3 157
686 2 63
677 13 660
677 14 664
684 4 200
682 3 315
683 3 303
683 4 330
674 15 823
683 5 384
683 6 387
682 5 433
683 30 409
686 5 298
686 6 306
686 7 306
686 8 317
687 1 0
682 6 508
682 15 536
408 1 14647
408 5 14656
408 7 14666
686 8 378
687 2 74
680 4 724
680 6 753
408 5 14750
408 7 14759
680 8 792
688 1 0
680 8 811
682 7 712
682 8 715
680 8 817
680 8 829
689 1 0
690 1 11
682 19 718
682 34 719
682 14 719
682 15 726
687 4 258
689 2 60
691 5 19
691 7 24
688 2 113
687 7 324
691 8 37
687 8 352
682 7 839
680 19 989
680 34 989
680 14 990
687 8 363
687 8 366
680 25 995
680 6 995
680 19 1011
680 34 1011
680 15 1015
680 25 1016
680 6 1017
680 7 1017
692 1 0
692 6 8
692 7 8
693 1 0
691 1 171
689 3 258
692 8 52
682 5 979
682 6 993
682 7 993
695 1 0
692 15 111
694 2 79
695 2 57
696 2 50
689 5 394
697 1 0
689 6 397
689 4 424
697 2 67
699 1 0
695 4 175
698 2 84
694 5 255
694 6 258
694 7 258
694 21 262
695 5 238
700 1 0
696 3 234
695 8 299
695 29 305
700 2 48
701 1 0
702 1 0
702 6 5
702 1 7
702 14 8
702 15 8
700 2 55
703 1 0
697 6 270
697 7 270
701 2 53
704 1 0
703 2 28
697 8 295
697 34 305
697 15 308
696 6 376
696 7 376
703 3 61
705 1 0
703 4 74
698 3 329
704 2 61
703 8 102
700 3 182
696 8 413
696 1 421
696 13 421
696 14 422
696 15 422
700 4 227
706 1 0
696 25 458
696 8 461
696 8 465
696 8 497
700 5 276
706 2 60
696 8 505
709 1 0
698 5 492
688 5 930
688 6 944
688 7 944
710 1 0
698 6 501
705 3 218
698 8 547
711 1 0
688 8 984
710 2 63
704 6 288
712 1 0
712 5 2
704 13 316
704 15 316
712 8 5
712 7 5
712 30 14
712 14 14
712 15 14
705 5 303
706 3 241
712 25 48
712 6 48
712 13 52
712 30 52
705 6 319
705 7 320
705 29 342
712 14 52
712 15 52
704 1 423
710 3 214
712 6 121
710 4 256
706 5 390
704 3 491
704 4 498
704 7 508
704 13 512
704 14 513
704 15 513
710 6 303
710 2 322
710 25 326
710 5 326
710 6 329
710 5 331
710 6 333
713 1 0
714 1 0
711 3 321
715 1 0
711 6 418
711 7 418
719 1 0
714 2 126
711 8 494
720 1 0
711 6 526
711 8 548
675 8 2676
675 6 2676
711 8 570
675 29 2706
675 13 2725
675 30 2725
675 14 2725
714 3 271
721 1 0
719 3 245
713 3 356
720 3 197
714 5 348
714 7 352
714 8 369
719 4 283
647 1 4097
722 1 0
723 1 0
714 19 379
714 14 380
724 1 0
714 25 388
714 6 388
647 2 4132
714 8 418
714 29 421
713 5 447
713 6 453
713 7 453
722 2 53
720 4 270
723 2 53
723 2 54
719 5 359
719 6 367
720 6 313
720 7 313
720 21 315
720 8 326
714 19 475
714 15 480
714 6 488
725 2 51
720 8 342
714 8 500
714 29 507
714 29 518
714 8 528
725 2 53
713 8 528
727 1 0
720 8 365
714 29 529
728 1 0
723 3 165
725 3 132
723 4 206
728 2 49
729 5 5
729 6 12
729 7 12
729 19 25
729 14 25
729 25 31
729 7 31
729 6 31
729 136 34
729 14 35
729 25 39
729 7 39
730 1 0
723 6 251
723 5 268
723 6 270
726 2 144
633 7 5337
633 30 5343
633 14 5343
723 4 275
723 3 275
727 2 160
722 4 307
725 5 242
725 7 245
722 6 321
725 13 254
725 30 254
725 14 256
725 15 256
730 2 49
731 1 0
731 5 2
731 6 6
731 7 7
722 1 357
722 13 357
722 30 357
722 15 358
732 1 0
731 1 54
731 13 55
731 30 55
731 14 55
731 15 55
728 3 223
730 3 147
730 5 198
728 5 322
728 8 337
727 5 453
727 7 456
727 8 476
727 8 488
727 8 506
727 8 513
735 1 0
736 1 0
728 13 553
728 14 554
728 15 554
726 3 594
737 1 0
726 4 631
733 4 310
726 5 655
726 7 658
733 5 348
738 1 0
739 1 0
739 6 4
739 7 4
739 1 13
739 13 13
739 30 13
739 14 14
737 2 72
731 1 497
733 6 359
731 6 503
731 1 515
731 13 516
731 30 516
731 15 517
733 8 400
740 1 0
740 5 5
740 6 10
731 5 550
731 6 556
731 7 556
724 4 881
738 2 98
741 1 0
742 1 0
733 13 446
733 14 446
733 15 446
625 2 6406
741 5 4
741 7 8
741 6 8
731 13 596
731 30 596
731 14 596
731 15 596
712 3 1623
742 2 64
743 1 0
724 6 968
744 1 0
744 5 4
733 6 549
724 8 1019
733 13 582
733 30 583
733 14 583
734 4 378
733 1 600
733 5 606
733 7 615
625 2 6557
738 3 271
734 6 407
734 7 407
724 1 1092
724 14 1094
724 15 1094
733 8 626
733 14 640
734 8 441
625 3 6592
737 5 410
625 4 6636
746 1 0
746 5 3
734 8 478
737 6 425
737 7 425
746 6 12
746 7 12
746 13 24
746 15 25
747 1 0
734 19 510
734 34 510
734 15 512
712 6 1874
712 7 1875
734 6 533
734 7 533
733 1 746
625 6 6685
625 7 6685
733 5 751
733 6 760
734 8 538
734 14 544
748 1 0
733 13 782
733 30 782
733 14 786
733 15 786
712 3 1923
712 25 1941
712 5 1941
712 7 1943
712 8 1957
712 19 1963
712 34 1963
712 26 1975
712 14 1976
712 15 1976
747 2 110
752 1 0
750 2 63
745 3 265
752 2 67
711 13 2214
711 15 2215
753 1 0
751 3 158
745 4 350
731 1 1176
731 5 1178
754 1 0
755 1 0
755 5 4
750 4 242
755 6 10
751 4 221
752 4 212
753 2 67
751 5 244
751 6 248
750 5 300
750 7 308
753 2 99
751 8 267
756 1 0
756 5 2
750 8 347
756 8 21
756 8 25
757 2 57
750 8 368
750 14 376
749 4 411
747 5 472
747 6 474
758 1 0
731 13 1344
731 30 1344
731 14 1344
750 8 397
737 8 978
625 8 7193
625 8 7210
750 8 448
759 1 0
760 1 0
737 13 995
759 2 45
757 3 180
751 6 483
751 8 486
749 5 592
749 6 600
749 7 600
761 1 0
761 5 6
761 8 18
757 5 246
757 6 249
757 7 249
757 13 261
757 14 262
757 15 262
763 1 0
761 29 36
761 29 48
757 25 285
757 6 285
757 7 285
759 3 165
761 19 59
761 14 62
761 15 62
761 7 72
762 2 52
757 25 315
759 4 192
763 2 48
756 19 323
756 34 323
756 6 333
757 25 331
759 7 230
764 1 0
756 6 352
756 7 352
757 5 380
759 1 247
759 14 248
759 6 258
759 7 258
759 3 261
764 2 53
763 3 152
762 3 174
757 7 451
757 21 453
757 30 468
763 4 205
762 5 243
763 6 244
762 6 247
762 7 247
762 8 282
757 7 541
757 14 551
760 2 474
765 3 206
764 3 291
769 1 0
765 4 265
763 8 420
749 1 1085
770 1 0
764 4 370
760 7 640
760 8 651
771 1 0
764 6 424
764 7 425
760 1 656
760 13 657
760 14 658
760 15 658
749 6 1161
749 7 1162
770 2 61
764 21 426
771 2 54
764 13 482
764 30 483
764 14 483
772 1 0
768 3 229
772 2 65
774 2 46
728 6 2391
728 8 2396
770 3 194
768 4 279
773 2 95
776 1 0
728 14 2401
728 15 2401
777 1 0
771 3 234
772 3 192
771 4 293
770 4 320
771 6 314
774 4 204
770 7 349
766 1 637
774 5 242
780 1 0
770 14 392
770 15 392
774 7 246
776 2 170
775 4 232
772 4 313
773 3 297
775 6 287
775 7 287
775 8 301
779 2 146
772 5 357
772 7 373
768 7 606
781 4 129
776 3 353
779 3 241
773 5 490
773 6 494
779 4 278
784 1 0
776 13 448
776 30 448
776 14 452
786 1 0
773 8 603
773 8 651
783 3 152
787 1 0
786 1 183
785 5 212
785 7 215
785 29 249
787 3 198
788 2 187
788 2 196
788 2 199
788 2 199
768 8 1068
768 1 1073
768 13 1073
768 14 1073
768 15 1073
790 2 31
788 2 207
788 2 216
787 5 253
787 6 258
787 7 259
791 2 35
787 8 281
788 2 273
791 6 91
788 2 320
792 1 0
788 2 332
793 1 0
790 5 191
788 2 380
792 2 57
793 25 38
790 6 198
790 8 220
794 1 0
795 1 0
790 8 240
794 2 47
796 1 0
793 25 121
795 2 74
797 1 0
793 25 188
787 15 578
793 25 211
793 4 211
788 5 577
788 6 584
797 2 54
793 5 221
793 21 231
788 8 610
793 8 250
795 2 230
794 4 298
798 2 84
794 7 328
792 3 372
794 1 361
797 3 203
800 1 0
794 14 362
801 1 0
802 1 0
792 4 470
797 6 315
797 7 315
792 5 531
792 6 534
802 2 95
798 3 274
797 2 351
800 3 168
804 1 0
803 2 57
790 8 757
790 8 766
798 4 314
768 7 1826
768 8 1827
768 8 1839
805 1 0
800 4 216
800 5 232
790 13 773
790 14 775
804 2 49
801 3 189
800 6 238
800 8 260
797 2 468
801 4 218
798 5 398
798 7 405
801 6 250
801 8 259
790 6 880
797 3 537
797 4 543
801 8 275
804 3 163
801 8 316
804 5 296
804 6 300
802 5 454
802 6 456
794 6 847
802 2 494
808 1 0
809 1 0
805 4 407
811 1 0
805 6 452
812 1 0
802 3 663
814 1 0
809 2 119
802 4 693
806 4 221
811 2 89
813 2 63
802 5 711
802 6 727
806 7 265
805 8 563
806 8 285
817 1 0
815 2 99
815 2 115
807 3 283
818 1 0
808 2 300
808 2 303
813 3 193
813 4 238
807 5 400
819 1 0
807 6 406
807 7 406
807 8 419
815 3 267
811 3 328
808 3 404
807 13 451
807 14 454
813 6 312
813 7 312
808 4 432
811 4 387
813 8 345
821 1 0
813 4 373
822 1 0
808 5 514
820 2 94
815 6 389
815 7 389
809 3 526
808 7 521
818 3 228
808 8 528
823 1 0
822 2 49
808 8 564
815 8 429
811 5 495
811 7 499
808 8 596
818 3 302
825 1 0
826 1 0
825 2 22
825 2 28
809 5 598
809 7 602
824 2 37
818 4 321
815 13 514
815 30 514
815 14 514
815 15 514
822 3 162
790 1 1810
790 5 1811
809 8 656
823 2 122
818 5 394
818 6 400
826 2 96
825 3 100
790 19 1833
790 14 1835
790 14 1838
818 8 413
822 4 210
825 5 143
827 8 19
809 8 732
825 6 151
825 7 151
825 8 163
827 1 34
827 34 35
827 15 37
826 4 189
825 8 196
809 4 788
809 3 790
828 1 0
818 4 517
818 3 519
818 3 521
825 8 210
826 5 215
826 6 218
825 8 232
826 4 229
820 4 408
809 1 851
809 6 861
809 7 861
794 4 1775
818 4 578
818 5 583
821 6 383
821 7 383
818 7 587
819 3 544
808 8 967
808 13 992
808 14 992
808 15 992
820 5 561
820 7 565
820 21 568
820 1 599
820 13 599
820 14 599
820 15 599
823 4 456
819 7 663
829 1 0
819 14 707
808 7 1091
808 30 1115
808 15 1116
777 1 2989
777 5 2993
777 6 2999
777 7 2999
777 1 3003
777 29 3013
777 8 3014
777 8 3022
777 8 3027
831 2 54
832 1 0
777 8 3075
777 29 3078
777 8 3079
777 29 3082
777 29 3089
777 8 3095
777 29 3099
823 5 653
823 7 656
830 4 117
833 1 0
829 2 194
834 1 0
829 2 208
835 5 5
835 1 18
835 5 22
836 1 0
835 6 29
835 7 29
837 1 0
835 6 82
777 29 3230
777 29 3231
777 13 3240
835 19 98
835 14 99
835 7 104
835 19 108
835 6 114
835 7 114
833 4 120
829 3 329
834 2 135
835 8 118
837 2 78
833 3 153
839 1 0
833 5 158
829 4 367
832 5 285
832 6 288
832 8 297
808 25 1495
808 7 1495
831 6 381
831 7 381
808 8 1516
832 8 343
829 14 478
829 15 478
808 8 1549
808 13 1595
808 14 1595
808 15 1596
831 8 498
831 19 509
831 34 509
837 4 333
840 1 0
837 6 376
837 7 376
837 8 396
835 1 478
835 8 499
835 7 499
837 4 441
829 7 700
829 8 703
834 6 516
834 7 516
834 21 520
835 19 514
838 3 451
841 2 70
843 2 36
844 1 0
842 2 63
842 2 78
846 1 0
838 4 583
845 2 49
841 5 321
841 7 327
842 4 246
848 1 0
849 1 0
850 1 0
845 5 227
845 6 234
851 1 0
841 8 403
849 5 7
849 7 15
850 2 34
849 30 48
849 14 49
852 1 0
844 4 391
850 3 165
850 4 202
853 1 0
850 5 241
850 6 256
850 13 294
850 15 294
844 5 593
844 6 600
850 7 357
849 6 368
849 7 368
854 1 0
854 2 61
850 8 502
850 13 504
850 15 505
844 8 786
844 8 823
844 8 853
855 2 24
855 2 43
854 4 341
857 2 59
844 8 1160
854 5 523
854 6 538
854 7 538
844 14 1262
844 15 1262
857 3 170
844 25 1295
844 6 1295
857 4 209
844 13 1359
844 14 1360
844 15 1360
858 1 0
857 5 280
841 13 1601
841 30 1602
841 15 1602
854 1 823
854 13 824
857 8 382
857 29 387
844 25 1510
844 7 1511
860 1 0
844 8 1593
860 2 48
862 1 0
861 2 52
859 3 327
864 1 0
863 2 42
862 2 86
865 1 0
863 3 105
866 1 0
863 5 146
862 3 187
866 1 3
863 8 166
738 5 7544
738 6 7552
860 5 325
860 6 330
860 7 331
863 29 194
866 2 60
857 8 835
861 3 329
863 2 258
863 5 264
863 6 267
863 7 267
862 6 315
862 7 315
860 13 399
860 30 399
860 14 400
860 15 400
863 8 273
863 1 291
863 19 291
863 14 292
863 6 300
863 7 300
738 8 7682
867 2 62
865 4 207
844 13 2034
844 14 2036
844 15 2036
844 25 2043
844 6 2043
844 7 2043
863 19 306
863 7 315
863 8 316
863 13 324
863 15 327
863 14 327
861 6 419
844 29 2063
844 8 2069
844 15 2077
844 7 2090
862 1 402
865 5 281
844 15 2098
738 8 7774
869 1 0
865 6 289
865 21 290
865 1 311
865 13 311
865 30 312
870 1 0
865 15 312
862 1 444
862 30 444
862 15 444
867 4 195
871 1 0
768 8 6346
866 5 303
866 7 311
861 29 551
861 8 553
768 8 6355
768 8 6359
768 8 6362
870 2 94
866 4 345
866 5 348
866 6 355
861 8 581
738 6 7891
738 7 7891
872 1 0
865 25 418
865 7 418
866 8 374
866 14 387
866 15 387
861 8 598
738 8 7909
865 27 434
865 14 435
865 15 435
768 8 6425
768 8 6433
867 14 319
867 15 319
861 8 634
861 8 647
869 2 182
862 6 608
861 8 666
876 1 0
875 2 56
865 25 502
865 6 502
862 8 629
862 13 641
862 14 641
862 15 641
866 6 459
866 7 460
866 8 461
866 15 465
866 25 489
866 8 491
866 26 496
866 14 498
866 6 503
866 7 503
866 8 505
866 26 511
866 14 513
866 6 519
866 7 519
866 8 523
866 25 531
866 5 532
866 6 540
877 1 0
878 1 0
866 8 544
866 19 556
866 14 558
866 15 558
866 15 564
866 6 565
877 2 44
876 3 137
861 8 843
875 4 216
866 8 659
876 4 200
880 1 0
879 2 71
870 3 418
877 3 133
875 6 289
870 5 455
870 7 459
876 5 260
876 7 274
869 4 462
869 3 471
869 4 476
877 6 207
877 7 207
876 30 302
876 14 302
876 15 302
869 6 497
861 8 996
869 8 516
869 8 536
869 13 567
869 30 567
869 14 568
880 3 194
882 1 0
882 5 4
879 3 236
882 7 11
869 6 616
869 7 616
883 1 0
873 5 499
873 7 510
885 1 0
879 5 290
879 21 295
869 8 669
869 34 679
869 14 681
880 4 322
887 1 0
886 6 15
879 19 359
879 136 359
879 14 361
886 8 24
886 8 28
844 25 2868
844 6 2868
884 2 74
886 8 45
844 8 2874
844 13 2879
844 30 2879
844 14 2880
844 15 2880
880 5 358
880 6 361
880 7 361
887 2 59
886 34 68
886 14 68
880 4 399
880 5 401
880 6 404
880 19 406
880 15 409
880 25 416
880 6 416
880 7 416
880 8 428
880 8 434
880 8 442
884 3 190
881 3 257
880 19 458
880 34 458
880 14 458
880 6 462
880 7 462
880 8 465
881 4 276
884 4 221
878 3 588
883 6 280
884 5 259
881 5 319
881 6 324
881 7 324
884 6 268
884 7 268
878 4 633
883 19 290
883 14 291
883 6 298
884 8 277
884 8 292
881 8 363
883 8 336
888 1 0
881 13 391
881 14 391
878 6 684
878 7 685
884 8 337
884 8 354
844 7 3184
844 8 3188
881 6 483
881 13 511
881 15 512
844 29 3256
844 8 3261
844 8 3282
844 8 3314
889 1 0
844 8 3335
890 1 0
883 4 599
889 2 43
782 5 7064
782 6 7071
890 2 49
891 1 0
892 1 0
892 2 64
893 2 65
894 5 8
894 7 13
894 8 27
894 29 34
894 13 47
894 14 48
844 13 3537
844 15 3538
888 4 454
895 1 0
889 4 227
896 1 0
888 6 529
888 7 529
889 5 283
889 7 285
844 25 3632
844 6 3633
844 8 3638
888 8 561
886 1 826
889 8 323
886 25 845
892 3 274
886 6 853
886 8 864
889 19 352
889 14 354
889 6 364
889 4 365
889 3 366
844 13 3687
844 14 3687
890 6 396
890 7 396
891 4 329
890 8 424
891 5 354
892 4 371
899 1 0
897 2 76
896 3 176
900 1 0
891 6 371
891 7 371
891 21 373
899 2 35
892 5 443
898 2 80
896 4 233
891 30 436
891 14 436
892 6 452
892 7 452
896 7 297
898 3 184
897 4 247
901 1 0
899 5 206
899 6 209
899 7 209
897 5 286
901 2 49
899 6 225
899 7 225
899 19 237
899 14 237
899 6 244
899 19 250
899 7 252
898 5 268
897 6 291
897 8 307
897 8 315
900 3 252
898 6 281
898 7 281
899 4 261
898 8 300
897 8 327
844 6 4054
844 7 4054
844 8 4062
844 13 4071
844 14 4073
844 15 4073
902 1 0
901 3 136
900 4 300
891 25 690
900 5 336
901 4 179
900 8 364
900 8 371
891 8 726
900 8 394
900 8 401
900 8 407
900 8 412
900 8 419
900 19 430
901 5 293
900 14 433
900 15 433
900 8 441
900 8 446
900 34 455
900 14 456
901 7 308
900 8 464
900 8 466
900 8 469
904 1 0
891 19 947
891 34 947
891 14 948
905 1 0
904 3 173
906 1 0
907 1 0
904 5 423
904 21 428
904 8 455
908 5 5
908 7 8
908 8 13
909 1 0
907 3 208
910 1 0
908 14 70
908 15 70
907 4 263
904 1 592
904 19 593
904 34 593
887 1 2328
887 2 2376
912 4 139
912 5 152
912 6 157
912 7 157
912 19 179
912 34 179
912 14 182
912 15 182
912 6 189
912 7 189
912 19 202
912 34 202
912 14 202
912 7 205
913 2 197
907 8 695
907 4 763
907 6 769
907 7 769
915 2 81
916 1 0
887 4 2673
916 2 69
887 7 2755
914 5 404
887 8 2808
887 19 2833
917 1 0
887 14 2849
887 7 2858
887 19 2866
887 136 2866
850 1 5474
850 5 5477
914 8 501
915 5 448
915 7 451
918 2 66
916 3 336
913 3 752
917 3 217
916 5 471
916 7 479
919 1 0
920 1 0
917 19 391
917 14 391
918 5 342
917 7 405
917 19 409
921 1 0
918 6 346
922 1 0
921 3 173
921 4 203
924 1 0
924 8 11
924 6 11
924 7 11
923 2 165
921 6 232
924 8 25
924 14 34
926 1 0
920 3 317
925 2 56
921 30 308
921 15 309
920 4 359
922 4 244
926 2 41
927 1 0
927 13 0
919 4 365
921 25 330
921 6 330
921 8 334
926 3 100
922 5 304
927 6 14
927 7 14
922 6 310
922 7 310
921 8 391
922 8 343
922 19 359
922 14 359
919 6 478
919 7 479
926 6 163
922 6 375
922 7 376
922 13 385
922 14 385
922 15 385
923 3 404
920 7 503
926 13 195
926 14 195
919 13 525
919 15 526
920 8 529
925 3 244
920 8 571
923 4 502
925 4 318
925 5 362
920 1 645
920 14 646
930 1 0
928 3 306
922 7 617
925 8 445
922 13 628
922 14 629
922 15 629
919 6 725
919 3 742
925 19 479
925 136 479
925 14 481
925 15 481
930 2 61
929 3 191
887 6 4073
887 7 4074
920 6 919
920 7 919
929 5 327
929 7 336
928 5 549
928 6 552
928 7 552
929 1 369
930 3 270
920 8 997
928 1 576
929 6 389
929 7 390
928 15 589
929 8 427
929 8 441
929 8 454
929 8 460
929 8 464
930 5 365
930 6 368
931 1 0
929 19 475
929 34 475
929 14 485
932 1 0
930 19 414
930 136 414
930 14 415
933 1 0
930 6 441
930 14 454
930 6 462
930 7 462
930 14 475
932 2 64
936 1 0
937 1 0
938 1 0
939 1 0
938 3 116
938 4 154
938 5 171
941 1 0
942 1 0
943 1 0
944 1 1
940 4 322
940 7 350
940 6 350
944 2 57
940 5 368
940 6 372
940 7 372
940 13 387
945 1 0
945 5 7
945 6 10
880 7 6206
946 2 35
945 2 108
880 34 6226
880 15 6228
944 3 426
946 4 154
945 4 212
946 5 182
945 19 257
945 14 259
946 8 217
944 5 604
945 14 274
945 15 274
944 6 607
947 1 0
947 1 0
947 5 3
945 6 371
947 6 21
948 1 0
944 8 749
944 8 821
948 2 182
944 29 892
949 6 179
949 7 179
951 1 0
952 1 0
949 8 203
950 2 96
952 2 68
952 2 75
952 2 82
948 5 444
948 6 449
953 1 0
950 4 299
950 5 388
952 4 326
950 6 393
950 7 393
953 2 136
953 2 137
950 8 422
950 8 444
955 1 0
954 3 137
956 1 0
954 4 168
955 2 86
954 5 209
953 3 390
954 6 214
954 14 238
954 6 246
954 7 246
954 8 249
954 8 263
955 3 178
954 8 286
956 2 154
954 19 301
954 34 301
958 1 0
954 6 308
954 7 308
954 8 315
954 19 323
954 7 327
954 4 328
955 5 284
955 6 286
955 7 287
955 8 307
955 8 322
959 2 72
957 2 186
956 3 417
960 1 0
960 1 2
960 1 4
961 1 0
952 1 1041
958 29 381
959 3 345
952 5 1173
952 6 1183
956 5 661
956 6 670
956 7 670
956 8 684
956 26 706
956 14 707
956 6 716
952 1 1229
952 14 1231
959 5 460
956 26 733
956 27 733
956 15 734
959 7 468
956 6 753
956 29 763
959 13 498
959 15 499
960 4 369
956 8 800
956 8 800
956 29 801
956 4 826
956 5 837
961 4 336
960 5 435
956 7 845
959 30 595
959 14 595
959 15 595
961 5 377
960 7 441
960 8 458
961 6 385
961 7 386
960 8 486
956 8 927
965 1 0
961 8 466
960 8 563
966 3 172
966 4 225
959 6 1016
966 5 271
966 6 279
966 7 279
966 8 286
966 13 297
966 14 297
966 15 297
968 1 0
959 4 1018
959 7 1028
959 13 1084
959 30 1084
959 14 1085
959 15 1085
969 1 0
959 6 1143
959 7 1143
959 13 1165
959 30 1165
959 14 1166
959 15 1166
972 1 0
971 2 95
973 2 57
974 2 35
959 7 1358
967 2 590
959 14 1387
969 6 322
971 2 195
970 3 273
959 7 1427
969 6 356
969 7 356
975 1 0
973 3 154
974 3 135
974 4 164
972 3 218
967 3 717
973 4 208
974 5 178
974 7 182
974 8 190
967 4 752
973 5 238
970 5 413
970 7 417
974 13 229
974 30 229
974 14 230
974 25 235
974 6 236
974 7 236
972 4 316
967 5 800
976 1 0
977 1 0
972 5 371
972 6 382
978 1 0
967 1 911
978 2 43
974 13 364
974 14 366
972 8 428
972 29 475
972 34 485
977 4 169
977 5 189
977 6 192
977 8 230
979 1 0
977 8 248
977 13 264
977 14 265
977 15 265
979 6 15
978 6 350
978 7 350
978 19 375
978 14 375
978 14 388
980 1 0
980 2 110
980 4 340
980 5 432
980 6 436
980 7 436
981 2 103
983 1 0
984 1 0
981 3 257
985 1 0
986 1 0
986 2 48
987 1 0
981 5 476
988 1 0
981 6 482
981 7 482
988 2 79
985 3 196
989 1 0
985 4 231
985 5 296
985 6 304
989 4 122
985 4 351
989 5 150
989 8 188
990 2 160
990 3 378
986 4 693
986 5 746
986 6 754
986 8 769
986 3 820
986 4 834
986 5 836
986 6 845
986 4 849
986 3 850
986 3 858
986 4 860
986 5 863
991 1 0
992 1 0
994 1 0
986 8 883
991 2 42
994 2 48
995 2 57
992 6 160
986 1 1031
986 19 1031
986 14 1031
986 14 1049
994 5 175
994 6 183
994 7 183
992 14 218
992 15 218
995 3 169
994 8 257
994 8 265
994 8 271
994 13 279
994 14 280
994 15 280
995 4 242
995 5 261
995 6 277
995 7 277
996 2 64
996 2 74
996 2 74
996 2 84
