0 6 270
0 7 270
0 8 320
9 2 90
9 2 100
9 4 196
9 7 229
9 8 250
10 2 126
10 5 410
10 15 429
12 2 145
10 7 674
16 6 249
12 4 596
20 1 0
12 5 718
12 6 727
17 14 507
22 2 37
20 21 404
23 1 0
24 5 6
24 7 11
24 1 131
24 28 131
24 5 267
24 8 302
24 29 308
24 29 325
32 3 149
33 5 354
33 14 409
33 25 418
33 14 450
33 15 450
35 2 70
35 8 327
35 8 364
36 5 307
36 8 323
35 1 383
35 19 383
36 5 356
36 6 365
36 5 389
33 1 1294
33 6 1302
38 21 452
40 2 81
40 3 241
38 6 946
38 7 946
38 14 969
40 4 325
40 5 380
40 6 382
40 21 385
40 1 414
40 19 414
40 25 426
40 19 429
40 14 431
40 15 431
40 6 442
41 2 68
41 3 204
41 5 365
43 1 0
41 8 510
42 6 305
42 21 307
42 14 325
42 6 341
44 3 264
44 4 318
44 6 390
45 4 168
45 5 187
47 4 192
46 7 418
47 6 238
46 19 439
48 7 327
50 4 198
52 1 0
53 1 0
53 5 244
53 7 247
53 14 274
53 15 274
53 6 288
53 7 289
53 14 302
53 15 302
53 13 335
55 2 41
55 3 179
55 6 269
56 4 533
56 21 609
59 1 0
58 3 219
60 1 0
58 4 254
58 5 288
61 1 0
62 1 0
62 2 58
59 14 323
62 3 174
62 5 255
63 1 14
62 7 265
64 2 40
64 3 136
64 5 196
64 6 199
64 8 218
64 8 241
64 8 252
64 1 280
64 15 284
63 4 935
65 5 16
66 2 60
66 5 327
66 8 353
66 13 373
66 30 373
66 14 374
66 15 374
67 1 0
70 1 0
70 2 97
71 1 0
70 7 388
71 5 247
71 7 252
72 2 133
74 1 0
73 2 63
74 2 64
72 6 353
72 7 354
72 8 372
75 1 0
73 3 202
74 3 180
75 2 74
70 8 1123
70 6 1144
70 8 1165
72 4 545
74 6 270
74 7 270
76 5 439
76 19 485
76 34 485
76 14 485
76 6 500
76 7 501
76 8 502
79 2 78
81 1 0
81 2 54
82 14 26
81 4 151
77 13 805
79 8 548
79 8 560
79 8 637
79 29 655
79 8 657
79 8 700
79 19 745
82 13 607
82 30 607
82 14 609
79 29 774
79 29 812
84 1 0
84 8 37
85 1 0
86 1 0
86 2 59
86 7 212
86 8 227
88 1 0
86 8 330
89 2 67
77 7 3031
89 5 306
89 6 312
89 14 366
88 2 548
93 1 0
93 2 31
94 2 56
91 6 415
91 7 415
93 4 110
91 8 461
93 7 142
91 8 468
88 4 861
94 4 211
91 19 565
94 5 232
94 6 246
94 7 246
97 1 0
96 4 158
98 1 50
99 2 119
97 6 428
100 2 112
101 3 147
97 8 540
97 8 555
99 3 337
102 1 0
99 5 592
100 4 487
99 19 626
102 4 242
102 5 335
106 5 255
106 7 265
107 2 73
106 1 292
106 13 293
106 15 294
108 1 0
105 6 367
105 7 440
106 6 448
108 3 204
100 6 1133
100 8 1141
111 1 0
110 3 119
100 25 1215
110 7 164
100 7 1216
100 19 1224
100 14 1235
100 15 1235
110 15 173
111 2 122
100 1 1335
100 5 1362
113 1 0
100 6 1372
113 6 10
113 8 16
100 14 1402
100 15 1402
112 4 265
115 1 0
114 2 48
111 3 482
116 1 0
114 6 208
114 7 208
115 3 301
111 4 763
115 4 393
112 1 822
115 6 473
115 13 554
118 2 31
117 2 112
121 2 74
118 21 213
112 1 1123
112 5 1125
112 29 1139
118 13 260
118 14 260
112 7 1162
117 6 337
117 7 337
117 1 359
122 1 0
123 1 0
118 30 375
120 21 379
120 6 414
121 4 405
125 1 0
125 5 6
125 6 9
126 2 32
122 4 289
126 2 104
124 3 335
123 8 460
126 3 272
124 6 460
124 8 471
124 14 479
124 25 483
124 8 490
124 19 492
131 1 0
123 1 552
123 13 553
123 14 557
126 6 341
124 6 559
124 7 559
124 15 570
124 6 571
127 4 507
135 136 72
135 14 77
135 15 77
135 14 93
127 7 551
134 2 147
131 5 288
133 6 231
133 8 238
131 6 295
131 8 313
135 6 263
131 6 418
131 7 418
131 13 422
138 1 0
139 1 0
140 1 0
143 1 0
141 2 131
115 15 2091
143 4 246
141 4 312
141 5 346
143 5 292
143 6 304
143 7 304
141 8 413
139 4 550
122 6 1583
139 5 628
139 6 632
139 7 633
139 30 708
139 15 711
150 2 42
151 1 0
145 3 178
146 3 174
146 5 199
145 7 275
150 3 176
152 1 0
145 14 320
145 15 320
146 25 306
150 4 228
146 8 336
154 1 0
150 5 255
122 8 2035
155 6 12
155 7 12
146 8 402
122 14 2042
155 8 34
146 8 422
156 3 150
156 4 179
159 2 40
156 7 228
156 6 228
161 1 0
158 4 173
158 5 204
158 6 208
160 3 193
151 3 609
163 1 0
160 4 221
158 14 259
158 15 259
158 6 273
158 7 274
158 8 277
144 7 1212
164 1 0
159 8 238
158 6 302
158 8 308
144 8 1244
159 8 289
152 14 647
168 6 23
157 4 513
151 7 844
151 21 847
169 2 58
144 8 1489
167 2 128
171 1 0
167 3 241
170 4 133
169 4 244
167 5 314
169 8 268
165 3 487
169 25 304
169 5 305
169 6 311
167 13 372
175 1 0
176 3 3
177 1 0
165 4 571
166 7 528
170 136 303
170 19 303
170 7 308
169 2 394
166 15 540
177 2 47
178 1 0
170 19 326
144 13 1891
144 14 1892
174 2 247
165 8 700
177 3 169
170 14 436
180 1 0
175 6 222
175 7 222
169 3 573
182 2 31
177 7 271
174 3 397
165 4 882
177 14 369
177 15 369
173 3 491
165 14 950
165 7 955
165 8 959
182 4 207
166 7 917
151 1 1593
151 5 1605
165 8 969
169 7 775
181 4 235
178 3 395
182 6 265
181 5 305
185 6 18
185 7 18
181 6 320
181 7 320
182 8 311
182 29 314
186 1 0
185 6 30
185 8 31
185 19 40
185 14 41
185 8 46
173 3 719
185 6 69
183 2 350
185 7 96
185 2 117
185 5 131
183 2 399
179 25 471
179 5 472
185 8 156
185 8 160
178 5 632
179 25 499
185 14 184
178 6 648
178 7 648
188 1 0
178 8 766
164 2 1402
178 29 821
189 1 0
184 1 560
178 8 873
184 2 598
190 2 71
194 1 0
184 5 768
192 3 84
195 1 0
184 15 791
193 2 62
192 13 167
192 30 167
189 5 364
198 1 0
192 7 189
192 15 201
194 4 181
189 7 380
199 1 0
189 21 383
189 8 387
194 7 228
194 8 240
164 3 1875
189 14 440
198 2 86
194 29 277
193 6 288
193 21 293
190 5 428
190 7 444
193 14 319
199 6 187
202 2 58
203 1 0
199 8 218
204 5 10
196 1 338
196 19 338
196 14 340
200 7 199
197 3 341
204 1 26
200 8 213
200 29 217
200 13 257
200 15 258
164 7 2157
202 5 221
202 6 237
164 8 2199
202 8 296
202 8 340
195 6 597
195 7 597
207 1 0
208 1 0
195 8 630
200 6 470
208 5 6
200 30 474
203 2 321
201 8 556
201 14 573
210 1 0
203 3 551
205 3 499
198 3 812
210 2 87
211 2 35
203 4 588
203 5 618
192 7 1089
211 4 143
198 5 962
211 5 172
211 6 182
205 15 679
198 13 1005
198 30 1005
198 14 1007
209 3 326
213 6 23
213 7 23
209 4 371
203 8 865
210 6 444
215 2 65
178 4 2320
178 5 2342
178 21 2347
210 8 496
218 1 0
213 29 203
210 1 523
209 8 543
210 30 526
210 14 533
210 15 533
178 1 2402
216 4 184
209 8 559
209 13 565
210 7 553
217 4 145
209 7 604
209 30 609
216 6 223
203 8 1075
203 8 1087
220 1 0
219 2 46
217 8 188
209 25 652
209 13 659
209 15 659
212 6 488
203 14 1141
203 15 1141
209 14 683
215 6 353
217 25 267
217 8 275
219 4 153
221 2 100
219 5 178
219 8 202
222 6 42
222 7 43
219 14 207
223 1 0
217 25 411
217 15 461
221 3 250
214 6 575
224 2 81
217 13 553
217 15 554
222 7 240
222 8 256
222 8 280
226 1 0
222 14 296
228 1 0
224 2 243
224 3 262
214 13 842
229 2 50
231 1 0
225 3 312
232 5 20
232 7 31
234 1 0
231 2 88
225 5 433
229 4 186
229 6 263
225 8 524
225 8 545
229 8 279
236 1 0
238 1 0
237 2 34
231 7 427
229 13 523
229 15 523
240 3 155
214 6 1507
237 8 231
230 7 695
240 5 237
238 6 297
240 15 261
241 4 207
230 14 735
230 7 743
240 13 289
240 14 290
230 14 777
230 15 777
241 8 280
230 6 815
240 6 369
230 4 817
240 8 372
241 1 325
241 8 340
245 2 92
241 8 396
241 13 407
241 14 408
243 3 253
132 26 6595
236 1 667
247 1 0
248 1 0
243 7 367
250 1 0
247 4 138
251 1 0
250 8 35
247 7 156
252 1 0
246 5 307
242 3 723
245 4 554
252 2 138
253 2 85
242 4 816
244 29 687
244 8 688
252 4 272
258 1 0
252 7 297
242 5 907
260 1 0
260 2 53
262 2 46
263 1 0
264 1 0
265 1 0
242 7 1171
261 3 165
264 2 114
265 3 129
255 4 377
268 1 0
268 5 5
253 6 580
268 6 10
268 14 21
263 4 179
270 1 0
265 5 197
265 7 202
255 8 456
272 1 0
263 5 206
251 4 749
264 3 214
273 1 0
256 7 475
263 8 232
259 6 455
255 8 517
263 13 273
263 30 273
263 14 273
263 15 273
260 5 382
260 6 390
271 2 70
255 8 547
244 15 1255
264 6 302
264 14 316
254 13 655
254 14 656
256 8 613
251 8 891
251 19 900
260 8 482
259 14 549
266 4 353
251 14 942
260 14 517
254 6 711
256 14 655
251 19 964
251 14 966
269 4 248
255 29 693
255 8 696
256 14 710
280 1 0
275 3 220
255 14 710
258 6 675
264 6 475
264 4 479
281 1 0
275 4 255
269 5 315
256 14 755
281 2 34
269 7 332
284 1 0
256 27 789
256 6 797
280 2 77
255 26 808
271 6 394
277 6 252
264 5 591
264 6 603
275 5 369
275 6 380
272 8 401
264 13 615
264 30 615
277 30 288
277 14 288
272 8 439
287 2 51
283 3 141
269 14 494
280 4 237
288 7 20
275 8 465
281 4 216
280 5 272
270 21 531
259 1 921
281 5 261
259 2 938
259 25 959
259 5 964
281 6 276
281 8 298
285 5 280
281 6 310
281 8 316
281 19 318
281 6 321
281 7 321
281 8 327
259 1 1000
259 13 1002
259 15 1004
255 8 1072
285 7 282
281 8 340
281 15 345
285 15 314
294 2 41
275 8 680
278 5 512
293 2 118
255 4 1186
295 1 0
287 5 338
278 6 526
278 7 526
294 4 168
296 1 0
290 3 296
294 8 235
257 4 1282
297 6 18
290 5 359
296 2 80
298 1 0
297 1 21
290 13 385
290 15 386
298 2 35
297 8 58
255 6 1371
297 34 89
255 8 1416
290 15 505
298 3 164
303 5 36
298 4 191
304 2 13
304 2 17
304 2 19
303 7 42
303 8 62
298 6 222
299 3 208
298 8 253
298 13 263
298 30 263
298 14 264
298 7 266
298 30 281
303 1 163
303 5 180
296 6 457
298 7 364
298 8 375
298 29 377
296 8 487
298 29 410
298 8 412
306 1 145
306 14 146
306 14 151
308 2 33
305 5 218
303 2 352
301 5 390
296 29 624
296 13 629
296 15 629
303 3 416
303 4 424
296 14 673
296 14 678
308 3 241
303 4 488
308 2 312
309 5 324
309 6 326
307 4 485
309 7 368
309 8 373
307 5 580
255 29 2208
301 13 745
307 6 589
307 7 589
313 1 0
255 2 2375
314 1 0
307 29 777
314 2 42
307 29 807
255 3 2428
313 4 133
307 13 838
307 14 839
255 7 2459
313 6 162
313 7 163
314 3 182
314 4 219
313 25 282
319 1 0
313 13 294
313 15 295
313 8 350
318 2 107
315 6 370
321 1 0
316 7 429
319 6 329
319 7 329
319 19 359
319 15 361
317 7 485
319 19 383
321 2 202
321 2 218
321 2 220
322 3 154
323 4 163
325 3 262
329 1 0
328 3 208
333 1 0
328 6 285
328 8 297
325 7 546
333 4 145
329 7 376
329 8 394
334 1 0
328 8 515
329 6 425
333 8 247
328 1 561
327 5 681
327 7 684
328 6 641
336 2 70
337 1 0
338 1 0
337 3 147
336 6 352
337 4 223
339 2 47
336 6 486
336 13 494
336 30 494
336 14 496
340 1 0
340 2 37
339 3 171
341 2 44
340 3 260
340 7 373
347 1 8
347 7 18
342 5 237
342 7 247
348 1 0
339 13 559
339 30 559
345 2 99
342 8 262
342 30 288
342 14 289
342 15 289
344 2 121
346 4 178
348 3 142
348 4 161
348 7 208
344 3 310
351 8 17
351 8 28
353 1 0
352 2 35
349 4 232
345 4 472
355 1 0
344 5 532
345 6 531
345 21 532
344 4 557
344 3 557
341 4 884
358 1 0
360 1 0
353 3 167
341 7 915
352 5 165
352 19 199
352 14 199
353 4 212
353 6 232
355 3 176
360 2 62
345 29 676
345 8 681
361 2 46
350 3 458
360 3 142
355 6 263
360 3 256
362 1 0
350 6 591
350 14 607
350 15 607
363 6 8
360 25 274
360 5 275
363 2 37
361 4 257
363 6 58
361 6 287
361 7 287
363 4 93
363 7 105
363 4 120
361 1 341
361 14 341
359 14 409
364 2 54
345 6 1061
366 2 42
366 2 63
368 1 0
364 4 224
364 7 242
345 6 1270
364 34 273
370 1 0
345 13 1380
366 5 250
345 25 1401
345 8 1408
345 26 1411
345 282 1412
345 14 1412
369 3 172
367 3 246
369 5 207
365 4 359
369 6 211
365 7 399
368 5 279
368 6 284
368 7 285
368 8 314
368 8 336
367 7 372
368 8 364
368 8 377
372 2 91
365 19 586
374 1 0
367 8 460
363 1 824
363 5 829
363 7 833
363 21 835
365 6 606
365 7 606
367 15 497
363 5 843
363 21 849
375 1 0
363 6 871
363 7 871
363 6 916
363 7 916
374 2 110
368 34 663
372 3 351
374 3 299
373 5 331
373 6 340
378 1 0
372 6 446
372 7 446
372 8 462
373 4 399
374 7 385
373 8 418
374 29 432
380 2 43
374 13 457
374 14 460
381 2 48
373 19 521
381 6 199
377 6 352
382 3 137
380 4 284
374 1 722
380 6 379
380 7 380
380 15 388
387 1 0
378 4 527
377 5 551
387 2 38
384 4 217
387 3 84
378 6 608
378 7 609
387 4 107
385 5 416
378 25 788
385 6 428
385 7 428
378 27 804
378 25 812
385 34 505
385 14 518
389 2 46
391 1 0
392 1 0
389 3 196
392 3 179
395 1 0
377 8 1189
388 6 347
394 2 31
389 4 299
389 5 331
389 6 335
392 13 269
390 3 353
389 8 389
393 4 198
393 30 257
393 14 257
393 15 257
398 2 39
395 6 220
399 1 0
400 1 0
388 13 579
388 14 581
399 6 19
399 7 19
399 14 23
400 2 86
397 4 265
385 26 1227
401 4 189
401 6 212
397 8 360
406 2 74
409 1 0
409 5 4
398 3 352
398 4 393
387 14 1205
400 4 375
396 1 635
396 14 638
403 4 287
405 6 272
400 7 446
400 26 517
396 6 739
413 2 48
405 8 379
414 2 55
403 8 442
406 3 383
398 6 629
400 6 559
400 7 559
400 4 583
400 3 586
403 8 502
406 4 456
414 3 164
398 8 709
415 4 172
398 19 731
412 5 261
412 6 263
412 4 277
403 2 552
406 7 501
298 5 7369
398 7 745
416 3 95
298 7 7377
406 4 540
418 1 0
412 6 311
414 8 257
417 2 26
405 8 613
403 7 652
412 5 372
412 6 394
413 4 345
412 19 399
413 6 385
398 8 928
413 1 432
419 1 0
417 4 179
418 4 197
413 6 442
417 5 210
418 5 233
413 19 467
413 15 469
419 2 35
417 7 221
418 6 246
421 1 0
418 15 321
398 19 1117
398 34 1117
422 7 14
398 6 1125
423 1 0
404 7 1043
424 6 12
424 7 12
421 6 210
419 13 309
419 15 310
426 1 0
421 30 261
428 7 9
429 1 0
428 8 16
430 5 5
428 29 41
430 7 12
428 8 44
427 2 72
423 3 307
423 6 377
423 7 378
421 14 524
421 7 563
421 13 566
421 14 567
421 25 583
421 30 586
427 8 344
434 1 0
432 2 140
427 8 436
434 2 55
427 8 478
432 3 263
434 4 201
432 6 375
421 25 910
421 8 915
421 13 918
438 1 0
421 13 1038
421 30 1038
438 2 126
437 3 184
421 25 1173
440 2 28
433 1 614
433 14 615
442 1 0
437 4 389
437 5 390
437 6 397
437 7 397
428 2 1124
440 4 299
445 1 0
438 13 457
438 14 458
438 7 493
446 2 33
447 2 44
428 7 1195
438 14 530
451 1 0
428 3 1232
436 3 603
441 5 369
445 2 118
452 1 0
451 2 60
436 4 659
441 14 421
441 8 432
452 2 41
443 7 252
441 8 447
446 5 171
443 8 290
447 5 223
443 8 305
444 1 279
441 34 510
441 15 515
447 6 240
447 14 283
451 4 239
454 2 52
438 6 800
438 14 821
438 6 838
438 8 848
454 4 135
456 2 71
447 6 416
438 19 879
438 34 879
450 7 368
438 8 903
454 6 173
450 8 394
438 34 926
450 29 415
457 1 0
445 6 519
450 8 446
450 34 455
450 14 457
460 1 0
448 6 549
448 7 549
448 13 587
448 14 588
461 2 42
374 1 4839
459 4 295
463 2 82
466 1 4
463 3 195
462 13 376
462 15 377
463 4 230
436 14 1564
463 6 273
436 6 1587
470 1 0
465 3 251
436 8 1653
436 19 1656
436 14 1657
465 4 301
470 2 68
471 2 58
461 4 690
466 3 290
469 6 192
469 7 192
461 5 736
471 3 136
473 5 26
466 4 461
472 5 215
472 7 220
473 7 41
471 8 259
461 13 887
471 15 306
474 2 54
469 4 437
473 29 146
476 1 0
469 1 453
444 4 1618
444 6 1643
444 7 1644
474 3 158
477 2 61
474 5 252
469 4 618
475 7 276
470 3 633
469 21 655
475 8 293
480 2 32
483 1 0
483 5 2
484 1 0
469 26 769
479 3 157
484 2 139
488 1 0
477 5 383
477 6 388
469 14 911
479 8 280
479 8 286
489 1 0
489 1 0
469 6 954
469 27 959
469 14 963
469 6 964
469 7 964
469 14 967
479 34 320
490 1 0
470 7 985
476 5 582
476 6 587
444 29 2257
444 15 2285
481 3 479
493 2 64
497 2 47
498 1 0
492 2 129
485 5 478
485 6 482
485 7 483
444 6 2389
488 6 420
481 5 623
488 8 451
497 5 190
502 1 0
481 4 661
488 19 500
488 136 500
488 15 503
488 136 531
488 25 539
488 6 539
497 8 256
481 5 706
488 8 553
502 3 98
488 8 579
492 4 373
497 8 350
498 5 297
487 5 711
502 5 160
502 21 177
485 8 798
497 8 403
498 7 313
490 8 552
492 6 468
490 1 592
490 4 601
490 5 611
492 14 512
497 34 495
492 7 539
492 14 543
502 30 306
502 15 307
497 25 506
497 6 506
497 7 506
497 26 522
502 6 435
502 30 440
502 15 441
492 6 711
492 21 747
505 4 333
506 3 322
510 1 0
506 6 418
506 7 419
511 2 53
512 1 0
508 7 307
508 8 323
506 1 469
505 6 514
505 7 514
514 2 38
516 1 0
513 2 96
508 8 403
516 2 37
505 13 613
505 30 613
505 14 614
505 15 614
510 3 207
508 15 453
511 5 235
509 7 324
514 8 217
516 3 153
518 2 59
513 3 293
516 5 227
516 6 231
515 3 288
521 1 0
520 2 58
514 13 353
514 15 354
512 3 379
521 2 53
519 2 181
522 1 0
523 1 0
512 7 463
522 2 66
524 1 0
525 1 0
513 6 492
517 8 426
513 1 530
520 5 294
505 30 1076
505 13 1076
505 14 1077
505 15 1077
519 3 403
526 2 104
520 8 350
519 4 471
520 8 366
522 3 331
519 21 564
512 4 786
519 26 597
522 4 404
530 1 0
493 5 1800
512 5 891
512 7 894
522 6 478
523 5 473
493 21 1817
530 2 61
522 8 514
522 8 519
528 3 237
522 8 524
523 13 552
523 14 553
523 15 553
526 4 436
528 6 351
528 7 351
526 6 509
526 7 509
534 5 1
534 14 19
528 13 405
528 30 405
528 14 410
505 6 1626
505 15 1633
530 13 329
533 4 199
533 7 229
533 8 315
529 3 579
536 1 0
526 4 1040
526 5 1045
526 7 1063
541 1 0
541 4 111
541 7 141
539 3 195
539 4 248
535 4 537
529 1 1130
539 13 328
539 15 329
540 1 333
540 30 333
529 7 1165
539 7 353
539 19 366
539 15 370
548 1 0
529 3 1197
539 6 398
539 7 398
529 5 1209
529 6 1213
529 19 1223
539 7 420
541 13 396
548 2 50
529 6 1276
529 7 1276
535 1 754
535 15 758
539 19 496
539 34 496
529 6 1294
529 19 1302
529 136 1303
539 6 502
539 7 502
529 14 1341
529 6 1350
529 7 1351
543 3 355
529 136 1362
529 7 1379
549 3 116
552 1 0
529 19 1390
529 6 1402
547 5 263
547 7 279
547 8 296
541 1 623
547 30 314
549 5 189
549 6 204
552 2 98
550 6 202
541 13 696
541 14 697
544 4 479
543 6 564
543 7 564
539 1 742
539 8 767
554 2 126
554 2 126
554 2 127
554 2 127
539 8 784
544 7 542
554 2 157
554 2 157
553 4 154
553 6 179
553 8 187
553 13 204
553 15 207
556 2 34
554 5 353
554 29 384
552 8 459
557 1 0
552 15 505
557 13 34
557 14 35
547 30 834
560 1 0
562 1 0
544 6 972
548 6 896
551 8 729
563 2 73
547 13 1019
567 2 43
558 3 233
569 1 0
558 4 299
570 2 71
558 8 387
563 5 288
569 3 168
566 4 251
572 1 0
559 5 388
559 6 392
563 26 330
573 1 0
574 1 0
569 4 211
572 2 46
569 5 244
530 7 2426
565 4 377
567 6 343
567 7 343
567 27 355
571 4 195
569 3 290
567 6 362
567 27 366
567 14 369
567 25 383
567 7 383
571 7 225
569 6 300
569 13 309
569 14 310
575 1 2
567 26 390
567 15 394
565 15 484
582 1 0
568 8 505
568 8 513
580 19 58
562 4 672
581 2 86
568 8 587
568 8 625
574 6 364
585 1 0
574 8 407
576 4 284
574 14 435
574 8 448
577 4 318
583 3 245
577 7 350
576 1 373
581 3 313
577 15 432
577 25 438
577 6 438
577 7 438
581 4 367
584 4 318
577 25 497
583 5 382
583 8 416
583 14 426
583 15 426
577 8 534
590 1 0
584 6 419
589 2 120
591 2 41
594 1 0
591 6 180
591 8 186
591 8 196
591 1 205
597 1 0
595 6 176
595 7 176
599 2 69
601 2 40
604 1 0
596 4 247
600 3 162
604 2 75
596 2 315
570 1 1447
596 3 333
605 1 0
597 4 317
601 7 229
600 7 277
601 8 247
597 6 368
599 4 293
597 34 417
602 3 279
604 3 290
597 7 468
602 4 334
597 7 495
575 3 1446
603 2 381
608 1 0
602 2 433
599 6 512
575 4 1501
604 8 458
602 4 518
575 5 1565
575 6 1581
602 6 542
602 7 542
613 1 0
611 2 46
604 26 585
614 1 0
612 2 43
606 5 236
606 6 252
606 7 252
575 8 1676
575 8 1717
611 4 185
612 3 145
575 8 1785
604 7 710
604 6 710
611 8 234
611 29 287
603 5 770
611 8 290
603 7 787
611 8 306
611 29 307
611 8 309
605 7 678
611 29 334
612 6 283
618 1 0
613 7 301
604 6 856
604 7 856
612 8 313
605 1 746
613 25 432
621 1 0
616 3 239
618 2 179
622 1 0
617 6 215
619 5 225
624 1 0
616 5 334
619 7 240
615 8 365
616 7 350
615 8 378
615 13 388
625 1 0
616 13 479
620 4 295
600 13 1415
600 15 1416
629 1 0
624 19 291
620 5 397
631 2 30
631 2 36
605 8 1380
631 3 132
632 1 0
631 4 188
628 3 347
611 6 1166
611 4 1166
611 5 1173
611 7 1177
631 8 244
611 8 1192
611 8 1204
628 4 386
611 8 1229
631 6 317
633 5 204
633 6 209
631 8 390
633 8 245
628 5 551
628 6 554
633 8 264
628 14 601
633 13 309
631 6 552
633 8 411
633 8 422
633 14 447
408 1 11996
637 6 23
639 1 0
640 5 7
640 6 12
640 7 12
639 2 49
640 1 57
640 14 58
637 645 300
639 6 276
622 4 1438
643 3 155
637 7 357
641 3 294
649 1 0
622 6 1527
639 4 397
650 1 0
650 1 0
644 4 217
639 6 410
649 2 58
641 7 388
644 6 243
638 4 486
651 1 0
638 5 551
647 1 191
641 7 503
638 8 570
652 8 19
642 4 402
649 3 200
641 14 527
644 34 371
638 14 597
638 27 648
638 14 649
642 5 464
642 6 465
651 2 151
642 2 499
649 6 268
653 2 125
649 8 300
649 8 308
652 8 179
649 8 325
642 25 574
642 5 574
657 2 73
644 7 536
642 25 612
642 5 621
649 5 392
649 7 407
654 6 208
654 7 208
642 25 632
659 1 0
651 6 354
642 25 686
659 2 44
651 15 381
653 6 347
653 7 347
642 25 741
661 1 0
659 3 117
657 3 310
642 5 810
659 5 185
643 8 817
661 2 75
659 8 219
642 14 875
659 29 226
658 5 350
648 2 706
651 8 598
652 1 554
652 30 554
652 14 556
663 1 0
663 5 4
664 1 0
663 7 20
663 8 33
663 8 44
657 13 504
657 15 505
665 1 0
658 21 527
658 8 563
658 8 573
642 7 1108
643 13 1113
628 6 2240
628 7 2240
668 1 0
642 14 1194
665 2 196
628 26 2270
667 2 58
628 7 2290
628 1 2304
642 7 1255
628 6 2313
628 7 2313
643 7 1275
671 1 0
669 1 29
669 6 55
671 2 71
664 4 395
667 4 246
664 5 440
664 7 452
668 5 260
668 7 277
676 1 0
667 6 374
667 7 375
673 3 113
668 8 354
664 15 576
671 5 344
671 7 349
671 8 363
670 4 388
676 4 218
670 5 437
676 5 269
665 5 725
665 7 740
675 8 327
675 7 328
665 29 762
681 1 0
670 8 497
672 5 482
674 4 418
677 4 390
674 7 509
674 14 545
684 1 0
679 8 291
679 8 299
679 8 303
679 8 311
685 1 0
674 1 635
679 8 350
678 6 376
679 8 383
678 19 411
678 14 411
686 2 63
677 13 660
677 15 664
682 3 315
686 3 209
683 6 387
683 7 387
683 8 403
682 5 433
682 7 449
682 14 483
687 1 0
408 1 14647
408 6 14666
680 3 694
686 8 409
680 8 792
680 8 799
680 8 806
682 8 715
680 8 829
682 14 726
682 15 726
689 2 60
691 6 24
687 5 313
687 6 324
687 7 324
682 25 838
682 6 838
680 34 989
687 8 363
687 8 366
680 34 1011
680 14 1015
680 7 1017
692 1 0
692 8 7
692 6 8
691 1 171
688 3 267
682 7 993
683 2 1003
689 7 397
698 1 0
697 2 67
694 5 255
695 6 257
695 7 257
695 8 299
697 4 228
701 1 0
702 6 5
700 2 55
696 4 321
704 1 0
697 15 308
696 5 373
696 6 376
703 3 61
704 2 61
703 5 90
696 1 421
696 13 421
703 8 113
696 8 465
700 6 286
700 7 286
698 4 445
709 1 0
698 6 501
698 7 501
698 8 547
704 4 252
688 8 984
710 2 63
712 5 2
704 14 316
704 15 316
712 7 5
712 13 14
712 30 14
712 14 14
712 6 48
712 30 52
712 7 121
706 6 393
704 4 498
704 5 503
704 7 508
710 25 326
710 6 333
711 3 321
715 1 0
711 4 384
711 6 418
711 7 418
711 8 494
711 5 518
675 5 2670
720 2 57
675 6 2676
706 1 723
711 8 570
675 29 2706
675 30 2725
714 4 308
719 4 283
713 4 383
722 1 0
723 1 0
714 136 379
647 2 4132
722 2 53
723 2 54
719 5 359
725 1 0
720 5 305
720 6 313
714 34 475
724 2 99
714 25 487
714 7 488
725 2 51
720 8 342
720 8 354
714 29 518
725 2 53
714 29 529
713 8 587
729 1 0
725 4 165
729 7 12
729 19 25
729 136 25
729 14 25
729 25 31
729 6 39
730 1 0
723 4 265
726 2 144
722 4 307
725 7 245
722 7 321
725 30 254
731 1 0
731 5 2
731 6 6
731 7 7
722 30 357
731 14 55
731 15 55
730 3 147
727 3 289
733 1 0
730 5 198
728 8 402
727 8 488
727 8 500
727 8 513
734 1 0
728 15 554
733 3 276
739 1 0
739 6 4
739 7 4
739 13 13
731 1 497
731 1 515
740 1 0
740 6 10
731 7 556
724 4 881
738 2 98
741 1 0
742 1 0
733 15 446
741 7 8
731 1 595
731 13 596
731 30 596
731 15 596
712 3 1623
742 2 64
724 7 968
744 5 4
726 8 878
733 1 533
744 14 18
724 8 1019
733 13 582
733 5 606
737 4 328
734 6 407
724 30 1093
724 15 1094
734 8 441
746 6 12
746 30 24
746 14 25
734 15 512
625 6 6685
625 7 6685
733 6 760
734 19 542
734 15 544
745 2 84
748 1 0
625 8 6719
733 30 782
749 1 0
712 3 1923
712 6 1943
712 34 1963
750 1 0
747 2 110
747 3 234
751 3 158
745 4 350
755 1 0
755 5 4
754 5 5
751 4 221
753 2 67
751 5 244
750 6 308
750 7 308
753 2 99
756 1 0
756 6 7
756 8 21
757 2 57
749 4 411
731 8 1340
731 30 1344
750 8 397
625 29 7189
737 8 978
759 1 0
737 15 996
751 4 475
751 6 483
751 8 486
749 7 600
749 21 602
761 1 0
761 5 6
757 21 250
757 13 261
757 14 262
761 8 39
761 29 48
757 25 285
757 7 285
749 3 649
759 3 165
761 19 59
761 15 62
761 7 72
762 2 52
763 2 48
757 3 331
756 14 341
757 6 382
759 19 247
759 14 248
759 4 260
757 25 449
757 6 451
757 14 470
757 15 470
763 4 205
763 5 230
762 6 247
757 136 550
757 14 551
764 3 291
768 1 0
760 7 640
764 7 425
760 1 656
760 15 658
749 7 1162
770 2 61
764 21 426
764 13 482
774 1 0
772 2 65
728 5 2387
728 6 2391
770 3 194
776 1 0
728 13 2400
728 14 2401
728 15 2401
771 3 234
778 1 0
770 4 320
780 1 0
770 13 391
781 1 0
774 6 246
776 2 170
775 4 232
773 3 297
775 6 287
772 6 373
772 7 373
768 5 591
781 5 156
781 7 172
779 3 241
773 6 494
783 1 0
776 5 407
776 6 410
776 15 452
786 1 0
783 2 80
773 8 683
787 2 54
774 8 665
785 6 215
768 1 1073
768 14 1073
788 2 216
787 8 281
791 6 91
790 6 198
790 7 198
794 2 47
796 1 0
788 3 489
795 2 74
787 13 575
787 14 578
793 25 211
793 5 221
793 6 226
793 7 226
727 5 3618
798 1 0
788 8 610
793 8 250
794 3 260
794 4 298
794 5 325
792 3 372
794 8 356
794 14 362
794 15 362
802 1 0
800 3 168
804 1 0
797 6 378
803 2 57
790 29 756
800 4 216
800 6 238
800 8 260
801 4 218
798 6 405
801 5 247
790 7 880
801 8 275
797 7 565
801 8 316
798 8 506
804 5 296
804 6 300
802 5 454
802 6 456
794 6 847
809 1 0
805 5 442
805 6 452
812 1 0
813 1 0
802 3 663
814 1 0
815 1 0
806 4 221
806 21 269
805 8 563
807 4 371
818 2 72
807 5 400
807 6 406
811 3 328
808 3 404
807 15 454
820 1 0
815 4 304
813 7 312
821 1 0
813 4 373
815 5 385
815 7 389
809 3 526
808 7 521
808 8 564
808 8 574
809 4 568
826 1 0
809 7 602
809 6 602
824 2 37
824 2 41
815 14 514
809 8 656
823 2 122
818 5 394
818 6 400
790 7 1819
790 8 1825
790 34 1833
790 14 1838
822 4 210
825 7 151
827 15 37
826 4 189
809 4 788
818 3 519
826 4 229
818 3 575
821 5 381
821 6 383
821 7 383
808 15 992
820 5 561
820 21 568
823 3 433
819 6 663
819 14 707
808 25 1091
808 30 1115
777 1 2989
777 5 2993
777 29 3019
777 8 3022
830 2 33
777 8 3075
777 8 3095
823 5 653
823 6 656
823 21 660
832 2 81
835 1 0
835 5 5
777 13 3240
835 19 98
835 19 108
835 6 114
834 2 135
839 1 0
833 7 166
831 4 333
808 6 1495
808 7 1495
829 8 448
831 6 381
808 8 1516
829 15 478
808 30 1595
808 15 1596
837 3 288
831 19 509
831 34 509
837 6 376
835 1 478
835 7 499
837 3 441
829 8 703
835 19 514
835 6 530
841 1 0
838 3 451
841 2 70
843 2 36
844 1 0
842 2 61
842 2 63
842 2 78
838 4 583
838 3 596
845 2 49
844 2 88
841 4 265
841 8 403
850 2 34
841 8 513
850 4 202
844 7 601
850 6 357
849 7 368
850 8 502
844 8 823
854 4 341
856 1 0
854 5 523
844 25 1295
844 6 1295
844 7 1295
858 1 0
857 5 280
857 6 289
859 1 0
854 8 800
841 14 1602
854 15 825
857 29 379
844 6 1511
844 8 1593
862 1 0
844 8 1787
844 8 1817
859 4 394
860 3 215
866 1 0
863 4 127
863 5 146
862 3 187
862 4 258
860 8 364
861 3 329
863 25 264
862 7 315
860 30 399
863 1 291
863 19 291
863 7 300
865 4 207
844 13 2034
844 15 2036
844 25 2043
844 6 2043
844 8 2051
863 8 316
844 8 2069
844 15 2077
844 25 2090
862 1 402
865 6 289
867 3 164
865 14 312
862 30 444
862 15 444
871 1 0
866 5 303
866 7 311
768 8 6355
768 8 6359
768 8 6362
768 8 6373
870 2 94
866 5 348
861 29 579
861 8 581
738 5 7880
866 13 387
866 15 387
861 29 591
873 1 0
738 8 7909
768 8 6412
867 14 319
867 15 319
869 2 182
862 6 608
861 8 666
862 13 641
866 6 459
866 8 461
866 14 465
866 25 489
866 14 498
866 8 505
866 26 511
866 14 513
866 15 513
866 7 519
866 25 531
866 7 540
866 8 544
866 34 556
866 14 558
866 26 563
866 8 650
879 2 71
877 3 133
875 5 286
870 4 444
870 7 459
877 4 161
876 30 302
869 5 492
869 13 567
869 30 567
869 15 568
882 5 4
869 6 616
883 1 0
884 1 0
879 5 290
879 7 293
879 21 295
869 34 679
869 15 681
782 2 6505
887 1 0
886 5 8
886 7 15
879 15 361
886 8 24
844 7 2868
886 8 45
844 8 2874
844 14 2880
844 15 2880
880 5 358
886 34 68
880 1 406
883 3 217
881 3 257
880 19 458
880 25 462
884 5 259
881 7 324
884 7 268
883 8 336
888 1 0
881 14 391
881 14 512
881 15 512
844 8 3251
844 29 3256
844 8 3261
844 8 3282
844 8 3314
883 8 581
889 1 0
844 8 3335
782 4 7015
883 4 599
844 8 3400
890 2 49
893 1 0
892 2 64
888 3 386
894 5 8
894 6 13
894 7 13
894 8 27
894 13 47
894 15 48
889 3 193
782 8 7242
891 2 154
896 1 0
889 5 283
844 8 3648
888 8 561
896 2 63
890 4 343
886 25 845
886 7 853
886 8 855
889 34 352
889 4 365
889 3 366
844 15 3687
891 3 275
888 8 623
888 8 639
890 6 396
890 7 396
891 4 329
897 2 76
891 6 371
891 7 371
891 21 373
899 2 35
898 2 71
898 2 80
891 13 436
891 30 436
891 14 436
892 6 452
897 4 247
899 19 237
899 6 252
897 6 291
897 8 315
900 3 252
898 6 281
902 1 0
901 3 136
900 4 300
900 5 336
901 4 179
900 7 351
900 8 371
900 8 375
900 8 419
900 8 426
900 34 430
901 5 293
900 8 446
900 34 455
900 6 459
900 7 459
901 6 308
900 8 466
900 8 469
904 2 63
908 5 5
908 6 8
908 7 8
907 3 208
910 1 0
909 5 11
908 14 70
904 14 593
911 1 0
912 1 0
913 1 0
887 2 2379
912 3 98
914 1 0
912 34 179
912 6 204
912 7 205
907 8 695
907 7 769
914 3 279
916 2 69
887 14 2849
887 14 2880
914 8 501
916 4 408
917 3 217
916 6 479
917 7 366
918 4 299
913 3 945
917 19 409
919 2 51
918 6 346
921 2 30
923 1 0
922 2 62
924 6 11
924 1 31
924 13 31
924 15 34
925 1 0
926 1 0
922 4 244
921 25 330
921 6 330
926 3 100
922 5 304
928 1 0
922 7 310
921 13 403
922 8 343
922 19 359
922 14 359
926 5 160
919 7 479
928 2 59
926 7 163
922 6 375
922 13 385
922 14 385
926 8 186
920 5 500
920 6 503
919 15 526
925 3 244
925 5 362
920 30 646
920 14 646
925 6 364
930 1 0
922 6 616
922 7 617
922 14 629
922 15 629
919 7 726
919 3 742
925 136 479
929 3 191
928 4 439
929 6 336
928 5 549
928 7 552
929 5 374
930 3 270
928 19 576
928 14 578
929 7 390
928 14 589
930 6 368
930 136 414
930 6 441
930 7 442
930 136 453
930 7 462
930 19 475
930 14 475
935 1 0
938 6 175
941 1 0
943 1 0
940 6 350
940 6 372
940 14 391
940 15 391
945 6 10
945 7 10
880 1 6196
946 2 35
880 15 6228
944 3 426
946 3 113
946 4 154
945 6 239
945 7 239
946 5 182
945 14 259
946 8 217
947 5 6
947 6 21
947 7 21
949 2 33
949 3 109
950 1 0
952 2 75
948 4 422
948 5 444
953 1 0
952 3 351
950 8 444
954 2 44
954 4 168
954 6 214
954 7 214
954 7 246
955 3 178
958 5 4
954 6 308
954 7 308
954 34 324
955 4 242
955 7 287
955 8 317
955 8 333
959 2 72
956 3 417
960 1 0
960 1 4
952 1 1041
958 29 381
961 2 77
952 5 1173
952 7 1183
956 26 706
956 6 716
956 7 716
952 13 1231
956 27 733
956 15 734
959 6 468
959 7 468
956 6 753
959 30 498
961 3 273
960 4 369
956 8 800
956 7 845
956 21 846
959 13 595
959 30 595
959 14 595
959 15 595
960 6 441
960 8 458
952 6 1408
965 1 0
961 8 422
957 4 805
966 3 172
967 2 189
959 7 1016
968 1 0
959 5 1020
959 6 1028
959 13 1084
959 14 1085
959 15 1085
970 1 0
969 2 54
959 6 1143
971 1 0
969 4 258
959 6 1358
959 7 1358
969 7 356
975 1 0
974 3 135
974 5 178
967 4 752
973 7 241
974 13 229
974 30 229
967 6 806
978 1 0
967 1 911
978 2 43
977 2 42
974 13 364
974 30 364
972 8 428
967 14 914
972 29 475
976 3 205
977 5 189
976 4 263
977 8 224
979 1 0
977 14 265
977 15 265
979 6 15
978 14 375
978 14 388
980 6 436
982 1 0
981 2 103
986 1 0
981 4 363
981 7 482
988 2 79
989 3 103
985 6 304
989 7 158
986 4 693
986 5 746
986 4 817
986 5 836
986 7 874
994 2 48
992 3 105
994 3 123
992 5 157
994 4 146
986 19 1031
986 14 1031
994 5 175
994 8 240
994 8 265
994 29 275
995 4 242
995 5 261
995 7 277
995 8 314
994 6 473
994 7 473
996 2 74
996 2 84
