0 1 0
0 3 128
0 7 270
9 2 100
9 4 196
9 5 219
9 8 250
11 1 0
10 5 410
10 13 428
12 2 145
10 5 669
16 6 222
17 3 321
20 1 0
20 2 69
12 5 718
12 6 727
12 7 728
17 7 455
17 14 507
24 6 11
24 8 79
22 25 471
22 5 472
22 7 479
24 28 131
24 3 245
24 4 257
24 7 273
24 13 344
24 14 345
24 15 345
32 2 49
33 1 0
32 4 182
33 5 354
33 6 358
33 19 406
33 14 409
33 7 418
33 13 449
33 15 450
35 3 176
35 4 249
35 6 307
36 5 307
36 6 316
33 5 1297
38 1 0
38 4 372
38 5 441
38 6 448
38 21 452
38 30 510
38 6 946
38 7 946
38 13 969
40 4 325
40 5 380
40 1 414
40 19 414
40 6 426
40 7 426
42 1 0
41 5 365
41 7 371
41 8 510
42 6 305
42 7 305
42 21 307
42 15 325
42 7 341
42 3 350
44 5 387
45 3 139
45 5 187
45 7 192
47 3 121
46 3 307
46 7 418
46 8 432
46 1 438
48 1 0
48 3 211
48 5 309
48 7 327
50 2 79
51 1 0
53 1 0
53 2 46
53 6 247
53 7 247
53 14 274
53 15 274
53 6 288
53 13 300
53 6 320
54 1 0
56 4 533
58 2 57
60 1 0
61 1 0
58 6 302
58 8 325
62 1 0
59 6 253
59 7 253
62 2 58
59 8 309
59 19 322
59 34 322
59 14 323
59 7 330
62 4 217
63 1 0
62 7 265
63 2 391
64 2 40
64 7 199
64 8 218
64 8 241
64 1 280
64 14 284
65 1 0
65 7 22
66 2 60
66 5 327
66 6 331
66 7 331
66 14 374
66 15 374
67 1 0
70 1 0
70 3 307
70 5 384
70 6 388
71 5 247
72 1 0
74 2 64
72 8 372
70 8 1123
70 34 1136
74 4 243
70 6 1144
70 34 1169
70 14 1172
72 4 545
70 7 1281
77 6 11
78 1 0
76 4 398
76 6 446
76 8 473
76 19 485
76 7 501
76 15 505
79 1 0
79 2 78
81 1 0
80 2 56
82 1 0
82 7 12
82 1 24
82 30 24
82 14 26
82 15 26
81 5 182
81 7 190
79 3 260
80 4 304
82 30 301
77 14 806
79 8 548
79 8 560
79 8 586
79 8 637
79 29 650
79 29 655
79 8 657
79 14 747
82 6 602
82 7 602
79 25 759
79 7 760
79 8 767
79 29 812
79 29 857
79 8 879
79 29 884
84 1 0
84 5 13
84 6 20
87 1 0
86 8 227
89 1 0
86 8 375
77 1 3015
77 5 3026
77 7 3031
89 4 253
91 5 410
91 7 415
91 8 461
93 7 142
91 8 488
91 14 565
97 2 63
96 3 118
98 1 0
96 13 227
96 15 229
97 3 278
100 1 0
99 2 119
97 8 540
97 8 548
100 3 412
102 2 82
102 2 96
99 21 604
103 2 105
102 4 242
102 5 335
106 2 84
103 3 315
103 6 414
105 3 237
107 2 73
106 15 294
105 6 367
105 7 367
108 2 67
106 6 448
110 2 27
100 5 1116
100 6 1133
100 8 1141
100 15 1203
110 4 150
110 5 160
110 6 164
100 6 1216
100 6 1372
113 8 16
113 8 23
113 8 27
100 14 1402
114 1 0
115 1 0
115 2 72
114 5 204
116 1 0
114 15 230
115 3 301
111 6 777
112 1 822
117 1 0
120 2 88
117 3 212
118 7 210
112 8 1134
112 29 1139
118 14 260
118 15 260
112 25 1162
112 7 1162
117 6 337
120 3 258
117 1 359
118 7 372
118 30 375
118 15 375
120 5 363
120 6 414
125 14 15
125 6 25
125 8 49
126 2 32
121 5 475
126 2 104
127 2 108
122 13 406
126 3 272
124 5 454
124 21 461
124 6 483
124 7 483
124 19 492
124 14 493
124 25 496
124 7 496
124 8 500
123 15 557
126 5 339
124 8 529
124 19 555
124 8 565
132 5 2
132 6 5
124 14 570
124 15 570
131 2 64
135 1 0
135 5 8
131 3 179
135 14 77
133 3 153
127 6 551
127 8 574
134 2 147
131 4 259
131 8 313
131 30 358
135 5 260
131 15 425
141 1 0
138 2 63
144 2 50
141 4 312
141 8 380
141 8 413
141 19 449
139 6 632
139 8 652
139 30 708
139 15 711
150 2 42
145 4 242
145 6 275
146 19 274
146 14 284
145 14 320
145 15 320
146 6 318
146 7 324
153 1 0
146 8 336
154 1 0
152 2 64
150 8 280
155 1 0
155 6 12
156 1 0
146 8 402
122 30 2040
122 14 2042
122 15 2042
146 34 403
146 8 427
157 1 0
155 5 87
155 7 89
152 3 174
158 1 0
157 2 80
160 1 0
159 2 40
156 5 220
151 2 444
159 3 111
157 3 283
152 7 427
160 3 193
159 6 214
159 7 214
158 34 297
158 15 300
157 3 370
159 29 285
159 8 289
158 13 322
158 14 323
166 1 0
157 5 457
151 4 763
168 5 14
152 27 646
168 7 24
168 26 33
169 1 0
151 5 840
151 7 844
165 2 229
169 2 58
171 1 0
170 2 44
167 4 271
166 3 380
174 1 0
167 6 319
173 2 60
170 5 166
165 3 487
169 6 311
167 14 373
176 3 3
170 14 303
170 6 308
169 2 394
166 14 540
170 136 326
165 7 620
170 7 398
144 30 1892
144 15 1892
165 8 699
176 4 182
170 15 436
180 1 0
176 6 224
176 7 225
175 6 222
169 3 573
174 3 333
181 2 43
174 4 388
165 5 898
169 8 700
144 6 2115
176 8 362
184 1 0
165 34 949
165 19 949
165 14 950
165 8 959
169 2 736
181 3 191
151 7 1609
181 5 305
182 8 305
185 7 18
181 7 320
186 1 0
173 5 692
185 7 30
185 8 46
173 6 701
179 5 379
179 6 394
185 14 65
185 7 69
183 2 339
183 2 356
183 2 357
185 7 96
185 6 146
185 8 162
185 19 171
178 5 632
179 5 500
179 6 514
187 1 0
178 29 821
189 1 0
178 29 860
178 8 966
184 3 699
192 1 0
192 2 27
184 4 732
192 3 84
184 1 790
184 13 790
184 14 791
193 2 62
192 29 161
192 13 167
192 30 167
196 2 55
194 3 143
198 1 0
197 2 98
189 7 380
189 8 387
193 3 170
200 1 0
164 3 1875
198 2 80
198 2 86
190 4 384
196 3 203
194 29 277
201 1 0
195 2 229
193 6 288
202 1 0
190 7 444
196 4 241
193 14 319
196 7 292
164 4 1986
199 7 187
199 8 207
196 8 328
196 1 338
196 19 338
196 34 338
200 7 199
196 7 359
200 8 229
202 3 149
205 1 0
200 8 235
200 14 258
164 5 2141
195 3 459
197 7 483
206 1 0
195 4 531
195 8 630
200 6 470
208 5 6
208 6 22
200 30 474
195 13 646
201 4 449
209 1 0
201 8 556
201 19 572
201 136 572
201 14 573
201 25 607
201 7 608
201 8 617
198 3 812
203 4 588
203 5 618
203 7 629
192 25 1089
205 6 614
205 7 614
198 5 962
209 3 259
205 8 668
205 14 679
211 8 206
213 5 7
198 13 1005
198 15 1007
213 7 23
210 3 327
209 4 371
216 1 0
213 8 101
209 5 439
210 5 429
210 6 444
210 7 444
178 4 2320
178 6 2346
213 8 217
203 8 1001
209 8 543
178 13 2402
178 15 2409
217 3 99
209 8 559
209 13 565
210 6 553
216 5 209
212 4 431
209 14 613
209 15 613
212 5 482
217 6 179
209 7 672
212 6 488
215 4 279
217 14 206
217 15 206
203 14 1141
209 8 676
209 13 679
209 30 679
215 6 353
217 6 267
217 7 267
217 8 273
217 8 275
217 14 279
209 25 756
209 7 757
209 15 764
219 4 153
219 5 178
222 6 42
219 1 206
217 6 411
222 8 87
217 13 460
217 15 461
214 6 575
225 1 0
217 25 549
217 14 554
222 1 230
222 8 240
222 6 240
222 19 295
225 2 84
228 1 0
224 2 211
221 6 417
221 30 443
221 15 445
214 30 842
233 1 0
225 3 312
229 3 153
229 4 186
230 2 240
225 8 497
229 7 263
235 1 0
230 3 342
231 4 306
238 1 0
231 3 366
231 4 373
240 2 42
229 1 523
229 13 523
231 14 480
237 7 210
237 8 231
230 7 695
240 5 237
240 6 242
240 7 242
240 13 261
240 14 261
230 14 735
240 7 281
240 6 369
244 2 42
241 1 325
241 13 344
241 14 344
241 15 344
245 2 92
241 8 396
241 13 399
241 14 400
241 15 400
241 6 403
241 7 404
241 14 408
244 3 161
243 3 253
236 1 667
248 1 0
244 5 321
243 5 360
243 6 365
243 7 367
249 1 0
250 5 3
247 4 138
251 1 0
250 6 20
250 7 20
246 5 307
248 3 175
248 4 219
244 8 547
253 1 0
248 6 260
244 8 567
253 2 85
254 1 0
254 2 90
257 1 0
258 1 0
249 3 360
249 4 408
258 2 44
261 1 0
255 2 177
262 1 0
249 8 529
253 3 370
262 2 46
261 2 76
242 21 1175
265 2 46
256 3 319
242 8 1189
266 2 61
260 3 238
254 7 438
265 3 129
268 1 0
268 5 5
268 14 21
268 15 21
270 1 0
265 7 202
255 5 443
255 7 447
255 8 456
263 6 210
251 4 749
265 13 216
273 1 0
256 7 475
259 7 455
275 1 0
255 8 517
258 4 479
263 1 273
263 15 273
260 7 390
273 2 64
271 2 70
262 6 363
262 7 363
264 5 299
264 7 302
251 5 862
260 8 456
251 19 900
251 34 900
251 25 910
251 7 911
259 1 546
259 15 549
276 2 37
277 2 42
251 19 938
251 14 942
251 6 947
254 7 711
269 3 228
251 6 970
251 7 970
255 8 696
256 7 688
256 14 710
264 6 475
264 7 475
271 3 298
256 26 754
256 6 758
269 7 332
269 8 359
256 14 791
269 8 379
255 27 808
255 14 812
255 15 812
256 8 810
272 8 382
277 6 252
272 8 393
264 5 591
264 13 615
280 3 178
277 13 288
277 14 288
277 15 288
288 1 0
288 6 20
275 8 450
275 8 465
280 5 272
270 21 531
259 1 921
283 5 234
292 1 0
281 34 306
281 19 318
281 136 318
259 14 1004
259 15 1004
285 7 282
281 8 340
281 19 342
285 6 331
285 3 335
278 4 456
278 5 512
287 5 338
255 6 1195
255 7 1195
293 2 149
294 3 138
287 15 382
290 3 296
294 8 235
278 8 637
278 3 655
297 6 18
294 8 258
296 2 80
298 1 0
297 5 23
297 7 28
297 6 45
297 7 45
290 30 385
294 19 305
300 1 0
298 2 35
257 6 1341
297 14 65
297 7 67
297 8 85
297 34 89
295 4 233
257 1 1407
257 30 1410
301 1 0
290 7 498
301 2 31
296 3 262
304 2 17
304 2 18
304 2 19
303 8 62
298 7 222
305 1 0
298 13 263
298 6 266
295 1 397
306 1 0
296 4 355
298 14 281
305 2 53
303 1 163
303 5 180
303 7 187
296 8 446
296 7 458
303 8 194
298 25 363
298 6 364
298 8 408
298 8 412
306 8 137
307 2 187
305 14 243
305 26 252
301 7 393
296 29 624
296 7 661
303 3 416
296 19 672
296 26 677
296 14 678
308 3 241
303 2 470
303 3 484
303 4 488
303 6 498
303 1 506
303 15 511
307 3 415
309 5 324
309 14 357
309 15 357
309 8 373
255 29 2208
301 13 745
307 8 684
313 1 0
307 8 737
307 8 743
301 3 950
314 2 42
316 1 0
313 4 133
307 15 839
255 6 2459
255 8 2476
313 6 162
313 13 201
313 25 282
313 6 282
313 8 284
314 7 261
313 15 295
313 6 345
293 3 1619
316 3 291
293 5 1711
293 7 1716
315 4 359
315 6 370
319 4 223
316 7 429
316 21 431
319 5 263
322 1 0
324 1 0
319 19 308
319 7 329
326 5 2
326 6 6
326 7 6
321 2 182
319 6 376
317 5 475
319 14 386
319 15 386
319 6 388
319 7 388
321 2 202
327 1 0
323 4 163
328 1 0
322 5 242
322 7 245
323 5 235
323 6 243
323 7 243
328 2 50
329 1 0
330 1 0
329 2 106
332 1 0
328 8 297
328 7 367
328 8 371
333 4 145
325 6 632
327 3 493
328 8 436
329 7 376
333 6 209
329 19 404
329 34 404
334 1 0
328 8 515
328 13 561
336 1 0
327 7 684
328 6 641
328 7 641
336 5 344
336 7 352
339 1 0
337 14 287
339 2 47
336 15 496
340 1 0
341 1 0
339 3 171
340 3 260
342 3 131
342 4 188
340 5 371
340 6 372
346 1 0
347 1 8
347 6 18
347 7 18
348 1 0
339 6 549
339 30 559
339 15 559
348 3 142
348 4 161
346 7 253
348 6 208
344 3 310
345 3 366
351 7 9
351 8 17
351 29 25
352 1 0
352 2 35
354 1 0
349 5 257
355 1 0
353 2 55
344 6 546
345 21 532
352 3 118
345 8 579
341 4 884
341 5 912
352 4 147
341 6 915
352 5 165
354 3 164
352 6 208
359 2 72
353 5 226
345 8 681
352 4 279
354 6 258
353 8 280
355 5 255
360 5 196
359 3 202
345 8 836
350 5 579
360 4 254
360 3 256
345 8 869
350 15 607
363 1 0
360 6 283
360 7 284
363 7 58
363 21 61
361 6 287
363 7 105
363 8 111
359 5 390
359 7 398
363 3 125
361 1 341
361 14 341
359 13 407
359 14 409
345 8 1006
364 2 54
345 5 1054
345 6 1061
365 1 0
368 1 0
345 282 1220
364 8 269
345 7 1270
364 19 273
364 34 273
364 14 274
370 1 0
345 25 1401
345 7 1401
345 8 1408
369 3 172
365 3 328
366 6 254
367 3 246
368 4 220
365 4 359
365 5 395
365 6 399
367 4 324
368 8 314
372 1 0
367 21 373
368 8 382
365 14 511
365 15 511
359 25 1027
372 2 91
365 25 568
365 34 586
367 8 460
363 1 824
363 5 829
363 6 832
363 7 833
363 1 836
365 14 590
367 13 495
367 14 497
363 5 843
363 21 849
375 1 0
363 7 871
363 5 909
363 7 916
368 19 663
376 1 0
372 4 391
373 4 298
373 6 340
373 7 340
374 4 341
378 1 0
376 2 74
372 7 446
372 8 462
372 8 469
373 4 399
374 5 382
374 6 385
374 7 385
378 2 108
381 2 48
377 3 255
381 3 123
377 4 282
381 7 199
380 3 253
385 1 0
381 13 251
381 14 251
380 6 339
380 21 341
380 6 379
380 13 383
380 15 388
378 3 473
384 3 179
377 25 551
377 5 551
377 8 567
384 4 217
386 2 83
387 3 84
378 6 608
385 3 257
385 4 400
378 26 771
378 15 774
378 25 788
385 6 428
378 25 812
378 2 847
385 8 495
385 34 505
378 25 881
389 2 46
391 1 0
393 1 0
388 3 261
388 4 306
394 1 0
392 5 241
388 8 359
389 7 335
392 14 272
392 15 272
390 3 353
390 4 389
395 4 159
393 5 243
393 6 249
393 30 257
393 14 257
395 5 216
399 1 0
399 5 10
399 13 22
399 14 23
399 15 23
401 2 44
402 1 0
397 3 197
404 1 0
396 4 358
405 2 36
385 26 1227
397 6 307
396 21 442
401 5 205
409 1 0
409 6 12
409 14 19
387 30 1202
404 3 239
412 1 0
396 1 635
405 6 272
414 1 0
403 7 390
415 1 0
400 5 501
400 26 517
404 5 405
400 15 520
404 6 419
415 2 69
398 7 630
400 6 559
400 8 571
411 3 274
412 4 214
406 4 456
403 8 518
398 8 709
398 14 731
412 7 264
412 4 277
403 2 552
406 6 500
406 7 501
298 1 7364
298 7 7377
412 4 307
406 4 540
417 1 0
418 1 0
398 8 786
412 5 309
412 8 314
412 19 322
412 15 325
412 25 337
413 3 276
411 6 400
403 3 623
405 8 613
412 2 368
403 5 642
403 6 652
405 29 649
412 5 372
412 7 377
416 5 195
413 4 345
416 8 233
398 8 941
413 19 432
419 1 0
413 14 469
413 15 469
398 19 1017
398 34 1017
398 8 1062
417 8 290
421 2 53
398 34 1117
422 1 0
419 3 257
424 6 12
419 4 279
421 5 204
419 13 309
419 14 310
419 15 310
414 29 752
414 29 792
423 2 153
428 5 5
430 5 5
430 6 12
428 29 41
427 2 72
423 5 374
424 29 368
421 7 521
421 15 567
423 8 462
423 8 466
421 25 583
421 13 586
427 6 315
427 7 316
427 8 354
434 1 0
432 2 140
427 4 405
427 5 408
427 7 424
427 34 488
427 25 502
434 3 159
421 25 827
421 30 833
421 15 834
421 14 834
434 6 234
432 8 383
421 25 910
421 30 918
433 3 370
432 8 430
437 2 66
421 13 1038
421 15 1039
436 2 150
408 1 1954
438 2 126
440 2 28
433 1 614
433 14 615
421 13 1185
441 1 0
438 3 282
438 4 347
443 1 0
438 7 418
444 1 0
428 2 1124
438 8 437
438 1 457
438 15 458
438 6 479
447 1 0
438 14 484
440 6 358
440 7 358
448 1 0
428 5 1189
438 14 530
438 15 530
443 3 168
451 1 0
436 3 603
441 6 373
441 7 373
445 2 118
441 14 404
446 3 105
452 1 0
441 19 418
441 6 425
441 8 432
452 2 41
443 6 252
441 8 455
447 4 180
443 8 267
443 8 299
443 8 305
444 1 279
443 8 310
436 6 749
441 19 510
441 15 515
447 14 283
452 4 194
455 1 0
438 6 800
438 7 800
452 7 217
454 3 111
438 19 817
438 14 821
451 5 310
451 6 326
451 7 326
450 4 318
438 8 848
456 2 65
456 2 71
438 14 883
438 15 884
454 7 173
450 8 394
440 29 799
436 5 973
445 6 519
450 1 455
450 14 457
450 14 467
460 1 0
448 6 549
462 1 0
448 14 588
374 1 4839
460 3 111
450 13 634
450 14 638
460 4 140
460 5 176
462 3 178
459 3 255
436 8 1350
459 5 351
436 14 1450
459 6 367
459 7 367
436 7 1459
462 8 358
466 1 4
462 30 376
468 1 0
463 4 230
436 34 1563
436 14 1564
466 2 87
463 5 267
436 25 1587
436 6 1587
436 7 1587
465 4 301
471 1 0
465 5 343
465 6 345
471 2 58
461 3 670
469 7 192
469 13 202
469 30 202
469 14 203
469 15 203
461 5 736
469 6 219
461 7 752
469 8 267
473 5 3
473 7 19
473 1 23
473 5 26
473 7 41
469 15 319
474 1 0
471 1 304
471 13 304
471 14 306
466 5 521
466 6 537
444 3 1573
469 7 436
474 2 59
469 4 437
466 19 567
469 3 440
469 1 453
477 1 0
444 7 1644
444 30 1673
478 1 0
475 3 189
475 4 227
476 4 187
469 5 637
469 7 653
475 8 293
483 5 2
469 8 737
479 2 70
477 3 221
480 3 87
480 4 107
444 6 1967
481 2 136
444 13 1996
444 15 1998
479 5 225
479 7 231
469 1 895
479 8 258
469 7 937
469 14 945
479 8 283
489 1 0
469 7 954
469 6 969
479 34 320
470 5 969
470 6 985
470 7 985
476 1 578
476 6 587
470 8 1029
470 1 1038
470 34 1038
476 29 636
484 3 377
490 2 86
491 1 0
492 1 0
444 29 2257
444 14 2285
444 15 2285
497 1 0
485 6 482
444 7 2389
488 5 404
497 3 121
500 1 1
497 4 166
498 2 65
481 6 638
488 14 503
488 6 510
497 7 206
503 1 0
503 1 0
488 14 531
488 25 539
497 8 256
490 6 400
481 25 706
481 5 706
481 6 722
481 7 722
498 3 192
490 8 415
487 3 625
502 3 98
470 6 1390
498 4 255
502 4 134
502 6 175
502 21 177
498 7 313
490 8 532
487 14 741
487 15 741
490 8 552
490 1 592
490 5 611
492 1 511
492 14 512
505 2 51
497 34 495
490 21 629
492 6 539
492 15 543
502 14 307
497 25 506
497 6 506
497 7 506
497 15 526
497 6 559
497 8 594
508 1 0
497 14 651
502 25 435
502 7 435
502 15 441
492 6 711
508 2 37
497 25 654
497 6 654
492 5 729
492 6 746
505 3 356
508 4 281
510 2 65
512 1 0
506 1 469
506 13 469
515 1 0
505 8 583
511 3 174
516 2 37
505 15 614
510 3 207
514 3 119
508 13 453
508 30 453
508 14 453
508 15 453
511 5 235
514 5 192
510 3 283
514 6 196
509 6 323
516 3 153
505 7 742
518 2 59
516 4 201
516 7 231
515 3 288
517 4 260
514 13 353
514 14 354
512 3 379
522 1 0
523 1 0
517 6 305
512 4 427
513 4 415
512 6 463
524 1 0
513 5 486
513 6 492
521 3 227
523 2 147
513 1 530
513 15 533
520 6 298
505 30 1076
505 13 1076
505 15 1077
527 1 0
521 6 312
521 7 312
519 4 471
520 8 366
528 1 0
519 5 558
519 6 562
519 7 562
519 21 564
520 8 480
519 26 597
493 4 1771
524 6 381
493 5 1800
523 5 473
523 7 477
493 21 1817
522 8 519
526 3 395
532 1 0
522 8 524
523 14 553
526 4 436
528 5 335
528 7 351
534 1 19
534 13 19
534 14 19
528 30 405
528 14 410
526 8 592
530 6 297
530 7 297
505 6 1626
533 3 173
530 15 331
533 7 229
537 1 0
540 1 0
541 1 0
541 2 35
540 2 46
541 5 129
541 6 141
541 7 141
543 1 0
529 5 1010
529 7 1013
544 1 0
540 8 276
546 1 0
539 6 314
539 7 314
540 8 304
529 15 1131
542 2 166
542 2 170
540 8 317
540 14 339
539 14 370
547 1 0
544 2 115
535 5 668
539 8 405
547 2 55
541 8 382
529 19 1223
539 5 415
539 6 420
539 19 424
539 14 426
539 6 431
548 2 50
549 1 0
550 1 0
529 6 1276
529 19 1285
535 1 754
539 8 475
535 15 758
539 34 496
539 14 499
550 2 40
529 6 1350
529 136 1362
529 7 1379
549 3 116
550 3 116
529 19 1390
529 6 1402
529 7 1402
547 7 279
550 5 187
547 30 314
547 14 314
549 6 204
549 7 204
550 1 216
543 4 506
551 2 102
553 2 40
550 5 219
541 30 696
541 14 697
543 6 564
539 8 767
554 2 125
554 2 126
554 2 126
554 2 127
543 8 596
539 8 784
554 2 157
543 4 646
553 6 179
555 7 245
552 3 327
556 2 34
556 2 43
544 14 647
552 8 478
557 1 0
552 14 505
557 5 9
557 6 13
557 15 35
548 3 770
547 13 834
547 30 834
544 6 972
544 7 972
559 2 47
563 1 0
551 6 712
558 4 299
567 3 130
571 1 0
563 5 288
558 8 413
563 19 315
572 1 0
559 6 392
573 1 0
565 3 323
560 2 419
562 4 414
571 3 157
530 6 2425
567 14 356
562 5 471
569 2 276
568 3 358
565 7 419
567 7 363
567 15 369
567 25 371
567 26 380
567 7 383
562 6 476
559 19 499
559 25 508
559 8 515
569 6 300
569 7 300
569 30 309
576 1 0
571 4 249
577 1 0
530 2 2515
568 4 439
575 2 97
560 3 611
568 6 476
581 1 0
580 7 43
530 6 2614
580 1 57
580 19 58
574 3 275
562 3 673
584 1 0
572 6 318
576 3 207
574 4 321
568 8 622
560 7 790
574 14 435
569 25 643
574 8 448
576 6 354
577 5 348
583 3 245
576 13 373
576 14 374
582 5 324
582 6 330
577 7 438
581 3 399
583 5 382
586 5 260
586 7 263
577 7 506
583 8 416
583 15 426
591 1 0
590 2 116
593 1 0
594 1 0
591 8 186
594 2 87
595 3 84
595 4 115
589 4 331
597 1 0
595 5 161
589 6 398
589 7 399
599 1 0
589 8 444
602 1 0
604 1 0
596 4 247
602 2 70
596 5 294
596 4 349
596 5 357
601 4 189
597 3 314
597 4 317
599 3 242
601 5 225
600 5 273
600 6 277
601 13 264
597 7 368
603 1 274
597 14 431
604 3 290
597 6 468
597 7 468
602 5 381
575 3 1446
608 1 0
608 5 3
606 2 43
599 7 512
602 3 497
575 5 1565
575 6 1581
602 7 542
611 2 46
606 4 207
614 1 0
604 14 588
613 3 164
604 14 736
605 4 604
613 4 219
611 29 287
611 8 290
611 29 290
603 6 787
611 8 306
611 29 307
612 5 267
605 5 664
605 6 678
603 1 813
603 30 814
603 14 814
618 1 0
613 6 300
604 7 856
616 2 80
612 8 313
605 1 746
605 13 747
613 30 331
613 15 332
605 14 767
605 15 767
619 2 58
612 8 430
620 1 0
617 4 149
613 25 432
613 6 432
619 3 164
615 4 281
617 5 199
615 5 300
615 6 310
615 8 319
615 8 345
619 6 240
619 7 240
616 7 350
616 30 479
616 13 479
616 14 479
616 15 479
624 4 217
618 6 512
618 7 513
600 15 1416
624 6 270
624 7 271
620 6 374
620 8 385
624 19 291
620 5 397
620 7 414
631 1 0
611 14 1116
631 5 229
611 6 1166
611 7 1166
611 4 1166
611 5 1173
611 6 1177
631 8 244
611 8 1189
611 29 1190
611 29 1190
611 8 1191
611 29 1191
611 29 1203
611 29 1203
611 8 1229
631 136 305
631 14 305
631 6 317
633 4 162
633 5 204
633 7 210
635 1 0
633 8 245
628 5 551
628 6 554
633 8 264
628 8 573
628 15 601
633 13 309
631 8 483
631 25 552
631 7 552
633 7 405
628 7 743
633 14 447
637 1 0
408 1 11996
637 7 24
640 6 12
640 7 12
641 1 0
640 1 57
640 14 58
639 4 213
643 2 61
628 1 1167
639 5 274
622 4 1438
628 6 1177
637 6 356
648 1 0
650 1 0
639 5 407
647 2 51
643 6 229
643 7 229
639 7 410
649 2 58
644 5 239
641 30 428
647 1 191
638 8 570
652 7 12
642 4 402
641 13 526
641 30 526
644 19 371
651 2 93
642 5 464
641 7 583
641 13 591
642 2 499
655 1 0
653 2 112
656 1 0
657 1 0
649 8 310
658 1 0
649 8 339
649 8 344
649 8 346
654 4 146
649 8 358
649 8 360
642 25 621
649 5 392
654 8 215
642 25 632
658 2 82
652 8 278
642 25 686
659 2 44
653 5 338
653 7 347
642 6 748
642 7 748
659 3 117
662 1 0
652 8 413
659 4 147
643 8 798
643 8 817
651 6 531
658 4 326
657 4 386
659 8 238
643 8 856
651 8 575
651 8 580
657 6 428
657 7 428
652 15 556
663 1 0
657 8 467
658 6 421
653 1 607
658 2 448
657 14 505
653 6 620
643 8 1026
658 21 527
661 5 331
661 7 335
664 2 92
658 8 573
642 6 1108
663 14 200
667 1 0
628 1 2234
668 1 0
642 6 1196
628 14 2272
667 2 58
666 5 198
666 6 201
642 15 1252
628 1 2304
642 7 1255
669 1 0
666 3 237
669 1 17
643 25 1275
643 6 1275
643 7 1275
643 30 1285
671 1 0
669 5 43
669 6 55
669 8 78
672 1 0
669 8 94
668 4 231
672 2 92
659 8 818
675 5 12
668 5 260
664 8 486
667 21 379
673 3 113
667 8 398
671 4 303
671 8 363
676 4 218
671 3 384
678 1 0
672 4 399
676 5 269
676 6 285
665 7 740
675 5 323
675 7 328
670 29 475
670 8 497
674 3 353
679 3 184
683 1 0
674 6 508
679 4 225
674 14 545
684 1 0
677 7 479
679 7 270
679 8 291
677 8 573
678 7 376
674 5 645
679 4 385
678 14 411
678 6 423
684 3 157
677 14 664
674 15 823
683 7 387
683 8 403
686 4 235
683 13 409
686 5 298
686 6 306
686 8 317
408 7 14666
680 3 694
680 4 724
680 6 753
680 7 753
680 8 806
680 8 811
687 3 189
682 7 712
682 8 715
680 8 817
680 8 829
682 14 719
682 14 726
689 2 60
687 5 313
687 7 324
680 19 989
687 8 363
687 8 366
680 25 995
692 1 0
692 8 7
692 7 8
691 1 171
688 3 267
689 3 258
682 5 979
682 6 993
682 7 993
692 13 110
696 1 0
697 1 0
689 6 397
698 1 0
698 2 84
694 4 216
695 7 257
700 1 0
696 3 234
702 15 8
703 1 0
697 7 270
704 1 0
697 8 295
697 15 308
696 7 376
703 6 93
700 3 182
696 8 461
700 5 276
698 6 501
698 7 501
711 1 0
705 4 280
712 8 5
712 13 14
705 5 303
712 7 48
705 7 320
712 15 52
704 1 423
710 3 214
704 2 450
706 6 393
706 7 393
704 6 508
704 13 512
704 14 513
704 15 513
710 25 326
710 5 331
711 3 321
711 4 384
718 1 0
711 5 411
719 1 0
714 2 126
711 8 494
720 1 0
711 5 518
711 7 526
675 1 2657
675 5 2670
711 8 548
711 8 570
719 3 245
713 3 356
720 3 197
719 4 283
647 1 4097
722 1 0
714 6 388
647 2 4132
713 6 453
723 2 53
723 2 61
719 5 359
725 1 0
720 21 315
714 14 480
714 15 480
714 7 488
714 8 500
714 8 510
714 29 518
714 8 528
713 8 528
727 1 0
720 8 365
714 29 529
713 8 587
729 1 0
729 25 31
729 7 31
729 19 34
729 136 34
729 25 39
723 4 265
723 6 270
633 6 5336
633 15 5343
722 3 283
723 4 275
722 6 321
722 7 321
725 30 254
725 15 256
731 1 0
731 6 6
722 1 357
722 30 357
722 15 358
731 1 54
731 30 55
730 4 167
733 1 0
730 6 200
730 7 200
728 7 327
727 5 453
727 6 456
727 7 456
727 8 500
727 8 506
727 8 513
728 15 554
726 3 594
734 2 67
712 1 1460
726 5 655
726 7 658
739 1 0
739 6 4
647 1 4904
739 1 13
739 15 14
731 1 497
733 6 359
731 5 499
731 13 516
731 15 517
740 5 5
731 5 550
742 1 0
741 7 8
743 1 0
724 7 968
744 1 0
733 1 533
733 6 549
734 3 340
733 13 582
733 7 615
625 2 6557
737 4 328
734 6 407
734 7 407
724 30 1093
724 15 1094
733 13 638
733 15 640
734 8 441
712 4 1797
746 5 3
746 6 12
746 13 24
746 30 24
746 14 25
712 6 1874
712 7 1875
625 6 6685
733 7 760
734 15 544
745 2 87
748 1 0
733 30 782
733 14 786
712 3 1923
712 14 1976
750 2 63
752 2 67
711 13 2214
711 14 2215
750 3 204
745 4 350
731 5 1178
755 5 4
750 4 242
755 6 10
752 4 212
750 5 300
750 6 308
750 7 308
753 2 99
753 2 141
756 7 7
756 8 21
756 8 25
750 13 376
731 8 1340
731 15 1344
750 6 392
625 8 7193
625 8 7210
759 1 0
737 13 995
757 4 202
751 6 483
751 7 483
749 21 602
761 6 9
757 21 250
757 30 261
749 4 638
761 14 62
761 6 72
762 2 52
757 25 315
756 19 323
756 6 333
757 25 331
757 3 331
756 26 340
756 14 341
757 25 380
759 19 247
759 14 248
759 6 258
757 6 451
757 15 470
765 2 69
762 5 243
763 7 244
762 6 247
762 8 282
757 136 550
757 14 551
765 3 206
765 4 265
749 1 1085
760 6 640
764 7 425
760 1 656
760 13 657
760 15 658
749 5 1154
728 14 2401
728 15 2401
771 6 314
774 4 204
775 3 179
775 4 232
781 2 30
775 8 301
781 3 103
768 6 606
781 5 156
781 6 172
776 3 353
773 7 494
783 1 0
776 7 410
776 30 448
786 1 0
783 2 80
783 3 152
786 2 72
785 4 166
785 5 212
785 8 226
785 4 261
788 2 196
788 2 199
788 2 199
768 1 1073
768 13 1073
790 2 31
788 2 216
791 2 35
788 2 273
788 2 290
791 6 91
788 2 320
790 8 220
794 1 0
795 1 0
790 8 240
794 2 47
793 25 121
795 2 74
788 4 527
797 1 0
788 6 584
797 2 54
788 8 610
794 4 298
798 2 84
794 6 328
794 7 328
794 14 362
794 15 362
802 1 0
800 2 57
797 4 288
792 5 531
802 2 95
798 3 274
803 1 0
797 5 376
797 7 379
790 8 757
790 8 766
768 8 1827
805 1 0
790 13 773
798 5 398
801 6 250
790 6 880
804 3 163
797 5 562
797 7 565
798 8 506
804 4 207
804 6 300
802 5 454
805 3 378
808 1 0
809 1 0
810 1 0
805 6 452
805 7 453
813 1 0
815 1 0
802 4 693
807 2 196
806 6 265
805 8 563
806 8 285
817 1 0
815 2 117
807 3 283
818 1 0
808 2 303
819 1 0
807 7 406
807 8 419
815 3 267
807 15 454
813 6 312
813 7 312
811 4 387
813 8 345
815 5 385
815 6 389
808 6 521
824 1 0
811 7 499
808 8 596
809 7 602
809 8 656
823 2 122
790 6 1819
790 15 1838
827 1 0
827 7 11
825 8 163
827 14 56
821 3 278
818 4 517
825 8 210
826 6 218
825 8 224
809 5 856
818 3 575
821 5 381
818 7 587
819 4 612
820 6 565
820 7 565
819 8 698
819 19 706
819 34 706
819 6 722
819 7 722
819 8 725
808 13 1115
777 5 2993
777 6 2999
777 1 3003
830 1 0
777 8 3012
777 29 3013
777 29 3099
830 3 94
823 7 656
835 5 5
836 1 0
835 7 29
837 1 0
835 7 82
777 29 3231
777 15 3241
835 19 98
835 6 114
835 7 114
833 3 100
833 4 120
837 2 78
833 7 166
832 4 258
808 8 1505
831 5 366
808 8 1516
832 8 343
829 13 474
829 14 478
837 3 288
831 19 509
831 14 512
831 15 512
837 6 376
837 7 376
834 4 468
837 4 441
841 1 0
838 3 451
842 2 78
841 3 201
838 3 596
845 2 49
841 4 265
847 1 0
845 4 194
845 6 234
845 7 234
851 1 0
849 5 7
849 7 15
841 8 513
844 4 391
852 2 71
841 8 562
850 6 256
844 5 593
844 6 600
850 6 357
849 6 368
849 7 368
850 8 502
850 13 504
844 8 786
855 2 24
855 2 43
855 3 157
857 1 0
857 2 59
844 13 1261
844 15 1262
844 25 1295
844 13 1359
854 8 800
841 13 1601
841 30 1602
841 14 1602
857 29 387
860 2 48
862 1 0
844 8 1817
860 3 215
863 8 166
738 5 7544
860 6 330
857 29 836
863 2 258
863 25 264
862 6 315
863 8 273
865 4 207
844 14 2036
844 6 2043
863 19 306
863 8 321
863 14 327
844 8 2069
844 14 2077
844 15 2077
844 7 2090
862 8 378
862 1 402
844 15 2098
869 1 0
865 13 311
862 13 444
862 30 444
862 14 444
866 5 303
861 8 546
768 8 6359
866 8 333
866 4 345
866 5 348
738 5 7880
872 1 0
867 6 289
866 15 387
861 29 591
865 26 434
865 27 434
865 14 435
865 15 435
768 8 6425
867 8 308
867 13 317
867 14 319
874 1 0
861 8 634
861 8 647
862 6 608
861 8 678
873 2 66
862 13 641
862 30 641
862 15 641
866 8 461
866 13 465
866 14 465
866 26 496
866 15 564
876 3 137
879 1 0
861 8 843
875 4 216
869 3 373
866 8 650
876 4 200
870 3 418
875 6 289
870 6 459
876 5 260
877 5 204
876 14 302
869 5 492
869 6 497
861 8 996
869 8 536
869 13 567
882 7 11
881 2 45
884 1 0
879 7 293
879 21 295
869 14 681
869 15 681
886 5 8
879 14 361
844 7 2868
886 8 40
844 13 2879
844 15 2880
880 5 358
880 7 404
880 14 409
878 2 502
880 25 416
880 6 416
880 8 420
880 8 428
880 8 442
884 3 190
880 34 458
880 14 458
883 4 252
881 4 276
878 3 588
883 6 280
881 5 319
884 6 268
884 7 268
883 7 298
878 6 684
884 8 337
884 8 348
844 6 3184
881 8 505
844 8 3282
889 1 0
889 2 43
782 6 7071
890 2 49
844 8 3418
894 5 8
894 7 13
844 14 3538
888 4 454
895 1 0
782 8 7242
891 2 154
888 7 529
844 7 3633
888 8 561
886 5 847
886 8 855
889 3 366
844 13 3687
897 1 0
888 8 639
890 7 396
891 5 354
899 1 0
897 2 76
891 21 373
891 30 436
891 15 437
892 6 452
896 5 292
898 3 184
899 6 209
897 5 286
899 7 225
899 7 244
899 6 252
897 8 315
844 25 4054
844 7 4054
901 3 136
900 6 351
900 8 364
900 8 375
900 19 430
901 5 293
900 15 433
903 1 0
900 8 449
900 14 456
901 7 308
900 8 464
900 8 469
904 1 0
891 34 947
906 1 0
904 4 328
904 6 426
904 21 428
904 8 455
908 1 0
909 1 0
907 3 208
910 1 0
909 5 11
908 13 69
887 1 2328
887 2 2379
912 3 98
912 5 152
912 8 164
912 7 189
912 19 202
912 7 205
907 6 769
916 1 0
887 4 2673
916 2 69
914 7 407
887 19 2833
887 14 2849
887 7 2858
887 19 2866
850 1 5474
917 2 92
915 5 448
913 3 752
916 4 408
916 7 479
918 3 243
918 4 299
917 19 391
917 6 405
917 7 405
921 1 0
920 2 124
922 2 62
921 3 173
921 4 203
924 1 0
924 8 11
924 6 11
924 1 31
924 14 34
922 3 179
926 1 0
925 2 56
921 13 308
921 30 308
926 2 41
919 4 365
921 8 334
927 1 8
927 5 10
922 7 310
926 4 125
921 8 391
921 13 403
921 14 407
922 34 359
919 6 478
926 7 163
922 7 376
922 14 385
922 15 385
920 6 503
920 7 503
926 15 195
920 8 571
925 5 362
920 14 646
920 15 646
925 6 364
925 7 364
928 3 306
922 15 629
925 19 479
925 136 479
925 14 481
887 6 4073
929 6 336
928 5 549
929 1 369
929 5 374
928 14 589
928 15 589
929 8 427
929 8 464
929 19 475
930 14 415
930 6 441
930 136 453
930 6 462
937 1 0
938 2 38
938 5 171
941 1 0
942 1 0
940 1 360
940 6 372
946 1 0
945 2 108
880 19 6226
880 14 6228
944 3 426
945 5 236
945 6 239
946 5 182
945 14 259
946 7 198
944 5 604
945 15 274
944 8 631
947 5 3
945 6 371
945 4 372
947 6 21
947 7 21
949 2 33
949 3 109
949 4 142
944 8 889
949 6 179
951 1 0
949 8 203
952 2 75
948 3 394
952 3 204
948 6 449
948 7 450
952 3 351
950 6 393
953 2 137
953 2 210
954 3 137
954 6 214
954 8 286
958 1 0
958 5 4
954 7 308
954 8 315
954 19 323
954 34 324
955 6 286
959 1 0
955 8 317
957 2 186
961 1 0
952 1 1041
952 4 1109
956 6 670
956 8 684
959 4 425
956 26 706
956 6 716
952 13 1231
952 15 1231
960 3 311
959 5 460
956 27 733
956 14 734
956 6 753
956 8 764
959 30 498
959 14 499
959 15 499
961 3 273
960 4 369
956 5 837
956 6 845
959 7 581
959 13 595
957 3 681
956 8 888
960 8 486
956 8 927
966 2 63
966 3 172
967 2 189
966 6 279
966 14 297
966 15 297
959 4 1018
959 6 1028
959 13 1084
959 15 1085
969 1 0
959 13 1165
971 1 0
972 1 0
973 1 0
971 2 95
972 2 70
973 2 57
959 6 1358
967 2 590
969 6 322
969 7 322
970 3 273
959 6 1427
959 7 1427
969 6 356
974 3 135
974 4 164
967 3 717
973 6 241
970 5 413
970 6 417
970 7 417
974 7 236
967 7 807
972 5 371
976 2 72
967 1 911
974 14 366
967 14 914
977 3 149
978 3 193
976 4 263
979 1 0
977 8 248
977 14 265
978 7 350
978 14 375
980 3 266
980 7 436
981 2 103
984 1 0
981 4 363
981 6 482
981 7 482
981 8 529
989 3 103
986 4 693
986 3 820
986 3 831
986 5 836
986 7 845
986 5 863
992 2 39
992 3 105
992 6 160
992 7 160
986 1 1031
992 19 215
992 136 215
992 14 218
994 8 228
994 15 280
995 4 242
995 5 261
995 8 314
995 8 369
997 1 0
996 2 84
