0 1 0
0 3 128
0 8 307
0 8 320
9 1 0
9 8 250
10 6 414
10 7 415
16 1 0
17 1 0
10 6 674
16 5 213
16 7 222
16 6 249
16 7 249
12 3 511
12 4 596
17 4 373
20 2 69
12 7 728
17 6 455
17 21 458
22 1 0
17 19 496
17 14 497
22 3 126
22 4 158
22 7 195
20 7 403
20 21 404
24 6 11
22 25 471
24 27 131
24 28 131
24 28 131
24 1 178
24 7 273
24 13 344
24 15 345
32 2 49
32 3 149
33 7 418
35 3 176
36 3 171
35 6 307
35 1 383
36 5 356
36 7 365
37 1 0
33 7 1302
38 4 372
38 6 448
38 7 448
38 30 969
38 14 969
38 15 969
40 4 325
40 21 385
40 19 414
40 25 426
40 6 426
40 7 426
40 14 431
40 25 442
40 7 452
41 1 0
41 2 68
41 3 204
41 4 291
42 1 0
41 5 365
43 1 0
42 5 301
42 21 307
42 19 323
42 15 325
42 4 349
42 3 350
44 1 0
44 3 264
44 4 318
45 1 0
45 5 187
45 7 192
45 13 202
45 15 203
47 1 0
47 2 37
47 3 121
47 4 192
46 4 369
46 6 418
47 7 238
46 1 438
46 14 441
46 15 441
48 4 271
48 5 309
48 6 326
48 7 327
50 1 0
50 3 168
51 1 0
53 2 46
53 4 227
53 5 244
53 6 247
53 7 247
53 7 289
53 14 336
54 1 0
55 2 41
55 3 179
55 4 230
56 5 589
56 7 605
56 1 627
56 15 631
58 3 219
59 4 164
58 8 325
59 6 253
59 8 291
59 8 309
59 19 322
59 14 323
59 25 330
62 3 174
63 1 0
62 5 255
64 1 0
64 2 40
64 7 199
64 8 209
64 8 218
64 8 231
64 8 252
64 14 284
63 4 935
63 6 959
66 1 0
66 8 353
66 30 373
66 15 374
70 3 307
70 6 388
70 7 388
71 3 127
71 7 252
73 2 63
74 2 64
72 7 354
72 8 436
70 34 1136
72 8 525
74 4 243
72 4 545
74 6 270
77 5 8
77 7 11
76 3 359
76 4 398
76 7 446
76 8 473
76 14 485
76 8 502
80 1 0
82 1 0
82 6 12
82 1 24
82 14 26
82 15 26
81 3 123
81 7 190
80 4 304
82 7 298
82 13 301
82 14 301
82 15 301
77 13 805
77 14 806
77 15 806
79 8 532
79 8 560
79 8 586
79 8 630
79 8 657
79 14 747
79 7 760
79 8 767
79 29 774
83 1 0
84 6 20
85 1 0
86 8 250
88 1 0
86 4 381
88 2 203
89 3 213
89 4 253
89 5 306
89 15 366
91 2 76
91 5 410
93 5 135
91 8 477
91 8 488
91 8 493
94 3 167
93 8 161
88 4 861
91 8 506
91 29 548
96 3 118
88 7 1169
98 1 0
96 5 189
96 8 211
96 15 229
97 3 278
97 4 386
97 5 424
97 6 428
97 8 480
100 2 112
97 8 565
100 4 487
104 1 0
103 2 105
102 5 335
102 6 337
102 7 337
106 2 84
105 2 126
103 5 412
103 6 414
106 4 210
106 1 292
106 15 294
105 5 358
105 6 367
105 7 367
106 30 457
100 6 1133
100 7 1133
108 4 261
111 1 0
112 1 0
100 14 1203
100 15 1203
112 2 61
100 7 1216
100 19 1224
100 14 1225
100 14 1235
110 30 172
111 2 122
100 25 1359
113 5 6
113 7 10
113 8 27
100 14 1402
114 1 0
115 1 0
114 5 204
114 6 208
114 13 228
114 30 228
115 3 301
111 7 714
111 4 763
111 8 802
115 7 474
118 1 0
115 15 555
118 7 210
112 5 1125
112 19 1141
118 1 260
118 13 260
112 25 1162
112 6 1162
117 7 337
117 1 359
123 1 0
118 7 372
117 7 444
120 21 379
122 2 75
121 3 362
121 4 405
125 6 9
125 7 9
125 6 25
126 1 0
121 5 475
121 6 484
121 7 484
122 4 289
129 2 58
127 2 108
124 3 335
122 8 387
123 5 399
122 13 406
122 14 409
123 8 460
124 21 461
124 19 478
124 19 492
124 19 502
124 25 507
124 7 507
131 1 0
123 1 552
124 34 531
124 25 539
124 19 555
124 34 555
124 6 559
124 19 566
132 1 0
132 8 5
124 7 572
131 2 64
134 1 0
127 3 446
135 136 72
127 6 551
127 8 560
127 8 574
131 4 259
134 2 177
133 4 194
133 8 238
131 30 358
135 1 254
135 6 263
135 19 274
131 6 418
131 14 425
131 15 425
141 2 131
115 14 2091
143 4 246
141 6 362
141 7 362
143 6 304
141 8 424
141 14 449
122 6 1583
122 7 1583
145 1 0
146 2 44
139 13 708
139 14 711
139 15 711
151 1 0
146 6 224
145 6 275
152 1 0
145 14 320
146 25 306
146 7 324
146 8 336
151 2 182
152 2 64
151 2 207
150 7 269
155 1 0
155 7 12
127 5 1804
146 8 400
146 8 401
155 8 34
146 7 417
155 8 57
156 2 55
155 5 87
157 2 80
159 1 0
156 4 179
156 5 220
156 6 228
160 2 99
159 3 111
158 4 173
157 3 283
152 7 427
152 8 465
159 5 209
158 15 259
158 25 273
158 6 273
158 8 277
144 5 1204
144 7 1212
164 1 0
165 1 0
158 19 297
158 15 300
158 6 302
158 8 308
157 3 370
159 29 285
159 8 289
166 1 0
157 4 422
157 8 490
152 14 647
168 7 24
157 4 513
168 26 33
151 6 844
170 1 0
170 2 44
167 3 241
170 4 133
170 5 166
170 6 177
169 7 263
165 3 487
169 6 311
169 7 311
174 2 53
167 13 372
175 1 0
176 1 0
175 2 29
166 5 515
166 7 528
170 136 303
170 25 308
166 13 539
166 14 540
177 2 47
175 3 142
170 25 396
170 7 398
174 2 247
175 4 161
165 8 699
176 4 182
170 19 433
170 15 436
179 1 0
182 1 0
176 5 223
175 5 216
175 7 222
178 2 147
182 2 31
183 1 0
174 4 388
174 3 397
169 7 682
176 8 362
177 13 368
173 3 491
165 7 920
165 19 949
165 8 959
181 3 191
166 4 917
165 8 969
169 5 769
169 6 775
169 7 775
181 4 235
179 4 254
182 5 248
185 1 22
185 14 23
182 29 310
173 5 692
185 7 30
185 8 31
185 34 40
185 6 42
185 7 42
182 1 340
173 6 701
179 6 394
185 19 64
185 8 78
183 2 339
183 2 356
185 19 89
185 7 96
185 7 146
179 25 471
179 6 481
185 8 156
185 8 160
185 29 167
185 19 171
178 5 632
188 1 0
187 3 109
187 5 170
190 2 71
189 3 204
193 1 0
192 3 84
197 1 0
190 3 231
198 1 0
192 25 188
197 2 98
189 6 380
199 1 0
189 8 387
193 3 170
200 1 0
164 3 1875
198 2 86
190 4 384
199 3 115
193 6 288
193 7 288
190 6 444
190 7 444
196 4 241
193 8 310
193 26 315
196 5 289
199 8 207
203 1 0
196 1 338
196 34 338
196 14 340
200 7 199
205 1 0
200 8 235
200 15 258
197 4 400
202 4 192
202 7 237
164 8 2199
195 4 531
195 6 597
207 1 0
208 5 6
208 6 22
200 14 474
200 15 474
195 1 646
195 13 646
201 4 449
205 2 278
209 1 0
201 8 556
201 1 572
201 19 572
201 7 608
211 1 0
203 3 551
205 3 499
198 3 812
203 5 618
192 25 1089
192 6 1089
192 7 1089
209 3 259
205 8 654
205 1 676
205 15 679
198 6 971
198 7 972
211 8 206
198 30 1005
198 15 1007
213 6 23
213 7 23
213 8 47
215 1 0
216 1 0
203 8 865
209 5 439
214 2 105
210 8 475
178 5 2342
178 7 2346
213 29 200
210 8 496
213 29 203
209 8 543
178 13 2402
216 4 184
216 5 209
217 4 145
209 25 604
209 14 613
209 15 613
219 1 0
220 1 0
219 2 46
209 15 659
209 25 672
209 6 672
215 4 279
217 15 206
221 1 0
215 6 353
219 3 124
217 6 267
217 7 267
217 8 273
217 8 275
217 13 278
217 15 279
219 4 153
222 1 0
214 3 478
222 8 87
214 4 527
224 1 0
214 5 566
224 2 81
217 8 552
217 13 553
217 15 554
222 8 240
222 8 270
222 19 295
225 2 84
228 1 0
228 1 1
221 7 417
221 14 445
221 15 445
224 3 262
214 30 842
214 15 843
229 2 50
230 2 83
232 7 31
234 1 0
225 4 398
229 7 263
229 8 279
235 1 0
231 3 269
237 1 0
231 3 366
231 5 422
229 1 523
229 15 523
230 4 534
240 3 155
214 6 1507
237 4 254
238 4 261
240 6 242
241 3 171
238 7 297
240 14 261
241 4 207
230 19 732
230 14 735
240 7 281
240 30 289
240 14 290
230 15 777
245 1 0
230 6 815
240 7 369
242 2 223
241 1 325
241 13 344
245 2 92
241 6 384
241 14 400
241 7 404
246 1 0
243 4 324
244 7 328
248 2 39
243 7 367
247 3 105
252 1 0
246 7 317
244 8 547
253 1 0
248 5 255
248 6 260
248 7 260
245 3 568
242 4 816
252 3 226
252 5 287
252 7 297
242 21 918
249 3 360
249 5 496
261 1 0
263 1 0
264 1 0
261 2 76
265 1 0
266 1 0
242 4 1155
242 5 1162
256 3 319
266 2 61
261 3 165
259 3 327
254 5 427
254 6 437
254 7 438
255 4 377
268 5 5
265 4 163
253 7 580
268 6 10
268 13 18
263 4 179
265 6 202
272 1 0
265 14 217
256 7 475
256 21 476
263 8 250
263 14 273
263 15 273
264 4 253
259 8 462
255 8 547
266 3 260
272 2 84
244 13 1253
262 7 363
264 5 299
276 1 0
251 5 862
251 7 878
264 14 316
254 14 656
277 1 0
256 8 613
251 1 900
251 19 900
260 8 471
259 14 549
266 4 353
251 19 938
251 136 938
251 7 947
260 34 498
260 14 499
260 26 516
260 14 517
254 13 725
269 3 228
256 7 688
255 15 710
264 4 479
281 1 0
265 8 478
275 4 255
269 5 315
276 3 177
256 6 746
256 7 746
256 26 754
256 27 754
256 282 755
258 29 735
256 27 789
256 6 797
285 1 0
280 2 77
269 8 379
271 4 349
255 27 808
255 14 812
272 6 373
272 7 374
264 5 591
264 30 615
281 3 148
277 15 288
283 3 141
269 13 494
280 4 237
288 6 20
275 8 450
289 1 0
280 5 272
259 1 921
280 7 282
259 5 964
255 6 1034
281 6 276
281 8 298
259 7 971
293 1 0
281 19 306
281 6 310
281 14 318
281 6 321
281 8 327
278 3 407
259 1 1000
259 14 1004
285 19 307
281 8 340
281 34 342
281 15 345
285 15 314
285 7 331
293 2 149
296 1 0
257 3 1250
255 29 1250
255 8 1257
290 4 324
294 8 235
278 3 655
257 4 1282
297 1 21
297 8 37
297 6 45
290 13 385
290 14 386
294 19 305
294 14 306
300 1 0
298 2 35
257 6 1341
297 6 67
255 6 1371
297 8 85
295 4 233
257 1 1407
257 30 1410
301 1 0
292 4 439
290 7 498
290 14 505
295 5 285
295 6 296
302 1 0
298 3 164
298 6 222
298 8 253
298 25 266
298 8 269
303 5 180
296 5 451
296 6 457
305 3 130
298 8 390
301 3 270
298 29 410
306 1 145
306 19 145
305 5 218
305 14 243
305 14 253
303 2 352
296 29 624
296 6 661
303 3 416
303 4 424
301 8 436
296 14 678
310 1 0
308 3 241
303 3 484
303 6 498
303 7 499
303 30 508
307 3 415
311 2 53
309 4 294
309 6 326
307 4 485
309 8 343
309 14 357
309 25 368
309 6 368
307 5 580
255 29 2208
301 15 748
307 8 695
313 3 106
255 4 2440
307 14 839
255 6 2459
313 5 154
313 6 162
313 14 202
314 3 182
318 1 0
313 6 282
255 13 2623
314 7 261
313 7 345
293 3 1619
318 2 107
313 14 357
315 4 305
315 5 368
315 4 372
321 1 0
319 4 223
316 7 429
316 6 429
319 7 276
322 1 0
323 1 0
326 1 0
321 2 182
319 6 376
317 6 485
317 7 485
319 15 386
321 2 202
322 3 154
327 1 0
325 3 262
325 4 318
331 1 0
329 2 106
328 4 266
328 5 281
328 6 285
328 8 308
325 5 534
325 7 546
328 5 364
328 7 367
328 8 371
333 3 114
329 4 306
328 8 412
325 6 632
329 6 376
329 1 404
329 34 404
333 8 217
327 4 537
329 25 424
329 6 425
329 7 425
328 1 561
328 15 565
338 1 0
337 2 47
336 3 226
336 4 295
336 5 344
337 3 147
336 6 352
336 13 377
337 4 223
337 5 254
336 7 486
336 15 496
340 1 0
341 1 0
339 3 171
341 2 44
339 5 328
342 2 40
339 7 336
339 13 377
339 14 378
345 1 0
340 7 373
346 2 46
347 1 8
347 8 18
347 6 18
339 6 549
345 2 99
342 13 288
342 14 289
344 2 114
344 2 121
346 3 158
348 4 161
346 5 250
346 6 253
350 1 0
344 3 310
345 3 366
352 1 0
349 5 257
349 6 266
344 6 546
345 5 525
345 6 531
345 7 531
345 8 542
345 8 579
359 1 0
353 3 167
341 6 915
341 7 915
352 6 177
352 7 177
352 19 199
354 4 193
353 6 232
353 7 232
361 1 0
354 5 219
345 29 676
352 4 279
355 4 204
354 3 253
354 25 255
354 5 255
353 8 280
354 13 260
354 6 265
354 14 275
354 15 275
345 8 757
360 5 196
360 7 200
360 8 237
345 8 836
360 4 254
350 13 606
363 5 4
363 6 8
360 5 275
363 5 54
363 21 61
361 7 287
359 6 398
361 1 341
361 19 341
359 30 407
359 14 409
345 8 1006
345 5 1054
345 7 1061
345 8 1148
365 2 48
366 2 63
345 26 1220
345 14 1221
367 2 54
364 6 242
364 7 242
364 8 269
345 6 1270
364 1 273
364 34 273
369 2 79
370 1 0
366 4 202
368 3 177
345 25 1401
345 7 1401
345 8 1408
369 5 207
365 4 359
369 6 211
369 7 211
365 6 399
368 8 329
367 6 372
368 29 384
365 1 510
359 25 1027
359 6 1027
365 25 568
365 34 586
363 1 824
363 21 835
365 25 606
365 6 606
367 13 495
367 14 497
373 2 70
363 5 909
363 6 916
363 7 916
373 3 267
372 4 391
373 4 298
374 3 299
372 8 462
373 8 364
372 8 479
374 6 385
374 7 385
380 1 0
373 8 418
381 1 0
374 14 460
378 2 108
373 19 521
373 34 521
381 3 123
381 4 150
377 5 349
377 6 352
381 14 251
380 5 335
380 7 339
385 2 57
377 4 462
377 3 466
380 14 370
380 6 379
380 7 380
377 5 491
377 7 495
384 3 179
378 4 527
377 5 551
377 8 567
387 2 38
387 4 107
387 5 142
387 6 150
378 26 771
378 27 771
378 15 774
385 6 428
385 7 428
378 6 813
385 19 505
378 25 881
378 7 889
392 1 0
388 2 135
392 2 50
390 2 189
392 3 179
377 8 1189
396 1 0
388 7 347
389 4 299
392 5 241
388 8 365
388 8 370
389 7 335
393 3 140
388 29 424
388 8 427
389 8 391
395 4 159
398 1 0
393 30 257
395 6 220
395 7 221
397 2 79
398 2 45
395 8 239
388 30 579
388 13 579
388 14 581
399 13 22
396 3 300
405 1 0
407 1 0
404 2 74
397 5 304
397 6 307
396 6 439
377 8 1649
406 2 74
409 13 19
409 15 19
398 3 352
403 3 241
387 15 1205
404 3 239
412 1 0
396 136 635
400 7 446
412 2 58
413 1 0
404 4 360
414 1 0
396 26 715
400 6 503
400 7 504
400 14 520
396 25 739
396 6 739
404 6 419
404 7 419
398 6 629
404 30 467
416 1 0
416 1 0
403 8 502
406 4 456
412 7 264
298 5 7369
412 3 281
418 1 0
398 8 786
415 7 235
412 6 311
412 19 322
411 4 418
403 3 623
403 4 633
412 7 377
412 19 384
416 7 201
412 19 399
412 14 400
412 7 403
413 7 385
413 1 432
420 1 0
413 6 442
413 7 442
418 5 233
418 7 246
398 14 1029
418 8 273
398 6 1042
398 7 1042
418 8 317
422 6 13
422 7 14
423 1 0
424 5 3
419 14 310
414 8 753
414 29 756
426 1 0
421 1 261
421 15 262
414 8 779
414 8 797
414 29 804
428 1 0
429 1 0
428 8 16
430 1 0
430 5 5
428 29 41
431 1 0
431 5 2
431 6 18
431 7 18
429 2 124
423 4 340
421 25 521
421 6 521
421 14 524
421 15 524
427 4 253
433 1 0
421 6 563
421 7 563
421 15 567
423 8 462
421 6 583
421 14 589
421 15 589
427 7 316
432 2 140
427 4 405
427 21 425
427 8 429
427 8 478
427 19 488
427 34 488
427 25 502
432 3 263
421 25 827
421 7 827
421 6 827
421 30 833
434 4 201
434 5 222
432 5 359
434 7 234
432 7 375
436 1 0
437 1 0
421 13 1038
421 14 1039
436 2 150
437 3 184
421 6 1173
441 1 0
437 7 290
437 8 333
440 3 234
438 6 418
437 8 455
443 2 39
428 2 1124
441 3 253
438 14 458
438 6 479
446 1 0
428 3 1166
440 5 354
440 7 358
448 1 0
446 2 33
447 2 44
449 1 0
428 6 1195
450 1 0
451 1 0
428 4 1228
441 5 369
445 2 118
441 15 404
441 6 415
447 3 135
451 2 60
441 14 421
446 4 134
453 1 0
443 6 252
441 8 463
446 7 187
447 4 180
443 8 271
447 5 223
450 3 171
436 6 749
436 7 749
441 19 510
441 14 515
447 7 240
451 3 201
452 4 194
456 1 0
445 3 382
436 2 867
451 6 326
451 7 326
447 7 417
438 19 879
438 34 879
438 25 888
438 6 888
454 5 168
454 6 173
450 8 394
438 19 925
438 34 926
436 25 973
436 6 982
440 8 801
456 3 151
450 34 455
450 14 457
450 15 467
460 1 0
461 1 0
448 13 587
459 2 61
461 2 42
460 3 111
450 15 638
460 4 140
460 6 180
460 8 195
463 1 0
436 8 1350
462 5 252
462 6 256
462 7 256
436 19 1449
436 34 1449
459 6 367
466 1 0
463 3 195
462 30 376
462 14 377
462 15 377
436 19 1563
466 2 87
436 25 1587
436 8 1630
469 2 62
471 1 0
470 2 68
472 1 0
465 5 343
461 4 690
469 5 182
469 7 192
461 5 736
469 6 219
461 7 752
471 4 181
469 8 267
473 1 0
473 5 3
473 5 26
471 5 216
471 7 232
472 5 215
473 6 41
469 15 319
461 13 887
461 15 888
475 1 0
471 1 304
471 13 304
466 6 537
444 3 1573
473 8 142
466 14 571
466 15 571
444 5 1639
477 1 0
444 6 1643
444 7 1644
476 2 46
474 3 158
469 4 618
476 5 213
469 6 652
469 7 653
475 8 306
481 1 0
484 1 0
486 1 0
487 1 0
444 6 1967
479 3 157
484 2 139
469 1 895
469 5 899
469 7 904
469 8 909
469 13 911
479 8 262
479 8 273
469 6 937
469 7 937
479 8 277
479 8 286
477 8 428
477 8 433
469 7 954
469 7 964
469 26 967
469 6 969
469 7 970
469 15 987
470 5 969
470 6 985
470 8 1029
470 1 1038
470 19 1038
470 34 1038
484 3 377
444 29 2257
496 1 0
444 14 2285
485 3 414
493 2 58
493 2 64
497 2 47
492 2 129
485 5 478
485 6 482
481 4 558
490 3 280
500 1 1
481 6 638
488 8 451
481 3 668
488 136 500
488 25 510
488 7 510
497 6 206
503 1 0
481 3 702
488 25 539
497 8 256
490 7 401
490 21 403
481 25 706
481 5 706
481 3 735
498 3 192
490 8 415
470 6 1390
492 4 373
502 4 134
487 6 727
487 7 728
502 21 177
498 7 313
490 8 532
487 14 741
487 15 741
502 8 222
502 8 236
506 1 0
490 4 601
492 1 511
492 19 511
492 14 531
490 6 627
492 25 539
492 6 539
492 14 543
502 14 307
502 15 307
497 25 506
497 25 559
497 7 559
497 8 607
508 1 0
497 8 630
497 14 651
502 15 441
492 21 747
506 3 322
508 3 225
509 1 0
508 4 281
510 2 65
512 1 0
513 1 0
505 5 510
506 1 469
506 13 469
506 15 470
512 2 48
509 3 140
513 2 96
517 1 0
509 4 240
509 5 307
509 7 324
505 6 742
514 13 353
515 4 338
517 7 305
512 5 459
512 6 463
512 7 463
525 1 0
520 3 198
521 3 227
523 2 147
513 19 531
513 136 531
513 14 533
520 5 294
520 6 298
527 1 0
521 6 312
528 1 0
523 3 322
519 5 558
519 7 562
519 21 564
528 2 111
519 1 597
529 1 0
493 4 1771
530 1 0
524 6 381
524 7 381
522 7 478
493 6 1816
493 21 1817
522 8 519
528 3 237
528 4 308
528 7 351
526 6 509
528 8 378
512 13 1049
512 30 1049
534 6 15
534 1 19
534 13 19
530 4 239
528 13 405
505 25 1626
530 8 313
505 30 1629
533 5 212
533 8 323
535 2 68
529 4 708
526 5 1045
539 1 0
526 7 1063
541 1 0
541 4 111
539 3 195
540 6 201
535 4 537
545 1 0
539 5 309
540 8 304
542 2 166
540 1 333
540 13 333
540 30 333
539 7 353
548 1 0
529 4 1200
535 5 668
535 7 672
529 19 1223
539 19 424
539 14 426
539 7 432
541 13 396
541 15 396
550 1 0
529 6 1276
529 7 1276
535 13 754
535 30 754
539 8 475
539 19 496
529 14 1303
529 136 1340
547 3 201
529 6 1379
552 1 0
529 14 1391
547 6 279
547 8 287
554 1 0
555 1 0
549 5 189
541 6 644
550 6 202
551 2 102
550 5 219
541 30 696
541 14 697
543 7 564
539 5 748
539 6 761
539 8 767
553 3 106
554 2 126
554 2 126
554 2 127
544 6 542
554 2 157
555 3 153
543 29 642
553 5 173
553 6 179
553 7 179
544 8 552
555 4 187
554 2 187
553 13 204
552 3 327
544 13 645
554 4 329
552 5 419
554 5 353
554 8 378
552 1 505
552 14 505
560 1 0
561 1 0
562 1 0
558 2 102
564 1 0
548 6 896
551 5 709
551 8 729
568 1 0
547 30 1019
558 5 346
558 6 352
563 5 288
563 21 301
563 14 316
559 7 392
563 26 330
560 2 419
560 2 422
562 4 414
559 8 434
569 6 249
565 4 377
567 5 339
567 7 343
567 26 355
562 5 471
569 2 276
530 3 2467
567 6 362
567 7 363
567 26 380
567 27 380
567 14 381
562 6 476
559 34 499
571 5 218
559 25 508
559 6 508
571 7 225
559 8 515
569 6 300
569 13 309
569 14 310
569 15 310
567 26 390
567 27 390
567 15 394
571 3 250
577 1 0
530 2 2515
565 13 479
580 1 0
530 25 2580
580 5 26
581 1 0
580 6 42
530 25 2609
530 6 2614
580 19 58
580 14 67
568 8 525
562 3 673
568 8 562
568 8 574
584 1 0
572 5 316
572 6 318
582 2 86
568 8 625
585 6 18
560 6 789
577 3 255
586 2 36
574 19 421
569 6 643
569 8 654
574 6 442
574 8 448
569 8 661
576 5 343
576 7 354
582 3 248
587 1 0
583 3 245
576 1 373
576 13 373
584 3 238
582 4 286
582 6 330
583 4 336
577 25 438
577 25 497
588 1 0
583 5 382
586 5 260
577 7 506
583 8 416
583 13 422
577 8 534
590 1 0
584 7 419
590 2 104
590 2 108
592 1 0
590 2 116
594 1 0
595 2 25
591 1 205
591 13 205
589 6 398
597 2 73
601 1 0
589 8 474
599 2 69
603 1 0
604 1 0
408 1 9867
602 2 70
600 3 162
597 3 260
605 1 0
601 3 146
596 5 357
601 4 189
600 8 286
601 1 264
601 13 264
601 14 266
597 8 395
597 19 417
597 6 468
606 1 0
607 1 0
602 6 396
603 2 381
606 2 43
610 1 0
606 3 147
611 2 46
604 27 585
606 8 272
611 4 185
603 4 675
604 7 710
604 26 733
611 5 225
611 7 228
611 29 287
611 29 290
611 29 290
603 6 787
611 8 306
605 7 678
603 1 813
611 8 335
612 6 283
612 7 283
613 5 285
616 2 80
605 8 729
613 30 331
605 15 767
612 8 363
612 29 379
619 2 58
619 2 66
617 3 115
612 8 430
617 4 149
613 25 432
613 7 432
616 3 239
619 3 164
618 2 179
619 4 192
617 6 215
617 7 215
623 1 0
617 13 226
617 30 226
624 1 0
616 6 350
615 8 378
615 13 388
615 14 396
618 3 407
616 30 479
616 14 479
616 15 479
624 3 165
620 5 362
618 7 513
620 5 397
620 6 414
630 1 0
624 14 323
624 15 323
631 2 30
605 13 1393
605 30 1394
611 26 1116
611 29 1190
611 29 1190
611 29 1191
611 29 1203
611 29 1203
611 8 1204
611 8 1229
633 3 135
631 7 317
631 8 362
633 7 210
628 6 554
628 8 573
628 30 596
634 4 277
631 8 483
634 6 305
631 6 552
633 25 404
633 6 405
633 8 411
628 5 739
633 15 447
631 8 620
628 21 747
636 1 0
631 8 664
637 1 0
639 1 0
640 5 7
641 1 0
640 13 57
640 14 58
640 15 58
641 2 80
642 2 79
643 2 61
639 5 274
639 6 276
628 5 1174
628 7 1176
646 1 0
641 3 271
643 3 155
641 3 294
622 5 1520
641 4 328
644 3 179
622 7 1527
638 3 412
650 1 0
639 5 407
643 8 235
643 8 240
643 29 241
644 4 217
639 6 410
639 7 410
641 6 388
644 8 252
641 14 431
644 8 272
638 5 551
641 6 503
641 7 503
652 5 7
652 7 12
649 3 200
641 14 527
638 30 596
638 15 597
638 26 648
654 2 49
641 30 591
649 5 264
649 6 268
655 1 0
656 1 0
653 2 125
649 8 310
649 8 311
649 29 314
649 29 316
654 3 124
652 8 179
642 3 559
649 8 336
649 8 339
649 8 346
649 8 363
649 8 372
644 6 536
651 3 247
642 25 612
642 5 612
642 25 621
642 5 621
649 6 407
654 7 208
642 6 622
642 5 632
658 2 82
654 8 242
653 3 261
651 5 339
642 6 688
653 5 338
651 14 381
653 6 347
642 5 741
642 6 748
659 3 117
662 1 0
652 8 413
657 3 310
661 2 67
659 5 185
659 8 219
657 4 386
642 1 875
642 15 875
657 5 423
657 6 428
657 7 428
652 30 554
652 14 556
663 1 0
657 8 467
663 8 25
663 8 33
663 8 44
657 14 505
653 6 620
661 3 266
643 8 1026
658 4 503
658 6 525
658 7 526
661 6 335
643 8 1061
658 8 573
643 13 1113
663 26 197
663 6 212
663 7 212
628 7 2240
642 14 1194
642 7 1197
628 26 2270
628 27 2271
666 5 198
642 14 1252
642 15 1252
628 25 2290
628 7 2290
628 7 2313
666 4 236
669 1 0
666 3 237
669 1 17
643 7 1275
643 30 1285
669 5 43
669 7 56
667 3 194
668 3 185
664 4 395
672 2 92
674 1 0
659 8 818
675 1 0
668 5 260
668 6 277
673 2 49
675 14 33
675 15 34
667 5 365
667 6 374
667 21 379
673 3 113
673 4 137
659 8 924
664 34 573
664 14 576
664 15 576
676 3 156
672 3 299
670 3 356
671 5 344
676 4 218
671 3 384
672 4 399
676 5 269
665 6 740
675 6 328
680 1 0
681 1 0
672 5 482
674 5 494
674 15 545
679 5 266
684 1 0
678 4 329
679 8 299
679 8 303
686 1 0
674 8 652
678 7 423
677 8 642
674 14 823
683 6 387
683 30 409
683 15 413
682 6 448
682 7 449
682 8 472
687 1 0
682 6 508
682 15 536
686 8 378
680 7 753
408 1 14738
680 8 792
682 6 711
682 7 712
689 1 0
690 1 11
682 14 719
682 15 726
691 5 19
691 6 24
687 7 324
691 8 37
682 7 839
680 14 990
687 8 363
680 6 995
680 34 1011
692 8 47
692 8 52
694 1 0
697 1 0
689 6 397
689 7 397
698 1 0
694 3 186
697 2 67
694 5 255
694 7 258
700 1 0
697 4 228
702 15 8
700 2 55
701 2 53
704 1 0
697 19 305
697 34 305
697 14 308
703 3 61
703 4 74
696 8 413
705 2 72
706 1 0
707 1 0
700 6 286
698 4 445
706 2 60
698 5 492
688 5 930
688 6 944
688 7 944
688 8 984
704 6 288
712 1 0
704 13 316
704 15 316
712 6 5
712 13 14
712 14 14
711 2 74
705 5 303
705 8 347
704 7 508
706 8 408
711 4 384
717 1 0
711 6 418
711 7 418
711 8 494
720 1 0
711 7 526
675 1 2657
720 2 57
675 7 2677
706 1 723
675 30 2725
675 15 2725
721 1 0
714 6 352
723 1 0
714 14 380
724 1 0
714 25 388
647 2 4132
714 29 421
720 4 270
719 6 367
720 5 305
720 21 315
720 8 326
714 25 487
720 29 358
714 29 507
727 1 0
720 8 365
713 8 587
728 2 49
725 4 165
729 14 25
729 25 31
729 25 39
729 6 39
723 5 248
723 6 251
633 6 5336
633 7 5337
633 13 5342
722 3 283
723 4 275
725 13 254
725 30 254
731 1 0
731 5 2
731 7 7
722 30 357
730 3 147
727 3 289
733 1 0
730 7 200
728 6 327
728 8 337
733 2 64
727 8 500
727 8 506
727 8 513
736 1 0
728 13 553
726 4 631
733 4 310
733 5 348
726 8 701
731 30 516
731 6 556
731 7 556
733 8 426
741 1 0
731 8 566
733 14 446
733 15 446
625 2 6406
741 5 4
731 14 596
742 2 64
724 5 963
724 6 968
724 7 968
744 5 4
744 6 11
744 13 16
734 3 340
724 8 1019
733 14 583
733 15 583
724 29 1056
733 5 606
625 2 6557
738 3 271
734 6 407
724 1 1092
724 15 1094
746 6 12
746 13 24
734 19 510
712 5 1871
712 6 1874
625 5 6681
734 8 538
734 34 542
745 2 87
733 30 782
733 14 786
749 1 0
712 34 1963
712 14 1976
712 15 1976
751 1 0
745 3 265
711 14 2215
750 3 204
751 3 158
745 4 350
752 3 158
749 3 303
751 4 221
752 4 212
751 7 248
756 1 0
756 7 7
750 30 376
750 15 376
749 4 411
758 1 0
750 6 392
625 8 7193
760 1 0
737 15 996
751 6 483
749 5 592
749 7 600
761 5 6
757 6 249
757 14 262
761 29 36
761 29 48
757 7 285
761 15 62
761 6 72
759 4 192
756 34 323
756 6 333
757 3 331
759 6 230
759 7 230
764 1 0
756 7 352
759 19 247
765 1 0
762 3 174
757 7 451
757 21 453
757 15 470
766 1 0
762 4 228
763 5 230
763 7 244
757 6 541
757 7 541
757 14 551
760 2 474
767 1 0
760 4 582
760 5 624
771 1 0
760 30 657
768 2 113
770 2 61
771 2 54
764 13 482
764 15 483
773 1 0
772 2 65
728 7 2391
728 8 2396
768 4 279
773 2 95
728 13 2400
728 15 2401
771 6 314
779 1 0
770 7 349
780 1 0
770 30 391
781 1 0
775 7 287
775 8 301
772 6 373
781 3 103
768 7 606
781 6 172
773 7 494
779 4 278
776 6 410
785 1 0
786 1 0
773 8 651
787 1 0
787 2 54
774 8 665
785 5 212
785 8 226
788 2 167
790 1 0
788 2 187
788 2 196
768 1 1073
768 14 1073
768 15 1073
791 1 0
790 2 31
787 5 253
787 6 258
791 2 35
791 25 87
791 6 91
792 2 57
790 7 198
790 8 240
794 2 47
796 1 0
793 25 188
793 3 189
787 13 575
787 14 578
793 5 221
793 21 231
798 1 0
794 3 260
794 5 325
792 3 372
794 8 356
797 3 203
794 15 362
802 1 0
797 5 312
797 6 315
797 7 315
792 6 534
798 3 274
797 2 351
797 7 379
800 4 216
801 3 189
800 7 238
801 4 218
798 8 409
797 3 537
801 8 275
804 3 163
797 8 605
804 5 296
804 8 326
809 1 0
805 4 407
814 1 0
809 2 119
806 4 221
811 2 89
806 5 263
806 8 285
806 8 333
807 4 371
818 2 72
811 3 328
813 5 307
807 13 451
815 4 304
813 6 312
808 4 432
813 8 345
813 4 373
808 5 514
808 6 521
825 1 0
809 5 598
809 6 602
815 13 514
822 3 162
790 1 1810
818 6 400
818 7 400
825 3 100
790 6 1819
790 7 1819
790 14 1838
822 4 210
827 5 7
827 7 11
827 8 19
809 8 732
824 3 161
825 7 151
825 8 163
827 15 37
818 29 488
821 3 278
818 3 521
825 8 232
826 4 229
821 4 332
809 5 856
809 7 861
794 4 1775
818 6 587
819 3 544
808 8 967
808 30 992
808 14 992
823 3 433
820 1 599
819 5 654
808 7 1091
819 7 722
819 8 725
808 8 1096
808 13 1115
777 6 2999
777 7 3009
830 1 0
832 1 0
777 29 3082
777 8 3085
777 29 3099
823 21 660
834 1 0
835 5 5
835 6 29
835 6 82
835 7 82
777 29 3230
835 19 108
835 7 114
833 4 120
832 3 205
835 8 118
833 3 153
831 3 275
832 4 258
808 7 1495
829 6 434
829 8 441
831 5 366
829 13 474
808 13 1595
808 15 1596
831 8 498
831 34 509
831 14 512
831 15 512
837 4 333
834 3 434
835 6 499
835 7 499
829 7 700
835 7 530
841 1 0
842 1 0
843 2 36
842 2 63
844 2 88
841 4 265
841 5 321
845 3 154
850 1 0
845 5 227
844 3 339
844 4 391
852 2 71
852 2 72
850 7 256
850 14 294
850 6 357
854 1 0
855 1 0
855 2 24
854 3 258
855 3 157
854 6 538
854 7 538
844 25 1295
844 7 1295
841 13 1601
841 30 1602
841 14 1602
841 15 1602
854 14 825
854 15 825
857 29 379
857 29 387
844 25 1510
844 7 1511
859 3 327
864 1 0
863 2 42
865 1 0
866 1 0
863 4 127
738 5 7544
863 29 194
857 29 836
863 2 258
863 5 264
863 7 267
862 5 311
862 6 315
860 14 400
860 15 400
861 4 377
863 8 273
863 7 300
738 8 7682
844 15 2036
844 25 2043
844 8 2051
863 19 306
863 14 306
863 8 316
863 15 327
844 7 2090
862 1 402
844 14 2098
869 1 0
865 7 289
865 8 297
867 3 164
866 4 257
862 13 444
866 7 311
866 5 348
866 7 356
861 8 581
738 6 7891
865 7 418
867 6 289
866 13 387
866 14 387
861 8 598
873 1 0
768 8 6412
865 27 434
768 8 6433
867 13 317
865 25 502
865 7 503
866 7 460
866 25 489
866 6 489
866 7 489
866 14 513
866 15 513
866 6 519
866 7 519
866 5 532
866 6 540
878 1 0
866 8 544
875 3 168
877 2 44
876 3 137
879 1 0
875 4 216
866 8 650
873 3 271
876 4 200
880 1 0
875 6 289
870 5 455
870 6 459
869 4 462
869 4 476
877 6 207
877 7 207
876 14 302
869 5 492
869 7 497
869 8 516
869 15 568
873 6 509
873 7 510
879 21 295
869 15 681
883 2 67
880 4 322
879 14 361
886 8 24
880 8 386
880 5 401
880 1 406
880 25 416
880 7 416
880 8 428
880 8 442
884 3 190
880 14 458
880 6 462
880 7 462
884 5 259
881 5 319
881 7 324
883 6 298
883 8 306
888 1 0
878 6 684
884 8 348
884 8 352
884 8 354
881 6 483
881 13 511
844 29 3256
844 8 3314
890 1 0
883 4 599
844 8 3400
782 6 7071
844 8 3418
892 2 64
893 2 65
888 3 386
894 5 8
894 8 27
894 30 47
888 4 454
889 4 227
896 1 0
889 5 283
889 6 285
844 25 3632
844 8 3638
896 2 63
886 5 847
886 7 853
886 8 864
889 34 352
889 14 354
889 6 364
889 4 365
888 8 623
890 5 388
899 1 0
896 3 176
891 6 371
891 7 371
891 21 373
891 13 436
892 6 452
892 7 452
900 2 84
896 6 297
899 19 215
899 14 216
898 4 220
901 2 49
899 7 225
899 19 250
898 5 268
898 7 281
898 8 300
897 8 321
844 6 4054
844 13 4071
901 3 136
891 6 691
900 5 336
900 8 394
900 8 401
901 5 293
900 14 433
903 1 0
900 8 449
900 14 456
901 7 308
900 8 469
891 19 947
891 14 948
906 1 0
907 2 60
904 5 423
904 7 426
908 1 0
908 7 8
907 3 208
910 1 0
909 6 20
908 13 69
908 14 70
908 15 70
904 1 592
904 34 593
904 14 593
911 1 0
912 15 182
912 6 189
912 14 202
912 7 205
915 1 0
887 3 2540
916 1 0
914 3 279
887 4 2673
887 5 2738
887 6 2754
887 19 2833
887 136 2834
887 6 2857
887 7 2858
850 1 5474
850 5 5477
916 4 408
917 4 274
916 6 479
918 3 243
917 5 358
917 6 366
919 1 0
918 4 299
917 6 405
919 2 51
918 6 346
918 7 346
922 2 62
924 6 11
921 5 228
924 1 31
924 15 34
919 3 282
920 4 359
926 2 41
922 6 310
922 7 310
926 4 125
921 30 403
921 15 407
928 2 59
922 14 385
922 15 385
926 8 186
923 3 404
920 5 500
926 13 195
926 14 195
926 15 195
919 13 525
920 8 571
923 4 502
920 1 645
920 30 646
922 7 617
919 7 726
919 3 742
925 8 471
930 2 61
929 3 191
920 6 919
920 7 919
928 7 552
929 1 369
920 8 997
928 1 576
928 14 578
928 15 589
929 8 454
929 8 460
929 8 464
930 6 368
930 7 368
931 1 0
930 19 414
930 136 414
933 1 0
930 6 441
934 1 0
930 7 462
936 1 0
939 1 0
938 3 116
938 5 171
941 1 0
944 1 0
944 1 1
940 4 322
940 5 346
940 6 350
940 5 368
940 6 372
940 13 387
940 15 391
945 6 10
880 6 6206
880 1 6225
880 19 6226
946 3 113
945 5 236
945 6 239
945 7 239
944 4 558
946 5 182
945 19 257
944 5 604
945 7 371
947 6 21
947 7 21
949 2 33
949 4 142
944 8 889
949 7 179
949 8 203
950 2 96
948 3 394
952 3 204
950 3 248
950 4 299
952 4 326
953 2 132
950 8 422
950 8 444
954 3 137
956 1 0
954 5 209
954 7 214
954 19 238
955 3 178
954 34 301
958 1 0
958 5 4
954 6 308
954 8 315
958 6 12
954 34 324
954 6 327
954 7 327
954 4 328
955 6 286
955 8 322
959 2 72
957 2 186
956 3 417
960 1 0
960 2 115
962 1 0
952 3 1103
956 4 587
952 4 1109
959 4 425
956 7 716
952 1 1229
956 26 733
959 7 468
956 7 754
956 8 756
959 14 499
960 4 369
961 4 336
956 6 845
956 7 845
959 7 581
959 14 595
960 7 441
956 8 888
961 6 385
961 7 386
961 8 422
966 1 0
967 2 189
966 6 279
968 1 0
959 5 1020
969 1 0
969 2 54
959 6 1143
959 30 1165
959 15 1166
971 1 0
971 2 95
974 1 0
959 7 1358
959 19 1386
969 7 322
969 5 353
969 7 356
973 3 154
972 3 218
967 3 717
974 7 182
970 7 417
974 13 229
974 15 230
972 4 316
967 6 806
967 1 911
972 8 482
972 34 485
979 1 0
978 6 350
978 14 388
980 1 0
980 3 266
980 6 436
980 7 436
982 1 0
981 2 103
986 2 58
985 2 74
988 1 0
981 6 482
981 8 529
990 1 0
989 3 103
985 6 304
985 7 304
989 6 158
989 7 158
989 8 188
986 4 817
986 3 820
986 4 834
986 3 858
992 1 0
993 1 0
986 7 874
986 8 883
992 2 39
995 1 0
992 3 105
994 3 123
995 2 57
992 5 157
992 7 160
986 14 1049
986 15 1049
994 5 175
994 6 183
992 19 215
992 136 215
994 29 275
995 7 277
995 8 314
994 6 473
996 2 64
996 2 84
