10 1 0
10 2 126
10 3 324
10 5 410
10 6 414
10 7 415
10 13 428
10 14 429
17 1 0
10 1 665
10 5 669
10 6 674
10 7 674
17 2 95
17 3 321
17 5 448
17 6 455
17 7 455
17 21 458
22 1 0
17 14 497
17 14 507
22 2 37
22 3 126
22 5 185
22 6 195
22 7 195
23 1 0
24 1 0
24 5 6
24 6 11
24 7 11
22 1 464
22 5 472
22 6 479
22 7 479
24 1 131
24 26 131
24 28 131
24 28 131
24 1 178
24 2 202
24 3 245
24 5 267
24 6 273
24 7 273
24 1 344
24 13 344
24 14 345
31 1 0
33 1 0
33 2 72
33 3 208
33 5 354
33 6 358
33 7 358
33 34 406
33 14 409
33 6 418
33 7 418
35 1 0
33 13 449
33 14 450
35 2 70
35 3 176
35 5 304
35 6 307
35 7 307
35 21 309
35 1 383
35 34 383
35 14 385
37 1 0
33 1 1294
33 5 1297
33 6 1302
33 7 1302
39 1 0
40 1 0
40 2 81
40 3 241
40 5 380
40 6 382
40 7 382
40 21 385
40 1 414
40 14 417
40 6 426
40 7 426
40 14 431
40 6 442
40 7 442
40 14 446
40 6 452
40 7 452
41 1 0
41 1 0
41 2 68
41 3 204
41 5 365
41 6 371
41 7 371
44 1 0
44 2 74
44 3 264
44 5 387
44 6 390
44 7 390
46 1 0
46 2 63
46 3 307
46 5 414
46 6 418
46 7 418
46 1 438
46 34 439
46 14 441
48 1 0
48 2 76
48 3 211
48 5 309
48 6 326
48 7 327
49 1 0
50 1 0
50 2 71
50 2 79
50 3 168
50 5 230
50 6 232
52 1 0
54 1 0
55 1 0
55 2 41
55 3 179
55 5 265
55 6 269
55 7 269
57 1 0
59 1 0
59 2 35
59 3 139
61 1 0
62 1 0
59 5 237
59 6 253
59 7 253
62 2 58
59 34 322
59 14 323
59 6 330
59 7 330
62 3 174
62 5 255
62 6 265
62 7 265
67 1 0
70 1 0
70 2 97
70 3 307
70 5 384
70 6 388
70 7 388
74 1 0
74 2 64
75 1 0
74 3 180
75 2 74
70 34 1136
70 14 1136
76 1 0
70 6 1144
70 7 1144
70 34 1169
70 14 1172
74 5 263
74 6 270
74 7 270
70 6 1280
70 7 1281
75 3 286
77 1 0
77 5 8
77 6 11
77 7 11
76 2 220
76 3 359
76 5 439
76 6 446
76 7 446
76 1 484
76 34 485
76 14 485
76 6 500
76 7 501
76 13 504
76 14 505
82 1 0
82 5 2
82 6 12
82 7 12
82 21 15
82 1 24
82 13 24
82 14 26
82 6 298
82 7 298
82 13 301
82 14 301
77 13 805
77 14 806
82 6 602
82 7 602
82 13 607
82 14 609
83 1 0
85 1 0
85 2 236
86 1 0
86 2 59
86 3 174
86 5 208
86 6 212
86 7 212
88 1 0
89 1 0
89 2 67
77 1 3015
77 5 3026
77 6 3030
77 7 3031
88 2 203
89 3 213
89 5 306
89 6 312
89 7 313
91 1 0
89 13 365
89 14 366
91 2 76
92 1 0
88 2 548
91 3 291
93 1 0
93 2 31
95 1 0
88 3 781
93 3 83
91 5 410
91 6 415
91 7 415
93 5 135
93 6 142
93 7 142
91 14 565
91 6 578
91 7 578
96 1 0
97 1 0
96 2 41
97 2 63
96 3 118
88 5 1162
88 6 1169
88 7 1169
98 1 0
98 1 50
96 5 189
96 6 192
96 7 192
96 13 227
96 14 229
99 1 0
97 3 278
99 2 119
97 5 424
97 6 428
97 7 428
99 3 337
102 1 0
103 1 0
102 2 82
102 2 96
99 5 592
103 2 69
104 1 0
99 6 603
99 7 604
99 21 604
99 1 625
99 34 626
99 14 626
103 2 105
102 3 207
105 1 0
106 1 0
102 5 335
102 6 337
102 7 337
106 2 84
105 2 126
103 3 315
106 3 160
103 5 412
103 6 414
105 3 237
106 5 255
106 6 265
106 7 265
106 1 292
106 13 293
106 14 294
105 5 358
105 6 367
105 7 367
105 1 414
105 14 428
105 6 440
105 7 440
106 7 448
106 6 448
110 1 0
106 13 457
106 14 458
110 2 27
111 1 0
112 1 0
110 3 119
112 2 61
110 5 160
110 6 164
110 7 164
110 13 172
110 14 173
111 2 122
112 3 194
113 1 0
113 5 6
113 6 10
113 7 10
114 1 0
115 1 0
114 2 48
115 2 72
111 3 482
114 3 124
114 5 204
116 1 0
114 6 208
114 7 208
114 13 228
114 14 230
115 3 301
111 5 706
111 6 714
111 7 714
112 5 749
111 5 769
111 6 777
111 7 778
112 6 758
112 7 758
112 1 822
112 13 822
112 14 823
117 1 0
115 5 463
115 6 473
115 7 474
118 1 0
115 13 554
115 14 555
118 2 31
120 1 0
117 2 112
121 1 0
118 3 124
120 2 88
117 3 212
121 2 74
118 5 202
118 6 210
118 7 210
118 21 213
112 1 1123
112 5 1125
112 6 1132
112 7 1132
112 1 1141
112 14 1141
118 1 260
118 13 260
118 14 260
112 6 1162
112 7 1162
117 5 329
117 6 337
117 7 337
120 3 258
117 1 359
117 13 359
117 14 360
122 1 0
123 1 0
118 6 372
118 7 372
118 13 374
118 14 375
117 6 443
117 7 444
120 5 363
120 6 376
120 7 377
120 21 379
122 2 75
120 26 389
120 14 391
120 6 414
120 7 415
123 2 122
121 3 362
125 1 0
125 5 6
120 13 488
120 14 489
122 3 211
125 6 9
125 7 9
125 26 14
125 14 15
125 6 25
125 7 25
123 3 253
121 5 475
121 6 484
121 7 484
128 1 0
128 2 37
122 5 333
122 6 344
122 7 345
130 1 0
128 3 138
123 5 399
123 6 407
123 7 407
122 13 406
122 14 409
131 1 0
123 1 552
123 13 553
123 14 557
132 1 0
132 5 2
132 6 5
132 7 5
133 1 0
131 2 64
134 1 0
133 2 50
135 1 0
135 5 8
135 6 11
135 7 11
131 3 179
135 14 77
133 3 153
135 14 93
134 2 108
134 2 147
134 2 177
131 5 288
133 5 227
133 6 231
133 7 231
131 6 295
131 7 295
131 13 358
131 14 359
137 1 0
135 1 254
135 5 260
135 6 263
135 7 264
135 14 275
131 6 418
131 7 418
131 13 422
131 14 425
138 1 0
139 1 0
140 1 0
142 1 0
138 2 63
143 1 0
139 2 119
143 2 58
115 1 2069
115 5 2078
144 1 0
115 6 2087
115 7 2087
115 13 2091
115 14 2091
144 2 50
143 3 190
143 5 292
143 6 304
143 7 304
139 3 492
122 6 1583
122 7 1583
139 5 628
139 6 632
139 7 633
145 1 0
146 1 0
145 2 42
148 1 0
146 2 44
139 1 702
139 13 708
139 14 711
150 1 0
150 2 42
151 1 0
145 3 178
146 3 174
146 5 199
146 6 224
146 7 225
145 5 267
145 6 275
145 7 275
146 1 273
146 14 284
150 3 176
152 1 0
145 13 319
145 14 320
146 6 318
146 7 324
151 2 182
154 1 0
150 5 255
152 2 64
151 2 207
150 6 269
150 7 269
155 1 0
155 5 10
155 6 12
155 7 12
122 13 2040
122 14 2042
146 34 403
146 14 413
146 6 417
146 7 417
155 1 78
157 1 0
155 5 87
155 6 89
155 7 89
155 1 97
152 3 174
158 1 0
157 2 80
159 1 0
160 1 0
158 2 75
159 2 40
151 2 444
160 2 99
159 3 111
161 1 0
158 3 147
144 3 1111
158 5 204
158 6 208
158 7 208
157 3 283
162 1 0
152 5 424
152 6 427
152 7 427
160 3 193
151 3 609
159 5 209
163 1 0
159 6 214
159 7 214
158 14 259
158 6 273
158 7 274
144 5 1204
144 6 1211
144 7 1212
164 1 0
160 3 232
165 1 0
158 34 297
158 14 300
158 6 302
158 7 302
157 3 370
158 13 322
158 14 323
157 5 457
157 6 463
157 7 463
168 1 0
168 5 14
152 1 645
152 26 646
152 14 647
168 6 23
168 7 24
157 3 514
168 1 33
168 26 33
168 14 34
169 1 0
151 5 840
151 6 844
151 7 844
151 21 847
165 2 229
169 2 58
151 26 891
151 14 894
171 1 0
172 1 0
169 3 213
174 1 0
169 5 257
169 6 262
169 7 263
165 3 487
169 5 305
169 6 311
169 7 311
174 2 53
169 2 394
178 1 0
165 5 611
165 6 620
165 7 620
144 13 1891
144 14 1892
174 2 247
178 2 113
178 2 147
169 3 573
174 3 333
174 3 397
165 5 898
169 5 675
169 6 682
169 7 682
144 6 2115
144 7 2115
184 1 0
165 6 920
165 7 920
165 34 949
165 14 950
165 6 955
165 7 955
169 2 736
151 1 1593
151 5 1605
151 6 1608
151 7 1609
151 21 1611
169 5 769
169 6 775
169 7 775
178 3 395
185 1 0
185 5 1
185 6 18
185 7 18
185 1 22
185 14 23
185 6 30
185 7 30
185 34 40
185 14 41
185 6 42
185 7 42
185 14 65
185 6 69
185 7 69
185 34 89
185 14 95
185 6 96
185 7 96
185 2 117
185 5 131
185 6 146
185 7 146
178 5 632
185 14 184
178 6 648
178 7 648
178 21 649
164 1 1297
187 1 0
187 2 35
188 1 0
164 2 1402
187 3 109
189 1 0
184 1 560
187 5 170
187 6 185
187 7 185
190 1 0
184 2 598
189 2 82
190 2 71
184 3 699
189 3 204
184 5 768
195 1 0
184 6 784
184 7 784
184 1 790
184 13 790
184 14 791
196 1 0
190 3 231
196 2 55
196 2 65
189 5 364
198 1 0
189 6 380
189 7 380
199 1 0
189 21 383
189 26 437
164 3 1875
189 14 440
199 2 63
198 2 80
198 2 86
196 3 203
199 3 115
195 2 229
190 5 428
202 1 0
190 6 444
190 7 444
196 5 289
196 6 291
196 7 292
199 5 181
199 6 187
199 7 187
202 2 58
203 1 0
196 1 338
196 34 338
196 14 340
196 6 359
196 7 359
202 3 149
164 5 2141
164 6 2157
164 7 2157
202 5 221
195 3 459
202 6 237
202 7 237
206 1 0
195 5 582
195 6 597
195 7 597
207 1 0
208 1 0
208 5 6
208 6 22
208 7 22
195 1 646
195 13 646
195 14 646
203 2 321
210 1 0
211 1 0
203 3 551
198 3 812
210 2 87
211 2 35
203 5 618
203 6 629
203 7 629
211 3 114
198 5 962
211 5 172
211 6 182
211 7 182
198 6 971
198 7 972
213 1 0
213 5 7
198 13 1005
198 14 1007
213 6 23
213 7 23
210 3 327
215 1 0
210 5 429
210 6 444
210 7 444
215 2 65
178 3 2306
217 1 0
178 5 2342
178 6 2346
178 7 2346
178 21 2347
217 2 42
218 1 0
210 1 523
210 13 526
210 14 533
178 1 2402
178 13 2402
178 14 2409
217 3 99
210 6 553
210 7 553
215 3 190
219 1 0
217 5 173
219 2 46
217 6 179
217 7 179
217 13 206
217 14 206
203 13 1141
203 14 1141
215 5 350
215 6 353
219 3 124
217 6 267
217 7 267
217 13 278
217 14 279
219 5 178
219 6 184
219 7 184
219 1 206
219 13 206
219 14 207
223 1 0
217 6 411
217 7 411
224 1 0
217 13 460
217 14 461
224 2 81
224 2 111
225 1 0
217 6 549
217 7 549
217 13 553
217 14 554
226 1 0
225 2 84
224 2 211
224 2 243
224 3 262
229 1 0
230 1 0
229 2 50
231 1 0
232 1 0
225 3 312
230 2 83
232 5 20
232 6 31
232 7 31
231 2 88
229 3 153
225 5 433
225 6 439
225 7 439
230 2 240
229 5 259
229 6 263
229 7 263
231 3 246
231 3 269
230 3 342
239 1 0
231 3 366
231 5 422
231 6 427
231 7 427
229 1 523
229 13 523
229 14 523
231 13 479
231 14 480
241 1 0
241 2 46
242 1 0
230 5 687
230 6 695
230 7 695
241 3 171
230 14 735
230 6 742
230 7 743
243 1 0
241 5 240
241 6 256
230 13 770
230 14 777
244 1 0
241 7 256
245 1 0
230 6 815
230 7 815
243 2 63
230 3 818
244 2 42
242 2 223
241 1 325
241 5 328
241 6 337
241 7 337
241 13 344
241 14 344
245 2 92
241 6 384
241 7 384
241 13 399
241 14 400
241 6 403
241 7 404
241 13 407
241 14 408
245 2 137
244 3 161
243 3 253
132 26 6595
132 14 6596
248 1 0
244 5 321
244 6 327
244 7 328
248 2 39
243 5 360
243 6 365
243 7 367
251 1 0
248 3 175
245 3 464
242 3 723
248 5 255
248 6 260
248 7 260
245 3 568
251 2 191
254 1 0
255 1 0
256 1 0
254 2 90
257 1 0
258 1 0
242 5 907
242 6 914
242 7 914
242 21 918
258 2 41
258 2 44
256 2 82
257 2 88
260 1 0
261 1 0
255 2 177
260 2 53
254 3 285
263 1 0
264 1 0
261 2 76
265 1 0
242 5 1162
242 6 1171
242 7 1171
242 21 1175
251 3 573
265 2 46
256 3 319
263 2 57
255 3 327
261 3 165
260 3 238
264 2 114
254 5 427
254 6 437
254 7 438
265 3 129
268 1 0
268 5 5
269 1 0
268 6 10
268 7 10
268 1 18
268 13 18
268 14 21
263 3 162
265 5 197
265 6 202
265 7 202
255 5 443
255 6 447
255 7 447
271 1 0
272 1 0
256 5 470
263 5 206
263 6 210
263 7 210
264 3 214
265 13 216
265 14 217
273 1 0
269 2 51
258 3 451
274 1 0
256 6 475
256 7 475
256 21 476
275 1 0
263 1 273
263 13 273
263 14 273
260 5 382
260 6 390
260 7 390
260 21 392
273 2 64
271 2 70
272 2 84
244 13 1253
244 14 1255
264 5 299
264 6 302
264 7 302
275 2 66
276 1 0
251 5 862
251 7 878
251 6 878
264 1 313
264 13 313
264 14 316
254 13 655
254 14 656
269 3 162
251 1 900
251 34 900
251 14 901
251 6 911
251 7 911
276 2 37
251 14 942
251 6 947
251 7 947
260 34 498
260 14 499
260 26 516
260 14 517
254 6 711
254 7 711
254 13 725
254 14 726
269 3 228
256 26 655
256 14 655
251 14 966
251 6 970
251 7 970
279 1 0
258 5 659
272 3 241
256 6 688
256 7 688
256 26 706
256 14 710
265 6 445
265 7 446
275 3 220
255 13 706
255 14 710
258 6 675
258 7 675
264 6 475
264 7 475
281 1 0
269 5 315
271 3 298
276 3 177
256 6 746
256 7 746
256 26 754
256 282 755
256 14 755
256 6 758
256 7 758
281 2 34
269 6 332
269 7 332
283 1 0
256 26 789
256 14 791
256 6 797
256 7 797
285 1 0
283 2 35
255 6 801
255 7 801
255 26 808
255 14 812
272 5 357
285 2 39
286 1 0
271 5 379
271 6 394
271 7 394
272 6 373
272 7 374
264 5 591
287 1 0
264 6 603
264 7 603
275 5 369
275 6 380
275 7 380
275 21 381
264 13 615
264 14 617
281 3 148
287 2 51
283 3 141
269 13 494
269 14 494
288 1 0
288 5 4
288 7 20
288 6 20
289 1 0
285 3 171
291 1 0
281 5 261
287 3 162
283 5 234
255 7 1034
255 6 1034
281 6 276
281 7 276
292 1 0
283 6 250
283 7 250
293 1 0
285 5 280
281 34 306
281 14 306
281 6 310
281 7 310
281 14 318
281 6 321
281 7 321
294 1 0
292 2 50
285 6 282
285 7 282
281 34 342
281 14 345
285 14 314
285 6 331
285 7 331
285 3 335
294 2 41
293 2 107
293 2 118
293 2 127
293 2 129
295 1 0
287 5 338
255 5 1189
255 6 1195
255 7 1195
293 2 149
294 3 138
287 6 347
287 7 348
287 13 381
287 14 382
296 1 0
257 3 1250
295 2 65
294 5 192
294 6 208
294 7 208
255 26 1290
255 14 1291
296 2 80
298 1 0
257 5 1330
294 34 306
294 14 306
300 1 0
298 2 35
292 3 354
257 6 1341
257 7 1341
255 6 1371
255 7 1371
295 3 212
257 1 1407
257 13 1410
257 14 1411
295 5 285
295 6 296
303 1 0
298 3 164
296 3 262
303 5 36
303 6 41
303 7 42
298 5 213
298 6 222
298 7 222
298 13 263
298 14 264
298 6 266
298 7 266
295 1 397
306 1 0
306 5 3
306 6 9
306 7 9
303 1 102
303 5 122
303 6 129
298 13 281
298 14 281
307 1 0
303 7 129
303 1 163
303 5 180
303 6 186
303 7 187
296 5 434
296 6 438
296 7 438
296 5 451
296 6 457
296 7 458
298 6 364
298 7 364
308 1 0
309 1 0
306 1 145
306 14 146
306 14 151
308 2 33
307 2 187
303 1 314
303 2 352
308 3 139
296 13 629
296 14 629
309 2 148
296 6 661
296 7 661
303 3 416
296 14 673
296 26 677
296 14 678
303 3 433
310 1 0
308 3 241
303 2 470
303 3 484
311 1 0
312 1 0
303 5 493
303 6 498
303 7 499
303 1 506
303 13 507
303 14 511
309 3 245
308 2 312
308 2 317
307 3 415
311 2 53
309 5 324
309 6 326
309 7 326
309 21 330
309 14 357
309 6 368
309 7 368
307 5 580
307 6 589
307 7 589
255 2 2375
316 1 0
255 3 2428
307 13 838
307 14 839
255 5 2455
255 6 2459
255 7 2459
316 2 56
318 1 0
255 13 2623
255 14 2626
319 1 0
320 1 0
293 3 1619
318 2 107
319 2 52
316 3 291
293 5 1711
293 6 1716
293 7 1716
319 3 174
321 1 0
296 6 1543
296 7 1544
316 5 422
316 7 429
316 6 429
316 21 431
319 5 263
319 6 275
319 7 276
322 1 0
323 1 0
319 14 309
319 6 329
319 7 329
322 2 74
326 1 0
326 5 2
326 6 6
326 7 6
323 2 54
319 14 361
321 2 180
321 2 182
319 6 376
319 7 376
319 14 386
321 2 199
319 6 388
319 7 388
321 2 202
321 2 218
321 2 220
322 3 154
323 3 136
327 1 0
328 1 0
322 5 242
322 6 245
322 7 245
323 5 235
323 6 243
323 7 243
327 2 95
328 2 50
331 1 0
328 3 208
332 1 0
333 1 0
328 5 281
328 6 285
328 7 285
333 2 43
328 5 364
328 6 367
328 7 367
333 3 114
327 3 493
333 5 202
333 6 209
333 7 209
334 1 0
328 1 561
328 13 561
328 14 565
336 1 0
327 5 681
327 6 684
327 7 684
328 6 641
328 7 641
336 2 70
337 1 0
338 1 0
337 2 47
336 3 226
336 5 344
337 3 147
336 6 352
336 7 352
336 13 377
336 14 378
337 5 254
337 6 261
337 7 261
339 1 0
337 13 286
337 14 287
339 2 47
336 6 486
336 7 486
336 13 494
336 14 496
341 1 0
339 3 171
341 2 44
339 5 328
339 6 336
339 7 336
339 21 337
339 13 377
339 14 378
345 1 0
346 1 0
346 2 46
346 2 63
339 6 549
339 7 549
339 13 559
339 14 559
345 2 99
346 3 158
346 5 250
346 6 253
346 7 253
349 1 0
350 1 0
349 2 57
345 3 366
349 3 200
349 5 257
356 1 0
349 6 266
350 2 238
341 3 829
349 7 267
345 5 525
345 6 531
345 7 531
345 21 532
358 1 0
341 5 912
359 1 0
341 6 915
341 7 915
359 2 72
361 1 0
361 2 46
350 3 458
359 3 202
350 5 579
350 6 591
350 7 591
350 13 606
350 14 607
361 3 203
361 5 283
361 6 287
361 7 287
359 5 390
359 6 398
359 7 398
361 1 341
361 14 341
359 13 407
359 14 409
364 1 0
364 2 54
345 5 1054
345 6 1061
345 7 1061
345 21 1062
365 1 0
365 2 48
366 1 0
367 1 0
364 3 193
366 2 42
366 2 55
366 2 63
368 1 0
364 5 235
345 26 1220
345 282 1220
345 14 1221
369 1 0
367 2 54
364 6 242
364 7 242
345 6 1270
345 7 1270
368 2 59
364 1 273
364 34 273
364 14 274
369 2 79
366 3 171
345 13 1380
345 14 1381
366 5 250
368 3 177
345 6 1401
345 7 1401
345 26 1411
345 282 1412
345 14 1412
369 3 172
365 3 328
366 6 254
366 7 254
367 3 246
371 1 0
371 5 2
369 5 207
369 6 211
369 7 211
365 5 395
365 6 399
365 7 399
368 5 279
368 6 284
368 7 285
367 5 360
367 6 372
367 7 372
367 21 373
365 1 510
365 13 510
365 14 511
359 6 1027
359 7 1027
365 6 568
365 7 568
373 1 0
365 34 586
374 1 0
365 14 590
365 6 606
365 7 606
367 13 495
367 14 497
373 2 50
373 2 70
374 2 110
368 34 663
368 14 663
373 3 267
374 3 299
377 1 0
373 5 331
373 6 340
373 7 340
378 1 0
377 2 78
373 5 403
374 5 382
374 6 385
374 7 385
374 21 389
380 1 0
373 6 411
373 7 411
380 2 43
374 13 457
374 14 460
378 2 108
373 1 521
373 34 521
373 14 522
382 1 0
377 3 255
382 2 39
383 1 0
377 5 349
377 6 352
377 7 352
380 3 253
382 3 137
374 1 722
380 5 335
380 6 339
380 7 339
380 21 341
377 3 466
380 14 370
380 6 379
380 7 380
380 13 383
380 14 388
377 5 491
377 6 495
377 7 495
378 3 473
387 1 0
377 5 551
377 6 554
377 7 554
387 2 38
387 3 84
378 5 604
378 6 608
378 7 609
387 5 142
387 6 150
387 7 151
378 26 771
378 14 774
378 6 788
378 7 789
378 26 803
378 14 807
378 6 813
378 7 813
388 1 0
378 2 847
378 5 882
378 6 888
391 1 0
378 7 889
388 2 135
393 1 0
388 3 261
394 1 0
393 2 53
388 5 342
388 6 347
388 7 347
394 2 31
394 2 36
393 3 140
394 3 151
393 5 243
398 1 0
393 6 249
393 7 249
393 13 256
393 14 257
398 2 39
399 1 0
400 1 0
398 2 45
388 13 579
388 14 581
399 5 10
399 6 19
399 7 19
399 13 22
399 14 23
400 2 86
402 1 0
403 1 0
405 1 0
405 2 36
406 1 0
407 1 0
403 2 68
406 2 74
409 1 0
409 5 4
409 6 12
409 7 13
409 13 19
409 14 19
398 3 352
400 3 303
387 13 1202
405 3 195
403 3 241
387 14 1205
405 5 269
405 6 272
405 7 272
400 5 444
400 6 446
400 7 446
414 1 0
414 1 4
403 5 380
403 6 390
403 7 390
415 1 0
400 5 501
400 6 503
400 7 504
400 26 517
400 14 520
414 2 55
406 3 383
398 5 621
415 2 69
398 6 629
398 7 630
400 6 559
400 7 559
400 3 586
416 1 0
416 1 0
416 2 33
414 3 164
415 3 147
398 34 731
398 14 731
403 2 552
406 5 496
406 6 500
406 7 501
298 1 7364
298 5 7369
398 6 745
398 7 745
298 6 7377
416 3 95
298 7 7377
417 1 0
418 1 0
415 5 232
415 6 235
415 7 235
414 5 234
414 6 238
414 7 238
403 3 623
417 2 26
418 2 41
403 5 642
403 6 652
403 7 652
416 5 195
416 6 201
416 7 201
417 3 118
418 3 144
420 1 0
417 5 210
418 5 233
417 6 221
417 7 221
418 6 246
418 7 246
398 34 1017
398 14 1029
421 1 0
398 6 1042
398 7 1042
418 13 320
418 14 321
421 2 53
398 34 1117
398 14 1118
422 1 0
422 5 7
422 6 13
422 7 14
398 6 1125
398 7 1125
421 3 143
421 5 204
421 6 210
421 7 210
425 1 0
421 1 261
421 13 261
421 14 262
428 1 0
428 5 5
428 6 9
428 7 9
429 1 0
430 1 0
430 5 5
430 6 12
430 7 12
431 1 0
431 5 2
431 6 18
431 7 18
429 2 114
429 2 124
432 1 0
421 6 521
421 7 521
421 13 523
421 14 524
421 6 563
421 7 563
421 13 566
421 14 567
421 6 583
421 7 583
421 13 586
421 14 589
434 1 0
432 2 140
434 2 55
435 1 0
432 3 263
434 3 159
421 7 827
421 6 827
421 13 833
421 14 834
434 5 222
432 5 359
434 6 234
434 7 234
432 6 375
432 7 375
421 6 910
421 7 910
421 13 918
421 14 919
436 1 0
438 1 0
421 6 1026
421 7 1026
421 13 1038
421 14 1039
436 2 150
438 2 126
421 6 1173
421 7 1173
421 13 1185
421 14 1186
438 3 282
442 1 0
428 1 1089
438 5 401
438 6 418
438 7 418
444 1 0
428 2 1124
445 1 0
438 1 457
438 13 457
438 14 458
438 6 479
438 7 479
446 1 0
447 1 0
428 3 1166
438 14 484
438 6 493
438 7 493
446 2 33
447 2 44
428 5 1189
449 1 0
428 6 1195
428 7 1195
438 13 530
438 14 530
451 1 0
451 1 0
428 3 1232
436 3 603
445 2 118
446 3 105
447 3 135
451 2 60
446 5 171
446 7 187
446 6 187
447 5 223
444 1 279
436 5 745
436 6 749
436 7 749
447 6 240
447 7 240
451 3 191
451 3 201
454 1 0
447 13 282
447 14 283
454 2 52
438 6 800
438 7 800
445 3 382
454 3 111
438 14 821
436 2 867
438 6 838
438 7 838
451 5 310
451 6 326
451 7 326
447 6 416
447 7 417
438 34 879
438 14 883
438 6 888
438 7 888
454 5 168
454 6 173
454 7 173
438 34 926
438 14 926
438 14 932
436 5 973
436 6 982
436 7 982
457 1 0
445 5 511
445 6 519
445 7 519
458 1 0
461 1 0
462 1 0
461 2 42
374 1 4839
462 2 55
462 3 178
463 1 0
464 1 0
462 5 252
462 6 256
462 7 256
463 2 82
436 1 1449
436 34 1449
436 14 1450
436 6 1459
436 7 1459
467 1 0
463 3 195
462 13 376
462 14 377
468 1 0
436 34 1563
436 14 1564
463 5 267
463 6 273
463 7 273
436 6 1587
436 7 1587
469 1 0
436 34 1656
436 14 1657
469 2 62
472 1 0
469 3 125
461 3 670
472 2 63
469 5 182
469 6 192
469 7 192
469 13 202
469 14 203
461 5 736
469 6 219
469 7 219
461 7 752
461 6 752
472 3 154
473 1 0
473 5 3
473 6 19
473 7 19
473 1 23
473 5 26
444 2 1472
472 5 215
472 6 220
472 7 220
473 6 41
473 7 41
469 13 318
469 14 319
461 13 887
461 14 888
475 1 0
444 3 1573
475 2 54
469 7 436
469 6 436
469 3 440
469 1 453
444 5 1639
469 2 493
477 1 0
444 6 1643
444 7 1644
444 13 1673
444 14 1674
478 1 0
477 2 61
475 3 189
469 3 571
475 5 260
469 5 637
475 6 276
475 7 276
479 1 0
480 1 0
469 6 652
469 7 653
469 21 655
481 1 0
480 2 32
484 1 0
479 2 70
477 3 221
485 1 0
485 1 10
486 1 0
480 3 87
469 26 769
469 14 771
444 6 1967
444 7 1967
480 5 167
480 6 173
480 7 173
479 3 157
481 2 136
444 13 1996
444 14 1998
484 2 139
488 1 0
479 5 225
479 6 230
479 7 231
477 5 383
477 6 388
477 7 388
469 1 895
469 5 899
469 6 904
469 7 904
469 13 911
469 14 911
469 6 937
469 7 937
469 26 944
469 14 945
489 1 0
489 1 0
489 1 0
488 2 94
469 6 954
469 7 954
469 26 959
469 14 963
469 6 964
469 7 964
469 26 967
469 14 967
469 6 969
469 7 970
479 1 318
479 14 320
479 34 320
469 13 986
469 14 987
444 6 2159
444 7 2160
485 2 326
484 3 377
492 1 0
493 1 0
496 1 0
496 1 0
496 1 0
444 26 2282
444 14 2285
488 3 289
481 3 479
485 3 414
493 2 58
493 2 64
498 1 0
492 2 129
485 5 478
485 6 482
485 7 483
444 6 2389
444 7 2389
488 5 404
488 6 420
488 7 420
499 1 0
500 1 0
500 1 1
500 1 1
498 2 65
501 1 0
481 5 623
481 6 638
481 7 638
502 1 0
481 3 668
488 14 503
488 6 510
488 7 510
503 1 0
503 1 0
503 1 0
502 2 28
492 3 289
481 3 702
488 14 531
488 6 539
488 7 539
481 5 706
481 6 722
481 7 722
481 3 735
498 3 192
502 3 98
498 5 297
502 5 160
502 6 175
502 7 175
502 21 177
498 6 313
498 7 313
492 5 453
492 6 468
492 7 468
492 21 469
492 1 511
492 14 512
492 14 531
492 6 539
492 7 539
492 13 543
492 14 543
502 13 306
502 14 307
507 1 0
502 6 435
502 7 435
502 13 440
502 14 441
492 6 711
492 7 711
492 5 729
492 6 746
492 7 746
492 21 747
511 1 0
511 2 53
513 1 0
515 1 0
516 1 0
513 2 96
517 1 0
511 3 174
516 2 37
515 2 87
517 2 50
511 5 235
511 6 251
511 7 252
519 1 0
516 3 153
520 1 0
513 3 293
516 5 227
516 6 231
516 7 231
515 3 288
517 3 216
521 1 0
520 2 58
521 2 53
519 2 181
522 1 0
523 1 0
517 5 301
517 6 305
517 7 305
515 3 399
522 2 66
525 1 0
520 3 198
513 5 486
513 6 492
513 7 493
526 1 0
521 3 227
523 2 147
513 1 530
513 14 533
520 5 294
520 6 298
520 7 298
519 3 403
521 5 301
521 6 312
521 7 312
526 2 104
528 1 0
523 3 322
522 3 331
519 5 558
519 6 562
519 7 562
519 21 564
528 2 111
493 3 1716
519 1 597
519 26 597
519 14 599
529 1 0
530 1 0
522 5 462
493 5 1800
529 2 75
522 6 478
522 7 478
523 5 473
523 6 477
523 7 477
493 6 1816
493 7 1816
493 21 1817
530 2 61
526 3 395
528 3 237
531 1 0
523 1 551
523 13 552
523 14 553
528 5 335
528 6 351
528 7 351
526 5 502
526 6 509
526 7 509
530 3 196
534 1 0
534 5 1
534 6 15
534 7 15
534 1 19
534 13 19
534 14 19
528 13 405
528 14 410
530 5 291
530 6 297
530 7 297
530 13 329
530 14 331
535 1 0
529 3 579
535 2 68
537 1 0
526 5 1045
526 6 1063
538 1 0
539 1 0
526 7 1063
540 1 0
539 2 52
540 2 46
540 3 130
539 3 195
529 5 1010
529 6 1013
529 7 1013
535 3 489
540 5 198
540 6 201
540 7 201
544 1 0
539 5 309
539 6 314
539 7 314
529 1 1130
529 13 1131
529 14 1131
539 13 328
539 14 329
540 1 333
540 13 333
540 14 339
529 6 1165
529 7 1165
539 6 353
539 7 353
539 14 370
544 2 115
529 2 1187
548 1 0
529 3 1197
535 5 668
535 6 672
535 7 672
539 6 398
539 7 398
529 5 1209
529 6 1213
529 7 1213
529 14 1224
539 5 415
539 6 420
539 7 420
539 14 426
539 6 431
539 7 432
548 2 50
549 1 0
529 6 1276
529 7 1276
529 14 1285
535 1 754
535 13 754
535 14 758
539 34 496
529 6 1294
529 7 1295
529 14 1303
539 14 499
539 6 502
539 7 502
549 2 37
529 6 1329
529 7 1329
529 14 1341
529 6 1350
529 7 1351
529 14 1363
529 6 1379
529 7 1379
551 1 0
549 3 116
552 1 0
529 14 1391
529 6 1402
529 7 1402
549 5 189
544 3 414
549 6 204
549 7 204
552 2 98
551 2 102
539 1 742
539 5 748
539 6 761
539 7 762
544 5 538
544 6 542
544 7 542
556 1 0
552 3 327
556 2 34
544 13 645
556 2 43
544 14 647
552 5 419
552 6 432
552 7 432
551 3 512
552 1 505
552 13 505
552 14 505
548 3 770
559 1 0
562 1 0
544 6 972
544 7 972
544 3 972
559 2 47
563 1 0
548 5 894
548 6 896
551 5 709
551 6 712
551 7 712
565 1 0
563 2 73
567 1 0
562 2 112
567 2 43
569 1 0
570 1 0
569 2 55
567 3 130
563 3 209
570 2 71
565 2 192
559 3 314
563 5 288
563 6 297
563 7 297
563 21 301
569 3 168
563 14 316
562 3 374
559 5 388
559 6 392
559 7 392
563 26 330
563 14 331
570 3 186
573 1 0
565 3 323
569 5 244
569 6 249
569 7 249
530 6 2425
530 7 2426
567 5 339
567 6 343
567 7 343
567 26 355
567 14 356
562 5 471
569 2 276
569 3 290
569 5 295
530 3 2467
565 5 402
565 6 418
565 7 419
567 6 362
567 7 363
567 26 366
567 14 369
567 6 371
567 7 371
567 26 380
567 14 381
567 6 383
567 7 383
562 6 476
562 7 476
559 34 499
559 14 501
559 6 508
559 7 508
569 6 300
569 7 300
569 13 309
569 14 310
575 1 0
575 1 2
567 26 390
567 14 394
530 2 2515
565 13 479
578 1 0
579 1 0
565 14 483
575 2 97
581 1 0
582 1 0
530 5 2610
530 6 2614
530 7 2614
583 1 0
562 3 673
581 2 86
582 2 86
583 2 126
586 1 0
586 2 36
569 6 643
569 7 643
582 3 248
587 1 0
583 3 245
581 3 313
586 3 170
582 5 324
582 6 330
582 7 330
581 3 399
583 5 382
583 6 398
583 7 398
586 5 260
586 6 263
586 7 263
583 13 422
583 14 426
590 1 0
591 1 0
590 2 104
590 2 108
591 2 41
592 1 0
590 2 116
591 3 103
594 1 0
595 1 0
595 2 25
591 5 176
591 6 180
591 7 180
591 1 205
591 13 205
594 2 87
591 14 205
595 3 84
597 1 0
595 5 161
595 6 176
595 7 176
598 1 0
597 2 73
599 1 0
600 1 0
601 1 0
599 2 69
600 2 64
601 2 40
603 1 0
594 3 332
600 3 162
570 1 1447
597 3 260
605 1 0
601 3 146
597 3 314
599 3 242
601 5 225
601 6 229
601 7 229
597 5 352
605 2 62
600 5 273
600 6 277
600 7 277
601 1 264
601 13 264
601 14 266
597 6 368
597 7 368
597 34 417
597 14 418
603 1 274
597 14 431
597 6 468
597 7 468
597 3 468
597 5 479
597 6 495
597 7 495
607 1 0
575 3 1446
603 2 381
603 2 397
609 1 0
599 5 507
599 6 512
599 7 512
575 5 1565
575 6 1581
575 7 1581
613 1 0
603 3 578
614 1 0
613 2 56
605 3 562
613 3 164
603 5 770
603 6 787
603 7 787
605 5 664
605 6 678
605 7 678
603 1 813
603 13 813
603 14 814
617 1 0
613 5 285
613 6 300
613 7 301
619 1 0
605 1 746
605 13 747
617 2 34
613 13 331
613 14 332
605 14 767
619 2 50
619 2 58
619 2 66
617 3 115
613 6 432
613 7 432
621 1 0
619 3 164
622 1 0
617 5 199
617 6 215
617 7 215
619 5 225
617 13 226
617 14 227
619 6 240
619 7 240
622 2 80
625 1 0
628 1 0
600 13 1415
600 14 1416
629 1 0
628 2 153
605 6 1375
605 7 1375
605 13 1393
605 14 1396
633 1 0
634 1 0
628 3 347
633 2 51
634 2 71
633 3 135
633 5 204
633 6 209
633 7 210
628 5 551
628 6 554
628 7 554
628 21 560
634 3 254
628 13 596
628 14 601
633 13 309
633 14 310
634 5 298
634 6 305
634 7 305
633 6 405
633 7 405
628 1 733
628 5 739
628 6 743
628 7 743
633 13 446
633 14 447
628 21 747
637 1 0
637 5 8
637 6 23
637 7 24
640 1 0
640 5 7
640 6 12
640 7 12
641 1 0
640 1 57
640 13 57
640 14 58
641 2 80
642 1 0
644 1 0
622 3 1351
642 2 79
644 2 71
637 645 300
628 1 1167
628 1 1167
628 5 1172
628 5 1174
628 6 1176
628 7 1176
628 6 1177
628 7 1177
628 21 1180
646 1 0
641 3 271
637 6 356
637 7 357
641 3 294
647 1 0
622 5 1520
649 1 0
644 3 179
622 7 1527
622 6 1527
647 2 51
641 5 371
649 2 58
641 6 388
641 7 388
644 5 239
644 6 243
644 7 243
641 13 428
641 14 431
642 3 344
647 1 191
641 6 503
641 7 503
649 3 200
641 13 526
641 14 527
654 1 0
644 34 371
644 14 376
647 2 236
642 5 464
642 6 465
654 2 49
641 6 583
641 7 583
641 13 591
641 14 592
642 2 499
649 5 264
649 6 268
649 7 268
654 3 124
658 1 0
642 3 559
642 5 574
642 6 575
654 5 193
644 7 536
644 6 536
642 2 593
642 5 612
642 6 615
642 5 621
649 5 392
649 6 407
649 7 407
654 6 208
654 7 208
642 6 622
642 5 632
642 6 635
658 2 82
642 5 686
642 6 688
642 2 706
660 1 0
641 6 833
641 7 833
642 5 741
642 6 748
642 7 748
661 1 0
662 1 0
642 5 810
642 6 815
642 7 815
661 2 67
658 3 296
661 2 75
642 1 875
642 13 875
642 14 875
658 5 350
658 6 365
658 7 365
658 21 382
663 1 0
663 5 4
658 5 405
658 6 421
658 7 421
663 6 20
663 7 20
658 2 448
661 3 266
666 1 0
658 3 490
658 5 510
666 2 39
658 6 525
658 7 526
658 21 527
661 5 331
661 6 335
661 7 335
642 6 1108
642 7 1108
663 26 197
663 14 200
663 6 212
663 7 212
667 1 0
666 3 130
628 1 2234
628 5 2237
628 6 2240
628 7 2240
668 1 0
642 26 1193
642 14 1194
642 6 1196
642 7 1197
628 26 2270
628 14 2272
667 2 58
666 5 198
666 6 201
666 7 201
642 26 1249
642 14 1252
628 6 2290
628 7 2290
628 1 2304
628 5 2310
668 2 47
642 6 1255
642 7 1255
628 6 2313
628 7 2313
666 3 237
670 1 0
671 1 0
667 3 194
672 1 0
668 3 185
671 2 71
667 3 249
673 1 0
672 2 92
675 1 0
675 5 12
675 6 18
675 7 19
668 5 260
668 6 277
668 7 277
670 2 174
673 2 49
675 13 33
675 14 33
677 1 0
667 5 365
667 6 374
667 7 375
667 21 379
673 3 113
671 3 241
672 3 299
670 3 356
671 5 344
671 6 349
671 7 349
677 2 146
671 3 384
678 1 0
670 5 437
675 1 311
675 5 323
675 6 328
675 7 328
670 6 455
670 7 455
678 2 63
680 1 0
681 1 0
677 3 303
672 5 482
672 6 487
672 7 487
680 2 43
682 1 0
678 3 216
677 5 462
682 2 81
684 1 0
677 6 479
677 7 479
685 1 0
684 2 86
678 5 371
678 6 376
678 7 376
678 14 411
678 6 423
678 7 423
684 3 157
677 13 660
677 14 664
682 3 315
682 5 433
682 6 448
682 7 449
682 14 483
687 1 0
682 6 508
682 7 509
682 13 536
682 14 536
687 2 74
680 3 694
680 5 750
680 6 753
680 7 753
688 1 0
687 3 189
682 6 711
682 7 712
689 1 0
690 1 0
690 1 11
682 34 719
682 14 719
682 14 726
689 2 60
691 1 0
691 5 19
691 6 24
691 7 24
688 2 113
687 5 313
687 6 324
687 7 324
682 6 838
682 7 839
682 26 851
682 14 853
680 34 989
680 14 990
682 6 872
682 7 872
680 6 995
680 7 995
680 34 1011
680 14 1015
680 6 1017
680 7 1017
691 1 171
688 3 267
689 3 258
694 1 0
682 5 979
682 6 993
682 7 993
695 1 0
694 2 79
695 2 57
689 5 394
697 1 0
689 6 397
689 7 397
698 1 0
694 3 186
695 3 142
697 2 67
699 1 0
698 2 84
694 5 255
694 6 258
694 7 258
694 21 262
695 5 238
695 6 257
695 7 257
697 3 189
703 1 0
697 5 267
697 6 270
697 7 270
704 1 0
703 2 28
697 34 305
697 14 308
703 3 61
705 1 0
698 3 329
704 2 61
703 5 90
703 6 93
703 7 93
705 2 72
706 1 0
707 1 0
706 2 60
704 3 179
708 1 0
709 1 0
698 5 492
688 5 930
688 6 944
688 7 944
698 6 501
698 7 501
705 3 218
704 5 274
711 1 0
704 6 288
704 7 288
712 1 0
712 5 2
704 13 316
704 14 316
712 6 5
712 7 5
712 13 14
712 14 14
711 2 74
705 5 303
706 3 241
712 6 48
712 7 48
712 13 52
705 6 319
705 7 320
712 14 52
704 1 423
712 6 121
712 7 121
704 2 450
706 5 390
706 6 393
706 7 393
704 3 491
704 5 503
704 6 508
704 7 508
704 13 512
704 14 513
714 1 0
711 3 321
715 1 0
716 1 0
717 1 0
711 5 411
711 6 418
711 7 418
714 2 126
720 1 0
711 5 518
711 6 526
711 7 526
675 1 2657
675 5 2670
720 2 57
675 6 2676
675 7 2677
706 1 723
706 5 726
675 13 2725
675 14 2725
714 3 271
721 1 0
720 3 197
714 5 348
714 6 352
714 7 352
647 1 4097
722 1 0
714 14 380
724 1 0
714 6 388
714 7 389
647 2 4132
722 2 53
725 1 0
720 5 305
720 6 313
720 7 313
720 21 315
714 34 475
714 14 480
724 2 99
714 6 488
714 7 488
725 2 51
725 2 53
725 3 132
730 1 0
633 6 5336
633 7 5337
633 13 5342
633 14 5343
722 3 283
725 5 242
725 6 245
725 7 245
722 5 318
722 6 321
722 7 321
725 13 254
725 14 256
730 2 49
731 1 0
731 5 2
731 6 6
731 7 7
722 1 357
722 13 357
722 14 358
732 1 0
731 1 54
731 13 55
731 14 55
730 3 147
733 1 0
730 5 198
730 6 200
730 7 200
733 2 64
734 1 0
735 1 0
736 1 0
733 3 276
734 2 67
724 3 764
712 1 1460
733 5 348
739 1 0
739 5 1
739 6 4
739 7 4
647 1 4904
739 1 13
739 13 13
739 14 14
731 1 497
733 6 359
733 7 359
731 5 499
731 6 503
731 7 503
731 1 515
731 13 516
731 14 517
712 2 1534
731 1 548
731 5 550
731 6 556
731 7 556
741 1 0
742 1 0
733 13 446
733 14 446
625 2 6406
741 5 4
741 7 8
741 6 8
731 1 595
731 13 596
731 14 596
712 3 1623
742 2 64
724 5 963
724 6 968
724 7 968
744 1 0
744 5 4
744 6 11
744 7 12
733 1 533
733 5 541
733 6 549
733 7 549
744 13 16
744 14 18
734 3 340
733 13 582
733 14 583
733 1 600
733 5 606
733 6 614
733 7 615
625 2 6557
734 5 404
734 6 407
734 7 407
724 1 1092
724 13 1093
724 14 1094
733 13 638
733 14 640
625 3 6592
746 1 0
746 5 3
746 6 12
746 7 12
746 13 24
746 14 25
747 1 0
734 34 510
734 14 512
712 5 1871
712 6 1874
712 7 1875
734 6 533
734 7 533
625 5 6681
733 1 746
625 6 6685
625 7 6685
733 5 751
733 6 760
733 7 760
734 34 542
734 14 544
748 1 0
733 13 782
733 14 786
749 1 0
712 3 1923
712 5 1941
712 6 1943
712 7 1943
712 34 1963
712 14 1965
712 26 1975
712 14 1976
750 1 0
747 2 110
750 2 63
749 2 108
747 3 234
711 13 2214
711 14 2215
750 3 204
731 1 1176
731 5 1178
731 6 1182
731 7 1182
754 1 0
755 1 0
755 5 4
754 5 5
754 6 10
754 7 10
749 3 303
755 6 10
755 7 10
750 5 300
750 6 308
750 7 308
756 1 0
756 5 2
757 1 0
756 6 7
756 7 7
757 2 57
750 13 376
750 14 376
747 5 472
747 6 474
758 1 0
731 1 1343
731 13 1344
731 14 1344
750 6 392
750 7 393
760 1 0
757 3 180
749 5 592
749 6 600
749 7 600
749 21 602
761 1 0
761 5 6
761 6 9
761 7 9
757 5 246
757 6 249
757 7 249
757 21 250
757 13 261
757 14 262
757 6 285
757 7 285
749 3 649
761 14 62
761 6 72
761 7 72
756 34 323
756 14 323
756 6 333
756 7 333
757 3 331
764 1 0
756 26 340
756 14 341
756 6 352
756 7 352
757 5 380
757 6 382
757 7 382
756 26 390
756 14 390
765 1 0
764 2 53
757 5 449
757 6 451
757 7 451
757 21 453
757 13 468
757 14 470
765 2 69
757 6 541
757 7 541
757 14 551
760 2 474
765 3 206
767 1 0
764 3 291
760 3 553
768 1 0
769 1 0
749 1 1085
770 1 0
760 5 624
760 6 640
760 7 640
771 1 0
749 1 1136
764 5 421
764 6 424
764 7 425
760 1 656
760 13 657
760 14 658
768 2 113
749 5 1154
749 6 1161
749 7 1162
770 2 61
764 21 426
771 2 54
764 13 482
764 14 483
772 1 0
768 3 229
775 1 0
772 2 65
775 2 39
770 3 194
777 1 0
771 3 234
772 3 192
771 5 310
771 6 314
771 7 314
775 3 179
779 1 0
770 5 346
770 6 349
770 7 349
770 13 391
770 14 392
782 1 0
775 5 280
775 6 287
775 7 287
779 2 146
772 5 357
772 6 373
772 7 373
768 5 591
768 6 606
768 7 606
779 3 241
783 1 0
784 1 0
785 1 0
786 1 0
783 2 80
785 2 51
783 3 152
786 2 72
788 1 0
785 3 145
786 1 183
785 5 212
785 6 215
785 7 215
788 2 167
788 2 187
788 2 196
788 2 199
788 2 199
788 2 199
768 1 1073
768 13 1073
768 14 1073
791 1 0
788 2 207
788 2 216
791 2 35
788 2 273
788 2 290
791 5 88
791 6 91
791 7 91
788 2 320
788 2 332
788 2 380
794 1 0
795 1 0
794 2 47
788 3 489
795 2 74
797 1 0
788 5 577
788 6 584
788 7 585
797 2 54
794 3 260
795 2 230
799 1 0
794 5 325
794 6 328
794 7 328
794 1 361
794 13 361
797 3 203
794 14 362
801 1 0
801 2 53
797 5 312
797 6 315
797 7 315
803 1 0
797 2 351
797 5 376
797 6 378
797 7 379
803 2 57
768 7 1826
768 6 1826
805 1 0
801 3 189
797 2 468
805 2 55
801 5 247
801 6 250
801 7 250
797 3 537
797 5 562
797 6 565
797 7 565
794 6 847
794 7 847
807 1 0
805 3 378
808 1 0
809 1 0
810 1 0
811 1 0
805 5 442
805 6 452
812 1 0
805 7 453
814 1 0
809 2 119
816 1 0
811 2 89
807 2 196
817 1 0
807 3 283
818 1 0
808 2 300
808 2 303
818 2 72
807 5 400
819 1 0
807 6 406
807 7 406
811 3 328
808 3 404
807 13 451
807 14 454
822 1 0
808 5 514
809 3 526
808 6 521
808 7 521
818 3 228
822 2 49
811 5 495
811 6 499
811 7 499
818 3 302
826 1 0
809 5 598
809 7 602
809 6 602
822 3 162
818 5 394
818 6 400
818 7 400
826 2 96
827 1 0
827 5 7
827 6 11
827 7 11
826 3 167
827 1 34
827 34 35
827 14 37
827 14 56
819 2 389
809 3 790
818 3 519
818 3 521
826 5 215
826 6 218
826 7 218
826 3 229
809 1 851
809 5 856
809 6 861
809 7 861
818 3 575
818 5 583
818 6 587
818 7 587
819 3 544
808 13 992
808 14 992
819 5 654
819 6 663
819 7 663
829 1 0
819 34 706
819 14 707
808 6 1091
808 7 1091
819 6 722
819 7 722
808 13 1115
808 14 1116
777 1 2989
777 5 2993
777 6 2999
777 7 2999
777 1 3003
777 5 3006
777 6 3009
777 7 3009
830 1 0
830 2 33
830 3 94
833 1 0
829 2 194
834 1 0
829 2 208
835 1 0
835 5 5
835 1 18
835 5 22
829 2 222
836 1 0
835 6 29
835 7 29
835 14 44
833 2 39
835 6 82
835 7 82
777 13 3240
777 14 3241
835 14 99
835 6 104
835 7 104
835 14 108
835 6 114
835 7 114
833 3 100
829 3 329
834 2 135
833 3 153
833 5 158
833 6 166
833 7 166
808 6 1495
808 7 1495
829 5 427
829 6 434
829 7 434
829 13 474
829 14 478
808 13 1595
808 14 1595
834 3 434
840 1 0
835 1 478
835 5 485
835 6 499
835 7 499
829 6 700
829 7 700
834 5 511
834 6 516
834 7 516
834 21 520
835 34 514
835 14 524
835 6 530
835 7 530
841 1 0
841 2 70
843 1 0
843 2 36
845 1 0
846 1 0
841 3 201
845 2 49
847 1 0
847 5 6
841 5 321
841 6 326
841 7 327
845 3 154
849 1 0
850 1 0
845 5 227
845 6 234
845 7 234
851 1 0
849 5 7
849 6 14
849 7 15
850 2 34
849 13 48
849 14 49
852 1 0
850 3 165
852 2 71
852 2 72
853 1 0
850 5 241
850 6 256
850 7 256
850 13 294
850 14 294
850 6 357
850 7 357
849 6 368
849 7 368
850 13 504
850 14 505
857 1 0
857 2 59
857 3 170
857 5 280
857 6 289
857 7 290
859 1 0
841 13 1601
841 14 1602
859 2 120
863 1 0
859 3 327
864 1 0
863 2 42
863 3 105
866 1 0
863 5 146
863 6 149
863 7 149
866 1 3
866 2 60
867 1 0
868 1 0
863 2 258
863 5 264
863 6 267
863 7 267
863 1 291
863 14 292
863 6 300
863 7 300
867 2 62
863 14 306
863 6 315
863 7 315
863 13 324
863 14 327
866 3 185
869 1 0
867 3 164
870 1 0
871 1 0
866 5 303
866 6 311
866 7 311
870 2 94
866 5 348
866 6 355
866 7 356
872 1 0
867 5 281
867 6 289
867 7 289
866 13 387
866 14 387
873 1 0
867 13 317
867 14 319
875 1 0
869 2 182
873 2 66
875 2 56
870 2 202
866 6 459
866 7 460
866 13 465
866 14 465
866 6 489
866 7 489
866 26 496
866 14 498
866 6 503
866 7 503
866 26 511
866 14 513
866 6 519
866 7 519
866 5 532
866 6 540
866 7 540
877 1 0
878 1 0
866 34 556
866 14 558
866 26 563
866 14 564
866 6 565
866 7 565
875 3 168
877 2 44
869 3 373
873 3 271
870 3 418
877 3 133
875 5 286
875 6 289
870 5 455
870 6 459
870 7 459
869 3 471
877 5 204
877 6 207
877 7 207
869 5 492
869 6 497
869 7 497
869 13 567
869 14 568
881 1 0
882 1 0
882 5 4
882 6 11
882 7 11
869 6 616
869 7 616
883 1 0
873 5 499
873 6 509
873 7 510
881 2 45
884 1 0
869 34 679
869 14 681
886 1 0
883 2 67
782 2 6505
886 5 8
886 6 15
886 7 15
884 2 74
886 34 68
886 14 68
878 2 502
883 3 217
884 3 190
881 3 257
878 3 588
883 5 277
883 6 280
883 7 280
884 5 259
881 5 319
881 6 324
881 7 324
884 6 268
884 7 268
883 14 291
883 6 298
883 7 298
888 1 0
881 13 391
881 14 391
878 5 680
878 6 684
878 7 685
888 2 81
881 6 483
881 7 483
881 13 511
881 14 512
782 3 6979
782 5 7064
782 6 7071
782 7 7071
888 3 386
894 1 0
894 5 8
894 6 13
894 7 13
894 13 47
894 14 48
896 1 0
888 5 524
888 6 529
888 7 529
886 1 826
896 2 63
886 5 847
886 6 853
886 7 853
897 1 0
898 1 0
899 1 0
897 2 76
896 3 176
900 1 0
900 1 0
899 2 35
898 2 71
898 2 80
900 2 84
899 3 131
896 5 292
896 6 297
896 7 297
897 3 214
898 3 184
899 5 206
899 6 209
899 7 209
899 14 216
897 5 286
899 6 225
899 7 225
899 14 237
899 6 244
899 7 244
899 14 251
899 6 252
899 7 252
898 5 268
897 6 291
897 7 291
900 3 252
898 6 281
898 7 281
902 1 0
900 5 336
900 6 351
900 7 351
900 34 430
900 14 433
900 6 436
900 7 436
903 1 0
900 34 455
900 14 456
900 6 459
900 7 459
906 1 0
907 1 0
907 2 60
908 1 0
908 5 5
908 6 8
908 7 8
909 1 0
907 3 208
909 5 11
909 6 20
909 7 21
908 13 69
908 14 70
907 5 295
907 6 299
907 7 299
915 1 0
907 5 765
907 6 769
907 7 769
915 2 81
917 1 0
915 3 332
850 1 5474
850 5 5477
918 1 0
917 2 92
915 5 448
915 6 451
915 7 451
918 2 66
917 3 217
918 3 243
917 5 358
917 6 366
917 7 366
919 1 0
920 1 0
917 1 391
917 14 391
918 5 342
917 6 405
917 7 405
917 14 410
919 2 51
918 6 346
918 7 346
922 1 0
920 2 124
922 2 62
924 1 0
924 5 3
924 6 11
924 7 11
924 1 31
924 13 31
924 14 34
922 3 179
919 3 282
926 1 0
920 3 317
926 2 41
926 2 52
927 1 0
927 13 0
926 3 100
922 5 304
927 1 8
927 5 10
927 6 14
927 7 14
928 1 0
922 6 310
922 7 310
922 34 359
922 14 359
926 5 160
919 5 469
919 6 478
919 7 479
928 2 59
926 6 163
926 7 163
922 6 375
922 7 376
922 13 385
922 14 385
920 5 500
920 6 503
920 7 503
926 13 195
926 14 195
919 13 525
919 14 526
929 1 0
929 2 41
920 1 645
920 13 646
920 14 646
930 1 0
928 3 306
922 6 616
922 7 617
922 13 628
922 14 629
919 6 725
919 7 726
919 3 742
930 2 61
929 3 191
920 6 919
920 7 919
929 5 327
929 6 336
929 7 336
928 5 549
928 6 552
928 7 552
929 1 369
929 5 374
930 3 270
928 1 576
928 14 578
929 6 389
929 7 390
928 14 589
930 5 365
930 6 368
930 7 368
929 34 475
929 14 485
932 1 0
930 14 415
933 1 0
930 6 441
930 7 442
930 14 454
930 6 462
930 7 462
930 14 475
932 2 64
935 1 0
936 1 0
938 1 0
938 2 38
940 1 0
938 3 116
938 5 171
938 6 175
938 7 175
940 2 172
942 1 0
940 2 218
940 3 295
944 1 0
944 1 1
940 5 346
940 7 350
940 6 350
940 1 360
944 2 57
940 5 368
940 6 372
940 7 372
940 13 387
940 14 391
945 1 0
945 5 7
945 6 10
945 7 10
946 1 0
946 2 35
945 2 108
944 3 426
946 3 113
945 3 195
945 5 236
945 6 239
945 7 239
946 5 182
945 14 259
946 6 198
946 7 198
944 5 604
945 14 274
944 6 607
944 7 608
947 1 0
947 1 0
947 5 3
947 5 6
945 6 371
945 7 371
947 6 21
947 7 21
950 1 0
950 2 96
950 3 248
953 1 0
950 5 388
950 6 393
950 7 393
953 2 132
953 2 136
953 2 137
954 1 0
953 2 210
954 2 44
955 1 0
954 3 137
956 1 0
955 1 36
955 2 86
954 5 209
953 3 390
954 6 214
954 7 214
954 14 238
954 6 246
954 7 246
955 3 178
957 1 0
956 2 154
954 34 301
958 1 0
958 5 4
954 6 308
954 7 308
958 6 12
958 7 12
954 34 324
954 14 325
954 6 327
954 7 327
955 5 284
955 6 286
955 7 287
959 1 0
959 2 72
957 2 186
956 3 417
961 1 0
962 1 0
963 1 0
961 2 77
959 3 345
956 5 661
956 6 670
956 7 670
956 21 671
956 26 706
956 14 707
956 6 716
956 7 716
959 5 460
956 26 733
956 14 734
959 6 468
959 7 468
956 6 753
956 7 754
959 13 498
959 14 499
961 3 273
956 5 837
956 6 845
956 7 845
956 21 846
959 6 581
959 7 581
959 13 595
959 14 595
957 3 681
961 5 377
961 6 385
961 7 386
965 1 0
966 1 0
967 1 0
966 2 63
966 3 172
967 2 189
959 6 1016
959 7 1016
966 5 271
966 6 279
966 7 279
966 13 297
966 14 297
959 5 1020
959 6 1028
959 7 1028
959 13 1084
959 14 1085
970 1 0
959 6 1143
959 7 1143
959 13 1165
959 14 1166
971 1 0
970 2 77
972 1 0
973 1 0
971 2 95
974 1 0
972 2 70
973 2 57
974 2 35
959 6 1358
959 7 1358
967 2 590
959 34 1386
959 14 1387
971 2 194
971 2 195
971 2 195
970 3 273
959 6 1427
959 7 1427
975 1 0
973 3 154
974 3 135
972 3 218
967 3 717
974 5 178
974 6 182
974 7 182
973 5 238
973 7 241
973 6 241
970 5 413
970 6 417
970 7 417
974 13 229
974 14 230
974 6 236
974 7 236
967 5 800
967 6 806
967 7 807
976 1 0
977 1 0
972 5 371
972 6 382
972 7 383
976 2 72
967 1 911
977 2 42
974 13 364
974 14 366
967 14 914
972 34 485
977 3 149
976 3 205
977 5 189
977 6 192
977 7 192
979 1 0
979 5 4
977 13 264
977 14 265
979 6 15
979 7 15
980 1 0
980 2 110
980 3 266
980 5 432
980 6 436
980 7 436
981 1 0
981 2 103
981 3 257
986 1 0
986 2 48
986 2 58
987 1 0
981 5 476
981 6 482
981 7 482
990 1 0
990 2 160
990 3 378
986 3 646
986 5 746
986 6 754
986 7 754
986 3 820
986 3 831
986 5 836
986 6 845
986 7 845
986 3 850
986 3 858
986 5 863
992 1 0
993 1 0
994 1 0
986 6 874
986 7 874
992 2 39
994 2 48
992 3 105
994 3 123
992 5 157
992 6 160
992 7 160
986 1 1031
986 34 1031
986 14 1031
986 14 1049
994 5 175
994 6 183
994 7 183
992 1 215
992 14 218
994 13 279
994 14 280
994 6 473
994 7 473
997 1 0
