10 1 0
11 1 0
12 1 0
10 5 410
10 7 415
10 13 428
10 14 429
16 1 0
17 1 0
10 1 665
10 5 669
10 7 674
18 1 0
16 5 213
16 7 222
16 1 238
16 19 238
16 14 242
16 7 249
20 1 0
12 5 718
17 5 448
12 7 728
12 21 729
17 7 455
17 21 458
17 19 496
17 14 497
17 14 507
20 5 400
20 7 403
20 21 404
23 1 0
31 1 0
36 1 0
36 5 307
36 7 316
36 8 323
36 29 340
36 1 343
36 5 356
36 7 365
36 1 382
36 5 389
37 1 0
38 1 0
38 5 441
38 7 448
38 21 452
38 1 510
38 13 510
38 14 511
38 7 946
38 13 969
38 14 969
41 1 0
41 1 0
42 1 0
41 5 365
41 7 371
43 1 0
41 8 510
42 5 301
42 7 305
42 21 307
42 19 323
42 14 325
42 7 341
44 1 0
44 5 387
44 7 390
46 1 0
47 1 0
47 5 222
46 5 414
46 7 418
47 7 238
46 8 432
46 1 438
46 19 439
46 14 441
48 1 0
48 5 309
48 7 327
49 1 0
53 1 0
53 5 244
53 7 247
53 19 268
53 14 274
53 7 289
53 13 300
53 14 302
53 7 320
53 13 335
53 14 336
53 7 360
53 13 369
53 14 369
61 1 0
64 1 0
64 5 196
64 7 199
64 8 203
64 8 209
64 8 218
64 8 231
64 8 241
64 8 252
64 8 261
64 1 280
64 13 280
64 14 284
65 1 0
65 5 16
65 7 22
65 13 41
65 14 42
66 1 0
66 5 327
66 7 331
66 8 353
66 13 373
66 14 374
68 1 0
71 1 0
71 5 247
71 7 252
73 1 0
74 1 0
75 1 0
76 1 0
74 5 263
74 7 270
77 1 0
77 5 8
77 7 11
78 1 0
78 1 16
76 5 439
76 7 446
76 8 473
76 1 484
76 19 485
76 14 485
76 7 501
76 8 502
76 13 504
76 14 505
79 1 0
81 1 0
82 1 0
82 5 2
82 7 12
82 21 15
82 1 24
82 13 24
82 14 26
81 5 182
81 7 190
81 8 199
81 8 210
79 5 395
79 7 408
77 8 799
82 7 298
82 13 301
82 14 301
77 13 805
77 14 806
79 8 532
79 8 548
79 8 560
79 8 566
79 8 586
79 8 608
79 29 624
79 8 630
79 29 635
79 8 637
79 29 650
79 8 653
79 29 655
79 8 657
79 8 700
79 19 745
79 14 747
82 25 602
82 7 602
79 25 759
79 7 760
82 13 607
82 14 609
79 8 767
79 29 774
79 8 790
79 29 812
79 8 815
79 8 824
79 29 857
79 29 860
79 8 879
79 29 884
84 1 0
84 5 13
84 7 20
84 8 37
87 1 0
87 5 5
87 7 9
87 19 13
87 14 14
87 14 18
88 1 0
89 1 0
77 1 3015
77 5 3026
77 7 3031
90 1 0
89 5 306
89 7 313
91 1 0
89 13 365
89 14 366
93 1 0
94 1 0
91 5 410
91 7 415
91 8 436
91 8 461
93 5 135
93 7 142
91 8 468
91 8 477
91 8 488
91 8 493
93 8 161
91 8 506
91 8 519
91 29 548
91 29 553
91 29 555
91 19 565
91 14 565
91 7 578
94 5 232
94 7 246
96 1 0
88 5 1162
88 7 1169
98 1 0
98 1 50
96 5 189
96 7 192
96 8 211
96 13 227
96 14 229
99 1 0
101 1 0
103 1 0
99 5 592
104 1 0
99 7 604
99 21 604
99 8 617
99 1 625
99 19 626
99 14 626
105 1 0
106 1 0
103 5 412
106 5 255
106 7 265
106 1 292
106 13 293
106 14 294
105 5 358
105 7 367
105 1 414
105 19 414
105 14 428
105 7 440
106 7 448
106 13 457
106 14 458
111 1 0
115 1 0
116 1 0
111 5 706
111 7 714
111 8 729
111 5 769
111 7 778
111 8 781
111 8 802
117 1 0
115 5 463
115 7 474
115 13 554
115 14 555
120 1 0
117 5 329
117 7 337
117 1 359
117 13 359
117 14 360
117 7 444
120 5 363
120 7 377
120 21 379
120 26 389
120 14 391
120 7 415
120 8 418
125 1 0
125 5 6
120 13 488
120 14 489
125 7 9
125 26 14
125 14 15
125 25 25
125 7 25
125 8 30
125 8 49
127 1 0
128 1 0
132 1 0
132 5 2
132 8 5
132 7 5
133 1 0
135 1 0
135 5 8
135 7 11
135 19 72
135 136 72
135 14 77
135 14 93
127 5 543
127 7 551
127 8 560
127 8 574
133 5 227
133 7 231
133 8 238
133 29 240
135 1 254
135 5 260
135 7 264
135 19 274
135 136 274
135 14 275
138 1 0
139 1 0
140 1 0
141 1 0
143 1 0
115 1 2069
115 5 2078
144 1 0
115 7 2087
115 13 2091
115 14 2091
141 5 346
141 7 362
143 5 292
143 7 304
141 8 380
141 8 394
141 8 413
141 8 424
141 8 441
141 19 449
141 14 449
139 5 628
139 7 633
145 1 0
139 8 652
146 1 0
139 29 674
139 1 702
139 13 708
139 14 711
150 1 0
151 1 0
146 5 199
146 7 225
145 5 267
145 7 275
146 1 273
146 19 274
145 8 299
146 14 284
152 1 0
145 8 311
145 13 319
145 14 320
146 25 306
146 7 324
146 8 336
146 8 354
150 5 255
150 7 269
150 8 280
127 5 1804
156 1 0
146 8 400
146 8 401
146 8 402
146 8 402
146 19 403
146 14 413
146 7 417
146 8 422
146 8 427
146 8 437
146 8 442
157 1 0
158 1 0
160 1 0
156 5 220
156 7 228
161 1 0
158 5 204
158 7 208
152 5 424
152 7 427
158 19 256
152 8 465
158 14 259
158 25 273
158 7 274
158 8 277
144 5 1204
144 7 1212
152 8 467
164 1 0
165 1 0
158 19 297
158 14 300
158 7 302
158 8 308
144 8 1244
158 13 322
158 14 323
166 1 0
152 8 578
157 5 457
157 7 463
157 8 478
168 1 0
157 8 490
168 5 14
152 1 645
152 26 646
152 14 647
168 7 24
168 1 33
168 26 33
168 14 34
151 5 840
151 7 844
151 21 847
144 8 1489
151 26 891
151 14 894
170 1 0
171 1 0
172 1 0
173 1 0
170 5 166
170 7 177
177 1 0
166 5 515
166 7 528
170 136 303
170 19 303
170 14 303
170 25 308
170 7 308
166 13 539
166 14 540
178 1 0
165 5 611
170 19 326
170 14 326
170 136 326
165 7 620
144 29 1885
170 25 396
170 7 398
144 8 1887
144 13 1891
144 14 1892
165 8 699
165 8 700
170 19 433
170 136 433
170 14 436
180 1 0
177 5 257
177 7 271
165 5 898
144 25 2115
144 7 2115
177 13 368
177 14 369
165 7 920
165 8 949
165 19 949
165 14 950
165 7 955
165 8 959
166 7 917
151 1 1593
151 5 1605
151 7 1609
151 21 1611
165 8 963
165 8 969
185 1 0
185 5 1
185 7 18
185 1 22
185 19 22
185 14 23
173 5 692
185 7 30
185 8 31
185 19 40
185 14 41
185 7 42
185 8 46
185 8 59
185 19 64
185 14 65
185 7 69
185 8 72
185 8 75
185 8 78
185 8 80
185 8 85
185 19 89
185 14 95
185 7 96
185 8 99
185 25 131
185 5 131
185 7 146
185 8 150
185 8 156
185 8 160
185 8 162
185 29 167
185 19 171
178 5 632
185 14 184
178 7 648
178 21 649
164 1 1297
188 1 0
178 8 766
178 29 821
178 8 828
178 29 860
178 8 873
178 29 932
178 8 966
191 1 0
193 1 0
194 1 0
196 1 0
199 1 0
194 5 212
194 7 228
194 8 240
194 29 277
201 1 0
193 5 276
193 7 288
193 21 293
202 1 0
193 8 310
193 26 315
193 14 319
196 5 289
196 7 292
199 5 181
199 7 187
199 8 207
204 1 0
199 8 218
204 5 10
204 7 19
196 8 328
196 1 338
196 19 338
196 14 340
204 1 26
204 13 26
204 14 33
196 25 359
196 7 359
205 1 0
164 5 2141
164 7 2157
202 5 221
202 7 237
164 8 2199
202 8 296
202 8 340
207 1 0
202 8 358
201 5 495
201 7 510
209 1 0
201 8 556
201 1 572
201 19 572
201 136 572
201 14 573
210 1 0
201 25 607
201 7 608
201 8 617
211 1 0
212 1 0
205 5 607
205 7 614
211 5 172
211 7 182
205 8 654
205 8 668
205 1 676
205 13 676
205 14 679
211 8 206
211 8 211
213 1 0
213 5 7
213 7 23
213 8 47
214 1 0
215 1 0
213 8 83
213 8 101
209 5 439
210 5 429
209 7 448
210 7 444
217 1 0
210 8 475
178 5 2342
178 7 2346
178 21 2347
213 29 197
213 29 200
210 8 496
209 8 518
178 8 2361
213 29 203
213 8 217
210 1 523
209 8 543
210 13 526
210 14 533
178 29 2397
178 1 2402
178 13 2402
178 14 2409
209 8 559
209 13 565
209 14 571
210 25 553
210 7 553
209 25 604
209 7 604
209 13 609
209 14 613
217 5 173
212 5 482
217 7 179
217 8 188
217 8 191
217 13 206
209 25 652
209 7 652
209 13 659
209 14 659
209 25 672
209 7 672
212 7 488
217 14 206
209 8 676
209 13 679
209 14 683
215 5 350
217 25 267
217 7 267
217 8 269
217 8 273
217 8 275
217 13 278
217 14 279
209 25 756
209 7 757
209 13 761
209 14 764
223 1 0
217 25 411
217 7 411
214 5 566
217 13 460
217 14 461
214 7 575
225 1 0
217 25 549
217 7 549
217 8 552
217 13 553
217 14 554
227 1 0
228 1 0
228 1 1
214 13 842
214 14 843
230 1 0
231 1 0
232 1 0
233 1 0
232 5 20
232 8 30
232 7 31
234 1 0
225 5 433
225 7 439
225 8 497
225 8 524
225 8 545
225 8 551
235 1 0
235 5 2
236 1 0
237 1 0
238 1 0
231 5 422
231 7 427
231 13 479
231 14 480
241 1 0
237 5 205
242 1 0
214 7 1507
214 26 1516
214 14 1516
237 7 210
237 8 231
230 5 687
230 7 695
238 5 293
238 7 297
230 19 732
230 14 735
230 7 743
243 1 0
241 5 240
230 13 770
230 14 777
244 1 0
241 7 256
245 1 0
241 8 280
230 7 815
241 1 325
241 5 328
241 7 337
241 8 340
241 13 344
241 14 344
241 7 384
241 8 396
241 13 399
241 14 400
241 7 404
241 8 405
241 13 407
241 14 408
132 26 6595
132 14 6596
236 1 667
247 1 0
244 5 321
244 7 328
243 5 360
243 7 367
249 1 0
250 1 0
250 5 3
251 1 0
250 7 20
250 8 35
247 5 153
247 7 156
252 1 0
244 8 529
244 8 547
244 8 567
244 29 638
244 8 639
244 29 687
244 8 688
255 1 0
256 1 0
257 1 0
258 1 0
252 5 287
252 7 297
242 5 907
242 7 914
242 21 918
259 1 0
249 5 496
249 7 499
262 1 0
249 8 529
249 8 536
242 8 1140
266 1 0
242 5 1162
242 7 1171
242 21 1175
242 8 1189
267 1 0
268 1 0
268 5 5
269 1 0
268 7 10
268 1 18
268 13 18
268 14 21
255 5 443
255 7 447
255 8 456
271 1 0
272 1 0
256 5 470
273 1 0
256 7 475
256 21 476
259 5 442
259 7 455
255 8 517
262 5 347
259 8 462
255 8 547
244 13 1253
244 14 1255
262 7 363
276 1 0
251 5 862
251 7 878
277 1 0
256 8 613
251 8 891
251 1 900
251 19 900
251 14 901
251 25 910
251 7 911
259 1 546
259 13 547
259 14 549
256 8 641
251 19 938
251 136 938
251 14 942
251 7 947
266 5 387
266 7 391
256 26 655
256 14 655
251 19 964
251 136 965
251 14 966
251 7 970
279 1 0
255 29 693
255 8 696
258 5 659
256 7 688
256 8 695
256 26 706
256 14 710
280 1 0
255 13 706
255 14 710
258 7 675
281 1 0
269 5 315
256 7 746
256 26 754
256 14 755
256 7 758
269 7 332
269 8 348
283 1 0
269 8 359
258 8 731
258 29 735
284 1 0
256 8 779
256 26 789
256 14 791
256 7 797
269 8 379
255 7 801
255 26 808
255 14 812
272 5 357
256 8 810
286 1 0
271 5 379
271 7 394
272 7 374
277 5 237
272 8 382
277 7 252
272 8 393
256 8 850
272 8 401
272 8 405
277 8 267
277 8 272
269 8 472
271 8 437
277 13 288
277 14 288
272 8 439
269 13 494
269 14 494
288 1 0
288 5 4
288 7 20
290 1 0
291 1 0
280 5 272
259 1 921
280 7 282
281 5 261
259 25 959
259 5 964
283 5 234
255 7 1034
281 7 276
281 8 298
292 1 0
259 7 971
259 8 985
283 7 250
281 19 306
281 14 306
281 7 310
281 8 316
281 19 318
281 136 318
281 14 318
281 7 321
281 8 327
294 1 0
259 1 1000
259 13 1002
259 14 1004
255 8 1072
281 8 340
281 19 342
281 14 345
295 1 0
255 5 1189
255 7 1195
255 8 1204
255 29 1250
255 8 1257
294 5 192
294 7 208
294 8 210
255 26 1290
255 14 1291
294 8 235
297 1 0
297 5 2
297 7 18
290 5 359
290 7 363
294 8 249
294 8 254
294 8 258
297 1 21
297 5 23
297 7 28
297 8 37
297 19 40
257 5 1330
297 14 40
297 7 45
290 13 385
290 14 386
294 19 305
294 14 306
257 7 1341
297 8 58
297 19 64
297 14 65
297 7 67
255 7 1371
255 8 1388
297 8 85
297 19 89
297 14 89
255 8 1416
257 1 1407
257 13 1410
257 14 1411
301 1 0
290 25 498
290 7 498
290 13 504
290 14 505
295 5 285
255 8 1516
305 1 0
295 1 397
306 1 0
306 5 3
306 7 9
307 1 0
308 1 0
309 1 0
306 8 137
306 1 145
306 19 145
306 136 145
306 14 146
306 14 151
305 5 218
305 7 232
305 1 242
305 19 242
305 14 243
305 26 252
305 14 253
301 5 390
301 7 393
301 8 436
311 1 0
312 1 0
309 5 324
309 7 326
309 21 330
309 8 343
309 19 354
309 136 354
309 14 357
309 25 368
309 7 368
309 8 373
307 5 580
255 29 2208
301 13 745
301 14 748
307 7 589
255 8 2209
255 8 2235
307 8 652
307 8 684
307 8 695
307 8 711
307 8 737
307 8 743
314 1 0
307 29 777
307 8 778
301 7 949
307 29 807
307 8 808
307 13 838
307 14 839
255 5 2455
255 7 2459
255 8 2476
318 1 0
255 13 2623
255 14 2626
314 5 258
314 7 261
321 1 0
322 1 0
323 1 0
324 1 0
325 1 0
326 1 0
326 5 2
326 7 6
328 1 0
322 5 242
322 7 245
323 5 235
323 7 243
329 1 0
330 1 0
331 1 0
332 1 0
333 1 0
328 5 281
328 7 285
328 8 297
328 8 308
325 5 534
325 7 546
328 5 364
328 7 367
328 8 371
325 8 579
325 8 594
325 1 621
325 5 624
328 8 412
325 7 632
328 8 436
329 5 368
329 7 376
333 5 202
333 7 209
329 8 394
329 1 404
329 19 404
329 14 413
334 1 0
333 8 217
328 8 515
329 25 424
329 7 425
333 8 247
328 1 561
328 13 561
328 14 565
336 1 0
328 25 641
328 7 641
337 1 0
336 5 344
336 7 352
336 13 377
336 14 378
337 5 254
337 7 261
337 13 286
337 14 287
336 7 486
336 13 494
336 14 496
340 1 0
341 1 0
343 1 0
344 1 0
345 1 0
340 5 371
340 7 373
346 1 0
347 1 0
340 19 397
340 14 399
347 1 8
347 5 13
347 8 18
347 7 18
346 5 250
346 7 253
350 1 0
344 5 532
344 7 546
345 5 525
345 7 531
345 21 532
345 8 542
345 8 542
357 1 0
345 8 568
345 8 579
358 1 0
341 5 912
360 1 0
341 7 915
341 8 937
345 29 676
345 8 681
345 8 757
360 5 196
360 7 200
360 8 233
360 8 237
345 8 836
345 8 836
350 5 579
362 1 0
350 7 591
345 8 869
350 13 606
350 14 607
363 1 0
363 5 4
363 7 8
360 25 274
360 5 275
360 7 284
363 5 54
363 7 58
363 21 61
363 8 76
345 8 963
363 5 101
363 7 105
363 21 107
363 8 111
364 1 0
345 8 1006
345 5 1054
345 7 1061
345 21 1062
365 1 0
345 8 1148
367 1 0
368 1 0
364 5 235
345 26 1220
345 14 1221
364 7 242
364 8 269
345 25 1270
345 7 1270
364 1 273
364 19 273
364 14 274
345 8 1275
370 1 0
370 1 0
345 13 1380
345 14 1381
345 25 1401
345 7 1401
345 8 1408
345 26 1411
345 14 1412
365 5 395
365 7 399
368 5 279
368 7 285
368 8 314
365 8 459
367 5 360
368 8 329
368 8 336
367 7 372
367 21 373
368 8 359
368 8 364
368 8 371
368 8 377
368 8 382
368 29 384
365 1 510
365 13 510
365 14 511
367 8 409
365 25 568
365 7 568
365 8 570
365 19 586
367 8 460
363 1 824
363 5 829
363 7 833
363 21 835
363 1 836
365 14 590
365 25 606
365 7 606
367 13 495
367 14 497
363 5 843
363 7 846
363 21 849
363 25 865
363 5 866
375 1 0
363 7 871
363 8 876
363 5 909
363 7 916
368 19 663
368 14 663
376 1 0
378 1 0
379 1 0
380 1 0
381 1 0
382 1 0
381 5 183
381 7 199
385 1 0
381 13 251
381 14 251
380 5 335
380 7 339
380 21 341
380 19 367
380 14 370
380 25 379
380 7 380
380 13 383
380 14 388
386 1 0
387 1 0
378 5 604
378 7 609
387 5 142
387 7 151
365 8 1606
385 5 416
378 26 771
378 14 774
378 25 788
378 7 789
385 7 428
378 26 803
378 14 807
378 25 812
378 7 813
388 1 0
385 8 495
385 19 505
378 25 881
378 5 882
385 14 518
378 7 889
392 1 0
393 1 0
388 5 342
388 7 347
392 5 241
388 8 359
388 8 365
388 8 370
392 7 250
392 1 269
392 13 269
392 14 272
388 29 424
388 8 427
388 8 451
393 5 243
398 1 0
388 8 530
393 7 249
393 13 256
393 14 257
388 13 579
388 14 581
401 1 0
403 1 0
404 1 0
405 1 0
406 1 0
407 1 0
408 1 0
385 26 1227
385 14 1238
401 5 205
401 7 212
410 1 0
387 8 1188
411 1 0
387 13 1202
387 14 1205
405 5 269
405 7 272
405 8 292
414 1 0
414 1 4
403 5 380
403 7 390
415 1 0
404 5 405
405 8 379
404 7 419
403 8 442
398 5 621
398 7 630
404 13 466
404 14 467
403 8 477
403 8 502
403 8 518
398 8 709
398 19 731
398 14 731
406 5 496
406 7 501
405 8 543
398 25 745
398 7 745
417 1 0
418 1 0
398 8 786
415 5 232
415 7 235
414 5 234
414 7 238
414 8 257
411 5 397
411 7 400
405 8 613
403 5 642
403 7 652
405 29 649
398 8 827
398 8 928
398 8 941
398 8 957
417 5 210
418 5 233
417 7 221
418 7 246
418 8 265
398 19 1017
398 14 1029
418 8 273
398 25 1042
398 7 1042
398 8 1058
398 8 1062
417 8 279
417 8 290
418 8 304
418 29 316
418 8 317
418 13 320
418 14 321
398 8 1095
398 19 1117
398 14 1118
398 25 1125
422 1 0
422 5 7
422 7 14
422 8 16
398 7 1125
422 8 28
423 1 0
404 7 1043
425 1 0
414 29 752
414 8 753
414 29 756
414 8 757
426 1 0
414 8 779
414 29 792
414 8 797
414 29 804
414 8 814
414 29 825
429 1 0
430 1 0
430 5 5
430 7 12
431 1 0
431 5 2
431 7 18
423 5 374
423 7 378
432 1 0
433 1 0
423 8 462
423 8 466
435 1 0
432 5 359
432 7 375
432 8 383
432 8 430
437 1 0
437 1 0
433 5 524
433 7 532
433 8 565
408 1 1954
440 1 0
433 1 614
433 13 615
433 14 615
437 5 284
437 7 290
437 8 333
442 1 0
437 5 390
437 7 397
437 8 429
437 8 455
444 1 0
445 1 0
447 1 0
440 5 354
440 7 358
440 8 368
440 29 371
440 8 374
448 1 0
449 1 0
450 1 0
451 1 0
451 1 0
453 1 0
447 5 223
444 1 279
447 7 240
454 1 0
447 13 282
447 14 283
455 1 0
451 5 310
451 7 326
447 7 417
450 5 352
450 7 368
454 5 168
454 7 173
450 8 394
454 8 179
440 29 799
450 29 415
457 1 0
454 8 211
440 8 801
440 29 827
445 5 511
445 7 519
450 8 446
450 1 455
450 19 455
450 14 457
450 14 467
445 8 583
460 1 0
461 1 0
448 5 544
448 7 549
462 1 0
448 13 587
448 14 588
450 7 581
450 8 627
450 13 634
450 14 638
460 5 176
460 7 180
460 8 195
460 8 224
463 1 0
465 1 0
462 5 252
462 7 256
462 8 298
462 8 326
462 8 358
466 1 0
466 1 4
462 13 376
462 14 377
463 5 267
463 7 273
470 1 0
471 1 0
472 1 0
465 5 343
461 5 736
461 7 752
471 5 216
471 7 232
472 5 215
472 7 220
471 8 259
474 1 0
461 13 887
461 14 888
475 1 0
471 1 304
471 13 304
471 14 306
466 5 521
466 7 537
466 19 567
466 14 571
476 1 0
466 1 591
466 5 599
444 5 1639
477 1 0
444 7 1644
444 13 1673
444 14 1674
474 5 252
474 7 261
474 21 262
475 5 260
475 7 276
479 1 0
476 5 213
476 7 222
480 1 0
475 8 293
475 8 306
482 1 0
484 1 0
486 1 0
487 1 0
444 7 1967
444 8 1972
480 5 167
480 7 173
444 13 1996
444 14 1998
488 1 0
479 5 225
479 7 231
477 5 383
477 7 388
479 8 258
479 8 262
479 8 266
479 8 273
477 8 408
477 29 422
479 8 277
479 8 280
479 8 283
479 8 286
477 8 428
477 8 433
477 8 436
477 8 440
474 8 608
479 1 318
479 19 318
479 14 320
474 8 643
490 1 0
470 5 969
470 7 985
444 7 2160
476 8 568
444 8 2170
476 1 578
476 5 582
476 7 587
470 8 1029
470 1 1038
470 19 1038
470 14 1038
476 29 636
493 1 0
494 1 0
444 29 2257
444 8 2259
444 26 2282
444 14 2285
497 1 0
498 1 0
444 7 2389
488 5 404
488 7 420
499 1 0
500 1 0
500 1 1
500 1 1
501 1 0
488 8 451
497 5 190
488 19 500
488 136 500
488 14 503
488 25 510
488 7 510
497 7 206
503 1 0
503 1 0
503 1 0
488 19 530
488 136 531
488 14 531
488 25 539
488 7 539
497 8 256
490 5 384
490 7 401
490 21 403
488 8 553
497 8 267
490 8 415
470 7 1390
488 8 579
497 8 290
497 8 350
498 5 297
487 5 711
487 7 728
497 8 403
498 7 313
490 8 532
487 13 740
487 14 741
490 8 552
490 8 565
490 8 573
490 1 592
490 5 611
497 19 495
497 14 496
490 7 628
490 21 629
497 26 501
497 14 501
497 25 506
497 7 506
497 8 514
497 26 522
497 14 526
507 1 0
497 25 559
497 7 559
497 8 567
497 8 594
497 8 607
508 1 0
497 8 630
497 26 650
497 14 651
497 25 654
497 7 654
511 1 0
512 1 0
508 5 302
508 7 307
508 8 323
515 1 0
508 8 371
516 1 0
508 8 403
517 1 0
508 13 453
508 14 453
511 5 235
511 7 252
519 1 0
520 1 0
516 5 227
516 7 231
522 1 0
517 5 301
517 7 305
512 5 459
512 7 463
526 1 0
517 8 426
512 8 569
520 5 294
520 7 298
520 8 315
527 1 0
520 8 350
520 8 366
528 1 0
520 8 398
520 8 433
519 5 558
519 7 562
519 21 564
520 8 480
519 1 597
519 26 597
519 14 599
530 1 0
522 5 462
493 5 1800
512 5 891
512 7 894
522 7 478
522 8 491
493 7 1816
493 21 1817
512 8 905
522 8 505
522 8 514
522 8 519
522 8 524
528 5 335
528 7 351
526 5 502
526 7 509
528 8 378
512 13 1049
512 14 1052
534 1 0
534 5 1
534 7 15
534 1 19
534 13 19
534 14 19
528 13 405
528 14 410
526 8 592
530 5 291
530 7 297
530 8 313
530 13 329
530 14 331
535 1 0
536 1 0
537 1 0
526 5 1045
526 7 1063
541 1 0
541 5 129
541 7 141
542 1 0
543 1 0
544 1 0
545 1 0
547 1 0
548 1 0
535 5 668
535 7 672
541 8 382
535 8 695
541 29 391
541 13 396
541 14 396
549 1 0
550 1 0
535 1 754
535 13 754
535 14 758
552 1 0
547 5 263
408 1 7690
547 7 279
547 8 287
547 8 296
553 1 0
541 1 623
550 5 187
547 13 314
547 14 314
541 5 632
549 5 189
541 7 645
549 7 204
550 7 203
550 1 216
550 5 219
543 5 560
541 13 696
541 14 697
543 7 564
543 8 596
544 5 538
544 7 542
543 8 631
543 29 642
553 5 173
553 7 179
544 8 552
553 8 187
553 1 204
553 13 204
553 14 207
556 1 0
544 13 645
544 14 647
552 5 419
552 7 432
552 8 459
552 8 473
552 8 478
557 1 0
552 1 505
552 13 505
552 14 505
557 5 9
557 7 13
557 13 34
557 14 35
547 25 819
547 7 819
547 13 834
547 14 834
560 1 0
561 1 0
544 7 972
563 1 0
564 1 0
548 5 894
565 1 0
566 1 0
567 1 0
547 25 1013
547 7 1013
547 13 1019
547 14 1019
571 1 0
563 5 288
563 7 297
563 21 301
563 19 315
563 14 316
572 1 0
563 26 330
563 14 331
573 1 0
530 7 2426
567 5 339
567 7 343
567 26 355
567 14 356
565 5 402
565 7 419
567 7 363
567 26 366
567 14 369
567 25 371
567 7 371
567 26 380
567 14 381
567 25 383
567 7 383
571 5 218
571 7 225
575 1 0
575 1 2
567 26 390
567 14 394
577 1 0
565 13 479
578 1 0
579 1 0
565 14 483
580 1 0
530 25 2580
580 5 26
581 1 0
580 7 43
530 25 2609
530 5 2610
530 7 2614
580 1 57
580 19 58
580 136 58
580 14 67
583 1 0
584 1 0
572 5 316
572 7 318
585 1 0
585 5 10
585 7 18
560 5 773
586 1 0
560 7 790
577 5 348
587 1 0
577 7 350
577 8 367
577 19 429
577 136 429
577 14 432
577 25 438
577 7 438
577 8 458
577 25 497
577 5 497
588 1 0
583 5 382
583 7 398
586 5 260
586 7 263
577 7 506
577 8 524
583 8 416
583 13 422
589 1 0
583 14 426
577 8 534
577 8 552
590 1 0
584 5 414
584 7 419
584 21 422
591 1 0
592 1 0
593 1 0
591 5 176
596 1 0
591 7 180
591 8 186
591 8 196
591 1 205
591 13 205
591 14 205
589 5 383
589 7 399
598 1 0
599 1 0
589 8 444
601 1 0
589 8 474
603 1 0
408 1 9867
596 5 294
596 5 357
601 5 225
601 7 229
601 8 247
601 1 264
601 13 264
601 14 266
603 1 274
606 1 0
599 5 507
599 7 512
610 1 0
611 1 0
575 5 1565
575 7 1581
613 1 0
575 8 1632
606 5 236
575 29 1645
575 8 1648
606 7 252
606 8 272
575 8 1676
575 8 1717
606 29 303
606 8 306
575 8 1785
611 5 225
611 7 228
611 8 234
615 1 0
611 8 286
611 29 287
603 5 770
611 8 290
611 29 290
611 29 290
611 8 291
603 7 787
611 8 306
611 8 306
611 29 307
611 8 309
575 8 1880
603 1 813
603 13 813
603 14 814
611 8 331
611 29 334
611 8 335
617 1 0
613 5 285
613 7 301
613 13 331
613 14 332
575 8 1956
620 1 0
613 25 432
613 7 432
617 5 199
617 7 215
615 5 300
615 7 310
615 8 319
617 13 226
617 14 227
615 8 345
615 8 365
615 8 378
615 13 388
625 1 0
615 14 396
627 1 0
628 1 0
620 5 362
620 7 374
620 8 385
629 1 0
620 5 397
620 7 414
620 8 429
631 1 0
611 26 1116
611 14 1116
631 5 229
631 7 235
611 7 1166
611 5 1173
611 7 1177
631 8 244
611 8 1186
611 29 1186
611 8 1189
611 29 1190
611 29 1190
611 8 1191
611 29 1191
611 8 1192
611 29 1203
611 29 1203
611 8 1204
611 8 1229
631 19 305
631 136 305
631 14 305
631 25 317
631 7 317
631 8 327
631 8 362
631 8 390
635 1 0
628 5 551
628 7 554
628 21 560
628 8 573
628 13 596
631 8 463
628 14 601
631 8 483
631 19 545
631 136 545
631 14 545
631 25 552
631 7 552
628 1 733
628 5 739
628 7 743
631 8 620
631 8 624
628 21 747
636 1 0
631 8 664
637 1 0
637 5 8
408 1 11996
637 7 24
639 1 0
640 1 0
640 5 7
640 7 12
641 1 0
640 1 57
640 13 57
640 14 58
642 1 0
643 1 0
639 5 245
628 1 1167
628 1 1167
639 25 273
639 5 274
628 5 1172
628 5 1174
628 7 1176
628 7 1177
628 21 1180
637 25 356
637 7 357
637 8 364
649 1 0
643 5 214
639 5 407
643 7 229
641 5 371
643 8 235
643 8 240
643 29 241
639 7 410
641 7 388
641 8 410
641 8 413
641 13 428
641 14 431
651 1 0
652 1 0
653 1 0
641 7 503
652 5 7
652 7 12
652 8 19
641 13 526
641 14 527
642 5 464
641 7 583
641 13 591
641 14 592
649 5 264
649 7 268
656 1 0
649 8 300
649 8 308
649 8 310
649 8 311
649 29 314
649 8 315
649 29 316
652 8 179
649 8 325
649 8 329
649 8 336
649 8 339
649 8 341
649 8 344
649 8 346
649 8 350
642 25 574
642 5 574
649 8 355
649 8 357
649 8 358
649 8 360
649 8 363
649 8 372
649 8 379
642 25 612
642 5 612
642 25 621
642 5 621
649 25 391
649 5 392
649 7 407
642 25 632
642 5 632
652 8 278
651 5 339
651 7 354
642 25 686
642 5 686
660 1 0
641 7 833
653 5 338
651 1 380
651 13 380
651 14 381
653 7 347
642 25 741
642 5 741
642 7 748
661 1 0
662 1 0
652 8 413
642 8 799
642 5 810
642 7 815
643 8 791
643 8 798
643 8 817
651 7 531
642 1 875
642 13 875
642 14 875
652 8 500
643 8 856
651 8 565
651 8 575
651 8 580
651 8 598
651 8 603
652 1 554
652 13 554
652 14 556
653 1 607
653 5 610
653 7 620
643 8 1026
661 5 331
661 7 335
643 8 1061
643 8 1073
642 7 1108
643 13 1113
643 14 1113
628 1 2234
628 5 2237
628 7 2240
642 26 1193
642 14 1194
642 7 1197
628 26 2270
628 14 2272
642 26 1249
642 14 1252
628 25 2290
628 7 2290
628 1 2304
628 5 2310
642 7 1255
628 7 2313
670 1 0
643 25 1275
643 7 1275
643 13 1285
643 14 1286
671 1 0
672 1 0
673 1 0
674 1 0
677 1 0
671 5 344
671 7 349
671 8 363
671 8 377
678 1 0
670 5 437
679 1 0
670 7 455
670 8 464
670 29 475
670 8 479
680 1 0
670 8 497
672 5 482
672 7 487
683 1 0
674 5 494
674 7 509
677 5 462
674 13 544
674 14 545
679 5 266
684 1 0
677 7 479
679 7 270
679 8 291
679 8 299
679 8 303
679 8 311
685 1 0
674 1 635
679 8 350
677 8 573
678 5 371
678 7 376
674 5 645
674 8 652
674 7 652
679 8 383
677 8 602
678 19 411
678 14 411
678 7 423
677 8 642
677 13 660
677 14 664
674 13 823
674 14 823
683 5 384
683 7 387
683 8 403
683 13 409
683 14 413
408 1 14647
408 5 14656
408 7 14666
680 5 750
680 7 753
408 1 14738
408 5 14750
680 8 781
408 7 14759
680 8 792
680 8 799
680 8 806
680 8 811
680 8 817
680 8 829
689 1 0
680 19 989
680 14 990
680 25 995
680 7 995
680 8 1009
680 19 1011
680 14 1015
680 25 1016
680 7 1017
692 1 0
692 5 4
692 8 7
692 7 8
693 1 0
692 8 47
692 8 52
683 1 944
695 1 0
692 13 110
692 14 111
696 1 0
689 5 394
697 1 0
689 7 397
695 5 238
695 7 257
695 8 299
695 29 305
701 1 0
702 1 0
702 5 3
702 7 5
702 1 7
702 13 7
702 14 8
703 1 0
697 5 267
697 7 270
704 1 0
697 8 295
697 19 305
697 14 308
696 5 373
696 7 376
703 5 90
703 7 93
703 8 102
696 8 413
696 1 421
696 13 421
696 14 422
703 8 113
696 25 458
696 7 459
696 8 461
696 8 465
696 8 497
707 1 0
696 8 505
710 1 0
704 5 274
711 1 0
704 7 288
712 1 0
712 5 2
704 13 316
704 14 316
712 8 5
712 7 5
712 13 14
712 14 14
712 25 48
712 7 48
712 13 52
712 14 52
704 1 423
712 25 121
712 7 121
704 5 503
704 7 508
704 13 512
704 14 513
710 5 299
710 25 326
710 5 326
710 5 331
713 1 0
715 1 0
716 1 0
717 1 0
718 1 0
711 5 411
711 7 418
719 1 0
711 8 494
720 1 0
711 5 518
711 7 526
711 8 548
711 8 570
722 1 0
713 5 447
713 7 453
719 5 359
719 7 367
725 1 0
720 5 305
720 7 313
720 21 315
720 8 326
720 8 342
720 8 354
720 29 358
726 1 0
719 8 420
713 8 528
727 1 0
720 8 365
713 8 587
729 1 0
729 5 5
729 7 12
729 19 25
729 136 25
729 14 25
729 25 31
729 7 31
729 19 34
729 136 34
729 14 35
729 25 39
729 7 39
730 1 0
725 5 242
725 7 245
722 5 318
722 7 321
725 13 254
725 14 256
722 1 357
722 13 357
722 14 358
732 1 0
733 1 0
730 5 198
730 7 200
727 5 453
727 7 456
727 8 476
727 8 488
727 8 500
727 8 506
727 8 513
734 1 0
735 1 0
737 1 0
712 1 1460
726 5 655
726 7 658
733 5 348
739 1 0
739 5 1
739 7 4
739 1 13
739 13 13
739 14 14
726 8 701
733 7 359
733 8 400
733 8 426
742 1 0
733 13 446
733 14 446
743 1 0
744 1 0
744 5 4
744 7 12
726 8 878
733 1 533
733 5 541
733 7 549
744 13 16
744 14 18
733 13 582
733 14 583
733 1 600
733 5 606
733 7 615
734 5 404
734 7 407
733 8 626
733 13 638
733 14 640
734 8 441
737 5 410
745 1 0
746 1 0
746 5 3
734 8 478
737 7 425
746 7 12
746 13 24
746 14 25
734 19 510
734 14 512
712 5 1871
712 7 1875
734 25 533
734 7 533
625 5 6681
733 1 746
625 7 6685
733 5 751
733 7 760
734 8 538
734 19 542
734 14 544
748 1 0
625 8 6719
733 13 782
733 14 786
749 1 0
712 25 1941
712 5 1941
712 7 1943
712 8 1957
712 19 1963
712 14 1965
712 26 1975
712 14 1976
750 1 0
751 1 0
711 13 2214
711 14 2215
753 1 0
754 1 0
754 5 5
754 7 10
751 5 244
751 7 248
750 5 300
750 7 308
751 8 267
756 1 0
756 5 2
757 1 0
750 8 347
756 7 7
756 8 21
756 8 25
750 8 368
750 13 376
750 14 376
758 1 0
750 7 393
750 8 397
625 29 7189
737 8 978
625 8 7193
625 8 7210
750 8 448
760 1 0
737 13 995
737 14 996
751 5 480
751 7 483
751 8 486
749 5 592
749 7 600
749 21 602
761 1 0
761 5 6
761 7 9
761 8 18
762 1 0
757 5 246
757 7 249
757 21 250
757 13 261
757 14 262
761 29 36
761 8 39
761 29 48
757 25 285
757 7 285
761 19 59
761 14 62
761 7 72
757 25 315
756 19 323
756 14 323
756 7 333
757 25 331
764 1 0
756 8 337
756 26 340
756 14 341
756 7 352
757 25 380
757 5 380
757 7 382
756 26 390
756 14 390
765 1 0
757 25 449
757 5 449
757 7 451
757 21 453
757 13 468
757 14 470
762 5 243
762 7 247
762 8 282
757 7 541
757 136 550
757 19 550
757 14 551
767 1 0
769 1 0
749 1 1085
770 1 0
760 5 624
760 7 640
760 8 651
749 1 1136
764 5 421
764 7 425
760 1 656
760 13 657
760 14 658
749 5 1154
749 7 1162
764 21 426
764 13 482
764 14 483
772 1 0
773 1 0
775 1 0
776 1 0
777 1 0
779 1 0
770 5 346
770 7 349
780 1 0
770 13 391
770 14 392
781 1 0
775 5 280
775 7 287
775 8 301
772 5 357
772 7 373
781 5 156
781 7 172
773 5 490
773 7 494
783 1 0
776 5 407
776 7 410
776 13 448
776 14 452
786 1 0
773 8 603
773 8 651
787 1 0
773 8 683
788 1 0
789 1 0
786 1 183
790 1 0
787 5 253
787 7 259
787 8 281
792 1 0
793 1 0
790 5 191
793 25 38
790 7 198
790 8 220
790 8 240
796 1 0
793 25 121
797 1 0
793 25 188
787 13 575
787 14 578
793 25 211
788 5 577
788 7 585
793 5 221
793 7 226
793 21 231
727 1 3616
727 5 3618
788 8 610
793 8 250
799 1 0
800 1 0
797 5 312
797 7 315
792 5 531
792 7 534
803 1 0
797 25 375
797 5 376
797 7 379
790 29 756
790 8 757
790 8 766
805 1 0
800 5 232
790 13 773
790 14 775
800 7 238
800 8 260
790 25 880
790 7 880
797 5 562
797 7 565
797 8 577
797 8 605
807 1 0
808 1 0
810 1 0
811 1 0
805 5 442
805 7 453
814 1 0
815 1 0
816 1 0
805 8 563
818 1 0
807 5 400
819 1 0
807 7 406
807 8 419
807 13 451
807 14 454
820 1 0
821 1 0
822 1 0
808 5 514
815 5 385
815 7 389
808 7 521
808 8 528
823 1 0
808 8 564
808 8 574
815 8 429
824 1 0
811 5 495
811 7 499
808 8 596
826 1 0
815 13 514
815 14 514
790 1 1810
790 5 1811
818 5 394
818 7 400
790 7 1819
790 8 1825
790 19 1833
790 14 1835
790 14 1838
818 8 413
818 29 488
826 5 215
826 7 218
818 5 583
821 5 381
821 7 383
818 7 587
808 8 967
808 13 992
808 14 992
820 5 561
820 7 565
820 21 568
820 1 599
820 13 599
820 14 599
819 5 654
819 7 663
819 8 698
819 19 706
819 14 707
808 25 1091
808 7 1091
819 25 722
819 7 722
819 8 725
808 8 1096
808 13 1115
808 14 1116
777 1 2989
777 5 2993
777 7 2999
777 1 3003
777 5 3006
777 7 3009
831 1 0
777 8 3012
777 29 3013
777 8 3014
777 29 3019
777 8 3022
777 8 3024
777 8 3027
777 29 3058
832 1 0
777 8 3075
777 29 3078
777 8 3079
777 29 3082
777 8 3085
777 29 3089
777 8 3095
777 29 3099
823 5 653
823 7 656
823 21 660
835 1 0
835 5 5
835 1 18
835 5 22
835 7 29
835 19 37
835 14 44
835 7 82
777 29 3230
777 29 3231
777 8 3234
777 13 3240
777 14 3241
835 19 98
835 14 99
835 7 104
835 19 108
835 14 108
835 7 114
835 8 118
832 5 285
832 7 288
832 8 297
808 25 1495
808 7 1495
808 8 1505
831 5 366
831 7 381
808 8 1516
832 8 343
808 8 1549
808 13 1595
808 14 1595
831 8 498
831 19 509
831 14 512
840 1 0
835 1 478
835 5 485
835 8 499
835 7 499
835 19 514
835 14 524
835 7 530
841 1 0
842 1 0
843 1 0
844 1 0
845 1 0
846 1 0
847 1 0
847 5 6
841 5 321
841 7 327
841 8 343
849 1 0
845 5 227
845 7 234
851 1 0
841 8 403
849 5 7
849 7 15
841 8 443
849 13 48
849 14 49
852 1 0
841 8 513
841 8 562
844 5 593
844 7 601
849 7 368
854 1 0
844 8 684
844 8 740
844 8 770
844 8 786
844 8 823
844 8 833
844 8 853
856 1 0
857 1 0
844 8 1160
854 5 523
854 7 538
854 8 552
844 13 1261
844 14 1262
844 25 1295
844 7 1295
844 8 1314
844 13 1359
844 14 1360
857 5 280
857 7 290
859 1 0
854 8 800
857 8 345
841 13 1601
841 14 1602
854 1 823
854 13 824
854 14 825
857 29 379
857 8 382
857 29 387
844 25 1510
844 7 1511
860 1 0
844 8 1593
861 1 0
862 1 0
844 8 1787
844 8 1801
844 8 1817
865 1 0
866 1 0
866 1 3
860 5 325
860 7 331
857 8 835
857 29 836
867 1 0
868 1 0
860 8 364
862 5 311
862 7 315
860 13 399
860 14 400
844 13 2034
844 14 2036
844 25 2043
844 7 2043
844 8 2051
861 5 410
861 7 419
844 29 2063
844 8 2069
844 13 2076
844 14 2077
844 25 2090
844 7 2090
862 8 378
862 1 402
865 5 281
844 13 2097
844 14 2098
869 1 0
865 7 289
865 21 290
865 8 297
865 1 311
865 13 311
870 1 0
865 14 312
862 1 444
862 13 444
862 14 444
866 5 303
866 7 311
861 8 546
861 29 551
861 8 553
866 8 333
866 5 348
866 7 356
861 29 579
861 8 581
872 1 0
865 25 418
865 7 418
867 5 281
867 7 289
866 8 374
866 13 387
866 14 387
861 29 591
861 8 598
873 1 0
865 26 434
865 14 435
867 8 308
867 13 317
867 14 319
874 1 0
861 8 634
861 8 647
875 1 0
862 25 608
862 7 608
861 8 666
861 8 678
876 1 0
865 25 502
865 7 503
862 8 629
862 13 641
862 14 641
866 7 460
866 8 461
866 13 465
866 14 465
866 25 489
866 7 489
866 8 491
866 26 496
866 14 498
866 7 503
866 8 505
866 26 511
866 14 513
866 7 519
866 8 523
866 25 531
866 5 532
866 7 540
877 1 0
878 1 0
866 8 544
866 19 556
866 14 558
866 26 563
866 14 564
866 7 565
861 8 843
866 8 650
866 8 659
880 1 0
875 5 286
870 5 455
870 7 459
876 5 260
876 7 274
877 5 204
877 7 207
876 1 301
876 13 302
876 14 302
869 5 492
869 7 497
861 29 992
861 8 996
869 8 516
869 8 536
869 13 567
869 14 568
882 1 0
882 5 4
882 7 11
869 25 615
869 7 616
883 1 0
873 5 499
873 7 510
884 1 0
869 8 669
869 19 679
869 14 681
886 1 0
886 5 8
886 7 15
886 8 24
886 8 28
844 25 2868
844 7 2868
886 8 40
886 8 45
844 8 2874
844 13 2879
844 14 2880
880 5 358
880 7 361
886 19 67
886 14 68
880 8 386
880 5 401
880 7 404
880 1 406
880 19 406
880 14 409
880 25 416
880 7 416
880 8 420
880 8 428
880 29 431
880 8 434
880 8 442
880 19 458
880 14 458
880 25 462
880 7 462
880 8 465
883 5 277
883 7 280
884 5 259
884 7 268
883 19 290
883 14 291
883 7 298
883 8 306
884 8 277
884 8 292
884 8 299
884 8 301
883 8 336
878 5 680
878 7 685
884 8 337
884 8 348
884 8 352
884 8 354
844 25 3184
844 7 3184
844 8 3188
844 8 3251
844 29 3256
844 8 3261
844 8 3282
844 8 3314
883 8 581
889 1 0
844 8 3335
890 1 0
844 8 3400
891 1 0
892 1 0
893 1 0
844 8 3418
844 13 3537
844 14 3538
895 1 0
896 1 0
889 5 283
889 7 285
844 25 3632
844 7 3633
844 8 3638
844 8 3648
886 1 826
889 8 323
886 25 845
886 5 847
886 7 853
886 8 855
886 8 864
889 19 352
889 14 354
889 7 364
844 13 3687
844 14 3687
890 5 388
890 7 396
898 1 0
890 8 424
891 5 354
899 1 0
891 7 371
891 21 373
892 5 443
891 13 436
891 14 436
892 7 452
896 5 292
896 7 297
901 1 0
899 5 206
899 7 209
899 19 215
899 14 216
899 7 225
899 19 237
899 14 237
899 7 244
899 19 250
899 14 251
899 7 252
898 5 268
898 7 281
898 8 300
844 25 4054
844 7 4054
844 8 4062
844 13 4071
844 14 4073
902 1 0
891 25 690
891 7 691
891 8 726
898 8 480
901 5 293
903 1 0
901 7 308
904 1 0
891 19 947
891 14 948
906 1 0
907 1 0
904 5 423
904 7 426
904 21 428
904 8 455
909 1 0
910 1 0
909 5 11
909 7 21
904 1 592
904 19 593
904 14 593
907 5 295
907 7 299
911 1 0
912 1 0
912 5 152
912 7 157
912 8 164
912 19 179
912 14 182
912 25 188
912 7 189
912 8 197
912 19 202
912 14 202
912 25 204
912 7 205
907 8 695
907 5 765
907 7 769
916 1 0
916 5 471
916 7 479
920 1 0
921 1 0
922 1 0
923 1 0
924 1 0
924 5 3
924 8 11
924 7 11
921 5 228
921 7 232
924 8 25
924 1 31
924 13 31
924 14 34
925 1 0
921 13 308
921 14 309
927 1 0
927 13 0
921 25 330
921 7 330
921 8 334
922 5 304
927 1 8
927 5 10
927 7 14
928 1 0
922 7 310
921 8 391
921 13 403
921 14 407
922 8 343
922 19 359
922 14 359
922 7 376
922 13 385
922 14 385
920 5 500
920 7 503
920 8 529
920 8 571
925 5 362
920 1 645
920 13 646
920 14 646
925 7 364
922 7 617
925 8 445
922 13 628
922 14 629
925 8 471
925 19 479
925 136 479
925 14 481
920 25 919
920 7 919
928 5 549
928 7 552
920 8 997
928 1 576
928 19 576
928 14 578
928 14 589
931 1 0
932 1 0
934 1 0
935 1 0
937 1 0
939 1 0
940 1 0
942 1 0
943 1 0
940 5 346
940 7 350
940 1 360
940 5 368
940 7 372
940 13 387
940 14 391
945 1 0
945 5 7
945 7 10
946 1 0
880 1 6196
880 5 6202
880 7 6206
880 8 6219
880 1 6225
880 19 6226
880 14 6228
945 5 236
945 7 239
946 5 182
945 19 257
945 14 259
946 7 198
946 8 217
945 14 274
947 1 0
947 1 0
947 5 3
947 5 6
945 7 371
947 7 21
949 1 0
949 5 169
949 7 179
952 1 0
952 1 15
949 8 203
957 1 0
958 1 0
958 5 4
958 7 12
952 1 1041
958 8 347
958 29 381
962 1 0
963 1 0
952 5 1173
952 7 1183
952 1 1229
952 13 1231
952 14 1231
952 7 1408
952 8 1426
965 1 0
967 1 0
968 1 0
970 1 0
971 1 0
972 1 0
973 1 0
973 5 238
973 7 241
970 5 413
970 7 417
967 5 800
967 7 807
976 1 0
977 1 0
972 5 371
972 7 383
978 1 0
967 1 911
967 19 912
972 8 426
972 8 428
967 14 914
972 29 475
972 8 482
972 19 484
977 5 189
977 7 192
977 8 224
977 8 230
977 29 248
977 8 248
977 8 254
977 13 264
977 14 265
978 5 337
978 7 350
978 19 375
978 14 375
978 14 388
980 1 0
980 5 432
980 7 436
981 1 0
983 1 0
984 1 0
986 1 0
981 5 476
988 1 0
981 7 482
981 8 529
989 1 0
990 1 0
989 5 150
989 7 158
989 8 188
986 5 746
986 7 754
986 8 769
986 5 836
986 7 845
986 5 863
991 1 0
993 1 0
994 1 0
986 7 874
986 8 883
995 1 0
986 1 1031
986 19 1031
986 14 1031
986 14 1049
994 5 175
994 7 183
994 8 228
994 8 240
994 8 253
994 8 257
994 8 265
994 8 269
994 8 271
994 29 275
994 13 279
994 14 280
995 5 261
995 7 277
995 8 314
995 8 369
995 8 394
994 7 473
996 1 0
997 1 0
