12 4 596
12 6 727
22 4 158
20 4 368
22 6 195
20 6 403
22 25 471
22 6 479
32 4 182
40 4 325
40 6 382
40 15 417
40 25 426
40 6 426
40 15 431
40 25 442
40 6 442
40 15 446
40 25 452
40 6 452
44 4 318
44 6 390
56 4 533
56 6 605
56 13 629
56 15 631
58 4 254
59 4 164
58 6 302
59 6 253
59 25 330
59 6 330
63 4 935
63 6 959
80 4 304
79 4 342
79 6 408
79 15 747
79 25 759
79 6 760
97 4 386
97 6 428
103 4 358
103 6 414
122 4 289
122 6 344
122 13 406
122 15 409
128 4 188
126 4 300
126 6 341
143 4 246
143 6 304
122 6 1583
146 6 224
145 4 242
145 6 275
145 13 319
145 15 320
146 25 306
146 6 318
155 6 12
122 13 2040
122 15 2042
146 6 417
155 6 89
158 4 173
158 6 208
159 4 184
144 4 1164
159 6 214
158 15 259
158 25 273
158 6 273
144 6 1211
158 15 300
158 6 302
158 13 322
158 15 323
168 6 23
167 4 271
170 4 133
167 6 319
170 6 177
167 13 372
167 15 373
170 136 303
170 25 308
170 6 308
170 136 326
170 25 396
170 6 398
144 13 1891
144 15 1892
170 136 433
170 15 436
174 4 388
144 25 2115
144 6 2115
181 4 235
181 6 320
187 4 132
187 6 185
192 4 102
192 6 137
192 13 167
192 15 169
192 25 188
192 6 189
192 13 201
192 15 201
193 4 242
193 6 288
199 4 137
193 15 319
164 4 1986
199 6 187
200 4 157
204 6 18
200 6 199
204 13 26
204 15 33
200 13 257
200 15 258
197 4 400
164 6 2157
202 4 192
202 6 237
197 6 483
195 4 531
195 6 597
200 25 470
200 6 470
208 6 22
200 13 474
200 15 474
195 13 646
195 15 646
201 4 449
201 6 510
197 4 735
201 136 572
201 25 607
201 6 608
203 4 588
203 6 629
192 25 1089
192 6 1089
211 4 143
211 6 182
209 4 371
210 4 378
209 6 448
210 6 444
210 13 526
210 15 533
216 4 184
209 13 565
209 15 571
210 25 553
210 6 553
209 25 604
209 6 604
209 13 609
209 15 613
216 6 223
209 25 652
209 6 652
209 13 659
209 15 659
209 25 672
209 6 672
203 13 1141
203 15 1141
209 13 679
209 15 683
209 25 756
209 6 757
209 13 761
209 15 764
219 4 153
219 6 184
219 13 206
219 15 207
214 4 527
214 6 575
214 13 842
214 15 843
214 6 1507
241 4 207
241 6 256
241 6 337
241 13 344
241 15 344
241 6 384
241 13 399
241 15 400
241 6 403
241 13 407
241 15 408
242 4 816
252 4 272
252 6 297
242 6 914
242 4 1155
242 6 1171
254 4 372
253 4 477
254 6 437
255 4 377
253 6 580
255 6 447
258 4 479
254 13 655
254 15 656
254 6 711
254 13 725
254 15 726
269 4 222
269 4 248
255 13 706
255 15 710
258 6 675
269 6 332
255 6 801
271 4 349
255 15 812
277 4 215
271 6 394
277 6 252
277 13 288
277 15 288
270 4 487
269 13 494
269 15 494
288 6 20
270 6 531
255 6 1034
285 4 249
285 6 282
285 15 314
285 6 331
285 4 334
287 4 291
255 4 1186
255 6 1195
287 6 347
287 13 381
287 15 382
297 6 18
297 6 28
297 6 45
297 6 67
255 6 1371
292 4 439
309 4 294
309 6 326
307 4 485
309 136 354
309 15 357
309 25 368
309 6 368
307 6 589
255 4 2440
307 13 838
307 15 839
255 6 2459
314 4 219
255 13 2623
255 15 2626
314 6 261
316 4 339
317 4 279
316 6 429
317 6 485
328 4 266
328 6 285
328 4 359
328 6 367
328 13 561
328 15 565
328 25 641
328 6 641
337 4 223
337 6 261
337 13 286
337 15 287
339 4 251
339 6 336
339 13 377
339 15 378
340 4 351
340 6 372
340 15 399
347 6 18
339 6 549
339 13 559
339 15 559
359 4 292
359 6 398
359 13 407
359 15 409
366 4 202
369 4 192
366 6 254
365 4 359
369 6 211
365 6 399
367 4 324
367 6 372
365 13 510
365 15 511
359 25 1027
359 6 1027
365 25 568
365 6 568
365 15 590
365 25 606
365 6 606
367 13 495
367 15 497
374 4 341
374 6 385
374 13 457
374 15 460
378 4 527
384 4 217
378 6 608
387 4 107
387 6 150
385 4 400
378 15 774
378 25 788
378 6 788
385 6 428
378 15 807
378 25 812
378 6 813
378 25 881
378 6 888
390 4 389
399 6 19
399 13 22
399 15 23
409 6 12
409 13 19
409 15 19
387 13 1202
398 4 393
387 15 1205
400 4 375
403 4 287
400 6 446
403 6 390
400 4 497
400 6 503
400 15 520
398 6 629
400 6 559
400 4 583
412 4 214
415 4 172
412 6 263
412 4 277
398 25 745
398 6 745
412 4 307
415 6 235
412 6 311
412 15 325
412 25 337
412 6 337
403 4 633
403 6 652
412 25 371
412 6 377
412 6 394
412 6 403
398 25 1042
398 6 1042
398 25 1125
398 6 1125
432 4 329
432 6 375
441 4 344
441 6 373
441 15 404
441 6 415
436 4 659
441 15 421
441 6 425
436 6 749
441 15 515
436 25 973
436 6 982
456 4 191
436 6 1459
436 25 1587
436 6 1587
465 4 301
465 6 345
469 4 146
469 6 192
469 13 202
469 15 203
469 6 219
471 4 181
473 6 19
471 6 232
473 6 41
469 13 318
469 15 319
471 13 304
471 15 306
469 6 436
469 4 437
444 4 1618
444 6 1643
444 13 1673
444 15 1674
474 4 226
474 6 261
476 4 187
469 4 618
476 6 222
469 6 652
469 15 771
444 6 1967
444 13 1996
444 15 1998
469 6 904
469 13 911
469 15 911
469 6 937
469 25 954
469 6 954
469 15 963
469 6 964
469 6 969
469 13 986
469 15 987
444 6 2159
476 6 587
444 15 2285
485 4 434
485 6 482
444 6 2389
505 4 333
506 4 368
505 4 442
506 6 418
506 13 469
506 15 470
505 6 514
505 13 613
505 15 614
514 4 165
514 6 196
505 6 742
514 13 353
514 15 354
512 4 427
513 4 415
512 6 463
513 6 492
513 136 531
513 15 533
505 13 1076
505 15 1077
512 4 786
522 4 404
512 6 894
522 6 478
526 4 436
528 4 308
528 6 351
526 6 509
512 13 1049
512 15 1052
530 4 239
528 13 405
528 15 410
530 6 297
505 25 1626
505 6 1626
505 13 1629
505 15 1633
530 13 329
530 15 331
529 4 708
526 4 1040
526 6 1063
529 6 1013
529 13 1131
529 15 1131
529 6 1165
529 4 1200
529 6 1213
529 136 1223
529 6 1276
529 136 1285
529 6 1294
529 136 1303
529 6 1329
529 136 1340
529 6 1350
529 136 1362
529 6 1379
547 4 237
529 136 1391
529 6 1402
547 6 279
547 13 314
547 15 314
543 4 506
543 6 564
543 4 646
552 4 366
552 6 432
552 13 505
552 15 505
547 25 819
547 6 819
547 13 834
547 15 834
547 25 1013
547 6 1013
547 13 1019
547 15 1019
558 4 299
558 6 352
566 4 251
530 6 2425
570 4 258
565 4 377
530 4 2456
565 6 418
565 13 479
565 15 484
530 25 2580
530 25 2609
530 6 2614
574 4 321
574 6 364
585 6 18
574 25 442
574 6 442
581 4 367
591 4 123
591 6 180
591 13 205
591 15 205
595 4 115
589 4 331
595 6 176
589 6 398
596 4 247
596 6 302
600 4 194
596 4 349
596 6 359
600 6 277
611 4 185
611 6 228
605 4 604
605 6 678
605 13 747
605 15 767
620 4 295
600 13 1415
600 15 1416
620 6 374
620 4 393
620 6 414
605 25 1375
605 6 1375
605 13 1393
605 15 1396
631 4 188
631 6 235
611 6 1166
611 4 1166
611 6 1177
631 136 305
631 25 317
631 6 317
631 136 545
631 25 552
631 6 552
639 4 213
639 6 248
639 25 273
639 6 276
643 4 195
639 4 397
643 6 229
644 4 217
639 6 410
644 6 243
642 4 402
644 15 376
642 6 465
642 25 574
642 6 575
644 6 536
642 25 612
642 6 615
642 25 621
651 4 294
642 6 622
642 25 632
642 6 635
651 6 354
642 25 686
642 6 688
651 13 380
651 15 381
642 25 741
642 6 748
642 6 815
651 6 531
658 4 326
642 13 875
642 15 875
658 6 365
658 6 421
658 4 503
658 6 525
642 6 1108
643 13 1113
643 15 1113
642 6 1196
642 15 1252
642 6 1255
643 25 1275
643 6 1275
643 13 1285
643 15 1286
675 6 18
675 13 33
675 15 34
673 4 137
670 4 388
675 6 328
670 6 455
679 4 225
679 6 270
679 4 385
683 4 330
683 6 387
683 13 409
683 15 413
692 6 8
692 13 110
692 15 111
711 4 384
711 6 418
711 4 514
711 6 526
675 6 2676
675 13 2725
675 15 2725
720 4 270
720 6 313
723 4 206
723 6 251
723 4 265
723 6 270
723 4 275
722 4 307
722 6 321
731 6 6
722 13 357
722 15 358
731 13 55
731 15 55
727 4 386
727 6 456
733 4 310
733 6 359
731 6 503
731 13 516
731 15 517
740 6 10
731 6 556
733 13 446
733 15 446
731 13 596
731 15 596
733 6 549
733 13 582
733 15 583
734 4 378
733 6 614
734 6 407
733 13 638
733 15 640
738 4 321
625 4 6636
734 15 512
734 25 533
734 6 533
625 6 6685
733 6 760
734 15 544
733 13 782
733 15 786
711 13 2214
711 15 2215
731 6 1182
751 4 221
751 6 248
749 4 411
731 13 1344
731 15 1344
751 4 475
751 6 483
749 6 600
749 4 638
759 4 192
759 6 230
759 6 258
759 4 260
763 4 205
762 4 228
763 6 244
762 6 247
765 4 265
764 4 370
764 6 424
749 6 1161
764 13 482
764 15 483
770 4 320
770 6 349
770 13 391
770 15 392
773 4 349
773 6 494
779 4 278
790 4 170
790 6 198
788 4 527
788 6 584
794 4 298
794 6 328
794 13 361
794 15 362
797 4 288
797 6 315
797 25 375
797 6 378
798 4 314
790 13 773
790 15 775
798 6 405
790 25 880
790 6 880
797 4 543
797 6 565
794 6 847
815 4 304
811 4 387
815 6 389
809 4 568
811 6 499
809 6 602
815 13 514
815 15 514
790 6 1819
790 15 1838
827 6 11
827 15 37
827 15 56
809 4 788
809 6 861
794 4 1775
819 4 612
819 6 663
819 25 722
819 6 722
777 6 2999
777 6 3009
835 6 29
835 6 82
777 13 3240
777 15 3241
835 6 104
835 6 114
833 4 120
833 4 156
833 6 166
835 6 499
835 6 530
841 4 265
841 6 326
850 4 202
850 6 256
850 13 294
850 15 294
850 6 357
850 13 504
850 15 505
857 4 209
857 6 289
841 13 1601
841 15 1602
859 4 394
738 6 7552
865 4 207
865 6 289
865 13 311
866 4 257
865 15 312
866 6 311
866 4 345
866 6 355
738 4 7878
738 6 7891
865 25 418
865 6 418
866 13 387
866 15 387
865 15 435
865 25 502
865 6 502
866 6 459
866 13 465
866 15 465
866 25 489
866 6 489
866 6 503
866 15 513
866 6 519
866 25 531
866 6 540
866 15 558
866 15 564
866 6 565
877 4 161
877 6 207
883 4 252
883 6 280
883 6 298
883 4 599
888 4 454
888 6 529
891 4 329
891 6 371
891 13 436
891 15 437
897 4 247
897 6 291
891 25 690
891 6 691
907 4 263
907 6 299
912 4 139
912 6 157
912 15 182
912 25 188
912 6 189
912 25 204
912 6 204
907 4 763
907 6 769
924 6 11
924 13 31
924 15 34
919 4 365
926 4 125
919 6 478
926 6 163
926 13 195
926 15 195
919 13 525
919 15 526
923 4 502
919 6 725
919 4 738
929 4 280
929 6 336
929 6 389
930 4 330
930 6 368
930 136 414
930 6 441
930 136 453
930 6 462
930 136 475
938 4 154
938 6 175
940 4 322
940 6 350
940 6 372
940 13 387
940 15 391
945 6 10
945 4 212
945 6 239
945 15 274
945 6 371
945 4 372
950 4 299
950 6 393
954 4 168
954 6 214
954 6 246
954 6 308
954 6 327
954 4 328
974 4 164
974 6 182
974 13 229
974 15 230
974 25 235
974 6 236
974 13 364
974 15 366
979 6 15
989 4 122
989 6 158
992 4 131
992 6 160
992 136 215
992 15 218
