0 1 0
0 2 52
0 3 128
0 4 151
0 6 270
0 7 270
0 8 307
0 8 325
9 1 0
9 3 166
9 4 196
9 7 229
9 8 240
9 8 250
10 1 0
10 2 126
11 1 0
12 1 0
10 4 376
10 5 410
10 6 414
10 7 415
10 13 428
10 15 429
12 2 145
16 1 0
16 2 72
17 1 0
10 7 674
16 3 138
18 1 0
16 5 213
16 1 238
16 14 242
16 7 249
12 3 511
12 4 596
17 3 321
20 1 0
17 4 373
20 2 69
12 6 727
12 7 728
17 6 455
17 21 458
22 1 0
17 19 496
17 14 497
17 14 507
22 3 126
22 5 185
22 6 195
22 7 195
22 8 203
20 6 403
20 21 404
23 1 0
24 8 79
22 5 472
22 6 479
22 7 479
24 26 131
24 3 245
24 5 267
24 29 308
24 29 325
24 8 331
24 13 344
24 30 344
24 14 345
24 15 345
31 1 0
32 2 49
32 3 149
33 1 0
33 2 72
33 3 208
33 4 313
33 5 354
33 6 358
33 7 358
33 34 406
33 14 409
33 25 418
33 7 418
35 1 0
33 8 443
33 13 449
33 15 450
35 2 70
36 1 0
36 2 58
35 3 176
36 3 171
35 6 307
35 7 307
35 21 309
36 4 260
35 8 327
36 5 307
36 6 316
36 7 316
35 1 383
35 19 383
35 34 383
36 1 343
36 6 365
36 7 365
37 1 0
33 5 1297
33 6 1302
33 7 1302
39 1 0
38 5 441
38 6 448
38 7 448
38 13 510
38 30 510
38 14 511
38 15 511
40 1 0
40 2 81
40 3 241
38 6 946
38 13 969
38 30 969
38 14 969
40 4 325
40 5 380
40 15 417
40 25 426
40 6 426
40 7 426
40 14 431
40 6 442
40 14 446
40 15 446
40 6 452
41 1 0
41 1 0
41 2 68
42 1 0
41 5 365
41 7 371
42 3 203
42 5 301
42 7 305
42 21 307
42 19 323
42 14 325
42 15 325
42 6 341
42 7 341
42 4 349
42 3 350
44 4 318
44 5 387
44 6 390
45 3 139
45 6 192
45 13 202
45 14 202
45 15 203
46 1 0
46 2 63
47 1 0
46 3 307
46 6 418
46 7 418
47 6 238
46 19 439
46 14 441
48 1 0
48 3 211
48 4 271
48 7 327
50 1 0
50 2 79
50 3 168
50 4 198
50 5 230
52 1 0
53 5 244
53 6 247
53 19 268
53 6 288
53 7 289
53 15 302
53 6 320
53 14 336
53 15 337
53 6 359
53 7 360
53 13 369
53 15 369
54 1 0
55 1 0
55 2 41
55 4 230
55 6 269
55 7 269
56 2 322
56 4 533
56 5 589
56 6 605
56 7 605
56 21 609
56 1 627
56 13 629
56 14 631
56 15 631
58 1 0
59 2 35
58 3 219
60 1 0
58 4 254
61 1 0
59 4 164
58 8 325
59 7 253
62 2 58
59 8 284
59 8 296
59 8 299
59 19 322
59 34 322
59 25 330
59 6 330
59 8 335
62 3 174
62 4 217
63 1 0
62 5 255
63 1 14
62 7 265
63 2 391
64 3 136
64 5 196
64 6 199
64 7 199
64 8 203
64 8 209
64 8 218
64 8 231
64 8 241
64 8 252
64 8 261
65 1 0
65 6 21
65 14 42
66 1 0
66 2 60
66 3 244
66 4 287
66 5 327
66 7 331
66 13 373
66 30 373
66 15 374
67 1 0
69 1 0
70 1 0
70 2 97
71 1 0
70 3 307
70 4 367
70 6 388
70 7 388
71 5 247
71 7 252
72 2 133
73 1 0
74 1 0
72 4 293
73 2 63
72 5 345
74 2 64
72 7 354
72 8 372
72 29 420
73 3 202
70 8 1123
70 19 1136
70 34 1136
76 1 0
72 8 525
70 25 1144
70 6 1144
70 19 1169
70 14 1172
72 4 545
74 6 270
74 7 270
70 6 1280
70 7 1281
75 3 286
77 1 0
77 5 8
77 6 11
77 7 11
78 1 0
78 1 16
76 2 220
75 4 347
76 3 359
76 4 398
76 6 446
76 19 485
76 34 485
76 14 485
76 7 501
76 14 505
76 15 505
79 1 0
80 1 0
79 2 78
81 1 0
80 2 56
81 2 54
82 1 0
82 6 12
82 21 15
82 1 24
82 14 26
81 3 123
81 4 151
81 5 182
81 7 190
79 3 260
80 4 304
80 3 318
79 6 408
82 6 298
82 7 298
82 15 301
77 13 805
77 14 806
77 15 806
79 8 532
79 8 548
79 8 560
79 8 586
79 8 630
79 8 637
79 29 655
79 14 747
79 15 747
82 25 602
82 6 602
79 6 760
79 7 760
82 30 607
82 14 609
82 15 609
79 8 824
83 1 0
79 29 884
84 1 0
84 5 13
84 6 20
85 1 0
85 2 236
86 1 0
87 1 0
87 5 5
87 6 8
87 19 13
87 15 18
86 2 59
86 3 174
86 5 208
86 7 212
86 8 375
89 2 67
86 4 381
77 1 3015
77 6 3030
88 2 203
89 3 213
89 4 253
89 5 306
89 6 312
89 7 313
91 1 0
89 13 365
89 14 366
89 15 366
91 2 76
92 1 0
88 2 548
91 3 291
93 1 0
93 2 31
94 2 56
88 3 781
91 6 415
91 8 461
93 5 135
93 6 142
91 8 477
88 4 861
91 8 506
91 8 519
91 29 553
91 29 555
94 4 211
91 19 565
91 14 565
91 6 578
91 7 578
94 7 246
96 1 0
88 5 1162
88 6 1169
88 7 1169
96 5 189
96 6 192
96 7 192
96 8 211
96 13 227
96 15 229
99 1 0
97 3 278
99 2 119
97 4 386
97 6 428
97 8 480
97 8 506
97 8 519
101 3 147
97 8 544
97 8 555
99 3 337
102 1 0
99 4 488
103 1 0
100 3 412
99 5 592
103 2 69
99 6 603
99 7 604
99 21 604
99 8 617
99 19 626
99 34 626
103 2 105
102 3 207
102 4 242
106 1 0
102 5 335
102 6 337
102 7 337
102 8 347
106 2 84
103 3 315
106 3 160
103 5 412
106 5 255
106 7 265
105 4 304
106 30 293
106 14 294
108 1 0
105 5 358
105 7 367
108 2 67
105 14 428
105 6 440
105 7 440
110 1 0
106 13 457
106 14 458
110 2 27
100 5 1116
108 3 204
100 7 1133
100 8 1141
111 1 0
112 1 0
110 3 119
100 14 1203
110 5 160
110 6 164
110 7 164
100 6 1216
100 7 1216
100 19 1224
100 14 1225
100 14 1235
100 1 1335
100 25 1359
113 1 0
100 6 1372
113 6 10
113 8 27
100 14 1402
113 8 41
115 1 0
114 2 48
115 2 72
111 3 482
114 3 124
114 5 204
116 1 0
114 6 208
114 13 228
114 30 228
114 15 230
111 4 631
115 3 301
111 5 706
111 6 714
112 5 749
111 6 777
111 7 778
111 8 781
112 6 758
115 4 393
111 8 802
112 8 807
112 13 822
112 14 823
112 15 823
117 1 0
115 7 474
118 1 0
119 1 0
115 15 555
120 1 0
117 2 112
121 1 0
118 4 144
120 2 88
117 3 212
118 6 210
118 7 210
118 21 213
112 1 1123
112 6 1132
112 7 1132
112 29 1139
112 19 1141
118 1 260
118 14 260
112 6 1162
112 7 1162
117 6 337
117 7 337
117 1 359
117 30 360
117 14 360
122 1 0
120 4 310
118 6 372
118 7 372
118 30 375
124 1 0
117 6 443
117 7 444
120 6 376
120 7 377
120 21 379
124 2 56
120 26 389
120 27 390
120 6 414
120 8 418
121 3 362
125 1 0
125 5 6
120 14 489
122 3 211
125 6 9
125 7 9
125 25 25
125 6 25
125 7 25
126 1 0
123 3 253
126 2 32
127 1 0
121 5 475
121 6 484
121 7 484
128 1 0
129 1 0
122 4 289
123 4 318
126 2 104
122 5 333
129 2 58
122 7 345
130 1 0
124 3 335
122 8 387
128 3 138
122 13 406
122 15 409
124 6 460
124 7 460
126 4 300
124 14 479
124 25 483
124 7 483
124 19 492
124 14 493
124 6 496
124 8 500
124 19 502
124 34 502
124 14 503
124 25 507
124 6 507
124 7 507
131 1 0
123 13 553
126 6 341
124 19 531
124 34 531
124 6 539
124 19 555
124 14 556
124 6 559
124 8 565
124 19 566
124 34 566
132 8 5
133 1 0
124 14 570
124 15 570
124 6 571
124 7 572
131 2 64
134 1 0
133 2 50
135 1 0
135 5 8
131 3 179
127 4 507
135 14 77
135 15 77
134 2 108
127 5 543
127 6 551
127 7 551
127 8 560
131 4 259
131 5 288
133 5 227
133 6 231
133 7 231
133 29 240
131 7 295
131 13 358
131 30 358
131 14 359
131 15 359
137 1 0
135 7 264
135 136 274
135 14 275
131 6 418
131 13 422
131 30 422
131 14 425
138 1 0
140 1 0
141 1 0
142 1 0
139 2 119
141 2 131
115 1 2069
115 5 2078
115 14 2091
115 15 2091
144 2 50
143 3 190
141 3 264
141 4 312
141 5 346
143 5 292
143 7 304
141 8 394
141 8 424
141 8 441
141 34 449
122 7 1583
139 5 628
139 6 632
139 7 633
139 8 652
147 1 0
148 1 0
146 2 44
149 1 0
139 1 702
139 13 708
139 14 711
146 3 174
146 5 199
146 7 225
145 4 242
145 6 275
146 19 274
146 14 284
152 1 0
145 8 311
145 13 319
146 25 306
153 1 0
150 4 228
151 2 182
150 5 255
151 2 207
122 8 2035
150 8 280
155 1 0
155 6 12
127 4 1801
156 1 0
146 8 400
146 8 401
146 8 402
122 13 2040
122 14 2042
146 34 403
146 14 413
146 6 417
146 7 417
146 8 422
146 8 427
146 8 437
155 1 78
156 2 55
155 5 87
155 1 97
152 3 174
152 4 191
156 3 150
160 1 0
158 2 75
156 5 220
156 7 228
156 6 228
151 2 444
160 2 99
159 3 111
161 1 0
158 3 147
144 3 1111
158 5 204
158 6 208
157 3 283
162 1 0
152 5 424
152 6 427
152 7 427
159 4 184
160 3 193
158 19 256
144 4 1164
152 8 465
159 6 214
158 25 273
158 7 274
144 6 1211
152 8 467
159 8 238
165 1 0
158 19 297
158 34 297
158 14 300
158 15 300
158 7 302
158 8 308
144 8 1244
157 3 370
159 29 285
158 13 322
166 1 0
159 8 299
152 8 578
157 6 463
157 7 463
151 4 763
167 1 0
168 1 0
157 8 490
152 1 645
152 14 647
168 6 23
168 7 24
157 3 514
168 26 33
169 1 0
151 5 840
151 7 844
151 14 894
167 3 241
167 4 271
173 1 0
170 3 107
169 3 213
169 4 244
166 3 380
167 5 314
167 7 319
173 2 60
170 6 177
170 7 177
169 5 257
169 7 263
167 8 357
169 25 304
169 7 311
166 4 450
167 15 373
175 1 0
169 8 317
176 1 0
176 3 3
177 1 0
175 2 29
166 5 515
166 6 528
166 7 528
170 136 303
170 19 303
170 25 308
170 6 308
166 13 539
166 15 540
177 2 47
165 5 611
170 136 326
165 6 620
175 3 142
170 6 398
170 7 398
144 8 1887
144 13 1891
144 30 1892
144 14 1892
174 2 247
165 8 699
165 8 700
177 3 169
176 4 182
178 2 113
170 19 433
170 136 433
170 14 436
170 15 436
179 1 0
180 1 0
182 1 0
176 5 223
176 7 225
175 6 222
175 7 222
182 2 31
183 1 0
177 4 226
169 6 682
169 8 700
144 25 2115
144 6 2115
144 7 2115
176 8 362
177 13 368
177 30 368
177 15 369
173 3 491
184 1 0
165 6 920
165 7 920
182 3 163
165 8 949
165 34 949
165 19 949
165 6 955
165 7 955
165 8 959
169 2 736
181 3 191
182 4 207
166 4 917
151 6 1608
165 8 963
165 8 969
169 25 767
169 5 769
178 3 395
182 6 265
182 7 265
181 5 305
185 5 1
185 6 18
185 7 18
185 1 22
185 19 22
185 14 23
181 7 320
182 29 310
182 29 314
186 1 0
173 5 692
185 6 30
185 7 30
185 8 31
185 34 40
185 14 41
185 6 42
185 8 46
182 1 340
178 4 497
173 6 701
173 4 718
173 3 719
179 5 379
179 6 394
185 8 59
185 19 64
185 14 65
185 6 69
185 7 69
185 8 72
185 8 75
185 8 78
185 8 80
185 8 85
183 2 339
183 2 356
183 2 357
183 2 357
185 19 89
185 14 95
185 15 95
185 7 96
185 25 131
185 5 131
179 25 471
185 8 156
185 8 160
185 8 162
185 29 167
178 7 648
178 21 649
178 8 766
164 2 1402
189 1 0
178 8 828
178 29 860
187 6 185
187 7 185
190 1 0
184 2 598
183 3 766
178 8 966
190 2 71
191 1 0
192 1 0
192 2 27
189 3 204
193 1 0
192 3 84
195 1 0
184 7 784
184 14 791
184 15 791
193 2 62
196 1 0
197 1 0
192 5 130
192 7 137
192 8 153
192 13 167
192 14 169
192 15 169
196 2 55
194 3 143
198 1 0
192 25 188
192 14 201
192 15 201
194 4 181
197 2 98
189 7 380
189 21 383
194 5 212
194 6 228
194 7 228
194 8 240
164 3 1875
198 2 86
193 4 242
193 5 276
199 3 115
193 6 288
193 21 293
199 4 137
190 5 428
193 26 315
193 14 319
193 15 319
196 5 289
196 6 291
196 7 292
200 3 121
199 5 181
199 6 187
199 7 187
202 2 58
200 4 157
203 1 0
204 5 10
204 7 19
196 8 328
196 1 338
196 34 338
196 14 340
200 5 184
200 6 199
197 3 341
204 14 33
196 25 359
196 7 359
200 8 213
205 1 0
200 30 257
200 14 258
200 15 258
197 4 400
164 5 2141
164 7 2157
202 4 192
202 5 221
195 3 459
197 5 466
197 7 483
206 1 0
195 4 531
202 8 340
195 5 582
195 6 597
195 7 597
202 8 358
195 8 630
200 6 470
208 5 6
205 2 247
208 6 22
200 13 474
200 14 474
200 15 474
195 13 646
203 2 321
201 4 449
205 2 278
197 8 690
201 5 495
201 7 510
209 1 0
197 4 735
201 1 572
210 1 0
201 25 607
201 6 608
201 7 608
201 8 617
211 1 0
209 2 93
203 3 551
205 3 499
198 3 812
211 2 35
212 1 0
203 6 629
203 7 629
203 8 635
211 3 114
192 25 1089
192 7 1089
205 5 607
205 6 614
205 7 614
211 4 143
212 2 94
211 5 172
211 6 182
205 8 668
205 14 679
205 15 679
198 6 971
198 7 972
211 8 206
211 8 211
213 1 0
213 5 7
198 30 1005
198 15 1007
209 3 326
213 6 23
213 8 47
214 1 0
210 3 327
209 4 371
215 1 0
216 1 0
213 8 83
213 8 101
203 8 865
178 4 2289
216 2 44
209 5 439
210 5 429
209 6 448
210 6 444
210 7 444
178 4 2320
210 8 475
178 5 2342
178 6 2346
178 21 2347
217 2 42
210 8 496
218 1 0
212 3 355
178 8 2361
213 8 217
216 3 142
210 1 523
209 8 543
210 30 526
210 13 526
210 14 533
178 29 2397
178 15 2409
209 8 559
209 13 565
209 15 571
210 25 553
215 3 190
216 5 209
209 25 604
209 6 604
209 13 609
212 4 431
209 14 613
219 1 0
216 6 223
216 7 223
217 5 173
203 8 1087
217 6 179
217 8 188
217 13 206
209 25 652
209 6 652
209 7 652
209 13 659
209 30 659
209 14 659
209 25 672
209 6 672
212 6 488
212 7 488
215 4 279
217 15 206
203 13 1141
203 15 1141
221 1 0
209 13 679
209 30 679
209 15 683
219 3 124
217 25 267
217 6 267
217 13 278
217 14 279
209 6 757
209 30 761
209 14 764
219 4 153
222 1 0
221 2 100
222 5 5
219 5 178
219 7 184
219 8 202
222 8 42
222 6 42
214 3 478
219 1 206
219 15 207
217 25 411
217 7 411
222 8 87
214 4 527
224 1 0
214 5 566
217 13 460
217 30 460
217 15 461
224 2 81
217 7 549
217 15 554
222 5 234
222 8 240
222 6 240
221 4 348
222 8 256
226 1 0
222 19 295
221 5 413
227 1 0
228 1 0
228 1 1
224 2 211
221 6 417
221 7 417
221 30 443
221 14 445
224 3 262
214 30 842
214 15 843
230 1 0
229 2 50
231 1 0
232 1 0
232 5 20
232 8 30
232 6 31
225 4 398
229 3 153
225 5 433
225 6 439
225 7 439
230 2 240
229 6 263
229 8 279
225 8 551
231 3 246
231 3 269
230 3 342
237 1 0
239 1 0
231 3 366
231 4 373
240 1 0
231 5 422
231 6 427
231 7 427
240 2 42
229 1 523
229 13 523
231 13 479
231 14 480
241 1 0
237 5 205
242 1 0
240 3 155
214 6 1507
214 7 1507
214 26 1516
214 27 1516
237 6 209
237 7 210
237 8 231
238 4 261
240 6 242
241 3 171
238 6 297
238 7 297
240 8 255
240 13 261
240 14 261
241 4 207
230 19 732
230 6 742
230 7 743
240 6 281
240 13 289
240 14 290
240 15 290
241 5 240
230 13 770
230 15 777
241 7 256
230 6 815
240 6 369
243 2 63
230 3 818
242 2 223
240 8 372
241 1 325
241 5 328
241 6 337
241 7 337
241 8 340
241 13 344
241 14 344
245 2 92
241 6 384
241 7 384
241 14 400
241 15 400
241 6 403
241 8 405
241 14 408
241 15 408
245 2 137
244 3 161
244 4 216
236 1 667
248 1 0
243 4 324
246 3 200
248 2 39
243 6 365
243 7 367
250 1 0
250 5 3
250 7 20
247 6 156
252 1 0
246 5 307
246 7 317
248 3 175
249 2 98
245 3 464
244 8 529
242 3 723
248 7 260
252 2 112
244 8 567
245 4 554
245 3 568
251 2 191
244 29 638
253 2 85
244 8 639
244 29 687
244 8 688
255 1 0
252 4 272
254 2 90
257 1 0
252 6 297
252 7 297
242 5 907
242 21 918
258 2 41
256 2 82
257 2 88
260 1 0
249 7 499
255 2 177
249 8 536
253 3 370
262 2 46
263 1 0
261 2 76
265 1 0
242 6 1171
251 3 573
254 4 372
253 4 477
266 2 61
267 1 0
261 3 165
260 3 238
259 3 327
254 5 427
254 6 437
265 3 129
255 4 377
268 5 5
262 4 214
253 5 575
265 4 163
253 7 580
269 1 0
268 6 10
268 7 10
268 13 18
268 30 19
268 14 21
268 15 21
263 4 179
270 1 0
265 5 197
265 6 202
265 7 202
255 5 443
255 6 447
255 7 447
251 4 749
264 3 214
265 13 216
265 14 217
273 1 0
269 2 51
258 3 451
256 7 475
256 21 476
263 8 224
260 4 352
259 5 442
259 6 455
259 7 455
275 1 0
258 4 479
263 30 273
263 14 273
263 15 273
262 5 347
260 5 382
260 6 390
260 21 392
259 8 462
255 8 547
266 3 260
244 13 1253
244 14 1255
244 15 1255
262 7 363
264 6 302
264 7 302
275 2 66
251 5 862
251 7 878
251 6 878
264 1 313
264 14 316
264 15 316
260 8 456
254 13 655
254 30 656
277 1 0
256 8 613
251 1 900
251 14 901
251 25 910
251 6 911
260 8 471
259 1 546
259 30 548
259 14 549
276 2 37
251 136 938
251 14 942
260 14 499
260 26 516
260 14 517
254 6 711
254 7 711
254 13 725
254 30 725
254 14 726
269 4 222
269 3 228
266 5 387
266 6 391
266 7 391
256 14 655
251 19 964
251 136 965
251 7 970
279 1 0
255 8 696
258 5 659
272 3 241
256 6 688
256 7 688
256 8 695
280 1 0
265 7 446
275 3 220
265 8 466
255 30 706
255 13 706
255 14 710
255 15 710
258 7 675
264 7 475
264 4 479
281 1 0
265 8 478
278 2 84
272 4 282
256 6 746
256 7 746
256 27 754
256 282 755
256 14 755
281 2 34
270 3 345
269 8 348
283 1 0
269 8 359
258 8 731
277 3 178
284 1 0
256 8 779
256 27 789
256 14 791
256 6 797
256 7 797
280 2 77
255 6 801
255 7 801
271 4 349
255 26 808
255 27 808
255 14 812
255 15 812
277 4 215
285 2 39
286 1 0
271 5 379
271 6 394
277 7 252
272 8 393
256 8 850
264 5 591
264 6 603
275 6 380
275 7 380
275 21 381
277 8 272
264 13 615
264 14 617
280 3 178
281 3 148
269 8 472
271 8 437
277 13 288
277 14 288
272 8 439
287 2 51
283 3 141
269 13 494
280 4 237
288 1 0
288 5 4
288 7 20
288 6 20
289 1 0
290 1 0
285 3 171
291 1 0
281 4 216
270 6 531
270 7 531
259 1 921
280 7 282
287 3 162
259 25 959
259 5 964
255 6 1034
285 4 249
281 6 276
281 7 276
259 6 971
259 7 971
283 6 250
293 1 0
285 5 280
281 19 306
281 14 306
281 6 310
281 7 310
281 8 316
281 19 318
281 6 321
281 7 321
281 8 327
278 3 407
292 2 50
259 1 1000
259 14 1004
259 15 1004
285 6 282
285 19 307
281 8 340
281 19 342
281 34 342
281 14 345
281 15 345
285 15 314
285 6 331
285 7 331
285 4 334
294 2 41
275 8 680
278 5 512
293 2 118
293 2 129
255 4 1186
295 1 0
287 5 338
278 6 526
278 7 526
255 6 1195
255 7 1195
294 3 138
287 6 347
287 13 381
287 14 382
296 1 0
278 8 595
255 8 1257
290 3 296
295 2 65
294 6 208
294 7 208
294 8 210
255 14 1291
294 8 235
257 4 1282
297 5 2
297 6 18
290 5 359
290 6 363
290 7 363
294 8 249
296 2 80
298 1 0
297 1 21
297 6 28
297 7 28
257 5 1330
297 7 45
290 13 385
290 30 385
290 14 386
290 15 386
294 14 306
300 1 0
298 2 35
292 3 354
297 8 58
297 34 64
297 14 65
297 6 67
297 7 67
255 7 1371
255 8 1388
297 8 85
297 14 89
255 8 1416
299 2 65
295 4 233
257 1 1407
257 30 1410
257 15 1412
301 1 0
290 6 498
290 7 498
290 13 504
295 5 285
302 1 0
303 1 0
298 3 164
304 2 17
304 2 19
303 6 41
303 8 62
298 6 222
298 7 222
299 3 208
305 1 0
298 13 263
298 30 263
298 14 264
298 15 264
298 6 266
295 1 397
306 5 3
306 6 9
306 7 9
296 4 355
303 1 102
303 5 122
303 6 129
298 8 269
298 13 281
298 30 281
307 1 0
299 4 265
303 8 134
303 1 163
303 5 180
303 6 186
303 7 187
296 5 434
296 8 446
296 4 448
296 5 451
303 8 194
298 25 363
298 6 364
298 7 364
308 1 0
296 8 487
301 3 270
298 8 408
298 8 412
299 5 412
306 8 137
306 19 145
306 136 145
306 14 146
305 4 184
299 6 416
299 7 416
307 2 187
305 7 232
305 1 242
305 19 242
305 14 243
303 1 314
301 4 353
305 26 252
305 14 253
303 2 352
301 7 393
296 29 624
309 2 148
303 4 424
308 4 198
296 14 673
296 26 677
296 14 678
303 3 433
303 2 470
303 3 484
311 1 0
303 5 493
303 6 498
303 7 499
303 1 506
303 13 507
303 30 508
303 14 511
309 3 245
308 2 312
307 3 415
311 2 53
309 5 324
309 6 326
309 7 326
307 4 485
309 8 343
309 19 354
309 136 354
309 14 357
309 15 357
309 25 368
309 6 368
309 8 373
307 5 580
255 29 2208
301 13 745
301 14 748
307 8 684
307 8 711
307 8 737
307 29 777
301 6 949
301 4 950
301 3 950
315 1 0
316 1 0
313 3 106
307 8 808
255 4 2440
315 2 49
307 14 839
255 7 2459
255 8 2476
316 2 56
313 13 201
313 15 202
317 1 0
314 4 219
313 25 282
313 6 282
255 13 2623
255 14 2626
320 1 0
314 7 261
314 6 261
313 14 295
313 15 295
315 3 226
313 7 345
313 8 350
293 3 1619
318 2 107
319 2 52
313 13 356
313 15 357
316 3 291
315 6 345
316 4 339
293 5 1711
317 3 229
315 5 368
315 6 370
315 4 372
315 3 373
296 4 1544
317 4 279
316 5 422
316 6 429
316 21 431
319 5 263
319 6 275
319 7 276
322 1 0
324 1 0
319 19 308
319 14 309
319 6 329
322 2 74
326 1 0
326 6 6
326 7 6
323 2 54
319 19 359
319 14 361
319 15 361
325 2 108
319 19 383
319 14 386
319 15 386
321 2 199
319 25 388
319 6 388
321 2 202
321 2 218
321 2 220
322 3 154
323 3 136
327 1 0
323 4 163
328 1 0
322 5 242
322 6 245
322 7 245
323 6 243
327 2 95
328 2 50
329 1 0
330 1 0
331 1 0
328 3 208
328 4 266
328 5 281
328 6 285
328 8 297
328 8 308
325 5 534
325 6 546
328 5 364
328 7 367
328 8 371
325 8 579
325 8 594
333 3 114
325 1 621
325 5 624
333 4 145
325 7 632
328 8 436
329 5 368
329 7 376
333 5 202
333 6 209
329 1 404
329 34 404
329 14 413
334 1 0
328 8 515
329 25 424
329 6 425
329 7 425
333 8 247
328 14 565
336 1 0
327 5 681
327 7 684
328 25 641
337 1 0
336 3 226
336 5 344
337 3 147
336 6 352
336 13 377
336 30 377
336 14 378
336 15 378
337 5 254
337 6 261
337 14 287
337 15 287
339 2 47
336 6 486
336 7 486
336 13 494
336 30 494
336 15 496
339 7 336
339 21 337
339 13 377
339 15 378
340 3 260
342 3 131
343 1 0
344 1 0
345 1 0
342 4 188
340 4 351
340 6 372
340 7 373
347 1 0
340 19 397
340 15 399
347 1 8
347 8 18
347 6 18
347 7 18
342 6 247
348 1 0
346 2 63
339 7 549
339 14 559
339 15 559
342 8 262
342 30 288
348 2 44
348 2 58
346 3 158
348 3 142
348 4 161
346 5 250
346 6 253
346 7 253
350 1 0
348 5 201
344 3 310
349 2 57
351 1 0
351 6 9
351 7 9
351 29 25
352 1 0
349 3 200
354 1 0
344 4 485
351 8 84
349 5 257
355 1 0
356 1 0
349 6 266
341 3 829
344 5 532
344 6 546
344 7 546
345 5 525
345 7 531
345 21 532
345 8 542
352 3 118
344 4 557
345 8 568
345 8 579
358 1 0
341 5 912
352 4 147
360 1 0
353 3 167
341 7 915
352 5 165
352 6 177
352 7 177
352 21 178
352 19 199
352 14 199
354 4 193
353 4 212
353 7 232
361 1 0
357 2 123
360 2 62
345 29 676
345 8 681
352 4 279
355 4 204
354 25 255
354 5 255
354 6 258
353 8 280
350 3 458
354 13 260
354 30 260
354 14 261
354 6 265
354 7 265
354 30 271
354 14 275
345 8 757
355 5 255
355 8 287
360 5 196
359 3 202
360 7 200
350 4 536
360 8 233
345 8 836
345 8 836
350 5 579
360 4 254
350 6 591
350 7 591
345 8 869
350 14 607
350 15 607
361 3 203
363 1 0
363 5 4
359 4 292
363 2 37
361 4 257
363 6 58
363 7 58
363 8 76
361 6 287
361 7 287
363 5 101
363 7 105
359 5 390
359 6 398
359 7 398
363 4 120
363 3 125
361 1 341
361 19 341
361 136 341
359 13 407
359 14 409
364 1 0
345 8 1006
345 4 1046
345 5 1054
345 6 1061
345 7 1061
345 21 1062
365 1 0
364 3 193
366 2 42
366 2 63
364 4 224
345 282 1220
364 8 269
345 6 1270
345 7 1270
368 2 59
364 1 273
364 14 274
369 2 79
370 1 0
370 1 0
366 4 202
345 15 1381
366 5 250
345 25 1401
345 7 1401
345 26 1411
369 3 172
365 3 328
369 4 192
366 6 254
366 7 254
367 3 246
371 1 0
365 4 359
369 6 211
368 6 284
367 4 324
365 8 459
367 5 360
368 8 329
372 1 0
367 6 372
367 7 372
367 21 373
368 8 359
368 8 364
368 8 371
368 8 377
368 29 384
365 13 510
365 14 511
365 15 511
359 25 1027
359 6 1027
359 7 1027
367 8 409
365 25 568
365 6 568
365 7 568
373 1 0
365 19 586
367 8 460
363 5 829
363 6 832
363 7 833
365 14 590
365 15 590
365 25 606
365 6 606
365 7 606
367 13 495
363 5 843
363 5 866
373 2 50
373 2 70
363 6 871
363 7 871
374 2 110
368 19 663
368 34 663
368 14 663
372 3 351
374 3 299
377 1 0
372 5 436
373 5 331
373 6 340
373 7 340
374 4 341
378 1 0
372 6 446
372 8 452
372 8 462
373 8 361
373 8 364
372 8 474
372 8 479
373 4 399
373 5 403
374 5 382
374 21 389
374 8 405
380 1 0
372 29 498
372 1 500
372 13 501
372 15 501
373 7 411
373 8 418
380 2 43
381 1 0
374 30 457
374 14 460
378 2 108
381 2 48
373 19 521
373 34 521
373 14 522
381 3 123
381 4 150
381 5 183
377 5 349
377 6 352
382 4 173
381 13 251
381 14 251
374 1 722
380 5 335
380 6 339
380 7 339
385 2 57
384 2 66
380 19 367
380 14 370
380 6 379
380 13 383
380 15 388
377 5 491
377 8 508
386 1 0
384 3 179
377 25 551
377 5 551
377 6 554
377 7 554
377 8 567
384 4 217
386 2 83
378 5 604
378 7 609
387 5 142
387 6 150
387 7 151
365 8 1606
385 4 400
378 26 771
378 27 771
378 14 774
378 15 774
378 25 788
378 6 788
385 6 428
385 7 428
378 15 807
378 25 812
378 6 813
388 1 0
378 2 847
385 8 495
385 19 505
385 34 505
389 1 0
390 1 0
389 2 46
391 1 0
378 7 889
392 1 0
388 2 135
392 2 50
389 3 196
388 4 306
394 1 0
377 8 1189
388 5 342
396 1 0
388 7 347
394 2 36
389 4 299
392 4 217
388 8 359
389 5 331
389 6 335
389 7 335
392 6 250
392 7 250
392 1 269
392 13 269
392 14 272
392 15 272
389 8 360
393 3 140
390 3 353
388 8 427
396 2 95
389 8 385
389 8 389
389 8 391
389 4 397
388 8 451
390 4 389
397 1 0
393 4 198
395 4 159
393 5 243
388 8 530
393 13 256
393 14 257
393 15 257
398 2 39
395 6 220
395 7 221
397 2 79
399 1 0
400 1 0
398 2 45
395 8 239
388 30 579
388 15 581
399 6 19
401 1 0
396 3 300
401 2 44
402 1 0
397 3 197
396 4 358
397 4 265
401 3 143
406 1 0
407 1 0
408 1 0
397 5 304
397 6 307
397 7 307
401 4 189
396 5 434
396 6 439
396 7 439
396 21 442
401 5 205
401 7 212
377 8 1649
406 2 74
409 1 0
409 5 4
409 6 12
409 7 13
409 13 19
409 30 19
409 15 19
400 3 303
411 1 0
387 13 1202
405 3 195
387 14 1205
387 15 1205
400 4 375
411 2 63
396 19 635
396 14 638
403 4 287
405 5 269
411 2 104
405 8 292
400 7 446
413 1 0
414 1 0
400 8 486
396 26 715
403 6 390
403 7 390
415 1 0
400 5 501
400 7 504
400 14 520
400 15 520
396 25 739
396 7 739
413 2 48
405 8 379
414 2 55
403 8 442
406 3 383
415 2 69
398 6 629
398 7 630
400 8 571
412 3 173
404 30 467
416 2 33
414 3 164
403 8 518
415 3 147
398 8 709
415 4 172
398 19 731
398 34 731
398 14 731
412 5 261
412 6 263
412 7 264
414 4 194
412 4 277
406 6 500
406 7 501
398 25 745
398 6 745
298 7 7377
406 4 540
417 1 0
398 8 786
415 5 232
412 6 311
412 7 311
412 34 322
412 14 325
412 6 337
412 7 338
413 3 276
411 6 400
411 7 400
411 4 418
405 8 613
418 2 41
416 4 167
412 2 368
403 5 642
403 7 652
398 8 827
412 25 371
412 6 377
412 7 377
412 14 384
416 6 201
416 7 201
412 6 394
412 7 395
413 4 345
412 19 399
412 6 403
417 3 118
418 3 144
413 6 385
413 7 385
398 8 941
413 1 432
413 19 432
419 1 0
413 6 442
413 7 442
413 14 469
413 6 476
413 7 476
419 2 35
417 6 221
417 7 221
418 6 246
418 7 246
418 8 265
398 34 1017
418 8 273
398 7 1042
417 8 279
418 8 304
418 8 317
418 13 320
418 15 321
398 8 1095
421 2 53
398 34 1117
398 14 1118
398 25 1125
422 5 7
422 8 16
422 8 28
423 1 0
421 3 143
404 7 1043
424 1 0
424 5 3
419 3 257
421 4 174
419 5 289
419 6 294
419 7 294
421 5 204
419 13 309
419 14 310
425 1 0
414 8 753
414 29 756
426 1 0
421 13 261
421 14 262
421 15 262
414 29 792
423 2 153
414 29 804
414 8 814
414 29 825
428 1 0
428 5 5
428 6 9
428 7 9
429 1 0
430 6 12
428 29 41
430 7 12
431 5 2
431 6 18
431 7 18
429 2 114
423 3 307
423 4 340
427 3 191
423 5 374
423 6 377
423 7 378
424 29 368
432 1 0
421 25 521
421 6 521
421 13 523
421 30 523
421 14 524
421 15 524
427 4 253
421 25 563
421 6 563
421 7 563
421 13 566
421 30 566
421 15 567
427 5 302
423 8 462
423 8 466
421 25 583
421 7 583
421 30 586
421 15 589
427 21 317
427 8 344
427 8 401
427 4 405
427 6 424
427 7 424
427 8 429
427 8 444
435 1 0
427 19 488
427 34 488
427 14 489
427 25 502
427 6 502
427 7 502
432 3 263
434 3 159
421 25 827
421 13 833
421 15 834
421 14 834
434 5 222
432 6 375
421 25 910
421 13 918
421 30 918
421 14 919
436 1 0
432 8 430
437 1 0
437 1 0
438 1 0
433 4 427
421 25 1026
421 6 1026
421 7 1026
437 2 66
421 13 1038
421 15 1039
433 7 532
436 2 150
438 2 126
439 1 0
421 7 1173
433 13 615
433 14 615
437 4 227
421 30 1185
421 14 1186
441 1 0
437 5 284
437 6 290
437 7 290
441 2 69
437 8 333
438 4 347
442 1 0
437 4 389
437 6 397
437 8 429
443 1 0
428 1 1089
438 5 401
438 6 418
437 8 455
441 3 253
445 1 0
438 13 457
438 14 458
446 1 0
447 1 0
428 4 1179
438 14 484
438 6 493
438 7 493
440 7 358
440 29 371
440 8 374
448 1 0
446 2 33
428 5 1189
449 1 0
428 6 1195
428 7 1195
450 1 0
438 14 530
438 15 530
441 4 344
443 3 168
451 1 0
428 4 1228
428 3 1232
436 3 603
441 5 369
441 7 373
448 2 63
441 6 415
443 4 206
447 3 135
441 14 421
441 15 421
441 6 425
441 8 432
446 4 134
452 2 41
453 1 0
443 7 252
441 8 455
441 8 463
446 5 171
446 7 187
446 6 187
447 4 180
443 8 267
443 8 290
443 8 299
447 5 223
443 8 305
444 1 279
450 3 171
436 5 745
436 6 749
441 19 510
441 34 510
441 14 515
441 15 515
447 7 240
451 3 201
454 1 0
452 3 148
447 30 282
447 14 283
447 15 283
454 2 52
438 6 800
438 7 800
452 5 207
448 3 310
456 1 0
445 3 382
438 14 821
438 15 821
438 7 838
451 5 310
438 8 848
456 2 65
438 34 879
438 14 883
438 25 888
438 6 888
450 6 368
450 7 368
438 8 903
454 6 173
454 7 173
438 34 926
454 8 179
438 14 926
438 15 932
440 29 799
436 25 973
436 5 973
450 29 415
436 7 982
457 1 0
454 8 211
440 29 827
456 3 151
450 8 446
450 1 455
450 19 455
456 4 191
450 15 467
458 1 0
459 1 0
445 8 583
456 3 237
461 1 0
448 5 544
448 6 549
460 2 30
448 13 587
448 14 588
374 1 4839
460 3 111
450 8 627
450 13 634
450 14 638
450 15 638
460 4 140
460 5 176
460 6 180
460 7 180
460 8 195
462 3 178
463 1 0
459 3 255
462 4 219
462 5 252
463 2 82
436 1 1449
436 34 1449
462 8 326
466 1 0
466 1 4
463 3 195
468 1 0
463 4 230
465 2 137
436 8 1550
436 14 1564
463 5 267
436 7 1587
469 1 0
470 1 0
465 3 251
436 8 1653
436 34 1656
436 14 1657
469 2 62
470 2 68
470 2 82
472 1 0
465 5 343
465 6 345
469 3 125
471 2 58
461 3 670
469 6 192
469 13 202
469 30 202
469 14 203
461 5 736
469 6 219
469 7 219
461 7 752
461 6 752
471 3 136
471 4 181
469 8 267
471 5 216
466 4 461
444 2 1472
472 5 215
472 6 220
473 7 41
469 13 318
469 14 319
469 15 319
471 8 259
461 13 887
461 15 888
475 1 0
471 1 304
471 15 306
466 7 537
444 3 1573
475 2 54
469 6 436
469 4 437
473 29 146
466 19 567
469 3 440
469 1 453
466 1 591
466 5 599
477 1 0
444 6 1643
444 7 1644
476 2 46
474 3 158
444 13 1673
444 30 1673
444 14 1674
478 1 0
474 4 226
476 3 146
474 5 252
474 7 261
474 282 262
474 21 262
476 4 187
475 6 276
475 7 276
479 1 0
476 6 222
470 3 633
480 1 0
469 7 653
475 8 293
480 2 32
482 1 0
483 1 0
483 5 2
469 8 737
479 2 70
477 3 221
485 1 0
486 1 0
480 3 87
469 8 745
469 15 771
444 6 1967
444 7 1967
444 8 1972
480 6 173
480 7 173
481 2 136
444 13 1996
444 14 1998
484 2 139
477 4 354
488 1 0
479 6 230
479 7 231
477 5 383
477 6 388
477 7 388
469 5 899
469 7 904
469 13 911
479 8 258
479 8 262
479 8 266
479 8 273
487 2 105
477 8 408
469 26 944
469 27 945
469 14 945
479 8 277
479 8 280
479 8 283
479 8 286
477 8 428
477 8 440
489 1 0
489 1 0
489 1 0
488 2 94
474 8 608
469 25 954
469 7 954
469 27 959
469 7 964
469 26 967
469 27 967
469 14 967
469 7 970
479 1 318
479 34 320
474 8 643
469 14 987
490 1 0
470 5 969
470 6 985
444 6 2159
444 7 2160
476 8 568
476 5 582
476 6 587
476 7 587
470 1 1038
470 19 1038
470 34 1038
476 29 636
491 1 0
491 1 0
492 1 0
494 1 0
444 8 2259
495 1 0
496 1 0
496 1 0
496 1 0
444 14 2285
488 3 289
481 3 479
485 3 414
493 2 58
485 4 434
493 2 64
484 4 449
497 2 47
485 5 478
485 6 482
444 6 2389
444 7 2389
488 4 392
488 7 420
497 3 121
500 1 1
498 2 65
501 1 0
481 5 623
481 7 638
488 8 451
497 5 190
502 1 0
481 4 661
481 3 668
485 8 618
488 19 500
488 14 503
488 15 503
488 25 510
488 7 510
497 6 206
502 2 28
492 3 289
481 3 702
488 6 539
488 7 539
490 6 400
490 21 403
481 25 706
481 5 706
485 8 668
481 7 722
481 8 725
481 3 735
488 8 553
498 3 192
490 8 415
502 3 98
470 6 1390
488 8 579
497 8 290
492 4 373
498 4 255
487 4 675
497 8 350
487 6 727
502 6 175
502 21 177
485 8 798
497 8 403
498 6 313
490 8 532
487 13 740
487 14 741
492 6 468
492 7 468
492 21 469
505 1 0
502 8 236
502 8 240
506 1 0
490 1 592
490 4 601
490 5 611
492 1 511
492 14 531
505 2 51
497 19 495
497 34 495
497 14 496
490 7 628
490 21 629
492 6 539
492 13 543
502 30 306
502 14 307
502 15 307
497 25 506
497 6 506
497 14 526
497 15 526
497 6 559
497 8 594
497 8 607
508 1 0
497 8 630
506 2 177
497 26 650
502 25 435
502 7 435
502 14 441
502 15 441
492 7 711
497 25 654
497 6 654
497 7 654
492 5 729
492 6 746
492 7 746
492 21 747
505 4 333
509 1 0
506 4 368
510 1 0
506 5 415
506 6 418
506 7 419
506 8 445
512 1 0
513 1 0
508 5 302
508 6 307
508 7 307
508 8 323
506 13 469
506 15 470
512 2 48
505 6 514
505 7 514
515 1 0
514 2 38
508 8 371
516 1 0
513 2 96
517 1 0
511 3 174
505 30 613
505 15 614
511 4 209
508 13 453
508 30 453
508 15 453
514 4 165
511 5 235
511 6 251
514 5 192
510 3 283
514 6 196
514 7 196
514 8 203
509 5 307
509 6 323
514 8 217
505 7 742
518 2 59
516 4 201
520 1 0
516 5 227
516 6 231
516 7 231
520 2 58
517 4 260
514 1 353
514 13 353
514 14 354
514 15 354
521 2 53
519 2 181
522 1 0
523 1 0
517 5 301
517 6 305
512 4 427
515 3 399
512 5 459
524 1 0
525 1 0
520 3 198
513 5 486
521 3 227
520 4 250
513 19 531
513 14 533
512 8 569
520 5 294
520 6 298
520 7 298
505 13 1076
505 14 1077
505 15 1077
519 3 403
527 1 0
521 5 301
521 6 312
521 7 312
526 2 104
520 8 350
519 4 471
520 8 366
528 1 0
520 8 398
519 5 558
519 7 562
519 21 564
520 8 480
528 2 111
493 3 1716
512 4 786
523 4 389
519 1 597
519 26 597
519 27 598
519 14 599
519 15 599
522 4 404
493 4 1771
530 1 0
524 5 374
524 6 381
524 7 381
522 5 462
493 5 1800
529 2 75
523 6 477
493 21 1817
530 2 61
512 8 905
522 8 514
526 3 395
528 3 237
531 1 0
532 1 0
522 8 524
533 1 0
523 1 551
523 13 552
523 14 553
523 15 553
528 6 351
528 7 351
533 2 37
526 6 509
526 7 509
530 3 196
528 8 378
512 13 1049
512 30 1049
512 15 1052
534 1 0
534 5 1
534 6 15
534 1 19
534 14 19
534 15 19
528 13 405
528 30 405
530 5 291
530 6 297
505 25 1626
505 7 1626
533 3 173
530 8 313
505 30 1629
505 15 1633
530 13 329
530 14 331
530 15 331
533 4 199
533 6 229
533 8 258
533 8 315
533 8 329
536 1 0
537 1 0
526 4 1040
526 5 1045
526 6 1063
536 2 49
539 1 0
526 7 1063
541 1 0
541 2 35
540 2 46
541 3 89
540 3 130
541 5 129
540 7 201
543 2 66
539 4 248
544 1 0
540 8 225
540 8 276
539 6 314
539 7 314
529 1 1130
529 15 1131
542 2 170
540 1 333
540 14 339
529 6 1165
539 6 353
539 19 366
539 15 370
547 1 0
544 2 115
529 2 1187
548 1 0
535 5 668
535 6 672
535 7 672
539 6 398
539 7 398
539 8 405
529 136 1223
529 14 1224
535 8 695
539 5 415
539 6 420
539 7 420
539 19 424
539 14 426
539 15 426
539 6 431
539 7 432
541 13 396
541 30 396
541 14 396
541 15 396
548 2 50
539 8 441
529 6 1276
529 14 1285
535 1 754
535 30 754
539 8 475
539 19 496
539 34 496
529 7 1295
529 136 1303
529 14 1303
539 14 499
539 15 499
529 6 1329
529 7 1329
529 19 1340
529 136 1340
543 3 355
529 19 1362
529 136 1362
529 7 1379
551 1 0
547 4 237
529 19 1390
529 136 1391
529 14 1391
529 6 1402
529 7 1402
547 5 263
408 1 7690
547 7 279
547 8 296
554 1 0
555 1 0
547 13 314
547 30 314
547 15 314
541 5 632
549 5 189
541 6 644
549 6 204
550 6 202
550 1 216
551 2 102
553 2 40
555 2 67
541 13 696
541 30 696
541 14 697
544 4 479
543 6 564
543 7 564
539 1 742
539 5 748
539 7 762
539 8 767
553 3 106
554 2 117
554 2 125
554 2 126
554 2 126
554 2 126
554 2 127
554 2 127
543 8 596
539 8 784
544 5 538
544 6 542
544 7 542
554 2 157
555 3 153
543 4 646
553 4 154
553 6 179
553 7 179
544 8 552
555 4 187
554 2 187
553 1 204
553 15 207
553 14 207
555 5 231
555 6 245
555 7 245
556 2 34
544 14 647
544 15 647
555 8 289
552 4 366
552 5 419
552 7 432
554 6 369
554 8 378
552 8 478
551 3 512
552 1 505
552 14 505
557 5 9
557 6 13
557 7 13
558 1 0
548 3 770
547 7 819
547 13 834
547 14 834
559 1 0
560 1 0
562 1 0
544 6 972
544 3 972
559 2 47
563 1 0
564 1 0
548 5 894
551 5 709
551 6 712
551 7 712
563 2 73
567 1 0
568 1 0
547 25 1013
547 6 1013
547 7 1013
547 13 1019
567 2 43
558 3 233
566 2 94
570 1 0
558 4 299
569 2 55
567 3 130
570 2 71
565 2 192
558 5 346
558 8 387
563 5 288
563 6 297
563 7 297
563 19 315
566 4 251
567 4 241
559 4 375
559 5 388
559 6 392
559 7 392
563 26 330
563 14 331
574 1 0
569 4 211
560 2 422
562 4 414
571 3 157
569 5 244
569 6 249
569 7 249
565 4 377
567 5 339
567 6 343
567 7 343
567 26 355
574 2 53
569 2 276
569 4 293
530 4 2456
530 3 2467
568 3 358
565 5 402
567 14 369
567 15 369
567 25 371
567 6 371
567 7 371
567 26 380
567 14 381
567 25 383
567 6 383
567 7 383
562 6 476
562 7 476
559 8 494
559 19 499
559 34 499
559 14 501
571 5 218
559 25 508
559 7 508
571 7 225
569 6 300
569 7 300
569 13 309
575 1 0
575 1 2
576 1 0
571 4 249
571 3 250
577 1 0
530 2 2515
565 14 483
565 15 484
580 1 0
560 3 611
530 25 2580
568 5 471
568 6 476
568 7 476
580 5 26
580 7 43
572 3 248
582 1 0
530 6 2614
530 7 2614
568 8 513
580 19 58
580 136 58
580 14 67
568 8 525
572 4 281
568 8 529
574 3 275
562 4 672
562 3 673
568 8 562
568 8 574
581 2 86
568 8 583
568 8 587
584 1 0
572 6 318
576 3 207
574 4 321
568 8 625
584 2 61
574 5 359
574 6 364
585 1 0
585 5 10
585 6 18
560 5 773
560 6 789
576 4 284
574 19 421
574 34 421
574 14 435
569 6 643
574 6 442
574 7 442
574 8 448
577 4 318
576 5 343
576 7 354
582 3 248
583 3 245
577 6 350
577 7 350
576 1 373
576 13 373
576 14 374
576 15 374
577 8 367
581 3 313
582 5 324
577 19 429
577 15 432
583 4 336
586 4 203
577 7 438
581 4 367
584 4 318
577 25 497
581 3 399
588 1 0
583 6 398
583 7 398
586 5 260
586 7 263
577 6 506
577 7 506
577 8 524
583 13 422
583 15 426
584 5 414
584 6 419
584 7 419
584 21 422
590 2 104
590 2 108
591 2 41
592 1 0
590 2 116
593 1 0
591 3 103
595 1 0
595 2 25
591 5 176
596 1 0
591 7 180
591 8 186
591 1 205
594 2 87
591 15 205
591 14 205
595 3 84
589 3 289
595 4 115
596 2 53
595 5 161
595 6 176
595 7 176
589 5 383
589 6 398
589 7 399
598 1 0
597 2 73
599 1 0
600 1 0
589 8 444
601 1 0
589 8 474
602 1 0
601 2 40
603 1 0
596 4 247
594 3 332
602 2 70
594 4 370
604 2 75
605 1 0
601 3 146
596 4 349
596 5 357
596 6 359
597 4 306
601 4 189
597 3 314
597 4 317
601 5 225
601 6 229
601 7 229
605 2 62
601 8 247
601 1 264
601 13 264
601 15 266
599 4 293
597 8 395
597 14 418
597 14 431
597 15 431
604 3 290
597 7 468
597 4 476
597 5 479
597 6 495
597 7 495
606 1 0
602 5 381
607 1 0
575 3 1446
604 4 386
603 2 381
603 2 397
608 1 0
599 5 507
575 4 1501
604 6 448
604 7 448
602 3 497
610 1 0
611 1 0
606 3 147
602 4 518
575 6 1581
575 7 1581
602 6 542
613 1 0
604 8 538
606 4 207
575 8 1632
604 27 585
603 3 578
614 1 0
575 29 1645
575 8 1648
606 6 252
606 8 272
575 8 1676
575 8 1717
611 4 185
612 3 145
606 29 303
606 8 306
575 8 1785
604 7 710
604 26 733
611 5 225
611 7 228
604 14 736
611 8 234
605 4 604
615 1 0
612 4 213
613 4 219
611 8 290
611 29 290
603 6 787
603 7 787
615 2 56
605 6 678
605 7 678
575 8 1880
603 1 813
603 14 814
603 15 814
611 8 335
612 6 283
613 6 300
613 7 301
604 6 856
612 8 313
605 1 746
605 30 747
617 2 34
613 13 331
613 15 332
605 14 767
605 15 767
612 8 363
612 29 379
612 8 386
619 2 50
619 2 58
612 8 399
612 8 430
620 1 0
613 6 432
613 7 432
621 1 0
616 3 239
619 3 164
622 1 0
615 4 281
619 4 192
617 6 215
617 7 215
623 1 0
617 14 227
617 15 227
615 8 345
616 5 334
619 6 240
622 2 80
615 8 365
616 6 350
616 7 350
624 2 51
620 3 208
618 3 407
616 30 479
616 14 479
616 15 479
618 4 445
624 3 165
624 4 217
618 5 506
618 7 513
600 13 1415
624 5 255
620 6 374
620 7 374
620 8 385
620 4 393
618 8 548
624 19 291
620 5 397
620 6 414
630 1 0
624 14 323
624 15 323
631 1 0
631 2 36
605 25 1375
605 13 1393
605 14 1396
605 15 1396
631 3 132
633 1 0
628 3 347
633 2 51
631 5 229
631 6 235
631 7 235
611 5 1173
611 8 1186
611 29 1186
611 29 1190
611 29 1191
611 8 1192
611 29 1203
611 8 1204
634 2 71
611 8 1229
633 3 135
631 19 305
631 136 305
631 14 305
631 25 317
633 4 162
633 5 204
631 8 362
633 6 209
633 7 210
635 1 0
633 8 245
628 6 554
628 7 554
628 21 560
633 8 264
628 8 573
634 3 254
628 13 596
628 30 596
631 8 463
628 14 601
628 15 601
633 13 309
633 14 310
631 8 483
631 19 545
631 14 545
631 25 552
631 7 552
633 6 405
628 5 739
628 6 743
633 13 446
633 30 446
633 14 447
633 15 447
631 8 620
636 1 0
631 8 664
638 1 0
408 1 11996
637 6 23
639 1 0
640 1 0
640 5 7
640 7 12
640 1 57
640 14 58
641 2 80
636 2 217
638 2 170
622 3 1351
639 4 213
642 2 79
643 2 61
639 6 248
644 2 71
628 1 1167
639 5 274
639 6 276
622 4 1438
628 5 1172
628 5 1174
628 7 1176
628 6 1177
628 7 1177
628 21 1180
646 1 0
641 3 271
637 6 356
639 2 348
648 1 0
649 1 0
641 4 328
643 4 195
644 3 179
643 5 214
622 7 1527
622 6 1527
650 1 0
639 5 407
643 7 229
643 8 235
643 8 240
644 4 217
639 6 410
639 7 410
649 2 58
641 6 388
641 7 388
644 7 243
641 8 410
641 8 413
638 4 486
644 8 252
641 30 428
641 14 431
641 15 431
644 8 272
651 1 0
638 6 557
638 7 557
647 1 191
641 6 503
641 7 503
652 7 12
649 3 200
641 13 526
641 14 527
654 1 0
641 15 527
644 19 371
644 34 371
651 2 93
638 1 594
638 13 596
638 30 596
638 14 597
644 15 376
647 2 236
638 6 643
638 26 648
638 14 649
642 5 464
642 6 465
654 2 49
641 7 583
641 13 591
641 30 591
641 14 592
641 15 592
649 5 264
649 6 268
649 7 268
655 1 0
653 2 112
656 1 0
653 2 125
649 8 300
649 8 308
649 8 311
649 29 314
649 8 315
649 29 316
654 3 124
649 8 329
649 8 339
649 8 341
649 8 344
649 8 346
654 4 146
656 2 61
642 25 574
642 5 574
649 8 355
649 8 358
649 8 360
649 8 363
649 8 372
649 8 379
654 5 193
644 7 536
644 6 536
644 8 546
651 3 247
642 5 612
642 6 615
642 5 621
649 25 391
649 6 407
649 7 407
654 6 208
654 7 208
654 8 215
651 4 294
642 6 622
642 25 632
642 5 632
658 2 82
659 1 0
653 3 261
652 8 278
653 4 297
651 5 339
642 25 686
642 5 686
642 6 688
659 2 44
660 1 0
641 6 833
653 5 338
651 1 380
653 7 347
642 25 741
642 5 741
642 6 748
642 7 748
659 3 117
662 1 0
657 3 310
642 6 815
642 7 815
661 2 67
659 5 185
643 8 798
659 6 201
659 8 219
651 6 531
651 7 531
658 4 326
648 2 674
657 4 386
642 1 875
642 13 875
642 15 875
659 29 226
659 8 238
658 5 350
651 8 580
651 8 598
651 8 603
657 5 423
657 6 428
658 21 382
652 1 554
652 13 554
652 14 556
663 1 0
658 5 405
658 6 421
658 7 421
653 1 607
663 8 33
663 8 36
658 2 448
657 14 505
653 6 620
653 7 620
665 1 0
666 1 0
658 3 490
658 4 503
658 5 510
658 6 525
658 21 527
661 6 335
661 7 335
664 2 92
643 13 1113
643 14 1113
658 8 583
663 26 197
663 14 200
663 6 212
666 3 130
628 1 2234
628 6 2240
642 26 1193
642 14 1194
642 7 1197
665 2 196
628 14 2272
666 7 201
642 14 1252
642 15 1252
628 1 2304
628 5 2310
642 6 1255
642 7 1255
628 6 2313
628 7 2313
669 1 0
670 1 0
643 7 1275
671 1 0
669 5 43
669 7 56
664 3 343
667 3 194
669 8 78
672 1 0
671 2 71
669 8 94
667 4 246
667 4 254
669 8 138
673 1 0
664 5 440
668 4 231
674 1 0
659 8 818
664 7 452
664 21 456
675 5 12
675 6 18
675 7 19
668 5 260
668 6 277
670 2 174
676 1 0
675 30 33
675 14 33
676 2 46
665 3 506
667 7 375
667 21 379
671 3 241
667 8 398
673 4 137
659 8 924
664 15 576
671 4 303
665 4 626
670 3 356
671 5 344
671 6 349
677 2 146
671 8 377
671 4 384
671 3 384
670 5 437
672 4 399
679 1 0
676 5 269
676 7 285
665 5 725
675 1 311
665 6 740
675 8 327
675 7 328
670 6 455
670 8 464
678 2 63
670 8 479
680 1 0
665 8 762
665 8 763
681 1 0
670 8 497
674 3 353
679 2 58
677 3 303
672 6 487
679 3 184
683 1 0
674 5 494
682 2 81
674 15 545
679 5 266
679 6 270
679 8 291
683 2 72
678 4 329
679 8 299
679 8 303
679 8 311
685 1 0
684 2 86
674 1 635
679 8 350
686 1 0
678 5 371
678 6 376
674 5 645
674 6 652
679 8 383
679 4 385
677 8 602
678 14 411
678 7 423
677 8 642
686 2 63
677 13 660
677 14 664
677 15 664
684 4 200
683 4 330
682 4 370
674 13 823
686 3 209
683 6 387
683 8 403
686 4 235
682 5 433
683 13 409
683 14 413
682 8 472
686 5 298
682 19 482
682 14 483
686 6 306
686 7 306
686 8 317
682 6 508
682 7 509
682 15 536
408 1 14647
408 5 14656
408 6 14666
408 7 14666
686 8 378
687 2 74
686 8 409
680 4 724
680 5 750
680 6 753
680 7 753
408 5 14750
408 6 14758
680 8 781
680 8 792
680 8 799
688 1 0
680 8 806
680 8 811
687 3 189
682 6 711
682 7 712
682 8 715
680 8 817
680 8 829
690 1 11
682 14 726
691 1 0
691 6 24
688 2 113
687 6 324
687 8 352
682 25 838
682 6 838
682 26 851
682 14 853
680 19 989
680 34 989
687 8 363
687 8 366
682 7 872
680 8 1009
680 19 1011
680 34 1011
680 14 1015
680 15 1015
680 6 1017
692 8 7
692 6 8
693 1 0
691 1 171
689 3 258
692 8 52
682 5 979
682 7 993
692 13 110
692 15 111
689 4 350
689 5 394
697 1 0
689 4 424
694 3 186
697 2 67
699 1 0
695 4 175
694 5 255
694 6 258
695 6 257
695 7 257
700 1 0
697 3 189
696 3 234
695 8 299
697 4 228
702 7 5
702 1 7
702 13 7
702 14 8
700 2 55
697 5 267
701 2 53
704 1 0
703 2 28
697 8 295
697 34 305
697 14 308
697 15 308
696 7 376
703 3 61
705 1 0
698 3 329
704 2 61
703 6 93
703 8 102
700 3 182
696 8 413
696 14 422
696 15 422
703 8 113
700 4 227
706 1 0
696 25 458
696 6 459
696 7 459
696 8 461
688 4 845
696 8 497
700 5 276
700 6 286
698 4 445
706 2 60
696 8 505
704 3 179
698 5 492
688 5 930
688 6 944
710 1 0
698 7 501
704 4 252
711 1 0
704 7 288
712 1 0
712 5 2
704 13 316
704 14 316
704 15 316
712 8 5
712 7 5
712 13 14
712 15 14
711 2 74
706 3 241
712 25 48
712 6 48
712 7 48
712 13 52
712 30 52
705 6 319
705 7 320
705 8 336
712 14 52
710 3 214
706 4 326
712 25 121
712 7 121
704 2 450
710 4 256
706 5 390
704 3 491
704 4 498
704 5 503
704 15 513
710 5 299
706 8 408
710 2 322
710 5 326
710 6 329
710 5 331
710 6 333
713 1 0
711 3 321
715 1 0
716 1 0
711 4 384
718 1 0
713 2 91
711 5 411
711 6 418
711 8 494
720 1 0
711 4 514
711 5 518
711 6 526
711 7 526
719 2 101
711 8 548
720 2 57
706 1 723
706 5 726
711 8 570
675 29 2706
675 13 2725
714 3 271
714 4 308
721 1 0
713 3 356
720 3 197
714 5 348
714 6 352
714 7 352
714 29 376
719 4 283
647 1 4097
713 4 383
722 1 0
723 1 0
714 136 379
714 14 380
724 1 0
714 25 388
647 2 4132
714 8 418
713 5 447
713 6 453
722 2 53
723 2 54
723 2 61
719 5 359
719 7 367
720 6 313
720 7 313
720 21 315
720 8 326
714 19 475
714 34 475
714 15 480
714 6 488
720 8 342
720 8 354
714 8 500
714 8 510
726 1 0
714 29 518
719 8 420
725 2 53
713 8 528
720 8 365
728 1 0
729 1 0
723 4 206
725 4 165
729 5 5
729 6 12
729 7 12
729 19 25
729 25 31
729 7 31
729 6 31
729 19 34
729 14 35
729 25 39
729 6 39
729 7 39
730 1 0
723 5 248
723 6 251
723 4 265
723 6 270
726 2 144
633 7 5337
633 13 5342
633 15 5343
723 4 275
723 3 275
725 5 242
725 6 245
725 7 245
722 5 318
722 6 321
725 30 254
725 14 256
725 15 256
730 2 49
731 5 2
731 6 6
722 1 357
722 30 357
732 1 0
731 14 55
728 3 223
728 4 290
727 3 289
730 5 198
730 6 200
728 5 322
728 8 337
727 5 453
727 6 456
727 7 456
727 8 476
727 8 488
727 8 500
735 1 0
736 1 0
728 13 553
728 15 554
726 3 594
733 3 276
734 2 67
733 4 310
726 7 658
739 5 1
739 6 4
739 7 4
739 1 13
739 13 13
739 30 13
739 15 14
731 1 497
726 8 701
731 5 499
731 1 515
731 30 516
731 15 517
740 1 0
740 7 10
740 6 10
712 2 1534
731 6 556
731 7 556
724 4 881
738 2 98
742 1 0
731 8 566
625 2 6406
741 5 4
741 7 8
731 1 595
731 13 596
712 3 1623
737 3 220
742 2 64
724 5 963
743 1 0
724 6 968
744 1 0
744 5 4
733 1 533
733 5 541
733 6 549
744 13 16
744 15 18
733 30 583
733 14 583
733 15 583
734 4 378
733 5 606
733 6 614
625 2 6557
734 5 404
734 6 407
734 7 407
724 13 1093
724 14 1094
724 15 1094
733 8 626
733 13 638
733 14 640
733 15 640
734 8 441
746 5 3
734 8 478
737 7 425
746 7 12
746 15 25
747 1 0
734 34 510
734 14 512
712 6 1874
734 25 533
734 6 533
734 7 533
733 1 746
733 7 760
734 34 542
734 14 544
748 1 0
625 8 6719
733 13 782
733 30 782
749 1 0
712 3 1923
712 25 1941
712 5 1941
712 19 1963
712 34 1963
712 15 1965
712 26 1975
712 14 1976
712 15 1976
752 1 0
750 2 63
749 2 108
751 2 42
745 3 265
752 2 62
752 2 67
752 2 73
747 3 234
711 15 2215
750 3 204
753 1 0
751 3 158
731 5 1178
731 6 1182
752 3 158
747 4 317
750 4 242
754 6 10
754 7 10
749 3 303
755 6 10
755 7 10
751 4 221
752 4 212
753 2 67
751 7 248
753 2 99
751 8 267
756 5 2
753 2 141
756 8 21
756 8 25
757 2 57
750 30 376
750 14 376
750 15 376
749 4 411
731 8 1340
731 1 1343
731 13 1344
731 30 1344
731 14 1344
750 8 397
737 8 978
625 8 7210
737 13 995
737 14 996
737 15 996
757 3 180
757 4 202
751 5 480
751 6 483
751 7 483
751 8 486
761 1 0
761 6 9
761 7 9
761 8 18
762 1 0
757 7 249
757 13 261
757 15 262
749 4 638
761 8 39
761 29 48
757 25 285
757 6 285
757 7 285
759 3 165
761 14 62
761 6 72
761 7 72
762 2 52
757 25 315
759 4 192
763 2 48
756 34 323
756 14 323
756 7 333
757 3 331
759 7 230
764 1 0
756 8 337
756 26 340
756 6 352
756 7 352
757 5 380
757 6 382
759 19 247
759 14 248
759 6 258
759 7 258
759 4 260
759 3 261
756 27 390
756 14 390
764 2 53
757 25 449
757 5 449
757 6 451
757 7 451
757 21 453
757 30 468
757 14 470
757 15 470
766 1 0
762 4 228
763 5 230
763 6 244
763 7 244
762 8 282
757 6 541
757 7 541
757 136 550
757 19 550
757 14 551
760 2 474
767 1 0
760 3 553
768 1 0
765 4 265
760 4 582
770 1 0
760 5 624
771 1 0
749 1 1136
760 1 656
760 15 658
768 2 113
749 5 1154
749 7 1162
771 2 54
764 30 483
764 14 483
764 15 483
772 1 0
773 1 0
774 1 0
768 3 229
772 2 65
774 2 46
728 1 2378
728 5 2387
775 2 39
728 6 2391
728 8 2396
770 3 194
768 4 279
776 1 0
728 14 2401
728 15 2401
777 1 0
771 3 234
778 1 0
771 4 293
771 7 314
774 4 204
775 3 179
779 1 0
770 6 349
770 7 349
766 1 637
774 5 242
780 1 0
770 13 391
781 1 0
774 6 246
774 7 246
782 1 0
781 2 30
772 4 313
775 6 287
775 7 287
779 2 146
772 5 357
774 8 350
768 5 591
781 4 129
776 3 307
776 3 353
773 5 490
783 1 0
779 4 278
776 6 410
776 7 410
776 30 448
776 14 452
776 15 452
785 1 0
786 1 0
783 2 80
785 2 51
773 8 651
783 3 152
787 1 0
773 8 683
774 8 665
785 3 145
785 4 166
786 1 183
785 5 212
785 6 215
785 7 215
785 8 226
785 29 249
785 4 261
788 2 196
788 2 199
787 4 226
768 8 1068
768 13 1073
768 15 1073
790 2 31
788 2 207
788 2 216
787 6 258
787 7 259
791 2 35
788 2 273
788 2 290
791 25 87
791 7 91
788 2 332
788 2 380
792 2 57
793 25 38
790 7 198
794 1 0
795 1 0
790 8 240
796 1 0
788 3 489
795 2 74
788 4 527
797 1 0
793 3 189
787 30 576
788 6 584
788 7 585
797 2 54
793 5 221
793 7 226
793 21 231
727 1 3616
727 5 3618
798 1 0
788 8 610
793 8 250
794 3 260
795 2 230
794 4 298
794 6 328
794 7 328
794 13 361
797 3 203
800 1 0
794 14 362
794 15 362
801 1 0
792 4 470
800 2 57
797 4 288
797 5 312
792 5 531
792 6 534
802 2 95
798 3 274
803 1 0
800 3 168
804 1 0
797 25 375
797 5 376
797 6 378
797 7 379
803 2 57
790 8 757
768 7 1826
768 6 1826
768 8 1827
805 1 0
800 4 216
800 5 232
790 13 773
790 15 775
801 3 189
800 6 238
797 2 468
801 4 218
798 6 405
801 5 247
801 8 259
790 6 880
790 7 880
797 3 537
797 6 565
797 8 577
801 8 316
797 8 605
804 5 296
804 7 300
802 5 454
804 8 326
806 1 0
794 6 847
794 7 847
807 1 0
806 2 54
809 1 0
805 4 407
811 1 0
805 6 452
812 1 0
805 7 453
806 3 176
813 1 0
814 1 0
809 2 119
815 1 0
816 1 0
802 4 693
806 4 221
811 2 89
813 2 63
802 5 711
807 2 196
802 6 727
806 21 269
805 8 563
817 1 0
815 2 115
807 3 283
815 2 126
808 2 300
808 2 303
807 4 371
819 1 0
807 6 406
811 3 328
813 5 307
808 3 404
807 13 451
807 14 454
807 15 454
820 1 0
815 4 304
813 6 312
811 4 387
821 1 0
813 4 373
808 5 514
820 2 94
809 3 526
808 6 521
818 3 228
808 8 528
823 1 0
808 8 564
808 8 574
815 8 429
824 1 0
811 5 495
811 6 499
808 8 596
825 1 0
809 5 598
809 7 602
824 2 37
818 4 321
815 13 514
815 30 514
815 15 514
822 3 162
790 1 1810
790 5 1811
818 6 400
818 7 400
826 2 96
825 3 100
790 7 1819
790 34 1833
818 8 413
825 4 135
825 5 143
827 1 0
827 6 11
827 7 11
827 8 19
825 6 151
825 8 163
826 3 167
827 19 35
827 15 37
827 14 56
827 15 56
819 2 389
818 29 488
821 3 278
818 4 517
818 3 519
818 3 521
826 6 218
826 7 218
825 8 224
821 4 332
825 8 243
809 1 851
809 5 856
794 4 1775
818 4 578
818 5 583
821 5 381
821 6 383
821 7 383
818 6 587
818 7 587
808 13 992
808 30 992
808 14 992
808 15 992
820 5 561
823 3 433
820 1 599
820 14 599
820 15 599
823 4 456
819 6 663
819 7 663
829 1 0
819 8 698
808 7 1091
819 6 722
819 7 722
819 8 725
808 13 1115
808 30 1115
808 15 1116
777 7 2999
777 1 3003
777 6 3009
777 7 3009
831 1 0
777 8 3012
777 29 3013
777 8 3022
777 8 3024
777 8 3027
830 2 33
777 29 3058
831 2 54
777 8 3075
777 29 3082
777 8 3085
777 29 3089
777 8 3095
823 5 653
823 7 656
823 21 660
830 4 117
829 2 194
834 1 0
829 2 208
835 1 0
835 5 5
835 1 18
835 5 22
829 2 222
835 6 29
835 7 29
835 19 37
837 1 0
833 2 39
777 29 3231
777 8 3234
777 15 3241
833 3 100
833 4 120
834 2 135
832 3 205
835 8 118
837 2 78
833 3 153
833 4 156
831 3 275
839 1 0
833 5 158
833 7 166
829 4 367
832 5 285
832 8 297
831 4 333
808 25 1495
808 6 1495
829 5 427
829 8 441
829 8 448
831 6 381
832 8 343
829 14 478
829 15 478
838 2 107
808 8 1549
808 13 1595
808 30 1595
808 14 1595
831 8 498
831 34 509
837 4 333
834 3 434
837 5 373
837 6 376
837 3 441
829 6 700
834 6 516
834 7 516
835 14 524
835 6 530
835 7 530
841 1 0
838 3 451
841 2 70
843 2 36
844 1 0
842 2 61
842 2 78
846 1 0
841 3 201
838 4 583
838 3 596
845 2 49
844 2 88
847 5 6
841 5 321
841 7 327
842 4 246
845 3 154
845 4 194
848 1 0
845 5 227
849 5 7
849 7 15
850 2 34
841 8 443
849 30 48
852 1 0
844 3 339
841 8 513
844 4 391
850 3 165
852 2 71
853 1 0
850 5 241
850 6 256
850 8 268
850 14 294
850 15 294
844 5 593
850 6 357
849 7 368
854 1 0
854 2 61
850 8 502
850 13 504
850 14 505
844 8 770
844 8 823
844 8 853
855 3 157
857 1 0
857 2 59
854 6 538
854 7 538
854 8 552
844 13 1261
844 25 1295
844 6 1295
844 7 1295
857 4 209
844 8 1314
858 1 0
857 6 289
857 7 290
857 8 345
841 14 1602
841 15 1602
854 1 823
854 14 825
857 29 379
857 8 382
857 29 387
844 25 1510
844 6 1511
858 1 102
859 2 120
860 1 0
844 8 1593
862 1 0
861 2 52
863 1 0
859 3 327
864 1 0
863 2 42
862 2 86
844 8 1801
865 1 0
863 3 105
866 1 0
866 1 3
860 4 280
865 2 75
860 5 325
860 7 331
863 29 194
857 29 836
862 4 258
865 3 157
863 25 264
863 5 264
863 6 267
863 7 267
862 6 315
862 7 315
860 30 399
860 15 400
861 4 377
863 8 273
863 14 292
865 4 207
844 14 2036
844 15 2036
844 25 2043
844 7 2043
844 8 2051
863 14 306
863 6 315
863 8 316
863 15 327
863 14 327
866 3 185
861 5 410
861 7 419
844 8 2069
844 13 2076
844 25 2090
844 7 2090
862 8 378
862 1 402
865 5 281
844 30 2097
844 15 2098
865 7 289
865 8 297
865 1 311
865 13 311
865 14 312
865 15 312
862 13 444
862 30 444
862 14 444
867 4 195
871 1 0
768 8 6346
866 7 311
861 8 546
768 8 6355
768 8 6359
768 8 6362
768 8 6373
866 8 333
866 5 348
866 6 355
866 7 356
861 29 579
861 8 581
738 4 7878
738 5 7880
738 6 7891
768 8 6390
865 25 418
865 6 418
865 7 418
866 8 374
866 13 387
866 14 387
866 15 387
861 29 591
738 8 7909
768 8 6412
865 27 434
768 8 6425
867 8 308
768 8 6433
867 15 319
861 8 634
861 8 647
875 1 0
862 7 608
876 1 0
865 25 502
865 6 502
865 7 503
862 8 629
862 13 641
862 14 641
862 15 641
870 2 202
866 6 459
866 7 460
866 13 465
866 25 489
866 6 489
866 7 489
866 8 491
866 26 496
866 14 498
866 6 503
866 7 503
866 8 505
866 26 511
866 15 513
866 6 519
866 8 523
866 25 531
866 7 540
877 1 0
878 1 0
866 19 556
866 34 556
866 14 558
866 26 563
866 14 564
866 7 565
876 3 137
879 1 0
866 8 659
880 1 0
879 2 71
870 3 418
875 5 286
880 2 45
870 4 444
870 5 455
870 7 459
877 4 161
876 5 260
869 4 462
869 4 476
877 5 204
877 6 207
876 1 301
876 13 302
876 14 302
876 15 302
861 29 992
861 8 996
873 4 393
869 13 567
869 30 567
869 15 568
882 5 4
879 3 236
882 6 11
882 7 11
869 25 615
869 6 616
869 7 616
883 1 0
873 5 499
873 6 509
885 1 0
879 5 290
879 6 293
879 7 293
879 21 295
869 19 679
869 34 679
883 2 67
782 2 6505
880 4 322
887 1 0
886 5 8
886 6 15
886 7 15
886 8 28
844 25 2868
844 7 2868
884 2 74
886 8 40
886 8 45
844 8 2874
844 30 2879
844 14 2880
844 15 2880
880 6 361
880 7 361
887 2 59
886 14 68
880 8 386
880 4 399
880 5 401
880 7 404
880 19 406
880 14 409
880 15 409
878 2 502
880 6 416
880 8 420
880 8 442
883 3 217
884 3 190
880 19 458
880 34 458
880 14 458
880 6 462
880 7 462
880 8 465
883 4 252
884 4 221
878 3 588
883 5 277
883 7 280
884 5 259
881 5 319
881 6 324
884 6 268
884 7 268
878 4 633
883 19 290
883 6 298
883 7 298
883 8 306
884 8 292
884 8 299
884 8 301
881 8 363
888 1 0
881 14 391
878 5 680
878 7 685
884 8 337
884 8 352
888 2 81
844 25 3184
844 6 3184
844 7 3184
844 8 3188
881 6 483
881 8 505
881 14 512
881 15 512
844 8 3251
844 29 3256
844 8 3261
844 8 3282
844 8 3314
883 8 581
782 4 7015
890 1 0
782 5 7064
782 7 7071
891 1 0
892 1 0
844 8 3418
893 2 65
894 5 8
894 6 13
894 13 47
894 30 47
889 3 193
844 14 3538
844 15 3538
888 4 454
895 1 0
896 1 0
888 6 529
888 7 529
890 3 261
889 5 283
889 7 285
844 25 3632
844 6 3633
844 8 3638
888 8 561
886 1 826
889 8 323
896 2 63
888 8 589
886 25 845
886 5 847
886 8 864
889 34 352
889 14 354
889 6 364
889 7 364
889 4 365
889 3 366
844 13 3687
897 1 0
888 8 639
890 5 388
890 6 396
891 4 329
898 1 0
890 8 424
896 3 176
900 1 0
891 6 371
891 7 371
891 21 373
899 2 35
892 5 443
898 2 71
896 4 233
891 13 436
891 14 436
891 15 437
892 6 452
892 7 452
900 2 84
896 7 297
897 3 214
899 4 179
898 3 184
901 1 0
899 7 209
899 19 215
899 14 216
898 4 220
901 2 49
899 6 225
899 7 225
899 14 237
899 7 244
899 14 251
899 6 252
899 7 252
897 6 291
897 7 291
897 8 307
900 3 252
898 6 281
898 7 281
899 4 261
897 8 327
844 6 4054
844 7 4054
844 8 4062
844 13 4071
844 30 4071
844 14 4073
844 15 4073
902 1 0
900 4 300
891 25 690
891 6 691
900 5 336
901 4 179
900 7 351
891 8 726
900 8 375
900 8 394
900 8 412
900 8 415
900 8 419
900 8 426
900 34 430
901 5 293
900 15 433
900 7 436
900 8 441
900 8 446
903 1 0
900 19 455
900 14 456
900 7 459
901 6 308
901 7 308
900 8 464
900 8 466
900 8 469
904 1 0
891 19 947
891 34 947
891 14 948
905 1 0
906 1 0
904 4 328
904 5 423
904 6 426
904 7 426
904 21 428
908 5 5
908 6 8
908 7 8
909 1 0
907 3 208
910 1 0
909 5 11
909 6 20
909 7 21
908 13 69
908 14 70
907 4 263
904 19 593
904 14 593
907 5 295
907 7 299
911 1 0
912 2 36
887 1 2328
887 2 2376
887 2 2379
914 1 0
912 4 139
912 8 164
912 19 179
912 34 179
912 14 182
912 15 182
912 25 188
912 6 189
912 7 189
912 8 197
912 19 202
912 34 202
912 14 202
912 25 204
912 6 204
912 7 205
913 2 197
914 2 130
887 3 2540
907 4 763
907 6 769
915 2 81
914 3 279
887 4 2673
914 4 361
887 6 2754
887 7 2755
914 6 407
914 7 407
887 8 2808
917 1 0
887 136 2834
887 14 2849
887 6 2857
887 7 2858
915 3 332
887 136 2866
914 8 501
918 1 0
917 2 92
915 5 448
915 6 451
915 7 451
913 3 752
916 4 408
917 3 217
916 5 471
916 6 479
913 4 874
917 5 358
917 7 366
920 1 0
918 4 299
917 1 391
917 19 391
917 14 391
913 3 945
918 5 342
917 7 405
917 14 410
918 6 346
920 2 124
921 3 173
921 4 203
924 8 11
921 5 228
921 6 232
921 7 232
924 8 25
924 14 34
924 15 34
922 3 179
925 1 0
919 3 282
926 1 0
925 2 56
921 30 308
921 14 309
921 15 309
920 4 359
922 4 244
926 2 41
927 1 0
927 13 0
927 30 1
921 25 330
921 7 330
926 3 100
922 5 304
927 1 8
927 7 14
928 1 0
922 6 310
922 7 310
926 4 125
921 30 403
921 15 407
922 8 343
922 19 359
922 34 359
926 5 160
919 6 478
919 7 479
926 6 163
926 7 163
922 6 375
922 7 376
922 13 385
922 14 385
922 15 385
926 8 186
920 7 503
926 13 195
926 14 195
919 14 526
919 15 526
920 8 529
925 3 244
925 4 318
929 2 41
920 1 645
920 30 646
920 15 646
925 6 364
925 7 364
928 3 306
922 6 616
925 8 445
922 14 629
922 15 629
919 6 725
919 7 726
919 3 742
925 8 471
925 136 479
925 14 481
925 15 481
930 2 61
928 4 439
887 6 4073
920 6 919
920 25 919
929 5 327
929 6 336
929 7 336
929 1 369
929 5 374
930 3 270
928 1 576
929 8 427
929 8 441
930 4 330
929 8 454
929 8 460
929 8 464
930 5 365
930 6 368
930 7 368
931 1 0
929 19 475
929 34 475
929 14 485
930 19 414
933 1 0
930 6 441
934 1 0
930 19 453
930 136 453
930 14 454
930 7 462
930 136 475
930 14 475
932 2 64
935 1 0
936 1 0
938 1 0
938 2 38
940 1 0
938 4 154
938 7 175
941 1 0
942 1 0
940 2 218
943 1 0
940 3 295
944 1 0
944 1 1
940 4 322
940 5 346
940 6 350
944 2 57
940 5 368
940 7 372
940 30 387
940 13 387
945 1 0
945 5 7
945 6 10
945 7 10
946 1 0
880 1 6196
880 5 6202
880 6 6206
880 7 6206
880 8 6219
880 15 6228
946 3 113
945 3 195
945 4 212
945 5 236
945 6 239
945 7 239
944 4 558
946 5 182
945 19 257
945 14 259
946 7 198
946 8 217
944 5 604
945 14 274
944 7 608
944 8 631
947 1 0
947 5 3
947 5 6
945 6 371
945 7 371
945 4 372
947 6 21
947 7 21
948 1 0
944 8 749
949 1 0
944 8 821
949 3 109
948 2 182
949 4 142
944 8 889
944 29 892
950 1 0
949 5 169
951 1 0
952 1 0
952 1 15
952 2 68
952 2 75
952 2 82
948 4 422
948 6 449
948 7 450
950 3 248
950 5 388
950 7 393
950 8 444
953 2 210
954 2 44
954 3 137
955 1 36
954 4 168
955 2 86
954 5 209
954 19 238
954 14 238
954 6 246
954 8 249
955 3 178
954 8 286
957 1 0
956 2 154
954 34 301
954 6 308
954 7 308
954 8 315
958 7 12
954 19 323
954 34 324
954 14 325
954 6 327
954 4 328
955 4 242
955 5 284
955 7 287
955 8 317
955 8 322
955 8 325
955 8 333
956 3 417
960 1 2
960 1 3
960 1 4
961 1 0
952 1 1041
958 8 347
952 2 1062
958 29 381
962 1 0
963 1 0
956 4 587
961 2 77
952 4 1109
952 5 1173
952 7 1183
956 5 661
956 6 670
956 7 670
956 21 671
956 8 684
956 26 706
952 1 1229
952 13 1231
952 14 1231
952 15 1231
959 5 460
956 27 733
956 14 734
956 7 754
956 8 756
956 29 763
956 8 764
959 13 498
959 30 498
961 3 273
960 4 369
956 8 800
956 8 806
956 5 837
961 4 336
956 6 845
956 7 845
959 7 581
959 30 595
957 3 681
960 6 441
960 7 441
960 8 458
952 6 1408
952 7 1408
952 8 1426
956 8 927
961 8 422
961 8 466
960 8 563
966 1 0
967 1 0
966 2 63
966 4 225
959 6 1016
959 7 1016
966 7 279
966 8 286
959 5 1020
959 6 1028
959 7 1028
959 13 1084
959 30 1084
969 2 54
959 6 1143
959 7 1143
959 13 1165
959 30 1165
959 14 1166
959 15 1166
971 1 0
972 1 0
959 8 1375
959 14 1387
969 6 322
969 7 322
971 2 194
970 3 273
959 7 1427
969 7 356
975 1 0
973 3 154
967 3 717
974 5 178
974 7 182
974 8 190
970 4 376
967 4 752
973 7 241
970 5 413
970 6 417
974 30 229
974 14 230
974 15 230
974 25 235
974 6 236
972 4 316
967 5 800
967 6 806
976 1 0
976 2 72
978 2 43
977 2 42
974 13 364
974 30 364
972 8 428
967 14 914
972 8 482
972 19 484
977 3 149
976 3 205
977 5 189
977 7 192
976 4 263
977 8 224
977 8 230
979 5 4
977 29 248
977 8 248
977 13 264
977 14 265
977 15 265
979 6 15
979 7 15
978 6 350
978 7 350
978 19 375
978 14 375
978 14 388
978 15 388
980 1 0
980 2 110
980 3 266
980 5 432
980 6 436
980 7 436
982 1 0
981 2 103
983 1 0
981 3 257
985 1 0
981 4 363
985 2 74
987 1 0
981 6 482
981 8 529
985 3 196
989 1 0
989 2 33
990 1 0
985 5 296
989 3 103
985 7 304
985 8 318
989 4 122
985 4 351
989 5 150
989 6 158
989 7 158
989 8 188
990 2 160
990 3 378
986 3 646
986 4 693
986 6 754
986 3 820
986 4 834
986 7 845
986 4 849
986 3 850
986 5 863
991 1 0
992 1 0
986 7 874
992 2 39
991 2 42
994 2 48
995 1 0
992 4 131
994 3 123
995 2 57
992 5 157
992 7 160
986 1 1031
986 34 1031
986 14 1031
986 14 1049
994 5 175
994 6 183
994 7 183
992 19 215
992 14 218
994 8 253
995 3 169
994 8 269
994 29 275
994 14 280
994 15 280
995 4 242
995 5 261
995 8 369
995 8 394
994 7 473
996 1 0
996 2 64
996 2 74
996 2 84
