0 7 270
9 8 240
10 1 0
10 4 376
10 6 414
10 14 429
12 2 145
10 5 669
10 6 674
10 7 674
16 3 138
18 1 0
17 2 95
16 1 238
16 6 249
12 3 511
20 1 0
17 5 448
12 6 727
17 6 455
17 14 497
17 15 507
22 4 158
24 8 79
24 28 131
24 3 245
24 4 257
24 5 267
24 7 273
24 8 302
24 8 331
24 29 338
24 13 344
33 1 0
33 2 72
33 4 313
33 15 409
33 6 418
35 1 0
33 8 443
33 14 450
36 1 0
36 2 58
36 3 171
35 4 249
35 6 307
36 4 260
35 8 364
36 5 307
36 6 316
36 7 316
35 19 383
35 34 383
35 15 385
36 29 340
36 5 356
33 7 1302
38 1 510
40 1 0
40 2 81
40 3 241
38 6 946
38 13 969
38 30 969
38 14 969
40 7 426
40 14 431
40 25 442
40 7 442
40 19 444
40 6 452
41 1 0
41 2 68
42 2 76
42 4 239
42 21 307
42 4 349
44 2 74
44 6 390
45 3 139
45 6 192
45 7 192
47 1 0
46 3 307
46 34 439
48 2 76
53 3 160
53 19 268
53 14 302
53 6 320
53 7 360
53 14 369
55 2 41
55 3 179
55 4 230
55 6 269
55 7 269
56 5 589
56 1 627
56 15 631
58 3 219
59 3 139
61 1 0
59 6 253
59 8 299
59 25 330
59 7 330
62 4 217
62 7 265
64 2 40
64 3 136
64 5 196
64 13 280
64 15 284
65 1 0
65 7 22
65 14 42
65 15 42
66 2 60
66 4 287
66 5 327
66 15 374
68 1 0
71 1 0
70 7 388
71 3 127
71 7 252
72 1 0
72 2 133
73 1 0
73 2 50
72 8 372
72 29 420
74 3 180
75 2 74
70 34 1136
76 1 0
74 4 243
70 25 1144
70 7 1144
70 14 1172
70 6 1280
75 3 286
77 7 11
78 1 0
78 1 16
76 3 359
76 4 398
76 8 473
76 1 484
76 34 485
76 14 485
76 7 501
76 15 505
79 1 0
82 21 15
81 3 123
79 3 260
79 4 342
79 5 395
79 6 408
82 7 298
82 13 301
77 14 806
77 15 806
79 8 608
79 8 630
79 29 635
79 19 745
79 15 747
79 6 760
82 30 607
83 1 0
84 7 20
85 1 0
87 19 13
86 5 208
86 6 212
88 1 0
86 8 375
77 1 3015
89 14 366
89 15 366
88 2 548
94 1 0
93 2 31
95 1 0
94 2 56
93 3 83
91 6 415
91 8 468
88 4 861
91 29 548
91 14 565
96 2 41
97 2 63
88 7 1169
98 1 0
96 6 192
96 15 229
100 1 0
101 1 0
99 2 119
97 4 386
97 7 428
101 2 57
101 2 65
100 2 112
97 8 548
102 2 96
99 6 603
99 21 604
105 1 0
102 6 337
102 7 337
106 2 84
106 3 160
103 5 412
105 3 237
107 2 73
106 13 293
105 14 428
105 7 440
106 7 448
106 15 458
108 3 204
100 7 1133
110 3 119
100 19 1200
110 5 160
110 7 164
100 7 1216
110 30 172
110 14 173
111 2 122
100 5 1362
113 8 27
114 2 48
114 5 204
114 15 230
111 6 714
112 5 749
111 8 802
112 8 807
112 1 822
112 14 823
112 15 823
115 6 473
115 7 474
118 1 0
115 15 555
118 2 31
118 3 124
117 4 283
112 7 1132
112 8 1134
112 19 1141
118 1 260
112 7 1162
117 1 359
117 13 359
122 1 0
118 7 372
117 7 444
120 8 418
121 3 362
121 4 405
125 1 0
125 5 6
120 15 489
125 26 14
125 14 15
125 6 25
125 7 25
126 2 32
129 1 0
129 2 58
127 2 108
130 1 0
123 5 399
122 13 406
124 4 413
123 8 460
126 3 272
124 5 454
124 6 460
124 21 461
126 4 300
124 19 478
124 14 479
124 7 483
124 34 493
124 34 502
131 1 0
123 1 552
126 6 341
124 14 534
124 25 559
124 6 559
132 1 0
131 2 64
135 1 0
134 2 108
127 7 551
131 4 259
131 5 288
133 4 194
131 6 295
131 8 313
131 14 359
135 1 254
135 7 264
131 7 418
131 13 422
138 1 0
138 2 63
143 2 58
141 2 131
115 5 2078
144 1 0
143 4 246
141 4 312
143 5 292
141 8 380
141 8 394
141 8 424
139 3 492
139 4 550
139 6 632
150 2 42
146 6 224
145 6 275
145 13 319
145 14 320
146 6 318
146 7 324
153 1 0
150 5 255
151 2 207
150 6 269
150 7 269
146 8 402
122 13 2040
122 30 2040
122 15 2042
146 34 403
146 19 403
155 8 34
146 8 427
146 8 437
155 1 97
152 3 174
152 4 191
160 1 0
151 2 444
144 3 1111
152 5 424
152 6 427
152 8 465
163 1 0
144 6 1211
144 7 1212
152 8 467
158 19 297
159 8 289
158 13 322
158 14 323
159 8 299
157 8 478
157 8 490
152 26 646
152 27 646
168 6 23
168 1 33
168 26 33
151 6 844
151 21 847
169 2 58
151 14 894
166 2 257
172 1 0
169 3 213
174 1 0
167 7 319
169 5 257
169 6 262
169 7 311
167 15 373
169 8 317
176 1 0
165 4 571
170 25 308
170 6 308
169 2 394
166 13 539
177 2 47
165 5 611
170 14 326
175 3 142
170 7 398
144 8 1887
144 15 1892
174 2 247
175 4 161
165 8 700
176 5 223
175 6 222
183 1 0
174 3 333
179 2 50
177 5 257
174 4 388
169 5 675
169 6 682
169 7 682
144 7 2115
177 30 368
165 7 955
169 2 736
181 3 191
182 4 207
166 6 917
166 7 917
165 8 963
165 4 975
169 7 775
178 3 395
182 5 248
182 6 265
182 7 265
185 19 22
182 29 310
185 7 30
185 34 40
185 6 42
185 7 42
182 1 340
178 4 497
185 8 59
185 6 69
185 7 69
185 8 72
185 8 78
183 2 339
183 2 350
183 2 356
183 2 357
183 2 357
185 19 89
185 15 95
185 6 96
185 6 146
185 7 146
183 2 399
179 5 472
185 8 162
179 5 500
179 6 514
178 6 648
178 7 648
187 1 0
178 8 828
187 6 185
187 7 185
190 1 0
178 8 966
191 1 0
192 2 27
189 3 204
194 2 39
192 3 84
184 1 790
184 13 790
184 14 791
193 2 62
192 7 137
192 8 153
192 29 159
192 30 167
189 5 364
192 7 189
192 14 201
194 4 181
189 7 380
194 6 228
194 8 240
199 2 63
198 2 80
193 5 276
199 3 115
195 2 229
193 6 288
196 4 241
201 2 57
164 4 1986
200 3 121
199 7 187
199 8 207
202 2 58
200 4 157
199 8 218
196 34 338
200 6 199
197 3 341
204 1 26
204 13 26
196 25 359
200 8 213
202 3 149
200 13 257
200 15 258
195 3 459
197 5 466
195 4 531
195 5 582
195 6 597
200 25 470
208 5 6
205 2 247
208 6 22
200 30 474
200 14 474
200 15 474
195 13 646
203 2 321
201 4 449
201 5 495
201 6 510
201 19 572
201 14 573
201 6 608
205 3 499
211 2 35
212 1 0
203 6 629
203 7 629
192 7 1089
205 6 614
211 7 182
209 3 259
205 8 654
213 1 0
213 5 7
198 14 1007
198 15 1007
209 3 326
213 8 47
213 8 101
203 8 865
216 2 44
178 3 2306
178 5 2342
213 29 197
210 8 496
218 1 0
178 8 2361
216 3 142
209 8 543
210 30 526
210 14 533
178 13 2402
209 14 571
210 25 553
215 3 190
216 5 209
209 25 604
209 14 613
209 15 613
217 6 179
217 8 191
209 25 652
212 6 488
215 4 279
217 14 206
203 15 1141
209 30 679
209 15 683
219 3 124
217 8 275
209 30 761
209 14 764
221 2 96
221 2 100
222 5 5
219 5 178
219 6 184
222 8 69
217 25 411
222 8 87
224 1 0
217 30 460
214 7 575
224 2 81
224 2 111
217 7 549
217 13 553
217 15 554
222 8 240
221 4 348
222 8 270
221 5 413
228 1 1
224 2 211
221 7 417
224 3 262
229 1 0
231 1 0
232 1 0
225 3 312
232 5 20
232 8 30
225 4 398
229 3 153
229 4 186
235 5 2
231 3 246
231 3 269
231 4 306
237 1 0
238 1 0
231 4 373
231 5 422
231 6 427
229 15 523
241 1 0
230 4 534
241 2 46
237 5 205
214 27 1516
240 4 210
230 6 695
238 4 261
240 14 261
240 15 261
230 14 735
230 6 742
230 7 743
240 6 281
240 7 281
240 14 290
230 4 817
242 2 223
241 6 337
241 7 384
241 8 396
241 13 399
246 1 0
241 14 408
246 2 68
243 4 324
244 5 321
244 7 328
247 3 105
250 1 0
247 4 138
246 4 264
250 6 20
250 8 35
252 1 0
246 5 307
246 6 317
246 7 317
249 2 98
253 1 0
248 5 255
252 2 112
245 4 554
252 3 226
252 4 272
242 5 907
259 1 0
258 2 44
257 2 88
260 1 0
249 6 499
261 1 0
255 2 177
262 1 0
249 8 536
264 1 0
265 1 0
242 6 1171
254 4 372
255 3 327
259 3 327
254 6 437
254 7 438
268 1 0
268 5 5
270 1 0
265 5 197
255 6 447
263 5 206
265 15 217
273 1 0
258 3 451
256 21 476
259 6 455
275 1 0
270 2 61
263 14 273
263 15 273
273 2 64
271 2 70
262 6 363
251 5 862
251 6 878
264 13 313
264 15 316
260 8 456
254 15 656
251 8 891
251 1 900
251 25 910
251 6 911
251 7 911
259 13 547
259 15 549
276 2 37
256 8 641
251 136 938
260 26 516
266 7 391
251 14 966
272 3 241
256 8 695
255 30 706
258 7 675
256 26 754
256 27 754
256 282 755
256 14 755
256 6 758
269 7 332
269 8 348
269 8 359
284 1 0
256 26 789
256 27 789
256 14 791
285 1 0
280 2 77
283 2 35
255 7 801
271 4 349
255 27 808
255 15 812
276 4 223
256 8 810
285 2 39
286 1 0
277 5 237
277 6 252
264 5 591
264 6 603
272 8 405
277 8 267
264 30 615
264 14 617
280 3 178
271 8 437
277 30 288
272 8 439
287 2 51
270 4 487
269 13 494
275 8 450
283 4 185
290 1 0
291 1 0
270 7 531
270 21 531
280 6 282
287 3 162
259 2 938
255 7 1034
281 7 310
281 6 321
294 1 0
278 3 407
259 13 1002
255 8 1072
285 6 282
285 19 307
281 34 342
281 15 345
290 2 151
285 14 314
285 6 331
285 3 335
294 2 41
275 8 680
287 7 348
287 13 381
296 1 0
278 8 595
255 29 1250
294 6 208
290 4 324
294 8 235
297 7 18
290 5 359
290 6 363
294 8 258
296 2 80
298 1 0
297 7 28
297 19 40
297 34 40
290 13 385
294 34 306
297 19 64
297 6 67
255 7 1371
297 8 85
297 19 89
297 34 89
255 8 1416
257 1 1407
257 13 1410
257 30 1410
290 25 498
290 7 498
302 1 0
303 6 41
298 5 213
298 7 266
306 6 9
303 5 122
298 8 269
298 30 281
298 15 281
303 7 129
303 6 186
296 4 448
296 5 451
298 8 375
298 29 377
296 8 487
298 8 390
298 29 391
298 8 399
298 29 406
298 8 408
298 29 410
298 8 412
306 136 145
306 15 151
299 7 416
305 14 243
301 4 353
305 26 252
308 3 139
301 6 393
296 13 629
303 3 416
296 19 672
296 14 673
296 26 677
303 3 484
311 1 0
303 7 499
303 13 507
303 15 511
309 3 245
309 6 326
309 19 354
309 15 357
309 25 368
309 6 368
309 8 373
255 29 2208
313 2 27
301 7 949
301 6 949
301 4 950
316 1 0
313 3 106
255 6 2459
255 8 2476
313 6 162
313 8 284
255 13 2623
319 1 0
320 1 0
314 5 258
314 7 261
313 25 345
313 7 345
293 3 1619
313 14 357
313 15 357
316 4 339
317 3 229
296 6 1543
317 4 279
316 6 429
316 21 431
319 6 275
319 7 276
319 6 329
326 1 0
326 6 6
319 19 359
319 14 361
317 7 485
319 19 383
319 14 386
319 25 388
321 2 202
322 3 154
327 1 0
322 4 203
322 5 242
322 7 245
323 7 243
330 1 0
325 4 318
328 3 208
328 6 285
328 8 308
329 3 216
325 6 546
325 7 546
328 6 367
328 8 371
333 3 114
328 8 412
329 7 376
329 19 404
334 1 0
333 8 217
327 4 537
329 25 424
329 7 425
336 1 0
336 3 226
336 5 344
337 3 147
336 13 377
336 14 378
337 7 261
337 13 286
337 14 287
339 2 47
336 6 486
336 30 494
341 1 0
339 3 171
341 2 44
342 2 40
339 30 377
339 14 378
339 15 378
343 1 0
344 1 0
340 4 351
340 6 372
340 7 373
346 2 46
347 8 18
347 6 18
339 13 559
339 14 559
342 8 262
344 2 121
348 2 58
346 3 158
348 4 161
348 6 208
349 2 57
351 1 0
351 5 5
351 6 9
351 7 9
351 29 25
349 4 232
351 8 84
356 1 0
350 2 238
341 3 829
349 7 267
344 6 546
345 5 525
345 6 531
345 8 542
357 1 0
345 8 568
345 8 579
341 5 912
360 1 0
341 6 915
341 7 915
352 5 165
352 6 177
355 3 176
345 29 676
345 8 681
354 4 251
354 5 255
354 7 258
353 8 280
353 8 288
354 14 261
354 6 265
354 13 271
354 15 275
353 8 294
355 5 255
355 8 287
360 5 196
359 3 202
360 8 237
345 8 836
350 7 591
360 7 284
361 4 257
363 7 58
363 21 61
361 5 283
345 8 963
363 4 93
363 6 104
363 21 107
363 8 111
359 6 398
359 7 398
363 4 120
361 1 341
361 19 341
359 15 409
364 1 0
345 4 1046
367 1 0
364 5 235
345 14 1221
367 2 54
345 6 1270
369 2 79
366 3 171
370 1 0
368 3 177
345 6 1401
345 7 1401
369 5 207
368 8 314
365 8 459
367 5 360
367 7 372
368 8 359
368 8 377
368 29 384
365 1 510
365 15 511
365 6 568
365 19 586
363 1 824
363 21 835
365 25 606
365 7 606
367 30 495
373 2 50
363 6 871
368 19 663
368 34 663
368 14 663
372 3 351
372 4 391
376 2 74
377 2 78
372 8 469
374 5 382
374 21 389
374 8 405
372 1 500
372 13 501
373 8 418
374 29 432
374 30 457
374 14 460
373 14 522
382 1 0
377 4 282
381 4 150
381 5 183
385 1 0
381 14 251
381 15 251
374 1 722
384 2 66
377 4 462
380 19 367
380 14 370
380 15 370
380 15 388
377 6 495
377 7 495
378 3 473
377 8 508
386 1 0
387 1 0
377 25 551
377 5 551
377 7 554
377 8 567
387 4 107
387 6 150
365 8 1606
385 4 400
385 5 416
378 26 771
378 27 771
378 25 788
378 6 788
385 34 505
389 1 0
378 25 881
385 14 518
388 4 306
393 2 53
395 1 0
388 5 342
388 7 347
394 2 31
389 4 299
388 8 365
388 8 370
389 6 335
392 13 269
392 14 272
389 8 360
390 3 353
396 2 95
389 8 391
388 8 451
394 3 151
398 1 0
393 14 257
393 15 257
388 13 579
399 5 10
399 15 23
401 2 44
402 1 0
397 3 197
396 4 358
406 1 0
397 5 304
403 2 68
396 6 439
396 7 439
377 8 1649
409 1 0
405 3 195
387 15 1205
411 2 63
396 19 635
413 1 0
414 1 4
400 8 486
403 6 390
415 1 0
400 4 497
400 7 504
400 26 517
404 5 405
396 25 739
413 2 48
404 7 419
403 8 442
398 5 621
400 8 571
404 15 467
400 3 586
403 8 502
403 8 518
403 2 552
412 3 281
398 25 745
398 6 745
398 7 745
418 1 0
415 7 235
412 6 311
412 7 311
412 8 314
414 6 238
412 34 322
412 25 337
412 6 337
411 6 400
405 8 613
418 2 41
416 4 167
412 19 384
416 6 201
413 4 345
412 7 403
417 3 118
413 5 381
398 8 928
413 19 432
413 14 433
419 1 0
418 4 197
420 1 0
413 6 442
413 7 442
413 14 469
413 6 476
413 7 476
417 7 221
418 8 273
398 25 1042
398 8 1058
398 8 1062
417 8 290
418 8 317
418 15 321
398 8 1095
398 25 1125
422 7 14
422 8 16
398 6 1125
423 1 0
421 3 143
424 5 3
424 6 12
424 7 12
419 4 279
419 6 294
419 8 298
421 5 204
421 6 210
421 7 210
414 29 756
421 30 261
421 14 262
427 1 0
414 8 814
428 7 9
429 1 0
430 5 5
431 5 2
431 7 18
424 29 368
432 1 0
433 1 0
421 6 563
421 14 567
423 8 466
421 15 589
427 21 317
427 8 344
434 1 0
424 8 526
427 6 424
427 8 444
435 1 0
427 8 478
433 2 183
427 19 488
421 6 827
421 30 833
434 4 201
434 6 234
432 6 375
432 7 375
421 13 918
421 14 919
433 3 370
437 1 0
421 13 1038
421 30 1038
433 5 524
433 7 532
438 2 126
439 1 0
440 1 0
433 14 615
421 30 1185
421 14 1186
438 3 282
438 4 347
442 1 0
437 6 397
437 8 429
437 8 455
443 2 39
440 4 299
441 3 253
445 1 0
438 13 457
438 15 458
446 1 0
428 3 1166
428 4 1179
440 6 358
440 7 358
448 1 0
446 2 33
449 1 0
450 1 0
441 4 344
451 1 0
428 3 1232
441 6 373
445 2 118
441 14 404
441 15 404
447 3 135
441 14 421
441 6 425
446 4 134
443 7 252
441 8 455
446 7 187
446 6 187
443 8 261
444 1 279
436 5 745
447 6 240
447 7 240
451 3 191
454 1 0
447 13 282
452 4 194
454 2 52
438 6 800
438 7 800
452 6 217
456 1 0
454 3 111
438 15 821
438 7 838
452 8 238
450 4 318
438 8 848
456 2 65
438 34 879
438 14 883
438 15 884
450 6 368
454 5 168
438 14 926
438 15 932
436 25 973
436 7 982
445 6 519
445 7 519
450 34 455
448 5 544
462 1 0
448 15 588
459 2 61
461 2 42
450 14 638
460 5 176
460 7 180
463 1 0
464 1 0
462 4 219
462 5 252
462 8 326
436 6 1459
462 8 358
466 1 0
462 14 377
462 15 377
463 4 230
436 8 1550
436 14 1564
469 1 0
465 4 301
472 1 0
469 3 125
471 2 58
461 4 690
469 13 202
469 30 202
469 14 203
469 15 203
471 4 181
473 7 19
471 5 216
444 2 1472
472 5 215
472 7 220
469 14 319
474 1 0
461 30 887
475 2 54
473 8 142
466 19 567
466 14 571
466 15 571
469 3 440
473 8 169
466 1 591
444 7 1644
444 15 1674
477 2 61
473 29 308
474 6 261
474 282 262
469 5 637
475 6 276
479 1 0
476 6 222
476 7 222
469 21 655
480 2 32
483 5 2
477 3 221
469 26 769
469 15 771
481 2 136
444 15 1998
479 6 230
477 7 388
469 6 904
469 13 911
469 26 944
469 14 945
479 8 277
479 8 283
477 8 428
489 1 0
488 2 94
474 8 608
469 14 967
469 30 986
470 6 985
470 19 1038
476 29 636
484 3 377
490 2 86
491 1 0
494 1 0
444 29 2257
496 1 0
488 3 289
493 2 58
497 2 47
485 7 483
444 6 2389
497 3 121
499 1 0
500 1 0
497 4 166
498 2 65
488 8 451
488 14 503
488 25 510
488 6 510
503 1 0
488 19 530
488 6 539
488 7 539
490 5 384
490 7 401
481 25 706
481 8 725
481 3 735
497 8 267
490 8 415
487 3 625
487 4 675
497 8 350
487 6 727
502 5 160
502 6 175
502 7 175
502 21 177
497 8 403
498 6 313
487 13 740
505 1 0
502 8 240
490 4 589
490 4 601
490 5 611
505 2 51
497 34 495
497 14 496
490 6 627
490 7 628
492 7 539
492 13 543
502 13 306
502 15 307
497 26 501
497 25 506
497 6 506
497 8 514
497 26 522
497 15 526
497 6 559
497 8 567
506 2 177
497 26 650
497 14 651
502 7 435
502 13 440
502 15 441
492 7 711
508 2 37
497 7 654
492 5 729
505 3 356
505 2 397
510 1 0
511 1 0
505 4 442
506 6 418
511 2 53
506 8 445
505 5 510
508 7 307
514 1 0
506 1 469
506 13 469
506 14 470
505 6 514
505 7 514
515 1 0
516 1 0
516 2 37
515 2 87
505 15 614
509 4 240
508 13 453
511 7 252
509 6 323
505 7 742
520 1 0
516 5 227
516 6 231
515 3 288
521 1 0
514 1 353
514 14 354
512 3 379
519 2 181
523 1 0
517 7 305
515 3 399
512 7 463
522 2 66
524 1 0
520 3 198
513 7 493
520 5 294
520 6 298
520 7 298
505 15 1077
521 4 272
527 1 0
521 5 301
521 7 312
526 2 104
520 8 350
519 4 471
524 3 235
519 1 597
522 4 404
530 1 0
524 7 381
493 5 1800
512 5 891
512 6 894
512 7 894
529 2 75
522 7 478
522 8 491
512 8 905
522 8 519
522 8 524
526 4 436
528 6 351
526 5 502
530 3 196
512 13 1049
512 14 1052
534 6 15
530 4 239
528 13 405
528 15 410
530 6 297
505 25 1626
530 8 313
505 30 1629
530 13 329
530 15 331
533 5 212
533 8 329
535 1 0
539 1 0
540 3 130
539 3 195
540 4 169
529 5 1010
529 6 1013
539 4 248
539 5 309
539 6 314
540 8 304
529 1 1130
529 30 1131
539 13 328
542 2 166
540 13 333
540 14 339
540 15 339
529 7 1165
539 7 353
529 3 1197
529 4 1200
539 6 398
541 8 382
529 19 1223
529 14 1224
539 5 415
539 6 420
541 29 391
541 30 396
541 14 396
541 15 396
539 8 441
529 19 1285
535 13 754
539 19 496
529 7 1295
529 19 1302
529 136 1303
539 14 499
539 6 502
539 7 502
529 6 1329
529 7 1329
529 19 1340
529 6 1350
529 19 1362
529 7 1379
551 1 0
547 4 237
552 1 0
529 14 1391
547 5 263
550 4 154
547 8 287
547 8 296
553 1 0
547 15 314
549 5 189
541 6 644
550 1 216
543 4 506
544 4 479
539 7 762
554 2 125
554 2 127
544 5 538
554 2 157
543 29 642
543 4 646
553 5 173
553 6 179
544 8 552
554 2 187
553 15 207
555 5 231
555 6 245
555 7 245
552 3 327
556 2 34
555 8 276
544 15 647
552 4 366
554 3 294
552 6 432
554 6 369
552 8 478
557 1 0
551 3 512
552 13 505
552 15 505
557 6 13
557 15 35
547 30 834
547 14 834
547 15 834
561 1 0
559 2 47
548 5 894
551 8 729
567 1 0
562 2 112
567 2 43
547 14 1019
547 15 1019
565 2 192
566 3 210
558 8 413
558 8 413
558 8 413
567 4 241
572 1 0
563 14 331
566 3 259
574 1 0
559 8 434
530 6 2425
530 7 2426
567 5 339
567 14 356
574 2 53
530 3 2467
567 15 369
567 25 371
567 6 371
567 7 383
559 34 499
571 6 225
569 30 309
569 15 310
575 1 0
567 26 390
567 27 390
567 15 394
571 4 249
578 1 0
580 1 0
560 3 611
530 25 2580
580 6 42
582 1 0
568 8 513
583 1 0
560 4 655
562 4 672
568 8 562
568 8 574
581 2 86
568 8 587
585 5 10
583 2 126
560 5 773
586 1 0
560 6 789
576 4 284
574 34 421
574 14 435
569 25 643
569 6 643
569 7 643
569 8 654
577 4 318
587 1 0
577 7 350
582 7 330
581 4 367
584 4 318
581 3 399
588 1 0
586 5 260
577 6 506
577 8 552
584 6 419
584 21 422
591 2 41
593 1 0
591 3 103
591 7 180
591 8 186
591 1 205
591 14 205
595 4 115
589 4 331
597 1 0
589 5 383
589 6 398
599 1 0
589 8 444
601 1 0
602 1 0
601 2 40
604 1 0
596 4 247
408 1 9867
596 2 315
596 3 333
605 1 0
601 5 225
601 6 229
600 6 277
600 8 286
601 14 266
601 15 266
597 7 368
597 19 417
597 3 468
597 4 476
597 5 479
607 1 0
575 3 1446
599 7 512
575 4 1501
604 5 437
604 8 458
610 1 0
606 3 147
575 5 1565
602 5 526
575 6 1581
575 7 1581
602 6 542
613 1 0
611 2 46
606 4 207
604 27 585
575 29 1645
613 2 56
606 8 272
575 8 1676
606 29 303
603 4 675
604 6 710
604 8 717
611 29 287
603 5 770
611 8 290
611 29 290
611 8 291
605 5 664
603 14 814
611 8 335
612 6 283
604 7 856
616 2 80
612 8 313
617 2 34
613 13 331
613 30 331
612 29 379
619 2 58
617 3 115
612 8 430
619 3 164
618 2 179
617 13 226
617 30 226
617 15 227
616 6 350
616 7 350
615 13 388
625 1 0
624 2 51
626 1 0
616 30 479
624 4 217
628 1 0
624 7 271
620 8 385
620 4 393
620 7 414
630 2 7
605 7 1375
611 26 1116
633 1 0
634 1 0
633 2 51
611 7 1166
611 8 1186
611 8 1189
611 29 1203
611 29 1203
611 8 1204
633 3 135
631 19 305
631 25 317
631 8 327
633 7 210
635 1 0
633 8 245
633 25 404
628 7 743
631 8 664
638 1 0
637 6 23
640 1 0
640 5 7
639 2 49
638 2 170
642 1 0
622 3 1351
643 2 61
644 2 71
628 1 1167
639 25 273
639 5 274
628 6 1176
628 6 1177
628 7 1177
643 3 155
641 3 294
643 4 195
643 5 214
622 7 1527
639 3 394
650 1 0
639 5 407
643 6 229
643 8 240
643 29 241
644 4 217
639 6 410
644 6 243
644 8 252
644 8 272
642 3 344
638 6 557
641 7 503
652 5 7
654 1 0
638 30 596
638 14 597
644 14 376
638 7 644
638 14 649
641 6 583
641 13 591
641 30 591
649 7 268
653 2 112
649 8 308
654 3 124
652 8 179
649 8 329
649 8 341
649 8 355
649 8 358
644 6 536
642 25 612
642 5 621
649 5 392
642 5 632
659 1 0
653 3 261
641 7 833
653 5 338
651 1 380
651 15 381
659 3 117
657 3 310
659 5 185
643 8 791
659 8 219
651 6 531
658 4 326
657 4 386
651 8 565
658 5 350
658 6 421
664 1 0
663 7 20
663 8 33
657 13 504
653 6 620
666 2 39
658 7 526
658 8 573
642 6 1108
663 26 197
663 6 212
666 3 130
628 6 2240
628 7 2240
668 1 0
642 26 1193
666 6 201
642 14 1252
642 15 1252
628 6 2290
642 6 1255
628 7 2313
666 4 236
670 1 0
643 13 1285
643 30 1285
671 1 0
669 1 29
669 6 55
664 3 343
669 8 78
672 1 0
671 2 71
664 4 395
667 3 249
664 5 440
674 1 0
675 6 18
668 7 277
675 13 33
664 8 486
676 2 46
665 3 506
677 1 0
667 21 379
673 3 113
668 8 354
671 3 241
659 8 924
664 19 572
664 14 576
665 4 626
671 7 349
671 8 363
670 4 388
671 4 384
672 4 399
676 5 269
676 6 285
675 7 328
670 29 475
665 8 763
674 3 353
672 5 482
672 7 487
674 4 418
677 4 390
679 3 184
674 5 494
682 2 81
674 15 545
679 8 291
683 2 72
678 4 329
679 8 299
685 1 0
679 8 350
686 1 0
678 6 376
678 7 376
679 4 385
677 8 602
684 3 157
677 8 642
677 14 664
682 4 370
683 6 387
686 4 235
682 19 482
682 7 509
680 6 753
408 1 14738
408 6 14758
680 8 781
680 8 829
690 1 11
691 8 37
682 25 838
680 14 990
680 7 995
680 25 1016
680 6 1017
692 1 0
692 14 111
692 15 111
683 2 1003
696 2 50
689 5 394
698 1 0
689 4 424
694 3 186
694 7 258
697 4 228
702 1 0
702 7 5
702 1 7
696 4 321
703 1 0
697 6 270
703 2 28
697 19 305
697 15 308
696 5 373
696 6 376
705 1 0
698 3 329
703 5 90
703 7 93
700 3 182
696 1 421
696 14 422
706 1 0
696 25 458
696 6 459
696 7 459
696 8 497
700 5 276
700 6 286
698 4 445
706 2 60
688 5 930
688 7 944
698 6 501
705 3 218
704 5 274
711 1 0
688 8 984
704 6 288
712 1 0
712 5 2
704 14 316
712 6 5
711 2 74
705 5 303
712 7 48
712 13 52
712 15 52
705 8 347
710 3 214
706 4 326
706 6 393
704 6 508
710 6 303
710 5 331
717 1 0
718 1 0
711 6 418
711 7 418
719 1 0
714 2 126
675 1 2657
675 5 2670
720 2 57
675 8 2676
675 7 2677
706 1 723
721 1 0
720 3 197
714 6 352
714 7 352
714 8 369
714 136 379
714 14 380
647 2 4132
713 5 447
719 6 367
725 1 0
720 7 313
714 14 480
724 2 99
720 8 342
713 8 587
729 19 25
729 25 31
729 7 31
729 19 34
729 14 35
723 6 270
633 7 5337
633 13 5342
633 15 5343
723 4 275
725 5 242
722 5 318
725 30 254
725 14 256
722 13 357
722 14 358
722 15 358
731 1 54
731 13 55
731 15 55
728 4 290
727 3 289
727 4 386
728 8 402
727 5 453
727 8 476
727 8 513
733 3 276
737 1 0
733 5 348
739 5 1
739 13 13
739 14 14
733 6 359
731 7 503
731 13 516
733 8 400
740 7 10
731 1 548
731 5 550
733 13 446
733 14 446
625 2 6406
731 13 596
731 14 596
737 3 220
724 7 968
744 1 0
744 5 4
733 1 533
734 3 340
733 13 582
733 30 583
733 15 583
734 4 378
733 6 614
733 7 615
625 2 6557
734 5 404
724 30 1093
724 14 1094
724 15 1094
733 8 626
733 13 638
746 5 3
734 8 478
737 7 425
746 30 24
746 15 25
734 34 510
712 6 1874
712 7 1875
734 25 533
734 6 533
733 7 760
734 8 538
734 14 544
745 2 87
748 1 0
733 30 782
733 15 786
712 25 1941
712 6 1943
712 8 1957
712 26 1975
712 14 1976
751 2 42
752 2 62
752 2 67
752 2 73
711 13 2214
711 14 2215
753 1 0
752 3 158
755 1 0
754 5 5
750 4 242
755 7 10
752 4 212
751 6 248
751 8 267
753 2 141
756 8 21
750 30 376
731 13 1344
750 7 393
750 8 397
737 8 978
625 8 7193
759 1 0
737 14 996
751 4 475
751 6 483
749 5 592
749 21 602
757 30 261
757 14 262
763 1 0
757 7 285
749 3 649
761 6 72
757 25 315
756 19 323
756 34 323
756 14 323
756 7 333
757 25 331
759 7 230
757 7 382
759 6 258
756 26 390
756 14 390
763 3 152
757 25 449
757 30 468
765 2 69
762 4 228
762 5 243
763 5 230
762 7 247
765 3 206
767 1 0
760 3 553
763 8 420
760 7 640
764 6 424
760 1 656
764 21 426
764 30 483
772 2 65
728 1 2378
775 2 39
728 8 2396
728 13 2400
771 3 234
772 3 192
771 6 314
776 2 109
774 4 204
780 1 0
770 15 392
776 2 170
773 3 297
775 6 287
773 4 349
775 8 301
779 2 146
772 5 357
772 6 373
772 7 373
768 7 606
781 5 156
776 3 353
773 6 494
776 4 396
776 5 407
783 2 80
773 8 603
786 2 72
788 1 0
785 4 166
786 1 183
785 6 215
788 2 167
787 3 198
788 2 196
788 2 199
768 14 1073
791 1 0
790 2 31
787 6 258
791 2 35
788 2 290
791 6 91
792 1 0
790 3 137
788 2 332
790 4 170
790 5 191
792 2 57
790 7 198
796 1 0
788 3 489
788 4 527
787 14 578
793 4 211
788 7 585
793 21 231
727 1 3616
798 1 0
794 3 260
794 4 298
794 13 361
797 3 203
800 2 57
801 2 53
797 5 312
797 7 315
802 2 95
797 2 351
797 25 375
803 2 57
790 29 756
790 8 757
790 8 766
768 6 1826
800 5 232
790 15 775
804 2 49
800 8 260
798 5 398
798 6 405
801 8 259
797 3 537
797 4 543
801 8 275
797 5 562
797 8 577
801 8 316
798 8 506
804 4 207
804 6 300
804 7 300
806 1 0
794 7 847
807 1 0
806 2 54
808 1 0
805 6 452
813 1 0
815 1 0
813 2 63
807 2 196
806 5 263
806 7 265
806 8 285
815 2 99
815 2 117
808 2 303
807 4 371
813 4 238
819 1 0
807 7 406
807 8 419
807 13 451
807 14 454
807 15 454
815 4 304
813 6 312
808 4 432
811 4 387
822 1 0
820 2 94
808 6 521
808 7 521
815 8 429
809 4 568
811 5 495
811 7 499
818 3 302
825 2 22
809 5 598
809 7 602
809 6 602
824 2 37
818 4 321
818 7 400
790 8 1825
790 14 1838
825 4 135
827 7 11
825 7 151
825 8 163
826 3 167
827 1 34
827 34 35
827 14 37
809 3 790
821 3 278
826 5 215
826 7 218
826 3 229
821 4 332
820 4 408
809 5 856
794 4 1775
818 5 583
821 6 383
821 7 383
818 7 587
819 3 544
808 8 967
820 21 568
820 15 599
819 14 707
808 25 1091
808 8 1096
808 13 1115
777 5 2993
777 1 3003
777 6 3009
777 8 3012
777 8 3014
777 8 3027
832 1 0
777 8 3085
777 29 3099
823 7 656
833 1 0
829 2 208
835 1 0
835 1 18
829 2 222
836 1 0
835 19 37
837 1 0
835 6 82
777 13 3240
835 14 99
835 19 108
833 3 100
833 4 120
829 3 329
832 3 205
833 4 156
832 6 288
808 25 1495
829 6 434
831 5 366
832 8 343
829 13 474
829 15 478
808 8 1549
808 14 1595
831 34 509
831 14 512
837 4 333
837 7 376
835 1 478
834 5 511
834 7 516
834 21 520
835 19 514
838 3 451
842 2 61
845 1 0
846 1 0
838 3 596
842 3 196
847 1 0
841 5 321
841 6 326
845 4 194
849 6 14
849 7 15
850 2 34
841 8 443
849 30 48
852 1 0
844 3 339
841 8 513
852 2 72
853 1 0
850 15 294
850 8 502
850 14 505
844 8 740
855 2 24
855 2 43
844 14 1262
844 15 1262
844 25 1295
857 4 209
844 8 1314
857 8 345
844 6 1511
858 1 102
859 2 120
844 8 1787
863 2 42
844 8 1801
859 4 394
860 3 215
863 3 105
866 1 0
863 8 166
860 5 325
860 6 330
863 8 196
857 8 835
857 29 836
862 4 258
867 1 0
863 5 264
862 5 311
862 6 315
860 15 400
863 8 273
863 8 281
863 1 291
863 19 291
863 14 292
738 8 7682
865 4 207
844 14 2036
844 25 2043
863 19 306
863 8 316
863 8 321
861 6 419
844 13 2076
844 14 2077
844 7 2090
844 30 2097
844 15 2098
865 6 289
865 21 290
865 30 312
871 1 0
861 8 546
768 8 6359
866 8 333
870 2 94
866 5 348
866 6 355
861 29 579
738 5 7880
865 6 418
867 5 281
866 8 374
866 14 387
866 15 387
861 29 591
865 14 435
865 15 435
867 13 317
867 14 319
861 8 647
862 25 608
862 7 608
861 8 666
862 13 641
862 14 641
866 6 459
866 8 461
866 14 465
866 6 489
866 8 491
866 6 503
866 14 513
866 7 519
866 8 523
866 25 531
866 5 532
866 7 540
866 8 544
866 14 558
866 15 558
866 14 564
875 3 168
877 2 44
875 4 216
879 2 71
877 3 133
880 2 45
877 4 161
876 7 274
877 5 204
877 7 207
876 1 301
876 14 302
876 15 302
869 7 497
873 4 393
881 1 0
882 1 0
882 7 11
869 25 615
879 4 278
883 1 0
873 7 510
881 2 45
885 1 0
879 7 293
869 14 681
883 2 67
879 14 361
879 15 361
886 8 24
844 25 2868
844 6 2868
844 7 2868
886 8 40
844 14 2880
844 15 2880
880 7 361
886 19 67
880 1 406
880 15 409
880 7 416
881 3 257
880 19 458
880 34 458
880 25 462
880 7 462
878 3 588
881 5 319
884 6 268
878 4 633
883 19 290
883 14 291
883 8 306
884 8 277
884 8 301
881 8 363
883 8 336
878 5 680
878 6 684
884 8 352
844 25 3184
844 8 3188
881 8 505
881 13 511
844 8 3251
844 29 3256
844 8 3261
883 8 581
844 8 3335
782 4 7015
890 1 0
844 8 3400
782 5 7064
891 1 0
894 1 0
894 13 47
894 14 48
894 15 48
844 15 3538
888 4 454
896 1 0
889 5 283
844 7 3633
889 8 323
896 2 63
888 8 589
886 25 845
889 19 352
889 14 354
889 15 354
844 13 3687
890 6 396
890 7 396
899 1 0
898 2 80
896 4 233
900 2 84
897 3 214
899 4 179
898 4 220
897 5 286
899 14 237
899 6 244
899 6 252
897 7 291
897 8 307
898 6 281
899 4 261
898 8 300
897 8 321
844 8 4062
844 14 4073
900 8 394
900 8 415
900 8 419
900 19 430
900 14 433
900 8 449
900 6 459
900 7 459
901 6 308
901 7 308
900 8 464
900 8 469
891 34 947
891 14 948
904 2 63
909 1 0
910 1 0
909 5 11
909 6 20
908 14 70
907 5 295
907 7 299
911 1 0
912 2 36
912 3 98
912 6 157
912 14 182
912 34 202
913 2 197
915 1 0
916 2 69
887 6 2754
914 5 404
917 1 0
887 136 2866
918 1 0
915 4 409
913 3 752
916 4 408
917 3 217
913 4 874
920 1 0
917 7 405
917 19 409
923 1 0
920 2 124
924 1 0
921 5 228
924 8 25
924 1 31
919 3 282
920 3 317
921 30 308
921 7 330
927 5 10
927 7 14
928 1 0
922 6 310
922 7 310
919 5 469
922 6 375
926 8 186
920 6 503
926 13 195
926 15 195
919 13 525
925 3 244
923 4 502
925 4 318
925 5 362
920 30 646
920 14 646
930 1 0
922 6 616
922 7 617
922 13 628
922 15 629
925 19 479
925 136 479
925 15 481
930 2 61
929 3 191
887 7 4074
928 5 549
928 6 552
928 19 576
928 14 578
928 15 589
929 8 464
930 136 414
930 14 415
930 6 441
934 1 0
930 19 453
930 136 453
930 7 462
930 136 475
930 14 475
932 2 64
935 1 0
938 5 171
940 3 295
944 1 1
940 5 346
940 7 350
940 6 350
944 2 57
940 5 368
945 7 10
945 2 108
880 34 6226
945 4 212
945 5 236
945 14 259
946 6 198
946 7 198
944 7 608
947 5 3
947 5 6
945 6 371
945 7 371
944 8 749
949 2 33
944 8 821
949 4 142
952 2 75
952 3 204
950 4 299
950 5 388
953 2 136
954 1 0
955 1 0
954 3 137
954 4 168
955 2 86
953 3 390
954 7 214
954 7 246
954 8 263
954 8 286
954 19 301
958 5 4
958 7 12
954 34 324
954 6 327
954 7 327
955 4 242
955 8 333
959 2 72
957 2 186
960 1 3
958 8 347
952 2 1062
952 3 1103
952 6 1183
956 21 671
956 8 684
952 14 1231
959 5 460
959 7 468
956 6 753
956 29 763
956 29 801
956 8 806
956 21 846
959 13 595
960 7 441
956 8 888
961 7 386
952 6 1408
961 8 422
961 8 466
966 1 0
966 2 63
966 3 172
967 2 189
966 8 286
966 14 297
966 15 297
959 7 1028
959 30 1084
970 1 0
959 6 1143
959 13 1165
970 2 77
971 2 95
974 1 0
969 4 258
973 2 57
974 2 35
967 2 590
969 6 322
970 3 273
959 7 1427
969 5 353
974 4 164
974 5 178
974 7 182
974 8 190
970 6 417
974 15 230
974 6 236
967 7 807
977 1 0
972 6 382
978 2 43
974 13 364
974 30 364
974 14 366
972 29 475
978 3 193
979 5 4
979 6 15
980 4 340
980 5 432
980 6 436
980 7 436
982 1 0
981 2 103
983 1 0
986 2 48
981 6 482
981 7 482
981 8 529
985 4 231
989 7 158
990 2 160
986 4 817
986 3 831
986 4 849
986 4 860
986 6 874
986 7 874
992 2 39
994 2 48
995 1 0
992 5 157
986 34 1031
986 14 1049
992 136 215
992 14 218
994 8 228
994 8 240
995 3 169
994 8 257
994 15 280
995 6 277
995 7 277
995 8 369
995 8 394
996 1 0
996 2 74
996 2 84
