0 1 0
0 2 52
0 4 151
0 5 262
0 8 307
0 8 320
9 3 166
9 7 229
9 8 250
10 5 410
10 6 414
16 1 0
16 3 138
16 7 249
12 3 511
17 3 321
17 4 373
12 21 729
22 3 126
22 7 195
20 5 400
20 21 404
22 1 464
24 26 131
24 27 131
24 28 131
24 2 202
24 3 245
24 4 257
24 29 308
24 8 331
24 14 345
32 3 149
33 1 0
33 4 313
33 5 354
33 7 358
33 6 418
33 13 449
33 14 450
33 15 450
35 5 304
35 8 327
35 8 364
36 5 356
37 1 0
38 1 0
38 5 441
38 6 448
38 14 511
40 2 81
40 3 241
38 13 969
38 15 969
40 21 385
40 15 417
40 7 426
40 14 431
40 25 442
40 6 442
40 7 442
40 19 444
40 14 446
40 6 452
41 1 0
41 6 371
43 1 0
41 8 510
42 5 301
42 7 305
42 4 349
45 1 0
45 2 49
45 4 168
45 6 192
45 14 202
46 2 63
46 5 414
47 7 238
46 8 432
46 19 439
46 14 441
48 1 0
48 2 76
49 1 0
50 1 0
50 2 71
50 2 79
50 5 230
50 6 232
52 1 0
53 3 160
53 7 247
53 14 274
53 15 274
53 6 288
53 7 289
53 13 300
53 14 302
53 15 302
53 7 360
53 15 369
55 2 41
55 4 230
55 6 269
55 7 269
56 1 0
56 4 533
56 5 589
56 7 605
57 1 0
59 1 0
60 1 0
59 3 139
58 5 288
58 7 302
59 7 253
59 8 291
59 8 299
59 8 335
62 3 174
62 5 255
62 8 274
64 5 196
64 8 241
63 5 956
65 6 21
65 13 41
65 15 42
66 2 60
66 4 287
66 5 327
66 6 331
66 30 373
67 1 0
71 1 0
71 2 44
70 7 388
72 2 133
72 3 231
73 1 0
73 2 50
72 5 345
72 6 353
72 8 436
73 3 202
74 3 180
70 14 1136
74 4 243
72 4 545
72 3 549
70 25 1280
78 1 0
78 1 16
75 4 347
76 6 446
80 1 0
81 1 0
79 5 395
79 7 408
77 14 806
79 8 560
79 8 630
79 8 657
82 7 602
79 7 760
79 29 774
79 8 815
84 1 0
84 5 13
84 8 37
87 19 13
87 15 18
86 7 212
86 8 250
89 1 0
86 4 381
77 1 3015
89 3 213
89 6 312
89 14 366
91 2 76
94 1 0
94 2 56
91 5 410
91 7 415
93 4 110
93 6 142
91 8 493
91 19 565
91 14 565
94 6 246
96 1 0
96 2 41
97 2 63
88 5 1162
88 6 1169
88 7 1169
96 6 192
96 7 192
96 13 227
96 14 229
101 2 65
97 8 480
97 8 497
97 8 506
101 3 147
97 8 540
97 8 555
100 4 487
104 1 0
99 6 603
99 8 617
99 1 625
99 34 626
99 14 626
103 2 105
102 3 207
102 5 335
102 7 337
105 2 126
103 4 358
106 3 160
106 6 265
106 13 293
106 30 293
106 14 294
105 6 367
108 2 67
105 19 414
105 7 440
109 1 0
106 7 448
106 6 448
110 1 0
106 15 458
100 5 1116
100 6 1133
100 7 1133
100 14 1203
100 15 1203
100 25 1215
100 14 1225
100 14 1235
100 15 1235
110 15 173
100 1 1335
112 3 194
113 5 6
113 7 10
100 14 1402
100 15 1402
114 2 48
115 2 72
111 3 482
114 5 204
114 6 208
114 30 228
111 4 631
115 3 301
112 5 749
111 5 769
112 6 758
111 8 802
112 13 822
115 5 463
115 7 474
115 14 555
118 2 31
120 1 0
117 2 112
121 1 0
118 3 124
120 2 88
112 5 1125
112 7 1132
112 8 1134
112 1 1141
112 14 1141
118 1 260
118 13 260
118 15 260
117 6 337
117 14 360
120 4 310
118 7 372
118 30 375
117 7 444
120 5 363
120 6 376
122 2 75
120 8 418
125 5 6
120 14 489
125 6 9
125 14 15
128 1 0
122 4 289
128 2 37
122 5 333
130 1 0
124 5 454
124 6 460
124 21 461
124 8 471
126 4 300
124 34 478
124 25 483
124 8 490
124 19 492
124 14 493
124 7 496
124 34 502
124 6 507
131 1 0
123 13 553
123 14 557
124 8 529
124 34 531
124 25 539
124 7 539
124 6 559
124 7 559
124 19 566
132 8 5
132 7 5
131 2 64
134 1 0
127 3 446
133 2 50
135 6 11
135 14 77
135 15 77
134 2 108
127 7 551
131 4 259
133 7 231
135 1 254
135 5 260
135 19 274
131 30 422
131 15 425
140 1 0
143 1 0
141 2 131
115 6 2087
141 7 362
141 8 380
141 8 441
122 7 1583
139 7 633
145 1 0
139 8 652
139 29 674
149 1 0
139 1 702
139 15 711
151 1 0
146 6 224
145 4 242
145 6 275
146 14 284
150 3 176
146 25 306
146 6 318
146 7 324
153 1 0
150 4 228
150 5 255
152 2 64
122 8 2035
150 8 280
155 5 10
127 5 1804
146 8 402
122 30 2040
146 7 417
146 8 422
156 2 55
160 1 0
158 2 75
156 5 220
160 2 99
158 3 147
144 3 1111
152 7 427
160 3 193
151 3 609
158 15 259
158 25 273
158 7 274
144 6 1211
158 19 297
158 6 302
158 13 322
158 15 323
168 1 0
168 5 14
152 27 646
152 14 647
168 26 33
168 14 34
165 2 229
144 8 1489
151 14 894
172 1 0
173 1 0
170 3 107
169 3 213
166 3 380
174 1 0
170 5 166
169 5 257
169 8 268
169 7 311
174 2 53
167 14 373
175 1 0
176 3 3
177 1 0
170 136 303
170 7 308
169 2 394
166 13 539
177 2 47
165 5 611
170 136 326
170 25 396
175 4 161
176 4 182
170 15 436
180 1 0
176 6 224
175 7 222
183 1 0
165 5 898
169 6 682
169 7 682
169 8 700
177 13 368
177 30 368
177 14 369
173 4 533
179 3 192
165 6 955
169 2 736
181 3 191
166 7 917
151 1 1593
151 5 1605
151 6 1608
165 8 963
181 4 235
178 3 395
182 5 248
182 8 305
185 6 18
185 7 18
185 1 22
185 14 23
181 6 320
185 6 30
185 7 30
185 8 31
178 4 497
173 4 718
185 8 59
185 8 75
185 8 85
183 2 350
185 19 89
185 6 96
185 8 99
185 6 146
185 7 146
183 2 399
179 5 472
185 8 150
185 8 162
179 6 514
185 14 184
178 7 648
187 1 0
188 1 0
189 1 0
178 29 860
189 2 82
184 3 699
193 1 0
184 5 768
184 6 784
184 7 784
184 13 790
189 4 328
192 8 153
192 29 161
192 13 167
192 30 167
196 2 65
189 5 364
198 1 0
197 2 98
189 6 380
189 7 380
199 1 0
189 21 383
189 8 387
194 5 212
189 14 440
199 2 63
198 2 80
195 2 229
193 7 288
193 21 293
190 5 428
190 6 444
193 8 310
200 3 121
204 7 19
204 15 33
204 14 33
196 7 359
200 29 217
202 3 149
200 15 258
164 5 2141
202 6 237
197 5 466
206 1 0
195 4 531
202 8 296
208 1 0
200 7 470
205 2 247
208 6 22
200 30 474
195 15 646
203 2 321
201 6 510
201 136 572
201 6 608
201 7 608
211 1 0
212 1 0
192 25 1089
205 5 607
198 5 962
211 5 172
198 7 972
213 1 0
213 5 7
198 13 1005
198 30 1005
213 7 23
216 1 0
213 8 83
209 5 439
210 5 429
209 6 448
209 7 448
214 2 105
210 8 475
178 21 2347
209 8 518
178 8 2361
216 3 142
210 13 526
210 15 533
178 14 2409
210 6 553
216 5 209
217 4 145
209 25 604
209 7 604
212 4 431
209 14 613
209 15 613
203 8 1087
217 6 179
217 7 179
217 8 188
209 25 652
209 7 652
209 30 659
209 15 659
209 7 672
212 6 488
215 5 350
219 3 124
217 25 267
217 8 269
217 8 273
209 25 756
219 4 153
221 2 96
222 5 5
219 6 184
219 8 202
222 1 35
222 5 39
222 7 43
219 1 206
219 15 207
222 8 69
222 8 87
214 4 527
224 1 0
217 30 460
221 3 250
214 7 575
225 1 0
217 6 549
217 8 552
217 15 554
222 5 234
222 7 240
222 8 270
222 19 295
221 5 413
228 1 1
221 6 417
221 13 443
214 30 842
214 13 842
230 1 0
232 1 0
230 2 83
232 5 20
232 8 30
232 6 31
234 1 0
231 2 88
229 3 153
229 4 186
225 8 497
225 8 524
229 8 279
231 4 373
237 2 34
240 1 0
231 6 427
231 7 427
238 2 104
240 2 42
229 1 523
231 15 480
241 1 0
214 27 1516
237 8 231
237 4 254
240 4 210
238 4 261
240 6 242
241 3 171
238 6 297
241 4 207
230 14 735
230 7 743
240 13 289
240 15 290
243 1 0
230 14 777
245 1 0
230 6 815
243 2 63
230 3 818
241 1 325
241 6 337
241 15 344
241 7 384
241 14 400
241 7 404
236 1 667
247 1 0
248 1 0
246 3 200
243 5 360
243 6 365
250 1 0
250 5 3
247 6 156
252 1 0
246 6 317
246 7 317
244 8 529
244 8 547
253 1 0
244 29 638
242 4 816
244 8 688
256 1 0
252 4 272
257 1 0
258 1 0
259 1 0
260 1 0
261 1 0
253 3 370
262 2 46
263 1 0
242 6 1171
242 8 1189
254 4 372
253 4 477
255 3 327
266 2 61
262 3 188
260 3 238
264 2 114
254 6 437
262 4 214
253 7 580
268 6 10
268 1 18
268 13 18
259 4 386
265 5 197
265 7 202
255 5 443
263 6 210
265 14 217
256 21 476
263 8 232
255 8 517
263 13 273
263 14 273
260 7 390
271 2 70
272 2 84
262 7 363
264 7 302
251 5 862
251 7 878
251 6 878
264 30 313
254 13 655
254 14 656
254 15 656
269 3 162
256 8 613
251 14 901
251 25 910
251 7 911
260 8 471
259 13 547
259 15 549
266 4 353
256 8 641
251 14 942
260 14 499
260 14 517
254 6 711
254 7 711
255 29 693
255 8 696
256 6 688
265 6 445
265 7 446
265 8 466
255 30 706
264 6 475
264 7 475
275 4 255
278 2 84
256 282 755
256 6 758
277 3 178
285 1 0
283 2 35
255 6 801
255 26 808
255 27 808
255 15 812
277 4 215
285 2 39
272 6 373
272 7 374
277 5 237
256 8 850
264 5 591
264 6 603
275 21 381
272 8 401
277 8 267
277 8 272
264 13 615
264 30 615
280 3 178
281 3 148
269 8 472
277 15 288
269 15 494
288 1 0
289 1 0
291 1 0
281 4 216
287 3 162
255 7 1034
281 8 298
283 7 250
281 34 306
281 19 318
259 15 1004
281 14 345
290 2 151
285 6 331
293 2 107
287 4 291
278 5 512
293 2 127
295 1 0
255 7 1195
287 15 382
296 1 0
255 29 1250
295 2 65
294 5 192
294 6 208
278 8 637
278 4 649
278 3 655
290 5 359
290 6 363
290 7 363
294 8 258
296 2 80
298 1 0
297 1 21
297 7 28
290 13 385
290 15 386
294 34 306
257 7 1341
297 8 58
255 7 1371
297 14 89
299 2 65
257 30 1410
290 25 498
290 7 498
290 13 504
290 30 504
290 15 505
298 3 164
303 5 36
304 1 0
304 2 19
304 2 19
298 6 222
298 7 222
298 15 264
298 7 266
306 7 9
296 4 355
303 1 102
303 6 129
298 13 281
298 14 281
298 15 281
303 5 180
303 7 187
296 5 434
296 7 438
296 7 458
303 8 194
298 7 364
298 8 375
308 1 0
298 29 406
299 5 412
309 1 0
306 15 151
299 7 416
307 2 187
305 19 242
301 4 353
303 2 352
308 3 139
296 14 629
309 2 148
296 6 661
301 8 436
296 26 677
308 3 241
303 13 507
303 14 511
308 2 312
307 3 415
309 5 324
309 7 326
307 4 485
309 19 354
301 13 745
301 15 748
307 6 589
255 8 2209
307 8 695
313 1 0
313 2 27
255 2 2375
301 7 949
301 3 950
315 1 0
313 3 106
307 29 807
313 4 133
307 15 839
313 7 163
313 8 181
313 15 202
314 3 182
313 7 282
255 15 2626
319 1 0
314 6 261
313 14 295
313 8 350
316 3 291
315 6 345
316 4 339
315 5 368
315 4 372
319 3 174
296 7 1544
316 5 422
316 6 429
319 6 275
322 1 0
319 14 309
323 2 54
319 6 376
325 2 108
319 14 386
321 2 199
319 25 388
319 6 388
319 7 388
321 2 218
321 2 220
327 1 0
323 4 163
328 1 0
322 5 242
323 5 235
323 7 243
327 2 95
328 2 50
329 1 0
330 1 0
325 4 318
332 1 0
328 4 266
333 1 0
328 8 308
325 5 534
325 7 546
328 8 371
329 4 306
328 8 412
325 7 632
329 5 368
329 7 376
333 5 202
329 1 404
329 25 424
328 15 565
327 5 681
336 5 344
336 13 377
337 14 287
337 15 287
339 2 47
336 13 494
336 14 496
340 1 0
339 3 171
339 5 328
339 30 377
339 14 378
340 3 260
340 4 351
340 14 399
340 15 399
347 5 13
347 8 18
339 15 559
345 2 99
342 8 262
342 29 265
342 30 288
348 2 44
346 6 253
348 6 208
344 3 310
345 3 366
351 6 9
351 29 25
353 1 0
352 2 35
344 6 546
345 21 532
355 2 59
345 8 579
358 1 0
341 5 912
352 4 147
359 1 0
353 3 167
352 19 199
353 4 212
355 3 176
354 5 219
352 4 279
354 25 255
354 6 258
354 7 258
353 8 288
354 14 261
355 8 287
360 5 196
359 3 202
360 6 200
360 4 254
360 3 256
359 4 292
363 2 37
363 6 58
345 8 963
363 4 93
363 21 107
361 1 341
361 19 341
359 13 407
359 14 409
345 6 1061
345 21 1062
367 1 0
364 3 193
364 4 224
364 5 235
367 2 54
364 1 273
366 3 171
370 1 0
345 14 1381
368 3 177
345 6 1401
345 7 1401
345 8 1408
366 6 254
371 1 0
371 5 2
369 5 207
369 6 211
365 5 395
365 7 399
367 4 324
367 5 360
368 8 359
368 8 364
368 8 382
372 2 91
365 25 568
365 7 568
365 8 570
365 34 586
363 1 824
363 5 829
363 6 832
363 1 836
367 13 495
367 14 497
367 15 497
363 21 849
363 6 871
363 7 916
368 34 663
373 3 267
372 5 436
373 6 340
372 8 462
373 8 361
372 8 474
380 1 0
372 29 498
373 7 411
380 2 43
381 1 0
374 13 457
381 2 48
381 6 199
377 7 352
380 4 284
382 4 173
380 5 335
380 6 339
380 7 339
380 25 379
380 7 380
377 25 491
377 6 495
378 3 473
377 8 508
384 3 179
378 4 527
377 6 554
377 7 554
377 8 567
387 2 38
378 7 609
387 6 150
387 7 151
365 8 1606
378 15 774
378 25 788
378 27 804
378 15 807
378 6 813
388 1 0
385 8 495
378 25 881
378 5 882
385 14 518
391 1 0
392 2 50
389 3 196
388 3 261
388 4 306
388 7 347
394 2 31
394 2 36
392 4 217
389 6 335
389 7 335
392 6 250
392 7 250
389 8 385
389 8 389
395 3 124
388 8 451
397 1 0
395 4 159
393 30 257
393 15 257
398 2 39
397 2 79
400 1 0
399 6 19
399 7 19
401 3 143
408 1 0
397 5 304
397 7 307
396 6 439
401 6 212
409 1 0
409 6 12
409 13 19
409 14 19
410 1 0
398 3 352
400 3 303
387 8 1188
411 1 0
398 4 393
387 15 1205
404 3 239
400 4 375
412 1 0
396 14 638
405 6 272
411 2 104
400 6 446
412 2 58
404 4 360
414 1 4
415 1 0
400 15 520
405 8 379
406 3 383
398 7 630
400 6 559
400 8 571
412 3 173
404 14 467
404 15 467
403 8 477
416 1 0
416 2 33
414 3 164
403 8 518
398 8 709
406 5 496
406 6 500
406 7 501
412 3 281
398 25 745
398 6 745
298 6 7377
412 3 304
406 4 540
417 1 0
398 8 786
415 6 235
412 7 311
412 8 314
414 7 238
411 6 400
411 7 400
403 4 633
405 8 613
403 6 652
405 29 649
412 7 377
416 5 195
412 19 384
412 7 395
416 8 233
413 5 381
413 7 385
398 8 928
413 1 432
413 19 432
417 4 179
398 8 957
413 7 442
417 5 210
398 14 1029
421 1 0
398 6 1042
398 8 1058
418 8 317
418 13 320
418 14 321
418 15 321
398 8 1095
398 14 1118
398 25 1125
422 5 7
422 6 13
419 3 257
421 4 174
419 4 279
419 5 289
425 1 0
414 8 757
421 1 261
421 14 262
421 15 262
414 8 779
414 29 804
430 5 5
430 6 12
428 29 41
428 8 44
423 3 307
427 3 191
423 7 378
421 25 521
427 4 253
421 25 563
421 6 563
421 14 567
421 15 567
421 25 583
421 6 583
421 7 583
434 1 0
424 8 526
427 6 424
427 21 425
433 2 183
427 34 488
427 25 502
421 25 827
421 7 827
421 15 834
434 4 201
434 5 222
432 5 359
434 6 234
434 7 234
432 7 375
421 25 910
421 13 918
421 30 918
421 15 919
433 3 370
436 1 0
437 1 0
437 1 0
421 30 1038
421 14 1039
421 15 1039
440 1 0
433 1 614
433 13 615
433 14 615
421 30 1185
437 5 284
437 7 290
438 4 347
437 5 390
437 6 397
428 1 1089
438 8 437
441 3 253
438 6 479
428 4 1179
440 5 354
440 29 371
440 8 374
448 1 0
446 2 33
438 14 530
451 1 0
428 4 1228
436 3 603
441 5 369
450 2 47
441 19 401
441 19 418
446 4 134
443 6 252
446 7 187
447 4 180
443 8 267
447 5 223
443 8 305
444 1 279
441 19 510
447 6 240
454 1 0
447 13 282
438 6 800
451 7 326
438 34 879
438 7 888
445 4 449
438 8 916
450 8 394
438 14 926
440 29 799
448 4 413
436 5 973
445 7 519
450 8 446
460 1 0
461 1 0
448 7 549
462 1 0
448 13 587
459 2 61
461 2 42
460 3 111
450 8 627
450 15 638
436 8 1350
462 4 219
459 4 295
465 1 0
462 6 256
436 14 1450
436 7 1459
463 3 195
462 13 376
468 1 0
436 8 1521
465 2 137
436 14 1564
463 5 267
463 6 273
436 6 1587
436 8 1653
469 3 125
469 4 146
461 4 690
472 2 63
469 13 202
469 14 203
469 7 219
469 8 221
466 4 461
444 2 1472
472 6 220
473 6 41
473 7 41
471 8 259
474 1 0
471 13 304
471 30 304
471 14 306
466 5 521
444 3 1573
475 2 54
469 7 436
469 6 436
473 8 142
469 1 453
466 5 599
444 4 1618
444 30 1673
475 3 189
473 29 308
474 6 261
474 7 261
474 282 262
475 5 260
469 5 637
475 6 276
476 5 213
476 6 222
470 3 633
475 8 306
482 1 0
483 1 0
483 5 2
469 8 745
469 26 769
487 1 0
444 6 1967
481 2 136
444 15 1998
484 2 139
479 4 196
477 4 354
477 5 383
477 6 388
469 6 904
469 8 909
469 13 911
479 8 262
477 8 408
469 27 945
479 8 280
477 8 428
477 8 436
477 8 440
474 8 608
469 25 954
469 7 954
469 14 963
469 26 967
469 14 967
479 19 318
469 13 986
469 15 987
470 6 985
470 7 985
444 7 2160
476 8 568
444 8 2170
470 19 1038
485 2 326
491 1 0
444 29 2257
444 8 2259
444 14 2285
481 3 479
485 3 414
485 6 482
444 7 2389
481 4 558
488 7 420
497 3 121
500 1 1
481 7 638
488 19 500
488 136 500
488 15 503
488 25 510
497 7 206
502 2 28
488 136 531
490 7 401
490 21 403
481 25 706
481 8 725
497 8 267
470 6 1390
470 7 1390
497 8 350
487 7 728
502 5 160
485 8 798
490 8 552
505 1 0
490 8 565
502 8 236
490 1 592
490 4 601
497 14 496
490 7 628
492 25 539
492 13 543
502 14 307
497 14 501
497 6 506
497 7 506
507 1 0
497 25 559
497 8 567
497 8 594
502 15 441
492 7 711
497 6 654
497 7 654
492 7 746
505 4 333
506 3 322
508 3 225
505 2 397
509 1 0
511 1 0
512 1 0
513 1 0
508 6 307
506 13 469
512 2 48
505 7 514
508 8 371
511 3 174
515 2 87
510 3 207
514 3 119
514 3 132
508 14 453
508 15 453
511 7 252
510 4 270
514 6 196
509 7 324
505 6 742
516 4 201
520 1 0
513 3 293
516 6 231
520 2 58
523 1 0
512 4 427
512 6 463
525 1 0
523 2 147
513 1 530
520 6 298
505 15 1077
521 6 312
520 8 398
520 8 433
519 6 562
512 4 786
519 26 597
519 15 599
522 5 462
512 7 894
523 5 473
522 8 491
530 2 61
512 8 905
522 8 505
522 8 519
532 1 0
528 4 308
526 6 509
512 15 1052
534 15 19
528 14 410
528 15 410
505 15 1633
530 15 331
533 4 199
533 6 229
535 1 0
529 4 708
539 1 0
540 2 46
541 3 89
541 4 111
541 6 141
540 4 169
529 6 1013
540 5 198
539 4 248
539 5 309
540 8 304
529 1 1130
529 13 1131
539 15 329
542 2 180
540 1 333
540 13 333
540 14 339
540 15 339
529 7 1165
539 19 366
544 2 115
529 2 1187
539 8 405
541 8 382
539 4 409
539 6 420
539 6 431
539 7 432
541 13 396
541 30 396
541 15 396
539 8 441
550 1 0
529 136 1285
535 14 758
539 34 496
529 19 1302
529 14 1303
539 14 499
539 7 502
550 2 40
529 6 1329
529 14 1341
543 3 355
529 19 1362
529 7 1379
551 1 0
547 4 237
549 3 116
529 14 1391
550 4 154
408 1 7690
547 8 287
541 1 623
554 1 0
550 5 187
547 14 314
547 15 314
550 7 203
555 2 67
543 5 560
541 15 697
539 5 748
539 6 761
554 2 127
555 3 153
543 4 646
553 6 179
553 7 179
553 1 204
553 14 207
552 3 327
556 2 34
544 13 645
556 2 43
552 4 366
552 5 419
554 5 353
554 7 370
554 8 378
554 29 384
551 3 512
552 13 505
552 14 505
552 15 505
557 14 35
548 3 770
547 25 819
547 13 834
559 1 0
560 1 0
548 4 840
544 7 972
548 5 894
551 8 729
567 2 43
558 3 233
547 14 1019
568 2 72
570 1 0
567 3 130
563 3 209
570 2 71
571 1 0
571 2 43
558 8 387
563 21 301
558 8 413
558 8 413
563 14 316
566 4 251
572 1 0
559 6 392
559 7 392
563 14 331
570 3 186
562 4 414
559 8 434
565 4 377
567 14 356
569 3 290
569 5 295
568 3 358
565 6 418
567 7 363
567 15 369
567 7 371
559 34 499
559 14 501
559 7 508
569 7 300
569 15 310
567 26 390
567 15 394
571 4 249
530 2 2515
565 13 479
565 14 483
565 15 484
577 2 68
580 6 42
580 7 43
530 25 2609
568 8 505
568 8 513
580 136 58
568 8 525
583 1 0
581 2 86
568 8 583
584 1 0
572 5 316
572 7 318
582 2 86
568 8 618
574 5 359
574 6 364
585 5 10
583 2 126
560 5 773
586 1 0
560 6 789
586 2 36
569 25 643
574 25 442
574 6 442
582 3 248
577 6 350
576 14 374
577 8 367
582 7 330
577 14 432
586 4 203
577 25 438
577 6 438
584 4 318
577 25 497
581 3 399
588 1 0
583 7 398
589 1 0
577 8 534
584 6 419
591 1 0
590 2 104
590 2 108
595 1 0
591 8 186
591 13 205
595 3 84
595 4 115
595 7 176
601 1 0
589 8 474
600 2 64
601 2 40
604 1 0
596 4 247
597 4 306
605 2 62
600 5 273
601 8 247
601 13 264
597 6 368
599 4 293
597 34 417
597 14 418
602 3 279
597 14 431
604 3 290
597 7 468
597 4 476
597 7 495
602 5 381
603 2 397
608 1 0
604 6 448
604 7 448
602 3 497
606 3 147
602 6 542
613 1 0
611 2 46
606 4 207
604 26 585
575 8 1676
611 4 185
606 29 303
603 4 675
604 8 717
604 26 733
611 8 234
615 1 0
612 4 213
603 5 770
611 8 291
611 8 306
615 2 56
611 29 307
611 8 309
605 7 678
575 8 1880
603 1 813
603 13 813
603 30 814
611 8 335
613 5 285
604 6 856
612 8 313
605 13 747
612 8 363
619 2 66
617 3 115
622 1 0
617 6 215
615 7 310
623 1 0
619 5 225
617 13 226
616 5 334
619 7 240
622 2 80
616 7 350
615 13 388
615 14 396
618 3 407
616 30 479
618 4 445
624 3 165
624 4 217
618 5 506
600 15 1416
624 6 270
618 8 548
624 14 293
620 5 397
620 6 414
631 1 0
605 6 1375
605 7 1375
605 15 1396
611 26 1116
634 1 0
631 7 235
611 7 1166
611 8 1191
611 8 1192
633 3 135
633 7 210
628 5 551
634 3 254
628 30 596
628 15 601
631 8 483
634 7 305
631 19 545
631 14 545
633 7 405
633 8 411
633 8 422
628 6 743
633 13 446
633 14 447
633 15 447
631 8 620
631 8 624
636 1 0
637 6 23
637 7 24
640 1 0
640 1 57
640 14 58
640 15 58
641 2 80
643 1 0
639 5 245
637 645 300
622 4 1438
628 5 1174
628 6 1176
646 1 0
637 8 364
641 3 294
647 1 0
622 5 1520
649 1 0
641 4 328
644 3 179
650 1 0
647 2 51
643 6 229
641 8 410
641 8 413
644 8 252
641 13 428
644 8 272
638 5 551
638 7 557
653 1 0
652 8 19
649 3 200
641 13 526
651 2 71
638 14 597
644 15 376
638 6 643
642 5 464
649 4 241
654 2 49
641 7 583
642 2 499
649 5 264
649 6 268
649 7 268
649 8 315
649 8 329
649 8 341
642 25 574
649 8 372
654 5 193
651 3 247
642 25 612
642 6 615
649 5 392
649 7 407
651 4 294
654 8 242
653 3 261
652 8 278
651 5 339
651 6 354
651 1 380
651 15 381
642 6 748
659 3 117
643 8 791
661 2 75
648 2 674
642 14 875
643 8 856
658 5 350
651 8 598
658 6 365
658 21 382
658 5 405
653 1 607
664 1 0
657 13 504
657 15 505
643 8 1026
658 3 490
666 2 39
658 21 527
661 4 318
661 7 335
643 8 1061
643 8 1073
664 2 92
658 8 543
642 7 1108
658 8 583
663 8 220
667 1 0
628 6 2240
668 1 0
642 14 1194
642 7 1197
665 2 196
628 27 2271
628 7 2290
666 3 237
669 1 17
643 30 1285
669 6 55
664 3 343
669 8 78
668 3 185
673 1 0
672 2 92
664 7 452
675 5 12
675 6 18
675 7 19
668 5 260
675 13 33
675 30 33
675 14 33
667 7 375
674 2 95
673 4 137
659 8 924
664 19 572
664 34 573
664 14 576
671 4 303
670 3 356
671 6 349
678 1 0
676 5 269
665 6 740
670 6 455
670 8 464
670 29 475
680 1 0
665 8 762
665 29 762
665 8 763
677 3 303
672 6 487
672 7 487
674 4 418
682 1 0
679 3 184
678 3 216
674 7 509
674 14 545
677 6 479
679 8 291
683 2 72
678 4 329
679 8 303
678 6 376
678 7 376
674 6 652
679 8 383
677 8 602
683 4 330
683 6 387
683 30 409
682 7 449
686 6 306
687 1 0
682 14 536
408 6 14666
686 8 378
680 6 753
408 1 14738
408 5 14750
680 8 781
408 7 14759
680 8 806
682 6 711
682 7 712
690 1 0
690 1 11
682 19 718
682 34 719
682 15 726
689 2 60
691 1 0
691 7 24
688 2 113
687 5 313
687 6 324
682 6 838
682 7 839
682 26 851
682 14 853
687 8 363
682 7 872
680 7 995
680 8 1009
692 7 8
693 1 0
691 1 171
688 3 267
692 8 47
683 1 944
682 6 993
682 7 993
692 15 111
695 2 57
689 7 397
694 3 186
697 2 67
699 1 0
695 4 175
695 6 257
700 1 0
697 3 189
696 3 234
695 29 305
697 4 228
702 13 7
697 7 270
703 2 28
697 14 308
696 5 373
696 7 376
703 5 90
703 7 93
703 8 102
703 8 113
688 4 845
707 1 0
698 4 445
706 2 60
709 1 0
688 6 944
698 6 501
704 4 252
704 6 288
704 14 316
712 8 5
712 13 14
688 8 1054
712 6 48
705 6 319
705 7 320
705 8 336
704 1 423
710 3 214
706 4 326
704 2 450
710 4 256
706 7 393
704 4 498
704 5 503
704 7 508
710 25 326
710 5 326
713 1 0
714 1 0
711 3 321
716 1 0
711 4 384
717 1 0
718 1 0
713 2 91
711 7 418
719 1 0
720 1 0
711 4 514
711 5 518
675 1 2657
711 8 548
706 1 723
706 5 726
675 29 2706
675 13 2725
675 15 2725
714 4 308
720 3 197
647 1 4097
722 1 0
714 136 379
714 25 388
714 7 389
714 8 418
713 7 453
723 2 53
720 7 313
720 8 326
714 25 487
714 6 488
720 8 354
714 8 500
713 8 528
720 8 365
723 3 165
713 8 587
729 1 0
723 4 206
729 6 12
729 14 25
729 19 34
730 1 0
723 6 251
633 6 5336
633 7 5337
633 13 5342
723 4 275
722 4 307
725 7 245
722 5 318
722 6 321
725 13 254
725 15 256
731 1 0
731 7 7
722 1 357
722 13 357
722 15 358
732 1 0
731 1 54
731 30 55
730 4 167
727 3 289
733 2 64
727 5 453
727 8 488
734 1 0
728 13 553
728 14 554
726 3 594
734 2 67
724 3 764
733 4 310
712 1 1460
726 6 658
726 7 658
739 7 4
647 1 4904
739 30 13
733 7 359
731 30 516
731 14 517
740 1 0
740 5 5
731 5 550
731 7 556
724 4 881
738 2 98
733 13 446
733 14 446
625 2 6406
731 30 596
724 5 963
724 6 968
724 7 968
744 6 11
726 8 878
733 6 549
744 14 18
744 15 18
734 3 340
733 1 600
738 3 271
734 6 407
724 30 1093
724 14 1094
733 15 640
734 8 441
625 3 6592
746 6 12
746 15 25
747 1 0
712 7 1875
734 25 533
734 7 533
625 5 6681
625 6 6685
734 34 542
745 2 84
748 1 0
625 8 6719
733 14 786
733 15 786
712 19 1963
712 34 1963
747 2 110
752 1 0
751 2 42
752 2 67
752 2 73
750 3 204
731 1 1176
731 6 1182
755 1 0
750 4 242
754 6 10
755 6 10
752 4 212
753 2 67
751 6 248
751 7 248
753 2 141
750 13 376
750 14 376
731 13 1344
625 8 7193
759 2 45
751 4 475
751 5 480
751 7 483
749 21 602
761 5 6
757 5 246
757 6 249
761 29 48
757 25 285
757 6 285
759 3 165
763 2 48
756 8 337
756 26 340
757 5 380
757 7 382
759 1 247
756 26 390
756 14 390
765 1 0
764 2 53
763 3 152
757 25 449
757 6 451
765 2 69
766 1 0
762 4 228
762 6 247
757 19 550
757 14 551
767 1 0
760 3 553
768 1 0
760 1 656
760 30 657
760 13 657
760 15 658
749 7 1162
771 2 54
764 30 483
772 1 0
773 1 0
774 1 0
775 1 0
772 2 65
773 2 95
728 15 2401
772 3 192
774 3 172
770 4 320
779 1 0
774 5 242
780 1 0
770 13 391
770 30 391
770 14 392
770 15 392
774 6 246
774 7 246
775 4 232
772 4 313
775 8 301
772 5 357
772 7 373
768 5 591
768 7 606
779 4 278
776 7 410
784 1 0
776 14 452
786 1 0
774 8 600
785 2 51
783 3 152
773 8 683
788 1 0
787 2 54
789 1 0
785 3 145
785 4 166
785 5 212
785 7 215
788 2 196
788 2 199
768 8 1068
791 1 0
788 2 207
787 8 281
788 2 290
788 2 332
793 1 0
790 8 220
793 25 121
793 25 188
793 3 189
787 30 576
788 6 584
788 7 585
793 6 226
727 5 3618
798 1 0
793 8 250
794 6 328
794 7 328
794 8 356
800 1 0
802 1 0
792 5 531
803 1 0
800 3 168
797 25 375
797 6 378
790 29 756
790 8 757
768 6 1826
768 8 1839
800 4 216
804 2 49
800 6 238
800 7 238
800 8 260
798 5 398
798 8 409
801 7 250
801 8 259
790 25 880
790 6 880
797 7 565
802 4 424
804 5 296
804 7 300
802 5 454
806 1 0
806 2 54
805 3 378
811 1 0
814 1 0
809 2 119
802 4 693
806 4 221
811 2 89
806 5 263
806 7 265
817 1 0
815 2 99
807 3 283
807 7 406
820 1 0
811 4 387
813 8 345
822 1 0
808 5 514
820 2 94
808 6 521
808 7 521
818 3 228
808 8 528
811 7 499
825 1 0
825 2 22
824 2 49
815 14 514
790 5 1811
818 6 400
818 7 400
825 3 100
790 7 1819
790 19 1833
790 14 1838
822 4 210
809 8 732
825 7 151
820 3 323
827 15 37
827 14 56
827 15 56
819 2 389
809 4 788
828 1 0
818 4 517
826 7 218
826 3 229
821 4 332
825 8 243
818 4 578
819 3 544
819 4 612
823 3 433
820 1 599
820 13 599
823 4 456
819 34 706
819 14 707
808 8 1096
808 13 1115
777 5 3006
777 7 3009
777 8 3014
777 29 3019
777 8 3027
777 29 3082
823 5 653
823 21 660
830 4 117
835 1 18
835 6 29
835 7 29
835 19 37
777 29 3230
777 13 3240
777 14 3241
835 19 98
835 14 99
835 7 104
835 7 114
833 3 100
831 3 275
839 1 0
833 6 166
833 7 166
832 5 285
831 4 333
808 8 1505
832 8 343
829 15 478
808 13 1595
831 34 509
837 4 333
834 3 434
837 7 376
835 8 499
835 6 499
835 7 499
829 6 700
829 8 703
835 14 524
835 6 530
842 1 0
842 2 63
845 1 0
841 3 201
838 3 596
841 4 265
841 5 321
841 7 327
842 4 246
851 1 0
849 7 15
849 15 49
844 4 391
853 1 0
850 14 294
850 15 294
849 7 368
854 2 61
850 15 505
844 8 770
844 8 786
844 8 853
855 1 0
855 2 24
855 2 43
854 4 341
856 1 0
854 7 538
844 15 1262
844 25 1295
844 8 1314
844 14 1360
844 15 1360
858 1 0
841 30 1602
841 14 1602
857 29 379
857 29 387
844 25 1510
844 6 1511
860 1 0
844 8 1593
864 1 0
862 2 86
860 3 215
863 3 105
863 5 146
863 6 149
860 4 280
860 5 325
860 6 330
863 29 194
865 3 157
868 1 0
860 8 364
861 3 329
863 25 264
862 5 311
860 13 399
863 8 273
863 19 291
863 6 300
844 13 2034
844 25 2043
844 7 2043
863 6 315
863 8 321
863 13 324
863 15 327
866 3 185
861 6 419
844 14 2077
844 15 2077
865 5 281
844 15 2098
738 8 7774
867 3 164
865 13 311
870 1 0
866 4 257
862 13 444
862 30 444
867 4 195
871 1 0
768 8 6346
861 29 551
861 8 553
768 8 6355
768 8 6362
738 6 7891
867 6 289
867 7 289
866 8 374
861 8 598
873 1 0
738 8 7909
768 8 6425
768 8 6433
867 15 319
861 8 634
862 6 608
862 7 608
862 13 641
866 8 461
866 25 489
866 7 489
866 8 491
866 26 496
866 14 498
866 14 513
866 5 532
866 7 540
866 15 558
866 7 565
879 1 0
861 8 843
875 4 216
873 3 271
880 1 0
875 5 286
875 6 289
870 4 444
870 5 455
876 6 274
869 4 462
876 13 302
869 8 536
882 5 4
882 7 11
869 25 615
884 1 0
879 6 293
869 19 679
869 14 681
886 1 0
887 1 0
886 6 15
879 19 359
879 15 361
844 15 2880
880 5 358
880 7 361
886 19 67
880 4 399
880 5 401
880 19 406
880 6 416
880 7 416
880 8 442
880 14 458
880 7 462
884 4 221
878 3 588
883 6 280
884 5 259
881 5 319
881 7 324
884 7 268
883 6 298
883 8 306
884 8 277
884 8 292
881 15 391
878 6 684
884 8 337
884 8 348
888 2 81
844 6 3184
844 7 3184
844 8 3188
881 25 483
881 6 483
881 15 512
883 8 581
844 8 3335
782 4 7015
844 8 3400
890 2 49
893 1 0
888 3 386
894 7 13
894 13 47
894 14 48
888 4 454
895 1 0
889 4 227
889 6 285
844 8 3638
844 8 3648
889 8 323
896 2 63
890 4 343
886 25 845
886 6 853
886 7 853
889 14 354
888 8 623
890 5 388
891 5 354
892 4 371
896 3 176
891 21 373
899 2 35
898 2 71
900 2 84
897 3 214
899 4 179
901 1 0
899 5 206
899 19 215
899 7 244
899 14 251
899 7 252
898 5 268
897 8 321
844 30 4071
844 14 4073
902 1 0
891 25 690
900 6 351
900 8 415
898 8 480
900 7 436
900 8 446
900 34 455
891 14 948
904 2 63
906 1 0
907 1 0
907 2 60
904 8 455
908 5 5
908 7 8
908 8 13
904 19 593
907 6 299
907 7 299
912 2 36
912 5 152
912 34 179
912 25 188
912 7 189
912 19 202
912 34 202
912 25 204
912 6 204
907 8 695
887 3 2540
907 4 763
907 7 769
887 4 2673
887 5 2738
887 6 2754
914 5 404
914 6 407
914 7 407
887 8 2808
887 14 2849
887 19 2866
887 14 2880
917 2 92
915 7 451
916 3 336
916 4 408
918 4 299
917 19 391
917 14 391
917 6 405
921 1 0
923 1 0
924 5 3
923 2 165
921 5 228
926 1 0
925 2 56
921 14 309
926 2 41
926 2 52
927 30 1
922 5 304
927 5 10
927 7 14
928 1 0
922 6 310
921 13 403
921 15 407
919 7 479
926 7 163
922 13 385
926 8 186
923 3 404
920 5 500
920 7 503
920 8 571
925 4 318
925 5 362
920 1 645
920 15 646
922 6 616
922 7 617
919 7 726
925 19 479
930 2 61
887 6 4073
887 7 4074
920 6 919
929 6 336
928 6 552
928 7 552
929 5 374
928 14 578
928 15 578
929 7 390
928 14 589
929 8 427
929 8 460
930 6 368
931 1 0
929 19 475
930 19 414
930 136 414
930 6 462
930 136 475
938 3 116
938 6 175
940 3 295
944 1 0
940 5 346
940 6 350
940 5 368
940 6 372
880 1 6196
880 5 6202
880 6 6206
880 15 6228
946 3 113
946 4 154
945 19 257
946 6 198
946 7 198
945 15 274
944 6 607
944 8 631
945 7 371
944 8 749
949 3 109
948 2 182
950 1 0
949 5 169
949 7 179
952 1 0
952 1 15
952 2 75
952 2 82
948 4 422
952 3 204
953 1 0
950 6 393
953 2 132
953 2 137
954 1 0
956 1 0
955 2 86
954 19 238
954 14 238
954 6 246
954 8 249
954 8 263
953 4 467
958 5 4
958 6 12
958 7 12
954 34 324
954 4 328
955 6 286
955 7 287
959 2 72
960 1 2
960 1 4
961 1 0
958 29 381
956 4 587
964 1 0
959 3 345
956 6 670
956 7 670
956 6 716
952 14 1231
952 15 1231
956 14 734
956 15 734
956 7 754
959 13 498
959 30 498
959 14 499
959 15 499
960 4 369
956 6 845
956 21 846
959 7 581
959 30 595
959 14 595
959 15 595
960 29 478
966 4 225
966 15 297
959 13 1084
959 14 1085
970 1 0
959 7 1143
959 14 1166
971 2 95
969 4 258
973 2 57
967 2 590
969 7 322
971 2 195
959 7 1427
969 6 356
974 5 178
973 6 241
970 5 413
974 13 229
974 7 236
972 4 316
967 5 800
972 6 382
978 1 0
976 2 72
967 19 912
978 2 43
974 13 364
974 14 366
972 8 428
967 14 914
972 29 475
972 34 485
976 3 205
977 7 192
979 5 4
978 14 388
978 15 388
980 5 432
982 1 0
986 1 0
985 2 74
981 6 482
981 7 482
981 8 529
985 6 304
985 8 318
989 7 158
990 3 378
986 4 693
986 5 746
986 5 863
994 1 0
986 6 874
986 8 883
992 4 131
995 2 57
992 6 160
986 1 1031
986 14 1049
992 1 215
994 8 240
994 8 253
995 3 169
994 8 257
994 29 275
994 14 280
995 8 314
994 7 473
996 1 0
997 1 0
996 2 84
