0 2 52
0 3 128
0 4 151
0 5 262
0 6 270
0 7 270
9 2 100
9 3 166
9 5 219
9 7 229
10 1 0
10 2 126
12 1 0
10 5 410
10 7 415
10 13 428
16 1 0
10 5 669
10 6 674
10 7 674
16 3 138
18 1 0
17 2 95
16 5 213
16 7 222
16 1 238
16 14 242
16 7 249
12 3 511
12 4 596
17 3 321
20 2 69
12 6 727
12 7 728
17 6 455
17 21 458
17 14 497
17 15 507
17 14 507
22 2 37
22 3 126
22 4 158
22 5 185
20 4 368
22 8 203
20 5 400
20 6 403
20 7 403
20 21 404
23 1 0
24 6 11
24 7 11
24 8 79
22 25 471
22 5 472
22 7 479
24 26 131
24 27 131
24 28 131
24 1 178
24 6 273
24 7 273
24 8 302
24 8 322
24 29 325
24 8 331
24 29 338
24 30 344
24 15 345
31 1 0
32 2 49
33 1 0
32 4 182
33 3 208
33 4 313
33 7 358
33 8 392
33 19 406
33 34 406
33 15 409
33 25 418
33 6 418
33 13 449
33 15 450
36 1 0
35 3 176
35 4 249
35 5 304
35 6 307
36 4 260
36 5 307
36 8 323
35 1 383
35 14 385
36 1 343
36 5 356
36 6 365
36 1 382
33 1 1294
33 5 1297
33 6 1302
38 2 206
38 3 320
38 4 372
38 6 448
38 1 510
38 6 946
38 13 969
38 15 969
40 4 325
40 6 382
40 7 382
40 19 414
40 14 417
40 15 417
40 6 426
40 19 429
40 15 431
40 6 442
40 14 446
40 15 446
40 6 452
40 7 452
41 1 0
41 1 0
41 2 68
41 3 204
41 4 291
42 1 0
41 6 371
42 2 76
41 8 510
42 6 305
42 7 305
42 21 307
42 19 323
42 14 325
42 7 341
42 4 349
42 3 350
44 1 0
44 3 264
44 4 318
44 5 387
44 6 390
44 7 390
45 2 49
45 3 139
45 4 168
45 6 192
45 14 202
47 1 0
47 2 37
46 3 307
47 4 192
46 4 369
47 5 222
46 5 414
46 6 418
46 7 418
47 6 238
46 8 432
46 1 438
46 19 439
46 34 439
46 14 441
46 15 441
48 2 76
48 3 211
48 4 271
48 6 326
48 7 327
49 1 0
50 1 0
50 2 71
50 2 79
50 3 168
50 5 230
50 6 232
52 1 0
53 3 160
53 4 227
53 5 244
53 6 247
53 14 274
53 15 274
53 13 300
53 14 302
53 7 320
53 6 359
53 14 369
53 15 369
55 1 0
55 2 41
55 3 179
55 4 230
55 6 269
55 7 269
56 1 0
56 2 322
56 3 491
56 4 533
56 5 589
56 21 609
56 1 627
58 1 0
58 2 57
59 2 35
58 3 219
60 1 0
59 3 139
61 1 0
59 4 164
58 6 302
58 7 302
58 8 325
62 1 0
59 5 237
59 6 253
59 8 284
59 8 296
59 8 299
59 8 309
59 19 322
59 34 322
59 8 335
62 4 217
63 1 0
62 5 255
63 1 14
62 6 265
62 7 265
62 8 274
63 2 391
64 1 0
64 5 196
64 8 203
64 8 209
64 8 231
64 8 252
64 8 261
64 1 280
64 13 280
64 15 284
63 3 904
63 6 959
65 7 22
65 14 42
65 15 42
66 2 60
66 3 244
66 5 327
66 6 331
66 13 373
66 14 374
71 1 0
71 2 44
70 3 307
70 5 384
70 6 388
70 7 388
71 3 127
71 4 191
71 5 247
71 6 252
72 1 0
73 1 0
72 4 293
72 5 345
74 2 64
72 6 353
72 7 354
72 8 372
75 1 0
72 29 420
70 8 1123
70 19 1136
76 1 0
74 4 243
70 6 1144
70 7 1144
70 8 1165
70 34 1169
72 4 545
74 5 263
74 6 270
70 6 1280
70 7 1281
77 1 0
77 5 8
77 7 11
78 1 0
76 2 220
76 3 359
76 4 398
76 5 439
76 6 446
76 19 485
76 6 500
76 8 502
76 13 504
76 15 505
79 1 0
80 1 0
79 2 78
82 1 0
82 5 2
82 6 12
82 21 15
82 30 24
82 14 26
81 3 123
81 4 151
81 5 182
81 7 190
79 3 260
81 8 210
80 3 270
80 4 304
79 4 342
80 3 318
79 6 408
77 8 799
82 7 298
82 30 301
82 14 301
82 15 301
77 13 805
77 14 806
79 8 532
79 8 560
79 8 586
79 29 635
79 8 637
79 8 653
79 8 700
79 15 747
82 25 602
82 6 602
79 25 759
79 6 760
79 7 760
82 30 607
82 14 609
82 15 609
79 8 767
79 29 774
79 8 790
79 8 815
79 8 824
83 1 0
79 29 857
79 29 860
79 8 879
84 6 20
84 7 20
84 8 37
85 1 0
86 1 0
87 1 0
87 5 5
87 6 8
87 7 9
87 19 13
87 14 14
87 14 18
87 15 18
86 2 59
86 3 174
86 7 212
88 1 0
89 1 0
86 8 330
86 4 381
77 5 3026
77 6 3030
88 2 203
90 1 0
89 4 253
89 5 306
89 13 365
91 2 76
88 2 548
93 2 31
91 4 368
93 3 83
91 6 415
91 7 415
93 4 110
91 8 436
93 6 142
93 7 142
91 8 468
91 8 477
94 3 167
88 4 861
91 8 506
91 29 548
91 29 553
91 29 555
91 6 578
91 7 578
94 6 246
96 1 0
97 1 0
97 2 63
96 3 118
88 5 1162
98 1 0
96 4 158
98 1 50
96 5 189
96 13 227
96 14 229
96 15 229
99 1 0
97 3 278
101 1 0
99 2 119
97 4 386
97 5 424
97 8 480
97 8 497
100 2 112
97 8 540
97 8 544
97 8 555
103 1 0
100 3 412
102 2 96
99 5 592
100 4 487
103 2 69
104 1 0
99 7 604
99 21 604
99 1 625
103 2 105
102 4 242
106 1 0
102 6 337
102 7 337
105 2 126
103 3 315
103 4 358
103 5 412
105 3 237
106 5 255
106 6 265
106 7 265
106 1 292
106 13 293
106 30 293
106 14 294
106 15 294
108 1 0
105 6 367
108 2 67
105 1 414
105 19 414
105 14 428
106 7 448
106 6 448
110 1 0
106 13 457
106 30 457
106 14 458
106 15 458
110 2 27
100 5 1116
100 7 1133
108 4 261
111 1 0
112 1 0
110 3 119
100 19 1200
100 14 1203
112 2 61
110 5 160
110 6 164
110 7 164
100 7 1216
100 19 1224
100 14 1225
100 14 1235
100 15 1235
110 13 172
110 15 173
111 2 122
100 1 1335
100 25 1359
100 5 1362
113 1 0
100 6 1372
100 7 1372
113 7 10
113 8 16
113 8 27
100 19 1400
100 14 1402
100 15 1402
112 4 265
113 8 41
114 2 48
111 3 482
114 3 124
114 5 204
114 13 228
114 15 230
111 4 631
115 3 301
111 5 706
111 6 714
111 7 714
111 8 729
111 4 763
112 5 749
111 5 769
111 7 778
111 8 781
112 7 758
112 8 807
112 13 822
112 14 823
117 1 0
115 5 463
115 7 474
118 1 0
115 15 555
120 1 0
121 1 0
118 3 124
118 4 144
121 2 74
118 7 210
117 4 283
118 21 213
118 8 234
112 1 1123
112 7 1132
112 8 1134
112 29 1139
112 19 1141
118 13 260
118 30 260
118 14 260
112 25 1162
112 6 1162
117 5 329
117 6 337
117 7 337
120 3 258
117 1 359
117 13 359
117 30 360
117 14 360
117 15 360
122 1 0
118 7 372
118 13 374
118 14 375
118 15 375
124 1 0
117 6 443
117 7 444
120 5 363
120 7 377
124 2 56
122 2 75
120 26 389
120 27 390
120 14 391
120 6 414
123 2 122
121 3 362
121 4 405
125 1 0
120 13 488
120 30 488
122 3 211
125 6 9
125 7 9
125 14 15
125 25 25
125 6 25
125 7 25
121 5 475
121 6 484
121 7 484
128 1 0
129 1 0
123 4 318
122 6 344
129 2 58
127 2 108
124 3 335
122 8 387
128 3 138
123 5 399
123 6 407
123 7 407
122 13 406
122 14 409
122 15 409
124 4 413
128 4 188
126 3 272
124 5 454
124 6 460
124 21 461
124 8 471
126 4 300
124 19 478
124 34 478
124 14 479
124 6 483
124 8 490
124 19 492
124 25 496
124 6 496
124 8 500
124 19 502
124 25 507
124 6 507
124 7 507
123 1 552
123 13 553
123 15 557
126 5 339
126 6 341
124 8 529
124 19 531
124 34 531
124 15 534
124 25 539
124 6 539
124 19 555
124 14 556
124 6 559
124 7 559
124 19 566
132 1 0
132 5 2
132 8 5
132 6 5
132 7 5
133 1 0
124 15 570
127 3 446
135 6 11
131 3 179
135 19 72
135 14 77
135 15 77
133 3 153
135 14 93
134 2 108
127 7 551
131 4 259
134 2 177
131 5 288
133 4 194
133 5 227
133 6 231
133 8 238
133 29 240
131 6 295
131 8 313
131 14 359
131 15 359
137 1 0
135 5 260
135 6 263
135 19 274
131 7 418
131 13 422
131 30 422
131 15 425
139 1 0
140 1 0
142 1 0
138 2 63
141 2 131
115 1 2069
115 5 2078
115 6 2087
115 7 2087
115 13 2091
143 3 190
141 3 264
143 4 246
141 7 362
141 8 413
141 8 441
141 19 449
141 34 449
141 14 449
139 3 492
122 6 1583
122 7 1583
139 7 633
145 1 0
139 8 652
146 1 0
139 29 674
148 1 0
146 2 44
139 1 702
139 30 708
139 15 711
146 5 199
146 6 224
146 7 225
145 4 242
145 5 267
145 7 275
146 19 274
146 14 284
152 1 0
145 8 311
145 13 319
145 14 320
145 15 320
146 25 306
153 1 0
146 8 336
151 2 182
146 8 354
154 1 0
150 5 255
152 2 64
151 2 207
122 8 2035
150 8 280
155 5 10
155 6 12
127 4 1801
127 5 1804
156 1 0
146 8 401
122 13 2040
146 34 403
146 19 403
146 6 417
146 7 417
146 8 422
146 8 427
146 8 437
155 8 57
155 1 78
156 2 55
157 1 0
155 5 87
155 6 89
155 7 89
152 3 174
158 1 0
157 2 80
156 3 150
159 1 0
158 2 75
156 4 179
156 5 220
156 7 228
151 2 444
160 2 99
158 3 147
158 7 208
157 3 283
162 1 0
152 5 424
152 7 427
159 4 184
158 19 256
144 4 1164
152 8 465
151 3 609
163 1 0
159 7 214
158 14 259
158 6 273
158 8 277
152 8 467
164 1 0
160 3 232
165 1 0
158 14 300
158 8 308
144 8 1244
157 3 370
159 8 289
158 13 322
158 15 323
166 1 0
159 8 299
157 4 422
152 8 578
157 5 457
151 4 763
167 1 0
157 8 478
168 1 0
168 5 14
152 1 645
152 26 646
152 27 646
168 7 24
157 4 513
168 1 33
168 26 33
168 14 34
169 1 0
151 7 844
151 21 847
165 2 229
144 8 1489
151 26 891
151 14 894
167 2 128
171 1 0
166 2 257
170 2 44
172 1 0
167 3 241
170 3 107
170 4 133
166 3 380
174 1 0
167 5 314
167 6 319
167 7 319
170 5 166
170 6 177
170 7 177
169 5 257
169 7 263
169 8 268
167 8 357
169 25 304
166 4 450
174 2 53
167 13 372
167 14 373
167 15 373
175 1 0
169 8 317
176 1 0
175 2 29
165 4 571
166 6 528
170 25 308
170 6 308
166 13 539
166 14 540
177 2 47
165 5 611
170 136 326
144 29 1885
175 3 142
144 14 1892
144 15 1892
165 8 699
178 2 113
170 19 433
170 136 433
170 14 436
179 1 0
180 1 0
181 1 0
176 6 224
176 7 225
175 5 216
175 6 222
175 7 222
169 3 573
182 2 31
183 1 0
177 4 226
181 2 43
177 6 270
177 7 271
174 4 388
174 3 397
169 5 675
169 7 682
144 25 2115
144 7 2115
177 30 368
177 15 369
184 1 0
165 6 920
165 7 920
182 3 163
165 8 949
165 34 949
165 14 950
165 6 955
165 7 955
181 3 191
166 7 917
166 4 917
151 7 1609
165 8 969
165 4 975
169 25 767
169 5 769
169 6 775
169 7 775
181 4 235
178 3 395
182 5 248
182 6 265
182 7 265
182 8 305
185 7 18
185 19 22
185 14 23
181 6 320
181 7 320
182 29 310
182 8 311
182 29 314
186 1 0
185 6 30
185 7 30
185 8 31
185 19 40
185 34 40
185 14 41
185 6 42
185 7 42
182 1 340
178 4 497
173 6 701
173 4 718
173 3 719
185 8 59
185 19 64
185 14 65
185 6 69
185 7 69
185 8 85
183 2 350
183 2 356
183 2 357
183 2 357
185 34 89
185 14 95
185 15 95
185 6 96
185 8 99
185 2 117
185 25 131
185 5 131
185 6 146
183 2 399
179 25 471
179 5 472
179 6 481
185 8 150
178 5 632
179 25 499
179 6 514
178 6 648
178 7 648
178 21 649
164 1 1297
187 2 35
188 1 0
178 8 766
164 2 1402
178 29 821
187 4 132
189 1 0
178 8 828
184 1 560
178 8 966
191 1 0
192 2 27
194 1 0
184 5 768
194 2 39
195 1 0
184 6 784
184 7 784
184 1 790
184 13 790
184 14 791
197 1 0
192 5 130
190 3 231
192 8 153
192 29 159
192 8 160
192 30 167
192 14 169
196 2 55
189 5 364
192 7 189
192 30 201
192 14 201
197 2 98
189 6 380
189 7 380
199 1 0
189 21 383
189 8 387
193 3 170
194 5 212
194 6 228
194 8 240
189 14 440
199 2 63
198 2 80
198 2 86
193 4 242
190 4 384
196 3 203
194 29 277
193 5 276
199 3 115
193 21 293
199 4 137
190 5 428
202 1 0
190 6 444
196 4 241
193 8 310
193 14 319
196 7 292
199 6 187
199 8 207
202 2 58
200 4 157
203 1 0
204 1 0
199 8 218
204 6 18
196 8 328
196 1 338
196 19 338
200 5 184
200 6 199
200 7 199
197 3 341
204 1 26
204 13 26
204 14 33
196 25 359
196 6 359
196 7 359
200 29 217
200 8 229
205 1 0
200 8 235
200 13 257
200 30 257
197 4 400
164 5 2141
164 6 2157
202 5 221
202 6 237
202 7 237
164 8 2199
197 6 483
206 1 0
202 8 296
195 5 582
195 6 597
202 8 358
208 1 0
195 8 630
200 25 470
200 6 470
201 3 413
208 7 22
200 30 474
200 14 474
195 1 646
195 13 646
195 14 646
195 15 646
201 4 449
205 2 278
201 5 495
201 6 510
201 7 510
209 1 0
197 4 735
201 8 556
201 1 572
201 19 572
201 136 572
201 6 608
201 7 608
211 1 0
209 2 93
203 3 551
205 3 499
205 4 502
198 3 812
210 2 87
203 6 629
203 7 629
203 8 635
211 3 114
192 6 1089
205 6 614
198 4 905
211 4 143
198 5 962
211 5 172
211 6 182
205 8 654
205 8 668
205 1 676
205 13 676
205 15 679
198 6 971
198 7 972
211 8 206
211 8 211
213 1 0
213 5 7
198 13 1005
198 30 1005
198 14 1007
198 15 1007
209 3 326
213 6 23
213 7 23
213 8 47
214 1 0
209 4 371
216 1 0
210 4 378
213 8 83
213 8 101
203 8 865
216 2 44
209 6 448
210 6 444
210 7 444
215 2 65
178 3 2306
214 2 105
217 1 0
210 8 475
178 5 2342
178 6 2346
178 7 2346
213 29 197
217 2 42
210 8 496
178 8 2361
213 8 217
210 1 523
209 8 543
210 30 526
210 13 526
178 29 2397
178 13 2402
178 14 2409
217 3 99
216 4 184
209 8 559
209 13 565
209 14 571
210 25 553
210 6 553
215 3 190
217 4 145
209 6 604
209 30 609
212 4 431
209 14 613
216 6 223
216 7 223
203 8 1075
203 8 1087
212 5 482
220 1 0
219 2 46
217 7 179
217 8 191
209 25 652
209 6 652
209 30 659
209 14 659
209 15 659
209 25 672
209 6 672
212 6 488
212 7 488
215 4 279
203 13 1141
203 14 1141
203 15 1141
209 30 679
215 5 350
215 6 353
219 3 124
217 6 267
217 8 269
217 8 275
217 14 279
209 7 757
209 14 764
209 15 764
219 4 153
221 2 96
222 1 0
221 2 100
222 5 5
219 6 184
219 7 184
219 8 202
222 1 35
222 5 39
222 6 42
222 7 43
214 3 478
219 1 206
219 13 206
219 14 207
219 15 207
223 1 0
217 6 411
217 7 411
214 4 527
224 1 0
214 5 566
217 13 460
224 2 111
217 25 549
217 6 549
217 13 553
222 1 230
222 5 234
222 7 240
222 8 256
222 8 270
222 8 280
226 1 0
222 14 296
221 5 413
227 1 0
225 2 84
228 1 1
224 2 211
221 6 417
221 7 417
221 13 443
221 30 443
221 15 445
224 3 262
214 13 842
214 14 843
229 1 0
230 1 0
229 2 50
225 3 312
230 2 83
232 5 20
232 8 30
232 6 31
234 1 0
225 4 398
229 3 153
225 6 439
229 4 186
230 2 240
235 1 0
231 3 269
230 3 342
231 4 306
239 1 0
231 3 366
231 4 373
237 2 34
240 1 0
238 2 104
231 13 479
241 1 0
237 3 149
241 2 46
237 5 205
240 3 155
237 7 210
237 8 231
230 7 695
238 4 261
240 5 237
240 6 242
240 7 242
238 6 297
240 8 255
241 4 207
230 19 732
230 14 735
230 6 742
230 7 743
240 13 289
240 30 289
243 1 0
241 6 256
230 14 777
230 15 777
241 7 256
245 1 0
241 8 280
230 7 815
240 6 369
240 7 369
243 2 63
230 4 817
230 3 818
242 2 223
241 5 328
241 6 337
241 7 337
241 14 344
241 15 344
241 6 384
241 7 384
241 13 399
241 15 400
241 6 403
241 7 404
241 8 405
244 3 161
244 4 216
246 2 68
243 3 253
132 14 6596
236 1 667
247 1 0
248 1 0
247 2 33
243 4 324
244 5 321
244 6 327
244 7 328
248 2 39
243 6 365
249 1 0
250 1 0
250 5 3
247 4 138
246 4 264
250 6 20
250 7 20
247 5 153
247 7 156
246 5 307
246 6 317
246 7 317
248 3 175
249 2 98
248 4 219
244 8 529
253 1 0
248 5 255
248 7 260
244 8 567
245 4 554
252 2 138
251 2 191
244 29 638
254 1 0
244 8 639
242 4 816
252 3 226
244 8 688
255 1 0
256 1 0
252 4 272
257 1 0
252 6 297
252 7 297
242 5 907
242 6 914
242 7 914
249 3 360
249 4 408
258 2 41
258 2 44
256 2 82
260 1 0
249 5 496
249 6 499
249 7 499
253 3 370
262 2 46
254 3 285
242 8 1140
261 2 76
265 1 0
242 5 1162
242 6 1171
242 7 1171
265 2 46
256 3 319
255 3 327
267 1 0
262 3 188
260 3 238
259 3 327
254 6 437
254 7 438
265 3 129
255 4 377
268 1 0
262 4 214
265 4 163
269 1 0
268 6 10
268 1 18
268 30 19
268 14 21
268 15 21
263 3 162
263 4 179
265 5 197
265 6 202
265 7 202
255 5 443
255 6 447
255 7 447
272 1 0
263 5 206
263 7 210
265 13 216
265 14 217
265 15 217
269 2 51
258 3 451
263 8 224
259 5 442
259 6 455
270 2 61
255 8 517
263 8 250
263 13 273
264 4 253
260 5 382
260 6 390
260 7 390
260 21 392
273 2 64
271 2 70
255 8 547
266 3 260
272 2 84
244 14 1255
262 6 363
262 7 363
264 5 299
275 2 66
251 7 878
251 6 878
264 1 313
264 13 313
264 30 313
264 15 316
254 13 655
254 14 656
254 15 656
269 3 162
277 1 0
251 34 900
251 14 901
251 7 911
260 8 471
260 8 482
259 1 546
259 13 547
276 2 37
266 4 353
277 2 42
251 136 938
251 7 947
260 19 498
260 34 498
260 26 516
260 14 517
254 6 711
278 1 0
254 30 725
254 14 726
254 15 726
269 4 222
269 3 228
266 6 391
266 7 391
256 26 655
256 14 655
251 19 964
251 14 966
251 6 970
251 7 970
279 1 0
269 4 248
255 29 693
255 8 696
258 5 659
256 6 688
256 7 688
256 26 706
256 14 710
280 1 0
265 6 445
265 7 446
275 3 220
265 8 466
255 14 710
258 7 675
275 4 255
278 2 84
271 3 298
272 4 282
276 3 177
256 6 746
256 7 746
256 26 754
256 27 754
256 282 755
256 14 755
256 6 758
256 7 758
281 2 34
269 8 359
258 8 731
258 29 735
284 1 0
256 8 779
256 26 789
256 27 789
256 7 797
285 1 0
280 2 77
269 8 379
283 2 35
255 27 808
255 14 812
255 15 812
277 4 215
272 5 357
256 8 810
271 5 379
271 7 394
272 6 373
272 7 374
277 5 237
272 8 393
256 8 850
264 5 591
287 1 0
264 7 603
275 6 380
275 7 380
272 8 405
277 8 267
264 13 615
264 30 615
281 3 148
275 8 401
269 8 472
277 14 288
277 15 288
270 4 487
269 13 494
280 4 237
288 1 0
288 5 4
275 8 450
275 8 465
270 5 526
289 1 0
283 4 185
290 1 0
285 3 171
281 4 216
259 1 921
280 6 282
280 7 282
281 5 261
287 3 162
259 2 938
259 25 959
283 5 234
285 4 249
281 7 276
281 8 298
292 1 0
259 7 971
283 7 250
285 5 280
281 19 306
281 34 306
281 14 306
281 7 310
281 8 316
281 14 318
281 6 321
281 7 321
294 1 0
259 13 1002
259 14 1004
259 15 1004
285 6 282
285 7 282
281 8 340
281 34 342
281 14 345
281 15 345
285 14 314
285 7 331
285 4 334
294 2 41
293 2 107
287 4 291
275 8 680
278 5 512
293 2 127
255 4 1186
295 1 0
255 5 1189
255 6 1195
255 8 1204
294 3 138
287 6 347
287 7 348
294 4 168
287 14 382
257 3 1250
295 2 65
294 5 192
294 8 210
255 26 1290
255 14 1291
294 8 235
278 8 637
278 4 649
257 4 1282
297 5 2
297 6 18
297 7 18
290 6 363
290 7 363
294 8 254
296 2 80
298 1 0
297 1 21
297 6 28
297 7 28
297 8 37
297 19 40
297 6 45
297 7 45
299 1 0
290 13 385
290 14 386
294 19 305
294 34 306
294 14 306
300 1 0
298 2 35
292 3 354
257 6 1341
257 7 1341
297 19 64
297 34 64
297 14 65
297 7 67
255 6 1371
255 7 1371
297 8 85
297 19 89
297 34 89
297 14 89
255 8 1416
299 2 65
295 3 212
257 15 1412
290 7 498
290 13 504
290 30 504
290 15 505
295 6 296
302 1 0
303 1 0
255 8 1516
303 5 36
304 1 0
304 2 13
304 2 17
304 2 18
304 2 19
303 6 41
298 5 213
299 3 208
305 1 0
298 13 263
298 30 263
298 25 266
298 7 266
295 1 397
306 5 3
306 6 9
306 7 9
303 1 102
303 6 129
298 8 269
303 7 129
303 8 134
303 1 163
303 5 180
303 6 186
296 8 446
296 5 451
296 6 457
296 7 458
303 8 194
298 6 364
308 1 0
305 3 130
298 8 408
298 8 412
299 5 412
309 1 0
306 8 137
306 1 145
306 19 145
306 136 145
306 14 146
306 14 151
306 15 151
305 4 184
303 8 253
308 2 33
305 5 218
305 6 232
305 7 232
301 4 353
305 26 252
305 14 253
303 2 352
308 3 139
301 5 390
301 6 393
301 7 393
296 13 629
309 2 148
296 7 661
303 4 424
301 8 436
308 4 198
296 14 673
296 26 677
303 3 433
303 4 488
311 1 0
312 1 0
303 5 493
303 6 498
303 1 506
303 30 508
303 14 511
303 15 511
308 2 312
308 2 317
309 4 294
309 5 324
309 6 326
309 7 326
309 21 330
307 4 485
309 8 343
309 19 354
309 14 357
307 5 580
301 13 745
301 15 748
307 7 589
255 8 2209
307 8 652
307 8 695
313 1 0
313 2 27
307 8 737
307 8 743
255 2 2375
314 1 0
307 29 777
314 2 42
315 1 0
313 3 106
307 29 807
255 4 2440
315 2 49
307 13 838
255 7 2459
313 5 154
316 2 56
313 7 163
313 14 202
317 1 0
314 3 182
313 6 282
313 8 284
255 13 2623
255 14 2626
317 2 93
320 1 0
314 5 258
314 6 261
313 13 294
313 25 345
313 7 345
313 8 350
319 2 52
313 13 356
313 14 357
313 15 357
315 4 305
316 3 291
315 6 345
293 6 1716
293 7 1716
317 3 229
315 4 359
315 5 368
315 6 370
315 4 372
315 3 373
296 6 1543
296 4 1544
319 4 223
316 5 422
316 6 429
319 5 263
319 6 275
319 7 276
324 1 0
325 1 0
319 19 308
319 14 309
319 7 329
322 2 74
326 5 2
326 6 6
326 7 6
323 2 54
319 19 359
319 14 361
321 2 182
319 6 376
317 7 485
319 19 383
319 14 386
319 15 386
319 25 388
319 6 388
321 2 202
321 2 220
323 3 136
327 1 0
322 4 203
328 1 0
322 7 245
323 5 235
323 7 243
327 2 95
328 2 50
330 1 0
325 4 318
330 2 27
331 1 0
329 2 106
332 1 0
333 1 0
328 6 285
328 7 285
328 8 308
329 3 216
333 2 43
325 6 546
328 6 367
328 8 371
325 8 579
325 8 594
333 3 114
325 1 621
325 5 624
329 4 306
333 4 145
328 8 412
325 6 632
325 7 632
327 3 493
329 6 376
329 7 376
333 6 209
333 7 209
329 8 394
329 1 404
329 19 404
329 34 404
329 14 413
334 1 0
333 8 217
328 8 515
329 25 424
329 6 425
328 1 561
328 13 561
328 15 565
335 1 0
336 1 0
327 6 684
328 6 641
328 7 641
335 1 47
336 2 70
337 1 0
338 1 0
337 2 47
336 3 226
337 3 147
336 13 377
336 15 378
337 4 223
337 6 261
337 13 286
337 14 287
337 15 287
339 2 47
336 7 486
336 14 496
336 15 496
340 1 0
341 1 0
340 2 37
339 4 251
342 2 40
339 6 336
339 21 337
339 13 377
339 30 377
340 3 260
342 3 131
343 1 0
344 1 0
342 4 188
340 4 351
340 5 371
346 1 0
347 1 0
340 15 399
347 1 8
347 7 18
342 5 237
342 6 247
342 7 247
348 1 0
346 2 63
339 13 559
339 30 559
339 14 559
339 15 559
345 2 99
342 29 265
342 14 289
344 2 114
344 2 121
348 2 44
346 4 178
348 3 142
348 4 161
350 1 0
348 6 208
349 2 57
351 1 0
351 5 5
351 6 9
351 7 9
351 29 25
352 1 0
349 3 200
351 8 28
353 1 0
352 2 35
354 1 0
349 4 232
345 4 472
355 1 0
356 1 0
354 2 33
353 2 55
344 5 532
345 6 531
345 7 531
345 21 532
345 8 542
357 1 0
355 2 59
344 3 557
345 8 568
345 8 579
341 5 912
352 4 147
360 1 0
353 3 167
341 7 915
341 8 937
352 5 165
352 6 177
352 7 177
352 21 178
354 3 164
352 6 208
352 7 208
359 2 72
353 4 212
353 5 226
353 6 232
353 7 232
361 1 0
357 2 123
360 2 62
354 5 219
354 6 222
361 2 46
352 4 279
355 4 204
354 4 251
354 25 255
354 5 255
354 6 258
354 7 258
354 13 260
354 30 260
354 15 261
354 7 265
354 13 271
354 30 271
360 3 142
353 8 294
355 5 255
355 7 263
360 4 176
355 8 287
360 7 200
350 4 536
360 8 233
360 8 237
345 8 836
345 8 836
350 5 579
360 3 256
362 1 0
350 7 591
350 13 606
350 14 607
350 15 607
361 3 203
363 1 0
363 5 4
363 7 8
360 6 283
360 7 284
359 4 292
361 4 257
363 5 54
363 6 58
363 7 58
363 21 61
363 8 76
361 5 283
361 6 287
363 4 93
363 5 101
363 7 105
363 8 111
359 6 398
363 4 120
361 19 341
361 136 341
361 14 341
359 13 407
359 30 407
359 14 409
359 15 409
345 8 1006
364 2 54
345 4 1046
345 5 1054
345 7 1061
365 1 0
365 2 48
367 1 0
366 2 55
366 2 63
364 4 224
345 26 1220
345 282 1220
369 1 0
345 25 1270
345 6 1270
345 7 1270
364 19 273
364 34 273
345 8 1275
370 1 0
366 4 202
345 13 1380
345 14 1381
345 15 1381
366 5 250
368 3 177
345 25 1401
345 6 1401
345 7 1401
345 8 1408
345 282 1412
345 14 1412
369 3 172
365 3 328
369 4 192
366 7 254
371 1 0
371 5 2
369 5 207
365 4 359
369 7 211
365 5 395
365 6 399
368 5 279
368 7 285
367 4 324
365 8 459
368 8 329
368 8 336
367 6 372
367 7 372
367 21 373
368 8 359
368 8 364
368 8 377
368 8 382
368 29 384
365 13 510
365 14 511
365 15 511
359 25 1027
367 8 409
372 2 91
365 25 568
365 6 568
365 7 568
374 1 0
363 1 824
363 6 832
365 15 590
365 25 606
365 6 606
365 7 606
367 13 495
367 14 497
367 15 497
363 5 843
363 6 846
363 21 849
363 5 866
373 2 50
363 5 909
363 6 916
363 7 916
374 2 110
368 19 663
368 14 663
376 1 0
372 4 391
373 4 298
374 3 299
377 1 0
372 5 436
373 5 331
373 6 340
374 4 341
378 1 0
372 6 446
372 8 452
372 8 462
373 8 364
379 1 0
377 2 78
372 8 469
374 8 405
380 1 0
372 1 500
373 7 411
374 29 432
380 2 43
374 30 457
374 14 460
374 15 460
378 2 108
381 2 48
373 1 521
373 34 521
373 14 522
382 2 39
381 3 123
377 4 282
381 5 183
381 7 199
383 1 0
377 5 349
377 6 352
377 7 352
380 3 253
382 3 137
384 1 0
380 4 284
382 4 173
381 30 251
381 15 251
377 8 432
380 5 335
380 6 339
380 7 339
384 2 66
377 4 462
377 3 466
380 19 367
380 15 370
380 25 379
380 13 383
380 14 388
380 15 388
377 25 491
377 6 495
377 7 495
378 3 473
377 8 508
387 1 0
384 3 179
378 4 527
377 5 551
377 7 554
377 8 567
386 2 83
387 3 84
378 5 604
378 6 608
387 4 107
387 5 142
387 6 150
387 7 151
365 8 1606
385 4 400
378 26 771
378 6 788
378 7 789
385 6 428
385 7 428
378 14 807
378 25 812
378 6 813
388 1 0
385 8 495
385 19 505
378 25 881
378 5 882
378 6 888
390 1 0
391 1 0
378 7 889
392 1 0
388 2 135
393 1 0
392 3 179
388 4 306
394 1 0
393 2 53
395 1 0
377 8 1189
388 5 342
394 2 31
394 2 36
389 4 299
392 5 241
395 2 38
388 8 359
388 8 370
389 5 331
389 6 335
389 7 335
392 7 250
392 13 269
392 14 272
392 15 272
389 8 360
390 3 353
388 29 424
388 8 427
389 8 385
389 8 389
389 4 397
395 3 124
388 8 451
390 4 389
397 1 0
395 4 159
393 5 243
398 1 0
393 7 249
393 13 256
393 30 257
398 2 39
395 6 220
395 7 221
397 2 79
398 2 45
395 8 239
388 13 579
399 6 19
399 7 19
399 13 22
399 14 23
399 15 23
401 2 44
400 2 86
397 3 197
397 4 265
401 3 143
405 2 36
406 1 0
404 2 74
397 5 304
385 14 1238
397 6 307
403 2 68
396 5 434
396 7 439
396 21 442
401 6 212
377 8 1649
397 8 360
406 2 74
409 6 12
409 7 13
409 13 19
409 30 19
409 14 19
409 15 19
410 1 0
398 3 352
400 3 303
387 8 1188
411 1 0
387 13 1202
387 30 1202
387 14 1205
404 3 239
400 4 375
405 4 230
412 1 0
396 136 635
396 19 635
396 14 638
403 4 287
405 5 269
405 6 272
405 8 292
400 5 444
400 7 446
412 2 58
414 1 0
400 8 486
396 26 715
403 5 380
403 6 390
403 7 390
415 1 0
400 4 497
400 5 501
400 6 503
400 7 504
400 26 517
404 5 405
400 15 520
396 7 739
404 6 419
403 8 442
406 3 383
398 5 621
400 7 559
400 8 571
404 13 466
404 30 467
404 14 467
400 3 586
411 3 274
416 1 0
416 1 0
403 8 502
406 4 456
416 2 33
411 4 318
415 3 147
415 4 172
398 14 731
412 5 261
412 6 263
414 4 194
406 5 496
405 8 543
298 1 7364
298 5 7369
412 3 281
398 25 745
398 6 745
298 6 7377
412 4 307
406 4 540
417 1 0
418 1 0
398 8 786
415 5 232
415 7 235
412 5 309
412 7 311
414 6 238
414 7 238
412 34 322
412 14 325
412 15 325
412 25 337
412 6 337
411 7 400
405 8 613
418 2 41
416 4 167
403 5 642
403 6 652
405 29 649
412 25 371
412 5 372
412 6 377
412 7 377
412 19 384
412 14 384
416 7 201
413 4 345
412 19 399
412 14 400
412 6 403
412 7 403
418 3 144
413 5 381
413 6 385
413 7 385
413 1 432
413 14 433
417 4 179
418 4 197
398 8 957
413 7 442
413 19 467
413 14 469
413 15 469
413 6 476
413 7 476
419 2 35
417 6 221
418 6 246
398 14 1029
421 1 0
398 25 1042
398 6 1042
398 8 1058
418 8 304
418 29 316
418 8 317
418 13 320
418 14 321
418 15 321
398 19 1117
398 34 1117
398 14 1118
422 1 0
422 6 13
398 6 1125
398 7 1125
422 8 28
421 3 143
404 7 1043
424 5 3
424 6 12
421 4 174
419 6 294
419 7 294
419 8 298
421 5 204
421 6 210
419 15 310
425 1 0
414 29 752
414 8 753
421 13 261
421 30 261
421 14 262
421 15 262
414 8 779
427 1 0
423 2 153
414 29 804
428 6 9
428 7 9
429 1 0
428 8 16
430 5 5
430 7 12
431 1 0
431 6 18
429 2 114
423 3 307
429 2 124
423 4 340
427 3 191
423 5 374
423 6 377
424 29 368
432 1 0
421 7 521
421 13 523
421 14 524
421 6 563
421 7 563
421 30 566
421 15 567
423 8 466
421 25 583
421 6 583
421 13 586
421 30 586
421 15 589
427 6 315
427 7 316
427 21 317
427 8 354
434 1 0
424 8 526
427 8 401
427 5 408
427 7 424
427 8 436
427 8 444
427 8 478
433 2 183
427 6 502
421 25 827
421 7 827
421 13 833
421 30 833
421 14 834
432 5 359
434 6 234
432 7 375
421 6 910
421 15 919
436 1 0
437 1 0
437 1 0
421 7 1026
421 30 1038
421 15 1039
433 5 524
433 6 532
408 1 1954
437 3 184
421 25 1173
421 6 1173
440 2 28
433 1 614
433 30 615
433 14 615
433 15 615
437 4 227
421 13 1185
421 30 1185
437 5 284
437 6 290
441 2 69
438 4 347
442 1 0
437 6 397
443 1 0
438 5 401
438 6 418
444 1 0
438 8 437
441 3 253
445 1 0
438 1 457
438 14 458
438 15 458
438 6 479
438 7 479
446 1 0
447 1 0
428 4 1179
438 19 484
438 7 493
440 5 354
440 7 358
440 8 374
446 2 33
447 2 44
449 1 0
428 8 1210
450 1 0
438 13 530
451 1 0
428 4 1228
428 3 1232
436 3 603
441 6 373
441 7 373
448 2 63
445 2 118
441 14 404
441 6 415
441 7 415
446 3 105
447 3 135
451 2 60
441 14 421
441 15 421
441 6 425
441 7 425
441 8 432
452 2 41
453 1 0
441 8 447
441 8 463
446 5 171
446 7 187
446 6 187
447 4 180
443 8 267
443 8 271
443 8 290
447 5 223
443 8 305
443 8 310
436 7 749
441 19 510
441 14 515
441 15 515
451 3 201
454 1 0
447 30 282
447 14 283
452 4 194
454 2 52
452 5 207
448 3 310
452 6 217
438 15 821
452 8 238
451 7 326
454 4 135
456 2 71
447 6 416
438 14 883
438 7 888
450 7 368
445 4 449
438 8 916
454 6 173
450 8 394
438 34 926
438 14 926
438 14 932
436 6 982
436 7 982
457 1 0
454 8 211
440 29 827
445 5 511
445 6 519
450 1 455
450 14 457
456 4 191
450 14 467
450 15 467
456 3 237
460 1 0
448 5 544
448 6 549
448 7 549
462 1 0
448 13 587
448 15 588
461 2 42
450 7 581
450 6 581
374 1 4839
462 2 55
450 8 627
450 13 634
450 14 638
450 15 638
460 4 140
460 5 176
460 7 180
460 8 195
460 8 224
462 3 178
463 1 0
459 3 255
462 4 219
465 1 0
462 5 252
462 6 256
459 5 351
436 19 1449
436 34 1449
436 14 1450
459 6 367
463 3 195
462 13 376
462 30 376
462 15 377
468 1 0
463 4 230
436 8 1550
436 34 1563
436 14 1564
466 2 87
463 7 273
436 25 1587
436 6 1587
436 8 1630
470 1 0
465 3 251
436 19 1656
436 14 1657
469 2 62
465 4 301
470 2 68
470 2 82
472 1 0
465 6 345
469 3 125
461 3 670
461 4 690
466 3 290
472 2 63
469 7 192
469 15 203
461 5 736
469 8 221
471 4 181
472 3 154
472 4 170
469 8 267
473 5 3
473 6 19
473 5 26
473 8 27
471 7 232
466 4 461
444 2 1472
472 5 215
472 6 220
472 7 220
473 7 41
469 13 318
469 15 319
474 1 0
461 13 887
461 30 887
461 15 888
471 1 304
471 13 304
466 5 521
466 7 537
469 7 436
474 2 59
469 4 437
466 14 571
466 15 571
476 1 0
469 3 440
466 1 591
466 5 599
444 5 1639
469 2 493
477 1 0
476 2 46
474 3 158
444 13 1673
444 30 1673
444 15 1674
477 2 61
473 8 271
474 4 226
475 3 189
476 3 146
473 29 308
474 6 261
474 282 262
474 21 262
473 8 335
475 5 260
469 5 637
476 6 222
469 6 652
469 21 655
475 8 306
482 1 0
483 1 0
479 2 70
477 3 221
485 1 0
485 1 10
486 1 0
469 8 745
469 26 769
469 15 771
487 1 0
444 8 1972
480 6 173
480 7 173
479 3 157
444 14 1998
444 15 1998
479 4 196
477 4 354
479 5 225
479 6 230
477 6 388
477 7 388
469 1 895
469 5 899
469 7 904
469 8 909
469 14 911
469 15 911
479 8 258
479 8 262
487 2 105
477 29 422
469 6 937
469 7 937
469 27 945
479 8 277
479 8 280
477 8 436
477 8 440
489 1 0
489 1 0
469 26 959
469 27 959
469 14 963
469 15 963
479 1 318
479 19 318
479 14 320
469 30 986
469 14 987
469 15 987
470 5 969
470 7 985
444 6 2159
444 7 2160
444 8 2170
476 1 578
476 6 587
476 7 587
470 8 1029
470 1 1038
470 19 1038
470 34 1038
470 14 1038
485 2 326
476 29 636
484 3 377
490 2 86
491 1 0
491 1 0
493 1 0
444 29 2257
495 1 0
444 27 2282
444 15 2285
488 3 289
481 3 479
485 3 414
493 2 58
485 4 434
493 2 64
485 5 478
485 7 483
444 7 2389
481 4 558
488 5 404
488 7 420
499 1 0
490 3 280
500 1 0
500 1 1
500 1 1
497 4 166
488 8 451
502 1 0
481 3 668
485 8 618
488 19 500
488 14 503
488 6 510
488 7 510
502 2 28
488 19 530
488 136 531
488 14 531
488 25 539
488 7 539
497 8 256
490 5 384
490 6 400
481 25 706
485 8 668
481 8 725
481 3 735
497 8 267
490 8 415
502 3 98
470 6 1390
470 7 1390
488 8 579
497 8 290
492 4 373
498 4 255
497 8 350
498 5 297
487 6 727
502 21 177
497 8 403
498 6 313
498 7 313
487 14 741
487 15 741
492 6 468
492 7 468
492 21 469
506 1 0
490 4 589
490 1 592
492 19 511
492 14 512
497 19 495
490 6 627
490 21 629
492 25 539
492 6 539
492 7 539
502 30 306
502 14 307
502 15 307
497 6 506
497 7 506
497 26 522
497 14 526
497 15 526
507 1 0
497 6 559
497 7 559
497 8 594
497 8 607
508 1 0
497 8 630
506 2 177
497 26 650
502 6 435
502 13 440
502 14 441
502 15 441
497 25 654
497 6 654
497 7 654
492 5 729
492 6 746
492 7 746
492 21 747
505 3 356
506 3 322
508 3 225
505 2 397
509 1 0
510 1 0
505 3 431
509 2 46
506 5 415
511 2 53
505 5 510
508 7 307
508 8 323
514 1 0
506 13 469
506 14 470
506 15 470
505 6 514
515 1 0
514 2 38
516 1 0
505 8 583
513 2 96
508 8 403
511 3 174
505 13 613
505 30 613
505 14 614
510 3 207
514 3 119
517 2 50
511 4 209
508 30 453
514 4 165
511 6 251
511 7 252
510 4 270
514 5 192
510 3 283
514 6 196
519 1 0
509 6 323
509 7 324
514 8 217
516 3 153
505 6 742
505 7 742
520 1 0
516 7 231
515 3 288
517 3 216
521 1 0
520 2 58
517 4 260
514 14 354
512 3 379
521 2 53
515 4 338
522 1 0
517 6 305
512 4 427
515 3 399
512 5 459
522 2 66
524 1 0
513 5 486
513 6 492
526 1 0
524 2 58
517 8 426
521 3 227
520 4 250
513 1 530
513 136 531
512 8 569
520 5 294
520 7 298
505 30 1076
505 13 1076
520 8 315
527 1 0
526 2 104
520 8 350
519 4 471
520 8 366
528 1 0
524 3 235
523 3 322
522 3 331
519 6 562
519 7 562
520 8 480
528 2 111
524 4 304
519 1 597
519 26 597
519 27 598
519 15 599
529 1 0
493 4 1771
522 5 462
512 5 891
512 6 894
512 7 894
529 2 75
522 7 478
523 6 477
523 7 477
522 8 491
493 6 1816
493 7 1816
493 21 1817
522 8 519
526 3 395
532 1 0
522 8 524
533 1 0
523 1 551
528 5 335
528 6 351
533 2 37
526 5 502
526 6 509
530 3 196
528 8 378
512 30 1049
512 14 1052
534 1 19
534 15 19
530 4 239
528 13 405
528 15 410
526 8 592
530 5 291
530 6 297
530 7 297
505 25 1626
505 7 1626
505 6 1626
505 13 1629
505 15 1633
530 13 329
530 14 331
530 15 331
533 4 199
533 7 229
533 8 258
533 8 315
533 8 329
535 1 0
529 3 579
535 2 68
529 4 708
526 6 1063
538 1 0
526 7 1063
540 1 0
541 2 35
540 2 46
541 3 89
540 3 130
541 5 129
541 6 141
541 7 141
542 1 0
540 4 169
529 5 1010
529 6 1013
540 6 201
543 2 66
535 4 537
544 1 0
545 1 0
540 8 225
540 8 276
539 6 314
539 7 314
529 13 1131
529 30 1131
529 14 1131
529 15 1131
539 13 328
539 15 329
542 2 166
542 2 180
540 1 333
540 13 333
540 30 333
540 15 339
529 7 1165
539 6 353
539 14 370
539 15 370
547 1 0
544 2 115
548 1 0
529 3 1197
529 4 1200
535 6 672
539 6 398
539 7 398
547 2 55
541 8 382
529 5 1209
529 6 1213
529 7 1213
529 19 1223
529 136 1223
539 4 409
535 8 695
539 6 420
539 14 426
539 15 426
539 6 431
541 29 391
541 30 396
541 14 396
541 15 396
548 2 50
549 1 0
550 1 0
529 7 1276
529 14 1285
535 1 754
535 13 754
535 30 754
539 8 475
535 15 758
529 6 1294
529 19 1302
529 14 1303
539 14 499
539 15 499
539 6 502
550 2 40
529 6 1329
529 136 1340
529 6 1350
543 3 355
529 136 1362
529 14 1363
529 7 1379
551 1 0
547 4 237
550 3 116
529 19 1390
550 4 154
547 6 279
547 7 279
547 8 287
541 1 623
554 1 0
555 1 0
547 13 314
547 30 314
547 15 314
541 5 632
549 5 189
541 7 645
549 6 204
549 7 204
550 6 202
553 2 40
543 5 560
541 14 697
544 4 479
543 6 564
539 1 742
539 6 761
539 7 762
539 8 767
553 3 106
554 2 117
554 2 125
554 2 126
554 2 126
554 2 126
554 2 127
543 8 596
539 8 784
544 5 538
544 7 542
554 2 157
555 3 153
543 8 631
543 29 642
543 4 646
553 4 154
553 6 179
544 8 552
555 4 187
553 8 187
553 13 204
553 15 207
553 14 207
555 5 231
556 1 0
555 6 245
555 7 245
555 8 276
544 14 647
544 15 647
555 8 289
552 6 432
554 6 369
554 7 370
554 8 378
554 29 384
552 8 478
557 1 0
552 13 505
552 14 505
552 15 505
557 6 13
557 7 13
557 13 34
557 14 35
558 1 0
548 3 770
547 6 819
547 13 834
547 30 834
547 14 834
547 15 834
559 1 0
560 1 0
561 1 0
562 1 0
548 4 840
551 4 646
544 6 972
563 1 0
564 1 0
548 6 896
551 6 712
551 8 729
568 1 0
562 2 112
551 8 771
547 7 1013
547 30 1019
567 2 43
558 3 233
547 14 1019
547 15 1019
568 2 72
558 4 299
569 2 55
565 2 192
571 1 0
558 7 352
571 2 43
558 8 387
563 4 288
563 6 297
563 21 301
558 8 413
569 3 168
563 19 315
563 14 316
567 4 241
562 3 374
559 4 375
559 6 392
563 26 330
566 3 259
565 3 323
574 1 0
571 3 157
569 5 244
569 6 249
530 7 2426
565 4 377
567 6 343
567 7 343
567 26 355
567 27 355
562 5 471
569 4 293
569 5 295
530 3 2467
565 6 418
567 6 362
567 7 363
567 27 366
567 15 369
567 25 371
567 6 371
567 7 371
567 25 383
567 7 383
562 6 476
559 8 494
559 19 499
559 34 499
571 5 218
559 25 508
559 7 508
571 6 225
559 8 515
569 6 300
569 13 309
569 30 309
569 14 310
569 15 310
575 1 0
575 1 2
576 1 0
567 27 390
567 14 394
567 15 394
571 4 249
571 3 250
565 13 479
578 1 0
579 1 0
565 15 484
580 1 0
575 2 97
577 2 68
530 25 2580
568 5 471
568 6 476
568 7 476
580 5 26
581 1 0
580 6 42
580 7 43
572 3 248
582 1 0
530 25 2609
530 6 2614
568 8 505
568 8 513
580 14 67
568 8 525
572 4 281
583 1 0
568 8 574
568 8 583
584 1 0
572 6 318
572 7 318
582 2 86
576 3 207
574 4 321
568 8 618
568 8 622
568 8 625
584 2 61
574 5 359
574 7 364
585 1 0
585 6 18
585 7 18
586 1 0
560 7 790
577 3 255
574 8 407
586 2 36
576 4 284
574 19 421
569 25 643
569 7 643
569 8 654
574 7 442
569 8 661
577 4 318
576 5 343
576 6 354
576 7 354
587 1 0
577 6 350
576 1 373
576 14 374
576 15 374
574 8 520
574 8 554
582 5 324
582 7 330
577 19 429
577 14 432
577 15 432
583 4 336
577 25 438
577 6 438
581 4 367
588 1 0
583 6 398
586 5 260
586 7 263
577 7 506
577 8 524
583 8 416
583 15 426
577 8 534
577 8 552
584 5 414
584 7 419
590 2 104
592 1 0
590 2 116
593 1 0
591 3 103
594 1 0
595 2 25
591 6 180
591 7 180
591 8 186
591 8 196
591 1 205
594 2 87
591 15 205
591 14 205
589 3 289
595 4 115
596 2 53
589 4 331
598 1 0
597 2 73
600 1 0
596 3 185
589 8 444
601 1 0
589 8 474
599 2 69
602 1 0
600 2 64
601 2 40
603 1 0
408 1 9867
602 2 70
596 5 294
600 3 162
596 2 315
596 3 333
597 3 260
605 1 0
601 3 146
600 4 194
596 4 349
596 5 357
596 6 359
601 4 189
599 3 242
601 5 225
601 7 229
597 5 352
600 5 273
600 8 286
601 13 264
601 15 266
597 6 368
597 7 368
599 4 293
597 19 417
597 14 418
602 3 279
603 1 274
597 14 431
597 15 431
604 3 290
597 3 468
597 4 476
602 4 334
597 7 495
602 5 381
607 1 0
602 6 396
575 3 1446
603 2 381
603 2 397
608 1 0
606 2 43
599 5 507
599 6 512
599 7 512
575 4 1501
604 6 448
604 7 448
602 3 497
610 1 0
606 3 147
602 4 518
575 5 1565
602 5 526
612 1 0
602 6 542
613 1 0
604 8 538
575 8 1632
604 27 585
603 3 578
612 2 43
606 5 236
575 8 1648
613 2 56
606 7 252
575 8 1717
611 3 160
611 4 185
612 3 145
606 29 303
575 8 1785
604 7 710
604 26 733
611 6 228
604 14 736
611 8 234
605 4 604
616 1 0
612 4 213
613 4 219
611 29 287
603 5 770
611 8 290
611 29 290
611 29 290
611 8 306
615 2 56
611 29 307
605 6 678
605 7 678
603 1 813
603 13 813
603 30 814
603 14 814
611 8 331
611 8 335
617 1 0
618 1 0
613 6 300
613 7 301
604 6 856
604 7 856
616 2 80
605 8 729
619 1 0
605 30 747
613 13 331
613 14 332
613 15 332
605 15 767
575 8 1956
612 8 363
619 2 50
619 2 58
619 2 66
612 8 399
617 3 115
615 3 224
612 8 430
620 1 0
617 4 149
613 25 432
618 2 179
615 4 281
619 4 192
617 7 215
615 5 300
615 6 310
615 7 310
615 8 319
620 2 77
623 1 0
619 5 225
617 14 227
617 15 227
624 1 0
616 5 334
619 6 240
619 7 240
622 2 80
615 8 365
616 6 350
616 7 350
625 1 0
615 15 396
626 1 0
627 1 0
616 13 479
616 14 479
618 4 445
624 3 165
620 4 295
628 1 0
620 5 362
618 6 512
618 7 513
600 15 1416
624 5 255
624 6 270
624 7 271
620 8 385
620 4 393
629 1 0
618 8 548
620 5 397
620 7 414
624 15 323
628 2 153
631 2 30
631 2 36
605 6 1375
605 7 1375
605 8 1380
605 13 1393
605 30 1394
605 14 1396
605 15 1396
631 3 132
632 1 0
611 26 1116
628 3 347
631 5 229
631 7 235
611 6 1166
611 5 1173
611 6 1177
631 8 244
611 8 1186
611 29 1190
611 8 1191
611 8 1192
611 29 1203
628 4 386
611 8 1229
633 3 135
631 19 305
631 136 305
631 14 305
631 6 317
631 7 317
631 8 327
633 4 162
631 8 362
633 6 209
631 8 390
635 1 0
633 8 245
628 6 554
628 7 554
633 8 264
628 8 573
634 3 254
628 13 596
628 30 596
631 8 463
628 14 601
633 14 310
633 15 310
634 5 298
631 8 483
634 6 305
634 7 305
631 19 545
631 136 545
631 14 545
631 25 552
631 6 552
631 7 552
633 6 405
633 7 405
633 8 422
628 5 739
628 6 743
628 7 743
633 30 446
633 15 447
631 8 624
628 21 747
636 1 0
631 8 664
637 6 23
637 7 24
640 1 0
640 5 7
640 6 12
640 7 12
641 1 0
640 13 57
640 14 58
640 15 58
642 1 0
643 1 0
622 3 1351
639 4 213
643 2 61
639 5 245
639 6 248
644 2 71
628 1 1167
639 25 273
639 5 274
622 4 1438
628 7 1176
628 6 1177
628 21 1180
643 3 155
637 6 356
637 7 357
637 8 364
641 3 294
639 2 348
648 1 0
644 3 179
643 5 214
622 7 1527
639 4 397
650 1 0
650 1 0
647 2 51
643 6 229
643 7 229
641 5 371
644 4 217
639 6 410
649 2 58
641 6 388
644 5 239
644 6 243
644 7 243
644 8 252
644 8 272
651 1 0
642 3 344
638 6 557
638 7 557
652 1 0
653 1 0
641 7 503
652 5 7
652 6 12
652 7 12
652 8 19
642 4 402
654 1 0
644 19 371
644 34 371
651 2 93
638 1 594
638 13 596
638 30 596
638 14 597
638 15 597
644 15 376
638 7 644
638 27 648
638 14 649
642 5 464
649 4 241
641 6 583
641 7 583
641 13 591
641 14 592
651 2 151
649 5 264
649 6 268
649 7 268
649 8 308
649 8 310
649 8 311
649 29 314
658 1 0
652 8 179
642 3 559
649 8 329
649 8 339
649 8 344
654 4 146
656 2 61
642 25 574
642 5 574
649 8 355
649 8 357
649 8 363
649 8 372
649 8 379
654 5 193
642 2 593
642 25 612
642 6 615
642 25 621
649 25 391
649 5 392
649 6 407
649 7 407
654 6 208
654 7 208
642 6 622
642 5 632
642 6 635
654 8 242
659 1 0
653 3 261
651 6 354
651 7 354
642 25 686
659 2 44
660 1 0
641 6 833
641 7 833
653 5 338
651 1 380
651 14 381
653 6 347
642 6 748
642 7 748
662 1 0
652 8 413
642 8 799
659 4 147
657 3 310
642 5 810
642 6 815
642 7 815
658 3 296
661 2 75
651 6 531
651 7 531
658 4 326
657 4 386
652 8 500
659 29 226
651 8 565
651 8 575
648 2 706
659 8 271
651 8 580
651 8 598
658 6 365
658 7 365
657 6 428
652 1 554
652 13 554
652 30 554
652 15 556
663 1 0
658 5 405
657 8 467
658 6 421
658 7 421
653 1 607
663 7 20
663 8 25
663 8 44
657 13 504
658 2 448
657 14 505
657 15 505
653 5 610
653 7 620
661 3 266
666 1 0
658 3 490
658 4 503
658 5 510
666 2 39
658 6 525
658 7 526
658 21 527
661 4 318
661 5 331
661 6 335
661 7 335
643 8 1073
658 8 543
658 8 563
642 7 1108
643 13 1113
643 14 1113
658 8 583
663 26 197
663 14 200
663 7 212
667 1 0
666 3 130
628 1 2234
628 5 2237
628 6 2240
628 7 2240
668 1 0
666 4 154
642 14 1194
642 7 1197
628 26 2270
628 27 2271
667 2 58
666 5 198
666 6 201
666 7 201
642 14 1252
628 25 2290
628 7 2290
642 6 1255
642 7 1255
666 3 237
669 1 17
643 6 1275
643 7 1275
643 13 1285
643 14 1286
669 7 56
664 3 343
669 8 78
672 1 0
668 3 185
671 2 71
669 8 94
664 4 395
667 4 254
669 8 138
673 1 0
664 5 440
674 1 0
659 8 818
664 21 456
675 5 12
675 6 18
668 5 260
668 6 277
676 1 0
675 13 33
664 8 486
675 30 33
675 14 33
675 15 34
676 2 46
667 5 365
667 6 374
667 7 375
673 3 113
674 2 95
671 3 241
667 8 398
673 4 137
664 34 573
664 14 576
664 15 576
671 4 303
672 3 299
670 3 356
671 8 363
676 4 218
671 4 384
671 3 384
678 1 0
670 5 437
672 4 399
679 1 0
676 5 269
676 6 285
665 5 725
675 1 311
665 7 740
675 6 328
675 7 328
670 6 455
670 7 455
670 8 464
678 2 63
670 8 479
680 1 0
665 8 762
665 8 763
681 1 0
670 8 497
674 3 353
677 3 303
672 5 482
672 6 487
680 2 43
674 4 418
679 3 184
678 3 216
674 6 508
674 15 545
677 6 479
677 7 479
679 6 270
679 7 270
678 4 329
679 8 299
679 8 303
679 8 311
674 1 635
686 1 0
678 5 371
678 6 376
678 7 376
674 6 652
679 8 383
677 8 602
678 14 411
678 7 423
686 2 63
677 14 664
677 15 664
684 4 200
683 3 303
682 4 370
674 13 823
674 15 823
683 5 384
683 8 403
682 5 433
683 13 409
683 30 409
682 6 448
682 8 472
686 5 298
682 19 482
682 14 483
686 6 306
686 8 317
687 1 0
682 6 508
682 13 536
682 14 536
682 15 536
408 1 14647
408 5 14656
687 2 74
680 3 694
686 8 409
680 4 724
680 6 753
680 7 753
408 6 14758
680 8 781
680 8 792
680 8 799
680 8 806
680 8 811
682 6 711
682 7 712
680 8 817
682 19 718
682 34 719
687 4 258
691 1 0
691 5 19
691 6 24
688 2 113
687 5 313
687 7 324
691 8 37
687 8 352
682 25 838
682 7 839
682 14 853
680 19 989
680 34 989
680 14 990
687 8 363
682 6 872
680 25 995
680 6 995
680 34 1011
680 14 1015
680 15 1015
680 25 1016
680 7 1017
692 1 0
692 8 7
692 6 8
692 7 8
689 3 258
692 8 47
692 8 52
682 5 979
682 6 993
682 7 993
692 13 110
689 4 350
696 1 0
694 2 79
689 5 394
697 1 0
689 6 397
689 7 397
698 1 0
689 4 424
699 1 0
695 4 175
694 4 216
694 5 255
694 6 258
695 5 238
695 6 257
700 1 0
697 3 189
695 8 299
695 29 305
700 2 48
697 4 228
702 5 3
702 6 5
702 7 5
702 1 7
702 13 7
702 14 8
702 15 8
700 2 55
703 1 0
697 5 267
701 2 53
704 1 0
703 2 28
697 8 295
697 34 305
697 14 308
696 6 376
703 3 61
703 4 74
698 3 329
704 2 61
703 5 90
703 6 93
703 7 93
703 8 102
700 3 182
696 8 413
696 15 422
703 8 113
705 2 72
700 4 227
696 8 465
696 8 497
700 5 276
700 7 286
704 3 179
708 1 0
709 1 0
698 5 492
688 6 944
688 7 944
710 1 0
698 7 501
704 4 252
704 5 274
710 2 63
704 6 288
704 7 288
705 4 280
712 1 0
704 13 316
704 15 316
712 8 5
712 6 5
712 30 14
712 14 14
712 15 14
711 2 74
688 8 1054
705 5 303
712 25 48
712 7 48
705 29 342
712 14 52
712 15 52
705 8 347
706 4 326
712 6 121
710 4 256
706 5 390
704 4 498
704 7 508
704 14 513
706 8 408
710 25 326
710 5 326
710 6 329
710 5 331
710 6 333
713 1 0
715 1 0
716 1 0
717 1 0
718 1 0
713 2 91
711 5 411
711 7 418
719 1 0
714 2 126
711 4 514
711 5 518
711 6 526
711 7 526
675 1 2657
675 5 2670
719 2 101
675 8 2676
675 6 2676
675 7 2677
706 1 723
675 29 2706
675 13 2725
675 30 2725
675 14 2725
714 3 271
714 4 308
719 3 245
713 3 356
714 6 352
714 7 352
719 4 283
722 1 0
723 1 0
714 14 380
714 7 389
647 2 4132
714 8 418
714 29 421
713 6 453
713 7 453
722 2 53
723 2 53
723 2 54
723 2 61
714 8 462
719 6 367
725 1 0
720 7 313
720 21 315
714 19 475
714 15 480
714 25 487
714 6 488
714 7 488
720 8 342
720 29 358
714 8 500
714 29 507
714 8 510
726 1 0
714 29 518
713 8 528
727 1 0
720 8 365
723 3 165
713 8 587
725 4 165
729 5 5
729 14 25
729 25 31
729 6 31
729 14 35
729 25 39
729 7 39
723 6 251
723 5 268
633 25 5336
633 6 5336
633 7 5337
633 30 5343
633 14 5343
633 15 5343
722 3 283
723 4 275
722 4 307
725 5 242
725 6 245
725 7 245
722 5 318
722 6 321
722 7 321
725 13 254
725 30 254
725 14 256
725 15 256
730 2 49
731 1 0
731 5 2
731 6 6
731 7 7
722 30 357
722 14 358
722 15 358
732 1 0
731 1 54
731 13 55
731 15 55
730 4 167
728 4 290
733 1 0
730 5 198
730 6 200
730 7 200
728 5 322
728 8 337
733 2 64
727 4 386
727 5 453
727 6 456
727 8 476
727 8 488
727 8 500
727 8 506
734 1 0
735 1 0
728 14 554
728 15 554
733 3 276
726 4 631
724 3 764
733 4 310
712 1 1460
726 5 655
726 6 658
733 5 348
739 5 1
739 6 4
739 7 4
647 1 4904
739 13 13
739 30 13
739 15 14
726 8 701
731 5 499
731 7 503
731 1 515
731 30 516
731 14 517
733 8 400
740 1 0
740 7 10
712 2 1534
731 1 548
731 6 556
731 7 556
733 8 426
741 1 0
731 8 566
733 13 446
733 15 446
625 2 6406
741 5 4
741 7 8
741 6 8
731 14 596
712 3 1623
724 5 963
743 1 0
724 6 968
744 1 0
744 5 4
744 7 12
726 8 878
733 5 541
733 6 549
733 7 549
744 13 16
744 14 18
744 15 18
734 3 340
733 30 583
733 14 583
733 15 583
734 4 378
724 29 1056
733 5 606
733 7 615
734 5 404
734 6 407
724 13 1093
724 30 1093
724 14 1094
733 13 638
733 14 640
733 15 640
734 8 441
625 3 6592
712 4 1797
745 1 0
625 4 6636
746 1 0
746 5 3
746 7 12
746 13 24
746 30 24
747 1 0
734 34 510
712 5 1871
734 6 533
734 7 533
625 5 6681
625 7 6685
733 5 751
733 7 760
734 8 538
734 19 542
734 34 542
734 14 544
734 15 544
745 2 84
748 1 0
625 8 6719
733 14 786
733 15 786
749 1 0
712 3 1923
712 25 1941
712 6 1943
712 7 1943
712 19 1963
712 14 1965
712 26 1975
712 15 1976
747 2 110
752 1 0
749 2 108
752 2 62
711 13 2214
711 15 2215
750 3 204
753 1 0
731 1 1176
731 5 1178
731 6 1182
731 7 1182
754 1 0
755 5 4
747 4 317
754 6 10
749 3 303
755 6 10
755 7 10
753 2 67
751 5 244
751 6 248
751 7 248
750 5 300
750 6 308
750 7 308
756 1 0
756 5 2
757 1 0
750 8 347
756 8 21
756 8 25
757 2 57
750 13 376
750 30 376
750 14 376
750 15 376
749 4 411
747 5 472
731 8 1340
731 30 1344
731 14 1344
750 7 393
750 8 397
625 29 7189
737 8 978
750 8 448
737 13 995
737 14 996
737 15 996
759 2 45
757 3 180
757 4 202
751 4 475
751 5 480
751 7 483
751 8 486
749 6 600
749 7 600
749 21 602
761 1 0
761 6 9
761 8 18
757 21 250
757 30 261
757 13 261
757 14 262
763 1 0
761 29 48
757 25 285
757 6 285
757 7 285
749 3 649
759 3 165
761 14 62
761 6 72
761 7 72
762 2 52
757 25 315
756 34 323
756 14 323
756 6 333
759 5 227
759 6 230
759 7 230
756 14 341
756 6 352
756 7 352
757 25 380
757 5 380
757 6 382
757 7 382
759 1 247
759 19 247
759 6 258
759 7 258
759 4 260
759 3 261
756 27 390
765 1 0
763 3 152
757 25 449
757 6 451
757 7 451
757 13 468
757 14 470
763 4 205
763 5 230
763 7 244
762 6 247
757 136 550
757 19 550
757 14 551
760 2 474
764 3 291
760 3 553
768 1 0
765 4 265
763 8 420
770 1 0
760 5 624
760 6 640
760 7 640
760 8 651
749 1 1136
764 6 424
764 7 425
760 1 656
760 30 657
760 13 657
760 15 658
768 2 113
749 6 1161
749 7 1162
770 2 61
764 21 426
771 2 54
764 13 482
764 15 483
773 1 0
774 1 0
775 1 0
774 2 46
728 5 2387
728 6 2391
728 7 2391
728 8 2396
770 3 194
768 4 279
778 1 0
772 3 192
771 4 293
770 4 320
771 5 310
776 2 109
774 4 204
770 5 346
770 7 349
766 1 637
774 5 242
780 1 0
770 13 391
770 30 391
770 14 392
770 15 392
781 1 0
774 6 246
782 1 0
772 4 313
773 3 297
775 6 287
775 7 287
773 4 349
775 8 301
779 2 146
772 5 357
772 6 373
774 8 350
768 7 606
781 4 129
781 6 172
776 3 353
773 5 490
773 7 494
783 1 0
776 6 410
776 7 410
784 1 0
776 30 448
776 14 452
776 15 452
785 1 0
773 8 603
774 8 600
785 2 51
773 8 651
783 3 152
773 8 683
788 1 0
774 8 665
789 1 0
785 6 215
785 8 226
785 4 261
788 2 167
787 3 198
790 1 0
788 2 196
788 2 199
788 2 199
787 4 226
768 1 1073
768 13 1073
768 14 1073
768 15 1073
791 1 0
790 2 31
788 2 207
788 2 216
787 6 258
787 7 259
787 8 281
788 2 290
791 5 88
791 7 91
788 2 320
790 3 137
788 2 332
790 4 170
788 2 380
792 2 57
793 25 38
790 6 198
790 7 198
790 8 220
794 1 0
795 1 0
790 8 240
794 2 47
796 1 0
788 3 489
788 4 527
793 25 188
793 3 189
787 13 575
787 30 576
787 14 578
787 15 578
788 7 585
793 5 221
793 21 231
727 1 3616
727 5 3618
798 1 0
793 8 250
794 3 260
795 2 230
798 2 84
799 1 0
794 6 328
794 7 328
794 8 356
794 1 361
797 3 203
800 1 0
794 14 362
794 15 362
801 1 0
802 1 0
800 2 57
801 2 53
797 5 312
797 6 315
792 5 531
792 6 534
798 3 274
803 1 0
797 2 351
800 3 168
804 1 0
797 7 379
803 2 57
790 29 756
790 8 757
798 4 314
768 7 1826
768 8 1827
768 8 1839
800 4 216
800 5 232
790 13 773
790 15 775
804 2 49
800 6 238
800 8 260
797 2 468
798 5 398
798 6 405
798 7 405
798 8 409
801 6 250
801 7 250
790 25 880
797 4 543
801 8 275
797 5 562
797 6 565
797 7 565
802 3 332
797 8 605
802 4 424
804 5 296
804 6 300
804 7 300
802 6 456
806 1 0
794 6 847
802 2 494
806 2 54
805 3 378
809 1 0
805 4 407
810 1 0
811 1 0
812 1 0
802 3 663
814 1 0
809 2 119
816 1 0
802 4 693
806 4 221
813 2 63
807 2 196
802 6 727
806 5 263
806 6 265
806 7 265
806 21 269
806 8 285
817 1 0
815 2 99
815 2 115
815 2 117
807 3 283
813 4 238
818 2 72
819 1 0
807 6 406
808 3 404
807 13 451
807 15 454
815 4 304
813 6 312
813 7 312
808 4 432
811 4 387
813 8 345
821 1 0
813 4 373
820 2 94
815 5 385
815 6 389
809 3 526
821 2 32
808 7 521
808 8 528
823 1 0
822 2 49
808 8 564
815 8 429
824 1 0
811 7 499
808 8 596
826 1 0
809 5 598
809 6 602
824 2 37
824 2 49
815 13 514
815 30 514
815 14 514
815 15 514
790 1 1810
809 8 656
818 5 394
818 6 400
818 7 400
826 2 96
790 7 1819
790 8 1825
790 14 1835
790 15 1838
825 4 135
825 5 143
827 5 7
827 7 11
827 8 19
824 3 161
825 6 151
825 8 163
826 3 167
827 1 34
827 19 35
827 15 37
827 14 56
827 15 56
819 2 389
818 29 488
826 4 189
825 8 196
809 4 788
821 3 278
828 1 0
818 3 519
818 3 521
826 5 215
826 6 218
826 7 218
821 4 332
820 4 408
809 1 851
809 6 861
809 7 861
794 4 1775
818 4 578
821 5 381
821 6 383
818 6 587
818 7 587
808 8 967
808 13 992
808 30 992
808 14 992
808 15 992
820 5 561
820 6 565
820 13 599
820 15 599
819 6 663
819 7 663
819 8 698
819 19 706
808 6 1091
819 6 722
819 7 722
808 8 1096
808 14 1116
777 1 2989
777 6 2999
777 7 2999
777 6 3009
830 1 0
831 1 0
777 8 3012
777 29 3013
777 8 3022
777 8 3024
777 8 3027
777 29 3058
777 29 3082
777 29 3089
777 29 3099
830 3 94
823 6 656
830 4 117
829 2 194
834 1 0
832 2 81
829 2 208
835 1 18
829 2 222
836 1 0
835 6 29
835 7 29
837 1 0
835 6 82
835 7 82
777 29 3230
777 29 3231
777 8 3234
777 15 3241
835 14 99
835 7 104
835 19 108
835 6 114
835 7 114
833 4 120
834 2 135
832 3 205
837 2 78
833 3 153
838 1 0
839 1 0
833 5 158
833 6 166
829 4 367
832 4 258
832 5 285
832 6 288
832 7 288
832 8 297
831 4 333
808 25 1495
808 6 1495
808 7 1495
808 8 1505
829 6 434
829 8 441
829 8 448
831 7 381
808 8 1516
832 8 343
829 13 474
838 2 107
808 8 1549
808 13 1595
808 30 1595
808 14 1595
808 15 1596
837 3 288
831 8 498
831 19 509
831 14 512
831 15 512
837 4 333
834 3 434
837 5 373
837 6 376
835 1 478
835 5 485
835 8 499
835 7 499
837 3 441
829 6 700
829 7 700
834 5 511
835 19 514
835 34 514
838 3 451
841 2 70
842 1 0
843 2 36
844 1 0
842 2 61
842 2 63
842 2 78
841 3 201
838 3 596
844 2 88
842 3 196
847 1 0
847 5 6
841 5 321
841 7 327
842 4 246
845 3 154
845 4 194
848 1 0
849 1 0
850 1 0
845 6 234
851 1 0
841 8 403
849 5 7
849 7 15
850 2 34
841 8 443
849 13 48
849 14 49
849 15 49
841 8 513
850 3 165
852 2 71
850 4 202
853 1 0
850 5 241
850 7 256
850 13 294
850 14 294
850 15 294
844 7 601
850 7 357
849 6 368
854 1 0
844 8 684
850 8 502
850 13 504
850 14 505
844 8 740
844 8 823
844 8 833
844 8 853
855 1 0
855 2 43
854 3 258
855 3 157
856 1 0
857 1 0
857 2 59
844 8 1160
854 7 538
854 8 552
844 13 1261
844 14 1262
844 25 1295
844 6 1295
844 7 1295
857 4 209
844 8 1314
844 13 1359
844 14 1360
844 15 1360
857 5 280
857 6 289
841 13 1601
841 30 1602
841 14 1602
854 1 823
854 13 824
854 15 825
857 29 387
844 6 1511
844 7 1511
858 1 102
859 2 120
860 1 0
844 8 1593
861 2 52
863 1 0
864 1 0
863 2 42
862 2 86
844 8 1801
865 1 0
860 3 215
863 3 105
866 1 0
863 7 149
866 1 3
860 4 280
863 8 166
738 6 7552
865 2 75
860 5 325
860 6 330
860 7 331
863 29 194
863 8 196
866 2 60
857 29 836
867 1 0
868 1 0
860 8 364
861 3 329
863 2 258
863 25 264
863 6 267
863 7 267
862 5 311
862 6 315
862 7 315
860 30 399
860 15 400
863 8 273
863 8 281
863 14 292
863 6 300
867 2 62
865 4 207
844 25 2043
844 6 2043
844 7 2043
844 8 2051
863 19 306
863 8 321
863 13 324
863 14 327
866 3 185
861 6 419
861 7 419
844 29 2063
844 8 2069
844 13 2076
844 7 2090
862 8 378
862 1 402
865 5 281
844 30 2097
844 14 2098
844 15 2098
738 8 7774
869 1 0
865 6 289
865 21 290
867 3 164
865 30 312
870 1 0
866 4 257
865 14 312
862 13 444
862 30 444
862 14 444
862 15 444
867 4 195
861 8 546
861 29 551
768 8 6355
768 8 6359
768 8 6373
866 4 345
866 5 348
866 6 355
866 7 356
738 5 7880
738 6 7891
738 7 7891
872 1 0
768 8 6390
865 25 418
865 6 418
865 7 418
867 7 289
866 8 374
866 13 387
866 15 387
873 1 0
738 8 7909
865 26 434
768 8 6412
865 14 435
768 8 6425
867 8 308
768 8 6433
867 13 317
867 15 319
874 1 0
861 8 634
875 1 0
869 2 182
862 6 608
862 7 608
861 8 666
861 8 678
873 2 66
876 1 0
875 2 56
865 6 502
865 7 503
862 8 629
862 30 641
866 7 460
866 8 461
866 13 465
866 6 489
866 7 489
866 8 491
866 26 496
866 14 498
866 6 503
866 8 505
866 26 511
866 15 513
866 6 519
866 7 519
866 8 523
866 25 531
866 6 540
878 1 0
866 8 544
866 34 556
866 15 558
866 14 564
866 15 564
866 7 565
875 3 168
877 2 44
875 4 216
869 3 373
866 8 650
876 4 200
879 2 71
875 5 286
880 2 45
870 5 455
870 7 459
877 4 161
876 5 260
876 7 274
869 4 462
869 4 476
877 5 204
877 6 207
876 1 301
876 30 302
876 14 302
876 15 302
869 7 497
873 4 393
869 13 567
869 30 567
869 14 568
869 15 568
881 1 0
880 3 194
882 5 4
882 7 11
869 25 615
869 6 616
869 7 616
879 4 278
873 6 509
881 2 45
885 1 0
879 6 293
879 21 295
869 19 679
869 15 681
886 1 0
883 2 67
887 1 0
886 7 15
879 19 359
879 14 361
879 15 361
844 7 2868
886 8 40
886 8 45
844 14 2880
880 6 361
886 34 68
886 14 68
880 8 386
880 4 399
880 19 406
880 14 409
880 15 409
878 2 502
880 25 416
880 8 420
880 8 428
880 29 431
880 8 434
880 8 442
881 3 257
880 19 458
880 34 458
880 14 458
880 25 462
880 8 465
883 4 252
884 4 221
878 3 588
883 5 277
883 6 280
883 7 280
881 5 319
881 6 324
881 7 324
884 6 268
884 7 268
878 4 633
883 19 290
884 8 301
881 8 363
883 8 336
888 1 0
881 15 391
884 8 352
844 6 3184
844 7 3184
844 8 3188
881 25 483
881 6 483
881 7 483
881 8 505
881 13 511
881 14 512
881 15 512
844 8 3251
844 29 3256
844 8 3261
844 8 3282
883 8 581
889 1 0
844 8 3335
782 4 7015
883 4 599
889 2 43
844 8 3400
782 5 7064
782 7 7071
891 1 0
893 1 0
892 2 64
893 2 65
888 3 386
894 1 0
894 6 13
894 8 27
894 29 34
894 13 47
894 30 47
894 14 48
844 15 3538
888 4 454
891 2 154
896 1 0
890 3 261
889 7 285
886 1 826
889 8 323
896 2 63
888 8 589
886 25 845
886 5 847
886 6 853
886 7 853
886 8 864
889 19 352
889 34 352
889 15 354
889 6 364
889 7 364
889 3 366
844 14 3687
844 15 3687
891 3 275
888 8 623
890 6 396
890 7 396
898 1 0
890 8 424
891 5 354
896 3 176
900 1 0
900 1 0
891 6 371
891 7 371
892 5 443
898 2 71
898 2 80
896 4 233
891 13 436
891 14 436
891 15 437
892 6 452
900 2 84
899 3 131
896 7 297
899 4 179
898 3 184
897 4 247
901 1 0
899 5 206
899 6 209
899 7 209
899 19 215
899 6 225
899 7 225
899 19 237
899 14 237
899 6 244
899 7 244
899 14 251
897 8 315
898 6 281
898 7 281
899 4 261
898 8 300
897 8 321
844 7 4054
844 8 4062
844 13 4071
844 30 4071
900 5 336
901 4 179
900 6 351
900 7 351
900 8 364
900 8 371
891 8 726
900 8 375
900 8 407
900 8 412
900 8 415
900 8 419
900 8 426
900 34 430
901 5 293
900 14 433
900 15 433
900 6 436
900 7 436
900 8 449
900 19 455
900 34 455
900 14 456
900 6 459
900 7 459
901 6 308
901 7 308
900 8 464
900 8 466
904 1 0
891 19 947
904 2 63
904 3 173
906 1 0
904 4 328
907 1 0
907 2 60
904 5 423
904 21 428
904 8 455
908 5 5
908 7 8
909 1 0
910 1 0
909 7 21
907 4 263
904 19 593
904 14 593
907 6 299
907 7 299
911 1 0
912 2 36
887 1 2328
887 2 2376
887 2 2379
914 1 0
912 6 157
912 7 157
912 19 179
912 34 179
912 14 182
912 25 188
912 7 189
912 34 202
912 6 204
907 8 695
914 2 130
915 1 0
907 4 763
907 5 765
907 7 769
887 4 2673
916 2 69
887 5 2738
887 7 2755
914 6 407
914 7 407
887 8 2808
887 19 2833
887 136 2834
887 14 2849
887 6 2857
887 7 2858
915 3 332
887 19 2866
887 136 2866
887 14 2880
914 8 501
917 2 92
915 5 448
915 7 451
918 2 66
913 3 752
916 4 408
917 3 217
917 4 274
916 6 479
916 7 479
913 4 874
917 6 366
917 7 366
919 1 0
918 4 299
917 19 391
918 5 342
917 6 405
917 7 405
919 2 51
918 7 346
923 1 0
920 2 124
921 3 173
924 1 0
924 8 11
921 5 228
921 6 232
924 8 25
924 13 31
924 14 34
924 15 34
922 3 179
925 1 0
919 3 282
926 1 0
925 2 56
921 13 308
921 15 309
926 2 41
927 1 0
927 13 0
927 30 1
919 4 365
921 25 330
927 1 8
927 6 14
927 7 14
922 6 310
922 7 310
926 4 125
921 15 407
922 8 343
922 19 359
922 34 359
922 14 359
919 5 469
919 7 479
928 2 59
926 7 163
922 7 376
922 13 385
922 14 385
922 15 385
920 6 503
920 7 503
919 15 526
920 8 529
925 3 244
925 4 318
925 5 362
929 2 41
920 1 645
920 13 646
920 30 646
920 14 646
925 6 364
925 7 364
928 3 306
922 7 617
925 8 445
922 15 629
919 6 725
919 7 726
919 3 742
925 19 479
925 136 479
930 2 61
887 7 4074
929 4 280
920 7 919
929 6 336
928 5 549
928 6 552
928 7 552
929 5 374
930 3 270
920 8 997
928 19 576
929 6 389
929 8 427
929 8 441
930 4 330
929 8 460
929 8 464
930 6 368
931 1 0
929 34 475
930 136 414
933 1 0
930 7 442
934 1 0
930 19 453
930 136 453
930 6 462
930 136 475
936 1 0
939 1 0
938 2 38
938 3 116
938 5 171
941 1 0
942 1 0
940 2 218
940 3 295
944 1 0
940 4 322
940 5 346
940 7 350
940 14 391
945 1 0
945 5 7
945 7 10
880 1 6196
880 7 6206
946 2 35
880 1 6225
880 19 6226
880 34 6226
880 15 6228
946 3 113
945 3 195
946 4 154
945 7 239
944 4 558
946 5 182
946 6 198
946 8 217
944 5 604
945 14 274
945 15 274
944 6 607
944 7 608
947 1 0
947 5 3
945 4 372
949 1 0
949 4 142
944 29 892
950 1 0
949 5 169
949 6 179
952 1 15
949 8 203
950 2 96
952 2 82
948 3 394
948 4 422
952 3 204
948 5 444
948 6 449
948 7 450
950 3 248
953 1 0
950 4 299
950 5 388
952 4 326
952 3 351
953 2 132
953 2 136
950 8 444
954 1 0
953 2 210
954 2 44
955 1 0
956 1 0
954 4 168
955 2 86
954 5 209
954 7 214
954 19 238
954 14 238
954 6 246
954 8 249
954 8 263
955 3 178
954 8 286
956 2 154
953 4 467
954 19 301
954 6 308
954 7 308
954 8 315
958 7 12
954 6 327
955 6 286
955 8 307
955 8 317
955 8 325
955 8 333
959 2 72
957 2 186
956 3 417
960 1 0
960 1 2
960 1 3
960 1 4
952 1 1041
958 8 347
952 2 1062
958 29 381
962 1 0
952 3 1103
963 1 0
956 4 587
961 2 77
952 5 1173
952 6 1183
956 5 661
956 6 670
956 21 671
956 8 684
959 4 425
956 26 706
956 7 716
952 1 1229
952 14 1231
960 3 311
959 5 460
956 26 733
956 27 733
956 14 734
956 15 734
956 8 764
959 13 498
959 15 499
961 3 273
956 8 800
956 8 800
956 29 801
956 5 837
961 4 336
956 6 845
956 21 846
959 13 595
959 15 595
957 3 681
960 7 441
960 8 458
960 8 461
956 8 888
956 29 892
952 6 1408
952 7 1408
952 8 1426
960 29 478
960 8 486
956 8 927
965 1 0
961 8 466
960 8 563
966 1 0
966 2 63
966 3 172
966 4 225
966 6 279
966 7 279
966 13 297
968 1 0
959 6 1028
959 13 1084
959 30 1084
959 15 1085
969 1 0
970 1 0
959 6 1143
959 30 1165
959 15 1166
971 1 0
972 1 0
973 1 0
969 3 214
972 2 70
969 4 258
974 2 35
959 6 1358
967 2 590
959 19 1386
959 34 1386
969 6 322
969 7 322
971 2 195
970 3 273
959 6 1427
969 5 353
969 6 356
969 7 356
975 1 0
973 3 154
974 4 164
972 3 218
967 3 717
974 5 178
974 7 182
967 4 752
973 5 238
973 7 241
970 5 413
970 6 417
974 13 229
974 14 230
974 25 235
974 7 236
972 4 316
972 6 382
972 7 383
978 1 0
976 2 72
967 19 912
974 13 364
972 8 426
967 14 914
972 19 484
977 3 149
976 3 205
978 3 193
977 5 189
977 6 192
977 7 192
976 4 263
977 8 224
977 8 230
979 1 0
977 29 248
977 8 248
977 8 254
979 6 15
979 7 15
978 4 293
978 5 337
978 6 350
978 7 350
978 19 375
978 14 375
978 14 388
980 1 0
980 2 110
980 4 340
981 1 0
982 1 0
981 2 103
983 1 0
984 1 0
986 2 48
985 2 74
987 1 0
988 1 0
981 6 482
981 8 529
989 1 0
985 4 231
989 2 33
990 1 0
985 6 304
985 7 304
989 4 122
985 4 351
989 6 158
989 8 188
990 3 378
986 3 646
986 4 693
986 5 746
986 6 754
986 7 754
986 8 769
986 4 817
986 3 820
986 3 831
986 4 834
986 5 836
986 7 845
986 4 849
986 3 850
986 3 858
986 4 860
991 1 0
993 1 0
986 7 874
986 8 883
991 2 42
994 2 48
992 4 131
994 3 123
995 2 57
992 6 160
994 4 146
986 1 1031
986 14 1031
986 14 1049
994 6 183
992 19 215
992 14 218
992 15 218
994 8 253
994 8 257
994 8 265
994 8 271
994 14 280
994 15 280
995 4 242
995 5 261
995 8 394
994 7 473
996 1 0
997 1 0
996 2 74
996 2 74
996 2 84
