9 1 0
9 2 90
9 2 100
9 3 166
10 1 0
10 2 126
11 1 0
10 3 324
12 1 0
12 2 145
10 1 665
18 1 0
12 3 511
12 21 729
32 1 0
32 2 49
32 3 149
35 1 0
35 2 70
35 3 176
35 21 309
35 1 383
37 1 0
43 1 0
46 1 0
46 2 63
47 1 0
47 2 37
47 3 121
46 3 307
46 1 438
48 1 0
48 2 76
48 3 211
49 1 0
63 1 0
63 1 14
63 2 391
63 3 904
67 1 0
68 1 0
69 1 0
71 1 0
71 2 44
71 3 127
72 1 0
72 2 133
72 3 231
73 1 0
74 1 0
73 2 50
73 2 63
74 2 64
73 3 202
74 3 180
72 3 549
77 1 0
85 1 0
85 2 236
77 1 3015
90 1 0
93 1 0
94 1 0
93 2 31
95 1 0
94 2 56
93 3 83
94 3 167
96 1 0
96 2 41
96 3 118
102 1 0
102 2 82
102 2 96
102 3 207
106 1 0
106 2 84
106 3 160
107 1 0
107 2 73
106 1 292
108 1 0
108 2 67
109 1 0
108 3 204
127 1 0
127 2 108
133 1 0
127 3 446
133 2 50
133 3 153
138 1 0
138 2 63
143 1 0
143 2 58
143 3 190
145 1 0
146 1 0
147 1 0
145 2 42
146 2 44
145 3 178
146 3 174
146 1 273
154 1 0
155 1 0
155 1 78
155 1 97
158 1 0
160 1 0
158 2 75
160 2 99
158 3 147
162 1 0
160 3 193
163 1 0
160 3 232
165 1 0
166 1 0
165 2 229
170 1 0
166 2 257
170 2 44
172 1 0
173 1 0
170 3 107
166 3 380
173 2 60
165 3 487
176 1 0
176 3 3
183 1 0
173 3 491
186 1 0
173 3 719
183 2 339
183 2 350
183 2 356
183 2 357
183 2 357
183 2 399
190 1 0
183 3 766
190 2 71
191 1 0
196 1 0
190 3 231
196 2 55
196 2 65
199 1 0
200 1 0
199 2 63
196 3 203
200 2 43
199 3 115
202 1 0
200 3 121
202 2 58
203 1 0
204 1 0
196 1 338
204 1 26
202 3 149
205 1 0
205 2 247
203 2 321
205 2 278
203 3 551
205 3 499
205 1 676
213 1 0
214 1 0
215 1 0
215 2 65
214 2 105
217 1 0
217 2 42
217 3 99
215 3 190
214 3 478
229 1 0
229 2 50
231 1 0
233 1 0
231 2 88
229 3 153
235 1 0
231 3 246
231 3 269
238 1 0
231 3 366
238 2 104
229 1 523
241 1 0
241 2 46
214 27 1516
238 3 209
241 3 171
245 1 0
241 1 325
245 2 92
245 2 137
247 1 0
247 2 33
247 3 105
252 1 0
245 3 464
253 1 0
252 2 112
245 3 568
252 2 138
253 2 85
252 3 226
256 1 0
259 1 0
256 2 82
259 2 52
262 1 0
253 3 370
262 2 46
264 1 0
256 3 319
262 3 188
264 2 114
259 3 327
271 1 0
264 3 214
256 21 476
271 2 70
264 1 313
277 1 0
259 1 546
277 2 42
271 3 298
256 27 754
256 282 755
277 3 178
256 27 789
291 1 0
259 1 921
259 2 938
294 1 0
259 1 1000
294 2 41
294 3 138
296 1 0
296 2 80
296 3 262
305 1 0
307 1 0
305 2 53
305 3 130
307 2 187
305 1 242
310 1 0
307 3 415
313 1 0
313 2 27
316 1 0
313 3 106
316 2 56
319 1 0
319 2 52
316 3 291
319 3 174
316 21 431
322 1 0
322 2 74
322 3 154
327 1 0
328 1 0
327 2 95
328 2 50
328 3 208
327 3 493
328 1 561
335 1 0
336 1 0
335 1 47
336 2 70
336 3 226
342 1 0
342 2 40
342 3 131
344 1 0
345 1 0
345 2 99
344 2 114
344 2 121
349 1 0
344 3 310
349 2 57
345 3 366
351 1 0
352 1 0
349 3 200
352 2 35
354 1 0
354 2 33
345 21 532
352 3 118
344 3 557
352 21 178
354 3 164
354 3 253
364 1 0
364 2 54
345 21 1062
364 3 193
345 282 1220
369 1 0
364 1 273
369 2 79
345 282 1412
369 3 172
371 1 0
373 1 0
373 2 50
373 2 70
373 3 267
376 1 0
377 1 0
376 2 74
379 1 0
377 2 78
373 1 521
377 3 255
383 1 0
377 3 466
391 1 0
401 1 0
401 2 44
401 3 143
412 1 0
412 2 58
413 1 0
415 1 0
413 2 48
415 2 69
412 3 173
415 3 147
412 3 281
412 3 304
418 1 0
413 3 276
418 2 41
412 2 368
418 3 144
413 1 432
419 1 0
419 2 35
423 1 0
419 3 257
423 2 153
423 3 307
432 1 0
432 2 140
432 3 263
441 1 0
441 2 69
444 1 0
441 3 253
448 1 0
449 1 0
450 1 0
448 2 63
450 2 47
452 1 0
452 2 41
444 1 279
450 3 171
452 3 148
448 3 310
456 1 0
456 2 65
456 2 71
456 3 151
450 1 455
456 3 237
465 1 0
465 2 137
470 1 0
465 3 251
471 1 0
470 2 68
470 2 82
471 2 58
471 3 136
444 2 1472
475 1 0
471 1 304
444 3 1573
475 2 54
476 1 0
476 2 46
475 3 189
476 3 146
479 1 0
470 3 633
482 1 0
479 2 70
486 1 0
479 3 157
479 1 318
476 1 578
470 1 1038
444 27 2282
497 1 0
497 2 47
497 3 121
503 1 0
503 1 0
503 1 0
509 1 0
509 2 46
513 1 0
509 3 140
513 2 96
513 3 293
521 1 0
521 2 53
521 3 227
513 1 530
527 1 0
529 1 0
529 2 75
532 1 0
533 1 0
533 2 37
533 3 173
535 1 0
529 3 579
535 2 68
536 1 0
537 1 0
536 2 49
535 3 489
546 1 0
529 1 1130
529 2 1187
529 3 1197
549 1 0
550 1 0
535 1 754
549 2 37
550 2 40
549 3 116
550 3 116
553 1 0
555 1 0
550 1 216
553 2 40
555 2 67
553 3 106
555 3 153
553 1 204
557 1 0
559 1 0
562 1 0
559 2 47
565 1 0
566 1 0
562 2 112
566 2 94
565 2 192
571 1 0
559 3 314
571 2 43
566 3 210
562 3 374
572 1 0
566 3 259
565 3 323
572 2 46
571 3 157
576 1 0
571 3 250
577 1 0
578 1 0
576 2 75
577 2 68
581 1 0
572 3 248
562 3 673
581 2 86
584 1 0
576 3 207
584 2 61
586 1 0
577 3 255
586 2 36
576 1 373
584 3 238
581 3 313
586 3 170
581 3 399
590 1 0
584 21 422
591 1 0
590 2 104
590 2 108
591 2 41
590 2 116
591 3 103
594 1 0
595 1 0
595 2 25
591 1 205
594 2 87
595 3 84
597 1 0
597 2 73
600 1 0
602 1 0
600 2 64
594 3 332
602 2 70
600 3 162
597 3 260
597 3 314
602 3 279
597 3 468
602 2 433
609 1 0
602 3 497
611 1 0
613 1 0
611 2 46
613 2 56
611 3 160
613 3 164
615 1 0
615 2 56
618 1 0
615 3 224
621 1 0
618 2 179
623 1 0
624 1 0
624 2 51
627 1 0
618 3 407
624 3 165
628 1 0
628 2 153
628 3 347
635 1 0
628 21 560
628 1 733
628 21 747
636 1 0
638 1 0
636 2 217
638 2 170
643 1 0
643 2 61
628 1 1167
628 1 1167
628 21 1180
646 1 0
643 3 155
638 3 412
638 1 594
638 27 648
662 1 0
663 1 0
667 1 0
628 1 2234
668 1 0
628 27 2271
667 2 58
628 1 2304
668 2 47
670 1 0
667 3 194
668 3 185
667 3 249
673 1 0
670 2 174
673 2 49
676 1 0
676 2 46
677 1 0
667 21 379
673 3 113
676 3 156
670 3 356
677 2 146
678 1 0
678 2 63
680 1 0
677 3 303
680 2 43
683 1 0
678 3 216
683 2 72
686 1 0
686 2 63
683 3 303
686 3 209
680 3 694
688 1 0
689 1 0
689 2 60
691 1 0
688 2 113
693 1 0
691 1 171
688 3 267
689 3 258
683 1 944
683 2 1003
699 1 0
701 1 0
701 2 53
707 1 0
708 1 0
719 1 0
719 2 101
719 3 245
728 1 0
728 2 49
731 1 0
731 1 54
728 3 223
733 1 0
733 2 64
733 3 276
737 1 0
737 2 72
731 1 497
731 1 515
731 1 548
731 1 595
737 3 220
743 1 0
744 1 0
733 1 533
733 1 600
747 1 0
733 1 746
747 2 110
752 1 0
752 2 62
752 2 67
752 2 73
747 3 234
731 1 1176
752 3 158
731 1 1343
759 1 0
759 2 45
759 3 165
759 1 247
759 3 261
765 1 0
765 2 69
765 3 206
768 1 0
769 1 0
768 2 113
772 1 0
768 3 229
775 1 0
772 2 65
728 1 2378
775 2 39
777 1 0
778 1 0
772 3 192
775 3 179
768 1 1073
802 1 0
802 2 95
803 1 0
803 2 57
802 3 332
802 2 494
809 1 0
813 1 0
802 3 663
809 2 119
816 1 0
813 2 63
818 1 0
813 3 193
818 2 72
819 1 0
809 3 526
818 3 228
818 3 302
827 1 0
827 1 34
819 2 389
809 3 790
818 3 519
818 3 521
809 1 851
818 3 575
819 3 544
777 1 2989
777 1 3003
830 1 0
831 1 0
830 2 33
831 2 54
830 3 94
837 1 0
837 2 78
831 3 275
837 3 288
837 3 441
841 1 0
841 2 70
843 1 0
843 2 36
844 1 0
845 1 0
841 3 201
845 2 49
844 2 88
845 3 154
844 3 339
856 1 0
858 1 0
858 1 102
861 1 0
862 1 0
861 2 52
862 2 86
862 3 187
868 1 0
861 3 329
862 1 402
862 1 444
872 1 0
876 1 0
876 2 45
876 3 137
880 1 0
880 2 45
876 1 301
881 1 0
880 3 194
881 2 45
880 1 406
881 3 257
888 1 0
888 2 81
889 1 0
889 2 43
891 1 0
888 3 386
889 3 193
891 2 154
889 3 366
891 3 275
891 21 373
904 1 0
904 2 63
904 3 173
907 1 0
907 2 60
904 21 428
908 1 0
909 1 0
907 3 208
910 1 0
904 1 592
913 1 0
914 1 0
913 2 197
914 2 130
914 3 279
918 1 0
918 2 66
913 3 752
918 3 243
913 3 945
922 1 0
922 2 62
924 1 0
924 1 31
922 3 179
925 1 0
925 2 56
928 1 0
928 2 59
925 3 244
929 1 0
929 2 41
928 3 306
929 3 191
929 1 369
928 1 576
931 1 0
935 1 0
936 1 0
938 1 0
939 1 0
938 2 38
938 3 116
944 1 0
944 1 1
944 2 57
880 1 6196
880 1 6225
944 3 426
952 1 0
952 1 15
952 2 68
952 2 75
952 2 82
952 3 204
952 3 351
955 1 0
956 1 0
955 1 36
955 2 86
955 3 178
956 2 154
958 1 0
956 3 417
952 1 1041
952 2 1062
952 3 1103
963 1 0
956 21 671
952 1 1229
956 27 733
956 21 846
965 1 0
967 1 0
967 2 189
968 1 0
969 1 0
969 2 54
971 1 0
972 1 0
969 3 214
971 2 95
974 1 0
972 2 70
974 2 35
967 2 590
971 2 194
971 2 195
971 2 195
974 3 135
972 3 218
967 3 717
967 1 911
985 1 0
986 1 0
986 2 48
986 2 58
985 2 74
987 1 0
988 1 0
988 2 79
985 3 196
989 1 0
989 2 33
990 1 0
989 3 103
990 2 160
990 3 378
986 3 646
986 3 820
986 3 831
986 3 850
986 3 858
991 1 0
994 1 0
991 2 42
994 2 48
994 3 123
986 1 1031
997 1 0
