10 3 324
10 4 376
10 7 415
10 13 428
10 14 429
10 15 429
10 7 674
16 3 138
16 4 177
16 7 222
16 14 242
16 7 249
22 3 126
22 4 158
22 7 195
22 7 479
41 3 204
41 4 291
41 7 371
44 3 264
44 4 318
44 7 390
55 3 179
55 4 230
55 7 269
56 3 491
56 4 533
56 7 605
56 13 629
56 14 631
56 15 631
58 3 219
58 4 254
58 7 302
71 3 127
71 4 191
71 7 252
82 7 12
82 13 24
82 30 24
82 14 26
82 15 26
82 7 298
82 13 301
82 30 301
82 14 301
82 15 301
82 7 602
82 13 607
82 30 607
82 14 609
82 15 609
91 3 291
91 4 368
91 7 415
94 3 167
91 29 548
91 29 553
91 29 555
94 4 211
91 14 565
91 7 578
94 7 246
99 3 337
99 4 488
99 7 604
99 34 626
99 14 626
102 3 207
102 4 242
102 7 337
103 3 315
103 4 358
108 3 204
108 4 261
112 3 194
112 4 265
111 3 482
111 4 631
111 7 714
111 4 763
111 7 778
112 7 758
112 13 822
112 14 823
112 15 823
112 7 1132
112 29 1139
112 14 1141
112 7 1162
120 3 258
120 4 310
120 7 377
120 14 391
120 7 415
120 13 488
120 30 488
120 14 489
120 15 489
124 3 335
124 4 413
124 7 460
124 34 478
124 14 479
124 7 483
124 34 493
124 14 493
124 7 496
124 34 502
124 14 503
124 7 507
124 34 531
124 15 534
124 14 534
124 7 539
124 34 555
124 14 556
124 7 559
124 34 566
124 14 570
124 15 570
124 7 572
135 7 11
131 3 179
135 14 77
135 15 77
135 14 93
135 15 93
131 4 259
131 7 295
131 13 358
131 30 358
131 14 359
131 15 359
135 7 264
135 14 275
131 7 418
131 13 422
131 30 422
131 14 425
131 15 425
145 3 178
146 3 174
146 7 225
145 4 242
145 7 275
146 14 284
150 3 176
145 13 319
145 14 320
145 15 320
146 7 324
150 4 228
150 7 269
146 34 403
146 14 413
146 7 417
156 3 150
156 4 179
156 7 228
144 3 1111
160 3 193
144 4 1164
160 4 221
144 7 1212
160 3 232
165 3 487
165 4 571
165 7 620
144 29 1885
175 3 142
144 13 1891
144 30 1892
144 14 1892
144 15 1892
175 4 161
177 3 169
175 7 222
177 4 226
177 7 271
165 4 882
144 7 2115
177 13 368
177 30 368
177 14 369
177 15 369
165 7 920
165 34 949
165 14 950
165 7 955
181 3 191
165 4 975
181 4 235
178 3 395
181 7 320
178 4 497
178 7 648
178 29 821
178 29 860
178 29 932
193 3 170
193 4 242
199 3 115
193 7 288
199 4 137
193 14 319
193 15 319
199 7 187
202 3 149
202 4 192
202 7 237
203 3 551
198 3 812
203 4 588
203 7 629
211 3 114
198 4 905
211 4 143
211 7 182
198 7 972
198 13 1005
198 30 1005
198 14 1007
198 15 1007
178 4 2289
178 3 2306
178 4 2320
178 7 2346
178 29 2397
178 13 2402
178 14 2409
178 15 2409
203 13 1141
203 14 1141
203 15 1141
222 7 43
222 7 240
222 34 295
222 14 296
231 3 246
231 3 269
231 4 306
231 3 366
231 4 373
231 7 427
231 13 479
231 14 480
231 15 480
237 3 149
237 4 170
237 7 210
237 4 254
244 3 161
244 4 216
244 7 328
247 3 105
247 4 138
250 7 20
247 7 156
242 3 723
244 29 638
242 4 816
244 29 687
242 7 914
254 3 285
242 4 1155
242 7 1171
251 3 573
254 4 372
259 3 327
254 7 438
259 4 386
251 4 749
259 7 455
266 3 260
244 13 1253
244 14 1255
244 15 1255
251 7 878
254 13 655
254 30 656
254 14 656
254 15 656
251 34 900
251 14 901
251 7 911
259 13 547
259 30 548
259 14 549
259 15 549
266 4 353
251 14 942
251 7 947
254 7 711
254 13 725
254 30 725
254 14 726
254 15 726
266 7 391
251 14 966
251 7 970
275 3 220
275 4 255
271 3 298
271 4 349
271 7 394
275 7 380
288 7 20
259 7 971
259 13 1002
259 14 1004
259 15 1004
296 3 262
296 4 355
296 7 438
296 4 448
296 7 458
305 3 130
305 4 184
305 7 232
305 14 243
305 14 253
296 29 624
296 13 629
296 14 629
296 15 629
296 7 661
296 14 673
296 14 678
315 3 226
315 4 305
315 4 359
315 4 372
315 3 373
319 3 174
296 7 1544
296 4 1544
319 4 223
319 7 276
319 14 309
319 7 329
319 14 361
319 15 361
319 7 376
319 14 386
319 15 386
319 7 388
325 3 262
325 4 318
329 3 216
325 7 546
329 4 306
325 7 632
329 7 376
329 34 404
329 14 413
329 7 425
336 3 226
336 4 295
336 7 352
336 13 377
336 30 377
336 14 378
336 15 378
336 7 486
336 13 494
336 30 494
336 14 496
336 15 496
347 7 18
348 3 142
348 4 161
348 7 208
344 3 310
349 3 200
349 4 232
344 4 485
349 7 267
344 7 546
344 4 557
344 3 557
353 3 167
354 3 164
354 4 193
353 4 212
353 7 232
355 3 176
354 7 222
355 4 204
354 4 251
354 3 253
354 7 258
354 13 260
354 30 260
354 14 261
354 15 261
354 7 265
354 13 271
354 30 271
354 14 275
354 15 275
355 7 263
363 7 8
363 3 45
363 4 50
363 7 58
363 4 93
363 7 105
363 4 120
363 3 125
364 3 193
364 4 224
364 7 242
364 34 273
364 14 274
369 3 172
369 4 192
367 3 246
369 7 211
367 4 324
367 7 372
363 7 833
367 13 495
367 30 495
367 14 497
367 15 497
363 7 846
363 7 871
363 7 916
378 3 473
384 3 179
378 4 527
384 4 217
378 7 609
378 14 774
378 15 774
378 7 789
378 14 807
378 15 807
378 7 813
378 7 889
389 3 196
388 3 261
392 3 179
388 4 306
388 7 347
389 4 299
392 4 217
389 7 335
392 7 250
392 13 269
392 14 272
392 15 272
393 3 140
390 3 353
388 29 424
389 4 397
395 3 124
390 4 389
393 4 198
395 4 159
393 7 249
393 13 256
393 30 257
393 14 257
393 15 257
395 7 221
388 30 579
388 13 579
388 14 581
388 15 581
397 3 197
397 4 265
397 7 307
409 7 13
409 13 19
409 30 19
409 14 19
409 15 19
404 3 239
404 4 360
404 7 419
406 3 383
412 3 173
404 13 466
404 30 467
404 14 467
404 15 467
412 4 214
406 4 456
414 3 164
412 7 264
414 4 194
412 4 277
406 7 501
412 3 281
416 3 95
412 3 304
412 4 307
406 4 540
412 7 311
414 7 238
412 34 322
412 14 325
412 15 325
412 7 338
416 4 167
412 7 377
412 14 384
416 7 201
412 7 395
412 14 400
412 7 403
404 7 1043
419 3 257
419 4 279
419 7 294
419 13 309
419 14 310
419 15 310
414 29 752
414 29 756
414 29 792
414 29 804
414 29 825
428 7 9
428 29 41
427 3 191
427 4 253
427 7 316
427 4 405
427 7 424
427 34 488
427 14 489
427 7 502
433 3 370
433 4 427
433 7 532
433 13 615
433 30 615
433 14 615
433 15 615
440 3 234
440 4 299
428 3 1166
428 4 1179
440 7 358
440 29 371
428 7 1195
428 4 1228
428 3 1232
446 3 105
447 3 135
446 4 134
446 7 187
447 4 180
447 7 240
447 13 282
447 30 282
447 14 283
447 15 283
448 3 310
447 7 417
440 29 799
448 4 413
440 29 827
456 3 151
456 4 191
456 3 237
448 7 549
448 13 587
448 14 588
448 15 588
461 3 670
461 4 690
461 7 752
472 3 154
472 4 170
473 7 19
472 7 220
473 7 41
461 13 887
461 30 887
461 15 888
461 14 888
473 29 146
473 29 308
470 3 633
479 3 157
479 4 196
479 7 231
470 4 869
479 14 320
479 34 320
470 7 985
470 34 1038
470 14 1038
484 3 377
484 4 449
470 7 1390
510 3 207
510 4 270
510 3 283
516 3 153
516 4 201
516 7 231
521 3 227
521 4 272
521 7 312
523 3 322
522 3 331
523 4 389
522 4 404
522 7 478
523 7 477
526 3 395
523 13 552
523 14 553
523 15 553
526 4 436
526 7 509
534 7 15
534 13 19
534 14 19
534 15 19
529 3 579
529 4 708
526 4 1040
526 7 1063
529 7 1013
529 13 1131
529 30 1131
529 14 1131
529 15 1131
529 7 1165
529 3 1197
529 4 1200
529 7 1213
529 14 1224
529 7 1276
529 14 1285
529 7 1295
529 14 1303
529 7 1329
529 14 1341
529 7 1351
529 14 1363
529 7 1379
529 14 1391
529 7 1402
555 3 153
555 4 187
555 7 245
557 7 13
557 13 34
557 14 35
557 15 35
567 3 130
559 3 314
566 3 210
569 3 168
566 4 251
567 4 241
559 4 375
559 7 392
566 3 259
570 3 186
565 3 323
569 4 211
569 7 249
570 4 258
565 4 377
567 7 343
567 14 356
569 3 290
569 4 293
565 7 419
567 7 363
567 14 369
567 15 369
567 7 371
567 14 381
567 7 383
559 34 499
559 14 501
559 7 508
569 7 300
569 13 309
569 30 309
569 14 310
569 15 310
567 14 394
567 15 394
565 13 479
565 14 483
565 15 484
560 3 611
572 3 248
572 4 281
560 4 655
572 7 318
585 7 18
560 7 790
577 3 255
569 7 643
577 4 318
577 7 350
581 3 313
577 14 432
577 15 432
577 7 438
581 4 367
581 3 399
577 7 506
589 3 289
589 4 331
589 7 399
596 3 185
596 4 247
596 3 333
601 3 146
596 4 349
601 4 189
601 7 229
601 13 264
601 14 266
601 15 266
606 3 147
606 4 207
606 7 252
611 3 160
611 4 185
606 29 303
611 7 228
611 29 287
611 29 290
611 29 290
611 29 307
611 29 334
631 3 132
611 14 1116
631 4 188
631 7 235
611 7 1166
611 4 1166
611 7 1177
611 29 1186
611 29 1190
611 29 1190
611 29 1191
611 29 1203
611 29 1203
631 14 305
631 7 317
631 14 545
631 7 552
640 7 12
640 13 57
640 30 58
640 14 58
640 15 58
639 3 174
639 4 213
639 3 394
639 4 397
639 7 410
652 7 12
649 3 200
649 4 241
649 7 268
649 29 314
649 29 316
651 3 247
649 7 407
651 4 294
653 3 261
653 4 297
651 7 354
651 13 380
651 14 381
651 15 381
653 7 347
659 3 117
659 4 147
657 3 310
659 7 201
651 7 531
657 4 386
659 29 226
657 7 428
652 13 554
652 30 554
652 14 556
652 15 556
657 13 504
657 14 505
657 15 505
653 7 620
669 7 56
671 3 241
671 4 303
671 7 349
671 4 384
671 3 384
682 3 315
682 4 370
682 7 449
682 14 483
682 7 509
682 13 536
682 14 536
682 15 536
682 7 712
682 34 719
682 14 719
682 14 726
682 15 726
691 7 24
682 7 839
682 14 853
682 7 872
688 3 267
682 7 993
697 3 189
697 4 228
702 7 5
702 13 7
702 14 8
702 15 8
697 7 270
697 34 305
697 14 308
697 15 308
688 4 845
688 7 944
705 3 218
705 4 280
705 7 320
705 29 342
719 3 245
720 3 197
719 4 283
720 4 270
719 7 367
720 7 313
720 29 358
723 3 165
725 3 132
723 4 206
725 4 165
723 4 265
722 3 283
723 4 275
723 3 275
722 4 307
725 7 245
722 7 321
725 13 254
725 30 254
725 14 256
725 15 256
731 7 7
722 13 357
722 30 357
722 14 358
722 15 358
731 13 55
731 30 55
731 14 55
731 15 55
730 3 147
730 4 167
730 7 200
726 3 594
726 4 631
724 3 764
726 7 658
731 7 503
731 13 516
731 30 516
731 14 517
731 15 517
740 7 10
731 7 556
724 4 881
741 7 8
731 13 596
731 30 596
731 14 596
731 15 596
724 7 968
724 29 1056
724 13 1093
724 30 1093
724 14 1094
724 15 1094
750 3 204
751 3 158
731 7 1182
752 3 158
750 4 242
751 4 221
752 4 212
751 7 248
750 7 308
750 13 376
750 30 376
750 14 376
750 15 376
731 13 1344
731 30 1344
731 14 1344
731 15 1344
750 7 393
751 4 475
751 7 483
765 3 206
765 4 265
772 3 192
775 3 179
775 4 232
772 4 313
775 7 287
772 7 373
781 3 103
781 4 129
781 7 172
783 3 152
785 3 145
785 4 166
785 7 215
785 29 249
785 4 261
800 3 168
800 4 216
800 7 238
808 3 404
808 4 432
809 3 526
808 7 521
809 4 568
809 7 602
822 3 162
822 4 210
809 4 788
809 3 790
809 7 861
808 13 992
808 30 992
808 14 992
808 15 992
823 3 433
823 4 456
808 7 1091
808 13 1115
808 30 1115
808 14 1116
808 15 1116
777 7 2999
777 7 3009
777 29 3013
777 29 3019
777 29 3058
777 29 3078
777 29 3082
777 29 3089
777 29 3099
823 7 656
835 7 29
835 14 44
835 7 82
777 29 3230
777 29 3231
777 13 3240
777 14 3241
777 15 3241
835 14 99
835 7 104
835 14 108
835 7 114
829 3 329
832 3 205
831 3 275
829 4 367
832 4 258
832 7 288
831 4 333
808 7 1495
829 7 434
831 7 381
829 13 474
829 14 478
829 15 478
808 13 1595
808 30 1595
808 14 1595
808 15 1596
831 34 509
831 14 512
831 15 512
834 3 434
834 4 468
835 7 499
829 7 700
834 7 516
835 34 514
835 14 524
835 7 530
838 3 451
838 4 583
838 3 596
842 3 196
842 4 246
844 3 339
844 4 391
844 7 601
844 13 1261
844 14 1262
844 15 1262
844 7 1295
844 13 1359
844 14 1360
844 15 1360
844 7 1511
860 3 215
863 3 105
863 4 127
863 7 149
860 4 280
860 7 331
863 29 194
863 7 267
860 13 399
860 30 399
860 14 400
860 15 400
863 14 292
863 7 300
844 13 2034
844 14 2036
844 15 2036
844 7 2043
863 14 306
863 7 315
863 13 324
863 15 327
863 14 327
844 29 2063
844 13 2076
844 14 2077
844 15 2077
844 7 2090
844 13 2097
844 30 2097
844 14 2098
844 15 2098
867 3 164
867 4 195
867 7 289
867 13 317
867 14 319
867 15 319
876 3 137
873 3 271
876 4 200
870 3 418
877 3 133
870 4 444
870 7 459
877 4 161
876 7 274
877 7 207
876 13 302
876 30 302
876 14 302
876 15 302
873 4 393
873 7 510
844 7 2868
844 13 2879
844 30 2879
844 14 2880
844 15 2880
883 3 217
883 4 252
878 3 588
883 7 280
878 4 633
883 14 291
883 7 298
878 7 685
844 7 3184
844 29 3256
782 3 6979
782 4 7015
883 4 599
782 7 7071
844 13 3537
844 14 3538
844 15 3538
844 7 3633
844 13 3687
844 14 3687
844 15 3687
896 3 176
896 4 233
896 7 297
844 7 4054
844 13 4071
844 30 4071
844 14 4073
844 15 4073
904 3 173
904 4 328
904 7 426
908 7 8
909 7 21
908 13 69
908 14 70
908 15 70
904 34 593
904 14 593
913 3 752
917 3 217
917 4 274
913 4 874
917 7 366
917 14 391
913 3 945
917 7 405
917 14 410
919 3 282
919 4 365
926 3 100
926 4 125
919 7 479
926 7 163
926 13 195
926 14 195
926 15 195
919 13 525
919 14 526
919 15 526
925 3 244
925 4 318
925 7 364
919 7 726
919 4 738
919 3 742
925 14 481
925 15 481
958 7 12
958 29 381
959 3 345
959 4 425
960 3 311
959 7 468
959 13 498
959 30 498
959 14 499
959 15 499
961 3 273
960 4 369
961 4 336
959 7 581
959 13 595
959 30 595
959 14 595
959 15 595
957 3 681
960 7 441
961 7 386
960 29 478
957 4 805
959 7 1016
959 4 1018
959 7 1028
959 13 1084
959 30 1084
959 14 1085
959 15 1085
959 7 1143
959 13 1165
959 30 1165
959 14 1166
959 15 1166
969 3 214
969 4 258
959 7 1358
959 34 1386
959 14 1387
969 7 322
959 7 1427
969 7 356
974 3 135
974 4 164
967 3 717
974 7 182
967 4 752
974 13 229
974 30 229
974 14 230
974 15 230
974 7 236
967 7 807
974 13 364
974 30 364
974 14 366
974 15 366
967 14 914
977 3 149
976 3 205
977 4 169
977 7 192
976 4 263
977 29 248
977 13 264
977 14 265
977 15 265
986 3 646
986 4 693
986 7 754
986 4 817
986 3 820
986 3 831
986 4 834
986 7 845
986 4 849
986 3 850
986 3 858
986 4 860
986 7 874
986 34 1031
986 14 1031
986 14 1049
986 15 1049
