0 1 0
0 2 52
0 3 128
0 4 151
0 8 320
0 8 325
9 2 90
9 2 100
9 3 166
9 5 219
9 7 229
9 8 250
10 1 0
11 1 0
10 3 324
12 1 0
10 5 410
10 7 415
10 14 429
16 1 0
17 1 0
10 5 669
10 6 674
17 2 95
16 4 177
16 5 213
16 6 222
16 1 238
16 19 238
16 14 242
12 3 511
17 3 321
20 1 0
17 4 373
20 2 69
12 5 718
12 6 727
12 7 728
12 21 729
17 6 455
17 7 455
17 21 458
22 1 0
17 19 496
17 15 507
17 14 507
20 3 275
22 3 126
22 4 158
22 5 185
20 4 368
20 5 400
20 6 403
20 7 403
23 1 0
24 1 0
24 5 6
24 6 11
24 7 11
24 8 79
22 1 464
22 25 471
24 26 131
24 28 131
24 3 245
24 5 267
24 6 273
24 8 302
24 29 308
24 29 338
24 1 344
24 30 344
24 14 345
24 15 345
31 1 0
32 1 0
32 4 182
33 3 208
33 4 313
33 5 354
33 6 358
33 7 358
33 34 406
33 15 409
33 25 418
33 6 418
33 7 418
35 1 0
33 13 449
33 15 450
35 2 70
36 1 0
35 3 176
35 4 249
35 5 304
35 7 307
36 4 260
36 6 316
36 8 323
35 1 383
35 34 383
35 14 385
35 15 385
36 1 343
36 5 356
36 6 365
36 7 365
36 1 382
36 5 389
37 1 0
33 1 1294
33 5 1297
33 6 1302
33 7 1302
38 2 206
38 3 320
39 1 0
38 5 441
38 6 448
38 21 452
38 30 510
38 14 511
38 15 511
40 1 0
40 2 81
38 13 969
38 15 969
40 4 325
40 7 382
40 1 414
40 6 426
40 19 429
40 6 442
40 7 442
40 15 446
40 25 452
40 7 452
41 1 0
41 4 291
42 1 0
41 5 365
41 6 371
42 2 76
41 8 510
42 4 239
42 6 305
42 7 305
42 15 325
42 6 341
42 7 341
44 1 0
44 2 74
45 1 0
45 2 49
45 3 139
45 4 168
45 7 192
45 14 202
45 15 203
46 2 63
47 1 0
47 3 121
46 4 369
46 5 414
46 6 418
46 7 418
46 19 439
46 14 441
46 15 441
48 1 0
48 3 211
48 4 271
48 5 309
48 6 326
49 1 0
50 4 198
51 1 0
52 1 0
53 1 0
53 2 46
53 3 160
53 4 227
53 5 244
53 7 247
53 19 268
53 14 274
53 15 274
53 7 289
53 13 300
53 14 302
53 6 320
53 7 320
53 7 360
53 13 369
53 14 369
55 1 0
55 2 41
55 5 265
55 7 269
56 1 0
56 4 533
56 5 589
56 6 605
56 7 605
56 21 609
56 1 627
56 14 631
57 1 0
58 2 57
59 2 35
59 3 139
58 5 288
58 6 302
58 7 302
58 8 325
62 1 0
59 8 284
59 8 299
59 8 309
59 34 322
59 25 330
59 6 330
59 7 330
62 3 174
62 4 217
62 5 255
63 1 14
62 8 274
63 2 391
64 2 40
64 4 173
64 8 209
64 8 241
64 8 252
64 8 261
64 1 280
64 13 280
64 14 284
63 4 935
63 5 956
63 6 959
65 6 21
65 14 42
66 1 0
66 3 244
66 5 327
66 7 331
66 8 353
66 13 373
66 15 374
67 1 0
71 2 44
70 3 307
70 5 384
70 6 388
70 7 388
71 3 127
71 4 191
72 1 0
72 2 133
74 1 0
73 2 50
72 5 345
74 2 64
72 7 354
72 29 420
74 3 180
70 8 1123
70 34 1136
72 8 525
70 6 1144
70 7 1144
70 19 1169
72 4 545
74 5 263
74 7 270
70 7 1281
75 3 286
77 5 8
77 6 11
77 7 11
78 1 16
75 4 347
76 3 359
76 4 398
76 5 439
76 6 446
76 7 446
76 1 484
76 19 485
76 34 485
76 14 485
76 6 500
76 7 501
76 8 502
76 14 505
76 15 505
79 1 0
80 1 0
79 2 78
81 1 0
80 2 56
81 2 54
82 7 12
82 21 15
82 1 24
82 13 24
82 30 24
81 3 123
81 4 151
81 5 182
81 6 190
81 7 190
79 3 260
81 8 210
80 3 270
80 4 304
79 4 342
80 3 318
79 5 395
82 6 298
82 30 301
82 14 301
82 15 301
77 15 806
79 8 532
79 8 548
79 8 560
79 8 566
79 8 608
79 29 624
79 29 635
79 8 653
79 29 655
79 8 657
79 8 700
79 19 745
79 14 747
79 15 747
82 25 602
82 6 602
82 7 602
79 6 760
79 7 760
82 14 609
82 15 609
79 8 767
79 8 815
79 8 824
79 29 860
84 1 0
84 8 37
85 2 236
87 19 13
87 14 14
87 15 18
86 2 59
86 3 174
86 4 198
86 5 208
86 6 212
86 8 227
86 8 250
88 1 0
89 1 0
89 2 67
77 1 3015
77 6 3030
88 2 203
89 5 306
89 6 312
89 7 313
92 1 0
88 2 548
91 3 291
94 1 0
93 2 31
93 3 83
91 6 415
91 8 461
93 6 142
91 8 468
91 8 477
91 8 493
94 3 167
93 8 161
88 4 861
91 8 506
91 8 519
94 4 211
91 14 565
91 6 578
94 5 232
94 6 246
96 1 0
97 1 0
96 2 41
96 3 118
88 5 1162
88 6 1169
88 7 1169
96 4 158
96 5 189
96 6 192
96 8 211
96 14 229
96 15 229
99 1 0
97 3 278
100 1 0
99 2 119
97 4 386
101 2 57
97 8 480
97 8 506
97 8 519
97 8 548
97 8 555
97 8 565
99 3 337
102 1 0
103 1 0
102 2 82
99 5 592
100 4 487
99 6 603
99 21 604
99 8 617
99 19 626
99 14 626
103 2 105
102 3 207
105 1 0
102 5 335
102 6 337
102 8 347
106 2 84
103 3 315
103 4 358
107 1 0
103 6 414
106 4 210
105 3 237
106 5 255
106 6 265
106 7 265
105 4 304
106 13 293
106 30 293
106 14 294
108 1 0
105 5 358
105 6 367
105 7 367
105 1 414
105 19 414
105 14 428
105 6 440
105 7 440
109 1 0
106 7 448
106 6 448
110 1 0
106 30 457
106 15 458
110 2 27
100 5 1116
108 3 204
100 6 1133
100 8 1141
108 4 261
112 1 0
110 3 119
100 19 1200
112 2 61
100 6 1216
100 7 1216
100 19 1224
100 14 1225
100 15 1235
110 13 172
110 30 172
110 14 173
110 15 173
100 1 1335
100 25 1359
100 5 1362
112 3 194
113 1 0
100 7 1372
113 5 6
113 6 10
113 8 16
113 8 23
113 8 27
100 14 1402
100 15 1402
113 8 41
115 1 0
111 3 482
114 3 124
114 4 159
114 5 204
114 6 208
114 7 208
114 13 228
114 30 228
114 15 230
111 4 631
115 3 301
111 6 714
111 7 714
111 8 729
112 5 749
111 5 769
111 6 777
112 6 758
112 7 758
115 4 393
111 8 802
112 1 822
112 13 822
112 15 823
117 1 0
115 5 463
115 6 473
115 13 554
121 1 0
117 3 212
118 5 202
118 6 210
117 4 283
118 21 213
118 8 234
112 6 1132
112 7 1132
112 29 1139
112 1 1141
112 19 1141
112 14 1141
118 1 260
118 13 260
118 15 260
112 25 1162
112 7 1162
117 5 329
117 7 337
120 3 258
117 1 359
117 13 359
117 14 360
117 15 360
122 1 0
118 14 375
118 15 375
124 1 0
117 6 443
117 7 444
120 5 363
120 6 376
120 7 377
120 21 379
120 26 389
120 6 414
120 8 418
123 2 122
121 4 405
125 1 0
125 5 6
120 13 488
120 14 489
122 3 211
125 6 9
125 25 25
125 6 25
125 7 25
125 8 30
125 8 49
123 3 253
126 2 32
127 1 0
121 5 475
121 7 484
128 1 0
129 1 0
126 2 104
129 2 58
122 7 345
130 1 0
124 3 335
128 3 138
123 5 399
123 7 407
122 13 406
124 4 413
128 4 188
124 7 460
124 21 461
124 8 471
126 4 300
124 19 478
124 34 478
124 14 479
124 6 483
124 19 492
124 25 496
124 6 496
124 7 496
124 19 502
124 14 503
124 7 507
131 1 0
123 1 552
123 13 553
123 14 557
123 15 557
126 5 339
126 6 341
124 8 529
124 15 534
124 25 539
124 6 539
124 34 555
124 14 556
124 25 559
124 6 559
124 8 565
132 1 0
132 8 5
132 7 5
124 15 570
124 7 572
131 2 64
133 2 50
135 1 0
135 5 8
135 6 11
131 3 179
127 4 507
135 19 72
135 136 72
135 14 77
135 15 77
134 2 108
127 5 543
127 6 551
127 8 560
134 2 147
134 2 177
131 5 288
133 4 194
133 5 227
133 29 240
131 6 295
131 7 295
131 30 358
131 14 359
137 1 0
135 1 254
135 6 263
135 7 264
135 14 275
131 6 418
131 13 422
131 14 425
131 15 425
139 1 0
141 1 0
142 1 0
138 2 63
139 2 119
144 1 0
115 13 2091
115 14 2091
115 15 2091
144 2 50
143 3 190
141 3 264
141 5 346
141 6 362
141 7 362
143 6 304
141 8 380
141 8 394
141 8 413
139 3 492
139 4 550
122 6 1583
122 7 1583
139 5 628
139 6 632
139 7 633
145 1 0
139 8 652
146 1 0
139 29 674
147 1 0
139 13 708
139 15 711
150 1 0
150 2 42
151 1 0
146 5 199
146 7 225
146 1 273
146 19 274
145 8 299
146 14 284
152 1 0
153 1 0
146 8 336
146 8 354
152 2 64
151 2 207
122 8 2035
150 6 269
150 7 269
150 8 280
155 1 0
155 5 10
155 6 12
127 5 1804
156 1 0
146 8 400
146 8 402
146 8 402
122 15 2042
146 19 403
155 8 34
146 8 422
146 8 427
146 8 442
155 1 78
156 2 55
157 1 0
155 6 89
155 7 89
152 3 174
152 4 191
159 1 0
160 1 0
158 2 75
156 4 179
159 2 40
156 5 220
156 6 228
159 3 111
158 4 173
158 5 204
158 6 208
157 3 283
162 1 0
152 5 424
152 6 427
152 7 427
159 4 184
160 3 193
158 19 256
152 8 465
163 1 0
159 7 214
160 4 221
158 15 259
158 6 273
158 7 274
144 5 1204
152 8 467
164 1 0
160 3 232
158 19 297
158 14 300
144 8 1244
157 3 370
159 8 289
157 4 422
152 8 578
157 5 457
157 6 463
151 4 763
167 1 0
157 8 478
157 8 490
168 5 14
152 1 645
152 26 646
152 27 646
152 14 647
168 7 24
157 4 513
157 3 514
169 1 0
151 5 840
165 2 229
169 2 58
144 8 1489
151 14 894
167 2 128
170 2 44
170 3 107
169 3 213
170 4 133
166 3 380
174 1 0
167 5 314
167 6 319
167 7 319
169 5 257
169 6 262
169 7 263
169 8 268
169 5 305
166 4 450
167 13 372
167 15 373
175 1 0
176 3 3
177 1 0
175 2 29
166 6 528
170 136 303
170 14 303
170 25 308
170 6 308
166 14 540
177 2 47
178 1 0
170 19 326
170 14 326
165 6 620
165 7 620
144 29 1885
175 3 142
170 25 396
170 6 398
170 7 398
144 8 1887
144 13 1891
144 14 1892
144 15 1892
174 2 247
175 4 161
165 8 700
177 3 169
176 4 182
170 136 433
170 14 436
170 15 436
179 1 0
176 7 225
175 6 222
169 3 573
182 2 31
183 1 0
177 4 226
174 3 333
179 2 50
181 2 43
177 5 257
177 6 270
174 3 397
169 4 664
165 4 882
165 5 898
169 5 675
144 7 2115
177 30 368
165 7 920
182 3 163
165 34 949
165 19 949
165 7 955
165 8 959
169 2 736
151 1 1593
151 6 1608
151 7 1609
165 8 963
165 4 975
169 25 767
169 5 769
181 4 235
178 3 395
179 4 254
182 6 265
182 7 265
182 8 305
185 1 0
185 1 22
185 14 23
181 6 320
181 7 320
182 29 310
182 8 311
186 1 0
173 5 692
185 6 30
185 8 31
173 6 701
173 4 718
173 3 719
179 6 394
185 8 59
185 14 65
185 7 69
185 8 78
185 8 80
185 8 85
183 2 350
183 2 356
183 2 357
185 19 89
185 6 96
185 8 99
185 2 117
185 25 131
185 6 146
183 2 399
179 5 472
179 6 481
185 8 156
185 8 160
185 29 167
185 19 171
178 5 632
179 5 500
179 6 514
178 6 648
178 21 649
187 2 35
178 8 766
164 2 1402
187 3 109
178 29 821
187 4 132
189 1 0
187 5 170
187 7 185
184 2 598
189 2 82
183 3 766
178 8 966
190 2 71
191 1 0
192 2 27
194 1 0
192 3 84
195 1 0
184 6 784
184 1 790
184 14 791
184 15 791
193 2 62
197 1 0
192 5 130
189 4 328
192 8 153
192 8 160
192 29 161
192 13 167
192 30 167
192 15 169
196 2 55
196 2 65
189 5 364
198 1 0
192 25 188
192 30 201
192 14 201
192 15 201
189 7 380
189 21 383
189 8 387
189 26 437
194 6 228
194 7 228
194 8 240
200 1 0
164 3 1875
199 2 63
198 2 86
193 4 242
190 4 384
196 3 203
200 2 43
193 5 276
195 2 229
193 6 288
193 7 288
193 21 293
199 4 137
202 1 0
193 8 310
193 26 315
193 15 319
201 2 57
196 5 289
196 6 291
199 5 181
199 6 187
199 8 207
200 4 157
204 1 0
199 8 218
204 5 10
204 6 18
196 8 328
196 1 338
196 19 338
200 5 184
200 6 199
204 1 26
204 13 26
204 14 33
196 25 359
196 6 359
200 8 213
200 29 217
200 8 229
205 1 0
200 8 235
200 30 257
200 14 258
197 4 400
164 5 2141
164 6 2157
164 7 2157
202 4 192
195 3 459
202 7 237
197 5 466
164 8 2199
197 6 483
195 4 531
202 8 340
195 5 582
195 6 597
195 7 597
207 1 0
208 1 0
201 3 413
205 2 247
208 6 22
208 7 22
200 30 474
200 15 474
195 1 646
195 14 646
195 15 646
203 2 321
201 4 449
205 2 278
201 5 495
201 6 510
201 7 510
197 4 735
201 8 556
201 1 572
201 19 572
201 136 572
210 1 0
201 6 608
201 7 608
209 2 93
203 3 551
205 4 502
198 3 812
211 2 35
212 1 0
203 5 618
203 6 629
203 8 635
211 3 114
192 25 1089
192 7 1089
211 4 143
211 5 172
211 6 182
209 3 259
205 1 676
205 13 676
205 14 679
211 8 211
213 5 7
198 13 1005
198 30 1005
198 14 1007
198 15 1007
209 3 326
213 7 23
210 3 327
209 4 371
215 1 0
216 1 0
203 8 865
178 4 2289
216 2 44
209 5 439
210 5 429
209 7 448
210 6 444
210 7 444
215 2 65
178 3 2306
178 4 2320
214 2 105
178 5 2342
178 6 2346
178 7 2346
178 21 2347
213 29 200
217 2 42
212 3 355
178 8 2361
213 29 203
203 8 1001
210 1 523
210 30 526
210 15 533
178 1 2402
178 13 2402
217 3 99
216 4 184
209 13 565
209 15 571
210 25 553
215 3 190
216 5 209
217 4 145
209 25 604
209 6 604
209 7 604
209 13 609
209 30 609
212 4 431
209 14 613
216 7 223
217 5 173
203 8 1075
220 1 0
219 2 46
217 6 179
217 7 179
217 8 188
217 13 206
209 25 652
209 6 652
209 7 652
209 14 659
209 15 659
212 7 488
215 4 279
217 15 206
203 14 1141
203 15 1141
219 3 124
217 25 267
217 7 267
217 8 269
217 8 273
217 8 275
217 15 279
209 25 756
209 6 757
209 15 764
219 4 153
222 1 0
219 5 178
219 6 184
222 1 35
222 8 42
222 6 42
214 3 478
219 13 206
219 15 207
217 6 411
222 8 87
224 1 0
214 5 566
217 14 461
221 3 250
214 6 575
217 8 552
217 13 553
217 14 554
217 15 554
222 8 256
226 1 0
222 19 295
222 34 295
222 14 296
225 2 84
228 1 0
224 2 211
221 6 417
221 7 417
221 14 445
221 15 445
224 2 243
224 3 262
214 30 842
214 14 843
229 1 0
230 1 0
229 2 50
231 1 0
232 1 0
233 1 0
225 3 312
230 2 83
232 5 20
232 8 30
232 7 31
225 4 398
229 3 153
225 6 439
230 2 240
229 5 259
229 6 263
229 7 263
225 8 524
225 8 551
235 1 0
235 5 2
231 3 246
231 3 269
230 3 342
236 1 0
237 1 0
238 1 0
239 1 0
231 4 373
237 2 34
240 1 0
231 5 422
231 7 427
238 2 104
240 2 42
229 13 523
241 1 0
230 4 534
237 5 205
240 3 155
214 7 1507
214 26 1516
214 14 1516
237 6 209
237 7 210
238 3 209
240 4 210
230 5 687
230 6 695
230 7 695
238 4 261
240 5 237
238 5 293
240 8 255
240 13 261
240 14 261
241 4 207
230 6 742
240 13 289
240 30 289
241 6 256
230 13 770
230 14 777
244 1 0
245 1 0
241 8 280
230 6 815
240 6 369
240 7 369
243 2 63
230 4 817
244 2 42
242 2 223
240 8 372
241 1 325
241 5 328
241 8 340
241 13 344
241 14 344
241 15 344
241 8 396
241 14 400
241 15 400
241 6 403
246 1 0
241 13 407
241 14 408
241 15 408
245 2 137
244 4 216
246 2 68
243 3 253
248 1 0
247 2 33
243 4 324
244 5 321
244 6 327
244 7 328
246 3 200
248 2 39
243 5 360
243 6 365
249 1 0
246 4 264
251 1 0
250 6 20
250 7 20
250 8 35
247 5 153
252 1 0
246 5 307
246 6 317
246 7 317
248 3 175
249 2 98
245 3 464
248 4 219
244 8 529
248 5 255
248 6 260
248 7 260
252 2 112
245 3 568
248 8 326
254 1 0
244 8 639
242 4 816
252 3 226
244 8 688
252 4 272
254 2 90
252 6 297
252 7 297
242 5 907
242 6 914
259 1 0
249 4 408
258 2 41
258 2 44
256 2 82
259 2 52
257 2 88
260 1 0
249 5 496
249 7 499
261 1 0
262 1 0
249 8 529
249 8 536
260 2 53
262 2 46
254 3 285
263 1 0
242 8 1140
264 1 0
261 2 76
242 4 1155
242 7 1171
242 21 1175
265 2 46
256 3 319
263 2 57
253 4 477
266 2 61
267 1 0
261 3 165
256 4 372
262 3 188
264 2 114
254 5 427
254 6 437
254 7 438
255 4 377
268 5 5
253 5 575
253 7 580
268 6 10
268 1 18
268 13 18
268 30 19
268 14 21
268 15 21
263 3 162
263 4 179
259 4 386
265 5 197
265 6 202
265 7 202
255 5 443
255 6 447
255 7 447
272 1 0
263 5 206
263 7 210
264 3 214
265 13 216
273 1 0
269 2 51
274 1 0
256 6 475
256 21 476
263 8 224
263 8 232
260 4 352
259 5 442
259 6 455
258 4 479
263 8 250
263 1 273
263 13 273
263 30 273
263 14 273
262 5 347
264 4 253
260 5 382
260 6 390
260 7 390
259 8 462
255 8 547
262 6 363
264 5 299
264 6 302
264 7 302
275 2 66
251 5 862
251 7 878
264 1 313
264 14 316
264 15 316
260 8 456
254 13 655
254 30 656
254 14 656
254 15 656
269 3 162
251 8 891
251 6 911
251 7 911
260 8 471
259 1 546
259 14 549
259 15 549
277 2 42
251 19 938
251 6 947
251 7 947
260 19 498
260 14 499
260 26 516
254 6 711
254 7 711
278 1 0
254 13 725
254 30 725
269 3 228
266 5 387
266 6 391
256 26 655
251 19 964
251 136 965
251 6 970
251 7 970
279 1 0
255 8 696
258 5 659
272 3 241
256 6 688
256 26 706
265 7 446
255 30 706
255 13 706
255 14 710
255 15 710
258 6 675
264 7 475
264 4 479
281 1 0
275 4 255
278 2 84
269 5 315
276 3 177
256 7 746
256 26 754
256 14 755
256 6 758
281 2 34
269 6 332
269 7 332
269 8 348
283 1 0
269 8 359
258 29 735
284 1 0
256 8 779
256 26 789
256 27 789
256 6 797
256 7 797
285 1 0
280 2 77
269 8 379
283 2 35
255 6 801
255 7 801
271 4 349
255 26 808
255 14 812
255 15 812
256 8 810
285 2 39
286 1 0
271 5 379
271 7 394
272 6 373
272 7 374
277 5 237
272 8 382
277 6 252
272 8 393
256 8 850
264 5 591
287 1 0
264 6 603
275 5 369
275 6 380
275 7 380
275 21 381
272 8 401
264 30 615
264 14 617
264 15 617
281 3 148
269 8 472
277 13 288
277 30 288
277 14 288
277 15 288
272 8 439
287 2 51
283 3 141
269 13 494
280 4 237
288 1 0
288 5 4
288 6 20
275 8 450
275 8 465
270 5 526
281 4 216
280 5 272
270 6 531
270 7 531
270 21 531
259 1 921
280 6 282
281 5 261
259 25 959
259 5 964
283 5 234
255 7 1034
255 6 1034
285 4 249
281 6 276
259 6 971
259 7 971
259 8 985
283 6 250
283 7 250
285 5 280
281 19 306
281 34 306
281 14 306
281 6 310
281 7 310
281 8 316
281 19 318
281 14 318
281 6 321
278 3 407
292 2 50
259 1 1000
259 13 1002
259 14 1004
259 15 1004
255 8 1072
285 6 282
285 19 307
281 34 342
281 15 345
285 14 314
285 15 314
285 4 334
285 3 335
294 2 41
278 4 456
287 4 291
275 8 680
278 5 512
293 2 118
295 1 0
287 5 338
278 6 526
278 7 526
255 5 1189
294 3 138
287 6 347
287 7 348
287 14 382
287 15 382
296 1 0
257 3 1250
290 3 296
294 7 208
294 8 210
278 8 623
290 4 324
294 8 235
278 8 637
278 3 655
257 4 1282
297 1 0
297 6 18
297 7 18
290 5 359
290 6 363
290 7 363
294 8 254
294 8 258
296 2 80
297 1 21
297 5 23
297 6 28
297 8 37
297 19 40
257 5 1330
297 14 40
297 7 45
290 13 385
290 30 385
290 15 386
294 19 305
294 14 306
298 2 35
297 8 58
297 19 64
297 34 64
297 14 65
297 6 67
255 8 1388
297 8 85
297 19 89
297 34 89
255 8 1416
257 1 1407
257 13 1410
257 30 1410
257 14 1411
292 4 439
290 14 505
290 15 505
295 5 285
302 1 0
303 1 0
298 3 164
301 2 31
303 5 36
298 4 191
304 1 0
304 2 17
304 2 19
304 2 19
303 6 41
303 8 62
305 1 0
298 8 253
298 30 263
298 15 264
298 6 266
298 7 266
306 5 3
296 4 355
303 1 102
303 5 122
303 6 129
298 13 281
298 14 281
298 15 281
305 2 53
303 7 129
303 1 163
296 5 434
296 6 438
296 4 448
298 6 364
298 7 364
298 8 375
308 1 0
296 8 487
298 8 390
298 29 391
298 8 399
298 29 406
298 8 408
309 1 0
306 8 137
306 1 145
306 19 145
306 14 146
306 14 151
306 15 151
305 4 184
299 6 416
299 7 416
305 5 218
307 2 187
305 6 232
305 7 232
305 1 242
305 19 242
305 14 243
301 4 353
303 2 352
308 3 139
301 7 393
296 29 624
296 13 629
296 6 661
303 3 416
303 4 424
301 8 436
308 4 198
296 14 673
296 26 677
296 14 678
310 1 0
303 2 470
303 3 484
303 4 488
311 1 0
312 1 0
303 5 493
303 7 499
303 1 506
303 30 508
303 14 511
303 15 511
308 2 312
308 2 317
307 3 415
311 2 53
309 4 294
309 5 324
309 6 326
309 7 326
309 19 354
309 136 354
309 14 357
309 15 357
309 25 368
309 6 368
309 8 373
307 5 580
301 13 745
301 14 748
301 15 748
307 7 589
307 8 652
307 8 695
313 1 0
307 8 711
313 2 27
307 8 737
307 8 743
255 2 2375
314 1 0
307 29 777
301 7 949
301 6 949
301 3 950
314 2 42
315 1 0
316 1 0
313 3 106
307 29 807
307 8 808
255 3 2428
255 4 2440
313 4 133
315 2 49
307 13 838
307 14 839
307 15 839
255 6 2459
255 7 2459
313 5 154
316 2 56
313 6 162
313 13 201
313 15 202
317 1 0
314 4 219
313 25 282
313 7 282
320 1 0
314 7 261
313 13 294
313 15 295
315 3 226
313 25 345
313 6 345
293 3 1619
318 2 107
313 14 357
313 15 357
316 3 291
315 6 345
316 4 339
293 7 1716
315 5 368
315 4 372
315 3 373
319 3 174
296 7 1544
296 4 1544
319 4 223
316 5 422
316 7 429
316 21 431
319 5 263
319 6 275
319 7 276
323 1 0
324 1 0
319 19 308
319 14 309
326 5 2
326 6 6
326 7 6
323 2 54
319 19 359
319 14 361
321 2 180
319 6 376
317 6 485
317 7 485
319 14 386
319 25 388
319 6 388
321 2 202
321 2 220
323 3 136
327 1 0
322 4 203
322 5 242
322 6 245
322 7 245
325 3 262
323 6 243
323 7 243
328 2 50
325 4 318
330 2 27
329 2 106
328 3 208
332 1 0
328 4 266
328 5 281
328 6 285
328 7 285
328 8 297
325 5 534
328 4 359
325 8 594
333 3 114
325 1 621
329 4 306
333 4 145
328 8 412
325 7 632
327 3 493
328 8 436
329 6 376
329 8 394
329 1 404
329 34 404
327 4 537
329 25 424
329 7 425
333 8 247
328 1 561
328 14 565
328 15 565
336 1 0
327 6 684
328 25 641
328 6 641
337 1 0
337 2 47
336 5 344
337 3 147
336 6 352
336 7 352
336 13 377
336 15 378
337 4 223
337 6 261
339 1 0
337 14 287
337 15 287
336 6 486
336 7 486
336 13 494
336 30 494
336 14 496
341 1 0
339 3 171
339 4 251
339 5 328
342 2 40
339 6 336
339 7 336
339 13 377
339 30 377
339 14 378
339 15 378
340 3 260
342 3 131
344 1 0
345 1 0
340 4 351
340 5 371
340 6 372
340 7 373
346 1 0
340 19 397
340 15 399
346 2 46
347 5 13
347 7 18
342 5 237
342 7 247
348 1 0
339 6 549
339 7 549
339 13 559
339 30 559
339 14 559
342 8 262
342 13 288
342 15 289
348 2 44
348 2 58
346 3 158
346 4 178
348 3 142
346 5 250
348 5 201
348 6 208
344 3 310
345 3 366
351 1 0
351 5 5
351 7 9
351 8 17
351 29 25
352 1 0
349 3 200
351 8 28
349 4 232
345 4 472
355 1 0
349 6 266
354 2 33
353 2 55
350 2 238
341 3 829
349 7 267
344 7 546
345 7 531
345 21 532
345 8 542
345 8 542
357 1 0
352 3 118
355 2 59
344 3 557
345 8 579
341 4 884
358 1 0
359 1 0
360 1 0
341 7 915
341 8 937
352 5 165
352 6 177
352 7 177
354 3 164
352 14 199
352 6 208
352 7 208
353 4 212
353 5 226
353 6 232
353 7 232
360 2 62
354 5 219
354 6 222
345 29 676
345 8 681
361 2 46
352 4 279
355 4 204
354 4 251
354 3 253
354 25 255
354 7 258
353 8 280
353 8 288
354 15 261
354 6 265
354 7 265
354 13 271
354 30 271
354 14 275
354 15 275
345 8 757
360 5 196
359 3 202
360 7 200
350 5 579
362 1 0
350 6 591
345 8 869
350 15 607
363 6 8
360 5 275
360 7 284
363 3 45
363 4 50
363 5 54
363 6 58
363 7 58
363 21 61
361 5 283
361 6 287
361 7 287
345 8 963
363 7 105
363 21 107
359 5 390
359 6 398
359 7 398
363 4 120
363 3 125
361 136 341
361 14 341
359 13 407
359 30 407
359 14 409
364 1 0
364 2 54
345 4 1046
345 5 1054
345 6 1061
345 7 1061
365 1 0
365 2 48
366 1 0
366 2 42
366 2 55
366 2 63
368 1 0
364 4 224
364 5 235
345 26 1220
345 282 1220
367 2 54
364 6 242
364 8 269
345 6 1270
345 7 1270
368 2 59
364 1 273
364 19 273
364 34 273
364 14 274
369 2 79
370 1 0
345 13 1380
345 15 1381
368 3 177
345 25 1401
345 6 1401
345 8 1408
345 26 1411
345 282 1412
345 14 1412
369 4 192
366 7 254
371 5 2
365 4 359
369 6 211
369 7 211
365 6 399
365 7 399
368 5 279
367 4 324
368 8 314
365 8 459
367 5 360
368 8 336
372 1 0
367 6 372
367 7 372
367 21 373
368 8 364
368 8 377
368 29 384
365 1 510
359 25 1027
359 6 1027
359 7 1027
365 25 568
365 8 570
365 19 586
363 1 824
363 6 832
363 21 835
365 14 590
365 25 606
365 6 606
365 7 606
367 30 495
367 15 497
363 5 843
363 25 865
363 5 866
363 6 871
363 7 871
363 8 876
363 7 916
374 2 110
368 19 663
368 14 663
372 3 351
373 3 267
376 1 0
372 4 391
374 3 299
377 1 0
372 5 436
373 7 340
376 2 74
372 7 446
379 1 0
377 2 78
372 8 469
373 5 403
374 21 389
380 1 0
372 1 500
372 13 501
373 6 411
373 7 411
373 8 418
380 2 43
381 1 0
374 13 457
374 30 457
373 34 521
382 1 0
377 3 255
382 2 39
381 3 123
377 4 282
381 5 183
381 6 199
377 6 352
377 7 352
380 3 253
382 3 137
384 1 0
385 1 0
381 14 251
374 1 722
380 5 335
380 21 341
385 2 57
384 2 66
377 4 462
377 3 466
380 19 367
380 15 370
380 25 379
380 6 379
380 13 383
377 25 491
377 5 491
377 8 508
386 1 0
387 1 0
378 4 527
377 6 554
377 7 554
377 8 567
386 2 83
378 5 604
378 7 609
387 5 142
387 6 150
385 4 400
385 5 416
378 26 771
378 14 774
378 25 788
378 6 788
385 6 428
385 7 428
378 26 803
378 27 804
378 14 807
378 15 807
378 25 812
378 6 813
378 7 813
385 19 505
385 34 505
389 1 0
378 25 881
378 5 882
390 1 0
389 2 46
378 7 889
388 2 135
389 3 196
390 2 189
393 1 0
388 3 261
394 1 0
395 1 0
377 8 1189
388 5 342
388 7 347
394 2 36
389 4 299
392 4 217
388 8 365
388 8 370
389 5 331
389 7 335
392 6 250
392 7 250
392 1 269
392 15 272
389 8 360
389 8 368
393 3 140
390 3 353
388 29 424
388 8 427
396 2 95
389 8 385
389 8 391
393 4 198
393 5 243
398 1 0
393 6 249
393 13 256
393 15 257
398 2 39
395 6 220
395 7 221
400 1 0
398 2 45
388 13 579
388 14 581
388 15 581
399 5 10
399 6 19
399 7 19
399 15 23
401 1 0
396 3 300
401 2 44
400 2 86
397 3 197
403 1 0
404 1 0
396 4 358
405 1 0
397 4 265
401 3 143
405 2 36
406 1 0
407 1 0
404 2 74
408 1 0
385 26 1227
397 5 304
397 6 307
397 7 307
403 2 68
401 4 189
396 5 434
396 6 439
396 7 439
401 5 205
401 6 212
401 7 212
397 8 360
409 1 0
409 5 4
409 7 13
409 13 19
409 14 19
409 15 19
410 1 0
398 3 352
411 1 0
387 30 1202
398 4 393
387 14 1205
400 4 375
411 2 63
396 136 635
396 19 635
403 4 287
405 6 272
405 7 272
411 2 104
400 5 444
400 7 446
412 2 58
414 1 0
396 14 722
403 7 390
415 1 0
400 4 497
400 5 501
400 6 503
400 7 504
404 5 405
396 25 739
396 6 739
396 7 739
413 2 48
414 2 55
403 8 442
398 5 621
398 6 629
400 6 559
404 13 466
404 14 467
400 4 583
400 3 586
411 3 274
416 1 0
416 1 0
406 4 456
415 3 147
398 19 731
398 34 731
398 14 731
412 5 261
412 6 263
412 7 264
414 4 194
412 4 277
403 2 552
406 7 501
405 8 543
298 1 7364
298 5 7369
398 25 745
398 6 745
398 7 745
412 4 307
406 4 540
417 1 0
418 1 0
398 8 786
415 6 235
412 6 311
412 7 311
414 6 238
412 19 322
412 15 325
414 8 257
412 25 337
412 6 337
412 7 338
411 5 397
411 4 418
403 3 623
418 2 41
403 5 642
403 6 652
403 7 652
405 29 649
398 8 827
412 25 371
412 5 372
412 6 377
412 7 377
412 14 384
416 6 201
412 6 394
412 7 395
413 4 345
412 19 399
412 14 400
412 7 403
417 3 118
418 3 144
413 5 381
413 6 385
398 8 928
413 1 432
413 19 432
413 14 433
419 1 0
418 4 197
420 1 0
413 7 442
417 5 210
413 15 469
413 6 476
419 2 35
417 6 221
417 7 221
418 6 246
418 7 246
398 19 1017
398 34 1017
398 14 1029
398 25 1042
398 7 1042
398 8 1062
417 8 290
418 8 304
418 8 317
418 13 320
418 15 321
421 2 53
398 34 1117
398 25 1125
422 1 0
422 5 7
422 6 13
422 8 28
423 1 0
421 3 143
419 3 257
424 6 12
424 8 18
421 4 174
419 6 294
419 7 294
419 8 298
421 5 204
421 6 210
421 7 210
419 13 309
419 14 310
419 15 310
414 8 753
414 29 756
414 8 757
426 1 0
414 8 779
414 29 792
414 8 797
428 1 0
428 6 9
429 1 0
430 1 0
430 5 5
430 6 12
430 7 12
431 6 18
431 7 18
429 2 114
423 3 307
429 2 124
427 3 191
423 5 374
423 7 378
432 1 0
421 30 523
421 15 524
427 4 253
433 1 0
421 25 563
421 7 563
427 5 302
423 8 462
421 25 583
427 6 315
427 7 316
427 8 344
424 8 526
427 8 401
427 6 424
427 7 424
427 21 425
427 8 429
427 8 444
434 2 55
435 1 0
427 8 478
433 2 183
427 19 488
427 34 488
427 14 489
427 25 502
427 6 502
427 7 502
432 3 263
434 3 159
421 7 827
421 30 833
421 15 834
421 14 834
434 4 201
432 4 329
434 5 222
434 6 234
434 7 234
432 6 375
432 7 375
421 25 910
421 7 910
421 30 918
433 3 370
436 1 0
437 1 0
421 25 1026
421 6 1026
421 7 1026
421 14 1039
433 6 532
433 7 532
439 1 0
440 1 0
437 3 184
421 25 1173
421 7 1173
440 2 28
433 30 615
437 4 227
421 13 1185
421 30 1185
421 14 1186
441 1 0
437 5 284
437 6 290
441 2 69
438 3 282
437 4 389
437 6 397
437 7 397
440 3 234
428 1 1089
438 5 401
438 6 418
438 7 418
444 1 0
443 2 39
428 2 1124
440 4 299
441 3 253
438 14 458
438 15 458
446 1 0
447 1 0
428 3 1166
428 4 1179
438 19 484
438 7 493
440 5 354
440 6 358
440 8 374
446 2 33
447 2 44
428 7 1195
438 13 530
438 14 530
438 15 530
443 3 168
451 1 0
451 1 0
428 4 1228
428 3 1232
441 6 373
441 7 373
448 2 63
445 2 118
441 19 401
441 6 415
441 7 415
446 3 105
452 1 0
443 4 206
447 3 135
441 14 421
441 15 421
441 8 432
446 4 134
453 1 0
443 5 247
443 6 252
443 7 252
441 8 463
446 5 171
446 7 187
447 4 180
443 8 271
443 8 299
443 8 310
450 3 171
436 6 749
436 7 749
441 19 510
441 14 515
447 6 240
447 7 240
451 3 191
454 1 0
452 3 148
447 13 282
447 14 283
447 15 283
451 4 239
454 2 52
455 1 0
438 7 800
452 5 207
448 3 310
452 6 217
452 7 217
456 1 0
445 3 382
454 3 111
438 14 821
438 15 821
451 5 310
451 6 326
456 2 65
456 2 71
447 6 416
450 5 352
438 14 883
438 6 888
450 6 368
450 7 368
438 8 916
454 6 173
438 19 925
438 34 926
454 8 179
438 14 932
440 29 799
450 29 415
436 6 982
436 7 982
457 1 0
454 8 211
440 8 801
440 29 827
445 5 511
450 8 446
450 34 455
450 19 455
456 4 191
450 15 467
459 1 0
456 3 237
461 1 0
448 5 544
448 6 549
462 1 0
448 13 587
448 14 588
459 2 61
450 6 581
460 3 111
462 2 55
450 8 627
450 13 634
450 14 638
450 15 638
460 4 140
460 5 176
460 6 180
460 7 180
460 8 195
462 3 178
463 1 0
436 8 1350
462 5 252
462 7 256
462 8 298
459 5 351
436 34 1449
462 8 326
459 6 367
459 7 367
436 7 1459
462 8 358
466 1 0
466 1 4
467 1 0
462 30 376
436 8 1521
436 34 1563
436 14 1564
466 2 87
463 5 267
436 25 1587
436 6 1587
436 7 1587
469 1 0
436 8 1630
470 1 0
465 3 251
436 34 1656
469 2 62
471 1 0
470 2 68
465 6 345
469 3 125
461 3 670
466 3 290
472 2 63
469 6 192
469 13 202
469 30 202
469 15 203
469 6 219
469 7 219
461 7 752
471 3 136
471 4 181
472 3 154
473 1 0
473 5 3
473 7 19
473 5 26
473 8 27
471 5 216
471 7 232
466 4 461
472 5 215
472 7 220
469 13 318
469 14 319
469 15 319
471 8 259
474 1 0
461 30 887
461 14 888
471 1 304
471 14 306
466 5 521
444 3 1573
475 2 54
469 6 436
469 4 437
473 29 146
466 19 567
466 14 571
466 15 571
469 3 440
469 1 453
473 8 169
444 5 1639
469 2 493
477 1 0
444 6 1643
444 7 1644
474 3 158
444 13 1673
444 30 1673
444 14 1674
444 15 1674
478 1 0
477 2 61
473 8 271
475 3 189
469 3 571
476 3 146
473 29 308
474 5 252
474 7 261
474 282 262
474 21 262
476 4 187
469 5 637
476 5 213
476 7 222
470 3 633
469 6 652
469 7 653
469 21 655
475 8 293
480 2 32
483 5 2
484 1 0
469 8 737
479 2 70
477 3 221
485 1 0
485 1 10
480 3 87
469 26 769
444 7 1967
444 8 1972
480 6 173
480 7 173
477 4 354
479 5 225
479 6 230
477 5 383
477 6 388
477 7 388
469 5 899
469 6 904
469 7 904
469 8 909
469 14 911
469 15 911
479 8 262
487 2 105
477 29 422
469 6 937
469 26 944
469 14 945
479 8 277
479 8 283
479 8 286
477 8 428
477 8 433
477 8 436
477 8 440
489 1 0
488 2 94
469 25 954
469 26 959
469 27 959
469 14 963
469 15 963
469 6 964
469 7 964
469 26 967
479 19 318
479 14 320
479 34 320
474 8 643
469 13 986
490 1 0
470 7 985
444 7 2160
476 5 582
470 1 1038
470 19 1038
470 34 1038
470 14 1038
485 2 326
476 29 636
491 1 0
492 1 0
493 1 0
444 29 2257
496 1 0
496 1 0
444 26 2282
444 14 2285
488 3 289
497 1 0
485 3 414
493 2 58
485 4 434
493 2 64
484 4 449
492 2 129
485 5 478
485 6 482
485 7 483
444 6 2389
481 4 558
488 5 404
500 1 0
500 1 1
497 4 166
501 1 0
481 6 638
481 7 638
488 8 451
497 5 190
502 1 0
481 4 661
488 136 500
488 14 503
488 15 503
488 6 510
497 6 206
503 1 0
503 1 0
490 4 348
492 3 289
488 19 530
488 136 531
488 14 531
488 25 539
488 6 539
488 7 539
497 8 256
490 5 384
490 7 401
490 21 403
481 5 706
485 8 668
481 8 725
481 3 735
498 3 192
502 3 98
488 8 579
497 8 290
504 1 0
492 4 373
487 4 675
498 5 297
487 5 711
487 6 727
487 7 728
502 5 160
502 6 175
485 8 798
498 7 313
487 14 741
487 15 741
490 8 552
492 7 468
505 1 0
490 8 565
502 8 222
502 8 240
506 1 0
490 4 601
492 19 511
492 14 512
492 15 531
505 2 51
497 34 495
490 6 627
490 7 628
492 13 543
502 13 306
502 30 306
497 26 501
497 14 501
497 25 506
497 6 506
497 8 514
497 26 522
497 15 526
497 25 559
497 6 559
497 8 594
508 1 0
497 14 651
502 7 435
502 13 440
502 30 440
502 14 441
502 15 441
492 6 711
492 7 711
505 3 229
497 25 654
492 6 746
492 7 746
492 21 747
505 4 333
505 3 356
505 2 397
509 1 0
511 1 0
505 4 442
506 5 415
506 6 418
508 4 281
508 6 307
514 1 0
506 1 469
506 13 469
506 15 470
512 2 48
514 2 38
508 8 371
516 1 0
505 8 583
513 2 96
517 1 0
515 2 87
505 13 613
505 30 613
505 15 614
517 2 50
511 4 209
509 4 240
508 30 453
511 6 251
518 1 0
510 4 270
514 5 192
510 3 283
514 6 196
509 5 307
509 6 323
509 7 324
518 2 59
516 4 201
520 1 0
513 3 293
517 3 216
521 1 0
517 4 260
514 13 353
514 15 354
512 3 379
521 2 53
515 4 338
517 5 301
517 6 305
517 7 305
515 3 399
512 5 459
512 7 463
522 2 66
524 1 0
525 1 0
520 3 198
513 5 486
513 6 492
513 1 530
513 14 533
513 15 533
512 8 569
520 5 294
505 14 1077
519 3 403
520 8 315
527 1 0
521 5 301
521 6 312
526 2 104
519 4 471
520 8 366
528 1 0
520 8 398
523 3 322
520 8 433
519 6 562
519 21 564
528 2 111
512 4 786
519 26 597
519 14 599
519 15 599
522 4 404
522 5 462
512 5 891
512 7 894
529 2 75
522 6 478
522 7 478
523 6 477
523 7 477
522 8 491
530 2 61
522 8 505
522 8 514
522 8 519
528 3 237
531 1 0
532 1 0
522 8 524
523 13 552
526 4 436
528 4 308
528 5 335
528 7 351
533 2 37
526 6 509
526 7 509
512 13 1049
512 30 1049
512 14 1052
534 1 0
534 5 1
534 6 15
534 7 15
534 13 19
530 4 239
528 13 405
528 30 405
528 14 410
528 15 410
526 8 592
530 5 291
530 6 297
530 7 297
505 7 1626
505 15 1633
530 15 331
533 4 199
533 5 212
533 6 229
533 7 229
533 8 258
533 8 267
533 8 323
533 8 329
535 1 0
529 4 708
537 1 0
526 4 1040
526 6 1063
526 7 1063
541 2 35
540 2 46
541 3 89
541 4 111
541 5 129
543 1 0
540 4 169
529 5 1010
529 6 1013
529 7 1013
535 3 489
540 5 198
543 2 66
539 4 248
535 4 537
544 1 0
540 8 276
539 5 309
539 7 314
529 13 1131
529 30 1131
529 14 1131
529 15 1131
542 2 166
542 2 180
540 8 317
540 1 333
540 13 333
540 15 339
529 6 1165
529 7 1165
539 7 353
539 19 366
539 14 370
547 1 0
544 2 115
529 2 1187
548 1 0
529 3 1197
535 5 668
535 7 672
539 6 398
539 7 398
547 2 55
541 8 382
529 5 1209
529 7 1213
529 14 1224
535 8 695
539 6 420
539 19 424
539 14 426
539 15 426
541 29 391
541 13 396
541 14 396
541 15 396
548 2 50
539 8 441
549 1 0
550 1 0
529 6 1276
529 19 1285
529 136 1285
529 14 1285
535 1 754
535 13 754
535 30 754
539 8 475
539 19 496
539 34 496
529 6 1294
529 7 1295
529 19 1302
529 136 1303
539 14 499
539 15 499
539 7 502
529 6 1329
529 7 1329
529 19 1340
529 6 1350
529 7 1351
529 19 1362
529 14 1363
529 7 1379
551 1 0
547 4 237
552 1 0
550 3 116
529 19 1390
529 136 1391
529 6 1402
529 7 1402
547 5 263
547 6 279
547 7 279
547 8 287
547 8 296
553 1 0
549 4 153
541 1 623
550 5 187
547 30 314
541 6 644
541 7 645
544 3 414
549 6 204
549 7 204
552 2 98
550 6 202
550 1 216
551 2 102
555 2 67
543 5 560
541 13 696
543 6 564
539 5 748
539 6 761
539 7 762
539 8 767
554 2 125
554 2 126
554 2 127
554 2 127
554 2 127
539 8 784
544 5 538
544 6 542
544 7 542
554 2 157
555 3 153
543 4 646
543 3 646
553 4 154
553 6 179
553 7 179
544 8 552
555 4 187
554 2 187
553 13 204
553 15 207
553 14 207
555 5 231
555 6 245
552 3 327
555 8 276
544 13 645
544 14 647
555 8 289
554 4 329
552 5 419
552 6 432
552 7 432
554 5 353
554 7 370
554 29 384
552 8 459
552 8 473
552 8 478
557 1 0
551 3 512
552 13 505
557 5 9
557 13 34
557 14 35
547 25 819
547 30 834
547 15 834
561 1 0
562 1 0
548 4 840
551 4 646
544 6 972
544 3 972
559 2 47
558 2 102
548 6 896
551 5 709
551 6 712
551 7 712
565 1 0
551 8 729
563 2 73
566 1 0
568 1 0
562 2 112
547 25 1013
547 7 1013
547 13 1019
567 2 43
558 3 233
547 14 1019
547 15 1019
569 1 0
566 2 94
570 1 0
558 4 299
569 2 55
567 3 130
563 3 209
565 2 192
571 1 0
558 5 346
558 6 352
559 3 314
571 2 43
563 21 301
558 8 413
558 8 413
563 19 315
567 4 241
562 3 374
572 1 0
559 4 375
559 5 388
559 6 392
559 7 392
563 26 330
570 3 186
574 1 0
560 2 422
572 2 46
569 5 244
569 6 249
530 6 2425
570 4 258
565 4 377
567 5 339
567 6 343
567 7 343
567 27 355
567 14 356
562 5 471
569 2 276
569 3 290
569 4 293
569 5 295
530 3 2467
565 7 419
567 26 366
567 26 380
567 14 381
567 25 383
567 7 383
562 6 476
562 7 476
559 8 494
559 14 501
559 8 515
569 13 309
569 30 309
575 1 0
575 1 2
576 1 0
567 26 390
567 14 394
571 3 250
530 2 2515
578 1 0
568 4 439
565 14 483
580 1 0
560 3 611
577 2 68
530 25 2580
568 5 471
568 6 476
568 7 476
580 5 26
581 1 0
580 6 42
580 7 43
572 3 248
582 1 0
530 5 2610
530 6 2614
530 7 2614
568 8 505
580 1 57
568 8 513
580 136 58
580 14 67
568 8 525
572 4 281
583 1 0
568 8 529
574 3 275
562 3 673
568 8 570
581 2 86
568 8 587
572 5 316
572 6 318
572 7 318
568 8 600
568 8 618
568 8 622
568 8 625
584 2 61
574 5 359
574 7 364
585 1 0
585 6 18
585 7 18
560 5 773
560 7 790
577 3 255
576 4 284
574 19 421
574 14 435
574 25 442
574 6 442
574 7 442
574 8 448
569 8 661
582 3 248
577 5 348
583 3 245
576 14 374
576 15 374
577 8 367
582 4 286
574 8 554
586 3 170
577 19 429
577 136 429
577 14 432
583 4 336
586 4 203
577 25 438
577 7 438
577 8 458
577 25 497
581 3 399
588 1 0
583 6 398
583 7 398
586 7 263
577 6 506
577 7 506
583 14 426
583 15 426
577 8 534
577 8 552
590 1 0
584 5 414
584 21 422
591 1 0
590 2 104
590 2 108
589 2 120
592 1 0
590 2 116
593 1 0
591 3 103
595 2 25
591 7 180
591 8 186
591 8 196
591 1 205
591 13 205
591 15 205
591 14 205
595 3 84
589 3 289
595 4 115
596 2 53
589 4 331
597 1 0
595 5 161
589 5 383
599 1 0
600 1 0
596 3 185
601 1 0
589 8 474
600 2 64
601 2 40
596 4 247
408 1 9867
594 3 332
596 6 302
594 4 370
600 3 162
604 2 75
596 2 315
570 1 1447
605 1 0
601 3 146
596 4 349
597 4 306
597 3 314
599 3 242
601 6 229
601 7 229
597 5 352
605 2 62
600 6 277
600 7 277
601 8 247
601 1 264
601 13 264
601 14 266
597 19 417
597 34 417
597 14 418
597 14 431
597 15 431
604 3 290
597 7 468
597 3 468
597 4 476
597 5 479
602 4 334
597 6 495
597 7 495
606 1 0
602 5 381
607 1 0
575 3 1446
603 2 381
608 1 0
606 2 43
602 2 433
609 1 0
599 6 512
604 7 448
610 1 0
602 4 518
575 5 1565
602 5 526
575 6 1581
575 7 1581
612 1 0
602 7 542
575 8 1632
612 2 43
606 5 236
575 29 1645
575 8 1648
613 2 56
604 14 588
606 6 252
575 8 1717
611 4 185
606 8 306
603 4 675
575 8 1785
613 3 164
604 7 710
604 8 717
604 26 733
611 7 228
604 14 736
611 8 234
605 4 604
615 1 0
616 1 0
612 4 213
613 4 219
611 29 287
603 5 770
611 29 290
611 8 291
603 7 787
611 8 306
615 2 56
611 29 307
611 8 309
612 5 267
603 1 813
603 15 814
611 29 334
611 8 335
612 6 283
612 7 283
617 1 0
613 5 285
604 6 856
604 7 856
616 2 80
612 8 313
605 8 729
605 1 746
605 13 747
605 30 747
613 30 331
613 14 332
613 15 332
605 14 767
605 15 767
575 8 1956
612 8 363
612 29 379
612 8 386
612 8 399
620 1 0
613 25 432
619 3 164
615 4 281
617 6 215
617 7 215
615 5 300
616 4 283
615 6 310
615 7 310
623 1 0
617 13 226
617 30 226
617 14 227
617 15 227
624 1 0
616 5 334
619 6 240
622 2 80
616 6 350
616 7 350
615 8 378
615 13 388
625 1 0
615 14 396
615 15 396
624 2 51
620 3 208
626 1 0
627 1 0
618 3 407
616 30 479
616 13 479
618 4 445
624 4 217
628 1 0
600 14 1416
600 15 1416
624 5 255
624 7 271
620 8 385
620 4 393
629 1 0
624 14 293
620 5 397
620 6 414
620 7 414
630 2 7
624 14 323
624 15 323
620 8 429
631 1 0
631 2 30
631 2 36
605 25 1375
605 7 1375
605 30 1394
632 1 0
631 4 188
628 3 347
631 6 235
611 6 1166
611 7 1166
611 4 1166
611 6 1177
611 29 1186
611 29 1190
611 29 1190
611 8 1191
611 8 1192
611 29 1203
628 4 386
634 2 71
611 8 1229
631 19 305
631 136 305
631 14 305
631 6 317
631 7 317
633 4 162
633 5 204
631 8 362
633 8 214
635 1 0
633 8 245
628 5 551
628 6 554
628 7 554
628 21 560
628 30 596
628 15 601
633 13 309
633 14 310
633 15 310
634 5 298
631 8 483
634 6 305
634 7 305
631 136 545
631 14 545
631 25 552
631 7 552
633 25 404
633 7 405
633 8 411
633 8 422
628 1 733
628 5 739
628 6 743
628 7 743
633 13 446
633 15 447
631 8 620
631 8 624
636 1 0
631 8 664
637 1 0
637 5 8
408 1 11996
637 6 23
639 1 0
640 1 0
640 6 12
641 1 0
640 13 57
640 30 58
640 14 58
641 2 80
636 2 217
642 1 0
622 3 1351
639 4 213
642 2 79
643 2 61
639 6 248
637 645 300
639 5 274
639 6 276
622 4 1438
628 5 1172
628 6 1176
628 7 1176
628 6 1177
628 7 1177
641 3 271
643 3 155
637 25 356
637 6 356
637 7 357
641 3 294
647 1 0
622 5 1520
639 2 348
648 1 0
649 1 0
641 4 328
643 4 195
644 3 179
643 5 214
639 3 394
639 4 397
639 5 407
647 2 51
643 6 229
643 7 229
641 5 371
643 8 235
643 29 241
644 4 217
639 6 410
641 7 388
644 5 239
644 7 243
641 8 413
641 30 428
641 14 431
644 8 272
644 8 282
651 1 0
642 3 344
638 5 551
638 6 557
638 7 557
641 7 503
638 8 570
652 7 12
652 8 19
649 3 200
641 13 526
641 14 527
654 1 0
644 34 371
638 1 594
638 13 596
638 30 596
638 14 597
644 14 376
644 15 376
638 6 643
638 7 644
642 5 464
654 2 49
641 6 583
641 13 591
641 30 591
641 15 592
651 2 151
642 2 499
649 5 264
649 6 268
655 1 0
656 1 0
653 2 125
657 1 0
649 8 300
649 8 308
649 8 310
649 8 311
649 29 314
649 8 315
649 29 316
652 8 179
642 3 559
649 8 325
649 8 329
649 8 336
649 8 346
656 2 61
642 5 574
649 8 355
649 8 357
649 8 358
649 8 363
649 8 379
654 5 193
644 6 536
642 2 593
642 5 612
642 6 615
642 5 621
649 25 391
649 5 392
649 6 407
649 7 407
654 6 208
654 7 208
654 8 215
651 4 294
642 6 622
642 25 632
642 5 632
659 1 0
653 3 261
652 8 278
653 4 297
651 5 339
642 25 686
642 5 686
642 2 706
659 2 44
641 6 833
641 7 833
653 5 338
651 14 381
651 15 381
653 6 347
653 7 347
642 25 741
642 6 748
642 7 748
661 1 0
659 3 117
662 1 0
652 8 413
642 8 799
659 4 147
657 3 310
642 5 810
642 7 815
661 2 67
643 8 791
643 8 798
643 8 817
661 2 75
659 7 201
659 8 219
651 6 531
651 7 531
658 4 326
642 1 875
642 13 875
642 15 875
643 8 856
651 8 565
651 8 575
658 5 350
648 2 706
651 8 580
651 8 598
651 8 603
658 6 365
658 7 365
657 5 423
652 14 556
663 1 0
663 5 4
658 5 405
657 8 467
658 6 421
658 7 421
653 1 607
664 1 0
663 6 20
663 7 20
663 8 33
658 2 448
657 14 505
653 5 610
653 6 620
653 7 620
661 3 266
643 8 1026
666 1 0
658 3 490
658 4 503
658 5 510
666 2 39
658 6 525
658 7 526
661 4 318
661 5 331
661 6 335
661 7 335
643 8 1061
664 2 92
658 8 543
658 8 563
658 8 573
643 13 1113
658 8 583
663 26 197
663 14 200
663 15 200
663 6 212
663 8 220
628 1 2234
628 5 2237
628 7 2240
666 4 154
642 26 1193
642 14 1194
642 6 1196
642 7 1197
665 2 196
628 26 2270
628 27 2271
628 14 2272
642 26 1249
642 14 1252
642 15 1252
628 5 2310
668 2 47
642 7 1255
628 6 2313
628 7 2313
666 4 236
669 1 0
666 3 237
670 1 0
643 25 1275
643 6 1275
643 13 1285
643 30 1285
643 14 1286
671 1 0
669 1 29
669 5 43
669 6 55
669 7 56
664 3 343
667 3 194
669 8 78
672 1 0
668 3 185
671 2 71
664 4 395
667 3 249
669 8 138
673 1 0
664 5 440
664 6 451
668 4 231
664 7 452
675 1 0
664 21 456
675 6 18
668 6 277
670 2 174
673 2 49
676 1 0
675 13 33
664 8 486
675 14 33
675 15 34
676 2 46
665 3 506
677 1 0
667 7 375
667 21 379
673 3 113
674 2 95
668 8 354
671 3 241
667 8 398
664 14 576
664 15 576
671 4 303
665 4 626
672 3 299
671 7 349
671 8 363
670 4 388
676 4 218
671 4 384
678 1 0
670 5 437
672 4 399
679 1 0
676 5 269
676 6 285
665 5 725
665 6 740
665 7 740
675 6 328
675 7 328
670 6 455
678 2 63
670 8 479
670 8 497
674 3 353
679 2 58
677 3 303
672 5 482
672 6 487
680 2 43
678 3 216
674 5 494
682 2 81
674 13 544
674 15 545
679 5 266
684 1 0
677 7 479
679 6 270
683 2 72
678 4 329
679 8 303
679 8 311
685 1 0
679 8 350
686 1 0
678 5 371
674 5 645
674 8 652
674 7 652
679 8 383
679 4 385
678 19 411
678 14 411
684 3 157
686 2 63
677 14 664
677 15 664
684 4 200
682 3 315
683 3 303
683 4 330
682 4 370
674 13 823
674 14 823
674 15 823
683 8 403
686 4 235
682 5 433
683 13 409
683 30 409
683 14 413
683 15 413
682 7 449
682 8 472
682 19 482
682 14 483
686 6 306
686 8 317
687 1 0
682 6 508
682 7 509
682 13 536
682 14 536
408 1 14647
408 5 14656
408 6 14666
686 8 378
687 2 74
680 3 694
686 8 409
680 4 724
680 5 750
680 7 753
408 1 14738
680 8 781
408 7 14759
680 8 799
682 6 711
682 8 715
680 8 817
680 8 829
690 1 0
690 1 11
682 34 719
682 14 719
682 14 726
682 15 726
689 2 60
691 5 19
688 2 113
687 5 313
687 6 324
687 7 324
687 8 352
682 25 838
682 7 839
682 14 853
680 19 989
680 14 990
682 6 872
680 7 995
680 8 1009
680 14 1015
680 15 1015
680 25 1016
680 6 1017
692 8 7
692 6 8
692 7 8
691 1 171
692 8 52
682 6 993
692 14 111
692 15 111
683 2 1003
689 4 350
696 1 0
697 1 0
689 6 397
689 7 397
694 3 186
695 3 142
699 1 0
695 4 175
694 4 216
694 6 258
694 7 258
695 5 238
695 6 257
695 7 257
700 1 0
696 3 234
695 8 299
700 2 48
697 4 228
701 1 0
702 6 5
702 1 7
702 13 7
702 14 8
702 15 8
696 4 321
697 6 270
697 7 270
704 1 0
697 19 305
697 34 305
697 14 308
696 7 376
703 3 61
705 1 0
703 4 74
698 3 329
704 2 61
703 6 93
703 7 93
696 8 413
696 1 421
696 13 421
696 14 422
696 15 422
705 2 72
700 4 227
696 6 459
696 7 459
707 1 0
700 5 276
700 6 286
698 4 445
696 8 505
708 1 0
709 1 0
688 7 944
698 7 501
705 3 218
704 4 252
704 5 274
711 1 0
710 2 63
704 6 288
705 4 280
712 1 0
704 13 316
712 6 5
712 13 14
712 15 14
711 2 74
712 7 48
712 13 52
705 8 336
705 8 347
704 1 423
710 3 214
712 6 121
704 2 450
706 5 390
706 6 393
706 7 393
704 3 491
704 4 498
704 13 512
704 14 513
704 15 513
710 5 299
710 6 303
706 8 408
710 25 326
710 6 329
710 5 331
713 1 0
714 1 0
715 1 0
717 1 0
718 1 0
713 2 91
711 5 411
711 6 418
719 1 0
714 2 126
720 1 0
711 4 514
711 5 518
711 6 526
675 1 2657
675 5 2670
719 2 101
675 7 2677
706 1 723
706 5 726
711 8 570
675 29 2706
675 13 2725
714 3 271
719 3 245
713 3 356
720 3 197
714 5 348
714 6 352
714 7 352
714 8 369
714 29 376
647 1 4097
722 1 0
714 136 379
724 1 0
714 25 388
714 6 388
647 2 4132
714 8 418
722 2 53
720 4 270
719 5 359
719 6 367
720 5 305
720 6 313
720 7 313
720 21 315
714 14 480
714 6 488
714 7 488
720 8 342
720 8 354
720 29 358
714 8 510
726 1 0
714 29 518
714 8 528
719 8 420
713 8 528
720 8 365
728 1 0
723 3 165
713 8 587
725 3 132
729 1 0
723 4 206
728 2 49
729 5 5
729 7 12
729 14 25
729 25 39
729 6 39
729 7 39
730 1 0
723 4 265
723 5 268
723 6 270
633 25 5336
633 6 5336
633 13 5342
633 14 5343
633 15 5343
722 3 283
723 4 275
723 3 275
727 2 160
725 5 242
725 6 245
725 7 245
722 5 318
722 6 321
722 7 321
730 2 49
731 1 0
731 5 2
731 6 6
722 14 358
722 15 358
732 1 0
731 14 55
731 15 55
728 3 223
730 4 167
727 3 289
733 1 0
730 5 198
730 7 200
728 5 322
728 6 327
728 7 327
733 2 64
728 8 402
727 5 453
727 7 456
727 8 476
727 8 500
727 8 506
727 8 513
735 1 0
736 1 0
728 13 553
728 14 554
737 1 0
734 2 67
726 4 631
724 3 764
733 4 310
726 5 655
726 7 658
738 1 0
739 5 1
739 7 4
647 1 4904
739 13 13
739 30 13
739 14 14
739 15 14
737 2 72
731 1 497
733 6 359
733 7 359
731 6 503
731 7 503
731 1 515
731 13 516
731 30 516
731 14 517
731 15 517
733 8 400
740 5 5
740 7 10
712 2 1534
731 1 548
731 5 550
731 6 556
733 8 426
741 1 0
742 1 0
731 8 566
741 5 4
741 7 8
731 1 595
731 30 596
731 14 596
712 3 1623
737 3 220
742 2 64
724 5 963
743 1 0
724 6 968
744 5 4
744 7 12
726 8 878
733 5 541
733 6 549
733 7 549
744 13 16
744 15 18
724 8 1019
733 13 582
733 30 583
733 14 583
734 4 378
724 29 1056
733 1 600
733 6 614
733 7 615
625 2 6557
738 3 271
734 6 407
734 7 407
724 1 1092
724 13 1093
724 30 1093
733 13 638
733 15 640
625 3 6592
737 5 410
745 1 0
746 5 3
734 8 478
746 7 12
746 14 25
746 15 25
734 19 510
734 34 510
712 6 1874
712 7 1875
734 6 533
734 7 533
733 1 746
733 5 751
733 7 760
734 8 538
734 19 542
734 34 542
734 15 544
745 2 84
733 15 786
712 25 1941
712 5 1941
712 6 1943
712 7 1943
712 34 1963
712 14 1965
712 15 1965
712 26 1975
712 14 1976
750 1 0
747 2 110
752 1 0
751 2 42
745 3 265
752 2 62
747 3 234
711 13 2214
750 3 204
751 3 158
731 6 1182
731 7 1182
752 3 158
754 1 0
747 4 317
754 5 5
754 6 10
754 7 10
749 3 303
752 4 212
753 2 67
751 6 248
750 7 308
753 2 99
751 8 267
756 5 2
757 1 0
750 8 347
753 2 141
756 6 7
756 8 25
750 30 376
750 15 376
749 4 411
747 5 472
747 6 474
731 1 1343
731 13 1344
731 30 1344
731 15 1344
625 29 7189
737 8 978
625 8 7193
625 8 7210
750 8 448
760 1 0
737 14 996
737 15 996
759 2 45
757 3 180
757 4 202
751 4 475
751 5 480
751 6 483
751 7 483
749 6 600
761 1 0
761 5 6
761 7 9
761 8 18
757 5 246
757 6 249
757 7 249
757 30 261
757 13 261
757 14 262
757 15 262
761 29 36
761 8 39
761 29 48
757 25 285
757 7 285
749 3 649
761 19 59
761 14 62
761 15 62
761 7 72
759 4 192
763 2 48
756 34 323
757 25 331
757 3 331
764 1 0
756 8 337
756 26 340
756 6 352
757 5 380
757 6 382
759 1 247
759 6 258
759 7 258
759 4 260
759 3 261
756 27 390
756 14 390
763 3 152
757 6 451
757 7 451
757 21 453
757 13 468
757 30 468
757 15 470
763 4 205
766 1 0
762 4 228
762 5 243
763 5 230
763 6 244
763 7 244
762 6 247
762 7 247
757 6 541
757 136 550
757 19 550
757 14 551
760 2 474
765 3 206
760 3 553
768 1 0
769 1 0
765 4 265
763 8 420
760 4 582
764 4 370
760 6 640
760 8 651
771 1 0
749 1 1136
764 5 421
764 6 424
764 7 425
760 1 656
760 30 657
760 13 657
760 14 658
760 15 658
749 5 1154
749 6 1161
749 7 1162
770 2 61
764 21 426
771 2 54
764 15 483
772 1 0
773 1 0
768 3 229
772 2 65
728 1 2378
728 5 2387
775 2 39
770 3 194
776 1 0
728 15 2401
777 1 0
771 3 234
778 1 0
772 3 192
774 3 172
771 4 293
770 4 320
771 6 314
776 2 109
775 3 179
779 1 0
770 5 346
770 7 349
766 1 637
770 13 391
770 14 392
770 15 392
781 1 0
774 6 246
774 7 246
776 2 170
775 4 232
782 1 0
772 4 313
775 6 287
779 2 146
772 5 357
772 6 373
774 8 350
781 3 103
768 5 591
781 4 129
776 3 307
781 6 172
781 7 172
776 3 353
779 3 241
773 5 490
773 6 494
783 1 0
776 4 396
776 5 407
776 7 410
776 13 448
776 30 448
776 15 452
785 1 0
773 8 603
785 2 51
773 8 651
783 3 152
786 2 72
773 8 683
788 1 0
787 2 54
774 8 665
789 1 0
786 1 183
785 5 212
785 6 215
785 8 226
785 4 261
788 2 167
788 2 187
788 2 196
788 2 199
788 2 199
788 2 199
787 4 226
768 8 1068
768 13 1073
768 14 1073
768 15 1073
791 1 0
788 2 207
787 7 259
787 8 281
788 2 273
788 2 290
791 5 88
791 7 91
788 2 320
792 1 0
790 3 137
788 2 332
793 1 0
790 4 170
790 5 191
788 2 380
792 2 57
793 25 38
790 6 198
795 1 0
794 2 47
796 1 0
793 25 121
788 3 489
797 1 0
787 30 576
787 15 578
793 4 211
788 6 584
788 7 585
797 2 54
793 7 226
793 21 231
727 1 3616
727 5 3618
794 3 260
795 2 230
794 5 325
794 6 328
792 3 372
794 1 361
797 3 203
800 1 0
794 14 362
801 1 0
802 1 0
792 4 470
800 2 57
797 7 315
792 6 534
792 7 534
802 2 95
798 3 274
803 1 0
800 3 168
804 1 0
797 25 375
797 6 378
797 7 379
803 2 57
790 29 756
790 8 757
790 8 766
798 4 314
768 7 1826
768 8 1827
768 8 1839
790 13 773
790 14 775
790 15 775
804 2 49
801 3 189
800 7 238
800 8 260
797 2 468
805 2 55
801 4 218
798 5 398
798 6 405
798 7 405
801 5 247
801 6 250
801 7 250
801 8 259
790 7 880
797 3 537
797 5 562
797 6 565
797 8 577
801 8 316
804 4 207
797 8 605
804 7 300
802 5 454
806 1 0
802 2 494
806 2 54
805 3 378
808 1 0
809 1 0
805 5 442
805 6 452
812 1 0
806 3 176
813 1 0
814 1 0
815 1 0
816 1 0
806 4 221
807 2 196
802 6 727
806 5 263
806 21 269
805 8 563
806 8 285
815 2 115
815 2 117
807 3 283
818 1 0
808 2 300
807 4 371
807 5 400
819 1 0
807 6 406
807 7 406
807 8 419
815 3 267
811 3 328
808 3 404
807 13 451
807 14 454
807 15 454
820 1 0
813 6 312
813 7 312
808 4 432
811 4 387
813 8 345
821 1 0
822 1 0
820 2 94
815 5 385
815 7 389
821 2 32
808 6 521
808 8 528
823 1 0
822 2 49
808 8 574
809 4 568
824 1 0
811 5 495
811 6 499
825 1 0
826 1 0
825 2 22
825 2 28
809 5 598
809 6 602
824 2 37
824 2 41
818 4 321
815 30 514
815 15 514
822 3 162
790 1 1810
790 5 1811
818 5 394
818 7 400
790 6 1819
790 8 1825
790 19 1833
790 34 1833
790 14 1835
790 14 1838
790 15 1838
818 8 413
822 4 210
825 5 143
827 1 0
827 5 7
827 6 11
827 7 11
827 8 19
809 8 732
827 1 34
827 14 37
827 15 37
827 14 56
827 15 56
819 2 389
818 29 488
809 3 790
821 3 278
828 1 0
818 4 517
818 3 519
826 5 215
826 6 218
826 7 218
825 8 224
826 3 229
821 4 332
825 8 243
809 1 851
809 5 856
809 6 861
809 7 861
818 4 578
821 5 381
821 6 383
821 7 383
818 6 587
818 7 587
819 3 544
808 8 967
819 4 612
808 30 992
808 14 992
808 15 992
820 6 565
820 7 565
820 21 568
823 3 433
820 14 599
820 15 599
819 6 663
829 1 0
819 19 706
819 34 706
819 14 707
808 25 1091
808 7 1091
819 25 722
819 8 725
808 8 1096
808 13 1115
808 30 1115
808 15 1116
777 1 2989
777 6 2999
777 5 3006
777 6 3009
830 1 0
777 8 3014
777 29 3019
777 8 3022
777 8 3027
830 2 33
777 29 3058
777 8 3075
777 8 3079
777 29 3082
777 29 3089
777 29 3099
830 3 94
823 7 656
823 21 660
833 1 0
829 2 208
835 1 0
835 1 18
835 5 22
836 1 0
835 7 29
835 19 37
837 1 0
833 2 39
777 29 3230
777 29 3231
777 8 3234
777 13 3240
777 14 3241
777 15 3241
835 14 99
835 6 104
835 7 104
835 19 108
835 14 108
835 6 114
835 7 114
833 3 100
833 4 120
829 3 329
834 2 135
839 1 0
833 6 166
829 4 367
832 4 258
832 5 285
832 6 288
832 7 288
832 8 297
808 25 1495
808 8 1505
829 6 434
829 8 441
829 8 448
831 5 366
831 6 381
831 7 381
808 8 1516
829 13 474
829 14 478
838 2 107
808 13 1595
808 30 1595
808 14 1595
808 15 1596
831 8 498
831 15 512
834 3 434
837 5 373
837 6 376
837 7 376
837 8 396
835 6 499
837 4 441
837 3 441
834 5 511
834 6 516
834 21 520
835 34 514
835 14 524
835 7 530
841 1 0
841 2 70
842 1 0
843 2 36
844 1 0
842 2 63
846 1 0
841 3 201
838 4 583
845 2 49
844 2 88
841 4 265
842 3 196
847 5 6
841 5 321
841 6 326
841 7 327
841 8 343
848 1 0
850 1 0
845 5 227
845 6 234
841 8 403
849 6 14
849 30 48
849 14 49
844 3 339
844 4 391
850 3 165
852 2 71
852 2 72
841 8 562
850 4 202
850 6 256
850 7 256
850 8 268
850 14 294
844 6 600
844 7 601
849 6 368
849 7 368
844 8 684
854 2 61
850 13 504
850 14 505
850 15 505
844 8 770
855 2 24
855 2 43
854 3 258
854 4 341
855 3 157
857 2 59
854 5 523
854 6 538
854 7 538
844 13 1261
844 15 1262
844 7 1295
844 8 1314
857 5 280
857 6 289
857 7 290
854 8 800
841 13 1601
841 30 1602
841 14 1602
841 15 1602
854 1 823
854 14 825
857 29 379
857 8 382
857 29 387
844 6 1511
844 7 1511
858 1 102
859 2 120
862 1 0
861 2 52
863 1 0
859 3 327
844 8 1787
863 2 42
865 1 0
863 3 105
866 1 0
863 6 149
863 7 149
862 3 187
866 1 3
860 4 280
738 5 7544
860 5 325
863 29 194
863 8 196
867 1 0
865 3 157
860 8 364
861 3 329
863 2 258
863 5 264
862 5 311
861 4 377
863 8 273
863 19 291
863 14 292
863 6 300
863 7 300
738 8 7682
867 2 62
844 14 2036
844 7 2043
844 8 2051
863 6 315
863 7 315
863 8 316
863 15 327
866 3 185
861 5 410
861 7 419
844 8 2069
844 13 2076
844 15 2077
844 25 2090
844 6 2090
862 8 378
844 30 2097
844 14 2098
844 15 2098
738 8 7774
869 1 0
865 1 311
870 1 0
866 4 257
865 15 312
862 30 444
862 14 444
867 4 195
871 1 0
866 5 303
866 6 311
866 7 311
861 29 551
768 8 6355
768 8 6359
768 8 6362
870 2 94
866 6 355
861 29 579
861 8 581
738 5 7880
738 6 7891
865 25 418
867 5 281
867 6 289
866 8 374
866 13 387
866 14 387
861 29 591
861 8 598
768 8 6412
865 27 434
865 14 435
865 15 435
768 8 6433
867 13 317
867 14 319
874 1 0
861 8 647
875 1 0
862 7 608
861 8 666
861 8 678
873 2 66
876 1 0
865 25 502
865 6 502
865 7 503
862 8 629
862 13 641
866 6 459
866 7 460
866 8 461
866 13 465
866 15 465
866 25 489
866 6 489
866 7 489
866 8 491
866 14 498
866 6 503
866 7 503
866 8 505
876 2 45
866 14 513
866 6 519
866 8 523
866 5 532
877 1 0
878 1 0
866 15 558
866 26 563
866 7 565
876 3 137
879 1 0
875 4 216
866 8 650
873 3 271
876 4 200
880 1 0
879 2 71
877 3 133
875 5 286
870 5 455
870 6 459
876 6 274
869 4 462
869 3 471
869 4 476
877 6 207
877 7 207
876 1 301
876 13 302
876 30 302
876 14 302
869 5 492
869 6 497
869 7 497
861 29 992
873 4 393
869 8 516
869 8 536
869 13 567
869 30 567
869 14 568
882 5 4
879 3 236
882 6 11
869 6 616
869 7 616
879 4 278
883 1 0
873 5 499
884 1 0
879 5 290
879 6 293
879 7 293
879 21 295
869 8 669
869 34 679
869 14 681
869 15 681
886 1 0
880 4 322
887 1 0
886 5 8
886 6 15
879 19 359
879 136 359
879 14 361
879 15 361
886 8 24
886 8 28
844 7 2868
886 8 40
886 8 45
844 8 2874
844 13 2879
844 30 2879
844 15 2880
887 2 59
886 34 68
886 14 68
880 8 386
880 4 399
880 5 401
880 19 406
880 14 409
880 15 409
878 2 502
880 25 416
880 6 416
880 7 416
880 8 420
880 8 428
880 29 431
880 8 434
883 3 217
884 3 190
881 3 257
880 14 458
880 7 462
880 8 465
883 4 252
881 4 276
878 3 588
883 5 277
883 6 280
883 7 280
884 5 259
881 5 319
884 6 268
883 19 290
883 8 306
884 8 277
884 8 292
884 8 299
884 8 301
883 8 336
888 1 0
881 13 391
881 15 391
878 6 684
878 7 685
884 8 337
884 8 352
844 6 3184
881 25 483
881 13 511
881 14 512
881 15 512
844 8 3251
844 29 3256
844 8 3261
844 8 3282
883 8 581
889 1 0
844 8 3335
890 1 0
844 8 3400
782 7 7071
891 1 0
892 1 0
893 2 65
888 3 386
894 1 0
894 5 8
894 6 13
894 7 13
894 8 27
894 29 34
894 13 47
894 30 47
894 14 48
894 15 48
889 3 193
844 13 3537
888 4 454
895 1 0
889 4 227
782 8 7242
891 2 154
896 1 0
888 5 524
888 6 529
890 3 261
889 5 283
844 6 3633
844 8 3638
844 8 3648
888 8 561
886 1 826
889 8 323
896 2 63
888 8 589
886 5 847
892 3 274
886 6 853
886 7 853
886 8 864
889 19 352
889 34 352
889 15 354
889 7 364
889 3 366
844 13 3687
891 3 275
897 1 0
888 8 623
888 8 639
890 5 388
890 7 396
891 4 329
898 1 0
892 4 371
896 3 176
891 21 373
892 5 443
898 2 80
896 4 233
891 30 436
891 14 436
891 15 437
900 2 84
899 3 131
896 6 297
896 7 297
897 3 214
901 1 0
899 5 206
898 4 220
897 5 286
899 6 225
899 7 225
899 14 237
899 6 244
899 19 250
899 6 252
899 7 252
898 5 268
897 7 291
897 8 307
900 3 252
898 6 281
899 4 261
898 8 300
897 8 327
844 6 4054
844 7 4054
844 8 4062
844 13 4071
844 14 4073
844 15 4073
901 3 136
900 4 300
891 6 691
900 5 336
901 4 179
900 6 351
900 8 364
900 8 371
900 8 394
900 8 407
900 8 412
900 34 430
898 8 480
901 5 293
900 14 433
900 15 433
900 7 436
900 8 446
900 19 455
900 34 455
900 14 456
900 6 459
900 7 459
901 6 308
900 8 464
900 8 466
891 19 947
891 14 948
906 1 0
904 4 328
907 1 0
904 21 428
908 7 8
907 3 208
910 1 0
909 5 11
909 6 20
908 13 69
908 14 70
904 1 592
904 34 593
904 14 593
907 5 295
907 7 299
911 1 0
912 1 0
913 1 0
887 1 2328
887 2 2376
887 2 2379
912 4 139
912 6 157
912 7 157
912 8 164
912 19 179
912 14 182
912 15 182
912 6 189
912 8 197
912 19 202
914 2 130
915 1 0
907 4 763
907 5 765
915 2 81
914 3 279
887 4 2673
916 2 69
887 6 2754
887 7 2755
914 7 407
917 1 0
887 136 2834
887 14 2849
887 6 2857
915 3 332
887 136 2866
850 1 5474
887 14 2880
914 8 501
915 4 409
915 5 448
915 6 451
915 7 451
918 2 66
916 3 336
913 3 752
916 4 408
916 5 471
916 6 479
916 7 479
917 6 366
920 1 0
918 4 299
913 3 945
917 7 405
917 19 409
918 7 346
921 2 30
922 1 0
923 1 0
920 2 124
921 3 173
924 8 11
924 6 11
924 7 11
923 2 165
923 2 168
921 5 228
921 7 232
924 13 31
924 15 34
925 1 0
919 3 282
921 14 309
921 15 309
922 4 244
926 2 52
927 1 0
927 13 0
921 7 330
921 8 334
926 3 100
922 5 304
927 1 8
927 6 14
927 7 14
928 1 0
922 6 310
922 7 310
926 4 125
921 13 403
921 30 403
922 19 359
919 5 469
928 2 59
926 6 163
926 7 163
922 6 375
922 7 376
922 13 385
922 14 385
923 3 404
920 6 503
920 7 503
926 13 195
926 15 195
919 14 526
919 15 526
925 3 244
929 1 0
925 5 362
920 1 645
920 13 646
920 14 646
920 15 646
925 6 364
925 7 364
930 1 0
922 7 617
919 7 726
919 3 742
925 8 471
925 136 479
925 14 481
930 2 61
929 3 191
928 4 439
887 6 4073
887 7 4074
929 4 280
920 25 919
920 7 919
929 5 327
928 5 549
928 6 552
928 7 552
929 1 369
930 3 270
928 19 576
929 6 389
928 14 589
929 8 441
930 4 330
929 8 454
930 5 365
930 6 368
930 7 368
931 1 0
929 19 475
929 14 485
932 1 0
930 19 414
930 136 414
930 14 415
930 6 441
930 7 442
934 1 0
930 14 454
930 6 462
930 7 462
930 19 475
930 14 475
937 1 0
939 1 0
938 2 38
940 1 0
938 3 116
938 6 175
938 7 175
942 1 0
943 1 0
944 1 0
940 4 322
940 5 346
940 7 350
940 6 350
944 2 57
940 5 368
940 6 372
940 13 387
940 14 391
940 15 391
945 5 7
945 6 10
945 7 10
880 1 6196
880 5 6202
880 6 6206
880 7 6206
946 2 35
880 19 6226
880 14 6228
880 15 6228
944 3 426
946 4 154
945 4 212
945 6 239
944 4 558
946 5 182
945 19 257
946 6 198
946 8 217
944 5 604
944 6 607
944 7 608
947 5 3
945 6 371
947 6 21
947 7 21
949 1 0
949 2 33
949 3 109
944 29 892
949 5 169
949 7 179
952 1 0
952 1 15
950 2 96
948 4 422
952 3 204
948 5 444
948 6 449
948 7 450
953 1 0
950 4 299
950 5 388
952 4 326
950 6 393
950 7 393
953 2 137
950 8 422
954 1 0
955 1 0
954 3 137
956 1 0
955 1 36
954 4 168
955 2 86
953 3 390
954 6 214
954 19 238
954 7 246
954 8 263
955 3 178
957 1 0
956 2 154
958 1 0
954 6 308
954 8 315
958 7 12
954 19 323
954 34 324
954 6 327
954 7 327
955 5 284
955 8 307
960 1 2
960 1 4
961 1 0
952 1 1041
958 8 347
960 2 115
962 1 0
963 1 0
956 4 587
964 1 0
952 4 1109
959 3 345
952 6 1183
952 7 1183
956 6 670
956 8 684
959 4 425
956 14 707
956 6 716
952 1 1229
952 13 1231
952 14 1231
960 3 311
959 5 460
956 26 733
956 15 734
959 7 468
956 6 753
956 7 754
956 8 756
956 8 764
959 13 498
959 30 498
959 14 499
959 15 499
961 3 273
960 4 369
956 8 800
956 8 800
956 29 801
956 4 826
961 4 336
960 5 435
956 6 845
956 21 846
959 6 581
959 7 581
959 13 595
959 30 595
959 15 595
957 3 681
960 6 441
960 7 441
960 8 458
956 8 888
961 7 386
952 6 1408
952 7 1408
952 8 1426
961 8 440
961 8 466
960 8 563
966 1 0
967 1 0
966 2 63
966 3 172
966 4 225
967 2 189
966 5 271
966 7 279
968 1 0
959 4 1018
959 6 1028
959 14 1085
969 1 0
970 1 0
969 2 54
959 7 1143
959 13 1165
959 30 1165
959 14 1166
959 15 1166
971 1 0
970 2 77
972 1 0
973 1 0
974 1 0
972 2 70
969 4 258
973 2 57
959 6 1358
959 8 1375
967 2 590
959 19 1386
969 5 318
969 6 322
969 7 322
971 2 194
971 2 195
959 6 1427
969 6 356
969 7 356
974 4 164
972 3 218
967 3 717
973 4 208
974 5 178
974 7 182
974 8 190
967 4 752
973 6 241
970 5 413
970 6 417
974 30 229
974 15 230
974 6 236
972 4 316
967 5 800
967 6 806
976 1 0
972 6 382
972 7 383
976 2 72
978 2 43
977 2 42
974 13 364
974 30 364
974 14 366
972 8 428
967 14 914
972 8 482
977 4 169
978 3 193
977 5 189
977 6 192
977 7 192
977 8 230
979 1 0
977 29 248
977 8 248
977 8 254
977 13 264
977 14 265
979 6 15
978 7 350
978 14 375
978 15 388
980 1 0
980 3 266
980 4 340
980 5 432
980 6 436
981 1 0
982 1 0
983 1 0
981 3 257
985 1 0
986 1 0
981 4 363
986 2 48
986 2 58
987 1 0
981 7 482
988 2 79
985 3 196
985 4 231
989 2 33
990 1 0
985 5 296
989 3 103
985 6 304
985 7 304
985 8 318
989 4 122
989 5 150
989 6 158
990 3 378
986 3 646
986 5 746
986 6 754
986 7 754
986 8 769
986 4 834
986 5 836
986 7 845
986 4 849
986 3 850
986 3 858
986 4 860
992 1 0
993 1 0
994 1 0
986 6 874
986 7 874
986 8 883
992 2 39
992 3 105
995 2 57
992 6 160
994 4 146
986 1 1031
986 34 1031
986 14 1031
986 15 1049
994 5 175
994 6 183
992 1 215
992 19 215
994 8 228
994 8 253
995 3 169
994 8 265
994 8 269
994 8 271
994 29 275
994 13 279
994 14 280
995 4 242
995 5 261
995 7 277
995 8 314
995 8 369
995 8 394
996 2 64
996 2 74
996 2 84
