0 1 0
0 6 270
0 8 320
9 8 250
10 1 0
10 3 324
12 1 0
10 6 414
10 7 415
10 14 429
10 15 429
16 1 0
17 1 0
10 6 674
10 7 674
16 4 177
16 5 213
16 6 222
20 1 0
20 2 69
12 6 727
12 7 728
17 6 455
17 7 455
17 19 496
17 15 507
22 2 37
22 3 126
20 4 368
22 6 479
24 1 178
24 6 273
24 29 308
24 30 344
32 2 49
32 3 149
32 4 182
33 3 208
33 4 313
33 5 354
33 6 358
33 34 406
33 6 418
33 8 443
33 15 450
36 1 0
35 5 304
35 8 364
35 14 385
35 15 385
33 1 1294
38 2 206
38 1 510
38 30 510
38 14 969
40 7 382
40 25 426
40 7 426
40 14 431
40 6 442
41 1 0
41 1 0
41 8 510
42 4 239
42 19 323
42 15 325
44 4 318
44 5 387
44 6 390
45 2 49
45 4 168
45 6 192
45 15 203
46 3 307
47 4 192
47 5 222
46 7 418
47 6 238
46 34 439
48 2 76
48 3 211
50 6 232
52 1 0
53 2 46
53 6 247
53 14 274
53 13 369
55 5 265
56 5 589
56 1 627
59 1 0
58 3 219
58 7 302
59 5 237
59 7 253
62 2 58
59 14 323
59 8 335
62 3 174
64 5 196
64 6 199
64 7 199
64 8 203
63 3 904
65 13 41
65 15 42
66 3 244
66 5 327
66 7 331
66 8 353
66 13 373
66 30 373
66 15 374
69 1 0
70 1 0
71 2 44
72 1 0
73 2 50
73 2 63
72 6 353
72 8 372
75 1 0
72 8 436
70 8 1123
70 34 1136
70 14 1136
76 1 0
70 6 1144
70 7 1144
70 19 1169
72 3 549
74 5 263
70 6 1280
77 6 11
77 7 11
78 1 16
76 3 359
76 6 446
76 7 446
76 14 485
76 6 500
76 7 501
82 13 24
82 30 24
81 4 151
81 7 190
79 3 260
81 8 210
80 3 270
82 6 298
82 13 301
82 30 301
77 14 806
79 8 560
79 8 586
79 8 630
79 29 635
79 8 657
79 8 700
79 19 745
82 6 602
79 6 760
79 7 760
82 13 607
79 8 767
79 29 774
79 8 815
79 8 824
79 8 879
84 1 0
84 6 20
84 7 20
87 1 0
87 14 18
87 15 18
86 8 227
88 1 0
89 1 0
86 8 330
86 4 381
89 3 213
89 4 253
91 1 0
91 2 76
88 2 548
94 1 0
94 2 56
93 3 83
91 6 415
91 7 415
93 6 142
91 8 477
91 8 493
94 3 167
93 8 161
91 14 565
94 6 246
97 1 0
96 3 118
98 1 0
96 4 158
96 5 189
96 7 192
96 8 211
96 13 227
96 14 229
96 15 229
97 3 278
100 1 0
101 1 0
99 2 119
97 6 428
97 7 428
97 8 497
100 2 112
97 8 506
97 8 519
97 8 548
97 8 555
99 3 337
102 2 96
100 4 487
99 1 625
99 14 626
103 2 105
102 3 207
106 1 0
102 7 337
103 3 315
103 4 358
103 5 412
106 4 210
106 5 255
106 1 292
106 14 294
105 7 367
105 6 440
105 7 440
106 6 448
110 1 0
100 7 1133
111 1 0
100 15 1203
112 2 61
110 4 150
110 6 164
110 7 164
100 15 1235
110 13 172
100 5 1362
112 3 194
113 5 6
100 14 1402
100 15 1402
114 1 0
114 2 48
114 3 124
114 6 208
114 7 208
114 13 228
111 6 714
111 4 763
111 8 781
111 8 802
112 13 822
115 5 463
115 13 554
121 2 74
118 5 202
118 7 210
117 4 283
118 8 234
112 1 1123
112 19 1141
118 14 260
118 15 260
112 7 1162
117 5 329
117 6 337
120 3 258
117 13 359
117 30 360
120 4 310
118 13 374
122 2 75
120 26 389
120 6 414
120 7 415
120 8 418
120 13 488
120 30 488
120 15 489
125 7 9
125 6 25
125 7 25
126 2 32
127 1 0
122 4 289
123 4 318
122 5 333
122 6 344
127 2 108
128 3 138
122 14 409
122 15 409
126 3 272
124 7 483
124 7 496
124 8 500
124 6 507
124 7 507
123 15 557
126 6 341
124 34 531
124 14 534
124 34 555
124 14 556
124 8 565
132 5 2
132 7 5
133 1 0
124 7 572
131 2 64
135 5 8
135 6 11
135 136 72
135 14 93
135 15 93
134 2 108
127 5 543
134 2 177
131 5 288
133 4 194
131 6 295
131 8 313
131 14 359
137 1 0
135 1 254
135 6 263
135 136 274
131 6 418
141 1 0
142 1 0
138 2 63
139 2 119
143 2 58
115 13 2091
144 2 50
141 4 312
141 5 346
143 5 292
141 8 394
141 8 424
141 34 449
122 6 1583
122 7 1583
139 7 633
145 1 0
145 2 42
148 1 0
146 2 44
139 30 708
151 1 0
146 3 174
145 5 267
145 7 275
150 3 176
145 13 319
145 14 320
146 7 324
146 8 336
154 1 0
152 2 64
155 5 10
155 7 12
146 8 402
146 34 403
146 19 403
155 8 34
146 7 417
146 8 427
155 1 78
156 2 55
157 1 0
157 2 80
159 2 40
156 7 228
160 2 99
158 7 208
162 1 0
152 6 427
160 3 193
158 19 256
144 4 1164
158 15 259
158 25 273
144 6 1211
144 7 1212
159 8 238
160 3 232
165 1 0
158 34 297
158 6 302
159 8 289
158 14 323
159 8 299
157 7 463
157 8 478
168 1 0
168 5 14
152 1 645
152 14 647
168 6 23
168 7 24
157 4 513
157 3 514
151 6 844
151 21 847
165 2 229
170 1 0
172 1 0
167 3 241
169 4 244
167 7 319
169 7 263
169 5 305
169 7 311
167 14 373
167 15 373
176 3 3
177 1 0
170 14 303
170 7 308
166 13 539
170 19 326
165 7 620
175 3 142
170 25 396
170 6 398
170 7 398
144 30 1892
174 2 247
165 8 699
165 8 700
176 4 182
170 19 433
170 14 436
180 1 0
182 1 0
176 6 224
176 7 225
175 5 216
175 6 222
169 3 573
179 2 50
177 7 271
174 4 388
174 3 397
165 5 898
173 3 491
165 6 920
182 3 163
173 4 533
165 8 949
165 34 949
181 3 191
151 1 1593
151 6 1608
165 8 969
169 6 775
178 3 395
182 6 265
181 5 305
182 8 305
185 5 1
185 7 18
185 1 22
185 14 23
181 6 320
182 8 311
182 29 314
185 6 42
185 7 42
173 6 701
173 3 719
179 5 379
185 8 59
185 8 72
185 34 89
185 14 95
185 6 96
185 8 150
179 6 514
178 7 648
178 21 649
164 1 1297
187 2 35
187 3 109
178 29 821
189 1 0
178 8 828
187 5 170
178 8 873
187 7 185
184 3 699
192 1 0
192 2 27
194 1 0
184 5 768
197 1 0
192 5 130
192 7 137
189 4 328
192 29 159
192 29 161
192 15 169
196 2 55
196 2 65
194 3 143
198 1 0
192 13 201
192 14 201
194 5 212
194 7 228
198 2 86
193 4 242
200 2 43
193 21 293
190 6 444
164 4 1986
199 5 181
199 8 207
204 1 0
199 8 218
196 8 328
196 34 338
200 7 199
197 3 341
196 25 359
196 7 359
200 8 213
200 8 229
200 8 235
200 13 257
164 5 2141
164 7 2157
197 5 466
195 7 597
202 8 358
208 1 0
200 25 470
208 5 6
208 6 22
201 5 495
209 1 0
201 1 572
201 136 572
201 25 607
201 6 608
201 8 617
210 2 87
211 2 35
203 6 629
211 3 114
192 25 1089
205 7 614
212 2 94
198 5 962
211 5 172
205 13 676
198 6 971
211 8 211
213 5 7
198 30 1005
198 15 1007
209 3 326
210 4 378
213 8 83
213 8 101
216 2 44
178 3 2306
178 5 2342
178 6 2346
213 29 200
209 8 518
178 8 2361
213 29 203
216 3 142
210 13 526
178 15 2409
217 3 99
209 8 559
209 13 565
210 6 553
215 3 190
209 30 609
212 4 431
217 7 179
217 8 188
217 8 191
209 13 659
209 7 672
217 14 206
203 13 1141
203 14 1141
209 8 676
215 5 350
215 6 353
219 3 124
217 7 267
209 6 757
209 13 761
209 15 764
219 4 153
219 6 184
222 1 35
222 8 42
222 7 43
219 1 206
222 8 69
217 25 411
214 5 566
214 6 575
225 1 0
217 8 552
217 15 554
222 1 230
222 8 240
222 7 240
221 4 348
222 8 256
222 8 280
222 19 295
227 1 0
221 15 445
214 30 842
214 15 843
229 1 0
230 1 0
233 1 0
225 3 312
231 2 88
229 3 153
225 6 439
225 8 497
231 3 269
239 1 0
237 2 34
240 1 0
231 7 427
229 1 523
231 14 480
231 15 480
230 4 534
237 4 170
242 1 0
214 14 1516
237 6 209
237 7 210
238 5 293
238 7 297
230 7 743
240 7 281
240 30 289
243 1 0
230 13 770
244 1 0
241 8 280
230 7 815
240 6 369
243 2 63
230 4 817
241 7 337
241 14 344
241 8 396
241 15 400
241 6 403
245 2 137
132 26 6595
132 14 6596
247 1 0
244 5 321
243 6 365
250 1 0
247 4 138
247 6 156
246 6 317
249 2 98
244 8 547
248 5 255
248 6 260
252 2 112
244 8 567
245 4 554
245 3 568
244 29 638
252 3 226
255 1 0
258 1 0
252 7 297
242 6 914
242 7 914
249 4 408
261 1 0
254 3 285
265 1 0
242 5 1162
242 7 1171
242 21 1175
265 2 46
254 4 372
267 1 0
256 4 372
260 3 238
254 6 437
255 4 377
253 5 575
253 6 580
269 1 0
268 30 19
265 7 202
255 8 456
272 1 0
265 13 216
269 2 51
258 3 451
256 7 475
256 21 476
259 6 455
259 7 455
263 30 273
260 5 382
259 8 462
271 2 70
266 3 260
244 14 1255
264 5 299
275 2 66
251 5 862
260 8 456
269 3 162
251 34 900
251 25 910
251 6 911
266 4 353
251 7 947
260 19 498
260 34 498
260 26 516
254 7 711
269 4 222
251 14 966
255 29 693
272 3 241
265 6 445
275 3 220
265 8 466
255 13 706
255 14 710
255 15 710
264 6 475
264 4 479
269 5 315
272 4 282
256 7 758
270 3 345
269 6 332
269 8 359
258 29 735
284 1 0
256 8 779
256 26 789
256 27 789
283 2 35
255 26 808
271 6 394
272 6 373
272 8 382
277 7 252
277 6 252
275 6 380
277 8 272
264 15 617
281 3 148
269 8 472
271 8 437
277 15 288
270 4 487
269 14 494
288 5 4
289 1 0
285 3 171
291 1 0
270 7 531
281 5 261
285 4 249
281 8 298
292 1 0
259 8 985
285 5 280
281 34 306
281 19 318
281 8 327
259 1 1000
259 13 1002
259 14 1004
285 6 282
281 19 342
281 34 342
281 14 345
294 2 41
278 4 456
275 8 680
278 5 512
287 5 338
278 6 526
255 7 1195
296 1 0
257 3 1250
295 2 65
294 5 192
294 6 208
297 5 2
297 6 18
297 7 18
290 7 363
298 1 0
297 19 40
297 34 40
297 7 45
290 14 386
294 14 306
300 1 0
257 6 1341
297 8 58
297 34 64
297 14 65
297 7 67
297 8 85
297 19 89
255 8 1416
301 1 0
290 25 498
290 6 498
290 30 504
295 5 285
298 3 164
298 4 191
304 2 18
304 2 19
303 7 42
298 6 222
305 1 0
298 25 266
295 1 397
306 7 9
303 1 102
298 8 269
299 4 265
305 2 53
303 7 129
303 1 163
303 5 180
298 29 377
298 29 406
306 8 137
306 15 151
305 4 184
308 2 33
305 6 232
305 7 232
303 1 314
301 4 353
305 14 253
303 2 352
308 3 139
296 14 629
308 3 241
312 1 0
303 6 498
303 1 506
303 30 508
308 2 317
311 2 53
309 5 324
309 19 354
309 14 357
255 29 2208
307 8 652
307 8 737
307 8 743
307 29 777
301 6 949
301 3 950
315 1 0
307 29 807
315 2 49
255 5 2455
255 6 2459
313 8 181
313 13 201
317 1 0
255 13 2623
255 15 2626
314 5 258
314 6 261
313 25 345
313 14 357
315 4 305
316 3 291
315 6 345
293 6 1716
293 7 1716
317 3 229
321 1 0
316 21 431
319 7 276
323 1 0
324 1 0
325 1 0
326 5 2
326 6 6
319 19 359
319 15 361
319 7 376
319 15 386
321 2 199
321 2 202
322 4 203
322 5 242
322 6 245
325 3 262
327 2 95
330 2 27
332 1 0
328 6 285
328 8 297
325 7 546
328 7 367
325 1 621
325 5 624
329 4 306
333 4 145
327 3 493
329 7 376
333 6 209
334 1 0
327 4 537
335 1 0
327 5 681
327 7 684
328 25 641
328 7 641
336 5 344
337 3 147
336 14 378
336 15 378
337 4 223
337 13 286
337 15 287
339 2 47
336 7 486
336 30 494
336 14 496
336 15 496
340 1 0
339 3 171
342 2 40
339 7 336
339 13 377
342 3 131
345 1 0
340 15 399
346 2 46
347 1 8
347 5 13
347 8 18
342 5 237
342 6 247
339 6 549
339 14 559
342 30 288
342 15 289
344 2 121
348 3 142
346 5 250
346 6 253
346 7 253
349 1 0
348 6 208
352 1 0
351 8 28
353 1 0
352 2 35
354 1 0
344 4 485
354 2 33
353 2 55
341 3 829
349 7 267
345 8 542
352 3 118
344 4 557
344 3 557
341 4 884
341 7 915
341 8 937
352 6 177
359 2 72
357 2 123
355 3 176
361 2 46
352 4 279
354 4 251
354 3 253
354 25 255
354 7 258
353 8 280
354 14 261
354 15 261
354 30 271
354 15 275
360 3 142
345 8 757
355 6 263
355 7 263
360 5 196
360 6 200
350 5 579
360 3 256
361 3 203
363 7 8
363 2 37
361 4 257
363 5 54
363 6 58
363 8 76
361 5 283
363 5 101
363 6 104
363 8 111
359 6 398
361 1 341
361 136 341
361 14 341
359 15 409
364 2 54
345 4 1046
366 2 63
368 1 0
364 4 224
345 26 1220
364 8 269
345 25 1270
364 19 273
364 34 273
366 3 171
345 8 1408
345 26 1411
345 282 1412
366 6 254
371 1 0
369 7 211
365 6 399
368 7 285
367 5 360
368 8 336
367 7 372
368 8 364
368 29 384
365 14 511
359 25 1027
372 2 91
363 5 829
363 6 832
363 1 836
365 15 590
363 6 846
373 2 50
363 6 871
363 7 871
374 2 110
368 34 663
373 3 267
376 1 0
372 5 436
374 4 341
376 2 74
372 8 452
372 8 462
377 2 78
373 5 403
374 7 385
380 1 0
380 2 43
374 30 457
374 15 460
378 2 108
381 2 48
373 34 521
373 14 522
377 3 255
381 4 150
381 6 199
377 6 352
384 1 0
381 14 251
380 5 335
380 25 379
380 6 379
380 14 388
377 8 508
377 5 551
387 3 84
378 7 609
387 5 142
365 8 1606
378 25 788
378 6 788
385 7 428
378 6 813
385 8 495
385 19 505
389 3 196
393 2 53
377 8 1189
388 6 347
395 2 38
392 13 269
392 15 272
389 8 368
389 8 381
393 3 140
389 8 389
393 4 198
395 4 159
393 5 243
398 1 0
388 8 530
393 30 257
399 1 0
395 8 239
388 15 581
399 5 10
399 14 23
404 1 0
396 4 358
405 1 0
408 1 0
397 7 307
396 5 434
401 6 212
401 7 212
406 2 74
409 5 4
409 30 19
398 3 352
387 8 1188
405 3 195
400 4 375
412 1 0
396 1 635
396 136 635
396 19 635
411 2 104
405 8 292
400 5 444
400 6 446
412 2 58
400 8 486
403 6 390
415 1 0
400 4 497
400 5 501
396 7 739
414 2 55
403 8 442
406 3 383
398 5 621
398 6 629
398 7 630
400 6 559
400 7 559
404 13 466
400 3 586
403 8 477
416 1 0
416 1 0
406 4 456
415 3 147
398 19 731
412 5 261
412 6 263
412 7 264
412 4 277
412 3 281
398 6 745
418 1 0
415 6 235
412 8 314
414 7 238
412 19 322
412 15 325
412 6 337
411 4 418
403 4 633
405 29 649
412 25 371
412 19 384
412 14 384
412 19 399
416 8 233
418 3 144
413 5 381
413 19 432
417 4 179
418 4 197
413 19 467
413 14 469
413 7 476
418 6 246
417 8 279
418 13 320
418 15 321
421 2 53
398 34 1117
422 5 7
422 7 14
422 8 16
398 6 1125
422 8 28
423 1 0
421 3 143
404 6 1042
404 7 1043
424 5 3
419 3 257
424 6 12
419 5 289
419 6 294
419 7 294
419 13 309
419 14 310
414 8 753
414 29 756
414 8 757
414 29 792
414 8 797
414 8 814
428 1 0
428 6 9
428 7 9
430 6 12
431 1 0
431 6 18
429 2 114
429 2 124
423 4 340
423 6 377
423 7 378
424 29 368
421 14 524
421 6 563
421 13 566
421 15 567
421 30 586
421 14 589
427 6 315
427 7 316
427 8 354
432 2 140
427 6 424
427 8 436
427 8 444
427 34 488
427 25 502
427 6 502
432 3 263
421 7 827
421 6 827
421 13 833
421 15 834
421 14 834
434 4 201
432 5 359
434 6 234
434 7 234
421 7 910
421 8 915
421 30 918
421 14 919
421 15 919
438 1 0
433 4 427
421 13 1038
421 15 1039
433 6 532
440 1 0
433 1 614
433 13 615
433 14 615
421 30 1185
421 14 1186
421 15 1186
438 3 282
437 8 333
442 1 0
437 5 390
437 7 397
437 8 429
438 5 401
444 1 0
438 8 437
441 3 253
438 14 458
438 6 479
446 1 0
428 4 1179
438 7 493
440 5 354
440 8 374
449 1 0
450 1 0
438 15 530
448 2 63
450 2 47
441 19 418
441 8 432
446 4 134
443 5 247
446 5 171
446 6 187
447 4 180
443 8 267
443 8 290
444 1 279
441 19 510
441 14 515
451 3 201
447 30 282
447 15 283
438 7 800
452 6 217
456 1 0
438 7 838
451 7 326
438 8 848
456 2 71
447 6 416
447 7 417
450 5 352
438 19 879
438 34 879
438 14 883
438 25 888
438 8 916
454 8 179
438 14 932
440 29 799
448 4 413
454 8 211
445 6 519
450 1 455
450 15 467
459 1 0
445 8 583
460 1 0
448 5 544
462 1 0
459 2 61
450 7 581
460 3 111
450 8 627
460 5 176
460 8 195
464 1 0
462 4 219
465 1 0
463 2 82
462 8 298
459 5 351
462 8 358
466 1 0
466 1 4
462 30 376
436 19 1563
436 6 1587
436 7 1587
436 8 1630
436 8 1653
436 34 1656
470 2 68
471 2 58
461 3 670
469 4 146
469 30 202
469 6 219
469 7 219
461 6 752
473 6 19
473 7 19
473 8 27
471 5 216
466 4 461
472 7 220
469 14 319
474 1 0
461 30 887
461 15 888
471 30 304
471 14 306
471 15 306
466 5 521
466 6 537
444 3 1573
475 2 54
469 7 436
474 2 59
473 29 146
466 19 567
466 14 571
473 8 169
477 1 0
444 6 1643
474 3 158
444 14 1674
473 8 271
476 3 146
474 6 261
474 282 262
475 5 260
469 5 637
475 6 276
475 7 276
470 3 633
475 8 306
483 1 0
477 3 221
485 1 10
486 1 0
469 14 771
444 7 1967
481 2 136
444 14 1998
484 2 139
479 4 196
479 5 225
479 7 231
477 5 383
469 1 895
469 7 904
469 14 911
477 8 408
479 8 277
479 8 280
477 8 440
489 1 0
474 8 608
469 15 963
469 14 967
479 1 318
469 13 986
469 15 987
490 1 0
444 6 2159
444 7 2160
476 8 568
476 6 587
470 14 1038
484 3 377
491 1 0
492 1 0
444 8 2259
495 1 0
496 1 0
444 26 2282
444 14 2285
493 2 58
485 4 434
498 1 0
492 2 129
488 5 404
488 6 420
498 2 65
481 5 623
481 6 638
502 1 0
488 136 500
503 1 0
490 4 348
488 19 530
488 136 531
488 25 539
488 6 539
497 8 256
490 5 384
490 6 400
490 21 403
498 3 192
490 8 415
487 3 625
470 7 1390
488 8 579
487 4 675
487 5 711
487 6 727
487 7 728
502 5 160
502 7 175
502 21 177
485 8 798
497 8 403
492 5 453
492 7 468
492 21 469
505 1 0
502 8 222
502 8 240
490 4 589
490 5 611
492 14 512
505 2 51
497 19 495
497 14 496
490 7 628
502 15 307
497 26 501
497 25 506
497 15 526
497 7 559
497 8 567
497 8 607
497 14 651
502 25 435
502 7 435
502 30 440
508 2 37
505 3 229
492 5 729
492 21 747
505 3 356
506 3 322
505 3 431
505 4 442
509 2 46
506 5 415
506 7 419
511 2 53
508 4 281
508 6 307
506 14 470
512 2 48
515 1 0
516 1 0
510 3 207
517 2 50
511 7 252
514 6 196
519 1 0
518 2 59
513 3 293
516 6 231
521 1 0
520 2 58
514 14 354
517 7 305
512 4 427
513 4 415
515 3 399
524 1 0
513 5 486
513 6 492
513 7 493
521 3 227
520 4 250
513 15 533
512 8 569
520 5 294
505 14 1077
521 5 301
526 2 104
519 4 471
524 3 235
519 7 562
519 21 564
493 4 1771
524 5 374
512 5 891
512 6 894
529 2 75
512 8 905
522 8 519
526 3 395
532 1 0
522 8 524
533 1 0
523 14 553
526 5 502
526 6 509
526 7 509
530 3 196
534 1 0
534 5 1
534 6 15
534 7 15
534 13 19
530 5 291
505 7 1626
530 14 331
533 8 323
535 1 0
536 1 0
526 6 1063
538 1 0
540 1 0
541 1 0
539 2 52
540 2 46
541 4 111
541 7 141
540 4 169
540 8 276
540 8 304
529 1 1130
529 13 1131
539 14 329
542 2 166
540 8 317
540 30 333
540 15 339
547 1 0
529 4 1200
535 5 668
529 5 1209
529 6 1213
529 7 1213
529 19 1223
535 8 695
539 7 420
539 6 431
541 14 396
539 8 441
529 6 1276
529 136 1285
529 14 1285
539 8 475
535 14 758
539 19 496
539 7 502
549 2 37
550 2 40
529 7 1329
529 6 1379
529 7 1379
547 4 237
549 3 116
529 136 1391
529 14 1391
529 7 1402
547 5 263
547 6 279
554 1 0
555 1 0
541 6 644
552 2 98
550 6 202
543 4 506
551 2 102
553 2 40
541 15 697
544 4 479
539 5 748
539 7 762
554 2 126
554 2 126
554 2 127
554 2 127
539 8 784
544 7 542
553 4 154
553 5 173
553 6 179
544 8 552
553 1 204
553 14 207
555 8 276
544 13 645
552 4 366
554 4 329
552 5 419
552 6 432
554 6 369
554 7 370
554 8 378
557 1 0
552 1 505
552 15 505
558 1 0
547 30 834
547 14 834
560 1 0
548 4 840
544 6 972
559 2 47
558 2 102
565 1 0
551 8 729
562 2 112
547 6 1013
547 7 1013
567 2 43
569 1 0
559 3 314
563 4 288
563 6 297
558 8 413
558 8 413
563 19 315
563 14 316
559 7 392
570 3 186
569 4 211
562 4 414
559 8 434
530 7 2426
565 4 377
567 5 339
567 6 343
567 26 355
562 5 471
571 4 195
530 4 2456
530 3 2467
567 26 366
567 27 366
567 7 371
567 26 380
567 27 380
567 7 383
559 34 499
559 14 501
571 5 218
559 6 508
559 7 508
559 8 515
569 7 300
569 14 310
576 1 0
567 26 390
567 27 390
567 15 394
571 4 249
571 3 250
565 13 479
565 15 484
580 1 0
577 2 68
568 7 476
580 5 26
580 6 42
530 6 2614
568 8 513
568 8 529
568 8 562
568 8 574
568 8 587
568 8 625
585 5 10
585 6 18
583 2 126
574 34 421
574 14 435
569 25 643
569 7 643
569 8 654
577 4 318
576 5 343
576 7 354
582 3 248
583 3 245
576 14 374
584 3 238
574 8 554
582 6 330
577 19 429
577 8 458
584 4 318
583 6 398
586 5 260
586 6 263
586 7 263
577 8 524
589 1 0
577 8 534
584 5 414
584 7 419
584 21 422
590 2 108
591 4 123
595 2 25
591 5 176
591 8 196
591 13 205
595 5 161
595 6 176
595 7 176
589 6 398
589 7 399
598 1 0
596 3 185
589 8 444
600 2 64
408 1 9867
594 3 332
596 5 294
596 3 333
597 3 260
600 4 194
596 4 349
596 5 357
596 6 359
601 4 189
599 3 242
605 2 62
600 8 286
601 13 264
599 4 293
597 19 417
597 34 417
602 3 279
597 6 468
597 4 476
602 4 334
597 6 495
606 1 0
602 5 381
603 2 381
608 5 3
602 2 433
604 5 437
604 6 448
604 8 458
611 1 0
602 5 526
612 1 0
613 1 0
614 1 0
606 5 236
613 2 56
604 14 588
606 29 303
603 4 675
575 8 1785
604 7 710
604 14 736
615 1 0
611 8 286
603 5 770
611 8 290
603 7 787
615 2 56
612 5 267
605 7 678
575 8 1880
603 30 814
603 15 814
612 6 283
612 8 313
619 1 0
605 30 747
613 15 332
619 2 58
612 8 399
617 3 115
621 1 0
622 1 0
617 7 215
615 5 300
615 6 310
620 2 77
617 13 226
615 8 345
624 1 0
616 5 334
622 2 80
616 7 350
615 14 396
624 2 51
618 3 407
618 5 506
620 5 362
624 5 255
624 6 270
624 7 271
620 7 374
618 8 548
624 19 291
624 14 293
630 1 0
630 2 7
605 15 1396
634 1 0
631 6 235
631 7 235
631 8 244
611 8 1186
611 29 1186
611 29 1203
611 8 1204
634 2 71
631 6 317
631 7 317
633 4 162
633 7 210
635 1 0
633 8 245
628 6 554
628 7 554
631 8 483
634 7 305
633 8 422
628 1 733
628 7 743
633 30 446
633 15 447
631 8 624
637 1 0
638 1 0
637 7 24
639 1 0
640 7 12
640 1 57
640 13 57
642 1 0
643 1 0
643 2 61
639 6 248
644 2 71
628 1 1167
639 25 273
639 6 276
622 4 1438
628 5 1172
628 6 1176
641 3 271
643 3 155
637 25 356
637 7 357
637 8 364
647 1 0
622 5 1520
641 4 328
643 5 214
622 7 1527
639 4 397
650 1 0
647 2 51
643 6 229
643 29 241
639 7 410
641 7 388
644 6 243
641 8 413
641 13 428
641 30 428
641 14 431
644 8 272
651 1 0
642 3 344
641 13 526
654 1 0
641 15 527
651 2 71
638 30 596
641 13 591
641 14 592
651 2 151
649 7 268
649 29 314
649 8 315
649 29 316
652 8 179
649 8 346
649 8 350
642 25 574
657 2 73
649 8 355
642 25 612
642 6 615
642 5 621
654 6 208
642 6 635
659 1 0
653 3 261
651 6 354
642 25 686
659 2 44
660 1 0
651 13 380
653 7 347
642 25 741
642 7 748
642 5 810
642 6 815
661 2 67
643 8 798
661 2 75
659 6 201
659 7 201
651 6 531
658 4 326
657 4 386
642 1 875
642 13 875
642 14 875
652 30 554
658 5 405
658 6 421
653 1 607
664 1 0
663 7 20
663 8 33
663 8 36
657 13 504
653 5 610
665 1 0
658 3 490
658 5 510
666 2 39
658 7 526
643 15 1113
663 7 212
667 1 0
628 6 2240
665 2 196
666 6 201
666 7 201
642 26 1249
670 1 0
643 6 1275
643 14 1286
671 1 0
669 1 29
664 3 343
669 8 94
667 3 249
673 1 0
675 6 18
668 5 260
668 7 277
675 14 33
667 5 365
667 6 374
667 8 398
659 8 924
664 19 572
676 3 156
665 4 626
677 2 146
671 8 377
671 4 384
678 1 0
670 5 437
675 7 328
670 8 479
665 29 762
665 8 763
670 8 497
674 3 353
672 5 482
672 6 487
672 7 487
683 1 0
678 3 216
674 5 494
674 14 545
674 15 545
679 5 266
686 1 0
678 7 376
674 5 645
679 8 383
686 2 63
682 3 315
682 4 370
674 14 823
683 8 403
686 4 235
683 30 409
686 7 306
687 1 0
682 13 536
682 14 536
682 15 536
408 1 14647
408 7 14666
408 5 14750
408 6 14758
680 8 799
682 6 711
680 8 817
690 1 11
688 2 113
691 8 37
687 8 352
680 7 995
680 14 1015
692 6 8
692 8 47
682 7 993
692 13 110
692 14 111
689 4 350
694 2 79
698 1 0
689 4 424
699 1 0
698 2 84
694 5 255
694 6 258
695 5 238
697 3 189
695 29 305
700 2 48
697 4 228
702 1 0
702 5 3
702 7 5
702 1 7
702 13 7
696 4 321
697 6 270
703 6 93
703 8 102
700 3 182
703 8 113
700 4 227
706 1 0
696 25 458
696 8 465
688 4 845
696 8 505
704 3 179
708 1 0
709 1 0
688 5 930
688 6 944
698 6 501
710 2 63
704 6 288
712 8 5
688 8 1054
706 3 241
712 30 52
705 6 319
704 1 423
710 3 214
706 4 326
706 5 390
704 6 508
704 13 512
710 6 303
716 1 0
711 7 418
711 4 514
711 5 518
711 6 526
711 8 548
720 2 57
675 29 2706
675 13 2725
675 15 2725
714 4 308
721 1 0
647 1 4097
713 4 383
714 25 388
714 8 418
714 8 462
719 6 367
720 7 313
714 15 480
714 25 487
714 7 488
714 29 507
726 1 0
725 2 53
714 29 529
713 8 587
729 7 12
729 19 25
729 25 31
729 6 39
729 7 39
723 5 248
723 5 268
723 6 270
633 6 5336
633 7 5337
633 13 5342
722 3 283
727 2 160
731 5 2
722 1 357
722 30 357
731 13 55
731 15 55
730 3 147
728 4 290
728 5 322
733 2 64
727 5 453
734 1 0
735 1 0
734 2 67
726 4 631
724 3 764
712 1 1460
739 5 1
739 7 4
647 1 4904
739 1 13
739 15 14
737 2 72
731 1 497
733 6 359
740 5 5
712 2 1534
738 2 98
742 1 0
731 8 566
733 14 446
741 5 4
731 1 595
731 14 596
731 15 596
724 6 968
724 7 968
744 1 0
744 6 11
726 8 878
744 13 16
733 13 582
734 4 378
733 1 600
733 7 615
625 2 6557
737 4 328
734 5 404
734 6 407
724 1 1092
733 14 640
625 3 6592
712 4 1797
745 1 0
746 1 0
746 5 3
734 8 478
737 6 425
737 7 425
746 13 24
734 14 512
734 6 533
733 5 751
733 6 760
733 7 760
748 1 0
733 14 786
712 3 1923
712 6 1943
712 8 1957
712 34 1963
712 14 1976
712 15 1976
750 1 0
752 1 0
745 3 265
750 3 204
753 1 0
745 4 350
731 1 1176
731 6 1182
754 1 0
755 1 0
754 5 5
754 6 10
751 4 221
751 5 244
751 7 248
750 5 300
750 6 308
751 8 267
756 1 0
756 5 2
756 6 7
756 7 7
750 13 376
731 8 1340
750 7 393
750 8 397
750 8 448
737 13 995
737 15 996
757 4 202
751 7 483
761 29 48
757 25 285
761 19 59
761 7 72
756 19 323
757 3 331
757 6 382
757 7 382
759 4 260
759 3 261
764 2 53
757 6 451
762 7 247
760 2 474
765 4 265
749 1 1085
770 1 0
764 4 370
760 6 640
764 5 421
760 15 658
749 7 1162
764 13 482
764 30 483
773 1 0
775 1 0
772 2 65
774 2 46
728 15 2401
772 3 192
775 3 179
770 5 346
774 5 242
774 6 246
776 2 170
775 4 232
772 5 357
772 7 373
781 4 129
776 3 307
781 7 172
783 1 0
776 6 410
784 1 0
776 14 452
786 1 0
783 2 80
773 8 603
773 8 683
787 2 54
774 8 665
785 5 212
785 29 249
788 2 199
787 4 226
768 13 1073
768 15 1073
791 1 0
787 6 258
787 7 259
788 2 290
791 25 87
791 7 91
790 3 137
790 4 170
790 7 198
795 1 0
790 8 240
793 3 189
787 14 578
787 15 578
788 6 584
788 8 610
793 8 250
794 3 260
794 5 325
794 7 328
792 3 372
794 1 361
797 3 203
794 15 362
802 1 0
797 4 288
797 6 315
797 6 378
797 7 379
798 4 314
805 1 0
790 14 775
804 2 49
801 3 189
800 7 238
798 5 398
801 5 247
801 6 250
790 6 880
801 8 275
804 3 163
797 5 562
797 6 565
797 8 605
802 4 424
804 5 296
802 6 456
794 7 847
806 2 54
805 4 407
810 1 0
811 1 0
802 3 663
806 5 263
806 6 265
806 7 265
806 21 269
807 3 283
808 2 300
807 4 371
811 3 328
813 5 307
820 1 0
815 4 304
813 6 312
813 8 345
822 1 0
808 5 514
821 2 32
818 3 228
822 2 49
808 8 574
811 5 495
811 6 499
811 7 499
818 3 302
825 1 0
826 1 0
809 6 602
824 2 37
824 2 41
818 4 321
815 14 514
790 6 1819
790 19 1833
818 8 413
825 4 135
825 5 143
827 1 0
827 6 11
825 7 151
825 8 163
827 34 35
819 2 389
828 1 0
818 3 519
818 3 521
826 3 229
821 4 332
825 8 243
809 5 856
809 7 861
818 3 575
821 5 381
818 6 587
818 7 587
819 3 544
819 4 612
808 14 992
820 6 565
820 7 565
819 5 654
819 7 663
829 1 0
819 8 698
808 7 1091
808 13 1115
777 1 2989
777 1 3003
830 1 0
777 8 3014
777 8 3022
777 8 3027
831 2 54
777 29 3078
777 8 3079
823 6 656
834 1 0
832 2 81
829 2 208
835 5 22
836 1 0
835 6 29
835 7 29
835 19 37
833 2 39
835 6 82
777 8 3234
777 13 3240
835 6 114
834 2 135
832 3 205
833 3 153
833 4 156
838 1 0
832 8 297
831 4 333
808 8 1505
829 5 427
829 7 434
831 7 381
832 8 343
829 13 474
808 8 1549
808 13 1595
808 14 1595
831 19 509
831 34 509
831 15 512
834 3 434
837 8 396
834 4 468
835 5 485
835 8 499
835 6 499
829 8 703
835 7 530
838 3 451
841 2 70
842 2 61
841 6 326
842 4 246
845 4 194
848 1 0
849 1 0
845 6 234
841 8 403
850 2 34
844 3 339
841 8 513
853 1 0
850 7 256
850 8 268
850 13 294
850 14 294
844 5 593
844 7 601
854 1 0
850 14 505
844 8 740
844 8 833
844 8 853
855 2 24
854 3 258
854 6 538
844 14 1262
844 15 1262
857 3 170
844 6 1295
844 8 1314
857 6 289
841 15 1602
844 6 1511
844 7 1511
858 1 102
861 1 0
860 2 48
861 2 52
860 3 215
863 6 149
863 8 166
865 2 75
863 8 196
866 2 60
862 4 258
863 5 264
863 7 267
860 15 400
863 8 273
863 8 281
867 2 62
844 25 2043
844 8 2051
863 6 315
861 7 419
844 14 2077
844 6 2090
738 8 7774
869 1 0
867 3 164
866 4 257
862 14 444
862 15 444
768 8 6355
768 8 6359
866 8 333
870 2 94
738 4 7878
738 6 7891
865 25 418
865 6 418
867 5 281
866 13 387
861 8 598
768 8 6433
867 13 317
867 14 319
862 25 608
861 8 678
875 2 56
865 7 503
862 30 641
862 14 641
866 13 465
866 8 491
866 26 496
866 6 519
866 25 531
866 6 540
866 7 540
866 8 544
866 34 556
866 15 558
866 14 564
866 15 564
875 3 168
877 2 44
877 3 133
870 4 444
876 7 274
877 7 207
861 29 992
869 8 536
869 14 568
881 1 0
882 6 11
883 1 0
879 6 293
869 34 679
869 15 681
883 2 67
887 1 0
886 6 15
886 8 28
844 7 2868
884 2 74
886 8 45
844 8 2874
844 15 2880
880 6 361
886 34 68
880 4 399
880 6 404
880 7 404
880 1 406
880 14 409
880 7 416
880 8 428
880 29 431
884 3 190
880 6 462
881 4 276
884 5 259
881 6 324
884 6 268
884 7 268
883 14 291
883 7 298
884 8 277
884 8 292
884 8 301
881 14 391
881 15 391
878 5 680
878 6 684
881 6 483
881 14 512
844 8 3251
844 29 3256
844 8 3335
883 4 599
844 8 3400
782 6 7071
782 7 7071
891 1 0
892 1 0
893 1 0
894 5 8
894 7 13
894 30 47
894 14 48
844 13 3537
844 15 3538
889 4 227
891 2 154
888 6 529
889 6 285
844 7 3633
844 8 3638
844 8 3648
886 1 826
892 3 274
889 19 352
844 15 3687
891 3 275
890 6 396
891 5 354
899 1 0
900 1 0
891 7 371
891 21 373
898 2 71
891 13 436
896 5 292
896 6 297
896 7 297
897 4 247
899 6 209
899 19 215
899 6 244
898 6 281
898 7 281
897 8 327
844 25 4054
844 6 4054
844 8 4062
844 15 4073
902 1 0
891 6 691
900 6 351
900 7 351
900 8 364
900 8 371
891 8 726
900 8 375
900 8 415
901 5 293
900 15 433
900 7 436
900 8 441
900 8 446
900 7 459
904 2 63
905 1 0
904 3 173
907 1 0
908 1 0
909 1 0
910 1 0
908 14 70
904 19 593
904 34 593
904 14 593
907 5 295
907 6 299
907 7 299
912 1 0
887 2 2379
914 1 0
912 4 139
912 34 179
912 25 188
912 7 189
912 19 202
912 25 204
907 8 695
914 2 130
887 4 2673
887 6 2754
914 7 407
917 1 0
887 136 2834
887 6 2857
917 2 92
915 4 409
915 5 448
916 3 336
916 4 408
913 4 874
917 5 358
917 6 366
917 1 391
917 19 391
918 5 342
921 2 30
922 2 62
921 3 173
923 2 168
922 3 179
925 1 0
926 1 0
921 7 330
921 8 334
927 5 10
922 6 310
926 4 125
921 13 403
921 30 403
922 34 359
922 14 359
919 6 478
919 7 479
926 6 163
926 7 163
922 6 375
926 8 186
923 3 404
920 7 503
926 15 195
919 14 526
919 15 526
920 8 571
923 4 502
920 1 645
920 15 646
928 3 306
922 7 617
922 13 628
922 15 629
925 8 471
925 19 479
925 14 481
925 15 481
887 6 4073
887 7 4074
929 4 280
928 6 552
920 8 997
928 15 578
929 8 441
929 8 454
929 8 460
929 8 464
930 5 365
930 6 368
931 1 0
929 34 475
930 136 453
930 7 462
930 136 475
936 1 0
939 1 0
938 2 38
938 3 116
938 5 171
942 1 0
943 1 0
944 1 0
940 6 372
940 14 391
940 15 391
880 7 6206
946 2 35
945 2 108
880 19 6226
880 34 6226
945 19 257
946 6 198
945 15 274
944 8 631
945 4 372
947 6 21
947 7 21
948 1 0
949 1 0
949 3 109
950 1 0
949 5 169
952 1 15
950 2 96
952 2 75
948 7 450
950 3 248
950 5 388
952 4 326
952 3 351
950 7 393
953 2 136
953 2 210
955 1 0
954 4 168
954 19 238
954 14 238
954 34 301
954 7 308
954 34 324
954 7 327
954 4 328
955 8 307
956 3 417
960 1 3
952 2 1062
963 1 0
956 4 587
961 2 77
964 1 0
959 3 345
956 14 707
952 15 1231
959 5 460
956 27 733
956 14 734
956 6 753
956 7 754
956 29 763
959 15 499
956 4 826
961 4 336
959 15 595
960 8 450
960 8 461
961 6 385
961 7 386
960 29 478
960 8 486
961 8 440
967 2 189
966 7 279
966 8 286
959 13 1084
959 30 1084
959 15 1085
969 1 0
970 1 0
969 3 214
971 2 95
972 2 70
974 2 35
959 7 1358
959 34 1386
971 2 195
970 3 273
975 1 0
974 4 164
967 3 717
974 5 178
974 8 190
970 4 376
974 14 230
974 25 235
974 7 236
967 7 807
972 7 383
974 14 366
972 29 475
972 34 485
976 3 205
977 8 230
977 8 254
977 14 265
978 6 350
978 14 375
978 15 388
980 3 266
980 7 436
981 1 0
982 1 0
981 3 257
985 1 0
986 2 48
987 1 0
981 8 529
988 2 79
989 1 0
990 1 0
985 4 351
989 6 158
989 7 158
989 8 188
990 3 378
986 4 693
986 5 746
986 6 754
986 3 820
986 3 831
986 4 860
991 1 0
993 1 0
994 1 0
986 6 874
995 1 0
992 3 105
992 5 157
986 19 1031
986 14 1031
994 5 175
992 1 215
994 8 228
994 8 271
994 29 275
994 13 279
994 15 280
995 4 242
996 1 0
997 1 0
996 2 64
996 2 74
996 2 84
