0 2 52
0 3 128
0 4 151
0 5 262
0 6 270
0 7 270
9 1 0
9 2 90
9 2 100
9 3 166
9 4 196
9 7 229
9 8 240
10 1 0
10 3 324
12 1 0
10 4 376
10 5 410
10 6 414
10 7 415
10 13 428
10 14 429
10 15 429
12 2 145
16 1 0
17 1 0
10 1 665
10 5 669
17 2 95
16 5 213
16 6 222
16 1 238
16 14 242
16 7 249
12 3 511
12 4 596
17 3 321
20 1 0
17 4 373
20 2 69
12 5 718
12 6 727
17 6 455
17 7 455
22 1 0
17 14 507
22 2 37
22 4 158
22 5 185
22 7 195
22 8 203
20 6 403
20 7 403
23 1 0
24 5 6
24 7 11
22 25 471
24 1 131
24 26 131
24 27 131
24 28 131
24 28 131
24 1 178
24 2 202
24 4 257
24 5 267
24 7 273
24 8 302
24 30 344
24 14 345
24 15 345
31 1 0
32 1 0
32 3 149
32 4 182
33 3 208
33 4 313
33 5 354
33 6 358
33 8 392
33 19 406
33 14 409
33 15 409
33 7 418
33 13 449
33 15 450
35 2 70
36 1 0
35 3 176
36 3 171
35 4 249
35 5 304
35 6 307
35 7 307
35 8 327
36 7 316
35 1 383
35 14 385
36 29 340
36 5 356
36 6 365
36 1 382
36 5 389
37 1 0
33 1 1294
38 2 206
38 3 320
38 4 372
39 1 0
38 7 448
38 21 452
38 1 510
38 13 510
38 14 511
38 15 511
40 2 81
38 6 946
38 7 946
38 13 969
38 30 969
38 14 969
40 4 325
40 6 382
40 7 382
40 21 385
40 1 414
40 19 414
40 25 426
40 6 426
40 19 429
40 15 431
40 25 442
40 7 442
40 19 444
40 15 446
40 25 452
41 1 0
41 1 0
41 2 68
42 1 0
43 1 0
41 8 510
42 3 203
42 5 301
42 19 323
42 7 341
42 3 350
44 3 264
44 4 318
44 6 390
44 7 390
45 1 0
45 4 168
45 7 192
45 13 202
45 14 202
45 15 203
46 1 0
46 2 63
47 1 0
47 3 121
46 3 307
47 4 192
46 4 369
46 5 414
47 7 238
47 6 238
46 8 432
46 1 438
46 14 441
46 15 441
48 1 0
48 2 76
48 4 271
48 7 327
50 1 0
50 2 71
50 4 198
50 5 230
51 1 0
52 1 0
53 2 46
53 4 227
53 6 247
53 7 247
53 19 268
53 14 274
53 15 274
53 14 302
53 15 302
53 6 320
53 7 320
53 13 335
53 14 336
53 15 337
53 6 359
53 14 369
55 1 0
55 3 179
55 7 269
56 1 0
56 2 322
56 3 491
56 6 605
56 21 609
56 13 629
56 15 631
57 1 0
58 1 0
58 2 57
59 2 35
58 3 219
60 1 0
58 4 254
58 5 288
61 1 0
59 4 164
58 6 302
58 8 325
62 1 0
59 6 253
59 7 253
59 8 284
59 8 291
59 8 296
59 8 309
59 14 323
59 6 330
59 8 335
62 3 174
62 4 217
63 1 0
63 1 14
62 7 265
63 2 391
64 2 40
64 6 199
64 7 199
64 8 203
64 8 218
64 8 231
64 8 241
64 1 280
64 13 280
64 15 284
63 3 904
65 5 16
65 6 21
65 7 22
65 13 41
65 15 42
66 2 60
66 3 244
66 6 331
66 7 331
66 13 373
66 30 373
66 14 374
66 15 374
70 1 0
70 2 97
71 1 0
71 2 44
70 3 307
70 4 367
70 5 384
70 6 388
70 7 388
71 3 127
71 6 252
72 2 133
72 3 231
74 1 0
73 2 50
73 2 63
74 2 64
72 6 353
72 7 354
72 8 372
72 29 420
72 8 436
73 3 202
74 3 180
75 2 74
70 8 1123
70 19 1136
70 14 1136
76 1 0
70 6 1144
70 7 1144
70 8 1165
70 19 1169
72 4 545
74 5 263
70 25 1280
70 6 1280
73 4 451
77 1 0
77 5 8
77 6 11
77 7 11
78 1 0
76 2 220
75 4 347
76 3 359
76 4 398
76 7 446
76 8 473
76 1 484
76 34 485
76 7 501
76 13 504
76 15 505
79 2 78
81 1 0
81 2 54
82 6 12
82 1 24
82 14 26
81 4 151
81 5 182
81 7 190
81 8 199
81 8 210
80 3 270
80 4 304
79 4 342
80 3 318
79 5 395
79 6 408
79 7 408
82 6 298
82 7 298
82 13 301
82 30 301
77 13 805
77 14 806
77 15 806
79 8 532
79 8 548
79 8 608
79 29 624
79 29 635
79 8 637
79 29 650
79 8 653
79 8 700
79 34 745
79 15 747
82 25 602
82 6 602
82 7 602
79 25 759
79 7 760
82 13 607
82 30 607
79 8 767
79 8 790
79 29 812
79 8 815
79 8 824
79 8 879
84 1 0
84 7 20
85 1 0
85 2 236
87 1 0
87 6 8
87 7 9
87 14 14
87 14 18
87 15 18
86 2 59
86 3 174
86 5 208
86 8 227
86 8 250
88 1 0
89 1 0
86 8 330
86 4 381
77 1 3015
77 6 3030
88 2 203
90 1 0
89 3 213
89 4 253
89 5 306
89 6 312
89 13 365
89 15 366
91 2 76
92 1 0
88 2 548
95 1 0
94 2 56
93 3 83
91 5 410
91 8 461
93 6 142
93 7 142
91 8 468
91 8 488
91 8 493
94 3 167
93 8 161
88 4 861
91 8 506
91 8 519
91 29 548
91 29 553
94 4 211
91 19 565
91 6 578
91 7 578
94 5 232
94 7 246
96 1 0
97 1 0
96 2 41
97 2 63
96 3 118
88 6 1169
88 7 1169
98 1 0
96 4 158
96 7 192
96 8 211
96 13 227
96 14 229
100 1 0
99 2 119
97 4 386
97 5 424
101 2 57
101 2 65
97 8 480
100 2 112
97 8 506
97 8 519
101 3 147
97 8 544
97 8 555
97 8 565
102 1 0
99 4 488
103 1 0
100 3 412
102 2 96
99 5 592
100 4 487
103 2 69
104 1 0
99 6 603
99 7 604
99 21 604
99 34 626
99 14 626
103 2 105
105 1 0
102 4 242
102 5 335
102 6 337
102 8 347
105 2 126
103 4 358
106 3 160
103 5 412
103 6 414
105 3 237
106 6 265
107 2 73
106 1 292
106 13 293
106 30 293
106 14 294
105 6 367
105 7 367
105 19 414
105 14 428
105 6 440
105 7 440
109 1 0
110 1 0
106 14 458
106 15 458
100 5 1116
108 3 204
100 7 1133
100 8 1141
108 4 261
110 3 119
100 19 1200
100 14 1203
100 15 1203
100 25 1215
112 2 61
110 4 150
110 5 160
110 7 164
100 19 1224
100 14 1225
100 14 1235
110 13 172
110 30 172
110 15 173
100 1 1335
100 5 1362
112 3 194
100 6 1372
100 7 1372
113 7 10
113 8 16
113 8 27
100 19 1400
100 14 1402
112 4 265
113 8 41
114 2 48
115 2 72
111 3 482
114 3 124
114 4 159
114 5 204
116 1 0
114 13 228
114 30 228
114 15 230
111 4 631
111 5 706
111 6 714
111 7 714
111 5 769
112 6 758
112 7 758
115 4 393
112 8 787
112 8 807
112 1 822
112 14 823
117 1 0
115 5 463
115 6 473
118 1 0
119 1 0
115 13 554
120 1 0
121 1 0
118 4 144
120 2 88
117 3 212
121 2 74
118 5 202
118 6 210
117 4 283
118 21 213
118 8 234
112 1 1123
112 7 1132
112 8 1134
112 29 1139
112 1 1141
112 14 1141
118 13 260
118 30 260
118 14 260
112 25 1162
117 6 337
120 3 258
117 1 359
117 30 360
117 14 360
117 15 360
122 1 0
120 4 310
118 7 372
118 13 374
118 30 375
118 14 375
118 15 375
124 1 0
117 7 444
120 6 376
124 2 56
120 26 389
120 27 390
120 14 391
120 8 418
121 3 362
121 4 405
125 1 0
125 5 6
120 13 488
122 3 211
125 26 14
125 14 15
125 7 25
125 8 30
121 6 484
121 7 484
129 1 0
122 4 289
128 2 37
126 2 104
122 6 344
129 2 58
122 7 345
124 3 335
122 8 387
128 3 138
123 7 407
122 13 406
122 14 409
122 15 409
128 4 188
126 3 272
124 6 460
124 7 460
124 21 461
124 8 471
124 19 478
124 34 478
124 14 479
124 25 483
124 6 483
124 8 490
124 34 493
124 25 496
124 6 496
124 7 496
124 8 500
124 19 502
124 34 502
124 14 503
124 6 507
124 7 507
123 14 557
123 15 557
126 5 339
124 8 529
124 19 531
124 34 531
124 15 534
124 25 539
124 7 539
124 8 552
124 19 555
124 34 555
124 14 556
124 6 559
124 7 559
124 19 566
132 1 0
132 8 5
132 6 5
124 15 570
124 7 572
131 2 64
127 3 446
133 2 50
135 6 11
131 3 179
135 19 72
135 136 72
135 15 77
135 15 93
134 2 108
127 6 551
127 8 560
127 8 574
131 4 259
131 5 288
133 4 194
133 5 227
133 6 231
133 7 231
133 8 238
131 7 295
131 14 359
137 1 0
135 1 254
135 6 263
135 7 264
135 19 274
135 136 274
135 14 275
131 7 418
131 30 422
131 14 425
138 1 0
139 1 0
141 1 0
143 1 0
143 2 58
115 1 2069
144 1 0
115 7 2087
115 13 2091
143 3 190
141 3 264
143 4 246
141 4 312
141 7 362
143 5 292
141 8 380
141 8 394
141 8 413
141 8 424
141 8 441
141 34 449
141 14 449
139 4 550
122 6 1583
139 5 628
145 1 0
139 29 674
145 2 42
146 2 44
139 30 708
150 1 0
150 2 42
145 3 178
146 3 174
146 5 199
146 6 224
145 4 242
146 19 274
145 8 299
146 14 284
152 1 0
145 8 311
145 14 320
146 25 306
146 7 324
146 8 336
154 1 0
150 6 269
150 8 280
155 5 10
155 6 12
155 7 12
127 4 1801
156 1 0
146 8 400
146 8 401
146 8 402
122 13 2040
122 30 2040
146 34 403
146 19 403
155 8 34
146 6 417
146 8 422
146 8 442
155 8 57
155 1 78
157 1 0
155 6 89
155 1 97
158 1 0
157 2 80
156 3 150
158 2 75
156 4 179
159 2 40
156 5 220
156 7 228
156 6 228
151 2 444
161 1 0
158 4 173
144 3 1111
158 5 204
158 6 208
157 3 283
152 5 424
152 6 427
152 7 427
159 4 184
160 3 193
152 8 465
151 3 609
163 1 0
159 6 214
159 7 214
160 4 221
158 14 259
158 8 277
144 6 1211
160 3 232
165 1 0
158 19 297
158 14 300
158 15 300
157 3 370
159 29 285
159 8 289
158 15 323
166 1 0
157 4 422
157 6 463
168 1 0
152 1 645
152 26 646
152 14 647
168 7 24
157 4 513
157 3 514
168 1 33
168 14 34
151 6 844
151 7 844
165 2 229
170 1 0
166 2 257
170 2 44
172 1 0
167 3 241
167 4 271
170 3 107
170 4 133
169 4 244
167 5 314
170 6 177
169 5 257
169 6 262
169 8 268
165 3 487
169 25 304
169 5 305
169 7 311
174 2 53
167 13 372
167 14 373
175 1 0
176 1 0
176 3 3
177 1 0
165 4 571
166 5 515
166 7 528
170 19 303
170 14 303
170 25 308
170 6 308
170 7 308
166 14 540
166 15 540
178 1 0
165 5 611
170 19 326
170 136 326
165 7 620
170 25 396
170 7 398
144 8 1887
144 13 1891
144 14 1892
165 8 699
178 2 113
170 136 433
180 1 0
181 1 0
182 1 0
176 5 223
176 6 224
176 7 225
178 2 147
169 3 573
182 2 31
183 1 0
177 6 270
174 3 397
169 4 664
165 4 882
169 5 675
144 25 2115
144 6 2115
177 15 369
184 1 0
165 6 920
179 3 192
165 8 949
165 34 949
165 19 949
165 14 950
165 6 955
181 3 191
182 4 207
166 6 917
166 7 917
166 4 917
151 1 1593
151 7 1609
151 21 1611
165 8 963
165 8 969
165 4 975
169 25 767
169 5 769
169 6 775
169 7 775
181 4 235
178 3 395
182 5 248
182 7 265
182 8 305
185 5 1
185 6 18
185 7 18
185 1 22
185 19 22
185 14 23
181 7 320
182 29 310
182 29 314
186 1 0
173 5 692
185 7 30
185 8 31
185 34 40
185 14 41
185 6 42
185 7 42
185 8 46
182 1 340
173 4 718
173 3 719
179 5 379
185 19 64
185 7 69
185 8 75
185 8 78
183 2 350
183 2 357
183 2 357
185 19 89
185 8 99
185 2 117
185 25 131
185 5 131
185 6 146
185 7 146
179 6 481
185 8 150
185 8 156
185 8 162
185 29 167
179 5 500
185 14 184
178 21 649
164 1 1297
187 1 0
187 2 35
188 1 0
164 2 1402
187 3 109
178 29 821
184 1 560
187 5 170
178 29 860
178 8 873
190 1 0
178 29 932
183 3 766
178 8 966
190 2 71
191 1 0
189 3 204
194 1 0
184 4 732
184 5 768
194 2 39
184 1 790
184 13 790
193 2 62
192 4 102
197 1 0
192 30 167
196 2 55
196 2 65
194 3 143
198 1 0
192 25 188
192 7 189
192 13 201
192 30 201
197 2 98
189 21 383
193 3 170
194 7 228
194 8 240
164 3 1875
199 2 63
198 2 86
193 4 242
190 4 384
196 3 203
200 2 43
201 1 0
193 5 276
199 3 115
195 2 229
193 6 288
193 21 293
202 1 0
190 6 444
190 7 444
196 4 241
193 8 310
193 26 315
193 14 319
193 15 319
201 2 57
196 5 289
196 7 292
164 4 1986
200 3 121
199 5 181
199 8 207
202 2 58
200 4 157
203 1 0
204 1 0
199 8 218
196 8 328
196 19 338
196 34 338
200 5 184
200 6 199
200 7 199
204 13 26
204 14 33
196 6 359
200 29 217
202 3 149
200 30 257
200 14 258
197 4 400
164 5 2141
164 6 2157
164 7 2157
202 6 237
202 7 237
197 5 466
164 8 2199
206 1 0
197 8 552
195 5 582
207 1 0
202 8 358
195 8 630
200 6 470
208 5 6
205 2 247
208 6 22
208 7 22
195 1 646
195 15 646
203 2 321
201 4 449
205 2 278
201 6 510
209 1 0
197 4 735
201 1 572
201 19 572
201 136 572
201 6 608
201 7 608
201 8 617
209 2 93
203 5 618
203 6 629
203 8 635
211 3 114
192 6 1089
192 7 1089
205 5 607
205 6 614
211 4 143
212 2 94
198 5 962
211 5 172
211 7 182
209 3 259
205 8 654
205 1 676
205 13 676
211 8 206
211 8 211
213 1 0
198 13 1005
198 15 1007
213 6 23
213 7 23
213 8 47
214 1 0
215 1 0
210 4 378
203 8 865
216 2 44
209 7 448
215 2 65
178 3 2306
178 4 2320
214 2 105
217 1 0
178 5 2342
178 21 2347
213 29 197
213 29 200
217 2 42
213 29 203
213 8 217
216 3 142
210 1 523
209 8 543
210 13 526
210 15 533
178 29 2397
178 1 2402
178 13 2402
178 14 2409
178 15 2409
217 3 99
216 4 184
209 8 559
209 13 565
209 14 571
209 15 571
210 25 553
210 6 553
210 7 553
216 5 209
209 25 604
209 7 604
209 13 609
209 30 609
212 4 431
209 15 613
203 8 1075
203 8 1087
219 2 46
217 8 188
217 13 206
209 25 652
209 6 652
209 7 652
209 13 659
209 30 659
209 14 659
209 15 659
209 25 672
209 6 672
209 7 672
212 6 488
212 7 488
215 4 279
203 13 1141
203 14 1141
221 1 0
209 8 676
209 13 679
209 14 683
209 15 683
215 5 350
219 3 124
217 6 267
217 8 269
217 8 275
217 14 279
217 15 279
209 25 756
209 6 757
209 30 761
209 14 764
209 15 764
219 4 153
222 1 0
222 5 5
219 6 184
219 8 202
222 1 35
222 5 39
222 6 42
222 7 43
219 13 206
219 14 207
217 25 411
217 7 411
222 8 87
214 4 527
224 1 0
214 5 566
217 15 461
221 3 250
214 7 575
224 2 81
224 2 111
225 1 0
217 6 549
217 7 549
217 8 552
217 13 553
217 15 554
222 7 240
221 4 348
222 8 270
222 8 280
226 1 0
222 19 295
222 34 295
221 5 413
227 1 0
228 1 0
228 1 1
221 6 417
221 30 443
221 15 445
224 3 262
214 30 842
214 14 843
214 15 843
229 1 0
229 2 50
232 8 30
232 6 31
234 1 0
231 2 88
229 3 153
225 5 433
230 2 240
229 5 259
229 6 263
225 8 545
229 8 279
225 8 551
235 1 0
231 3 269
231 4 306
236 1 0
237 1 0
238 1 0
239 1 0
231 3 366
237 2 34
240 1 0
231 6 427
231 7 427
229 1 523
229 14 523
231 15 480
241 1 0
237 3 149
237 4 170
242 1 0
240 3 155
214 7 1507
214 27 1516
214 14 1516
237 6 209
237 8 231
237 4 254
240 4 210
230 6 695
230 7 695
238 4 261
240 5 237
240 6 242
238 6 297
240 14 261
240 15 261
241 4 207
230 14 735
230 6 742
240 7 281
240 13 289
240 30 289
243 1 0
241 5 240
230 13 770
230 14 777
230 15 777
244 1 0
245 1 0
230 6 815
230 7 815
230 4 817
230 3 818
241 5 328
241 6 337
241 7 337
241 8 340
241 14 344
245 2 92
241 7 384
241 8 396
241 13 407
245 2 137
244 3 161
244 4 216
246 2 68
132 26 6595
132 14 6596
247 1 0
248 1 0
243 4 324
244 7 328
246 3 200
248 2 39
243 6 365
243 7 367
247 3 105
249 1 0
250 1 0
250 5 3
247 4 138
250 7 20
247 5 153
247 6 156
247 7 156
246 6 317
246 7 317
248 3 175
249 2 98
245 3 464
248 4 219
244 8 547
253 1 0
248 5 255
248 6 260
252 2 112
245 3 568
244 29 638
253 2 85
254 1 0
242 4 816
244 29 687
244 8 688
252 4 272
254 2 90
257 1 0
258 1 0
252 6 297
252 7 297
242 5 907
242 7 914
259 1 0
249 4 408
258 2 41
258 2 44
259 2 52
257 2 88
249 5 496
261 1 0
262 1 0
249 8 529
249 8 536
260 2 53
253 3 370
261 2 76
265 1 0
266 1 0
242 4 1155
242 5 1162
242 6 1171
242 7 1171
251 3 573
265 2 46
256 3 319
254 4 372
255 3 327
267 1 0
261 3 165
262 3 188
260 3 238
264 2 114
259 3 327
254 5 427
254 7 438
255 4 377
268 5 5
262 4 214
253 5 575
265 4 163
253 7 580
253 6 580
268 7 10
268 1 18
268 13 18
268 15 21
263 3 162
263 4 179
270 1 0
265 5 197
255 5 443
255 7 447
255 8 456
271 1 0
263 5 206
263 7 210
251 4 749
264 3 214
265 13 216
265 15 217
273 1 0
258 3 451
274 1 0
256 6 475
256 7 475
256 21 476
263 8 232
260 4 352
259 7 455
275 1 0
270 2 61
263 8 250
263 30 273
263 14 273
264 4 253
260 5 382
260 6 390
259 8 462
273 2 64
244 14 1255
264 5 299
264 6 302
275 2 66
251 5 862
264 1 313
264 13 313
264 14 316
260 8 456
254 30 656
254 15 656
269 3 162
277 1 0
256 8 613
251 1 900
251 19 900
251 34 900
251 14 901
251 7 911
260 8 471
260 8 482
259 1 546
259 13 547
259 30 548
259 14 549
259 15 549
276 2 37
277 2 42
256 8 641
251 19 938
251 136 938
251 14 942
251 6 947
251 7 947
260 14 499
260 26 516
260 14 517
254 6 711
254 7 711
278 1 0
254 13 725
254 30 725
254 14 726
269 4 222
256 14 655
251 136 965
251 14 966
251 6 970
251 7 970
279 1 0
269 4 248
256 6 688
256 7 688
256 26 706
265 8 466
255 30 706
255 13 706
255 14 710
258 6 675
258 7 675
264 7 475
264 4 479
278 2 84
269 5 315
271 3 298
276 3 177
256 6 746
256 7 746
256 26 754
256 282 755
256 7 758
270 3 345
269 6 332
269 7 332
269 8 348
269 8 359
258 8 731
258 29 735
277 3 178
256 8 779
256 26 789
256 27 789
256 14 791
256 7 797
285 1 0
280 2 77
269 8 379
283 2 35
271 4 349
255 26 808
255 15 812
276 4 223
272 5 357
256 8 810
285 2 39
272 6 373
272 7 374
277 5 237
272 8 382
277 7 252
272 8 393
287 1 0
264 6 603
264 7 603
275 7 380
275 21 381
277 8 272
264 13 615
264 15 617
281 3 148
269 8 472
271 8 437
277 13 288
277 30 288
277 14 288
277 15 288
272 8 439
270 4 487
283 3 141
269 14 494
269 15 494
280 4 237
288 1 0
288 5 4
288 7 20
288 6 20
275 8 450
275 8 465
270 5 526
289 1 0
290 1 0
285 3 171
291 1 0
280 5 272
270 6 531
270 7 531
281 5 261
287 3 162
259 25 959
259 5 964
283 5 234
285 4 249
281 6 276
281 7 276
259 7 971
259 8 985
283 6 250
283 7 250
285 5 280
281 34 306
281 6 310
281 7 310
281 8 316
281 19 318
281 136 318
281 7 321
281 8 327
259 1 1000
259 13 1002
259 14 1004
259 15 1004
285 6 282
285 7 282
285 19 307
281 19 342
281 14 345
281 15 345
290 2 151
285 6 331
285 4 334
285 3 335
294 2 41
278 4 456
275 8 680
278 5 512
255 4 1186
295 1 0
278 6 526
278 7 526
255 5 1189
255 6 1195
255 7 1195
293 2 149
287 6 347
287 7 348
294 4 168
287 13 381
287 15 382
278 8 595
257 3 1250
255 29 1250
255 8 1257
294 5 192
294 6 208
294 8 210
255 26 1290
255 14 1291
290 4 324
294 8 235
278 8 637
278 4 649
278 3 655
257 4 1282
297 5 2
297 6 18
297 7 18
290 5 359
294 8 254
294 8 258
296 2 80
298 1 0
297 1 21
297 6 28
297 8 37
297 34 40
257 5 1330
297 7 45
299 1 0
290 13 385
290 30 385
290 15 386
294 34 306
300 1 0
257 6 1341
257 7 1341
297 8 58
297 34 64
297 14 65
297 7 67
255 7 1371
255 8 1388
297 8 85
297 14 89
255 8 1416
295 3 212
295 4 233
257 13 1410
257 15 1412
301 1 0
292 4 439
290 25 498
290 6 498
290 30 504
290 15 505
295 5 285
295 6 296
298 3 164
296 3 262
303 5 36
298 4 191
304 1 0
304 2 13
304 2 17
304 2 19
304 2 19
303 6 41
303 7 42
303 8 62
298 6 222
298 15 264
298 25 266
295 1 397
306 5 3
306 7 9
296 4 355
303 1 102
303 5 122
298 8 269
298 30 281
298 15 281
307 1 0
305 2 53
303 8 134
303 5 180
303 6 186
303 7 187
296 6 438
296 7 438
296 8 446
296 4 448
296 5 451
296 7 458
303 8 194
298 7 364
298 8 375
298 8 390
298 8 399
298 29 406
298 8 408
298 29 410
298 8 412
299 5 412
309 1 0
306 8 137
306 1 145
306 136 145
306 14 151
306 15 151
299 6 416
299 7 416
305 6 232
301 4 353
305 14 253
301 6 393
296 29 624
296 13 629
296 14 629
309 2 148
296 6 661
303 3 416
303 4 424
308 4 198
296 14 673
296 26 677
296 14 678
303 3 433
310 1 0
308 3 241
303 2 470
303 3 484
311 1 0
312 1 0
303 6 498
303 7 499
303 1 506
303 13 507
303 30 508
303 14 511
303 15 511
309 3 245
307 3 415
311 2 53
309 6 326
309 7 326
309 21 330
309 136 354
309 14 357
309 15 357
309 6 368
307 5 580
255 29 2208
301 13 745
307 7 589
255 8 2235
307 8 684
313 1 0
307 8 711
313 2 27
307 8 737
307 8 743
255 2 2375
307 29 777
307 8 778
301 7 949
301 6 949
301 4 950
315 1 0
313 3 106
307 29 807
255 4 2440
313 4 133
315 2 49
307 13 838
307 14 839
307 15 839
255 5 2455
255 6 2459
255 8 2476
316 2 56
313 7 163
313 8 181
313 13 201
313 15 202
314 3 182
318 1 0
313 25 282
313 6 282
255 14 2626
255 15 2626
317 2 93
319 1 0
320 1 0
314 5 258
314 7 261
313 13 294
313 14 295
315 3 226
313 25 345
313 7 345
313 8 350
293 3 1619
318 2 107
319 2 52
313 13 356
313 14 357
313 15 357
315 5 343
315 6 345
293 5 1711
315 5 368
315 6 370
315 4 372
315 3 373
319 3 174
321 1 0
296 6 1543
296 4 1544
317 4 279
316 5 422
316 6 429
316 21 431
319 5 263
319 6 275
319 7 276
325 1 0
319 19 308
319 14 309
319 7 329
326 1 0
326 5 2
326 6 6
326 7 6
319 15 361
321 2 180
321 2 182
319 7 376
317 5 475
317 6 485
319 14 386
319 25 388
319 6 388
319 7 388
321 2 202
321 2 218
321 2 220
323 4 163
322 4 203
328 1 0
322 5 242
322 6 245
325 3 262
323 6 243
323 7 243
327 2 95
330 1 0
330 2 27
331 1 0
328 3 208
332 1 0
328 4 266
333 1 0
328 5 281
328 6 285
328 7 285
328 8 308
325 6 546
328 4 359
328 6 367
328 8 371
325 8 579
333 3 114
325 5 624
333 4 145
327 3 493
328 8 436
329 6 376
333 5 202
329 8 394
329 14 413
334 1 0
333 8 217
327 4 537
328 8 515
329 25 424
329 6 425
329 7 425
328 13 561
328 14 565
328 15 565
335 1 0
327 6 684
327 7 684
328 6 641
335 1 47
337 1 0
338 1 0
337 2 47
336 3 226
336 4 295
336 5 344
337 3 147
336 7 352
336 13 377
336 30 377
336 15 378
337 4 223
337 5 254
337 6 261
337 7 261
339 1 0
337 14 287
339 2 47
336 7 486
336 14 496
336 15 496
341 1 0
340 2 37
339 3 171
342 1 0
339 5 328
339 6 336
339 7 336
339 21 337
339 13 377
339 30 377
339 14 378
340 3 260
342 3 131
343 1 0
342 4 188
340 5 371
340 6 372
346 1 0
340 19 397
340 15 399
346 2 46
347 1 8
347 7 18
342 5 237
342 6 247
346 2 63
339 7 549
339 30 559
339 14 559
339 15 559
342 8 262
342 29 265
342 30 288
344 2 121
348 2 44
348 2 58
346 3 158
348 3 142
348 4 161
346 5 250
346 6 253
346 7 253
349 1 0
350 1 0
348 6 208
348 7 208
344 3 310
345 3 366
351 5 5
351 8 17
351 29 25
352 1 0
351 8 28
353 1 0
352 2 35
354 1 0
344 4 485
351 8 84
345 4 472
349 5 257
356 1 0
353 2 55
350 2 238
344 5 532
345 6 531
345 7 531
345 21 532
345 8 542
345 8 542
344 3 557
345 8 568
345 8 579
341 5 912
360 1 0
341 6 915
341 7 915
352 5 165
352 21 178
354 3 164
352 14 199
352 7 208
354 4 193
353 4 212
353 5 226
353 6 232
353 7 232
361 1 0
355 3 176
354 5 219
354 6 222
354 7 222
345 29 676
355 4 204
354 4 251
354 6 258
354 7 258
353 8 288
350 3 458
354 13 260
354 30 260
354 14 261
354 15 261
354 6 265
354 13 271
354 14 275
360 3 142
353 8 294
355 6 263
360 4 176
360 5 196
359 3 202
360 6 200
350 4 536
360 8 233
360 8 237
345 8 836
345 8 836
350 5 579
360 3 256
350 6 591
350 7 591
350 13 606
361 3 203
363 1 0
363 6 8
360 5 275
360 6 283
359 4 292
363 3 45
363 4 50
363 6 58
363 7 58
363 8 76
361 5 283
361 6 287
361 7 287
345 8 963
363 4 93
363 7 105
359 7 398
363 3 125
361 19 341
359 13 407
359 30 407
359 14 409
364 1 0
345 8 1006
345 7 1061
365 1 0
345 8 1148
367 1 0
366 2 42
366 2 55
366 2 63
364 5 235
345 26 1220
369 1 0
367 2 54
364 6 242
364 7 242
364 8 269
345 25 1270
345 6 1270
345 7 1270
368 2 59
364 34 273
369 2 79
366 3 171
370 1 0
370 1 0
368 3 177
345 25 1401
345 7 1401
345 282 1412
345 14 1412
369 3 172
365 3 328
366 7 254
367 3 246
371 1 0
369 7 211
365 7 399
368 5 279
368 6 284
368 7 285
368 8 314
368 8 329
368 8 336
372 1 0
367 7 372
367 21 373
368 8 359
368 8 364
368 8 371
368 8 382
365 1 510
365 15 511
359 25 1027
359 6 1027
359 7 1027
365 25 568
365 7 568
365 8 570
373 1 0
365 19 586
365 34 586
363 1 824
363 6 832
363 7 833
363 1 836
365 14 590
365 6 606
367 30 495
367 15 497
363 5 843
363 7 846
363 5 866
373 2 50
363 6 871
363 7 871
363 5 909
363 6 916
363 7 916
368 14 663
376 1 0
373 4 298
374 3 299
377 1 0
373 5 331
373 7 340
374 4 341
378 1 0
372 6 446
372 8 452
372 8 462
373 8 361
373 8 364
372 8 469
373 5 403
374 6 385
374 21 389
380 1 0
372 29 498
372 14 501
373 7 411
373 8 418
374 29 432
380 2 43
381 1 0
374 13 457
374 14 460
381 2 48
373 1 521
373 19 521
373 34 521
382 1 0
382 2 39
381 3 123
381 4 150
381 6 199
381 7 199
380 4 284
381 13 251
381 30 251
381 14 251
380 5 335
380 6 339
380 7 339
380 21 341
385 2 57
384 2 66
377 4 462
377 3 466
380 19 367
380 14 370
380 15 370
380 25 379
380 6 379
380 15 388
377 25 491
377 5 491
377 6 495
378 3 473
377 8 508
386 1 0
384 3 179
377 7 554
377 8 567
387 2 38
386 2 83
387 3 84
378 6 608
387 4 107
387 5 142
365 8 1606
385 5 416
378 27 771
378 15 774
378 7 789
378 26 803
378 27 804
378 14 807
378 15 807
378 25 812
378 6 813
378 7 813
388 1 0
385 34 505
389 1 0
378 25 881
378 6 888
390 1 0
389 2 46
378 7 889
392 1 0
392 2 50
389 3 196
388 4 306
393 2 53
395 1 0
396 1 0
389 4 299
392 4 217
392 5 241
395 2 38
388 8 359
388 8 370
389 5 331
392 6 250
392 7 250
392 1 269
392 13 269
392 14 272
392 15 272
389 8 360
389 8 368
389 8 381
390 3 353
388 29 424
388 8 427
389 8 389
389 8 391
395 3 124
388 8 451
394 3 151
393 5 243
398 1 0
388 8 530
393 6 249
393 7 249
393 13 256
393 30 257
393 14 257
395 6 220
395 7 221
397 2 79
399 1 0
400 1 0
398 2 45
388 30 579
388 14 581
399 7 19
399 14 23
399 15 23
401 1 0
401 2 44
397 3 197
403 1 0
404 1 0
396 4 358
405 1 0
397 4 265
401 3 143
405 2 36
407 1 0
408 1 0
385 26 1227
397 5 304
385 14 1238
397 6 307
397 7 307
396 5 434
396 21 442
401 6 212
401 7 212
377 8 1649
397 8 360
409 5 4
409 6 12
409 7 13
409 14 19
400 3 303
411 1 0
405 3 195
387 14 1205
387 15 1205
400 4 375
411 2 63
412 1 0
396 1 635
396 136 635
396 14 638
411 2 104
405 8 292
400 6 446
400 7 446
412 2 58
413 1 0
414 1 4
400 8 486
400 4 497
400 6 503
400 7 504
400 26 517
404 5 405
400 14 520
400 15 520
396 25 739
396 6 739
413 2 48
405 8 379
414 2 55
415 2 69
398 6 629
400 6 559
400 7 559
412 3 173
404 13 466
404 30 467
404 15 467
400 4 583
400 3 586
411 3 274
416 1 0
412 4 214
403 8 502
406 4 456
403 8 518
398 8 709
415 4 172
398 19 731
398 14 731
412 5 261
412 6 263
406 6 500
406 7 501
398 6 745
398 7 745
298 6 7377
416 3 95
298 7 7377
412 3 304
417 1 0
398 8 786
415 5 232
415 6 235
415 7 235
412 5 309
412 6 311
414 5 234
412 8 314
414 6 238
414 7 238
412 15 325
414 8 257
412 25 337
412 7 338
413 3 276
411 5 397
411 4 418
403 3 623
405 8 613
418 2 41
416 4 167
403 6 652
403 7 652
412 5 372
412 6 377
412 7 377
412 19 384
416 7 201
412 6 394
412 14 400
412 6 403
412 7 403
416 8 233
417 3 118
418 3 144
413 5 381
413 6 385
398 8 928
398 8 941
417 4 179
418 4 197
420 1 0
417 5 210
413 19 467
417 6 221
418 6 246
398 19 1017
398 14 1029
421 1 0
418 8 273
398 25 1042
398 6 1042
398 7 1042
417 8 290
418 8 304
418 13 320
418 15 321
398 8 1095
421 2 53
398 34 1117
398 14 1118
422 1 0
422 5 7
422 6 13
422 7 14
422 8 16
421 3 143
404 6 1042
404 7 1043
424 5 3
424 8 18
421 4 174
419 4 279
419 5 289
419 6 294
419 8 298
421 5 204
421 7 210
419 13 309
419 14 310
419 15 310
425 1 0
421 8 216
414 29 752
414 8 753
426 1 0
421 13 261
421 15 262
414 8 779
414 29 792
414 8 797
427 1 0
423 2 153
414 29 804
414 29 825
428 5 5
428 7 9
428 8 16
430 1 0
430 5 5
427 2 72
431 5 2
429 2 114
429 2 124
427 3 191
432 1 0
421 25 521
421 6 521
421 13 523
421 14 524
427 4 253
421 25 563
421 6 563
421 7 563
421 30 566
421 15 567
427 5 302
423 8 466
421 25 583
421 7 583
421 13 586
421 30 586
421 14 589
427 6 315
427 8 344
427 4 405
427 5 408
427 21 425
427 8 436
427 8 444
434 2 55
435 1 0
433 2 183
427 34 488
427 14 489
432 3 263
421 7 827
421 13 833
421 15 834
421 14 834
434 4 201
434 5 222
434 7 234
432 7 375
432 8 383
421 6 910
421 8 915
421 13 918
421 15 919
433 3 370
436 1 0
437 1 0
437 1 0
433 4 427
421 25 1026
421 6 1026
437 2 66
421 13 1038
421 14 1039
421 15 1039
433 6 532
433 7 532
433 8 565
438 2 126
440 1 0
437 3 184
421 25 1173
433 1 614
433 13 615
433 30 615
433 14 615
433 15 615
421 13 1185
421 30 1185
421 14 1186
441 1 0
437 7 290
441 2 69
438 4 347
437 4 389
437 5 390
437 6 397
437 8 429
438 5 401
438 6 418
438 7 418
437 8 455
444 1 0
443 2 39
428 2 1124
438 8 437
441 3 253
438 1 457
438 13 457
438 6 479
446 1 0
447 1 0
428 3 1166
428 4 1179
438 19 484
438 7 493
440 5 354
440 29 371
440 8 374
448 1 0
446 2 33
447 2 44
428 5 1189
449 1 0
428 7 1195
428 8 1210
438 13 530
438 14 530
438 15 530
441 4 344
443 3 168
451 1 0
428 4 1228
448 2 63
450 2 47
441 19 401
441 15 404
446 3 105
443 4 206
447 3 135
451 2 60
441 19 418
441 14 421
441 15 421
441 8 432
446 4 134
453 1 0
443 5 247
443 6 252
441 8 447
441 8 463
446 5 171
446 7 187
446 6 187
447 4 180
443 8 267
443 8 271
443 8 290
447 5 223
443 8 305
443 8 310
450 3 171
436 5 745
436 7 749
441 14 515
441 15 515
447 6 240
451 3 191
452 3 148
447 13 282
447 30 282
447 14 283
452 4 194
451 4 239
438 6 800
452 5 207
448 3 310
452 6 217
452 7 217
456 1 0
445 3 382
454 3 111
438 19 817
438 14 821
438 15 821
438 6 838
438 7 838
452 8 238
451 5 310
451 6 326
451 7 326
450 4 318
438 8 848
456 2 65
447 6 416
447 7 417
450 5 352
438 14 883
438 7 888
450 6 368
450 7 368
438 8 903
454 5 168
454 7 173
450 8 394
438 19 925
438 34 926
454 8 179
438 14 926
438 15 932
440 29 799
448 4 413
457 1 0
440 8 801
440 29 827
445 5 511
445 6 519
445 7 519
450 34 455
450 19 455
450 14 457
450 15 467
458 1 0
445 8 583
460 1 0
448 5 544
448 6 549
460 2 30
448 13 587
448 14 588
448 15 588
459 2 61
450 7 581
450 6 581
374 1 4839
460 3 111
462 2 55
450 8 627
462 3 178
463 1 0
436 8 1350
464 1 0
459 4 295
465 1 0
462 5 252
462 6 256
462 7 256
459 5 351
436 1 1449
436 19 1449
436 14 1450
462 8 326
459 7 367
436 6 1459
436 7 1459
462 8 358
466 1 4
463 3 195
462 13 376
462 14 377
462 15 377
465 2 137
436 8 1550
436 19 1563
436 34 1563
436 14 1564
466 2 87
463 5 267
463 7 273
436 6 1587
469 1 0
436 8 1630
470 1 0
465 3 251
436 8 1653
436 19 1656
469 2 62
471 1 0
470 2 82
465 5 343
465 6 345
469 3 125
461 4 690
469 5 182
469 6 192
469 7 192
469 13 202
469 30 202
469 15 203
469 7 219
461 7 752
461 6 752
472 4 170
469 8 267
473 5 3
473 6 19
473 7 19
473 5 26
471 7 232
472 6 220
472 7 220
473 6 41
473 7 41
469 13 318
469 14 319
474 1 0
461 15 888
461 14 888
475 1 0
471 30 304
471 14 306
466 5 521
466 6 537
444 3 1573
469 7 436
469 6 436
473 8 142
466 15 571
469 1 453
466 1 591
466 5 599
444 4 1618
444 5 1639
469 2 493
477 1 0
444 6 1643
474 3 158
444 13 1673
444 15 1674
473 8 271
469 3 571
476 3 146
473 29 308
474 6 261
474 7 261
474 282 262
474 21 262
473 8 335
469 4 618
475 5 260
469 5 637
475 7 276
479 1 0
476 5 213
476 7 222
470 3 633
469 6 652
469 7 653
475 8 306
480 2 32
482 1 0
483 1 0
483 5 2
484 1 0
479 2 70
485 1 0
485 1 10
486 1 0
480 3 87
480 4 107
469 8 745
469 26 769
469 14 771
487 1 0
444 6 1967
444 8 1972
480 6 173
480 7 173
479 3 157
484 2 139
477 4 354
479 5 225
477 6 388
477 7 388
470 4 869
469 1 895
469 5 899
469 6 904
469 7 904
469 8 909
469 13 911
469 14 911
469 15 911
479 8 258
479 8 273
477 8 408
469 26 944
469 27 945
479 8 280
477 8 433
477 8 440
489 1 0
488 2 94
474 8 608
469 25 954
469 6 954
469 7 954
469 26 959
469 27 959
469 14 963
469 6 964
469 27 967
469 14 967
469 6 969
479 19 318
479 14 320
469 14 987
469 15 987
470 6 985
470 7 985
444 6 2159
444 7 2160
476 8 568
444 8 2170
476 1 578
476 6 587
476 7 587
470 8 1029
470 19 1038
470 34 1038
476 29 636
490 2 86
491 1 0
491 1 0
491 1 0
492 1 0
493 1 0
494 1 0
444 29 2257
496 1 0
444 26 2282
444 27 2282
444 15 2285
488 3 289
497 1 0
485 3 414
493 2 58
497 2 47
492 2 129
485 6 482
485 7 483
444 6 2389
444 7 2389
488 4 392
488 5 404
488 6 420
488 7 420
497 3 121
499 1 0
490 3 280
498 2 65
481 5 623
481 6 638
481 7 638
488 8 451
502 1 0
481 3 668
488 19 500
488 14 503
488 15 503
488 6 510
488 7 510
497 7 206
502 2 28
492 3 289
481 3 702
488 19 530
488 136 531
488 14 531
488 25 539
488 6 539
488 7 539
490 5 384
490 7 401
481 25 706
488 8 553
497 8 267
498 3 192
490 8 415
502 3 98
488 8 579
497 8 290
487 4 675
497 8 350
498 5 297
502 5 160
502 6 175
502 7 175
485 8 798
497 8 403
498 6 313
490 8 532
487 13 740
487 14 741
492 5 453
492 21 469
505 1 0
490 8 565
502 8 222
502 8 240
506 1 0
490 4 589
490 4 601
492 19 511
492 14 512
492 14 531
492 15 531
497 19 495
497 34 495
497 14 496
490 6 627
490 7 628
490 21 629
492 25 539
492 6 539
492 7 539
492 14 543
502 15 307
497 14 501
497 6 506
497 26 522
497 14 526
497 15 526
507 1 0
497 25 559
497 6 559
497 7 559
497 8 594
497 8 607
497 8 630
506 2 177
497 26 650
497 14 651
502 6 435
502 7 435
502 13 440
502 30 440
502 14 441
492 6 711
505 3 229
497 7 654
492 5 729
492 6 746
505 4 333
505 3 356
506 3 322
508 3 225
509 1 0
510 1 0
511 1 0
505 3 431
505 4 442
509 2 46
506 5 415
506 6 418
506 7 419
511 2 53
510 2 65
513 1 0
505 5 510
508 5 302
508 6 307
508 8 323
514 1 0
506 1 469
506 13 469
506 14 470
506 15 470
505 6 514
505 7 514
509 3 140
514 2 38
505 8 583
513 2 96
508 8 403
517 1 0
511 3 174
505 13 613
505 30 613
505 14 614
510 3 207
514 3 119
511 4 209
509 4 240
508 13 453
511 5 235
511 6 251
510 4 270
510 3 283
514 7 196
514 8 203
519 1 0
509 6 323
514 8 217
516 3 153
505 6 742
518 2 59
516 4 201
516 5 227
516 6 231
515 3 288
521 1 0
520 2 58
517 4 260
514 13 353
512 3 379
521 2 53
515 4 338
519 2 181
523 1 0
517 6 305
517 7 305
515 3 399
512 6 463
522 2 66
520 3 198
513 5 486
513 6 492
526 1 0
520 4 250
513 1 530
513 19 531
513 136 531
513 14 533
513 15 533
512 8 569
520 5 294
520 6 298
505 30 1076
505 15 1077
519 3 403
521 4 272
520 8 315
521 5 301
521 6 312
521 7 312
526 2 104
520 8 350
520 8 366
520 8 398
523 3 322
522 3 331
520 8 433
519 5 558
519 7 562
520 8 480
524 4 304
493 3 1716
523 4 389
519 1 597
519 26 597
519 14 599
529 1 0
522 4 404
524 5 374
524 6 381
522 5 462
493 5 1800
512 5 891
512 6 894
512 7 894
529 2 75
522 6 478
523 6 477
523 7 477
493 6 1816
530 2 61
522 8 505
522 8 514
522 8 519
526 3 395
528 3 237
531 1 0
532 1 0
522 8 524
533 1 0
523 1 551
523 13 552
526 4 436
528 4 308
528 5 335
528 6 351
526 5 502
526 7 509
530 3 196
528 8 378
512 30 1049
534 1 19
534 13 19
534 14 19
534 15 19
530 4 239
528 13 405
528 15 410
530 5 291
505 25 1626
505 6 1626
533 3 173
505 30 1629
505 14 1633
530 13 329
530 14 331
530 15 331
533 4 199
533 5 212
533 7 229
533 8 315
533 8 323
533 8 329
529 3 579
529 4 708
537 1 0
526 4 1040
526 6 1063
536 2 49
539 1 0
540 1 0
541 1 0
539 2 52
541 2 35
541 3 89
541 4 111
540 3 130
541 5 129
541 7 141
540 4 169
529 5 1010
529 6 1013
529 7 1013
540 5 198
540 6 201
543 2 66
544 1 0
540 8 225
540 8 276
546 1 0
529 1 1130
529 13 1131
529 14 1131
539 14 329
542 2 166
542 2 170
540 13 333
540 30 333
540 14 339
540 15 339
539 6 353
539 15 370
547 1 0
544 2 115
529 2 1187
548 1 0
529 4 1200
535 7 672
539 6 398
539 7 398
539 8 405
547 2 55
541 8 382
529 5 1209
529 6 1213
529 7 1213
529 19 1223
529 14 1224
535 8 695
539 5 415
539 7 420
539 15 426
539 6 431
539 7 432
541 29 391
541 30 396
541 14 396
541 15 396
549 1 0
529 6 1276
529 19 1285
529 136 1285
529 14 1285
535 13 754
539 8 475
535 15 758
539 19 496
529 7 1295
529 136 1303
529 14 1303
539 14 499
539 6 502
549 2 37
550 2 40
529 6 1329
529 7 1329
529 19 1340
529 136 1340
529 6 1350
529 7 1351
547 3 201
529 19 1362
529 14 1363
529 6 1379
551 1 0
547 4 237
549 3 116
550 3 116
529 136 1391
529 14 1391
529 6 1402
550 4 154
547 6 279
547 8 287
547 8 296
553 1 0
554 1 0
547 30 314
547 14 314
547 15 314
549 5 189
541 6 644
549 6 204
549 7 204
551 2 102
550 5 219
555 2 67
543 5 560
541 13 696
544 4 479
543 7 564
539 1 742
539 7 762
539 8 767
554 2 125
554 2 126
554 2 126
554 2 127
554 2 127
544 6 542
554 2 157
543 29 642
543 3 646
553 4 154
553 7 179
555 4 187
554 2 187
553 1 204
553 13 204
553 14 207
555 5 231
552 3 327
555 8 276
544 13 645
556 2 43
544 14 647
554 3 294
554 4 329
552 5 419
554 5 353
554 6 369
554 29 384
552 8 459
552 8 473
552 8 478
557 1 0
551 3 512
552 14 505
552 15 505
557 5 9
557 6 13
557 13 34
557 14 35
557 15 35
547 6 819
547 13 834
547 30 834
547 14 834
547 15 834
560 1 0
548 4 840
551 4 646
544 3 972
559 2 47
563 1 0
548 5 894
548 6 896
551 6 712
551 7 712
565 1 0
567 1 0
568 1 0
562 2 112
551 8 771
547 6 1013
547 7 1013
547 13 1019
547 30 1019
567 2 43
547 14 1019
569 1 0
558 4 299
567 3 130
563 3 209
565 2 192
558 6 352
558 7 352
559 3 314
571 2 43
563 7 297
563 21 301
558 8 413
558 8 413
569 3 168
563 19 315
566 4 251
567 4 241
559 4 375
559 5 388
559 7 392
563 26 330
566 3 259
570 3 186
574 1 0
569 4 211
560 2 419
562 4 414
572 2 46
571 3 157
530 6 2425
530 7 2426
565 4 377
567 6 343
567 7 343
567 27 355
567 14 356
562 5 471
571 4 195
569 4 293
530 4 2456
530 3 2467
568 3 358
565 5 402
565 6 418
565 7 419
567 6 371
567 7 371
567 26 380
567 14 381
567 25 383
567 6 383
562 6 476
559 19 499
559 14 501
571 5 218
559 25 508
559 7 508
571 7 225
571 6 225
559 8 515
569 6 300
569 7 300
569 14 310
575 1 0
576 1 0
567 14 394
567 15 394
571 4 249
577 1 0
530 2 2515
578 1 0
579 1 0
568 4 439
565 14 483
565 15 484
575 2 97
560 3 611
576 2 75
577 2 68
568 5 471
568 7 476
580 5 26
581 1 0
580 6 42
580 7 43
582 1 0
530 25 2609
530 6 2614
568 8 505
580 1 57
568 8 513
568 8 525
583 1 0
560 4 655
568 8 529
574 3 275
562 4 672
568 8 574
581 2 86
584 1 0
572 5 316
572 7 318
576 3 207
568 8 600
574 4 321
568 8 618
568 8 625
574 5 359
574 7 364
585 1 0
585 5 10
585 7 18
583 2 126
560 6 789
560 7 790
574 8 407
586 2 36
574 19 421
574 14 435
569 6 643
569 7 643
569 8 654
574 25 442
574 6 442
574 7 442
576 6 354
576 7 354
582 3 248
577 6 350
577 7 350
576 1 373
576 13 373
576 14 374
576 15 374
577 8 367
584 3 238
574 8 520
582 4 286
581 3 313
574 8 554
582 6 330
582 7 330
577 19 429
577 136 429
577 14 432
577 15 432
586 4 203
577 6 438
577 8 458
584 4 318
581 3 399
588 1 0
583 5 382
583 6 398
583 7 398
586 5 260
577 6 506
577 7 506
577 8 524
583 8 416
583 13 422
583 14 426
584 5 414
584 6 419
584 21 422
591 1 0
590 2 104
589 2 120
591 2 41
593 1 0
591 3 103
594 1 0
595 1 0
591 4 123
595 2 25
591 5 176
591 6 180
591 8 186
591 1 205
591 15 205
589 4 331
597 1 0
595 5 161
595 7 176
589 5 383
589 7 399
598 1 0
597 2 73
600 1 0
596 3 185
589 8 444
589 8 474
599 2 69
602 1 0
600 2 64
603 1 0
596 4 247
408 1 9867
596 6 302
604 2 75
596 2 315
597 3 260
605 1 0
601 3 146
596 4 349
596 5 357
596 6 359
597 4 306
599 3 242
601 5 225
601 7 229
597 5 352
605 2 62
600 5 273
600 6 277
600 8 286
601 1 264
601 13 264
597 7 368
599 4 293
597 14 418
602 3 279
604 3 290
597 6 468
597 7 468
597 3 468
597 5 479
602 4 334
597 6 495
606 1 0
602 5 381
604 4 386
603 2 381
608 1 0
608 5 3
606 2 43
602 2 433
609 1 0
599 5 507
599 7 512
604 5 437
604 7 448
604 8 458
602 3 497
610 1 0
611 1 0
602 5 526
575 6 1581
612 1 0
602 6 542
604 8 538
606 4 207
603 3 578
614 1 0
612 2 43
606 5 236
604 14 588
606 6 252
606 8 272
575 8 1717
611 4 185
612 3 145
606 8 306
605 3 562
603 4 675
613 3 164
604 7 710
611 5 225
611 6 228
611 8 234
605 4 604
615 1 0
612 4 213
611 29 290
611 29 290
603 6 787
603 7 787
611 8 306
611 8 306
612 5 267
605 5 664
605 6 678
605 7 678
603 13 813
603 30 814
603 14 814
603 15 814
611 8 335
612 7 283
617 1 0
618 1 0
613 5 285
613 7 301
604 6 856
612 8 313
619 1 0
605 30 747
613 13 331
613 30 331
613 15 332
605 15 767
612 8 386
619 2 50
612 8 399
612 8 421
612 8 430
620 1 0
617 4 149
613 25 432
613 6 432
613 7 432
618 2 179
622 1 0
619 4 192
617 5 199
617 6 215
617 7 215
615 5 300
616 4 283
615 7 310
615 8 319
620 2 77
619 5 225
617 13 226
617 30 226
617 14 227
615 8 345
624 1 0
619 6 240
622 2 80
615 8 365
625 1 0
615 14 396
615 15 396
624 2 51
620 3 208
626 1 0
627 1 0
618 3 407
616 13 479
616 14 479
616 15 479
618 4 445
620 4 295
628 1 0
618 6 512
618 7 513
600 15 1416
624 5 255
624 6 270
624 7 271
620 8 385
620 4 393
629 1 0
618 8 548
624 14 293
620 5 397
620 6 414
620 7 414
630 1 0
630 2 7
624 15 323
628 2 153
605 25 1375
605 8 1380
605 13 1393
605 30 1394
632 1 0
633 1 0
634 1 0
631 4 188
628 3 347
631 7 235
611 6 1166
611 7 1166
611 4 1166
611 7 1177
631 8 244
611 8 1186
611 8 1189
611 29 1190
611 29 1190
611 8 1191
611 29 1191
611 8 1192
611 29 1203
611 8 1204
611 8 1229
631 136 305
631 14 305
631 25 317
631 7 317
633 4 162
633 5 204
631 8 362
633 6 209
633 7 210
631 8 390
633 8 245
628 5 551
628 6 554
628 21 560
633 8 264
628 8 573
634 3 254
628 30 596
631 8 463
634 4 277
628 15 601
633 13 309
631 8 483
634 6 305
631 14 545
631 25 552
633 25 404
633 6 405
633 7 405
633 8 411
633 8 422
628 1 733
628 5 739
628 7 743
633 15 447
631 8 624
628 21 747
637 5 8
638 1 0
637 7 24
639 1 0
640 5 7
640 6 12
640 7 12
641 1 0
639 2 49
640 1 57
640 13 57
640 14 58
640 15 58
636 2 217
638 2 170
642 1 0
643 1 0
639 3 174
643 2 61
639 5 245
637 645 300
628 1 1167
628 1 1167
639 25 273
639 5 274
628 5 1172
628 5 1174
628 6 1176
628 7 1176
628 6 1177
628 21 1180
641 3 271
637 25 356
637 6 356
637 7 357
641 3 294
622 5 1520
639 2 348
648 1 0
649 1 0
641 4 328
643 4 195
644 3 179
622 7 1527
622 6 1527
639 4 397
643 7 229
641 5 371
643 8 240
643 29 241
639 6 410
639 7 410
644 5 239
644 6 243
641 8 410
641 8 413
641 14 431
641 15 431
644 8 272
642 3 344
638 5 551
638 6 557
638 7 557
652 1 0
653 1 0
647 1 191
641 6 503
641 7 503
638 8 570
652 5 7
652 6 12
652 7 12
652 8 19
649 3 200
654 1 0
641 15 527
651 2 93
638 13 596
638 30 596
638 15 597
644 14 376
644 15 376
647 2 236
638 14 649
642 5 464
642 6 465
649 4 241
654 2 49
641 14 592
641 15 592
642 2 499
649 6 268
649 7 268
655 1 0
653 2 125
657 1 0
649 8 300
649 8 308
649 8 310
649 8 315
649 29 316
654 3 124
652 8 179
642 3 559
649 8 325
649 8 329
649 8 339
649 8 344
649 8 346
649 8 350
654 4 146
656 2 61
642 25 574
649 8 355
649 8 360
649 8 372
649 8 379
644 7 536
651 3 247
642 2 593
642 25 612
642 5 612
642 25 621
649 25 391
649 5 392
654 7 208
654 8 215
651 4 294
642 25 632
659 1 0
653 3 261
652 8 278
651 5 339
642 25 686
642 5 686
642 6 688
642 2 706
660 1 0
641 6 833
653 5 338
651 1 380
651 14 381
651 15 381
653 7 347
642 25 741
642 5 741
642 6 748
659 3 117
662 1 0
652 8 413
642 8 799
659 4 147
657 3 310
642 5 810
661 2 67
659 5 185
643 8 798
643 8 817
661 2 75
659 7 201
659 8 219
651 6 531
648 2 674
657 4 386
642 1 875
642 13 875
642 14 875
659 8 238
643 8 856
651 8 565
658 5 350
659 8 271
651 8 580
651 8 598
651 8 603
658 6 365
658 7 365
657 5 423
657 6 428
657 7 428
658 21 382
652 14 556
663 1 0
653 1 607
664 1 0
663 6 20
663 8 36
663 8 44
657 13 504
658 2 448
657 14 505
657 15 505
653 5 610
653 6 620
653 7 620
661 3 266
666 1 0
658 3 490
658 4 503
658 5 510
666 2 39
658 6 525
658 7 526
658 21 527
661 4 318
661 5 331
661 6 335
661 7 335
643 8 1073
658 8 543
658 8 563
642 6 1108
642 7 1108
643 13 1113
643 15 1113
663 26 197
663 14 200
663 15 200
667 1 0
666 3 130
628 1 2234
628 7 2240
666 4 154
642 26 1193
642 14 1194
642 7 1197
628 27 2271
628 14 2272
667 2 58
666 5 198
666 6 201
666 7 201
642 26 1249
642 14 1252
628 25 2290
628 6 2290
628 7 2290
628 1 2304
642 6 1255
642 7 1255
628 7 2313
669 1 0
666 3 237
643 6 1275
643 30 1285
643 14 1286
643 15 1286
669 1 29
669 5 43
669 6 55
669 7 56
664 3 343
672 1 0
668 3 185
667 4 246
667 4 254
669 8 138
673 1 0
664 5 440
668 4 231
674 1 0
659 8 818
664 7 452
664 21 456
675 6 18
675 7 19
670 2 174
673 2 49
676 1 0
675 13 33
675 14 33
675 15 34
676 2 46
665 3 506
673 3 113
674 2 95
671 3 241
667 8 398
664 34 573
664 15 576
676 3 156
665 4 626
672 3 299
670 3 356
676 4 218
671 3 384
670 5 437
679 1 0
676 5 269
665 6 740
665 7 740
670 6 455
670 7 455
670 8 464
670 29 475
670 8 479
680 1 0
665 8 763
681 1 0
674 3 353
677 3 303
672 7 487
674 4 418
677 4 390
682 1 0
683 1 0
678 3 216
674 6 508
674 7 509
677 5 462
682 2 81
674 13 544
674 14 545
674 15 545
679 5 266
677 7 479
679 6 270
679 7 270
679 8 291
678 4 329
679 8 299
679 8 303
685 1 0
684 2 86
674 1 635
686 1 0
678 5 371
678 7 376
674 5 645
674 6 652
674 7 652
679 8 383
677 8 602
678 19 411
678 6 423
678 7 423
684 3 157
677 8 642
686 2 63
677 13 660
677 14 664
677 15 664
682 3 315
683 3 303
683 4 330
674 15 823
686 3 209
683 5 384
683 6 387
683 8 403
686 4 235
682 5 433
683 30 409
683 14 413
682 6 448
682 7 449
682 8 472
686 5 298
682 19 482
682 14 483
682 7 509
682 13 536
682 14 536
682 15 536
408 1 14647
408 6 14666
686 8 378
680 3 694
686 8 409
680 4 724
680 5 750
680 6 753
680 7 753
408 5 14750
680 8 781
680 8 792
680 8 799
680 8 806
680 8 811
687 3 189
682 6 711
682 8 715
680 8 829
689 1 0
690 1 0
690 1 11
682 19 718
682 34 719
682 14 726
687 4 258
689 2 60
691 1 0
691 5 19
691 7 24
688 2 113
687 5 313
687 6 324
691 8 37
682 26 851
680 14 990
687 8 366
680 6 995
680 7 995
680 14 1015
680 25 1016
680 6 1017
680 7 1017
692 5 4
692 7 8
689 3 258
692 8 47
683 1 944
682 5 979
692 13 110
692 14 111
692 15 111
683 2 1003
689 4 350
696 1 0
695 2 57
689 5 394
697 1 0
689 6 397
698 1 0
689 4 424
697 2 67
695 4 175
694 4 216
695 6 257
695 7 257
697 3 189
696 3 234
695 8 299
700 2 48
697 4 228
702 1 0
702 5 3
702 6 5
702 7 5
702 1 7
702 13 7
702 15 8
696 4 321
703 1 0
697 6 270
701 2 53
697 8 295
697 34 305
697 15 308
696 5 373
696 6 376
705 1 0
704 2 61
703 5 90
703 6 93
703 7 93
700 3 182
696 1 421
696 13 421
696 14 422
696 15 422
700 4 227
696 25 458
696 6 459
696 7 459
696 8 461
696 8 465
688 4 845
696 8 497
707 1 0
700 5 276
700 6 286
700 7 286
698 4 445
706 2 60
696 8 505
704 3 179
708 1 0
709 1 0
698 5 492
710 1 0
698 6 501
698 7 501
705 3 218
698 8 547
704 4 252
704 5 274
711 1 0
688 8 984
704 6 288
704 7 288
705 4 280
712 5 2
704 13 316
704 14 316
704 15 316
712 6 5
712 7 5
712 14 14
712 15 14
711 2 74
712 6 48
712 7 48
712 13 52
705 6 319
705 7 320
705 8 336
712 14 52
712 15 52
706 4 326
712 6 121
704 4 498
704 6 508
704 7 508
704 13 512
704 14 513
704 15 513
710 5 299
706 8 408
710 2 322
710 5 326
710 6 333
713 1 0
711 3 321
717 1 0
713 2 91
711 7 418
719 1 0
711 8 494
720 1 0
711 4 514
711 5 518
711 6 526
711 7 526
675 1 2657
719 2 101
675 8 2676
706 1 723
706 5 726
711 8 570
675 29 2706
675 15 2725
714 3 271
714 4 308
719 3 245
713 3 356
720 3 197
714 5 348
714 6 352
714 8 369
714 29 376
723 1 0
724 1 0
714 25 388
714 6 388
714 7 389
647 2 4132
714 29 421
713 5 447
713 7 453
723 2 54
719 5 359
719 7 367
720 21 315
720 8 326
714 34 475
714 15 480
714 25 487
714 6 488
714 7 488
725 2 51
720 8 342
720 29 358
714 29 507
714 8 510
726 1 0
714 29 518
714 8 528
719 8 420
713 8 528
727 1 0
714 29 529
713 8 587
725 3 132
729 1 0
725 4 165
729 5 5
729 19 25
729 136 25
729 7 31
729 19 34
729 136 34
729 14 35
729 25 39
729 7 39
723 6 251
723 5 268
723 6 270
633 25 5336
633 6 5336
633 30 5343
722 3 283
723 3 275
722 4 307
725 5 242
725 6 245
725 7 245
722 6 321
722 7 321
730 2 49
731 1 0
731 5 2
731 6 6
731 7 7
722 1 357
722 14 358
722 15 358
732 1 0
731 13 55
731 30 55
728 3 223
730 4 167
728 4 290
727 3 289
733 1 0
730 5 198
730 7 200
728 5 322
728 6 327
728 8 337
733 2 64
727 4 386
727 5 453
727 6 456
727 8 506
727 8 513
734 1 0
736 1 0
728 13 553
728 15 554
726 3 594
734 2 67
733 4 310
712 1 1460
726 6 658
726 7 658
733 5 348
738 1 0
739 1 0
739 5 1
647 1 4904
739 15 14
737 2 72
733 7 359
731 5 499
731 6 503
731 7 503
731 1 515
731 13 516
731 14 517
731 15 517
733 8 400
740 5 5
740 6 10
731 6 556
724 4 881
738 2 98
741 1 0
742 1 0
731 8 566
733 13 446
625 2 6406
741 5 4
741 7 8
741 6 8
731 13 596
731 30 596
731 15 596
712 3 1623
737 3 220
742 2 64
724 5 963
743 1 0
744 1 0
744 5 4
744 6 11
744 7 12
733 5 541
733 6 549
733 7 549
744 14 18
744 15 18
734 3 340
724 8 1019
733 13 582
733 14 583
733 15 583
734 4 378
724 29 1056
733 1 600
733 5 606
625 2 6557
734 5 404
724 1 1092
724 13 1093
724 30 1093
724 14 1094
724 15 1094
733 8 626
733 13 638
738 4 321
625 3 6592
745 1 0
625 4 6636
746 5 3
734 8 478
737 7 425
746 6 12
746 7 12
746 14 25
747 1 0
734 19 510
734 34 510
734 15 512
712 7 1875
734 6 533
625 5 6681
625 6 6685
733 6 760
734 8 538
734 19 542
745 2 84
748 1 0
733 13 782
733 30 782
749 1 0
712 3 1923
712 25 1941
712 7 1943
712 19 1963
712 34 1963
712 14 1965
712 14 1976
750 1 0
751 1 0
751 2 42
752 2 67
711 14 2215
750 3 204
745 4 350
731 6 1182
731 7 1182
755 5 4
754 5 5
750 4 242
754 7 10
751 4 221
753 2 67
751 5 244
751 6 248
750 5 300
750 6 308
750 7 308
756 1 0
757 1 0
750 8 347
753 2 141
756 6 7
756 8 21
756 8 25
757 2 57
750 8 368
750 13 376
750 14 376
749 4 411
747 6 474
758 1 0
731 8 1340
731 1 1343
731 13 1344
731 30 1344
731 14 1344
731 15 1344
750 6 392
750 8 397
625 29 7189
625 8 7210
759 1 0
737 14 996
737 15 996
759 2 45
757 3 180
751 4 475
751 7 483
751 8 486
749 5 592
749 6 600
749 7 600
761 5 6
761 8 18
762 1 0
757 5 246
757 30 261
757 14 262
749 4 638
763 1 0
761 29 48
757 25 285
757 6 285
757 7 285
749 3 649
759 3 165
761 15 62
761 6 72
762 2 52
757 25 315
763 2 48
756 19 323
756 34 323
756 14 323
756 7 333
757 25 331
757 3 331
759 5 227
759 6 230
759 7 230
764 1 0
756 8 337
756 26 340
756 14 341
756 6 352
756 7 352
757 25 380
757 6 382
759 1 247
759 19 247
759 14 248
759 6 258
759 4 260
759 3 261
756 26 390
756 14 390
765 1 0
764 2 53
763 3 152
757 25 449
757 6 451
757 7 451
757 21 453
757 13 468
757 30 468
757 15 470
765 2 69
763 4 205
766 1 0
762 5 243
763 5 230
762 6 247
757 19 550
760 2 474
767 1 0
768 1 0
769 1 0
765 4 265
763 8 420
749 1 1085
770 1 0
764 4 370
760 5 624
760 6 640
760 8 651
771 1 0
749 1 1136
764 5 421
764 6 424
764 7 425
760 1 656
760 30 657
760 15 658
768 2 113
749 6 1161
749 7 1162
770 2 61
764 21 426
764 30 483
764 14 483
764 15 483
773 1 0
774 1 0
775 1 0
772 2 65
774 2 46
728 1 2378
728 5 2387
775 2 39
728 7 2391
728 8 2396
768 4 279
773 2 95
776 1 0
728 15 2401
777 1 0
771 3 234
778 1 0
772 3 192
774 3 172
771 4 293
770 4 320
771 5 310
776 2 109
774 4 204
775 3 179
779 1 0
770 5 346
770 7 349
774 5 242
780 1 0
770 14 392
781 1 0
774 6 246
782 1 0
781 2 30
772 4 313
775 8 301
779 2 146
772 5 357
774 8 350
781 3 103
768 5 591
768 6 606
768 7 606
781 4 129
781 6 172
776 3 353
779 3 241
773 5 490
773 7 494
779 4 278
776 4 396
776 5 407
776 6 410
776 13 448
776 30 448
776 15 452
785 1 0
786 1 0
783 2 80
773 8 603
774 8 600
773 8 651
783 3 152
786 2 72
773 8 683
788 1 0
787 2 54
774 8 665
785 4 166
785 5 212
785 6 215
785 4 261
788 2 167
787 3 198
790 1 0
788 2 187
788 2 199
788 2 199
788 2 199
768 8 1068
768 1 1073
768 14 1073
768 15 1073
791 1 0
790 2 31
788 2 207
788 2 216
787 5 253
787 7 259
788 2 273
788 2 290
791 25 87
790 3 137
788 2 332
790 5 191
788 2 380
790 6 198
790 8 220
795 1 0
790 8 240
794 2 47
796 1 0
793 25 121
788 3 489
795 2 74
788 4 527
797 1 0
793 25 188
793 3 189
787 13 575
787 30 576
787 14 578
793 25 211
793 4 211
788 5 577
788 6 584
793 5 221
793 6 226
793 7 226
793 21 231
727 5 3618
795 2 230
794 4 298
798 2 84
799 1 0
794 6 328
794 7 328
792 3 372
794 8 356
794 1 361
800 1 0
794 15 362
801 1 0
800 2 57
797 4 288
801 2 53
797 5 312
797 6 315
792 5 531
792 6 534
792 7 534
802 2 95
803 1 0
797 25 375
797 6 378
790 29 756
790 8 757
798 4 314
768 7 1826
790 13 773
790 15 775
801 3 189
800 6 238
800 8 260
801 4 218
798 5 398
798 7 405
798 8 409
790 7 880
797 3 537
801 8 275
797 7 565
798 8 506
804 4 207
797 8 605
802 4 424
804 6 300
804 7 300
804 8 326
794 6 847
807 1 0
806 2 54
805 3 378
805 4 407
810 1 0
805 6 452
806 3 176
813 1 0
802 3 663
814 1 0
809 2 119
802 5 711
802 6 727
806 6 265
806 21 269
806 8 285
815 2 99
815 2 126
818 1 0
808 2 303
813 4 238
818 2 72
819 1 0
807 6 406
807 7 406
807 8 419
815 3 267
807 13 451
807 15 454
820 1 0
813 6 312
813 7 312
808 4 432
811 4 387
813 8 345
821 1 0
822 1 0
808 5 514
820 2 94
815 5 385
815 6 389
808 6 521
808 7 521
808 8 528
808 8 564
808 8 574
809 4 568
811 5 495
811 6 499
808 8 596
825 1 0
825 2 22
825 2 28
809 5 598
824 2 37
824 2 41
824 2 49
818 4 321
815 13 514
815 15 514
822 3 162
790 1 1810
790 5 1811
809 8 656
823 2 122
818 5 394
818 6 400
818 7 400
826 2 96
825 3 100
790 34 1833
790 14 1835
790 14 1838
790 15 1838
818 8 413
822 4 210
825 4 135
825 5 143
827 1 0
827 5 7
827 7 11
827 8 19
809 8 732
824 3 161
825 8 163
820 3 323
827 19 35
827 34 35
827 14 56
827 15 56
826 4 189
825 8 196
821 3 278
828 1 0
818 3 519
818 3 521
826 5 215
826 6 218
826 4 229
821 4 332
820 4 408
809 5 856
809 6 861
809 7 861
794 4 1775
818 3 575
821 5 381
818 6 587
808 8 967
808 30 992
808 14 992
808 15 992
820 5 561
820 6 565
820 7 565
823 3 433
820 1 599
820 13 599
820 15 599
823 4 456
819 7 663
819 8 698
819 19 706
819 14 707
808 6 1091
808 7 1091
819 6 722
819 8 725
808 8 1096
808 14 1116
808 15 1116
777 5 2993
777 6 2999
777 7 2999
777 6 3009
830 1 0
831 1 0
777 29 3019
777 29 3058
831 2 54
777 8 3075
777 29 3078
777 8 3085
777 29 3089
777 8 3095
830 3 94
823 6 656
823 21 660
833 1 0
829 2 194
829 2 208
835 1 0
835 1 18
835 5 22
829 2 222
835 14 44
835 6 82
777 8 3234
777 14 3241
777 15 3241
835 19 98
835 14 99
835 14 108
835 6 114
835 7 114
833 4 120
834 2 135
832 3 205
837 2 78
833 3 153
838 1 0
831 3 275
833 6 166
829 4 367
832 5 285
832 6 288
832 7 288
831 4 333
808 7 1495
808 8 1505
829 5 427
829 6 434
829 8 441
829 8 448
831 7 381
808 8 1516
832 8 343
829 14 478
808 30 1595
831 8 498
831 34 509
831 14 512
831 15 512
837 4 333
837 5 373
837 7 376
837 8 396
834 4 468
835 1 478
835 8 499
835 7 499
837 4 441
837 3 441
829 7 700
829 8 703
834 7 516
834 21 520
835 34 514
835 14 524
835 6 530
841 2 70
842 1 0
843 2 36
844 1 0
842 2 61
842 2 63
845 1 0
838 4 583
838 3 596
845 2 49
844 2 88
842 3 196
847 5 6
841 5 321
841 6 326
841 7 327
842 4 246
845 3 154
845 4 194
848 1 0
849 1 0
850 1 0
845 5 227
845 7 234
851 1 0
849 7 15
841 8 443
849 13 48
849 30 48
852 1 0
844 3 339
850 3 165
852 2 71
852 2 72
841 8 562
853 1 0
850 6 256
850 13 294
850 15 294
844 5 593
844 6 600
849 6 368
849 7 368
850 13 504
850 14 505
850 15 505
844 8 786
844 8 823
844 8 833
855 2 43
854 3 258
854 4 341
855 3 157
857 2 59
854 5 523
854 7 538
854 8 552
844 14 1262
844 15 1262
844 25 1295
844 6 1295
844 7 1295
857 4 209
844 8 1314
844 14 1360
844 15 1360
858 1 0
857 5 280
854 8 800
841 30 1602
841 15 1602
854 14 825
854 15 825
857 29 379
857 29 387
844 7 1511
858 1 102
859 2 120
844 8 1593
860 2 48
861 2 52
863 1 0
859 3 327
844 8 1787
862 2 86
844 8 1801
844 8 1817
859 4 394
863 3 105
863 7 149
866 1 3
863 8 166
865 2 75
860 7 331
863 29 194
857 8 835
857 29 836
867 1 0
865 3 157
868 1 0
860 8 364
863 25 264
863 7 267
862 6 315
860 13 399
860 14 400
860 15 400
861 4 377
863 8 273
863 8 281
863 1 291
863 19 291
863 7 300
867 2 62
844 13 2034
844 15 2036
844 25 2043
844 6 2043
844 8 2051
863 14 306
863 6 315
863 7 315
863 8 316
866 3 185
861 5 410
844 8 2069
844 13 2076
844 15 2077
844 25 2090
844 7 2090
865 5 281
844 13 2097
844 30 2097
844 15 2098
738 8 7774
865 7 289
865 21 290
865 8 297
867 3 164
865 30 312
870 1 0
862 1 444
862 13 444
862 14 444
862 15 444
871 1 0
866 6 311
866 7 311
861 8 546
768 8 6355
768 8 6359
768 8 6373
866 8 333
870 2 94
866 4 345
866 5 348
866 6 355
861 29 579
861 8 581
738 4 7878
738 5 7880
738 6 7891
738 7 7891
872 1 0
768 8 6390
865 6 418
865 7 418
867 5 281
867 6 289
866 8 374
866 13 387
866 14 387
866 15 387
861 29 591
861 8 598
873 1 0
738 8 7909
865 26 434
768 8 6412
865 27 434
865 15 435
768 8 6425
867 14 319
867 15 319
874 1 0
861 8 647
862 25 608
862 6 608
861 8 666
861 8 678
873 2 66
876 1 0
865 6 502
862 8 629
862 14 641
862 15 641
870 2 202
866 6 459
866 7 460
866 8 461
866 14 465
866 25 489
866 7 489
866 14 498
866 6 503
876 2 45
866 14 513
866 15 513
866 6 519
866 7 519
866 25 531
866 19 556
866 15 558
866 26 563
866 6 565
876 3 137
861 8 843
869 3 373
866 8 650
866 8 659
880 1 0
879 2 71
877 3 133
875 6 289
880 2 45
870 6 459
877 4 161
876 5 260
869 4 462
869 3 471
869 4 476
877 5 204
877 7 207
876 1 301
876 13 302
876 14 302
876 15 302
869 5 492
869 6 497
869 7 497
861 29 992
861 8 996
873 4 393
869 8 536
869 13 567
880 3 194
882 1 0
882 5 4
879 3 236
882 6 11
882 7 11
869 25 615
869 6 616
869 7 616
879 4 278
883 1 0
873 5 499
873 7 510
881 2 45
879 5 290
879 6 293
879 7 293
879 21 295
869 19 679
869 34 679
869 14 681
883 2 67
782 2 6505
887 1 0
886 7 15
879 19 359
879 14 361
886 8 24
844 25 2868
844 6 2868
844 7 2868
884 2 74
886 8 40
844 8 2874
844 13 2879
844 30 2879
844 15 2880
880 5 358
880 6 361
887 2 59
886 19 67
886 14 68
880 4 399
880 6 404
880 14 409
880 15 409
878 2 502
880 25 416
880 6 416
880 8 420
880 8 428
880 29 431
880 8 434
880 8 442
883 3 217
880 19 458
880 34 458
880 14 458
880 25 462
880 6 462
880 7 462
880 8 465
884 4 221
878 3 588
884 5 259
881 5 319
881 6 324
881 7 324
884 6 268
884 7 268
878 4 633
883 14 291
883 6 298
883 7 298
883 8 306
884 8 292
881 14 391
881 15 391
884 8 337
884 8 352
884 8 354
844 25 3184
844 6 3184
844 7 3184
844 8 3188
881 6 483
881 8 505
881 14 512
881 15 512
844 29 3256
844 8 3314
782 3 6979
889 1 0
782 4 7015
890 1 0
889 2 43
844 8 3400
782 7 7071
890 2 49
892 1 0
893 1 0
892 2 64
893 2 65
888 3 386
894 5 8
894 7 13
894 8 27
894 29 34
894 14 48
894 15 48
889 3 193
844 14 3538
844 15 3538
888 4 454
895 1 0
782 8 7242
891 2 154
888 5 524
888 6 529
888 7 529
890 3 261
889 5 283
889 6 285
889 7 285
844 6 3633
844 7 3633
844 8 3648
896 2 63
890 4 343
892 3 274
886 8 855
886 8 864
889 19 352
889 34 352
889 15 354
889 4 365
889 3 366
844 13 3687
844 15 3687
888 8 623
888 8 639
890 7 396
898 1 0
890 8 424
891 5 354
892 4 371
897 2 76
900 1 0
900 1 0
891 6 371
891 7 371
892 5 443
898 2 80
896 4 233
891 13 436
892 6 452
899 3 131
896 6 297
896 7 297
897 3 214
899 4 179
897 4 247
899 5 206
899 14 216
897 5 286
899 7 225
899 19 237
899 14 237
899 6 244
899 7 244
899 19 250
899 14 251
899 6 252
897 7 291
897 8 307
900 3 252
897 8 321
844 25 4054
844 6 4054
844 7 4054
844 8 4062
844 13 4071
844 30 4071
844 15 4073
901 3 136
900 4 300
891 25 690
891 6 691
900 5 336
900 8 371
891 8 726
900 8 375
900 8 394
900 8 401
900 8 415
900 8 419
900 8 426
898 8 480
901 5 293
900 7 436
900 34 455
900 14 456
900 6 459
900 7 459
901 6 308
901 7 308
900 8 464
900 8 466
900 8 469
904 1 0
891 34 947
891 14 948
904 2 63
905 1 0
904 3 173
906 1 0
907 1 0
904 5 423
904 6 426
904 8 455
908 1 0
908 6 8
909 1 0
909 7 21
908 13 69
908 14 70
907 4 263
904 19 593
907 6 299
907 7 299
911 1 0
912 1 0
913 1 0
912 2 36
887 1 2328
887 2 2379
912 3 98
914 1 0
912 4 139
912 5 152
912 19 179
912 34 179
912 14 182
912 15 182
912 7 189
912 8 197
912 34 202
912 25 204
912 6 204
912 7 205
913 2 197
907 8 695
887 3 2540
907 4 763
907 6 769
916 1 0
916 2 69
887 5 2738
887 6 2754
887 7 2755
887 8 2808
887 19 2833
887 14 2849
887 19 2866
887 136 2866
850 1 5474
887 14 2880
918 1 0
917 2 92
915 5 448
915 6 451
915 7 451
917 3 217
916 5 471
916 6 479
916 7 479
917 5 358
917 6 366
917 7 366
918 4 299
917 19 391
913 3 945
917 6 405
917 7 405
917 19 409
921 1 0
918 7 346
922 1 0
923 1 0
922 2 62
924 5 3
924 8 11
924 7 11
923 2 165
923 2 168
921 7 232
924 1 31
924 13 31
924 14 34
924 15 34
922 3 179
925 1 0
919 3 282
925 2 56
921 13 308
921 30 308
921 15 309
922 4 244
927 1 0
921 25 330
921 7 330
921 8 334
926 3 100
922 5 304
927 7 14
928 1 0
922 6 310
922 7 310
926 4 125
921 8 391
921 13 403
922 8 343
922 19 359
922 34 359
922 14 359
919 5 469
919 7 479
926 6 163
926 7 163
922 6 375
922 7 376
922 13 385
922 14 385
922 15 385
923 3 404
926 15 195
919 13 525
919 14 526
920 8 529
925 3 244
920 8 571
923 4 502
929 1 0
929 2 41
920 13 646
920 30 646
920 14 646
920 15 646
925 7 364
928 3 306
922 6 616
922 7 617
925 8 445
922 14 629
922 15 629
919 7 726
919 4 738
925 8 471
925 19 479
925 136 479
930 2 61
928 4 439
929 4 280
920 6 919
920 25 919
920 7 919
929 5 327
929 6 336
928 5 549
928 6 552
928 7 552
929 5 374
930 3 270
920 8 997
928 15 578
929 6 389
929 7 390
928 15 589
929 8 441
929 8 454
929 8 464
930 5 365
931 1 0
929 34 475
929 14 485
932 1 0
930 19 414
930 136 414
930 14 415
933 1 0
930 6 441
930 136 453
930 14 454
930 19 475
930 136 475
930 14 475
937 1 0
939 1 0
938 2 38
938 7 175
941 1 0
942 1 0
943 1 0
940 3 295
944 1 1
940 7 350
940 1 360
944 2 57
940 5 368
940 7 372
940 14 391
945 1 0
945 5 7
945 7 10
946 1 0
880 5 6202
946 2 35
945 2 108
880 8 6219
880 34 6226
880 14 6228
880 15 6228
945 3 195
946 4 154
945 5 236
945 6 239
945 7 239
944 4 558
946 5 182
945 14 259
946 7 198
946 8 217
945 15 274
944 6 607
944 7 608
944 8 631
947 1 0
945 6 371
945 4 372
949 2 33
949 4 142
944 8 889
950 1 0
949 5 169
949 6 179
949 7 179
951 1 0
952 1 15
952 2 68
952 2 75
948 3 394
952 3 204
948 7 450
950 3 248
950 4 299
950 5 388
952 4 326
952 3 351
950 7 393
953 2 132
950 8 444
955 1 0
954 3 137
956 1 0
955 2 86
954 5 209
953 3 390
954 6 214
954 7 214
954 6 246
954 8 263
956 2 154
954 34 301
958 5 4
954 8 315
958 6 12
958 7 12
954 19 323
954 34 324
954 7 327
954 4 328
955 8 333
957 2 186
960 1 3
952 1 1041
958 8 347
952 2 1062
958 29 381
960 2 115
956 4 587
959 3 345
952 5 1173
952 6 1183
952 7 1183
956 5 661
956 8 684
956 26 706
956 14 707
956 6 716
956 7 716
952 1 1229
952 13 1231
952 14 1231
959 5 460
956 26 733
956 27 733
956 14 734
959 6 468
959 7 468
956 7 754
956 29 763
956 8 764
959 13 498
956 8 800
956 8 800
956 29 801
956 8 806
956 5 837
961 4 336
956 6 845
959 7 581
959 30 595
959 15 595
961 5 377
960 8 450
960 8 461
956 8 888
956 29 892
961 6 385
961 7 386
952 6 1408
952 8 1426
960 29 478
956 8 927
961 8 422
961 8 440
961 8 466
957 4 805
960 8 563
966 1 0
967 1 0
966 3 172
959 6 1016
959 7 1016
966 5 271
966 7 279
966 13 297
966 14 297
959 6 1028
959 13 1084
959 14 1085
959 15 1085
969 2 54
959 13 1165
959 30 1165
959 15 1166
972 1 0
973 1 0
969 3 214
969 4 258
973 2 57
959 6 1358
959 7 1358
959 8 1375
959 19 1386
959 34 1386
969 5 318
969 6 322
971 2 195
971 2 195
970 3 273
959 7 1427
969 6 356
973 3 154
974 4 164
972 3 218
974 5 178
974 6 182
974 7 182
974 8 190
967 4 752
973 5 238
973 6 241
970 5 413
970 6 417
974 13 229
974 30 229
974 14 230
974 15 230
974 6 236
972 4 316
967 5 800
967 7 807
977 1 0
972 6 382
978 1 0
976 2 72
967 1 911
967 19 912
977 2 42
974 30 364
974 15 366
972 8 426
967 14 914
972 29 475
972 8 482
977 3 149
977 4 169
978 3 193
977 5 189
977 7 192
976 4 263
977 8 224
977 29 248
977 8 248
977 15 265
979 7 15
978 4 293
978 7 350
978 14 388
980 1 0
980 2 110
980 4 340
980 5 432
980 7 436
981 2 103
984 1 0
981 3 257
981 4 363
986 2 48
986 2 58
985 2 74
987 1 0
981 5 476
988 1 0
981 6 482
981 7 482
988 2 79
989 1 0
989 2 33
990 1 0
989 3 103
985 6 304
985 8 318
989 5 150
989 7 158
989 8 188
990 2 160
990 3 378
986 7 754
986 8 769
986 4 817
986 3 820
986 4 834
986 7 845
986 4 849
986 3 850
986 4 860
991 1 0
992 1 0
994 1 0
986 7 874
986 8 883
992 2 39
994 2 48
992 3 105
994 3 123
992 6 160
994 4 146
986 1 1031
986 34 1031
986 14 1049
986 15 1049
994 5 175
992 1 215
992 19 215
992 136 215
992 15 218
994 8 228
994 8 240
994 8 253
995 3 169
994 8 257
994 8 265
994 8 271
994 13 279
994 14 280
995 4 242
995 5 261
995 6 277
995 7 277
995 8 314
995 8 369
994 6 473
994 7 473
996 1 0
996 2 74
996 2 84
