0 3 128
0 5 262
0 7 270
0 8 307
0 8 320
0 8 325
9 3 166
9 5 219
9 7 229
9 8 240
9 8 250
10 3 324
10 5 410
10 7 415
10 14 429
10 5 669
10 7 674
17 3 321
17 5 448
17 7 455
17 19 496
17 14 497
17 14 507
20 3 275
20 5 400
20 7 403
24 5 6
24 7 11
24 8 79
24 26 131
24 27 131
24 28 131
24 28 131
24 3 245
24 5 267
24 7 273
24 8 302
24 29 308
24 8 322
24 29 325
24 8 331
24 29 338
24 14 345
32 3 149
35 3 176
36 3 171
35 5 304
35 7 307
35 8 327
35 8 364
36 5 307
36 7 316
36 8 323
35 19 383
35 34 383
35 14 385
36 29 340
36 5 356
36 7 365
36 5 389
38 3 320
38 5 441
38 7 448
38 14 511
38 7 946
38 14 969
41 3 204
41 5 365
41 7 371
41 8 510
45 3 139
45 5 187
45 7 192
45 14 202
46 3 307
46 5 414
46 7 418
46 8 432
46 19 439
46 34 439
46 14 441
48 3 211
48 5 309
48 7 327
50 3 168
50 5 230
53 3 160
53 5 244
53 7 247
53 19 268
53 14 274
53 7 289
53 14 302
53 7 320
53 14 336
53 7 360
53 14 369
56 3 491
56 5 589
56 7 605
56 14 631
58 3 219
59 3 139
58 5 288
58 7 302
58 8 325
59 5 237
59 7 253
59 8 284
59 8 291
59 8 296
59 8 299
59 8 309
59 19 322
59 34 322
59 14 323
59 7 330
59 8 335
64 3 136
64 5 196
64 7 199
64 8 203
64 8 209
64 8 218
64 8 231
64 8 241
64 8 252
64 8 261
64 14 284
65 5 16
65 7 22
65 14 42
70 3 307
70 5 384
70 7 388
71 3 127
71 5 247
71 7 252
72 3 231
72 5 345
72 7 354
72 8 372
72 29 420
72 8 436
73 3 202
74 3 180
70 8 1123
70 19 1136
70 34 1136
70 14 1136
72 8 525
70 7 1144
70 8 1165
70 19 1169
70 34 1169
70 14 1172
72 3 549
74 5 263
74 7 270
70 7 1281
75 3 286
82 5 2
82 7 12
82 14 26
80 3 270
80 3 318
82 7 298
82 14 301
82 7 602
82 14 609
84 5 13
84 7 20
84 8 37
91 3 291
93 3 83
91 5 410
91 7 415
91 8 436
91 8 461
93 5 135
93 7 142
91 8 468
91 8 477
91 8 488
91 8 493
93 8 161
91 8 506
91 8 519
91 29 548
91 29 553
91 29 555
91 19 565
91 14 565
91 7 578
100 3 412
102 3 207
102 5 335
102 7 337
102 8 347
106 3 160
106 5 255
106 7 265
106 14 294
106 7 448
106 14 458
100 5 1116
108 3 204
100 7 1133
100 8 1141
110 3 119
100 19 1200
100 14 1203
110 5 160
110 7 164
100 7 1216
100 19 1224
100 14 1225
100 14 1235
110 14 173
100 5 1362
112 3 194
100 7 1372
100 19 1400
100 14 1402
111 3 482
114 3 124
114 5 204
114 7 208
114 14 230
115 3 301
111 5 706
111 7 714
111 8 729
112 5 749
111 5 769
111 7 778
111 8 781
112 7 758
111 8 802
112 8 787
112 8 807
112 14 823
115 5 463
115 7 474
115 14 555
112 5 1125
112 7 1132
112 8 1134
112 29 1139
112 19 1141
112 14 1141
112 7 1162
125 5 6
125 7 9
125 26 14
125 14 15
125 7 25
125 8 30
125 8 49
123 3 253
128 3 138
123 5 399
123 7 407
123 8 460
123 14 557
132 5 2
132 8 5
132 7 5
133 3 153
133 5 227
133 7 231
133 8 238
133 29 240
115 5 2078
115 7 2087
115 14 2091
143 3 190
141 3 264
141 5 346
141 7 362
143 5 292
143 7 304
141 8 380
141 8 394
141 8 413
141 8 424
141 8 441
141 19 449
141 34 449
141 14 449
139 3 492
139 5 628
139 7 633
139 8 652
139 29 674
139 14 711
146 3 174
146 5 199
146 7 225
146 19 274
146 14 284
146 7 324
146 8 336
146 8 354
155 5 10
155 7 12
146 8 400
146 8 401
146 8 402
146 8 402
146 34 403
146 19 403
146 14 413
155 8 34
146 7 417
146 8 422
146 8 427
146 8 437
146 8 442
155 8 57
155 5 87
155 7 89
152 3 174
156 3 150
156 5 220
156 7 228
159 3 111
144 3 1111
157 3 283
152 5 424
152 7 427
160 3 193
152 8 465
151 3 609
159 5 209
159 7 214
144 5 1204
144 7 1212
152 8 467
159 8 238
160 3 232
144 8 1244
157 3 370
159 29 285
159 8 289
159 8 299
152 8 578
157 5 457
157 7 463
157 8 478
157 8 490
152 26 646
152 27 646
152 14 647
157 3 514
151 5 840
151 7 844
144 8 1489
151 26 891
151 14 894
166 3 380
165 3 487
176 3 3
166 5 515
166 7 528
166 14 540
165 5 611
165 7 620
144 29 1885
175 3 142
144 8 1887
144 14 1892
165 8 699
165 8 700
176 5 223
176 7 225
175 5 216
175 7 222
165 5 898
144 7 2115
176 8 362
173 3 491
165 7 920
182 3 163
165 8 949
165 34 949
165 19 949
165 14 950
165 7 955
165 8 959
181 3 191
166 7 917
151 5 1605
151 7 1609
165 8 963
165 8 969
182 5 248
182 7 265
181 5 305
182 8 305
185 5 1
185 7 18
185 19 22
185 14 23
181 7 320
182 29 310
182 8 311
182 29 314
173 5 692
185 7 30
185 8 31
185 19 40
185 34 40
185 14 41
185 7 42
185 8 46
173 3 719
185 8 59
185 19 64
185 14 65
185 7 69
185 8 72
185 8 75
185 8 78
185 8 80
185 8 85
185 19 89
185 34 89
185 14 95
185 7 96
185 8 99
185 5 131
185 7 146
185 8 150
185 8 156
185 8 160
185 8 162
185 29 167
185 19 171
185 14 184
187 3 109
187 5 170
187 7 185
189 3 204
192 3 84
192 5 130
192 7 137
190 3 231
192 8 153
192 29 159
192 8 160
192 29 161
192 14 169
189 5 364
192 7 189
192 14 201
189 7 380
189 8 387
189 26 437
189 14 440
199 3 115
190 5 428
190 7 444
200 3 121
199 5 181
199 7 187
199 8 207
199 8 218
200 5 184
200 7 199
200 8 213
200 29 217
200 8 229
202 3 149
200 8 235
200 14 258
202 5 221
202 7 237
202 8 296
202 8 340
202 8 358
200 7 470
201 3 413
208 5 6
208 7 22
200 14 474
201 5 495
201 7 510
201 8 556
201 19 572
201 136 572
201 14 573
201 7 608
201 8 617
203 3 551
205 3 499
203 5 618
203 7 629
203 8 635
211 3 114
192 7 1089
205 5 607
205 7 614
211 5 172
211 7 182
205 8 654
205 8 668
205 14 679
211 8 206
211 8 211
213 5 7
213 7 23
213 8 47
213 8 83
213 8 101
203 8 865
213 29 197
213 29 200
213 29 203
213 8 217
203 8 1001
217 3 99
215 3 190
217 5 173
203 8 1075
203 8 1087
217 7 179
217 8 188
217 8 191
217 14 206
203 14 1141
215 5 350
219 3 124
217 7 267
217 8 269
217 8 273
217 8 275
217 14 279
222 5 5
219 5 178
219 7 184
219 8 202
222 5 39
222 8 42
222 7 43
219 14 207
222 8 69
217 7 411
222 8 87
217 14 461
221 3 250
217 7 549
217 8 552
217 14 554
222 5 234
222 8 240
222 7 240
222 8 256
222 8 270
222 8 280
222 19 295
222 34 295
222 14 296
221 5 413
221 7 417
221 14 445
224 3 262
225 3 312
225 5 433
225 7 439
225 8 497
225 8 524
225 8 545
225 8 551
235 5 2
230 3 342
237 3 149
237 5 205
240 3 155
237 7 210
237 8 231
230 5 687
230 7 695
240 5 237
240 7 242
241 3 171
240 8 255
240 14 261
230 19 732
230 14 735
230 7 743
240 7 281
240 14 290
241 5 240
230 14 777
241 7 256
241 8 280
230 7 815
240 7 369
230 3 818
240 8 372
241 5 328
241 7 337
241 8 340
241 14 344
241 7 384
241 8 396
241 14 400
241 7 404
241 8 405
241 14 408
243 3 253
132 26 6595
132 14 6596
246 3 200
243 5 360
243 7 367
250 5 3
250 7 20
250 8 35
246 5 307
246 7 317
248 3 175
242 3 723
248 5 255
248 7 260
248 8 326
252 3 226
252 5 287
252 7 297
242 5 907
242 7 914
249 3 360
249 5 496
249 7 499
249 8 529
249 8 536
254 3 285
242 8 1140
242 5 1162
242 7 1171
251 3 573
256 3 319
242 8 1189
255 3 327
261 3 165
262 3 188
259 3 327
254 5 427
254 7 438
265 3 129
268 5 5
268 7 10
268 14 21
263 3 162
265 5 197
265 7 202
255 5 443
255 7 447
255 8 456
256 5 470
263 5 206
263 7 210
265 14 217
256 7 475
263 8 224
263 8 232
259 5 442
259 7 455
255 8 517
263 8 250
263 14 273
262 5 347
259 8 462
255 8 547
266 3 260
262 7 363
251 5 862
251 7 878
254 14 656
269 3 162
256 8 613
251 8 891
251 19 900
251 34 900
251 14 901
251 7 911
259 14 549
256 8 641
251 19 938
251 136 938
251 14 942
251 7 947
254 7 711
254 14 726
269 3 228
266 5 387
266 7 391
256 26 655
256 14 655
251 19 964
251 136 965
251 14 966
251 7 970
255 29 693
255 8 696
272 3 241
256 7 688
256 8 695
256 26 706
256 14 710
265 7 446
265 8 466
255 14 710
265 8 478
269 5 315
271 3 298
256 7 746
256 26 754
256 27 754
256 282 755
256 14 755
256 7 758
270 3 345
269 7 332
269 8 348
269 8 359
256 8 779
256 26 789
256 27 789
256 14 791
256 7 797
269 8 379
255 7 801
255 26 808
255 27 808
255 14 812
272 5 357
256 8 810
271 5 379
271 7 394
272 7 374
272 8 382
272 8 393
256 8 850
272 8 401
272 8 405
280 3 178
269 8 472
271 8 437
272 8 439
283 3 141
269 14 494
270 5 526
280 5 272
270 7 531
280 7 282
259 5 964
283 5 234
255 7 1034
259 7 971
259 8 985
283 7 250
259 14 1004
255 8 1072
255 5 1189
255 7 1195
255 8 1204
294 3 138
257 3 1250
255 29 1250
255 8 1257
294 5 192
294 7 208
294 8 210
255 26 1290
255 14 1291
294 8 235
297 5 2
297 7 18
294 8 249
294 8 254
294 8 258
297 5 23
297 7 28
297 8 37
297 19 40
297 34 40
257 5 1330
297 14 40
297 7 45
294 19 305
294 34 306
294 14 306
292 3 354
257 7 1341
297 8 58
297 19 64
297 34 64
297 14 65
297 7 67
255 7 1371
255 8 1388
297 8 85
297 19 89
297 34 89
297 14 89
255 8 1416
257 14 1411
298 3 164
255 8 1516
303 5 36
303 7 42
303 8 62
298 5 213
298 7 222
298 8 253
298 14 264
298 7 266
306 5 3
306 7 9
303 5 122
298 8 269
298 14 281
303 7 129
303 8 134
303 5 180
303 7 187
303 8 194
298 7 364
298 8 375
298 29 377
298 8 390
298 29 391
298 8 399
298 29 406
298 8 408
298 29 410
298 8 412
306 8 137
306 19 145
306 136 145
306 14 146
306 14 151
303 8 253
303 3 416
303 3 433
303 3 484
303 5 493
303 7 499
303 14 511
309 3 245
309 5 324
309 7 326
309 8 343
309 19 354
309 136 354
309 14 357
309 7 368
309 8 373
255 29 2208
255 8 2209
255 8 2235
255 3 2428
255 5 2455
255 7 2459
255 8 2476
314 3 182
255 14 2626
314 5 258
314 7 261
293 3 1619
316 3 291
293 5 1711
293 7 1716
317 3 229
316 5 422
316 7 429
317 5 475
317 7 485
325 3 262
325 5 534
329 3 216
325 7 546
325 8 579
325 8 594
333 3 114
325 5 624
325 7 632
329 5 368
329 7 376
333 5 202
333 7 209
329 8 394
329 19 404
329 34 404
329 14 413
333 8 217
329 7 425
333 8 247
336 3 226
336 5 344
337 3 147
336 7 352
336 14 378
337 5 254
337 7 261
337 14 287
336 7 486
336 14 496
339 3 171
339 5 328
339 7 336
339 14 378
340 3 260
342 3 131
340 5 371
340 7 373
340 19 397
340 14 399
347 5 13
347 8 18
347 7 18
342 5 237
342 7 247
339 7 549
339 14 559
342 8 262
342 29 265
342 14 289
346 3 158
348 3 142
346 5 250
346 7 253
348 5 201
348 7 208
344 3 310
345 3 366
341 3 829
344 5 532
344 7 546
345 5 525
345 7 531
345 8 542
345 8 542
344 3 557
345 8 568
345 8 579
341 5 912
353 3 167
341 7 915
341 8 937
353 5 226
353 7 232
355 3 176
345 29 676
345 8 681
353 8 280
353 8 288
350 3 458
360 3 142
353 8 294
345 8 757
355 5 255
355 7 263
355 8 287
360 5 196
359 3 202
360 7 200
360 8 233
360 8 237
345 8 836
345 8 836
350 5 579
360 3 256
350 7 591
345 8 869
350 14 607
360 5 275
360 7 284
345 8 963
359 5 390
359 7 398
359 14 409
345 8 1006
345 5 1054
345 7 1061
345 8 1148
364 3 193
364 5 235
345 26 1220
345 282 1220
345 14 1221
364 7 242
364 8 269
345 7 1270
364 19 273
364 34 273
364 14 274
345 8 1275
366 3 171
345 14 1381
366 5 250
368 3 177
345 7 1401
345 8 1408
345 26 1411
345 282 1412
345 14 1412
366 7 254
371 5 2
368 5 279
368 7 285
368 8 314
368 8 329
368 8 336
368 8 359
368 8 364
368 8 371
368 8 377
368 8 382
368 29 384
359 7 1027
368 19 663
368 34 663
368 14 663
372 3 351
373 3 267
372 5 436
373 5 331
373 7 340
372 7 446
372 8 452
372 8 462
373 8 361
373 8 364
372 8 469
372 8 474
372 8 479
373 5 403
372 29 498
372 14 501
373 7 411
373 8 418
373 19 521
373 34 521
373 14 522
377 3 255
377 5 349
377 7 352
380 3 253
377 8 432
380 5 335
380 7 339
377 3 466
380 19 367
380 14 370
380 7 380
380 14 388
377 5 491
377 7 495
378 3 473
377 8 508
384 3 179
377 5 551
377 7 554
377 8 567
378 5 604
378 7 609
385 3 257
385 5 416
378 26 771
378 27 771
378 14 774
378 7 789
385 7 428
378 26 803
378 27 804
378 14 807
378 7 813
385 8 495
385 19 505
385 34 505
378 5 882
385 14 518
378 7 889
389 3 196
392 3 179
377 8 1189
392 5 241
389 5 331
389 7 335
392 7 250
392 14 272
389 8 360
389 8 368
389 8 381
393 3 140
389 8 385
389 8 389
389 8 391
394 3 151
393 5 243
393 7 249
393 14 257
399 5 10
399 7 19
399 14 23
397 3 197
385 26 1227
397 5 304
385 14 1238
397 7 307
377 8 1649
397 8 360
409 5 4
409 7 13
409 14 19
398 3 352
400 3 303
405 3 195
403 3 241
404 3 239
405 5 269
405 7 272
405 8 292
400 5 444
400 7 446
400 8 486
403 5 380
403 7 390
400 5 501
400 7 504
400 26 517
404 5 405
400 14 520
405 8 379
404 7 419
403 8 442
398 5 621
398 7 630
400 7 559
400 8 571
412 3 173
404 14 467
400 3 586
411 3 274
403 8 477
403 8 502
414 3 164
403 8 518
415 3 147
398 8 709
398 19 731
398 34 731
398 14 731
412 5 261
412 7 264
405 8 543
298 5 7369
412 3 281
398 7 745
416 3 95
298 7 7377
412 3 304
398 8 786
415 5 232
415 7 235
412 5 309
412 7 311
414 5 234
412 8 314
414 7 238
412 19 322
412 34 322
412 14 325
414 8 257
412 7 338
411 5 397
411 7 400
403 3 623
405 8 613
403 5 642
403 7 652
405 29 649
398 8 827
412 5 372
412 7 377
416 5 195
412 19 384
412 14 384
416 7 201
412 7 395
412 19 399
412 14 400
412 7 403
416 8 233
418 3 144
398 8 928
398 8 941
398 8 957
418 5 233
418 7 246
418 8 265
398 19 1017
398 34 1017
398 14 1029
418 8 273
398 7 1042
398 8 1058
398 8 1062
418 8 304
418 29 316
418 8 317
418 14 321
398 8 1095
398 19 1117
398 34 1117
398 14 1118
398 7 1125
404 7 1043
414 29 752
414 8 753
414 29 756
414 8 757
414 8 779
414 29 792
414 8 797
414 29 804
414 8 814
414 29 825
430 5 5
430 7 12
431 5 2
431 7 18
427 3 191
427 5 302
427 7 316
427 8 344
427 8 354
427 8 401
427 5 408
427 7 424
427 8 429
427 8 436
427 8 444
427 8 478
427 19 488
427 34 488
427 14 489
427 7 502
432 3 263
434 3 159
434 5 222
432 5 359
434 7 234
432 7 375
432 8 383
432 8 430
437 3 184
437 5 284
437 7 290
437 8 333
437 5 390
437 7 397
440 3 234
437 8 429
437 8 455
440 5 354
440 7 358
440 8 368
440 29 371
440 8 374
443 3 168
436 3 603
446 3 105
443 5 247
443 7 252
446 5 171
446 7 187
443 8 261
443 8 267
443 8 271
443 8 290
443 8 299
443 8 305
443 8 310
450 3 171
436 5 745
436 7 749
454 3 111
450 5 352
450 7 368
454 5 168
454 7 173
450 8 394
454 8 179
440 29 799
436 5 973
450 29 415
436 7 982
454 8 211
440 8 801
440 29 827
450 8 446
450 34 455
450 19 455
450 14 457
450 14 467
450 7 581
460 3 111
450 8 627
450 14 638
460 5 176
460 7 180
460 8 195
460 8 224
459 3 255
436 8 1350
459 5 351
436 19 1449
436 34 1449
436 14 1450
459 7 367
436 7 1459
436 8 1521
436 8 1550
436 19 1563
436 34 1563
436 14 1564
436 7 1587
436 8 1630
436 8 1653
436 19 1656
436 34 1656
436 14 1657
469 3 125
469 5 182
469 7 192
469 14 203
469 7 219
469 8 221
472 3 154
469 8 267
473 5 3
473 7 19
473 5 26
473 8 27
472 5 215
472 7 220
473 7 41
469 14 319
444 3 1573
469 7 436
473 8 142
473 29 146
469 3 440
473 8 169
444 5 1639
444 7 1644
444 14 1674
473 8 271
475 3 189
469 3 571
473 29 308
473 8 335
475 5 260
469 5 637
475 7 276
470 3 633
469 7 653
475 8 293
475 8 306
469 8 737
480 3 87
469 8 745
469 26 769
469 14 771
444 7 1967
444 8 1972
480 5 167
480 7 173
479 3 157
444 14 1998
479 5 225
479 7 231
469 5 899
469 7 904
469 8 909
469 14 911
479 8 258
479 8 262
479 8 266
479 8 273
469 7 937
469 26 944
469 27 945
469 14 945
479 8 277
479 8 280
479 8 283
479 8 286
469 7 954
469 26 959
469 27 959
469 14 963
469 7 964
469 26 967
469 27 967
469 14 967
469 7 970
479 19 318
479 14 320
479 34 320
469 14 987
470 5 969
470 7 985
444 7 2160
444 8 2170
470 8 1029
470 19 1038
470 34 1038
470 14 1038
444 29 2257
444 8 2259
444 26 2282
444 27 2282
444 14 2285
488 3 289
481 3 479
485 3 414
485 5 478
485 7 483
444 7 2389
488 5 404
488 7 420
497 3 121
481 5 623
481 7 638
488 8 451
497 5 190
481 3 668
485 8 618
488 19 500
488 136 500
488 14 503
488 7 510
497 7 206
492 3 289
481 3 702
488 19 530
488 136 531
488 14 531
488 7 539
497 8 256
481 5 706
485 8 668
481 7 722
481 8 725
481 3 735
488 8 553
497 8 267
470 7 1390
488 8 579
497 8 290
497 8 350
485 8 798
497 8 403
492 5 453
492 7 468
492 19 511
492 14 512
492 14 531
497 19 495
497 34 495
497 14 496
492 7 539
492 14 543
497 26 501
497 14 501
497 7 506
497 8 514
497 26 522
497 14 526
497 7 559
497 8 567
497 8 594
497 8 607
497 8 630
497 26 650
497 14 651
492 7 711
497 7 654
492 5 729
492 7 746
506 3 322
508 3 225
506 5 415
506 7 419
506 8 445
508 5 302
508 7 307
508 8 323
506 14 470
509 3 140
508 8 371
508 8 403
511 3 174
510 3 207
514 3 119
514 3 132
508 14 453
511 5 235
511 7 252
514 5 192
510 3 283
514 7 196
514 8 203
509 5 307
509 7 324
514 8 217
516 3 153
513 3 293
516 5 227
516 7 231
515 3 288
514 14 354
515 3 399
520 3 198
513 5 486
513 7 493
513 19 531
513 136 531
513 14 533
520 5 294
520 7 298
519 3 403
520 8 315
520 8 350
520 8 366
520 8 398
524 3 235
523 3 322
522 3 331
520 8 433
519 5 558
519 7 562
520 8 480
519 26 597
519 27 598
519 14 599
524 5 374
524 7 381
522 5 462
522 7 478
523 5 473
523 7 477
522 8 491
522 8 505
522 8 514
522 8 519
522 8 524
523 14 553
533 3 173
533 5 212
533 7 229
533 8 258
533 8 267
533 8 315
533 8 323
533 8 329
541 3 89
540 3 130
541 5 129
541 7 141
540 5 198
540 7 201
540 8 225
540 8 276
540 8 304
540 8 317
540 14 339
541 8 382
541 29 391
541 14 396
547 3 201
549 3 116
547 5 263
547 7 279
547 8 287
547 8 296
547 14 314
541 5 632
549 5 189
541 7 645
549 7 204
541 14 697
553 3 106
555 3 153
553 5 173
553 7 179
553 8 187
553 14 207
555 5 231
555 7 245
555 8 276
555 8 289
554 3 294
554 5 353
554 7 370
554 8 378
554 29 384
557 5 9
557 7 13
557 14 35
548 3 770
547 7 819
547 14 834
548 5 894
547 7 1013
558 3 233
547 14 1019
567 3 130
563 3 209
558 5 346
558 7 352
559 3 314
558 8 387
566 3 210
563 5 288
563 7 297
558 8 413
558 8 413
558 8 413
569 3 168
563 19 315
563 14 316
562 3 374
559 5 388
559 7 392
563 26 330
563 14 331
566 3 259
570 3 186
565 3 323
559 8 434
571 3 157
569 5 244
569 7 249
567 5 339
567 7 343
567 26 355
567 27 355
567 14 356
562 5 471
569 3 290
569 5 295
568 3 358
565 5 402
565 7 419
567 7 363
567 26 366
567 27 366
567 14 369
567 7 371
567 26 380
567 27 380
567 14 381
567 7 383
562 7 476
559 8 494
559 19 499
559 34 499
559 14 501
571 5 218
559 7 508
571 7 225
559 8 515
569 7 300
569 14 310
567 26 390
567 27 390
567 14 394
571 3 250
565 14 483
560 3 611
568 5 471
568 7 476
572 3 248
568 8 505
568 8 513
568 8 525
568 8 529
562 3 673
568 8 562
568 8 570
568 8 574
568 8 583
568 8 587
572 5 316
572 7 318
576 3 207
568 8 600
568 8 618
568 8 622
568 8 625
585 5 10
585 7 18
560 5 773
560 7 790
577 3 255
569 7 643
569 8 654
569 8 661
576 5 343
576 7 354
577 5 348
577 7 350
576 14 374
577 8 367
577 19 429
577 136 429
577 14 432
577 7 438
577 8 458
577 5 497
577 7 506
577 8 524
577 8 534
577 8 552
591 3 103
591 5 176
591 7 180
591 8 186
591 8 196
591 14 205
595 3 84
589 3 289
595 5 161
595 7 176
589 5 383
589 7 399
596 3 185
589 8 444
589 8 474
594 3 332
596 5 294
600 3 162
596 3 333
597 3 260
601 3 146
596 5 357
597 3 314
599 3 242
601 5 225
601 7 229
597 5 352
600 5 273
600 7 277
601 8 247
600 8 286
601 14 266
597 7 368
597 8 395
597 19 417
597 34 417
597 14 418
602 3 279
597 14 431
604 3 290
597 7 468
597 3 468
597 5 479
597 7 495
602 5 381
575 3 1446
608 5 3
599 5 507
599 7 512
604 5 437
604 7 448
604 8 458
602 3 497
575 5 1565
602 5 526
575 7 1581
602 7 542
604 8 538
575 8 1632
604 26 585
604 27 585
603 3 578
575 29 1645
575 8 1648
604 14 588
575 8 1676
575 8 1717
575 8 1785
613 3 164
604 7 710
604 8 717
604 26 733
604 14 736
603 5 770
603 7 787
575 8 1880
603 14 814
613 5 285
613 7 301
604 7 856
613 14 332
575 8 1956
613 7 432
616 3 239
616 5 334
616 7 350
618 3 407
616 14 479
624 3 165
618 5 506
618 7 513
600 14 1416
624 5 255
624 7 271
618 8 548
624 19 291
624 14 293
624 14 323
631 3 132
628 3 347
631 5 229
631 7 235
631 8 244
633 3 135
631 19 305
631 136 305
631 14 305
631 7 317
631 8 327
633 5 204
631 8 362
633 7 210
633 8 214
631 8 390
633 8 245
628 5 551
628 7 554
633 8 264
628 8 573
634 3 254
631 8 463
628 14 601
633 14 310
634 5 298
631 8 483
634 7 305
631 19 545
631 136 545
631 14 545
631 7 552
633 7 405
633 8 411
633 8 422
628 5 739
628 7 743
633 14 447
631 8 620
631 8 624
631 8 664
628 5 1172
628 5 1174
628 7 1176
628 7 1177
643 3 155
643 5 214
638 3 412
643 7 229
643 8 235
643 8 240
643 29 241
642 3 344
638 5 551
638 7 557
638 8 570
652 5 7
652 7 12
652 8 19
649 3 200
638 14 597
638 7 644
638 26 648
638 27 648
638 14 649
642 5 464
649 5 264
649 7 268
649 8 300
649 8 308
649 8 310
649 8 311
649 29 314
649 8 315
649 29 316
652 8 179
642 3 559
649 8 325
649 8 329
649 8 336
649 8 339
649 8 341
649 8 344
649 8 346
649 8 350
642 5 574
649 8 355
649 8 357
649 8 358
649 8 360
649 8 363
649 8 372
649 8 379
651 3 247
642 5 612
642 5 621
649 5 392
649 7 407
642 5 632
653 3 261
652 8 278
651 5 339
651 7 354
642 5 686
653 5 338
651 14 381
653 7 347
642 5 741
642 7 748
652 8 413
642 8 799
642 5 810
642 7 815
643 8 791
643 8 798
643 8 817
651 7 531
642 14 875
652 8 500
643 8 856
651 8 565
651 8 575
651 8 580
651 8 598
651 8 603
652 14 556
653 5 610
653 7 620
643 8 1026
643 8 1061
643 8 1073
642 7 1108
643 14 1113
666 3 130
628 5 2237
628 7 2240
642 26 1193
642 14 1194
642 7 1197
628 26 2270
628 27 2271
628 14 2272
666 5 198
666 7 201
642 26 1249
642 14 1252
628 7 2290
628 5 2310
642 7 1255
628 7 2313
666 3 237
643 7 1275
643 14 1286
669 5 43
669 7 56
664 3 343
667 3 194
669 8 78
668 3 185
669 8 94
667 3 249
669 8 138
664 5 440
664 7 452
668 5 260
668 7 277
664 8 486
665 3 506
667 5 365
667 7 375
668 8 354
667 8 398
664 19 572
664 34 573
664 14 576
676 3 156
676 5 269
676 7 285
665 5 725
665 7 740
665 8 762
665 29 762
665 8 763
674 3 353
677 3 303
679 3 184
678 3 216
674 5 494
674 7 509
677 5 462
674 14 545
679 5 266
677 7 479
679 7 270
679 8 291
679 8 299
679 8 303
679 8 311
679 8 350
677 8 573
678 5 371
678 7 376
674 5 645
674 8 652
674 7 652
679 8 383
677 8 602
678 19 411
678 14 411
678 7 423
684 3 157
677 8 642
677 14 664
682 3 315
683 3 303
674 14 823
686 3 209
683 5 384
683 7 387
683 8 403
682 5 433
683 14 413
682 7 449
682 8 472
686 5 298
682 19 482
682 14 483
686 7 306
686 8 317
682 7 509
682 14 536
408 5 14656
408 7 14666
686 8 378
680 3 694
686 8 409
680 5 750
680 7 753
408 5 14750
680 8 781
408 7 14759
680 8 792
680 8 799
680 8 806
680 8 811
687 3 189
682 7 712
682 8 715
680 8 817
680 8 829
682 19 718
682 34 719
682 14 719
682 14 726
691 5 19
691 7 24
687 5 313
687 7 324
691 8 37
687 8 352
682 7 839
682 26 851
682 14 853
680 19 989
680 34 989
680 14 990
687 8 363
687 8 366
682 7 872
680 7 995
680 8 1009
680 19 1011
680 34 1011
680 14 1015
680 7 1017
692 5 4
692 8 7
692 7 8
692 8 47
692 8 52
682 5 979
682 7 993
692 14 111
696 3 234
696 5 373
696 7 376
703 3 61
698 3 329
703 5 90
703 7 93
703 8 102
700 3 182
696 8 413
696 14 422
703 8 113
696 7 459
696 8 461
696 8 465
696 8 497
700 5 276
700 7 286
696 8 505
704 3 179
698 5 492
698 7 501
705 3 218
698 8 547
704 5 274
704 7 288
712 5 2
704 14 316
712 8 5
712 7 5
712 14 14
705 5 303
706 3 241
712 7 48
705 7 320
705 8 336
705 29 342
712 14 52
705 8 347
710 3 214
712 7 121
706 5 390
706 7 393
704 3 491
704 5 503
704 7 508
704 14 513
710 5 299
706 8 408
710 5 326
710 5 331
706 5 726
719 3 245
720 3 197
719 5 359
719 7 367
720 5 305
720 7 313
720 8 326
720 8 342
720 8 354
720 29 358
719 8 420
720 8 365
723 3 165
725 3 132
729 5 5
729 7 12
729 19 25
729 136 25
729 14 25
729 7 31
729 19 34
729 136 34
729 14 35
729 7 39
723 5 248
723 5 268
633 7 5337
633 14 5343
723 3 275
725 5 242
725 7 245
725 14 256
728 3 223
728 5 322
728 7 327
728 8 337
728 8 402
728 14 554
726 3 594
733 3 276
724 3 764
726 5 655
726 7 658
733 5 348
739 5 1
739 7 4
739 14 14
726 8 701
733 7 359
733 8 400
740 5 5
740 7 10
733 8 426
733 14 446
712 3 1623
737 3 220
724 5 963
724 7 968
726 8 878
733 5 541
733 7 549
724 8 1019
733 14 583
724 29 1056
733 5 606
733 7 615
738 3 271
724 14 1094
733 8 626
733 14 640
737 5 410
746 5 3
737 7 425
746 7 12
746 14 25
712 5 1871
712 7 1875
733 5 751
733 7 760
733 14 786
712 3 1923
712 5 1941
712 7 1943
712 8 1957
712 19 1963
712 34 1963
712 14 1965
712 26 1975
712 14 1976
745 3 265
754 5 5
754 7 10
749 3 303
756 5 2
756 7 7
756 8 21
756 8 25
737 8 978
737 14 996
757 3 180
749 5 592
749 7 600
757 5 246
757 7 249
757 14 262
757 7 285
749 3 649
759 3 165
756 19 323
756 34 323
756 14 323
756 7 333
757 3 331
759 5 227
759 7 230
756 8 337
756 26 340
756 14 341
756 7 352
757 5 380
757 7 382
759 19 247
759 14 248
759 7 258
759 3 261
756 26 390
756 27 390
756 14 390
763 3 152
757 5 449
757 7 451
757 14 470
763 5 230
763 7 244
757 7 541
757 136 550
757 19 550
757 14 551
764 3 291
760 3 553
763 8 420
760 5 624
760 7 640
760 8 651
764 5 421
764 7 425
760 14 658
749 5 1154
749 7 1162
764 14 483
768 3 229
728 5 2387
728 7 2391
728 8 2396
728 14 2401
772 3 192
774 3 172
775 3 179
774 5 242
774 7 246
775 5 280
775 7 287
775 8 301
772 5 357
772 7 373
774 8 350
781 3 103
768 5 591
768 7 606
781 5 156
776 3 307
781 7 172
776 3 353
779 3 241
776 5 407
776 7 410
776 14 452
774 8 600
783 3 152
774 8 665
785 3 145
785 5 212
785 7 215
785 8 226
785 29 249
787 3 198
768 8 1068
768 14 1073
787 5 253
787 7 259
787 8 281
791 5 88
791 7 91
788 3 489
793 3 189
787 14 578
788 5 577
788 7 585
793 5 221
793 7 226
788 8 610
793 8 250
792 3 372
797 3 203
797 5 312
797 7 315
792 5 531
792 7 534
798 3 274
797 5 376
797 7 379
768 7 1826
768 8 1827
768 8 1839
801 3 189
798 5 398
798 7 405
798 8 409
801 5 247
801 7 250
801 8 259
797 3 537
801 8 275
804 3 163
797 5 562
797 7 565
797 8 577
801 8 316
802 3 332
798 8 506
797 8 605
804 5 296
804 7 300
802 5 454
804 8 326
805 3 378
805 5 442
805 7 453
806 3 176
802 3 663
802 5 711
806 5 263
806 7 265
805 8 563
806 8 285
806 8 333
813 3 193
813 5 307
813 7 312
813 8 345
818 3 228
818 3 302
818 5 394
818 7 400
818 8 413
826 3 167
820 3 323
818 29 488
818 3 519
818 3 521
826 5 215
826 7 218
826 3 229
818 3 575
818 5 583
818 7 587
819 3 544
820 5 561
820 7 565
820 14 599
819 5 654
819 7 663
819 8 698
819 19 706
819 34 706
819 14 707
819 7 722
819 8 725
777 5 2993
777 7 2999
777 5 3006
777 7 3009
777 8 3012
777 29 3013
777 8 3014
777 29 3019
777 8 3022
777 8 3024
777 8 3027
777 29 3058
777 8 3075
777 29 3078
777 8 3079
777 29 3082
777 8 3085
777 29 3089
777 8 3095
777 29 3099
777 29 3230
777 29 3231
777 8 3234
777 14 3241
829 3 329
832 3 205
831 3 275
832 5 285
832 7 288
832 8 297
829 5 427
829 7 434
829 8 441
829 8 448
831 5 366
831 7 381
832 8 343
829 14 478
837 3 288
831 8 498
831 19 509
831 34 509
831 14 512
834 3 434
837 5 373
837 7 376
837 8 396
837 3 441
829 7 700
829 8 703
834 5 511
834 7 516
838 3 451
838 3 596
842 3 196
847 5 6
845 3 154
845 5 227
845 7 234
850 3 165
850 5 241
850 7 256
850 8 268
850 14 294
850 7 357
850 8 502
850 14 505
854 3 258
855 3 157
854 5 523
854 7 538
854 8 552
857 3 170
857 5 280
857 7 290
854 8 800
857 8 345
854 14 825
857 29 379
857 8 382
857 29 387
859 3 327
860 3 215
863 3 105
863 5 146
863 7 149
863 8 166
738 5 7544
738 7 7552
860 5 325
860 7 331
863 29 194
863 8 196
857 8 835
857 29 836
860 8 364
863 5 264
863 7 267
860 14 400
863 8 273
863 8 281
863 19 291
863 14 292
863 7 300
738 8 7682
863 19 306
863 14 306
863 7 315
863 8 316
863 8 321
863 14 327
866 3 185
738 8 7774
867 3 164
768 8 6346
866 5 303
866 7 311
768 8 6355
768 8 6359
768 8 6362
768 8 6373
866 8 333
866 5 348
866 7 356
738 5 7880
738 7 7891
768 8 6390
867 5 281
867 7 289
866 8 374
866 14 387
738 8 7909
768 8 6412
768 8 6425
867 8 308
768 8 6433
867 14 319
866 7 460
866 8 461
866 14 465
866 7 489
866 8 491
866 26 496
866 14 498
866 7 503
866 8 505
866 26 511
866 14 513
866 7 519
866 8 523
866 5 532
866 7 540
866 8 544
866 19 556
866 34 556
866 14 558
866 26 563
866 14 564
866 7 565
875 3 168
876 3 137
869 3 373
866 8 650
866 8 659
873 3 271
870 3 418
877 3 133
875 5 286
870 5 455
870 7 459
876 5 260
876 7 274
869 3 471
877 5 204
877 7 207
876 14 302
869 5 492
869 7 497
869 8 516
869 8 536
869 14 568
879 3 236
869 7 616
873 5 499
873 7 510
879 5 290
879 7 293
869 8 669
869 19 679
869 34 679
869 14 681
886 5 8
886 7 15
879 19 359
879 136 359
879 14 361
886 8 24
886 8 28
886 8 40
886 8 45
886 19 67
886 34 68
886 14 68
883 3 217
878 3 588
883 5 277
883 7 280
883 19 290
883 14 291
883 7 298
883 8 306
883 8 336
878 5 680
878 7 685
883 8 581
888 3 386
894 5 8
894 7 13
894 8 27
894 29 34
894 14 48
889 3 193
888 5 524
888 7 529
889 5 283
889 7 285
888 8 561
889 8 323
888 8 589
886 5 847
892 3 274
886 7 853
886 8 855
886 8 864
889 19 352
889 34 352
889 14 354
889 7 364
889 3 366
891 3 275
888 8 623
888 8 639
891 5 354
896 3 176
891 7 371
892 5 443
891 14 436
892 7 452
899 3 131
896 5 292
896 7 297
899 5 206
899 7 209
899 19 215
899 14 216
899 7 225
899 19 237
899 14 237
899 7 244
899 19 250
899 14 251
899 7 252
900 3 252
891 7 691
900 5 336
900 7 351
900 8 364
900 8 371
891 8 726
900 8 375
900 8 394
900 8 401
900 8 407
900 8 412
900 8 415
900 8 419
900 8 426
900 19 430
900 34 430
900 14 433
900 7 436
900 8 441
900 8 446
900 8 449
900 19 455
900 34 455
900 14 456
900 7 459
900 8 464
900 8 466
900 8 469
891 19 947
891 34 947
891 14 948
904 3 173
904 5 423
904 7 426
904 8 455
908 5 5
908 7 8
908 8 13
909 5 11
909 7 21
908 14 70
904 19 593
904 34 593
904 14 593
912 3 98
912 5 152
912 7 157
912 8 164
912 19 179
912 34 179
912 14 182
912 7 189
912 8 197
912 19 202
912 34 202
912 14 202
912 7 205
887 3 2540
914 3 279
887 5 2738
887 7 2755
914 5 404
914 7 407
887 8 2808
887 19 2833
887 136 2834
887 14 2849
887 7 2858
887 19 2866
887 136 2866
850 5 5477
887 14 2880
914 8 501
917 3 217
918 3 243
917 5 358
917 7 366
917 19 391
917 14 391
918 5 342
917 7 405
917 19 409
917 14 410
918 7 346
919 3 282
920 3 317
927 5 10
927 7 14
919 5 469
919 7 479
923 3 404
920 5 500
920 7 503
919 14 526
920 8 529
920 8 571
920 14 646
928 3 306
919 7 726
919 3 742
929 3 191
887 7 4074
920 7 919
929 5 327
929 7 336
928 5 549
928 7 552
929 5 374
920 8 997
928 19 576
928 14 578
929 7 390
928 14 589
929 8 427
929 8 441
929 8 454
929 8 460
929 8 464
929 19 475
929 34 475
929 14 485
940 3 295
940 5 346
940 7 350
940 5 368
940 7 372
940 14 391
944 3 426
944 5 604
944 7 608
944 8 631
944 8 749
944 8 821
949 3 109
944 8 889
944 29 892
949 5 169
949 7 179
949 8 203
948 3 394
952 3 204
948 5 444
948 7 450
950 3 248
950 5 388
952 3 351
950 7 393
950 8 422
950 8 444
954 3 137
954 5 209
953 3 390
954 7 214
954 19 238
954 14 238
954 7 246
954 8 249
954 8 263
955 3 178
954 8 286
954 19 301
954 34 301
958 5 4
954 7 308
954 8 315
958 7 12
954 19 323
954 34 324
954 14 325
954 7 327
955 5 284
955 7 287
955 8 307
955 8 317
955 8 322
955 8 325
955 8 333
956 3 417
958 8 347
958 29 381
952 3 1103
959 3 345
952 5 1173
952 7 1183
956 5 661
956 7 670
956 8 684
956 26 706
956 14 707
956 7 716
952 14 1231
960 3 311
959 5 460
956 26 733
956 27 733
956 14 734
959 7 468
956 7 754
956 8 756
956 29 763
956 8 764
959 14 499
961 3 273
956 8 800
956 8 800
956 29 801
956 8 806
956 5 837
960 5 435
956 7 845
959 7 581
959 14 595
957 3 681
961 5 377
960 7 441
960 8 450
960 8 458
960 8 461
956 8 888
956 29 892
961 7 386
952 7 1408
952 8 1426
960 29 478
960 8 486
956 8 927
961 8 422
961 8 440
961 8 466
960 8 563
959 7 1016
959 5 1020
959 7 1028
959 14 1085
959 7 1143
959 14 1166
969 3 214
959 7 1358
959 8 1375
959 19 1386
959 34 1386
959 14 1387
969 5 318
969 7 322
959 7 1427
969 5 353
969 7 356
967 3 717
967 5 800
967 7 807
967 19 912
967 14 914
977 3 149
978 3 193
977 5 189
977 7 192
977 8 224
977 8 230
977 29 248
977 8 248
977 8 254
977 14 265
978 5 337
978 7 350
978 19 375
978 14 375
978 14 388
981 3 257
981 5 476
981 7 482
981 8 529
990 3 378
986 3 646
986 5 746
986 7 754
986 8 769
986 3 820
986 3 831
986 5 836
986 7 845
986 3 850
986 3 858
986 5 863
986 7 874
986 8 883
994 3 123
986 19 1031
986 34 1031
986 14 1031
986 14 1049
994 5 175
994 7 183
994 8 228
994 8 240
994 8 253
995 3 169
994 8 257
994 8 265
994 8 269
994 8 271
994 29 275
994 14 280
995 5 261
995 7 277
995 8 314
995 8 369
995 8 394
994 7 473
