0 6 270
9 2 100
9 3 166
9 4 196
9 5 219
9 7 229
10 1 0
10 2 126
10 3 324
12 1 0
10 6 414
10 14 429
10 15 429
17 1 0
10 1 665
16 3 138
17 2 95
16 7 222
16 6 249
12 3 511
17 5 448
12 21 729
17 6 455
17 7 455
17 19 496
20 3 275
22 5 185
20 4 368
23 1 0
22 5 472
22 6 479
24 27 131
24 1 178
24 3 245
24 29 308
24 8 322
24 29 325
24 29 338
24 13 344
32 4 182
33 2 72
33 4 313
33 25 418
35 2 70
36 2 58
35 3 176
36 4 260
36 8 323
35 19 383
36 1 343
33 6 1302
38 1 0
38 5 441
38 6 448
38 21 452
38 1 510
38 6 946
38 14 969
40 4 325
40 7 382
40 21 385
40 25 426
40 7 426
40 25 442
40 7 452
41 2 68
41 4 291
41 7 371
42 2 76
42 5 301
42 6 305
42 4 349
44 3 264
45 1 0
45 14 202
46 2 63
46 7 418
47 7 238
46 14 441
48 4 271
49 1 0
50 1 0
50 4 198
50 6 232
51 1 0
53 7 247
53 13 300
53 13 335
53 15 337
53 7 360
55 3 179
55 5 265
55 6 269
56 1 0
56 4 533
56 5 589
56 7 605
56 15 631
58 2 57
58 3 219
60 1 0
59 3 139
58 5 288
61 1 0
59 4 164
62 1 0
62 2 58
59 8 296
59 8 299
62 5 255
62 7 265
63 2 391
64 1 0
64 4 173
64 8 209
64 1 280
63 6 959
65 5 16
65 13 41
66 2 60
66 8 353
67 1 0
69 1 0
70 1 0
70 3 307
71 3 127
73 2 63
72 8 372
75 1 0
73 3 202
70 8 1123
70 19 1136
70 14 1136
76 1 0
74 4 243
70 6 1144
70 14 1172
74 5 263
77 5 8
78 1 0
76 6 446
76 8 473
76 8 502
76 14 505
79 1 0
82 21 15
81 3 123
81 5 182
81 7 190
79 3 260
77 8 799
82 6 298
82 13 301
82 15 301
79 8 566
79 8 608
79 8 637
79 14 747
79 15 747
82 6 602
79 7 760
82 15 609
79 8 790
83 1 0
79 29 860
79 8 879
84 5 13
84 7 20
85 1 0
87 7 9
87 15 18
86 2 59
86 3 174
86 5 208
86 6 212
86 7 212
88 1 0
89 1 0
89 2 67
86 4 381
77 7 3031
89 4 253
89 6 312
89 7 313
91 3 291
88 3 781
91 6 415
91 8 468
91 8 493
94 3 167
91 8 506
91 29 553
94 4 211
91 6 578
94 6 246
96 1 0
97 1 0
96 3 118
88 7 1169
96 4 158
96 5 189
96 8 211
96 13 227
100 1 0
101 1 0
101 2 65
97 8 480
97 8 540
97 8 544
97 8 565
99 3 337
99 4 488
103 1 0
99 6 603
105 1 0
106 1 0
103 3 315
105 3 237
106 6 265
106 1 292
106 30 293
105 5 358
105 6 367
105 7 367
106 7 448
106 6 448
110 1 0
106 30 457
106 14 458
108 3 204
111 1 0
110 3 119
110 6 164
110 7 164
100 15 1235
111 2 122
100 1 1335
113 1 0
100 6 1372
113 6 10
113 8 16
100 19 1400
113 8 41
111 3 482
114 5 204
116 1 0
114 6 208
111 5 706
111 4 763
112 5 749
111 5 769
111 7 778
115 4 393
112 8 807
112 13 822
115 5 463
115 7 474
118 1 0
115 13 554
117 3 212
121 2 74
118 5 202
118 7 210
112 5 1125
112 8 1134
112 1 1141
112 19 1141
112 14 1141
118 30 260
118 14 260
118 15 260
112 25 1162
112 6 1162
117 1 359
117 13 359
117 30 360
117 14 360
122 1 0
123 1 0
118 13 374
124 1 0
120 5 363
120 6 376
120 7 377
120 26 389
120 7 415
121 3 362
120 13 488
120 30 488
125 7 9
125 26 14
125 14 15
125 8 30
126 1 0
125 8 49
123 3 253
129 1 0
122 6 344
127 2 108
122 7 345
122 15 409
124 4 413
126 3 272
124 21 461
124 14 479
124 6 483
124 19 492
124 34 493
124 14 493
124 25 496
124 34 502
124 6 507
123 1 552
123 14 557
126 5 339
124 34 531
124 25 539
124 19 555
124 14 556
124 7 559
124 19 566
132 8 5
133 1 0
124 15 570
124 7 572
135 5 8
135 6 11
135 7 11
134 2 108
127 6 551
127 7 551
133 4 194
133 5 227
131 6 295
131 7 295
131 13 358
131 15 359
135 19 274
135 136 274
135 14 275
131 13 422
131 30 422
142 1 0
115 7 2087
115 15 2091
141 4 312
141 5 346
141 8 413
141 8 424
145 1 0
147 1 0
146 2 44
139 1 702
139 13 708
139 30 708
150 2 42
146 6 224
145 4 242
145 8 311
145 15 320
146 25 306
146 7 324
146 8 354
152 2 64
151 2 207
150 7 269
150 8 280
156 1 0
122 13 2040
146 6 417
146 8 442
155 8 57
155 6 89
156 3 150
159 1 0
156 4 179
156 6 228
151 2 444
159 3 111
161 1 0
158 4 173
144 3 1111
162 1 0
152 5 424
152 7 427
160 3 193
158 19 256
151 3 609
159 7 214
158 25 273
158 8 277
144 7 1212
165 1 0
158 34 297
158 15 300
158 7 302
158 8 308
144 8 1244
158 14 323
166 1 0
159 8 299
157 4 422
167 1 0
152 1 645
168 6 23
157 3 514
168 1 33
168 14 34
169 1 0
151 21 847
144 8 1489
151 14 894
172 1 0
167 3 241
167 5 314
170 6 177
169 6 262
167 8 357
169 5 305
169 6 311
166 4 450
167 15 373
170 14 303
170 7 308
165 5 611
170 14 326
144 29 1885
144 14 1892
174 2 247
170 14 436
181 1 0
176 5 223
182 2 31
177 4 226
174 3 333
181 2 43
165 4 882
144 25 2115
144 7 2115
177 15 369
182 3 163
165 34 949
181 3 191
166 6 917
166 7 917
165 4 975
169 25 767
169 5 769
178 3 395
179 4 254
181 5 305
182 8 305
185 1 0
185 5 1
185 7 18
185 14 23
182 8 311
182 29 314
185 6 30
185 19 40
185 14 41
185 6 42
173 6 701
173 3 719
185 8 59
185 19 64
185 7 69
185 8 78
185 8 85
183 2 339
183 2 350
185 34 89
185 14 95
185 7 96
185 7 146
183 2 399
179 6 481
185 8 150
185 8 160
185 14 184
164 2 1402
187 3 109
190 1 0
191 1 0
189 3 204
193 1 0
184 4 732
184 1 790
192 4 102
192 6 137
190 3 231
192 8 153
192 29 159
192 14 169
192 15 169
196 2 55
192 25 188
192 13 201
192 14 201
189 6 380
189 7 380
193 3 170
194 7 228
200 1 0
190 4 384
193 5 276
195 2 229
193 7 288
190 5 428
202 1 0
190 6 444
190 7 444
196 4 241
193 26 315
201 2 57
200 3 121
199 5 181
199 6 187
199 8 207
196 19 338
196 14 340
200 5 184
200 6 199
200 7 199
204 15 33
204 14 33
196 25 359
196 6 359
196 7 359
200 29 217
200 8 229
202 5 221
164 8 2199
197 8 552
195 7 597
207 1 0
200 7 470
205 2 247
208 6 22
200 30 474
195 1 646
201 5 495
201 7 510
201 19 572
201 25 607
201 6 608
205 4 502
203 6 629
203 8 635
205 6 614
198 4 905
198 5 962
211 7 182
205 8 668
211 8 206
198 14 1007
213 6 23
213 8 83
210 5 429
215 2 65
214 2 105
217 1 0
178 7 2346
178 21 2347
209 8 518
218 1 0
178 8 2361
213 29 203
216 3 142
203 8 1001
178 29 2397
178 1 2402
178 14 2409
209 13 565
210 25 553
217 4 145
209 30 609
209 14 613
209 15 613
216 7 223
203 8 1087
217 13 206
209 7 652
209 13 659
209 25 672
209 7 672
215 4 279
203 15 1141
221 1 0
209 30 679
215 6 353
217 6 267
217 8 269
217 8 273
217 13 278
217 15 279
209 25 756
209 6 757
209 13 761
219 5 178
222 6 42
222 7 43
219 13 206
219 14 207
219 15 207
217 14 461
217 15 461
214 6 575
217 14 554
222 5 234
225 2 84
228 1 1
221 6 417
221 7 417
221 13 443
214 30 842
214 13 842
214 14 843
230 1 0
229 2 50
233 1 0
232 5 20
231 2 88
225 7 439
225 8 497
229 5 259
229 6 263
225 8 551
235 1 0
235 5 2
231 4 373
237 2 34
240 1 0
231 6 427
231 7 427
229 1 523
229 14 523
231 13 479
231 14 480
241 1 0
242 1 0
240 3 155
214 7 1507
214 26 1516
230 6 695
240 6 242
241 4 207
230 6 742
230 7 743
240 6 281
240 14 290
241 6 256
244 1 0
245 1 0
240 6 369
240 7 369
230 3 818
244 2 42
242 2 223
241 14 344
245 2 92
241 14 400
241 6 403
241 7 404
246 1 0
245 2 137
244 4 216
246 2 68
132 14 6596
236 1 667
243 4 324
248 2 39
243 5 360
243 6 365
247 3 105
249 1 0
250 1 0
250 7 20
250 8 35
247 6 156
247 7 156
252 1 0
246 6 317
249 2 98
245 3 464
244 8 529
248 7 260
252 2 112
245 3 568
248 8 326
242 4 816
244 8 688
252 4 272
258 1 0
252 5 287
252 7 297
242 6 914
259 1 0
249 6 499
253 3 370
263 1 0
261 2 76
265 1 0
242 5 1162
256 3 319
254 4 372
267 1 0
264 2 114
254 5 427
255 4 377
268 5 5
268 7 10
268 13 18
268 14 21
263 4 179
255 5 443
255 6 447
263 7 210
269 2 51
263 8 224
260 4 352
259 5 442
259 7 455
255 8 517
262 5 347
264 4 253
260 5 382
260 6 390
272 2 84
264 7 302
251 6 878
264 13 313
254 30 656
254 15 656
269 3 162
256 8 613
251 1 900
251 6 911
260 8 471
259 15 549
251 14 942
251 6 947
260 19 498
260 34 498
260 14 499
254 15 726
266 7 391
256 26 655
251 7 970
255 8 696
258 5 659
272 3 241
256 6 688
256 8 695
256 26 706
280 1 0
265 6 445
255 14 710
278 2 84
276 3 177
256 7 746
256 282 755
256 14 755
269 6 332
269 7 332
284 1 0
256 7 797
255 7 801
255 27 808
255 14 812
255 15 812
276 4 223
272 7 374
277 7 252
272 8 393
275 5 369
275 6 380
275 7 380
275 21 381
272 8 405
277 8 267
277 8 272
264 30 615
264 14 617
275 8 401
271 8 437
277 13 288
287 2 51
283 3 141
269 14 494
288 1 0
270 5 526
285 3 171
287 3 162
259 25 959
255 7 1034
281 6 276
281 7 276
283 6 250
293 1 0
281 6 310
281 7 310
281 136 318
281 14 318
259 1 1000
285 7 282
285 14 314
285 7 331
285 4 334
293 2 107
287 4 291
295 1 0
255 7 1195
293 2 149
294 3 138
287 6 347
290 3 296
295 2 65
294 8 235
278 8 637
278 3 655
297 7 18
290 5 359
294 8 249
296 2 80
298 1 0
297 7 28
299 1 0
294 34 306
294 14 306
300 1 0
292 3 354
297 8 58
297 19 64
297 14 65
255 8 1416
299 2 65
257 1 1407
257 13 1410
257 30 1410
290 6 498
295 6 296
304 2 19
304 2 19
298 5 213
298 6 222
305 1 0
298 8 253
298 14 264
298 15 264
306 1 0
306 5 3
303 6 129
298 8 269
307 1 0
299 4 265
305 2 53
296 4 448
305 3 130
298 29 406
309 1 0
306 14 146
305 4 184
305 6 232
305 7 232
305 1 242
305 19 242
301 7 393
296 29 624
296 15 629
309 2 148
296 6 661
303 3 416
301 8 436
296 19 672
303 3 433
308 3 241
303 2 470
303 4 488
303 6 498
303 7 499
311 2 53
309 5 324
309 14 357
309 7 368
307 5 580
301 13 745
307 7 589
307 8 684
307 8 743
301 4 950
307 8 808
313 4 133
307 13 838
307 14 839
255 5 2455
255 6 2459
255 8 2476
313 14 202
313 15 202
314 3 182
313 25 282
313 13 294
313 15 295
315 3 226
313 8 350
318 2 107
313 13 356
313 14 357
313 15 357
315 4 305
293 7 1716
321 1 0
319 4 223
316 21 431
319 5 263
324 1 0
319 6 329
326 5 2
321 2 180
321 2 182
319 6 376
325 2 108
319 19 383
319 14 386
319 6 388
321 2 220
323 5 235
329 1 0
330 1 0
328 3 208
328 5 281
328 7 285
328 8 308
328 6 367
333 5 202
333 7 209
329 1 404
334 1 0
328 1 561
328 14 565
328 15 565
327 5 681
328 25 641
328 6 641
338 1 0
337 3 147
336 15 378
337 7 261
339 1 0
337 15 287
336 6 486
336 7 486
336 13 494
336 15 496
340 1 0
341 2 44
342 1 0
339 7 336
339 21 337
339 13 377
339 14 378
340 3 260
345 1 0
340 5 371
340 6 372
346 1 0
340 19 397
340 15 399
347 8 18
339 14 559
339 15 559
348 4 161
346 5 250
346 7 253
350 1 0
348 5 201
345 3 366
351 5 5
352 1 0
349 3 200
344 4 485
351 8 84
349 5 257
354 2 33
353 2 55
349 7 267
344 6 546
345 7 531
345 21 532
345 8 542
344 4 557
344 3 557
358 1 0
352 4 147
359 1 0
353 3 167
352 6 177
352 21 178
354 3 164
352 14 199
352 6 208
353 5 226
353 6 232
357 2 123
354 25 255
354 5 255
354 6 258
353 8 280
354 6 265
354 30 271
360 4 176
350 4 536
360 8 233
350 6 591
350 7 591
350 13 606
361 3 203
363 5 4
360 25 274
363 4 50
361 4 257
363 6 58
363 5 101
363 21 107
363 4 120
364 2 54
345 4 1046
345 5 1054
345 6 1061
345 8 1148
365 2 48
367 1 0
364 3 193
345 282 1220
345 14 1221
367 2 54
364 6 242
364 8 269
364 19 273
345 13 1380
345 14 1381
345 25 1401
366 6 254
366 7 254
367 3 246
365 4 359
368 7 285
367 5 360
367 6 372
367 21 373
368 8 364
368 29 384
365 1 510
365 14 511
359 25 1027
359 7 1027
365 25 568
367 8 460
363 1 824
363 6 832
363 21 835
365 14 590
363 5 843
373 2 70
363 6 871
368 34 663
373 3 267
372 4 391
373 4 298
374 3 299
377 1 0
378 1 0
377 2 78
372 8 469
373 4 399
373 5 403
374 6 385
372 29 498
372 13 501
374 29 432
374 30 457
374 14 460
373 1 521
377 3 255
381 5 183
381 6 199
383 1 0
377 7 352
380 3 253
382 3 137
382 4 173
381 13 251
377 8 432
380 6 339
385 2 57
384 2 66
380 14 370
377 5 491
377 6 495
377 7 495
378 3 473
386 1 0
384 3 179
378 4 527
377 7 554
377 8 567
384 4 217
387 3 84
387 4 107
387 6 150
387 7 151
378 25 788
385 6 428
378 14 807
378 6 813
378 7 813
385 34 505
390 1 0
396 1 0
389 4 299
392 5 241
388 8 359
389 6 335
392 13 269
392 14 272
389 8 368
389 8 389
389 4 397
395 3 124
395 4 159
393 13 256
393 15 257
388 30 579
388 14 581
401 2 44
403 1 0
405 1 0
397 4 265
401 3 143
385 14 1238
397 6 307
401 4 189
396 5 434
401 5 205
401 7 212
377 8 1649
397 8 360
409 7 13
409 13 19
409 14 19
398 3 352
400 3 303
387 8 1188
411 1 0
387 30 1202
398 4 393
412 1 0
396 8 618
396 1 635
405 7 272
413 1 0
414 1 4
400 8 486
403 5 380
400 4 497
400 26 517
400 15 520
396 25 739
405 8 379
414 2 55
403 8 442
412 3 173
404 13 466
404 14 467
400 4 583
400 3 586
411 3 274
415 3 147
398 19 731
412 6 263
406 5 496
405 8 543
398 6 745
398 7 745
298 6 7377
416 3 95
412 4 307
406 4 540
418 1 0
412 5 309
414 5 234
412 14 325
412 15 325
412 25 337
412 6 337
416 4 167
412 25 371
412 19 384
416 7 201
412 7 395
412 19 399
413 7 385
398 8 928
398 8 941
419 1 0
398 8 957
413 6 442
417 7 221
418 7 246
398 34 1017
421 1 0
418 8 273
398 7 1042
398 8 1062
418 8 317
418 15 321
398 8 1095
398 7 1125
422 8 28
421 3 143
404 7 1043
424 1 0
424 7 12
424 8 18
419 5 289
419 6 294
419 8 298
421 6 210
421 8 216
414 29 756
414 8 779
414 29 804
428 6 9
428 7 9
430 5 5
428 29 41
431 5 2
423 3 307
423 4 340
421 6 521
427 4 253
433 1 0
421 7 563
421 13 566
421 30 566
427 5 302
423 8 462
421 7 583
421 14 589
424 8 526
427 8 401
427 4 405
427 6 424
427 21 425
427 8 436
427 8 444
434 2 55
427 14 489
427 25 502
432 3 263
434 3 159
421 25 827
421 6 827
421 13 833
421 14 834
432 5 359
432 8 383
421 7 910
421 15 919
433 3 370
436 1 0
421 7 1026
437 2 66
421 14 1039
433 5 524
433 7 532
433 8 565
440 1 0
437 3 184
421 25 1173
421 6 1173
440 2 28
437 4 227
441 1 0
437 5 284
442 1 0
437 6 397
443 1 0
428 1 1089
438 5 401
438 6 418
440 4 299
441 3 253
445 1 0
438 7 479
446 1 0
447 1 0
428 4 1179
440 5 354
440 6 358
440 8 368
446 2 33
449 1 0
428 8 1210
438 14 530
438 15 530
445 2 118
450 2 47
446 3 105
452 1 0
447 3 135
441 14 421
441 8 432
452 2 41
443 5 247
446 7 187
443 8 261
443 8 271
443 8 310
436 6 749
441 19 510
447 7 240
451 3 201
452 3 148
447 14 283
447 15 283
452 4 194
438 6 800
438 7 800
448 3 310
452 7 217
438 19 817
438 15 821
436 2 867
452 8 238
450 4 318
454 4 135
456 2 71
450 5 352
438 15 884
438 6 888
438 7 888
450 6 368
454 5 168
445 4 449
438 19 925
438 14 932
440 29 799
450 29 415
457 1 0
445 5 511
450 8 446
450 34 455
450 15 467
459 1 0
460 1 0
460 2 30
461 2 42
450 7 581
374 1 4839
462 2 55
450 13 634
450 14 638
460 4 140
460 6 180
459 3 255
436 8 1350
463 2 82
459 5 351
436 19 1449
436 34 1449
436 6 1459
462 13 376
436 8 1521
465 2 137
436 8 1550
463 5 267
463 7 273
471 2 58
469 5 182
469 7 219
469 8 221
461 7 752
472 4 170
469 8 267
473 5 3
473 1 23
471 7 232
466 4 461
472 5 215
473 6 41
473 7 41
469 13 318
461 14 888
471 13 304
471 30 304
466 5 521
444 3 1573
474 2 54
466 5 599
469 2 493
444 30 1673
477 2 61
473 8 271
474 4 226
474 282 262
475 4 227
475 5 260
475 6 276
475 7 276
476 6 222
469 7 653
475 8 306
482 1 0
484 1 0
479 2 70
485 1 0
485 1 10
480 3 87
469 8 745
487 1 0
480 5 167
480 6 173
480 7 173
484 2 139
479 7 231
477 7 388
470 4 869
469 1 895
469 6 904
469 14 911
479 8 258
477 29 422
479 8 277
479 8 286
477 8 436
489 1 0
488 2 94
474 8 608
469 14 963
469 7 964
469 26 967
479 19 318
469 30 986
469 14 987
469 15 987
444 6 2159
476 8 568
476 6 587
470 8 1029
491 1 0
493 1 0
494 1 0
496 1 0
496 1 0
496 1 0
444 27 2282
444 6 2389
497 4 166
498 2 65
481 7 638
488 8 451
497 5 190
488 19 500
503 1 0
503 1 0
497 8 256
490 5 384
490 6 400
490 21 403
481 25 706
481 8 725
497 8 267
490 8 415
487 3 625
502 3 98
498 4 255
487 4 675
502 4 134
497 8 350
487 7 728
502 7 175
502 21 177
485 8 798
498 7 313
487 14 741
492 21 469
490 8 565
490 8 573
490 4 589
490 4 601
492 14 531
505 2 51
497 19 495
497 34 495
497 26 501
497 14 501
497 6 506
497 15 526
497 8 567
497 8 594
497 8 607
508 1 0
506 2 177
502 6 435
502 30 440
502 15 441
492 6 711
505 3 229
497 25 654
492 6 746
492 7 746
505 4 333
510 1 0
505 4 442
506 6 418
508 5 302
508 6 307
506 1 469
506 13 469
505 7 514
515 1 0
508 8 371
516 1 0
513 2 96
505 13 613
505 30 613
505 15 614
517 2 50
511 4 209
509 4 240
508 13 453
508 30 453
514 4 165
510 4 270
514 7 196
514 8 203
509 7 324
514 8 217
518 2 59
520 1 0
516 5 227
516 6 231
514 13 353
521 2 53
522 1 0
523 1 0
517 5 301
522 2 66
524 2 58
517 8 426
513 19 531
513 136 531
512 8 569
519 3 403
520 8 366
528 1 0
519 5 558
519 7 562
519 14 599
519 15 599
522 4 404
530 1 0
493 5 1800
512 5 891
493 21 1817
522 8 514
522 8 519
531 1 0
532 1 0
522 8 524
523 1 551
523 15 553
533 2 37
526 6 509
534 1 0
534 5 1
534 6 15
534 14 19
528 13 405
530 5 291
530 7 297
505 7 1626
530 8 313
505 13 1629
530 13 329
533 4 199
533 8 258
533 8 267
533 8 323
529 4 708
536 1 0
537 1 0
526 5 1045
538 1 0
539 1 0
540 1 0
541 1 0
539 2 52
540 2 46
541 4 111
541 7 141
543 2 66
535 4 537
540 8 276
539 5 309
539 6 314
529 1 1130
529 13 1131
542 2 180
540 8 317
540 1 333
540 30 333
540 15 339
539 6 353
548 1 0
535 7 672
539 8 405
541 8 382
529 6 1213
529 19 1223
529 136 1223
541 13 396
548 2 50
539 8 441
529 136 1285
529 14 1285
535 1 754
529 7 1295
539 6 502
529 6 1329
529 19 1340
529 136 1362
529 6 1379
547 4 237
529 14 1391
550 4 154
547 6 279
547 8 296
554 1 0
541 5 632
541 7 645
550 6 202
550 1 216
551 2 102
541 13 696
541 30 696
539 5 748
554 2 127
539 8 784
544 7 542
554 2 157
543 8 631
553 6 179
553 7 179
555 4 187
553 1 204
553 15 207
555 6 245
555 7 245
552 3 327
556 2 43
554 3 294
554 6 369
554 8 378
554 29 384
557 5 9
557 13 34
548 3 770
547 7 819
547 13 834
559 1 0
562 1 0
544 6 972
544 7 972
559 2 47
551 7 712
563 2 73
547 13 1019
547 15 1019
568 2 72
569 1 0
570 2 71
558 6 352
563 5 288
558 8 413
569 3 168
567 4 241
572 1 0
563 14 331
569 4 211
571 3 157
565 4 377
567 5 339
567 6 343
567 7 343
567 14 356
569 2 276
530 3 2467
568 3 358
565 7 419
567 7 363
567 6 371
567 27 380
567 6 383
567 7 383
559 8 494
559 19 499
559 34 499
571 7 225
569 13 309
569 14 310
575 1 2
567 26 390
567 14 394
571 3 250
579 1 0
565 15 484
560 3 611
577 2 68
568 5 471
568 6 476
580 5 26
530 25 2609
530 5 2610
530 6 2614
580 1 57
580 19 58
568 8 525
572 4 281
568 8 529
562 4 672
562 3 673
568 8 562
568 8 570
568 8 587
584 1 0
572 5 316
572 7 318
568 8 622
574 6 364
574 7 364
585 1 0
577 3 255
586 2 36
576 4 284
574 25 442
574 8 448
577 4 318
582 3 248
583 3 245
576 13 373
586 3 170
582 5 324
582 6 330
577 19 429
577 136 429
583 4 336
577 25 438
577 8 458
584 4 318
577 25 497
586 5 260
586 7 263
583 8 416
589 1 0
583 14 426
583 15 426
577 8 552
584 5 414
584 6 419
584 7 419
591 5 176
596 1 0
591 6 180
595 3 84
595 4 115
589 7 399
598 1 0
600 1 0
601 1 0
602 1 0
601 2 40
603 1 0
604 1 0
602 2 70
596 5 294
596 6 302
594 4 370
604 2 75
570 1 1447
596 3 333
601 3 146
599 3 242
597 5 352
600 6 277
601 8 247
600 8 286
601 13 264
601 14 266
597 7 368
599 4 293
597 19 417
597 34 417
597 14 431
597 15 431
597 3 468
597 4 476
597 6 495
597 7 495
604 4 386
603 2 397
611 1 0
602 5 526
604 26 585
575 29 1645
613 2 56
575 8 1717
611 3 160
606 8 306
605 3 562
611 6 228
611 8 234
615 1 0
613 4 219
603 5 770
611 29 290
611 8 306
615 2 56
611 8 309
603 1 813
603 13 813
603 30 814
618 1 0
604 6 856
612 8 313
617 2 34
605 14 767
617 3 115
615 3 224
620 1 0
617 4 149
621 1 0
619 3 164
618 2 179
622 1 0
615 4 281
615 6 310
620 2 77
619 5 225
617 14 227
615 8 345
624 1 0
616 5 334
619 6 240
616 6 350
615 13 388
615 14 396
615 15 396
620 3 208
627 1 0
616 15 479
618 5 506
618 7 513
600 14 1416
600 15 1416
624 5 255
620 8 385
620 4 393
624 14 293
620 7 414
630 2 7
620 8 429
631 1 0
628 2 153
605 6 1375
605 8 1380
605 30 1394
605 14 1396
633 2 51
631 5 229
611 7 1166
611 5 1173
611 7 1177
631 8 244
611 29 1190
611 29 1191
611 8 1192
634 2 71
631 6 317
631 8 327
633 4 162
631 8 390
628 6 554
628 30 596
631 8 463
634 4 277
628 14 601
633 15 310
631 19 545
631 14 545
631 6 552
631 7 552
628 1 733
633 30 446
408 1 11996
639 1 0
640 5 7
640 6 12
640 7 12
640 1 57
640 14 58
640 15 58
639 3 174
639 4 213
643 2 61
628 1 1167
628 5 1172
628 7 1176
628 21 1180
637 8 364
641 3 294
643 4 195
622 7 1527
622 6 1527
638 3 412
650 1 0
650 1 0
647 2 51
643 6 229
643 8 235
644 4 217
644 7 243
641 8 413
652 1 0
638 8 570
652 8 19
654 1 0
638 15 597
649 4 241
654 2 49
641 14 592
649 5 264
649 7 268
655 1 0
656 1 0
657 1 0
649 8 308
649 8 310
649 8 311
649 29 314
652 8 179
649 8 325
656 2 61
642 25 574
642 6 575
649 8 355
654 5 193
644 8 546
642 5 621
649 25 391
649 5 392
654 8 215
658 2 82
651 5 339
651 7 354
642 2 706
659 2 44
651 1 380
653 7 347
642 5 741
662 1 0
652 8 413
659 4 147
657 3 310
642 5 810
659 7 201
642 13 875
643 8 856
651 8 575
651 8 603
658 6 365
658 7 365
652 13 554
652 14 556
652 15 556
658 5 405
658 7 421
663 8 33
663 8 44
658 8 425
658 2 448
665 1 0
658 3 490
658 5 510
658 21 527
661 5 331
658 8 543
658 8 573
643 15 1113
663 26 197
663 15 200
663 7 212
663 8 220
667 1 0
628 5 2237
642 6 1196
665 2 196
642 15 1252
628 6 2313
666 4 236
666 3 237
669 1 29
667 3 194
664 4 395
667 4 254
669 8 138
672 2 92
674 1 0
664 7 452
664 21 456
675 7 19
668 5 260
668 7 277
676 1 0
664 8 486
675 15 34
668 8 354
671 3 241
664 14 576
664 15 576
671 4 303
672 3 299
670 3 356
671 6 349
677 2 146
671 3 384
679 1 0
676 6 285
665 6 740
675 5 323
675 6 328
675 7 328
670 8 464
670 29 475
680 1 0
665 8 762
674 3 353
679 2 58
672 6 487
680 2 43
679 3 184
678 3 216
677 5 462
679 6 270
679 7 270
683 2 72
679 8 303
674 1 635
674 5 645
679 4 385
678 6 423
678 7 423
684 3 157
677 8 642
684 4 200
683 3 303
674 15 823
683 5 384
683 7 387
686 4 235
683 13 409
683 14 413
683 15 413
686 5 298
682 14 483
687 1 0
682 7 509
682 14 536
686 8 378
408 7 14759
680 8 792
688 1 0
680 8 806
687 3 189
690 1 11
682 19 718
682 14 719
682 15 726
682 7 839
682 26 851
682 14 853
680 34 989
687 8 363
687 8 366
680 7 995
692 8 7
692 8 52
694 1 0
682 7 993
692 13 110
696 1 0
695 2 57
696 2 50
689 5 394
689 7 397
698 1 0
694 3 186
697 2 67
694 5 255
695 6 257
695 7 257
700 1 0
700 2 48
702 7 5
702 1 7
697 19 305
696 5 373
696 6 376
696 7 376
705 1 0
703 4 74
704 2 61
696 13 421
696 15 422
696 8 465
700 6 286
700 7 286
704 3 179
709 1 0
688 5 930
688 6 944
688 7 944
698 6 501
705 3 218
688 8 984
710 2 63
704 7 288
705 4 280
712 13 14
712 30 14
705 5 303
705 29 342
704 1 423
706 4 326
712 25 121
712 6 121
710 4 256
706 5 390
704 3 491
704 5 503
704 6 508
704 13 512
704 15 513
710 5 299
710 5 331
710 6 333
714 1 0
711 3 321
715 1 0
718 1 0
719 1 0
711 8 494
675 1 2657
675 5 2670
675 8 2676
675 7 2677
706 1 723
675 29 2706
714 4 308
719 3 245
714 5 348
714 6 352
647 1 4097
722 1 0
723 1 0
714 19 379
724 1 0
647 2 4132
714 8 418
713 5 447
713 7 453
723 2 54
719 7 367
720 7 313
724 2 99
714 7 488
720 8 342
720 8 354
714 8 510
713 8 528
727 1 0
723 3 165
723 4 206
729 6 12
729 19 25
729 136 25
729 25 31
729 136 34
729 14 35
729 6 39
723 4 265
723 5 268
633 6 5336
722 4 307
722 5 318
722 6 321
725 13 254
731 5 2
722 1 357
722 15 358
732 1 0
731 30 55
728 3 223
730 3 147
728 4 290
727 3 289
730 6 200
728 5 322
728 7 327
728 8 402
727 6 456
736 1 0
728 14 554
728 15 554
733 4 310
726 5 655
726 6 658
726 7 658
739 5 1
739 1 13
731 6 503
731 1 515
733 8 400
740 5 5
712 2 1534
741 1 0
731 8 566
733 13 446
741 5 4
741 6 8
731 1 595
731 30 596
731 14 596
712 3 1623
737 3 220
724 6 968
744 5 4
744 6 11
744 7 12
733 5 541
733 14 583
733 1 600
733 6 614
734 5 404
734 6 407
734 7 407
724 13 1093
724 14 1094
733 13 638
733 14 640
733 15 640
625 3 6592
625 4 6636
734 8 478
746 6 12
746 15 25
625 7 6685
733 5 751
734 8 538
745 2 84
748 1 0
733 15 786
712 3 1923
712 8 1957
712 19 1963
750 1 0
751 1 0
750 2 63
751 2 42
745 3 265
711 13 2214
711 14 2215
711 15 2215
751 3 158
731 5 1178
755 5 4
747 4 317
754 6 10
749 3 303
752 4 212
753 2 67
751 6 248
750 5 300
750 6 308
751 8 267
756 1 0
756 8 21
750 8 368
749 4 411
731 1 1343
731 14 1344
750 6 392
750 7 393
737 8 978
737 13 995
737 14 996
757 3 180
751 7 483
749 21 602
761 1 0
761 6 9
757 6 249
757 7 249
757 14 262
757 6 285
761 15 62
761 7 72
756 34 323
759 6 230
759 7 230
756 14 341
756 7 352
757 5 380
759 14 248
756 14 390
763 3 152
757 5 449
757 13 468
757 30 468
757 14 470
757 15 470
763 4 205
762 4 228
762 5 243
763 6 244
762 6 247
757 14 551
760 2 474
765 3 206
749 1 1085
770 1 0
760 8 651
771 1 0
760 1 656
760 15 658
768 2 113
764 30 483
775 1 0
728 6 2391
770 3 194
773 2 95
728 13 2400
772 3 192
771 7 314
774 4 204
775 3 179
779 1 0
770 7 349
774 5 242
770 13 391
770 15 392
781 2 30
772 4 313
775 7 287
772 5 357
772 7 373
781 3 103
768 7 606
781 4 129
781 6 172
773 5 490
783 1 0
776 7 410
776 14 452
785 1 0
786 1 0
785 2 51
787 1 0
785 29 249
790 1 0
768 15 1073
790 2 31
788 2 207
788 2 216
787 5 253
791 25 87
790 3 137
790 5 191
795 1 0
794 2 47
788 4 527
797 1 0
793 3 189
787 14 578
793 25 211
788 6 584
727 5 3618
788 8 610
793 8 250
799 1 0
794 5 325
794 7 328
792 3 372
797 3 203
801 1 0
792 4 470
797 6 315
797 7 315
792 5 531
792 6 534
802 2 95
798 3 274
803 1 0
800 3 168
797 25 375
797 5 376
803 2 57
790 8 766
768 8 1839
800 4 216
798 7 405
801 5 247
797 3 537
797 4 543
801 8 275
797 5 562
797 8 577
801 8 316
802 3 332
798 8 506
804 6 300
802 5 454
794 6 847
810 1 0
805 5 442
805 7 453
802 3 663
815 1 0
806 5 263
817 1 0
815 2 99
815 2 115
813 3 193
818 2 72
819 1 0
807 7 406
813 5 307
807 15 454
813 6 312
813 7 312
808 4 432
811 4 387
813 8 345
808 5 514
821 2 32
808 6 521
822 2 49
808 8 574
809 4 568
809 7 602
815 14 514
790 1 1810
826 2 96
790 19 1833
790 14 1835
825 5 143
827 1 0
827 8 19
825 6 151
827 19 35
809 4 788
821 3 278
818 3 519
825 8 210
825 8 232
826 4 229
826 3 229
820 4 408
821 6 383
818 7 587
808 30 992
808 15 992
820 6 565
823 3 433
820 1 599
820 15 599
819 5 654
819 7 663
829 1 0
819 19 706
819 14 707
808 30 1115
777 5 3006
830 1 0
777 8 3014
777 8 3027
777 29 3058
777 29 3078
777 8 3079
777 29 3099
830 3 94
823 7 656
832 2 81
835 1 18
836 1 0
777 15 3241
835 14 99
835 6 104
835 19 108
835 14 108
833 3 100
832 5 285
832 6 288
808 25 1495
829 8 448
831 5 366
808 8 1516
829 13 474
829 14 478
808 8 1549
808 30 1595
837 3 288
831 8 498
831 14 512
837 4 333
837 7 376
834 4 468
835 1 478
835 5 485
835 8 499
829 7 700
834 5 511
834 7 516
835 19 514
835 14 524
841 1 0
843 1 0
843 2 36
842 2 61
842 2 78
846 1 0
845 2 49
847 1 0
842 4 246
845 4 194
848 1 0
849 1 0
845 6 234
851 1 0
849 5 7
849 14 49
849 15 49
841 8 513
852 2 71
841 8 562
850 6 256
850 7 256
849 6 368
854 2 61
850 8 502
850 14 505
844 8 853
855 2 43
854 4 341
856 1 0
854 7 538
844 13 1261
844 14 1262
844 15 1262
844 6 1295
844 7 1295
844 15 1360
858 1 0
857 5 280
857 8 345
844 25 1510
844 8 1593
861 1 0
862 1 0
844 8 1787
860 3 215
866 1 0
863 4 127
866 1 3
863 8 166
865 2 75
860 6 330
860 7 331
866 2 60
862 4 258
868 1 0
861 3 329
862 5 311
863 8 273
863 19 291
863 7 300
738 8 7682
865 4 207
844 15 2036
844 25 2043
844 8 2051
863 6 315
863 7 315
863 8 321
863 13 324
863 15 327
863 14 327
844 29 2063
844 13 2076
844 6 2090
844 7 2090
844 13 2097
865 21 290
865 14 312
862 13 444
862 15 444
861 8 546
768 8 6359
768 8 6362
866 8 333
866 5 348
738 4 7878
738 6 7891
738 7 7891
872 1 0
865 6 418
865 7 418
867 5 281
865 14 435
768 8 6425
862 6 608
876 1 0
875 2 56
862 13 641
866 6 459
866 7 460
866 13 465
866 8 491
866 8 505
876 2 45
866 8 523
866 6 540
866 7 540
877 1 0
866 15 558
866 26 563
876 3 137
879 1 0
876 4 200
870 7 459
877 7 207
869 5 492
861 29 992
861 8 996
873 4 393
869 13 567
869 15 568
882 6 11
869 25 615
869 6 616
869 7 616
879 7 293
869 19 679
782 2 6505
880 4 322
886 7 15
879 19 359
879 14 361
879 15 361
886 8 28
844 25 2868
844 6 2868
886 8 45
844 8 2874
844 14 2880
880 6 404
880 25 416
880 29 431
884 3 190
880 34 458
884 4 221
883 6 280
881 5 319
881 6 324
884 6 268
883 7 298
884 8 277
884 8 292
884 8 301
881 13 391
881 14 391
878 5 680
878 7 685
844 6 3184
881 25 483
881 14 512
844 29 3256
883 8 581
782 4 7015
844 8 3400
782 6 7071
782 7 7071
890 2 49
891 1 0
844 8 3418
892 2 64
894 6 13
894 30 47
894 14 48
895 1 0
889 4 227
890 3 261
889 7 285
844 25 3632
844 7 3633
844 8 3638
888 8 561
886 8 864
889 34 352
889 14 354
889 15 354
889 6 364
889 7 364
889 4 365
889 3 366
888 8 639
890 7 396
891 4 329
891 5 354
892 4 371
897 2 76
898 2 71
896 4 233
891 30 436
892 6 452
892 7 452
896 6 297
897 3 214
898 3 184
899 5 206
899 6 209
899 19 215
899 19 237
899 14 237
899 6 252
899 7 252
897 6 291
897 8 315
897 8 327
844 8 4062
902 1 0
901 3 136
891 25 690
891 6 691
891 7 691
900 8 394
900 8 415
900 8 426
900 14 433
903 1 0
900 34 455
900 6 459
901 7 308
891 19 947
891 34 947
891 14 948
905 1 0
906 1 0
904 4 328
908 7 8
907 3 208
909 5 11
904 34 593
904 14 593
907 7 299
887 1 2328
912 6 157
912 7 157
912 15 182
912 7 189
912 8 197
912 19 202
912 34 202
912 6 204
912 7 205
913 2 197
915 1 0
907 6 769
907 7 769
887 5 2738
887 6 2754
914 5 404
917 1 0
914 8 501
918 1 0
915 4 409
918 2 66
916 3 336
913 3 752
917 4 274
913 4 874
919 1 0
918 4 299
917 19 391
917 14 410
919 2 51
921 2 30
923 1 0
924 5 3
924 13 31
922 3 179
925 1 0
926 1 0
920 3 317
921 13 308
921 30 308
921 14 309
921 15 309
926 2 41
927 5 10
927 7 14
922 7 310
921 13 403
922 19 359
922 34 359
919 5 469
926 6 163
919 14 526
919 15 526
920 8 529
920 8 571
920 30 646
925 7 364
930 1 0
925 8 445
919 6 725
925 15 481
887 6 4073
929 4 280
929 5 327
929 7 336
929 7 390
928 14 589
928 15 589
929 8 441
929 8 454
929 8 464
932 1 0
930 14 415
930 136 475
930 14 475
939 1 0
938 5 171
938 6 175
940 2 172
940 6 350
944 2 57
940 13 387
945 1 0
945 5 7
880 7 6206
946 3 113
946 4 154
944 5 604
945 15 274
944 7 608
947 1 0
948 1 0
949 1 0
949 2 33
949 3 109
949 4 142
950 1 0
949 5 169
951 1 0
952 1 15
952 2 75
952 3 204
952 3 351
950 6 393
954 1 0
953 2 210
955 1 36
954 6 246
954 8 286
954 8 315
958 7 12
954 19 323
955 5 284
959 1 0
955 8 307
955 8 322
955 8 333
959 2 72
957 2 186
952 1 1041
952 2 1062
958 29 381
960 2 115
962 1 0
952 3 1103
963 1 0
952 4 1109
956 5 661
956 6 716
960 3 311
956 27 733
956 15 734
959 6 468
959 7 468
959 14 499
960 4 369
956 8 800
956 29 801
956 4 826
960 5 435
956 6 845
959 15 595
960 7 441
960 8 486
957 4 805
966 1 0
967 1 0
966 2 63
966 15 297
959 6 1028
959 14 1085
969 1 0
970 1 0
973 1 0
972 2 70
959 6 1358
959 8 1375
959 19 1386
959 34 1386
959 14 1387
969 5 318
969 6 322
971 2 195
970 3 273
969 7 356
973 3 154
974 3 135
974 6 182
973 5 238
974 13 229
974 30 229
972 4 316
967 5 800
967 7 807
977 1 0
972 6 382
972 7 383
967 1 911
977 3 149
977 4 169
977 5 189
979 5 4
977 14 265
978 6 350
982 1 0
983 1 0
981 3 257
986 1 0
986 2 48
985 2 74
981 8 529
988 2 79
985 6 304
985 8 318
985 4 351
989 8 188
990 3 378
986 3 646
986 6 754
986 8 769
986 4 860
994 1 0
986 7 874
986 8 883
992 2 39
995 1 0
992 4 131
994 3 123
986 1 1031
986 19 1031
986 34 1031
994 7 183
992 1 215
992 15 218
994 8 240
995 5 261
995 6 277
994 6 473
994 7 473
997 1 0
996 2 74
996 2 84
