0 2 52
0 7 270
22 2 37
22 7 195
22 7 479
48 2 76
48 7 327
59 2 35
59 7 253
62 2 58
59 7 330
62 7 265
66 2 60
66 7 331
66 13 373
70 2 97
71 2 44
70 7 388
71 7 252
70 7 1144
70 7 1281
79 2 78
80 2 56
82 7 12
82 13 24
79 7 408
82 7 298
82 13 301
82 7 602
79 7 760
82 13 607
84 7 20
86 2 59
86 7 212
88 2 203
88 2 548
94 2 56
94 7 246
96 2 41
97 2 63
88 7 1169
96 7 192
96 13 227
97 7 428
100 2 112
100 7 1133
100 7 1216
111 2 122
100 7 1372
114 2 48
114 7 208
114 13 228
111 7 714
111 7 778
118 2 31
121 2 74
118 7 210
118 13 260
118 7 372
118 13 374
122 2 75
121 7 484
122 7 345
122 13 406
132 7 5
131 2 64
133 2 50
135 7 11
135 136 72
133 7 231
131 7 295
131 13 358
135 7 264
135 136 274
131 7 418
131 13 422
138 2 63
139 2 119
122 7 1583
139 7 633
139 13 708
151 2 182
152 2 64
151 2 207
122 13 2040
156 2 55
156 7 228
151 2 444
152 7 427
151 7 844
165 2 229
173 2 60
165 7 620
176 7 225
182 2 31
165 7 920
165 7 955
151 7 1609
182 7 265
183 2 339
183 2 350
183 2 356
183 2 357
183 2 357
183 2 399
187 2 35
187 7 185
196 2 55
196 2 65
197 2 98
198 2 80
198 2 86
201 2 57
196 7 292
196 7 359
197 7 483
201 7 510
201 136 572
201 7 608
211 2 35
211 7 182
198 7 972
198 13 1005
216 2 44
217 2 42
216 7 223
217 7 179
217 13 206
217 7 267
217 13 278
217 7 411
217 13 460
217 7 549
217 13 553
225 2 84
232 7 31
225 7 439
241 2 46
241 7 256
241 7 337
241 13 344
241 7 384
241 13 399
241 7 404
241 13 407
254 2 90
257 2 88
260 2 53
262 2 46
263 2 57
254 7 438
268 7 10
268 13 18
263 7 210
263 13 273
260 7 390
262 7 363
254 13 655
254 7 711
254 13 725
281 2 34
283 2 35
281 7 276
283 7 250
281 7 310
281 136 318
281 7 321
295 2 65
297 7 18
297 7 28
297 7 45
298 2 35
257 7 1341
297 7 67
257 13 1410
301 2 31
303 7 42
298 7 222
298 13 263
298 7 266
298 13 281
303 7 129
303 7 187
298 7 364
303 2 352
301 7 393
303 2 470
303 7 499
303 13 507
301 13 745
313 2 27
301 7 949
316 2 56
313 7 163
313 13 201
313 7 282
317 2 93
313 13 294
313 7 345
313 13 356
316 7 429
326 7 6
323 2 54
317 7 485
323 7 243
337 2 47
337 7 261
337 13 286
339 2 47
339 7 336
339 13 377
347 7 18
339 7 549
339 13 559
344 2 114
344 2 121
348 2 44
348 2 58
348 7 208
349 2 57
351 7 9
349 7 267
344 7 546
359 2 72
360 2 62
361 2 46
360 7 200
363 7 8
360 7 284
363 2 37
363 7 58
361 7 287
363 7 105
359 7 398
361 136 341
359 13 407
364 2 54
367 2 54
364 7 242
367 7 372
359 7 1027
363 7 833
367 13 495
363 7 846
363 7 871
363 7 916
389 2 46
388 2 135
388 7 347
389 7 335
396 2 95
398 2 39
397 2 79
398 2 45
388 13 579
399 7 19
399 13 22
401 2 44
397 7 307
396 7 439
401 7 212
396 136 635
396 7 739
413 2 48
415 2 69
398 7 630
398 7 745
298 7 7377
415 7 235
418 2 41
413 7 385
413 7 442
413 7 476
418 7 246
398 7 1042
418 13 320
422 7 14
398 7 1125
424 7 12
423 2 153
430 7 12
423 7 378
432 2 140
434 2 55
434 7 234
432 7 375
448 2 63
448 7 549
448 13 587
462 2 55
462 7 256
462 13 376
473 7 19
473 7 41
477 2 61
480 2 32
480 7 173
481 2 136
477 7 388
490 2 86
498 2 65
481 7 638
490 7 401
481 7 722
498 7 313
490 7 628
509 2 46
513 2 96
516 2 37
515 2 87
509 7 324
516 7 231
513 7 493
524 2 58
513 136 531
524 7 381
535 2 68
543 2 66
544 2 115
535 7 672
548 2 50
535 13 754
549 2 37
549 7 204
552 2 98
551 2 102
555 2 67
543 7 564
554 2 117
554 2 125
554 2 126
554 2 126
554 2 126
554 2 126
554 2 127
554 2 127
554 2 127
544 7 542
554 2 157
554 2 157
554 2 187
555 7 245
556 2 34
544 13 645
556 2 43
552 7 432
554 7 370
552 13 505
544 7 972
558 2 102
551 7 712
562 2 112
567 2 43
569 2 55
565 2 192
558 7 352
571 2 43
572 2 46
569 7 249
567 7 343
574 2 53
569 2 276
565 7 419
567 7 363
567 7 371
567 7 383
562 7 476
571 7 225
569 7 300
569 13 309
565 13 479
577 2 68
572 7 318
574 7 364
583 2 126
569 7 643
574 7 442
577 7 350
577 136 429
577 7 438
583 7 398
577 7 506
583 13 422
591 2 41
591 7 180
591 13 205
597 2 73
601 2 40
601 7 229
605 2 62
601 13 264
597 7 368
597 7 468
597 7 495
605 7 678
605 13 747
618 2 179
618 7 513
630 2 7
605 7 1375
605 13 1393
633 2 51
633 7 210
633 13 309
633 7 405
633 13 446
637 7 24
637 7 357
649 2 58
654 2 49
649 7 268
656 2 61
657 2 73
649 7 407
654 7 208
661 2 67
661 2 75
657 7 428
657 13 504
661 7 335
664 2 92
668 2 47
672 2 92
664 7 452
668 7 277
673 2 49
676 2 46
677 2 146
676 7 285
679 2 58
672 7 487
677 7 479
679 7 270
684 2 86
677 13 660
691 7 24
688 2 113
698 2 84
688 7 944
698 7 501
710 2 63
710 2 322
723 2 53
723 2 54
723 2 61
724 2 99
725 2 51
725 2 53
633 7 5337
633 13 5342
725 7 245
725 13 254
730 2 49
730 7 200
734 2 67
737 2 72
742 2 64
724 7 968
744 7 12
744 13 16
734 7 407
724 13 1093
737 7 425
734 7 533
747 2 110
749 2 108
752 2 62
752 2 67
752 2 73
753 2 67
753 2 99
753 2 141
756 7 7
737 13 995
759 2 45
749 7 600
763 2 48
756 7 333
759 7 230
756 7 352
759 7 258
765 2 69
763 7 244
760 2 474
760 7 640
760 13 657
749 7 1162
773 2 95
776 2 109
776 2 170
781 2 30
781 7 172
773 7 494
776 7 410
776 13 448
786 2 72
788 2 167
788 2 187
788 2 196
788 2 199
788 2 199
788 2 199
790 2 31
788 2 207
788 2 216
788 2 273
788 2 290
788 2 320
788 2 332
788 2 380
790 7 198
795 2 74
788 7 585
797 2 54
793 7 226
795 2 230
800 2 57
801 2 53
797 7 315
802 2 95
797 2 351
797 7 379
803 2 57
790 13 773
800 7 238
797 2 468
801 7 250
790 7 880
797 7 565
802 2 494
813 2 63
818 2 72
813 7 312
822 2 49
824 2 37
824 2 41
824 2 49
818 7 400
790 7 1819
827 7 11
819 2 389
818 7 587
819 7 663
819 7 722
777 7 2999
777 7 3009
829 2 194
829 2 208
829 2 222
835 7 29
833 2 39
835 7 82
777 13 3240
835 7 104
835 7 114
834 2 135
833 7 166
829 7 434
829 13 474
838 2 107
835 7 499
829 7 700
834 7 516
835 7 530
842 2 61
842 2 63
842 2 78
844 2 88
844 7 601
855 2 24
855 2 43
844 13 1261
844 7 1295
844 13 1359
844 7 1511
859 2 120
861 2 52
863 2 42
863 7 149
863 2 258
863 7 267
863 7 300
844 13 2034
844 7 2043
863 7 315
863 13 324
861 7 419
844 13 2076
844 7 2090
844 13 2097
869 2 182
873 2 66
875 2 56
879 2 71
869 7 497
869 13 567
882 7 11
869 7 616
873 7 510
879 7 293
879 136 359
844 7 2868
884 2 74
844 13 2879
887 2 59
884 7 268
844 7 3184
893 2 65
844 13 3537
844 7 3633
896 2 63
844 13 3687
900 2 84
896 7 297
844 7 4054
844 13 4071
900 7 351
900 7 436
900 7 459
904 2 63
904 7 426
912 2 36
887 2 2376
887 2 2379
912 7 157
912 7 189
912 7 205
913 2 197
887 7 2755
887 136 2834
887 7 2858
887 136 2866
928 2 59
929 2 41
887 7 4074
929 7 336
928 7 552
929 7 390
940 2 172
940 2 218
940 7 350
940 7 372
940 13 387
958 7 12
969 2 54
969 7 322
969 7 356
981 2 103
981 7 482
995 2 57
995 7 277
