9 4 196
9 5 219
9 8 240
9 8 250
16 4 177
16 5 213
16 19 238
12 4 596
12 5 718
12 21 729
22 4 158
22 5 185
20 4 368
22 8 203
20 5 400
20 21 404
22 5 472
32 4 182
40 4 325
40 5 380
40 21 385
40 19 414
40 15 417
40 19 429
40 15 431
40 19 444
40 15 446
44 4 318
44 5 387
45 4 168
45 5 187
45 13 202
45 15 203
46 4 369
46 5 414
46 8 432
46 19 439
46 34 439
46 15 441
53 4 227
53 5 244
53 19 268
53 15 274
53 13 300
53 15 302
53 13 335
53 15 337
53 13 369
53 15 369
55 4 230
55 5 265
56 4 533
56 5 589
56 21 609
56 13 629
56 15 631
58 4 254
58 5 288
59 4 164
58 8 325
59 5 237
59 8 284
59 8 291
59 8 296
59 8 299
59 8 309
59 19 322
59 34 322
59 8 335
62 4 217
62 5 255
62 8 274
65 5 16
65 13 41
65 15 42
72 4 293
72 5 345
72 8 372
72 29 420
72 8 436
72 8 525
74 4 243
72 4 545
74 5 263
75 4 347
76 4 398
76 5 439
76 8 473
76 19 485
76 34 485
76 8 502
76 13 504
76 15 505
80 4 304
84 5 13
84 8 37
91 4 368
91 5 410
91 8 436
91 8 461
91 8 468
91 8 477
91 8 488
91 8 493
88 4 861
91 8 506
91 8 519
91 29 548
91 29 553
91 29 555
94 4 211
91 19 565
94 5 232
88 5 1162
96 4 158
96 5 189
96 8 211
96 13 227
96 15 229
97 4 386
97 5 424
97 8 480
97 8 497
97 8 506
97 8 519
97 8 540
97 8 544
97 8 548
97 8 555
97 8 565
99 4 488
99 5 592
99 21 604
99 8 617
99 19 626
99 34 626
103 4 358
103 5 412
106 4 210
106 5 255
105 4 304
106 13 293
106 15 294
105 5 358
105 19 414
106 13 457
106 15 458
110 4 150
110 5 160
110 13 172
110 15 173
113 5 6
113 8 16
113 8 23
113 8 27
112 4 265
113 8 41
111 4 631
111 5 706
111 8 729
111 4 763
112 5 749
111 5 769
111 8 781
111 8 802
112 8 787
112 8 807
112 13 822
112 15 823
117 4 283
112 5 1125
112 8 1134
112 29 1139
112 19 1141
117 5 329
117 13 359
117 15 360
120 4 310
120 5 363
120 21 379
120 26 389
120 8 418
125 5 6
120 13 488
120 15 489
125 26 14
125 8 30
125 8 49
122 4 289
123 4 318
122 5 333
122 8 387
123 5 399
122 13 406
122 15 409
128 4 188
123 8 460
126 4 300
123 13 553
123 15 557
126 5 339
135 5 8
135 19 72
135 15 77
135 15 93
135 5 260
135 19 274
143 4 246
141 4 312
141 5 346
143 5 292
141 8 380
141 8 394
141 8 413
141 8 424
141 8 441
141 19 449
141 34 449
122 8 2035
155 5 10
122 13 2040
122 15 2042
155 8 34
155 8 57
155 5 87
152 4 191
152 5 424
159 4 184
152 8 465
159 5 209
160 4 221
152 8 467
159 8 238
159 29 285
159 8 289
159 8 299
157 4 422
152 8 578
157 5 457
151 4 763
157 8 478
157 8 490
168 5 14
152 26 646
157 4 513
168 26 33
151 5 840
151 21 847
151 26 891
167 4 271
170 4 133
169 4 244
167 5 314
170 5 166
169 5 257
169 8 268
167 8 357
169 5 305
167 13 372
167 15 373
169 8 317
165 4 571
170 19 303
165 5 611
170 19 326
175 4 161
165 8 699
165 8 700
176 4 182
170 19 433
170 15 436
176 5 223
175 5 216
177 4 226
177 5 257
169 4 664
165 4 882
165 5 898
169 5 675
169 8 700
176 8 362
177 13 368
177 15 369
173 4 533
165 8 949
165 34 949
165 19 949
165 8 959
151 5 1605
151 21 1611
165 8 963
165 8 969
165 4 975
169 5 769
173 5 692
178 4 497
173 4 718
178 5 632
178 21 649
178 8 766
178 29 821
187 4 132
178 8 828
187 5 170
178 29 860
178 8 873
178 29 932
178 8 966
184 4 732
184 5 768
184 13 790
184 15 791
189 4 328
189 5 364
194 4 181
189 21 383
189 8 387
194 5 212
189 26 437
194 8 240
193 4 242
190 4 384
194 29 277
193 5 276
193 21 293
190 5 428
196 4 241
193 8 310
193 26 315
193 15 319
196 5 289
164 4 1986
200 4 157
204 5 10
196 8 328
196 19 338
196 34 338
200 5 184
204 13 26
204 15 33
200 8 213
200 29 217
200 8 229
200 8 235
200 13 257
200 15 258
197 4 400
164 5 2141
197 5 466
164 8 2199
197 8 552
200 13 474
200 15 474
197 8 690
197 4 735
205 4 502
203 4 588
203 5 618
203 8 635
205 5 607
198 4 905
198 5 962
205 8 654
205 8 668
205 13 676
205 15 679
198 13 1005
198 15 1007
209 4 371
210 4 378
203 8 865
178 4 2289
209 5 439
210 5 429
178 4 2320
210 8 475
178 5 2342
178 21 2347
210 8 496
209 8 518
178 8 2361
203 8 1001
209 8 543
210 13 526
210 15 533
178 29 2397
178 13 2402
178 15 2409
216 4 184
209 8 559
209 13 565
209 15 571
216 5 209
209 13 609
209 15 613
203 8 1075
203 8 1087
209 13 659
209 15 659
215 4 279
203 13 1141
203 15 1141
209 8 676
209 13 679
209 15 683
215 5 350
209 13 761
209 15 764
214 4 527
214 5 566
221 4 348
221 5 413
221 13 443
221 15 445
214 13 842
214 15 843
232 5 20
232 8 30
235 5 2
237 4 170
237 5 205
214 26 1516
237 8 231
237 4 254
240 4 210
238 4 261
240 5 237
238 5 293
240 8 255
240 13 261
240 15 261
241 4 207
240 13 289
240 15 290
241 5 240
241 8 280
240 8 372
241 5 328
241 8 340
241 13 344
241 15 344
241 8 396
241 13 399
241 15 400
241 8 405
241 13 407
241 15 408
243 4 324
243 5 360
250 5 3
247 4 138
246 4 264
250 8 35
247 5 153
246 5 307
248 4 219
248 5 255
248 8 326
242 4 816
252 4 272
252 5 287
242 5 907
242 21 918
242 8 1140
242 4 1155
242 5 1162
242 21 1175
242 8 1189
253 4 477
256 4 372
255 4 377
268 5 5
253 5 575
268 13 18
268 15 21
259 4 386
255 5 443
255 8 456
256 5 470
251 4 749
256 21 476
260 4 352
259 5 442
255 8 517
258 4 479
260 5 382
260 21 392
259 8 462
255 8 547
251 5 862
260 8 456
256 8 613
251 8 891
251 19 900
251 34 900
260 8 471
260 8 482
259 13 547
259 15 549
266 4 353
256 8 641
251 19 938
260 19 498
260 34 498
260 26 516
269 4 222
266 5 387
256 26 655
251 19 964
269 4 248
255 29 693
255 8 696
258 5 659
256 8 695
256 26 706
255 13 706
255 15 710
269 5 315
272 4 282
256 26 754
269 8 348
269 8 359
258 8 731
258 29 735
256 8 779
256 26 789
269 8 379
255 26 808
255 15 812
276 4 223
272 5 357
256 8 810
272 8 382
272 8 393
256 8 850
272 8 401
272 8 405
269 8 472
272 8 439
269 13 494
269 15 494
288 5 4
283 4 185
281 4 216
281 5 261
259 5 964
283 5 234
285 4 249
281 8 298
259 8 985
285 5 280
281 19 306
281 34 306
281 8 316
281 19 318
281 8 327
259 13 1002
259 15 1004
255 8 1072
285 19 307
281 8 340
281 19 342
281 34 342
281 15 345
285 15 314
285 4 334
278 4 456
287 4 291
278 5 512
255 4 1186
287 5 338
255 5 1189
255 8 1204
294 4 168
287 13 381
287 15 382
278 8 595
255 29 1250
255 8 1257
294 5 192
294 8 210
278 8 623
255 26 1290
294 8 235
278 8 637
278 4 649
257 4 1282
294 8 249
294 8 254
294 8 258
257 5 1330
294 19 305
294 34 306
255 8 1388
255 8 1416
295 4 233
257 13 1410
257 15 1412
292 4 439
295 5 285
255 8 1516
303 5 36
298 4 191
303 8 62
298 5 213
298 8 253
298 13 263
298 15 264
303 5 122
298 8 269
298 13 281
298 15 281
303 8 134
303 5 180
303 8 194
298 8 375
298 29 377
298 8 390
298 29 391
298 8 399
298 29 406
298 8 408
298 29 410
298 8 412
305 4 184
303 8 253
305 5 218
305 19 242
301 4 353
305 26 252
301 5 390
303 4 424
301 8 436
303 4 488
303 5 493
303 13 507
303 15 511
307 4 485
307 5 580
255 29 2208
301 13 745
301 15 748
255 8 2209
255 8 2235
307 8 652
307 8 684
307 8 695
307 8 711
307 8 737
307 8 743
307 29 777
307 8 778
301 4 950
307 29 807
307 8 808
255 4 2440
307 13 838
307 15 839
255 5 2455
255 8 2476
255 13 2623
255 15 2626
315 4 305
315 5 343
316 4 339
315 4 359
315 5 368
315 4 372
317 4 279
319 4 223
316 5 422
316 21 431
319 5 263
319 19 308
319 19 359
319 15 361
317 5 475
319 19 383
319 15 386
323 4 163
322 4 203
322 5 242
323 5 235
328 4 266
328 5 281
328 8 297
328 8 308
328 4 359
328 5 364
328 8 371
333 4 145
328 8 412
328 8 436
333 5 202
333 8 217
327 4 537
328 8 515
333 8 247
328 13 561
328 15 565
327 5 681
336 4 295
336 5 344
336 13 377
336 15 378
337 4 223
337 5 254
337 13 286
337 15 287
336 13 494
336 15 496
342 4 188
342 5 237
342 8 262
342 29 265
342 13 288
342 15 289
346 4 178
348 4 161
346 5 250
348 5 201
351 5 5
351 8 17
351 29 25
351 8 28
349 4 232
344 4 485
351 8 84
345 4 472
349 5 257
344 5 532
345 5 525
345 21 532
345 8 542
345 8 542
344 4 557
345 8 568
345 8 579
341 4 884
341 5 912
341 8 937
354 4 193
353 4 212
353 5 226
354 5 219
345 29 676
345 8 681
355 4 204
354 4 251
354 5 255
353 8 280
353 8 288
354 13 260
354 15 261
354 13 271
354 15 275
353 8 294
345 8 757
355 5 255
355 8 287
350 4 536
345 8 836
345 8 836
350 5 579
345 8 869
350 13 606
350 15 607
359 4 292
345 8 963
359 5 390
359 13 407
359 15 409
345 8 1006
345 4 1046
345 5 1054
345 21 1062
345 8 1148
364 4 224
364 5 235
345 26 1220
364 8 269
364 19 273
364 34 273
345 8 1275
366 4 202
345 13 1380
345 15 1381
366 5 250
345 8 1408
345 26 1411
369 4 192
368 4 220
371 5 2
369 5 207
368 5 279
368 8 314
368 8 329
368 8 336
368 8 359
368 8 364
368 8 371
368 8 377
368 8 382
368 29 384
368 19 663
368 34 663
377 4 282
377 5 349
380 4 284
382 4 173
377 8 432
380 5 335
380 21 341
377 4 462
380 19 367
380 15 370
380 13 383
380 15 388
377 5 491
377 8 508
377 5 551
377 8 567
385 4 400
385 5 416
385 8 495
385 19 505
385 34 505
388 4 306
377 8 1189
388 5 342
389 4 299
392 4 217
392 5 241
388 8 359
388 8 365
388 8 370
389 5 331
392 13 269
392 15 272
389 8 360
389 8 368
389 8 381
388 29 424
388 8 427
389 8 385
389 8 389
389 8 391
389 4 397
388 8 451
390 4 389
393 4 198
395 4 159
393 5 243
388 8 530
393 13 256
393 15 257
395 5 216
395 8 239
388 13 579
388 15 581
399 5 10
399 13 22
399 15 23
396 4 358
397 4 265
385 26 1227
397 5 304
396 5 434
396 21 442
377 8 1649
397 8 360
409 5 4
409 13 19
409 15 19
398 4 393
396 8 618
396 19 635
403 4 287
396 26 715
403 5 380
403 8 442
398 5 621
403 8 477
412 4 214
403 8 502
406 4 456
411 4 318
403 8 518
398 8 709
398 19 731
398 34 731
412 5 261
412 4 277
406 5 496
298 5 7369
412 4 307
406 4 540
398 8 786
412 5 309
412 8 314
412 19 322
412 34 322
412 15 325
411 5 397
411 4 418
403 4 633
416 4 167
403 5 642
398 8 827
412 5 372
416 5 195
412 19 384
413 4 345
412 19 399
416 8 233
413 5 381
398 8 928
398 8 941
413 19 432
417 4 179
418 4 197
398 8 957
417 5 210
418 5 233
413 19 467
413 15 469
418 8 265
398 19 1017
398 34 1017
418 8 273
398 8 1058
398 8 1062
417 8 279
417 8 290
418 8 304
418 29 316
418 8 317
418 13 320
418 15 321
398 8 1095
398 19 1117
398 34 1117
422 5 7
422 8 16
422 8 28
428 5 5
428 8 16
430 5 5
428 29 41
428 8 44
431 5 2
427 4 253
427 5 302
427 21 317
427 8 344
427 8 354
427 8 401
427 4 405
427 5 408
427 21 425
427 8 429
427 8 436
427 8 444
427 8 478
427 19 488
427 34 488
434 4 201
434 5 222
437 4 227
437 5 284
437 8 333
438 4 347
437 4 389
437 5 390
437 8 429
438 5 401
437 8 455
438 8 437
438 13 457
438 15 458
428 4 1179
438 19 484
428 5 1189
428 8 1210
438 13 530
438 15 530
428 4 1228
446 4 134
446 5 171
451 4 239
438 19 817
438 15 821
451 5 310
438 8 848
454 4 135
438 19 879
438 34 879
438 15 884
438 8 903
454 5 168
445 4 449
438 8 916
438 19 925
438 34 926
454 8 179
438 15 932
454 8 211
445 5 511
456 4 191
445 8 583
462 4 219
462 5 252
462 8 298
462 8 326
462 8 358
462 13 376
462 15 377
465 4 301
465 5 343
469 4 146
469 5 182
469 13 202
469 15 203
469 8 221
469 8 267
466 4 461
469 13 318
469 15 319
466 5 521
469 4 437
466 19 567
466 15 571
466 5 599
444 4 1618
444 5 1639
444 13 1673
444 15 1674
474 4 226
474 5 252
474 21 262
475 4 227
476 4 187
469 4 618
475 5 260
469 5 637
476 5 213
469 21 655
475 8 293
475 8 306
483 5 2
469 8 737
480 4 107
469 8 745
469 26 769
469 15 771
444 8 1972
480 5 167
444 13 1996
444 15 1998
479 4 196
479 5 225
469 5 899
469 8 909
469 13 911
469 15 911
479 8 258
479 8 262
479 8 266
479 8 273
469 26 944
479 8 277
479 8 280
479 8 283
479 8 286
474 8 608
469 26 959
469 15 963
469 26 967
479 19 318
479 34 320
474 8 643
469 13 986
469 15 987
476 8 568
444 8 2170
476 5 582
476 29 636
444 29 2257
444 8 2259
444 26 2282
444 15 2285
485 4 434
484 4 449
485 5 478
481 4 558
481 5 623
481 4 661
485 8 618
490 4 348
490 5 384
490 21 403
481 5 706
485 8 668
481 8 725
490 8 415
492 4 373
487 4 675
502 4 134
487 5 711
502 5 160
502 21 177
485 8 798
490 8 532
487 13 740
487 15 741
490 8 552
492 5 453
492 21 469
490 8 565
490 8 573
502 8 222
502 8 236
502 8 240
490 4 589
490 4 601
490 5 611
492 19 511
492 15 531
490 21 629
492 13 543
492 15 543
502 13 306
502 15 307
502 13 440
502 15 441
492 5 729
492 21 747
508 4 281
508 5 302
508 8 323
508 8 371
508 8 403
509 4 240
508 13 453
508 15 453
509 5 307
516 4 201
516 5 227
517 4 260
515 4 338
517 5 301
512 4 427
513 4 415
512 5 459
513 5 486
517 8 426
520 4 250
513 19 531
513 15 533
512 8 569
520 5 294
520 8 315
520 8 350
520 8 366
520 8 398
520 8 433
520 8 480
524 4 304
512 4 786
523 4 389
522 4 404
493 4 1771
524 5 374
522 5 462
493 5 1800
512 5 891
523 5 473
522 8 491
493 21 1817
512 8 905
522 8 505
522 8 514
522 8 519
522 8 524
523 13 552
523 15 553
526 4 436
528 4 308
528 5 335
526 5 502
528 8 378
512 13 1049
512 15 1052
534 5 1
534 13 19
534 15 19
530 4 239
528 13 405
528 15 410
526 8 592
530 5 291
530 8 313
530 13 329
530 15 331
526 4 1040
526 5 1045
540 4 169
540 5 198
539 4 248
535 4 537
540 8 225
540 8 276
539 5 309
540 8 304
539 13 328
539 15 329
540 8 317
540 13 333
540 15 339
539 19 366
539 15 370
535 5 668
539 8 405
539 4 409
535 8 695
539 5 415
539 19 424
539 15 426
539 8 441
535 13 754
539 8 475
535 15 758
539 19 496
539 34 496
539 15 499
547 4 237
547 5 263
550 4 154
547 8 287
547 8 296
549 4 153
550 5 187
547 13 314
547 15 314
549 5 189
550 5 219
539 5 748
539 8 767
539 8 784
553 4 154
553 5 173
553 8 187
553 13 204
553 15 207
552 4 366
554 4 329
552 5 419
554 5 353
554 8 378
554 29 384
552 8 459
552 8 473
552 8 478
552 13 505
552 15 505
557 5 9
557 13 34
557 15 35
547 13 834
547 15 834
547 13 1019
547 15 1019
567 4 241
559 4 375
559 5 388
569 4 211
562 4 414
559 8 434
569 5 244
570 4 258
565 4 377
567 5 339
567 26 355
562 5 471
571 4 195
569 4 293
569 5 295
530 4 2456
565 5 402
567 26 366
567 15 369
567 26 380
559 8 494
559 19 499
559 34 499
571 5 218
559 8 515
569 13 309
569 15 310
567 26 390
567 15 394
571 4 249
565 13 479
568 4 439
565 15 484
568 5 471
580 5 26
530 5 2610
568 8 505
568 8 513
580 19 58
568 8 525
572 4 281
560 4 655
568 8 529
562 4 672
568 8 562
568 8 570
568 8 574
568 8 583
568 8 587
572 5 316
568 8 600
574 4 321
568 8 618
568 8 622
568 8 625
574 5 359
585 5 10
560 5 773
574 8 407
576 4 284
574 19 421
574 34 421
569 8 654
574 8 448
569 8 661
577 4 318
576 5 343
577 5 348
576 13 373
576 15 374
577 8 367
574 8 520
574 8 554
577 19 429
577 15 432
583 4 336
586 4 203
577 8 458
581 4 367
584 4 318
577 5 497
583 5 382
586 5 260
577 8 524
583 8 416
583 13 422
583 15 426
577 8 534
577 8 552
584 5 414
584 21 422
595 4 115
595 5 161
594 4 370
600 4 194
601 4 189
601 5 225
600 5 273
601 8 247
600 8 286
601 13 264
601 15 266
599 4 293
602 4 334
602 5 381
604 4 386
608 5 3
599 5 507
575 4 1501
604 5 437
604 8 458
602 4 518
575 5 1565
602 5 526
604 8 538
606 4 207
575 8 1632
604 26 585
606 5 236
575 29 1645
575 8 1648
606 8 272
575 8 1676
575 8 1717
611 4 185
606 29 303
606 8 306
575 8 1785
604 8 717
604 26 733
611 5 225
611 8 234
605 4 604
611 8 286
611 29 287
611 8 290
611 29 290
611 29 290
611 8 291
611 8 306
611 8 306
611 29 307
611 8 309
605 5 664
575 8 1880
611 8 331
611 29 334
611 8 335
605 8 729
605 13 747
605 15 767
575 8 1956
620 4 295
620 5 362
600 13 1415
600 15 1416
620 8 385
620 4 393
620 5 397
620 8 429
605 8 1380
605 13 1393
605 15 1396
611 26 1116
611 4 1166
611 5 1173
611 8 1186
611 29 1186
611 8 1189
611 29 1190
611 29 1190
611 8 1191
611 29 1191
611 8 1192
611 29 1203
611 29 1203
611 8 1204
628 4 386
611 8 1229
628 5 551
628 21 560
628 8 573
628 13 596
628 15 601
628 5 739
628 21 747
637 5 8
640 5 7
640 13 57
640 15 58
639 4 213
639 5 245
639 5 274
622 4 1438
628 5 1172
628 5 1174
628 21 1180
637 8 364
622 5 1520
641 4 328
643 4 195
643 5 214
639 4 397
639 5 407
641 5 371
643 8 235
643 8 240
643 29 241
644 4 217
644 5 239
641 8 410
641 8 413
644 8 252
641 13 428
641 15 431
644 8 272
644 8 282
652 5 7
652 8 19
642 4 402
641 13 526
641 15 527
644 19 371
644 34 371
644 15 376
642 5 464
649 4 241
641 13 591
641 15 592
649 5 264
649 8 300
649 8 308
649 8 310
649 8 311
649 29 314
649 8 315
649 29 316
652 8 179
649 8 325
649 8 329
649 8 336
649 8 339
649 8 341
649 8 344
649 8 346
649 8 350
642 5 574
649 8 355
649 8 357
649 8 358
649 8 360
649 8 363
649 8 372
649 8 379
644 8 546
642 5 612
642 5 621
649 5 392
651 4 294
642 5 632
652 8 278
651 5 339
642 5 686
651 13 380
651 15 381
642 5 741
652 8 413
642 8 799
659 4 147
642 5 810
659 5 185
643 8 791
643 8 798
643 8 817
659 8 219
642 13 875
642 15 875
652 8 500
659 29 226
659 8 238
643 8 856
651 8 565
651 8 575
659 8 271
651 8 580
651 8 598
651 8 603
652 13 554
652 15 556
663 5 4
663 8 25
663 8 33
663 8 36
663 8 44
643 8 1026
643 8 1061
643 8 1073
643 13 1113
643 15 1113
663 26 197
663 15 200
663 8 220
628 5 2237
642 26 1193
628 26 2270
642 26 1249
642 15 1252
628 5 2310
643 13 1285
643 15 1286
669 5 43
669 8 78
669 8 94
664 4 395
667 4 246
667 4 254
669 8 138
664 5 440
668 4 231
659 8 818
664 21 456
668 5 260
664 8 486
667 5 365
667 21 379
668 8 354
667 8 398
673 4 137
659 8 924
664 19 572
664 34 573
664 15 576
671 4 303
665 4 626
671 5 344
671 8 363
676 4 218
671 8 377
671 4 384
672 4 399
676 5 269
665 5 725
665 8 762
665 29 762
665 8 763
672 5 482
674 4 418
677 4 390
674 5 494
677 5 462
674 13 544
674 15 545
678 4 329
677 8 573
678 5 371
674 5 645
674 8 652
677 8 602
678 19 411
677 8 642
677 13 660
677 15 664
683 4 330
674 13 823
674 15 823
683 5 384
683 8 403
683 13 409
683 15 413
680 4 724
680 5 750
680 8 781
680 8 792
680 8 799
680 8 806
680 8 811
680 8 817
680 8 829
691 5 19
691 8 37
680 19 989
680 34 989
680 8 1009
680 19 1011
680 34 1011
680 15 1015
692 5 4
692 8 7
692 8 47
692 8 52
692 13 110
692 15 111
689 4 350
689 5 394
689 4 424
694 4 216
694 5 255
694 21 262
703 4 74
703 5 90
703 8 102
703 8 113
688 4 845
698 4 445
698 5 492
688 5 930
698 8 547
688 8 984
705 4 280
712 5 2
712 8 5
712 13 14
712 15 14
688 8 1054
705 5 303
712 13 52
705 8 336
705 29 342
712 15 52
705 8 347
706 4 326
706 5 390
706 8 408
711 4 384
711 5 411
711 8 494
711 4 514
711 5 518
711 8 548
706 5 726
711 8 570
723 4 206
725 4 165
729 5 5
729 19 25
729 19 34
723 5 248
723 4 265
723 5 268
723 4 275
722 4 307
725 5 242
722 5 318
725 13 254
725 15 256
722 13 357
722 15 358
727 4 386
727 5 453
727 8 476
727 8 488
727 8 500
727 8 506
727 8 513
726 4 631
726 5 655
739 5 1
739 13 13
739 15 14
726 8 701
740 5 5
744 5 4
726 8 878
744 13 16
744 15 18
734 4 378
734 5 404
738 4 321
734 8 441
712 4 1797
625 4 6636
734 8 478
734 19 510
734 34 510
734 15 512
712 5 1871
625 5 6681
734 8 538
734 19 542
734 34 542
734 15 544
625 8 6719
712 5 1941
712 8 1957
712 19 1963
712 34 1963
712 15 1965
712 26 1975
712 15 1976
711 13 2214
711 15 2215
745 4 350
755 5 4
752 4 212
749 4 411
625 29 7189
625 8 7193
625 8 7210
757 4 202
749 5 592
749 21 602
757 5 246
757 21 250
757 13 261
757 15 262
749 4 638
759 4 192
759 5 227
757 5 380
759 19 247
759 4 260
757 5 449
757 21 453
757 13 468
757 15 470
762 4 228
762 5 243
762 8 282
757 19 550
760 4 582
760 5 624
760 8 651
760 13 657
760 15 658
749 5 1154
771 4 293
770 4 320
771 5 310
774 4 204
770 5 346
774 5 242
770 13 391
770 15 392
772 4 313
773 4 349
772 5 357
774 8 350
773 5 490
779 4 278
773 8 603
774 8 600
773 8 651
773 8 683
774 8 665
785 4 166
785 5 212
785 8 226
785 29 249
785 4 261
787 4 226
787 5 253
787 8 281
791 5 88
790 4 170
790 5 191
790 8 220
790 8 240
788 4 527
787 13 575
787 15 578
788 5 577
727 5 3618
788 8 610
790 29 756
790 8 757
790 8 766
798 4 314
790 13 773
790 15 775
801 4 218
798 5 398
798 8 409
801 5 247
801 8 259
801 8 275
801 8 316
798 8 506
804 4 207
804 5 296
804 8 326
806 4 221
806 5 263
806 21 269
806 8 285
806 8 333
807 4 371
807 5 400
807 8 419
807 13 451
807 15 454
815 4 304
808 4 432
811 4 387
808 5 514
815 5 385
808 8 528
808 8 564
808 8 574
815 8 429
809 4 568
811 5 495
808 8 596
809 5 598
815 13 514
815 15 514
790 5 1811
809 8 656
790 8 1825
790 19 1833
790 34 1833
790 15 1838
827 5 7
827 8 19
809 8 732
827 19 35
827 34 35
827 15 37
827 15 56
809 4 788
821 4 332
820 4 408
809 5 856
821 5 381
808 8 967
819 4 612
808 13 992
808 15 992
820 5 561
820 21 568
820 13 599
820 15 599
823 4 456
819 5 654
819 8 698
819 19 706
819 34 706
819 8 725
808 8 1096
808 13 1115
808 15 1116
777 5 2993
777 5 3006
777 8 3012
777 29 3013
777 8 3014
777 29 3019
777 8 3022
777 8 3024
777 8 3027
777 29 3058
777 8 3075
777 29 3078
777 8 3079
777 29 3082
777 8 3085
777 29 3089
777 8 3095
777 29 3099
823 5 653
823 21 660
830 4 117
835 5 5
835 5 22
835 19 37
777 29 3230
777 29 3231
777 8 3234
777 13 3240
777 15 3241
835 19 98
835 19 108
833 4 120
835 8 118
833 4 156
833 5 158
832 4 258
832 5 285
832 8 297
808 8 1505
808 8 1516
832 8 343
808 8 1549
808 13 1595
808 15 1596
834 4 468
835 5 485
835 8 499
834 5 511
834 21 520
835 19 514
835 34 514
842 4 246
845 4 194
845 5 227
844 4 391
850 4 202
850 5 241
850 8 268
850 13 294
850 15 294
844 5 593
844 8 684
850 8 502
850 13 504
850 15 505
844 8 740
844 8 770
844 8 786
844 8 823
844 8 833
844 8 853
854 4 341
844 8 1160
854 5 523
854 8 552
844 13 1261
844 15 1262
844 8 1314
844 13 1359
844 15 1360
854 8 800
854 13 824
854 15 825
844 8 1593
844 8 1787
844 8 1801
844 8 1817
859 4 394
863 4 127
863 5 146
860 4 280
863 8 166
738 5 7544
860 5 325
863 29 194
863 8 196
862 4 258
860 8 364
863 5 264
862 5 311
860 13 399
860 15 400
863 8 273
863 8 281
863 19 291
738 8 7682
865 4 207
844 13 2034
844 15 2036
844 8 2051
863 19 306
863 8 316
863 8 321
863 13 324
863 15 327
844 29 2063
844 8 2069
844 13 2076
844 15 2077
862 8 378
865 5 281
844 13 2097
844 15 2098
738 8 7774
865 21 290
865 8 297
865 13 311
866 4 257
865 15 312
862 13 444
862 15 444
867 4 195
866 5 303
866 8 333
866 4 345
866 5 348
738 4 7878
738 5 7880
867 5 281
866 8 374
866 13 387
866 15 387
738 8 7909
865 26 434
865 15 435
867 8 308
867 13 317
867 15 319
862 8 629
862 13 641
862 15 641
866 8 461
866 13 465
866 15 465
866 8 491
866 26 496
866 8 505
866 26 511
866 15 513
866 8 523
866 5 532
866 8 544
866 19 556
866 34 556
866 15 558
866 26 563
866 15 564
875 4 216
866 8 650
866 8 659
875 5 286
870 4 444
870 5 455
877 4 161
877 5 204
873 4 393
882 5 4
879 4 278
873 5 499
879 5 290
879 21 295
880 4 322
879 19 359
879 15 361
844 8 2874
844 13 2879
844 15 2880
880 5 358
880 8 386
880 4 399
880 5 401
880 19 406
880 15 409
880 8 420
880 8 428
880 29 431
880 8 434
880 8 442
880 19 458
880 34 458
880 8 465
883 4 252
881 4 276
883 5 277
881 5 319
883 19 290
883 8 306
881 8 363
883 8 336
881 13 391
881 15 391
844 8 3188
881 8 505
881 13 511
881 15 512
844 8 3251
844 29 3256
844 8 3261
844 8 3282
844 8 3314
883 8 581
844 8 3335
883 4 599
844 8 3400
844 8 3418
894 5 8
894 8 27
894 29 34
894 13 47
894 15 48
844 13 3537
844 15 3538
888 4 454
888 5 524
844 8 3638
844 8 3648
888 8 561
888 8 589
890 4 343
844 13 3687
844 15 3687
888 8 623
888 8 639
890 5 388
891 4 329
890 8 424
891 5 354
892 4 371
891 21 373
892 5 443
896 4 233
891 13 436
891 15 437
896 5 292
899 4 179
899 5 206
899 19 215
898 4 220
899 19 237
899 19 250
898 5 268
899 4 261
898 8 300
844 8 4062
844 13 4071
844 15 4073
900 4 300
900 5 336
901 4 179
900 8 364
900 8 371
891 8 726
900 8 375
900 8 394
900 8 401
900 8 407
900 8 412
900 8 415
900 8 419
900 8 426
900 19 430
900 34 430
898 8 480
901 5 293
900 15 433
900 8 441
900 8 446
900 8 449
900 19 455
900 34 455
900 8 464
900 8 466
900 8 469
891 19 947
891 34 947
904 4 328
904 5 423
904 21 428
904 8 455
909 5 11
904 19 593
904 34 593
850 5 5477
915 4 409
915 5 448
917 4 274
913 4 874
917 5 358
918 4 299
917 19 391
918 5 342
917 19 409
921 4 203
924 5 3
924 8 11
921 5 228
924 8 25
924 13 31
924 15 34
921 13 308
921 15 309
920 4 359
922 4 244
927 13 0
921 8 334
922 5 304
927 5 10
926 4 125
921 8 391
921 13 403
921 15 407
922 8 343
922 19 359
922 34 359
926 5 160
922 13 385
922 15 385
926 8 186
920 5 500
926 13 195
926 15 195
920 8 529
920 8 571
920 13 646
920 15 646
922 13 628
922 15 629
928 4 439
929 4 280
929 5 327
928 5 549
929 5 374
920 8 997
928 19 576
928 15 578
928 15 589
929 8 427
929 8 441
930 4 330
929 8 454
929 8 460
929 8 464
930 5 365
929 19 475
929 34 475
930 19 414
930 19 453
930 19 475
940 4 322
940 5 346
940 5 368
940 13 387
940 15 391
945 5 7
880 5 6202
880 8 6219
880 19 6226
880 34 6226
880 15 6228
945 4 212
945 5 236
944 4 558
945 19 257
944 5 604
945 15 274
944 8 631
947 5 3
947 5 6
945 4 372
944 8 749
944 8 821
944 8 889
944 29 892
950 4 299
950 5 388
950 8 422
950 8 444
954 4 168
954 5 209
954 19 238
954 8 249
954 8 263
954 8 286
953 4 467
954 19 301
954 34 301
958 5 4
954 8 315
954 19 323
954 34 324
954 4 328
955 4 242
955 5 284
955 8 307
955 8 317
955 8 322
955 8 325
955 8 333
958 8 347
958 29 381
956 4 587
956 5 661
956 21 671
956 8 684
956 26 706
956 26 733
956 15 734
956 8 756
956 29 763
956 8 764
960 4 369
956 8 800
956 8 800
956 29 801
956 8 806
956 4 826
956 5 837
960 5 435
956 21 846
960 8 450
960 8 458
960 8 461
956 8 888
956 29 892
960 29 478
960 8 486
956 8 927
957 4 805
960 8 563
966 4 225
966 5 271
966 8 286
966 13 297
966 15 297
969 4 258
969 5 318
969 5 353
967 4 752
967 5 800
967 19 912
977 4 169
977 5 189
976 4 263
977 8 224
977 8 230
979 5 4
977 29 248
977 8 248
977 8 254
977 13 264
977 15 265
978 4 293
978 5 337
978 19 375
978 15 388
980 4 340
980 5 432
981 4 363
981 5 476
981 8 529
985 4 231
985 5 296
985 8 318
985 4 351
992 4 131
992 5 157
992 19 215
992 15 218
