0 1 0
0 2 52
0 3 128
0 8 307
0 8 320
0 8 325
9 1 0
9 2 90
9 2 100
9 4 196
9 5 219
9 6 229
10 2 126
11 1 0
10 3 324
12 1 0
10 4 376
10 5 410
10 7 415
10 13 428
10 14 429
10 15 429
12 2 145
16 2 72
17 1 0
10 1 665
10 7 674
16 3 138
18 1 0
16 4 177
16 5 213
16 6 222
16 7 249
12 4 596
17 3 321
20 1 0
17 4 373
12 5 718
12 7 728
17 6 455
17 7 455
22 1 0
17 19 496
17 14 497
17 15 507
17 14 507
22 2 37
22 4 158
22 5 185
20 4 368
22 6 195
20 6 403
20 7 403
20 21 404
23 1 0
24 5 6
22 5 472
22 6 479
24 1 131
24 26 131
24 28 131
24 2 202
24 3 245
24 4 257
24 5 267
24 7 273
24 8 302
24 29 308
24 8 322
24 29 325
24 8 331
24 1 344
24 13 344
24 30 344
24 14 345
24 15 345
31 1 0
32 1 0
32 2 49
33 1 0
32 4 182
33 2 72
33 3 208
33 4 313
33 5 354
33 7 358
33 8 392
33 14 409
33 15 409
33 25 418
33 6 418
33 7 418
33 8 443
33 13 449
33 15 450
35 2 70
36 1 0
36 2 58
35 3 176
36 3 171
35 4 249
35 5 304
35 7 307
36 4 260
35 8 327
36 5 307
36 6 316
36 7 316
35 34 383
36 29 340
36 5 356
36 6 365
36 7 365
36 1 382
37 1 0
33 6 1302
33 7 1302
38 1 0
38 2 206
38 3 320
38 7 448
38 21 452
38 13 510
38 30 510
40 1 0
40 3 241
38 6 946
38 13 969
38 15 969
40 4 325
40 5 380
40 7 382
40 21 385
40 19 414
40 14 417
40 6 426
40 19 429
40 14 431
40 15 431
40 6 442
40 15 446
40 6 452
40 7 452
41 1 0
41 1 0
41 2 68
41 3 204
41 4 291
41 6 371
43 1 0
42 3 203
42 5 301
42 19 323
42 14 325
42 15 325
42 6 341
42 4 349
42 3 350
44 1 0
44 3 264
44 4 318
44 6 390
45 1 0
45 2 49
45 3 139
45 6 192
45 7 192
45 14 202
45 15 203
46 1 0
47 2 37
47 3 121
46 3 307
47 4 192
47 5 222
46 6 418
47 7 238
46 19 439
48 1 0
48 3 211
48 7 327
49 1 0
50 2 71
50 2 79
50 3 168
50 4 198
51 1 0
53 2 46
53 7 247
53 19 268
53 14 274
53 15 274
53 6 288
53 7 289
53 6 320
53 13 335
53 14 336
53 7 360
53 13 369
53 14 369
54 1 0
55 1 0
55 3 179
55 4 230
55 5 265
55 7 269
56 1 0
56 2 322
56 6 605
56 21 609
56 1 627
56 13 629
56 14 631
56 15 631
58 2 57
59 1 0
60 1 0
58 4 254
59 3 139
61 1 0
59 5 237
59 6 253
59 7 253
59 8 291
59 8 296
59 8 299
59 8 309
59 14 323
59 25 330
59 7 330
62 4 217
63 1 0
62 5 255
63 1 14
62 7 265
62 8 274
64 1 0
64 2 40
64 3 136
64 4 173
64 6 199
64 8 203
64 8 241
64 8 252
64 13 280
64 15 284
63 3 904
63 4 935
65 1 0
65 5 16
65 14 42
65 15 42
66 4 287
66 5 327
66 8 353
66 13 373
66 30 373
66 14 374
66 15 374
67 1 0
68 1 0
69 1 0
70 1 0
71 1 0
71 2 44
70 3 307
70 5 384
70 6 388
71 3 127
71 4 191
72 1 0
72 3 231
72 4 293
72 5 345
74 2 64
72 7 354
75 1 0
73 3 202
74 3 180
70 8 1123
70 19 1136
70 34 1136
76 1 0
70 25 1144
70 8 1165
70 34 1169
72 4 545
74 6 270
70 25 1280
70 6 1280
75 3 286
73 4 451
77 5 8
77 7 11
78 1 0
78 1 16
76 2 220
76 4 398
76 5 439
76 6 446
76 8 473
76 19 485
76 14 485
76 13 504
76 14 505
76 15 505
79 1 0
80 2 56
82 1 0
82 5 2
82 6 12
82 21 15
82 1 24
82 30 24
82 14 26
81 3 123
81 4 151
81 6 190
81 7 190
79 3 260
80 3 270
80 3 318
79 5 395
79 6 408
79 7 408
77 8 799
82 6 298
82 14 301
82 15 301
77 14 806
79 8 560
79 8 608
79 29 624
79 29 635
79 29 650
79 8 653
79 8 700
79 14 747
79 15 747
82 6 602
82 7 602
79 25 759
79 6 760
79 7 760
82 30 607
82 15 609
79 8 767
79 8 790
79 8 824
83 1 0
79 29 857
79 29 884
84 8 37
85 1 0
87 6 8
87 19 13
87 14 18
86 3 174
86 4 198
86 6 212
86 7 212
86 8 250
88 1 0
86 8 330
86 8 375
89 2 67
86 4 381
77 6 3030
77 7 3031
90 1 0
89 4 253
89 5 306
91 1 0
89 13 365
89 14 366
91 2 76
88 2 548
91 3 291
93 1 0
94 1 0
91 4 368
95 1 0
94 2 56
88 3 781
91 7 415
93 5 135
93 6 142
91 8 477
91 8 493
94 3 167
91 8 519
91 29 553
91 29 555
94 4 211
94 6 246
94 7 246
96 2 41
97 2 63
88 5 1162
88 7 1169
98 1 50
96 7 192
96 13 227
96 15 229
97 3 278
100 1 0
101 1 0
99 2 119
97 4 386
97 5 424
97 6 428
101 2 57
101 2 65
97 8 497
100 2 112
97 8 506
97 8 540
97 8 544
97 8 548
102 1 0
99 4 488
103 1 0
100 3 412
102 2 82
103 2 69
104 1 0
99 7 604
99 21 604
99 8 617
99 19 626
99 34 626
99 14 626
103 2 105
102 4 242
106 1 0
102 6 337
102 7 337
102 8 347
106 2 84
105 2 126
103 3 315
103 4 358
106 3 160
107 1 0
106 4 210
105 3 237
106 5 255
106 6 265
106 7 265
107 2 73
105 4 304
106 30 293
106 14 294
108 1 0
105 5 358
105 6 367
105 7 367
108 2 67
105 1 414
105 19 414
105 7 440
109 1 0
106 7 448
110 1 0
106 14 458
106 15 458
110 2 27
100 6 1133
100 7 1133
108 4 261
111 1 0
110 3 119
100 19 1200
100 14 1203
100 15 1203
110 4 150
110 6 164
110 7 164
100 6 1216
100 14 1235
100 15 1235
110 13 172
110 30 172
111 2 122
100 1 1335
100 25 1359
100 5 1362
112 3 194
113 6 10
113 8 27
100 19 1400
100 14 1402
112 4 265
113 8 41
114 1 0
114 2 48
111 3 482
114 3 124
114 5 204
116 1 0
114 7 208
114 13 228
114 30 228
114 14 230
111 4 631
115 3 301
111 7 714
111 5 769
111 6 777
111 7 778
111 8 781
112 6 758
112 1 822
112 15 823
115 7 474
119 1 0
115 14 555
115 15 555
118 2 31
120 1 0
117 2 112
118 3 124
120 2 88
117 3 212
121 2 74
118 7 210
118 21 213
118 8 234
112 5 1125
112 6 1132
112 8 1134
112 29 1139
112 1 1141
118 13 260
118 30 260
118 14 260
118 15 260
112 7 1162
117 5 329
117 7 337
120 3 258
117 1 359
117 13 359
117 30 360
117 14 360
117 15 360
122 1 0
120 4 310
118 7 372
118 30 375
118 14 375
118 15 375
117 6 443
117 7 444
120 6 376
120 7 377
120 21 379
122 2 75
120 26 389
120 14 391
120 7 415
123 2 122
125 1 0
125 5 6
120 30 488
120 14 489
120 15 489
122 3 211
125 7 9
125 26 14
125 25 25
125 7 25
125 8 49
123 3 253
127 1 0
121 7 484
129 1 0
128 2 37
123 4 318
126 2 104
122 6 344
129 2 58
127 2 108
124 3 335
128 3 138
123 5 399
123 6 407
122 14 409
124 4 413
123 8 460
126 3 272
124 5 454
124 6 460
124 7 460
124 21 461
124 8 471
126 4 300
124 19 478
124 34 478
124 25 483
124 6 483
124 8 490
124 34 493
124 25 496
124 7 496
124 19 502
124 34 502
124 14 503
124 6 507
124 7 507
123 13 553
123 14 557
123 15 557
126 5 339
126 6 341
124 15 534
124 14 534
124 7 539
124 8 552
124 25 559
124 7 559
124 8 565
124 19 566
132 1 0
132 5 2
132 8 5
132 6 5
132 7 5
133 1 0
124 6 571
134 1 0
133 2 50
135 1 0
135 7 11
135 19 72
135 136 72
135 14 93
135 15 93
134 2 108
127 7 551
127 8 574
131 4 259
133 6 231
133 7 231
133 8 238
133 29 240
131 7 295
131 13 358
131 30 358
135 1 254
135 19 274
135 136 274
131 6 418
131 30 422
131 14 425
131 15 425
141 1 0
142 1 0
138 2 63
143 1 0
139 2 119
143 2 58
141 2 131
115 1 2069
144 1 0
115 6 2087
115 15 2091
144 2 50
143 4 246
141 5 346
141 6 362
141 7 362
143 6 304
143 7 304
141 8 394
141 8 424
141 8 441
141 19 449
141 34 449
139 3 492
122 6 1583
122 7 1583
139 6 632
139 7 633
139 8 652
146 1 0
139 29 674
147 1 0
145 2 42
146 2 44
149 1 0
139 1 702
139 13 708
139 30 708
139 14 711
139 15 711
150 1 0
151 1 0
146 7 225
145 5 267
145 7 275
146 1 273
146 14 284
152 1 0
145 8 311
145 14 320
146 25 306
150 4 228
146 8 336
151 2 182
154 1 0
151 2 207
150 8 280
155 1 0
155 5 10
155 7 12
127 4 1801
127 5 1804
156 1 0
146 8 402
146 8 402
122 30 2040
122 14 2042
122 15 2042
146 19 403
146 14 413
146 6 417
146 7 417
146 8 437
146 8 442
157 1 0
155 5 87
155 6 89
155 7 89
155 1 97
152 3 174
152 4 191
156 3 150
159 1 0
159 2 40
156 5 220
156 7 228
156 6 228
160 2 99
161 1 0
158 4 173
144 3 1111
158 5 204
158 7 208
157 3 283
152 5 424
159 4 184
160 3 193
152 8 465
151 3 609
159 5 209
159 6 214
159 7 214
158 25 273
158 6 273
144 5 1204
144 6 1211
144 7 1212
152 8 467
164 1 0
160 3 232
165 1 0
158 34 297
158 7 302
158 8 308
144 8 1244
158 13 322
158 14 323
158 15 323
166 1 0
157 4 422
157 5 457
157 7 463
151 4 763
152 26 646
168 6 23
157 4 513
157 3 514
168 1 33
168 26 33
168 14 34
169 1 0
151 5 840
165 2 229
144 8 1489
151 26 891
170 1 0
171 1 0
166 2 257
170 2 44
173 1 0
170 3 107
169 3 213
170 4 133
174 1 0
167 5 314
167 6 319
167 7 319
173 2 60
170 5 166
170 7 177
169 5 257
169 8 268
167 8 357
169 25 304
169 5 305
169 6 311
169 7 311
166 4 450
167 13 372
167 15 373
169 8 317
176 1 0
177 1 0
175 2 29
165 4 571
166 5 515
166 6 528
170 136 303
170 19 303
170 14 303
170 6 308
170 7 308
166 13 539
166 14 540
166 15 540
177 2 47
165 5 611
170 19 326
170 14 326
170 136 326
165 7 620
170 25 396
170 7 398
144 8 1887
144 13 1891
144 30 1892
144 15 1892
174 2 247
175 4 161
165 8 699
177 3 169
176 4 182
178 2 113
170 14 436
179 1 0
181 1 0
182 1 0
176 5 223
176 7 225
175 5 216
175 7 222
177 4 226
174 3 333
181 2 43
177 5 257
177 7 271
174 4 388
174 3 397
169 4 664
169 6 682
169 8 700
144 25 2115
144 6 2115
144 7 2115
176 8 362
177 30 368
177 14 369
177 15 369
173 3 491
184 1 0
182 3 163
173 4 533
165 8 949
165 34 949
165 19 949
165 14 950
165 6 955
165 7 955
165 8 959
169 2 736
181 3 191
166 6 917
151 1 1593
151 6 1608
151 7 1609
165 8 963
165 8 969
165 4 975
169 6 775
169 7 775
178 3 395
179 4 254
182 5 248
182 6 265
182 7 265
182 8 305
185 1 0
185 6 18
185 7 18
185 19 22
185 14 23
181 6 320
182 29 310
182 8 311
182 29 314
186 1 0
173 5 692
185 6 30
185 7 30
185 34 40
185 14 41
185 7 42
173 4 718
173 3 719
179 5 379
179 6 394
185 8 59
185 14 65
185 8 75
185 8 78
185 8 80
183 2 356
183 2 357
185 34 89
185 14 95
185 15 95
185 7 96
185 8 99
185 2 117
185 6 146
185 7 146
179 5 472
185 8 156
185 8 160
178 5 632
179 25 499
178 7 648
178 21 649
164 1 1297
187 1 0
187 2 35
188 1 0
178 8 766
164 2 1402
178 29 821
184 1 560
178 29 860
187 6 185
184 3 699
192 1 0
192 2 27
189 3 204
193 1 0
194 1 0
184 5 768
195 1 0
184 6 784
184 1 790
184 13 790
184 15 791
192 4 102
196 1 0
192 7 137
189 4 328
192 29 159
192 8 160
192 29 161
192 13 167
192 30 167
192 14 169
192 15 169
196 2 65
198 1 0
192 25 188
192 7 189
192 30 201
192 15 201
197 2 98
189 6 380
189 7 380
199 1 0
189 8 387
193 3 170
194 6 228
194 7 228
200 1 0
189 14 440
198 2 80
198 2 86
190 4 384
194 29 277
193 5 276
199 3 115
193 6 288
193 21 293
199 4 137
190 5 428
190 7 444
193 8 310
193 15 319
201 2 57
164 4 1986
200 3 121
199 5 181
199 6 187
202 2 58
200 4 157
203 1 0
199 8 218
204 6 18
204 7 19
196 8 328
196 1 338
196 34 338
200 5 184
197 3 341
204 1 26
204 13 26
204 15 33
204 14 33
196 25 359
196 6 359
196 7 359
200 8 213
200 8 229
202 3 149
200 13 257
200 30 257
200 14 258
200 15 258
164 5 2141
164 7 2157
202 5 221
195 3 459
202 7 237
164 8 2199
197 7 483
206 1 0
202 8 296
197 8 552
195 5 582
195 6 597
207 1 0
208 1 0
200 25 470
200 7 470
201 3 413
205 2 247
200 30 474
200 15 474
195 1 646
195 13 646
195 14 646
195 15 646
203 2 321
201 4 449
205 2 278
201 5 495
201 6 510
201 7 510
209 1 0
197 4 735
201 1 572
201 19 572
201 14 573
210 1 0
201 25 607
201 7 608
209 2 93
203 3 551
205 3 499
205 4 502
198 3 812
210 2 87
211 2 35
203 4 588
212 1 0
203 5 618
203 6 629
203 8 635
211 3 114
192 25 1089
192 6 1089
192 7 1089
205 5 607
198 4 905
212 2 94
211 5 172
211 7 182
209 3 259
205 8 654
205 8 668
205 1 676
205 15 679
211 8 206
211 8 211
213 5 7
198 13 1005
198 14 1007
198 15 1007
209 3 326
213 7 23
214 1 0
210 3 327
209 4 371
215 1 0
216 1 0
213 8 101
209 6 448
209 7 448
210 6 444
210 7 444
215 2 65
217 1 0
210 8 475
178 5 2342
178 7 2346
178 21 2347
213 29 200
217 2 42
210 8 496
209 8 518
218 1 0
213 8 217
216 3 142
209 8 543
210 30 526
210 13 526
178 15 2409
216 4 184
209 8 559
209 14 571
209 15 571
210 25 553
215 3 190
209 13 609
209 14 613
209 15 613
216 7 223
203 8 1075
212 5 482
219 2 46
217 6 179
217 8 188
209 25 652
209 6 652
209 7 652
209 30 659
209 15 659
209 25 672
209 6 672
209 7 672
212 7 488
215 4 279
217 14 206
217 15 206
221 1 0
209 8 676
209 13 679
209 15 683
217 6 267
217 8 269
217 13 278
217 14 279
217 15 279
209 7 757
209 13 761
209 30 761
209 14 764
209 15 764
219 4 153
222 1 0
221 2 100
219 5 178
219 6 184
219 8 202
222 1 35
222 5 39
222 6 42
222 7 43
214 3 478
219 1 206
219 14 207
219 15 207
223 1 0
217 25 411
217 6 411
214 4 527
224 1 0
214 5 566
217 30 460
217 14 461
221 3 250
214 6 575
224 2 81
225 1 0
217 25 549
217 6 549
217 7 549
217 8 552
222 1 230
222 8 240
222 6 240
222 8 256
222 8 270
222 19 295
222 34 295
222 14 296
221 5 413
227 1 0
228 1 1
224 2 211
221 7 417
221 30 443
221 14 445
221 15 445
224 2 243
224 3 262
214 30 842
214 13 842
229 1 0
231 1 0
232 1 0
225 3 312
232 5 20
232 6 31
232 7 31
225 4 398
225 5 433
225 6 439
230 2 240
225 8 497
229 5 259
229 6 263
225 8 524
225 8 545
225 8 551
235 1 0
231 3 246
231 3 269
230 3 342
231 4 306
236 1 0
231 3 366
237 2 34
240 1 0
231 6 427
231 7 427
240 2 42
229 1 523
229 15 523
231 15 480
230 4 534
237 3 149
237 5 205
242 1 0
240 3 155
214 7 1507
214 26 1516
214 27 1516
214 14 1516
237 6 209
237 7 210
238 3 209
237 4 254
230 6 695
238 4 261
240 6 242
240 7 242
238 5 293
238 7 297
240 14 261
230 19 732
230 14 735
230 6 742
240 6 281
240 7 281
240 13 289
240 30 289
240 14 290
243 1 0
241 6 256
230 13 770
230 15 777
241 8 280
230 6 815
230 7 815
240 7 369
230 4 817
230 3 818
242 2 223
241 1 325
241 6 337
241 7 337
241 6 384
241 8 396
241 13 399
241 14 400
241 6 403
241 7 404
241 8 405
241 13 407
241 14 408
241 15 408
244 4 216
246 2 68
132 26 6595
132 14 6596
236 1 667
247 1 0
243 4 324
244 5 321
244 6 327
244 7 328
246 3 200
243 5 360
243 6 365
247 3 105
249 1 0
250 5 3
246 4 264
251 1 0
250 7 20
247 5 153
246 6 317
246 7 317
245 3 464
244 8 529
244 8 547
253 1 0
248 5 255
248 6 260
244 8 567
245 3 568
251 2 191
253 2 85
254 1 0
244 8 639
244 29 687
255 1 0
252 4 272
257 1 0
252 5 287
252 7 297
242 7 914
249 3 360
259 1 0
249 4 408
258 2 41
258 2 44
260 1 0
249 7 499
262 1 0
249 8 529
249 8 536
260 2 53
253 3 370
254 3 285
242 8 1140
264 1 0
265 1 0
266 1 0
242 4 1155
242 5 1162
242 7 1171
242 21 1175
265 2 46
256 3 319
242 8 1189
254 4 372
255 3 327
266 2 61
256 4 372
260 3 238
264 2 114
259 3 327
254 5 427
254 6 437
262 4 214
265 4 163
253 7 580
269 1 0
268 6 10
268 7 10
268 13 18
268 30 19
268 14 21
268 15 21
263 3 162
263 4 179
259 4 386
270 1 0
265 7 202
255 5 443
255 6 447
255 7 447
272 1 0
263 5 206
263 6 210
251 4 749
264 3 214
265 13 216
265 14 217
265 15 217
258 3 451
274 1 0
256 7 475
260 4 352
275 1 0
270 2 61
258 4 479
263 1 273
263 14 273
263 15 273
262 5 347
260 5 382
260 7 390
260 21 392
259 8 462
273 2 64
271 2 70
255 8 547
266 3 260
272 2 84
244 13 1253
244 14 1255
244 15 1255
262 7 363
264 7 302
251 5 862
251 7 878
264 1 313
264 30 313
264 14 316
264 15 316
260 8 456
254 30 656
254 14 656
269 3 162
251 8 891
251 19 900
251 14 901
251 25 910
251 6 911
251 7 911
260 8 471
259 1 546
259 13 547
259 14 549
276 2 37
266 4 353
251 19 938
251 14 942
251 6 947
260 34 498
260 26 516
260 14 517
254 7 711
254 13 725
254 14 726
254 15 726
269 4 222
269 3 228
266 6 391
266 7 391
256 26 655
251 19 964
251 136 965
251 14 966
251 6 970
269 4 248
255 8 696
256 6 688
256 7 688
256 8 695
280 1 0
265 6 445
265 7 446
265 8 466
255 13 706
255 14 710
255 15 710
264 4 479
281 1 0
278 2 84
269 5 315
271 3 298
272 4 282
276 3 177
256 6 746
256 7 746
256 27 754
256 6 758
256 7 758
281 2 34
270 3 345
269 6 332
269 7 332
283 1 0
258 8 731
258 29 735
277 3 178
256 8 779
256 27 789
256 14 791
256 6 797
256 7 797
285 1 0
280 2 77
269 8 379
283 2 35
255 6 801
255 7 801
255 26 808
255 14 812
255 15 812
276 4 223
277 4 215
285 2 39
286 1 0
271 5 379
277 7 252
277 6 252
264 5 591
287 1 0
264 6 603
275 5 369
275 6 380
275 7 380
272 8 401
277 8 267
277 8 272
264 13 615
264 30 615
280 3 178
281 3 148
275 8 401
271 8 437
277 13 288
277 30 288
277 14 288
287 2 51
270 4 487
269 15 494
280 4 237
288 7 20
288 6 20
275 8 450
275 8 465
289 1 0
285 3 171
291 1 0
280 5 272
270 6 531
270 7 531
270 21 531
259 1 921
280 6 282
280 7 282
281 5 261
287 3 162
259 25 959
259 5 964
255 6 1034
285 4 249
281 6 276
281 7 276
292 1 0
259 6 971
259 7 971
259 8 985
283 6 250
283 7 250
293 1 0
285 5 280
281 19 306
281 34 306
281 7 310
281 19 318
281 6 321
281 8 327
294 1 0
278 3 407
259 1 1000
259 13 1002
259 15 1004
285 6 282
285 7 282
285 19 307
281 8 340
281 34 342
281 14 345
290 2 151
285 7 331
285 4 334
278 4 456
293 2 118
293 2 127
293 2 129
295 1 0
287 5 338
278 7 526
255 7 1195
255 8 1204
287 7 348
287 13 381
287 14 382
287 15 382
278 8 595
257 3 1250
255 29 1250
290 3 296
295 2 65
294 5 192
294 6 208
294 7 208
255 26 1290
290 4 324
294 8 235
278 8 637
278 4 649
257 4 1282
297 1 0
290 5 359
290 6 363
290 7 363
294 8 249
294 8 258
298 1 0
297 5 23
297 7 28
257 5 1330
297 7 45
290 13 385
290 14 386
290 15 386
294 19 305
294 34 306
300 1 0
298 2 35
292 3 354
257 6 1341
257 7 1341
297 34 64
297 6 67
297 7 67
297 8 85
297 19 89
297 14 89
299 2 65
295 3 212
295 4 233
257 13 1410
257 30 1410
257 14 1411
257 15 1412
301 1 0
292 4 439
290 6 498
290 7 498
290 13 504
302 1 0
303 1 0
303 5 36
304 2 17
304 2 18
304 2 19
303 6 41
298 5 213
298 6 222
298 7 222
299 3 208
305 1 0
298 8 253
298 13 263
298 30 263
298 14 264
298 15 264
298 6 266
298 7 266
295 1 397
306 5 3
306 6 9
306 7 9
303 5 122
303 6 129
298 8 269
298 13 281
298 30 281
298 15 281
307 1 0
305 2 53
303 8 134
303 6 186
303 7 187
296 6 438
296 7 438
296 8 446
296 5 451
296 6 457
303 8 194
298 6 364
298 7 364
298 29 377
305 3 130
298 8 390
298 8 399
301 3 270
298 29 406
298 29 410
299 5 412
309 1 0
306 8 137
306 1 145
306 19 145
306 136 145
306 14 151
306 15 151
299 7 416
305 6 232
305 19 242
305 14 253
303 2 352
296 29 624
296 13 629
296 6 661
296 7 661
303 4 424
301 8 436
308 4 198
296 19 672
296 14 673
296 14 678
303 3 433
310 1 0
303 2 470
303 3 484
303 4 488
312 1 0
303 5 493
303 6 498
303 1 506
303 13 507
303 30 508
303 14 511
303 15 511
309 3 245
308 2 312
308 2 317
307 3 415
311 2 53
309 5 324
309 7 326
307 4 485
309 136 354
309 14 357
309 7 368
309 8 373
307 5 580
301 13 745
301 14 748
301 15 748
307 6 589
307 7 589
255 8 2235
307 8 652
307 8 684
307 8 711
313 2 27
307 8 737
307 8 743
307 29 777
307 8 778
301 7 949
301 6 949
301 4 950
301 3 950
314 2 42
315 1 0
316 1 0
307 29 807
255 4 2440
307 13 838
307 14 839
255 6 2459
255 7 2459
255 8 2476
313 7 163
313 13 201
317 1 0
314 3 182
318 1 0
313 25 282
313 6 282
255 13 2623
255 15 2626
317 2 93
319 1 0
320 1 0
314 6 261
313 13 294
313 14 295
313 15 295
313 25 345
293 3 1619
318 2 107
313 13 356
293 4 1659
293 5 1711
293 6 1716
293 7 1716
317 3 229
296 6 1543
296 4 1544
317 4 279
319 4 223
316 5 422
316 6 429
316 21 431
319 5 263
319 6 275
319 7 276
322 1 0
324 1 0
325 1 0
319 14 309
319 6 329
326 1 0
326 5 2
326 6 6
326 7 6
323 2 54
319 19 359
321 2 180
321 2 182
319 6 376
319 7 376
317 6 485
319 19 383
319 15 386
321 2 199
319 25 388
321 2 220
323 3 136
323 4 163
322 4 203
328 1 0
322 5 242
322 7 245
323 5 235
323 7 243
327 2 95
328 2 50
329 1 0
330 1 0
325 4 318
330 2 27
331 1 0
329 2 106
328 3 208
332 1 0
328 4 266
328 6 285
328 7 285
328 8 297
328 8 308
325 5 534
325 6 546
325 7 546
328 4 359
328 6 367
328 8 371
325 8 579
325 1 621
329 4 306
328 8 412
325 6 632
327 3 493
329 5 368
329 6 376
333 5 202
329 8 394
329 1 404
329 19 404
329 34 404
334 1 0
333 8 217
328 8 515
329 7 425
328 14 565
328 15 565
335 1 0
336 1 0
327 5 681
327 6 684
327 7 684
328 25 641
328 6 641
335 1 47
338 1 0
337 2 47
336 3 226
336 4 295
336 5 344
336 6 352
336 7 352
337 4 223
337 5 254
337 7 261
339 1 0
337 13 286
336 6 486
336 7 486
336 13 494
336 14 496
336 15 496
340 1 0
340 2 37
339 3 171
339 4 251
342 1 0
342 2 40
339 6 336
339 30 377
339 15 378
343 1 0
344 1 0
340 6 372
340 7 373
346 1 0
347 1 0
340 14 399
346 2 46
347 5 13
347 6 18
347 7 18
342 6 247
348 1 0
346 2 63
339 6 549
339 7 549
339 13 559
339 30 559
339 15 559
345 2 99
342 8 262
342 29 265
342 13 288
342 14 289
344 2 114
348 2 44
348 2 58
346 4 178
348 3 142
348 4 161
346 7 253
349 1 0
350 1 0
348 5 201
348 6 208
344 3 310
349 2 57
351 1 0
351 6 9
351 8 17
352 1 0
351 8 28
352 2 35
354 1 0
345 4 472
356 1 0
354 2 33
353 2 55
350 2 238
344 7 546
345 5 525
345 7 531
345 8 542
345 8 542
357 1 0
355 2 59
344 3 557
341 4 884
341 5 912
360 1 0
353 3 167
341 6 915
341 8 937
352 5 165
352 7 177
352 21 178
352 6 208
359 2 72
354 4 193
353 6 232
357 2 123
355 3 176
360 2 62
354 5 219
354 6 222
345 29 676
345 8 681
361 2 46
352 4 279
355 4 204
354 3 253
354 6 258
354 7 258
354 30 260
354 14 261
354 15 261
354 6 265
354 13 271
354 30 271
354 14 275
354 15 275
360 3 142
345 8 757
360 5 196
359 3 202
360 7 200
350 4 536
360 8 233
360 8 237
345 8 836
345 8 836
350 5 579
360 4 254
350 6 591
350 14 607
350 15 607
361 3 203
363 5 4
363 6 8
363 7 8
360 6 283
359 4 292
363 2 37
363 4 50
363 5 54
363 6 58
363 7 58
363 21 61
363 8 76
361 6 287
361 7 287
363 5 101
363 6 104
363 7 105
363 21 107
359 5 390
359 6 398
359 7 398
363 3 125
361 19 341
361 14 341
359 13 407
359 30 407
359 14 409
359 15 409
364 1 0
345 8 1006
364 2 54
345 4 1046
345 6 1061
345 21 1062
365 1 0
366 1 0
367 1 0
364 3 193
366 2 42
366 2 63
345 26 1220
345 14 1221
369 1 0
367 2 54
364 6 242
364 8 269
345 6 1270
345 7 1270
364 1 273
364 14 274
345 8 1275
369 2 79
370 1 0
370 1 0
345 13 1380
345 14 1381
345 15 1381
366 5 250
368 3 177
345 25 1401
345 8 1408
345 26 1411
345 282 1412
369 3 172
365 3 328
368 4 220
371 5 2
369 5 207
365 4 359
369 6 211
365 7 399
368 5 279
368 6 284
367 4 324
368 8 314
367 5 360
368 8 336
367 6 372
368 8 359
368 8 364
368 8 377
368 29 384
365 13 510
365 14 511
365 15 511
359 25 1027
359 6 1027
359 7 1027
372 2 91
365 25 568
365 7 568
373 1 0
365 34 586
374 1 0
367 8 460
363 1 824
363 5 829
363 6 832
363 1 836
365 14 590
365 7 606
367 13 495
367 30 495
367 14 497
367 15 497
363 5 843
363 6 846
363 7 846
363 25 865
373 2 50
375 1 0
363 7 871
363 8 876
363 5 909
363 6 916
374 2 110
368 19 663
368 34 663
368 14 663
372 3 351
376 1 0
372 4 391
372 5 436
373 5 331
373 6 340
373 7 340
374 4 341
378 1 0
372 6 446
372 8 452
372 8 462
373 8 361
373 8 364
377 2 78
372 8 469
372 8 479
373 5 403
374 5 382
374 6 385
374 21 389
380 1 0
372 1 500
372 13 501
372 14 501
372 15 501
373 6 411
373 7 411
373 8 418
380 2 43
381 1 0
374 13 457
374 30 457
374 14 460
378 2 108
373 1 521
373 34 521
373 14 522
382 1 0
382 2 39
377 4 282
381 4 150
381 6 199
381 7 199
377 6 352
380 3 253
382 3 137
380 4 284
382 4 173
381 30 251
381 14 251
380 6 339
380 7 339
380 21 341
384 2 66
377 4 462
380 19 367
380 15 370
380 13 383
380 14 388
380 15 388
377 25 491
377 5 491
377 8 508
387 1 0
377 5 551
377 7 554
387 2 38
384 4 217
386 2 83
387 3 84
378 7 609
385 3 257
387 4 107
387 5 142
387 7 151
365 8 1606
385 5 416
378 14 774
378 15 774
378 25 788
385 6 428
378 26 803
378 15 807
378 25 812
388 1 0
385 8 495
385 19 505
385 34 505
389 1 0
378 5 882
390 1 0
389 2 46
392 1 0
392 2 50
390 2 189
388 4 306
394 1 0
377 8 1189
388 5 342
388 7 347
394 2 31
394 2 36
389 4 299
392 4 217
392 5 241
388 8 359
388 8 365
388 8 370
389 6 335
389 7 335
392 7 250
392 13 269
392 14 272
388 29 424
396 2 95
389 8 385
389 8 389
389 8 391
389 4 397
388 8 451
397 1 0
394 3 151
393 4 198
393 5 243
398 1 0
388 8 530
393 6 249
393 13 256
393 14 257
398 2 39
395 5 216
395 6 220
395 7 221
395 8 239
388 30 579
388 13 579
399 7 19
396 3 300
400 2 86
397 3 197
403 1 0
396 4 358
405 1 0
397 4 265
406 1 0
404 2 74
408 1 0
397 5 304
385 14 1238
403 2 68
396 5 434
396 6 439
396 7 439
396 21 442
401 5 205
401 6 212
401 7 212
377 8 1649
397 8 360
409 5 4
409 6 12
409 7 13
409 13 19
409 14 19
410 1 0
398 3 352
400 3 303
387 8 1188
387 30 1202
405 3 195
398 4 393
404 3 239
411 2 63
405 4 230
412 1 0
396 8 618
396 1 635
396 19 635
396 14 638
405 6 272
405 7 272
411 2 104
405 8 292
400 5 444
400 6 446
400 7 446
412 2 58
404 4 360
414 1 4
400 8 486
403 6 390
403 7 390
400 4 497
400 5 501
400 6 503
400 7 504
400 26 517
404 5 405
396 25 739
396 7 739
403 8 442
406 3 383
398 6 629
398 7 630
400 6 559
412 3 173
404 13 466
404 30 467
404 14 467
400 4 583
400 3 586
411 3 274
403 8 477
412 4 214
414 3 164
398 8 709
398 34 731
412 5 261
412 6 263
412 7 264
403 2 552
406 5 496
406 6 500
406 7 501
405 8 543
298 5 7369
398 6 745
298 6 7377
298 7 7377
412 3 304
412 4 307
406 4 540
417 1 0
412 5 309
412 7 311
412 8 314
412 14 325
412 15 325
412 25 337
412 6 337
412 7 338
413 3 276
411 5 397
411 7 400
411 4 418
403 3 623
403 4 633
405 8 613
416 4 167
412 2 368
403 5 642
403 6 652
398 8 827
412 25 371
412 7 377
416 5 195
416 7 201
412 6 394
412 7 395
413 4 345
412 14 400
412 6 403
412 7 403
416 8 233
418 3 144
413 6 385
413 7 385
398 8 928
419 1 0
418 4 197
398 8 957
420 1 0
413 7 442
418 5 233
413 19 467
413 14 469
417 7 221
418 6 246
418 7 246
418 8 265
398 34 1017
421 1 0
398 6 1042
398 7 1042
417 8 279
417 8 290
418 8 304
418 29 316
418 8 317
418 15 321
398 8 1095
421 2 53
398 19 1117
398 34 1117
398 25 1125
422 1 0
422 5 7
422 8 16
398 6 1125
423 1 0
421 3 143
404 6 1042
424 1 0
424 5 3
419 3 257
424 7 12
424 8 18
421 4 174
419 4 279
419 5 289
419 6 294
421 5 204
421 6 210
421 7 210
419 13 309
419 14 310
419 15 310
425 1 0
421 8 216
414 29 752
414 8 757
421 1 261
421 13 261
421 14 262
414 8 779
414 29 792
423 2 153
414 29 804
414 29 825
428 5 5
428 6 9
428 7 9
429 1 0
428 8 16
430 1 0
428 29 41
427 2 72
431 5 2
431 6 18
431 7 18
423 3 307
423 4 340
427 3 191
423 7 378
432 1 0
421 25 521
421 6 521
421 7 521
421 13 523
421 30 523
421 14 524
421 15 524
427 4 253
421 25 563
421 6 563
421 30 566
421 14 567
427 5 302
423 8 462
423 8 466
421 25 583
421 6 583
421 14 589
421 15 589
427 21 317
427 8 344
434 1 0
424 8 526
432 2 140
427 8 401
427 4 405
427 5 408
427 21 425
427 8 429
427 8 444
435 1 0
427 8 478
433 2 183
427 19 488
427 34 488
427 14 489
427 25 502
427 6 502
427 7 502
434 3 159
421 7 827
434 4 201
432 4 329
434 5 222
432 5 359
432 6 375
432 7 375
421 25 910
421 6 910
421 8 915
421 13 918
421 30 918
433 3 370
436 1 0
432 8 430
437 1 0
437 1 0
438 1 0
433 4 427
421 25 1026
421 7 1026
437 2 66
421 13 1038
421 14 1039
433 6 532
433 7 532
436 2 150
433 8 565
408 1 1954
421 25 1173
421 6 1173
440 2 28
433 1 614
433 15 615
437 4 227
421 13 1185
421 30 1185
437 6 290
437 7 290
441 2 69
438 3 282
438 4 347
437 4 389
437 6 397
437 7 397
437 8 429
443 1 0
438 5 401
438 6 418
444 1 0
443 2 39
428 2 1124
438 8 437
440 4 299
445 1 0
438 13 457
438 15 458
438 6 479
438 7 479
446 1 0
428 4 1179
438 19 484
438 14 484
438 6 493
440 5 354
440 6 358
440 8 368
440 29 371
440 8 374
446 2 33
428 5 1189
428 7 1195
438 13 530
438 14 530
438 15 530
441 4 344
443 3 168
451 1 0
451 1 0
428 4 1228
436 3 603
441 5 369
441 6 373
441 7 373
448 2 63
441 15 404
441 6 415
441 7 415
441 19 418
441 14 421
441 15 421
441 6 425
452 2 41
443 6 252
446 5 171
446 7 187
446 6 187
447 4 180
443 8 261
443 8 271
443 8 290
443 8 299
443 8 305
444 1 279
443 8 310
450 3 171
436 5 745
441 19 510
441 34 510
447 7 240
454 1 0
447 13 282
447 14 283
451 4 239
455 1 0
438 6 800
452 5 207
448 3 310
456 1 0
445 3 382
438 14 821
438 15 821
436 2 867
438 6 838
438 7 838
452 8 238
451 5 310
451 6 326
450 4 318
438 8 848
456 2 65
456 2 71
438 19 879
438 34 879
438 14 883
438 7 888
450 7 368
438 8 903
445 4 449
438 8 916
454 7 173
450 8 394
438 34 926
454 8 179
440 29 799
448 4 413
436 5 973
450 29 415
436 6 982
436 7 982
454 8 211
440 8 801
440 29 827
456 3 151
445 6 519
445 7 519
450 8 446
450 14 457
456 4 191
450 14 467
450 15 467
458 1 0
445 8 583
456 3 237
460 1 0
461 1 0
448 5 544
448 6 549
460 2 30
462 1 0
448 13 587
448 14 588
448 15 588
459 2 61
450 7 581
374 1 4839
450 14 638
460 8 195
462 3 178
463 1 0
459 3 255
436 8 1350
464 1 0
462 4 219
465 1 0
462 7 256
436 19 1449
436 34 1449
459 7 367
462 8 358
466 1 0
467 1 0
463 3 195
462 13 376
462 30 376
462 14 377
468 1 0
465 2 137
436 8 1550
436 19 1563
436 14 1564
463 5 267
463 7 273
436 25 1587
436 7 1587
469 1 0
436 8 1630
465 3 251
436 19 1656
436 34 1656
471 1 0
470 2 68
470 2 82
472 1 0
465 5 343
465 6 345
469 3 125
469 4 146
461 4 690
472 2 63
469 6 192
469 7 192
469 30 202
469 14 203
461 5 736
469 6 219
469 7 219
469 8 221
461 6 752
471 4 181
472 3 154
472 4 170
473 1 0
473 7 19
473 1 23
473 5 26
473 8 27
471 5 216
472 7 220
473 6 41
473 7 41
469 14 319
474 1 0
461 14 888
475 1 0
471 1 304
471 13 304
471 30 304
471 14 306
471 15 306
466 7 537
475 2 54
474 2 59
466 14 571
466 15 571
476 1 0
469 3 440
473 8 169
444 4 1618
469 2 493
444 13 1673
444 30 1673
444 15 1674
478 1 0
473 8 271
474 4 226
475 3 189
469 3 571
476 3 146
473 29 308
474 5 252
474 7 261
474 21 262
475 4 227
473 8 335
475 5 260
469 5 637
475 6 276
476 6 222
470 3 633
480 1 0
469 6 652
469 7 653
475 8 293
475 8 306
481 1 0
482 1 0
483 1 0
483 5 2
484 1 0
469 8 737
485 1 0
486 1 0
480 4 107
469 26 769
469 14 771
469 15 771
487 1 0
444 6 1967
480 6 173
480 7 173
444 14 1998
488 1 0
479 7 231
477 6 388
469 1 895
469 5 899
469 6 904
469 7 904
469 8 909
469 13 911
479 8 258
479 8 266
479 8 273
477 8 408
477 29 422
469 6 937
469 7 937
469 26 944
479 8 277
479 8 280
477 8 428
477 8 440
489 1 0
489 1 0
488 2 94
474 8 608
469 25 954
469 7 954
469 26 959
469 14 963
469 6 964
469 26 967
469 14 967
469 7 970
479 19 318
479 14 320
474 8 643
469 13 986
469 30 986
470 5 969
470 6 985
476 1 578
476 5 582
476 6 587
470 8 1029
470 19 1038
470 34 1038
470 14 1038
485 2 326
476 29 636
491 1 0
493 1 0
494 1 0
496 1 0
496 1 0
444 26 2282
444 27 2282
444 15 2285
497 1 0
481 3 479
493 2 64
497 2 47
492 2 129
485 5 478
485 6 482
444 6 2389
444 7 2389
488 6 420
497 3 121
499 1 0
490 3 280
500 1 1
500 1 1
498 2 65
481 5 623
481 6 638
481 7 638
488 8 451
497 5 190
481 4 661
481 3 668
485 8 618
488 136 500
488 15 503
488 25 510
488 7 510
497 7 206
490 4 348
492 3 289
481 3 702
488 25 539
488 6 539
488 7 539
490 6 400
481 25 706
481 6 722
481 7 722
481 8 725
481 3 735
497 8 267
498 3 192
470 7 1390
488 8 579
504 1 0
492 4 373
487 4 675
498 5 297
487 6 727
502 7 175
497 8 403
498 6 313
490 8 532
487 13 740
487 15 741
490 8 552
492 5 453
492 6 468
505 1 0
502 8 222
502 8 236
502 8 240
490 4 589
490 4 601
490 5 611
492 1 511
492 19 511
492 15 531
505 2 51
497 19 495
497 34 495
497 14 496
490 7 628
492 25 539
492 6 539
492 13 543
502 13 306
502 30 306
502 14 307
502 15 307
497 14 501
497 25 506
497 7 506
497 8 514
497 26 522
497 14 526
507 1 0
497 7 559
497 8 567
497 8 630
506 2 177
497 14 651
502 25 435
502 6 435
502 7 435
502 30 440
502 15 441
492 7 711
505 3 229
497 7 654
492 21 747
505 4 333
506 3 322
510 1 0
505 3 431
509 2 46
506 5 415
506 6 418
511 2 53
510 2 65
512 1 0
513 1 0
505 5 510
508 5 302
508 6 307
508 7 307
514 1 0
506 1 469
506 13 469
506 14 470
506 15 470
512 2 48
515 1 0
509 3 140
516 1 0
505 8 583
513 2 96
517 1 0
505 30 613
505 14 614
510 3 207
514 3 119
514 3 132
517 2 50
508 13 453
508 30 453
514 4 165
514 5 192
510 3 283
514 7 196
519 1 0
509 5 307
509 6 323
509 7 324
516 3 153
518 2 59
513 3 293
516 7 231
515 3 288
517 3 216
521 1 0
520 2 58
514 1 353
514 13 353
514 14 354
514 15 354
512 3 379
522 1 0
512 4 427
513 4 415
512 5 459
512 6 463
512 7 463
522 2 66
524 1 0
525 1 0
520 3 198
513 6 492
526 1 0
524 2 58
517 8 426
513 1 530
512 8 569
520 5 294
520 7 298
505 14 1077
519 3 403
521 5 301
526 2 104
520 8 350
519 4 471
520 8 366
528 1 0
520 8 398
524 3 235
522 3 331
519 5 558
519 6 562
519 21 564
524 4 304
493 3 1716
512 4 786
519 1 597
519 26 597
519 14 599
519 15 599
522 4 404
493 4 1771
530 1 0
524 5 374
524 7 381
522 5 462
512 5 891
512 6 894
529 2 75
522 7 478
523 5 473
523 6 477
493 7 1816
493 21 1817
530 2 61
522 8 514
526 3 395
528 3 237
531 1 0
528 4 308
533 2 37
526 5 502
530 3 196
528 8 378
512 30 1049
512 15 1052
534 1 0
534 5 1
534 6 15
534 7 15
534 1 19
534 13 19
534 14 19
528 13 405
528 30 405
528 14 410
530 5 291
530 7 297
505 6 1626
533 3 173
530 8 313
505 15 1633
505 14 1633
530 13 329
530 14 331
533 5 212
533 6 229
529 3 579
535 2 68
537 1 0
526 5 1045
526 6 1063
536 2 49
538 1 0
526 7 1063
540 1 0
541 1 0
541 2 35
540 2 46
541 3 89
540 3 130
541 5 129
541 7 141
543 1 0
539 3 195
540 4 169
529 5 1010
529 6 1013
529 7 1013
540 5 198
540 6 201
539 4 248
544 1 0
540 8 276
546 1 0
539 5 309
539 6 314
539 7 314
529 30 1131
529 15 1131
539 13 328
542 2 180
540 1 333
540 13 333
540 30 333
540 14 339
540 15 339
529 6 1165
529 7 1165
539 7 353
539 14 370
539 15 370
547 1 0
529 2 1187
548 1 0
529 3 1197
535 5 668
535 6 672
535 7 672
539 7 398
529 5 1209
529 6 1213
529 7 1213
529 14 1224
539 4 409
535 8 695
539 5 415
539 14 426
539 7 432
541 29 391
541 13 396
549 1 0
529 6 1276
529 7 1276
529 19 1285
535 1 754
535 13 754
535 30 754
539 8 475
535 14 758
529 136 1303
529 14 1303
539 6 502
539 7 502
550 2 40
529 7 1329
529 19 1340
529 136 1340
529 7 1351
543 3 355
547 3 201
529 14 1363
547 4 237
549 3 116
550 3 116
529 7 1402
547 7 279
547 8 287
547 8 296
553 1 0
554 1 0
555 1 0
550 5 187
547 13 314
547 30 314
547 14 314
547 15 314
541 5 632
541 7 645
544 3 414
549 6 204
552 2 98
543 4 506
551 2 102
553 2 40
550 5 219
543 5 560
541 13 696
541 30 696
541 14 697
544 4 479
539 1 742
539 7 762
553 3 106
554 2 125
554 2 126
554 2 126
554 2 127
554 2 127
539 8 784
544 5 538
554 2 157
543 29 642
543 3 646
553 5 173
553 6 179
544 8 552
555 4 187
553 13 204
553 15 207
553 14 207
555 5 231
556 1 0
555 6 245
552 3 327
556 2 43
544 14 647
544 15 647
555 8 289
552 4 366
554 4 329
552 5 419
554 5 353
554 6 369
554 7 370
552 8 459
557 1 0
551 3 512
552 13 505
552 14 505
552 15 505
557 13 34
557 14 35
558 1 0
548 3 770
547 6 819
547 13 834
547 14 834
547 15 834
559 1 0
560 1 0
551 4 646
544 7 972
544 3 972
559 2 47
558 2 102
564 1 0
551 5 709
551 6 712
565 1 0
551 8 729
563 2 73
566 1 0
567 1 0
568 1 0
562 2 112
547 25 1013
547 6 1013
547 7 1013
547 13 1019
558 3 233
568 2 72
569 1 0
566 2 94
570 1 0
558 4 299
569 2 55
563 3 209
565 2 192
571 1 0
558 5 346
558 6 352
571 2 43
558 8 387
563 4 288
563 5 288
563 7 297
563 21 301
569 3 168
563 19 315
562 3 374
572 1 0
559 4 375
559 5 388
559 7 392
563 14 331
566 3 259
570 3 186
574 1 0
572 2 46
569 6 249
570 4 258
565 4 377
567 5 339
567 6 343
567 7 343
567 26 355
567 14 356
574 2 53
571 4 195
569 2 276
569 5 295
530 3 2467
568 3 358
565 5 402
565 6 418
567 6 362
567 27 366
567 25 371
567 14 381
559 34 499
559 14 501
559 25 508
559 6 508
559 7 508
571 7 225
571 6 225
559 8 515
569 6 300
569 30 309
576 1 0
567 26 390
567 27 390
567 14 394
567 15 394
571 3 250
530 2 2515
565 13 479
579 1 0
565 15 484
580 1 0
575 2 97
560 3 611
576 2 75
577 2 68
568 5 471
580 5 26
581 1 0
580 6 42
572 3 248
530 5 2610
530 6 2614
568 8 505
580 1 57
568 8 513
580 14 67
572 4 281
583 1 0
568 8 529
562 4 672
568 8 562
568 8 570
568 8 574
581 2 86
568 8 583
568 8 587
572 5 316
582 2 86
574 4 321
568 8 618
574 5 359
574 6 364
585 1 0
585 5 10
585 7 18
583 2 126
586 1 0
560 6 789
560 7 790
577 3 255
586 2 36
574 34 421
574 14 435
569 25 643
569 6 643
569 7 643
574 6 442
574 7 442
569 8 661
576 5 343
576 6 354
576 7 354
587 1 0
583 3 245
577 6 350
577 7 350
576 14 374
576 15 374
584 3 238
574 8 520
581 3 313
574 8 554
586 3 170
582 5 324
582 6 330
582 7 330
577 136 429
577 14 432
577 15 432
577 25 438
577 6 438
581 4 367
584 4 318
577 25 497
577 5 497
581 3 399
583 6 398
586 6 263
586 7 263
577 6 506
577 7 506
583 13 422
589 1 0
583 15 426
577 8 534
577 8 552
584 6 419
584 7 419
584 21 422
590 2 104
590 2 108
589 2 120
592 1 0
590 2 116
591 3 103
594 1 0
595 2 25
591 5 176
591 6 180
591 7 180
591 8 186
591 8 196
591 13 205
594 2 87
591 15 205
589 3 289
589 4 331
595 5 161
595 6 176
589 5 383
589 6 398
598 1 0
589 8 444
601 1 0
602 1 0
601 2 40
603 1 0
604 1 0
596 4 247
408 1 9867
602 2 70
596 5 294
596 6 302
594 4 370
604 2 75
596 2 315
600 4 194
596 4 349
596 5 357
596 6 359
597 4 306
597 3 314
599 3 242
601 5 225
601 6 229
601 7 229
605 2 62
600 5 273
601 8 247
601 1 264
601 13 264
597 6 368
597 7 368
597 19 417
597 34 417
602 3 279
603 1 274
597 6 468
597 7 468
597 3 468
597 5 479
597 6 495
606 1 0
602 5 381
607 1 0
602 6 396
575 3 1446
603 2 381
608 1 0
606 2 43
599 5 507
599 6 512
599 7 512
575 4 1501
604 5 437
604 7 448
604 8 458
602 3 497
610 1 0
611 1 0
606 3 147
602 4 518
575 5 1565
575 6 1581
575 7 1581
613 1 0
611 2 46
606 4 207
575 8 1632
604 26 585
604 27 585
614 1 0
612 2 43
606 5 236
575 29 1645
575 8 1648
604 14 588
606 7 252
606 8 272
575 8 1676
612 3 145
606 8 306
603 4 675
604 7 710
604 8 717
604 26 733
611 5 225
604 14 736
611 8 234
605 4 604
615 1 0
616 1 0
612 4 213
613 4 219
611 8 286
611 29 287
611 29 290
611 8 291
603 7 787
611 8 306
615 2 56
612 5 267
605 5 664
605 6 678
605 7 678
603 1 813
603 30 814
611 29 334
611 8 335
612 7 283
617 1 0
618 1 0
613 6 300
613 7 301
616 2 80
612 8 313
619 1 0
605 1 746
605 13 747
605 30 747
617 2 34
613 30 331
613 14 332
613 15 332
605 14 767
605 15 767
575 8 1956
619 2 58
619 2 66
612 8 399
615 3 224
612 8 430
620 1 0
613 25 432
613 6 432
621 1 0
619 3 164
618 2 179
622 1 0
617 6 215
615 5 300
615 6 310
615 8 319
623 1 0
617 15 227
615 8 345
624 1 0
619 6 240
622 2 80
615 8 365
616 6 350
616 7 350
615 8 378
615 15 396
620 3 208
627 1 0
618 3 407
616 30 479
616 14 479
618 4 445
624 3 165
620 4 295
620 5 362
600 13 1415
600 14 1416
600 15 1416
624 5 255
624 6 270
620 6 374
620 4 393
629 1 0
624 19 291
624 14 293
620 5 397
620 6 414
624 14 323
631 1 0
631 2 30
605 6 1375
605 7 1375
605 30 1394
605 14 1396
632 1 0
611 26 1116
634 1 0
628 3 347
633 2 51
631 6 235
611 6 1166
611 4 1166
611 5 1173
611 6 1177
631 8 244
611 8 1186
611 29 1186
611 8 1189
611 29 1190
611 29 1190
611 8 1191
611 29 1191
611 29 1203
611 29 1203
611 8 1204
611 8 1229
633 3 135
631 19 305
631 136 305
631 14 305
631 25 317
631 6 317
633 5 204
631 8 362
633 8 214
635 1 0
628 5 551
628 7 554
628 21 560
634 3 254
631 8 463
633 13 309
633 14 310
633 15 310
631 8 483
634 6 305
634 7 305
631 136 545
631 14 545
631 25 552
631 6 552
631 7 552
633 25 404
633 7 405
633 8 411
633 8 422
628 6 743
633 14 447
633 15 447
631 8 620
631 8 624
636 1 0
631 8 664
637 1 0
637 5 8
408 1 11996
637 7 24
639 1 0
640 5 7
640 7 12
641 1 0
640 13 57
640 30 58
641 2 80
636 2 217
638 2 170
642 1 0
643 1 0
644 1 0
622 3 1351
643 2 61
639 6 248
644 2 71
637 645 300
639 25 273
639 6 276
622 4 1438
628 5 1172
628 5 1174
628 6 1176
628 7 1176
628 21 1180
646 1 0
641 3 271
643 3 155
637 25 356
637 7 357
641 3 294
622 5 1520
639 2 348
648 1 0
649 1 0
641 4 328
643 4 195
644 3 179
622 7 1527
638 3 412
650 1 0
639 5 407
647 2 51
641 5 371
643 8 235
643 29 241
644 4 217
639 6 410
639 7 410
649 2 58
641 7 388
644 7 243
641 8 413
638 4 486
641 13 428
641 30 428
641 14 431
651 1 0
642 3 344
638 5 551
638 6 557
652 1 0
647 1 191
641 7 503
652 6 12
652 8 19
642 4 402
649 3 200
641 13 526
654 1 0
641 15 527
644 19 371
644 34 371
651 2 71
651 2 93
638 1 594
638 13 596
638 14 597
638 15 597
647 2 236
642 5 464
642 2 499
649 5 264
653 2 112
653 2 125
657 1 0
649 8 300
649 8 311
649 29 314
649 29 316
654 3 124
658 1 0
652 8 179
642 3 559
649 8 325
649 8 329
649 8 339
649 8 344
649 8 350
654 4 146
642 5 574
657 2 73
649 8 355
649 8 357
649 8 358
649 8 360
649 8 363
649 8 372
649 8 379
654 5 193
644 7 536
642 25 612
642 5 612
642 6 615
642 25 621
642 5 621
649 25 391
649 5 392
649 7 407
654 7 208
654 8 215
651 4 294
642 6 622
642 25 632
642 5 632
642 6 635
654 8 242
659 1 0
653 3 261
652 8 278
653 4 297
651 5 339
651 6 354
651 7 354
642 25 686
642 2 706
659 2 44
660 1 0
641 6 833
641 7 833
653 5 338
651 1 380
651 13 380
651 15 381
653 6 347
642 25 741
642 5 741
661 1 0
659 3 117
652 8 413
642 8 799
659 4 147
657 3 310
642 5 810
642 6 815
642 7 815
661 2 67
643 8 791
643 8 798
658 3 296
661 2 75
659 7 201
659 8 219
648 2 674
642 1 875
652 8 500
659 29 226
659 8 238
651 8 565
659 8 271
658 6 365
657 6 428
652 1 554
652 13 554
652 30 554
652 14 556
663 5 4
658 5 405
657 8 467
664 1 0
663 6 20
663 7 20
663 8 25
663 8 44
657 13 504
658 2 448
653 5 610
653 6 620
653 7 620
661 3 266
665 1 0
666 1 0
658 4 503
658 5 510
666 2 39
658 21 527
661 5 331
661 6 335
661 7 335
664 2 92
658 8 543
658 8 563
658 8 573
642 6 1108
643 13 1113
643 14 1113
658 8 583
663 14 200
663 15 200
663 7 212
628 1 2234
628 6 2240
628 7 2240
668 1 0
642 14 1194
642 6 1196
642 7 1197
628 27 2271
628 14 2272
666 6 201
666 7 201
628 6 2290
628 7 2290
628 1 2304
628 5 2310
668 2 47
642 7 1255
669 1 0
670 1 0
643 6 1275
643 13 1285
643 30 1285
643 14 1286
671 1 0
669 1 29
669 6 55
664 3 343
667 3 194
669 8 78
672 1 0
668 3 185
671 2 71
669 8 94
664 4 395
667 4 246
667 3 249
667 4 254
673 1 0
664 6 451
668 4 231
672 2 92
664 7 452
675 1 0
664 21 456
675 5 12
675 6 18
675 7 19
668 6 277
673 2 49
676 1 0
664 8 486
675 15 34
676 2 46
677 1 0
667 5 365
673 3 113
674 2 95
667 8 398
673 4 137
659 8 924
664 19 572
664 34 573
664 14 576
665 4 626
672 3 299
671 5 344
671 6 349
677 2 146
671 8 363
670 4 388
676 4 218
671 8 377
671 4 384
671 3 384
670 5 437
679 1 0
676 5 269
676 6 285
676 7 285
665 6 740
665 7 740
675 5 323
670 6 455
670 7 455
678 2 63
670 8 479
680 1 0
681 1 0
677 3 303
672 7 487
682 1 0
678 3 216
674 5 494
679 4 225
682 2 81
674 13 544
674 15 545
684 1 0
677 6 479
683 2 72
678 4 329
684 2 86
674 1 635
679 8 350
677 8 573
678 5 371
678 7 376
674 5 645
674 8 652
674 7 652
679 8 383
677 8 602
678 19 411
678 6 423
678 7 423
686 2 63
677 13 660
677 15 664
684 4 200
682 4 370
674 13 823
674 14 823
674 15 823
686 4 235
682 5 433
683 14 413
686 5 298
682 19 482
682 14 483
686 6 306
686 7 306
686 8 317
682 6 508
682 7 509
682 13 536
682 14 536
408 1 14647
408 5 14656
408 6 14666
680 4 724
680 5 750
680 7 753
408 1 14738
408 5 14750
408 6 14758
680 8 792
680 8 799
688 1 0
680 8 811
687 3 189
682 6 711
682 8 715
680 8 817
689 1 0
690 1 0
690 1 11
682 34 719
682 14 719
682 14 726
687 4 258
691 5 19
691 6 24
687 6 324
691 8 37
682 25 838
682 6 838
682 7 839
682 26 851
680 34 989
682 6 872
680 25 995
680 7 995
680 8 1009
680 19 1011
680 34 1011
680 14 1015
680 6 1017
680 7 1017
692 6 8
692 7 8
693 1 0
691 1 171
688 3 267
689 3 258
692 8 52
683 1 944
694 1 0
682 7 993
692 13 110
692 14 111
683 2 1003
689 4 350
696 1 0
694 2 79
696 2 50
689 5 394
697 1 0
689 7 397
689 4 424
694 3 186
695 3 142
697 2 67
699 1 0
695 4 175
694 4 216
694 21 262
695 5 238
695 6 257
700 1 0
697 3 189
695 8 299
700 2 48
702 1 0
702 5 3
702 6 5
702 15 8
703 1 0
697 5 267
697 6 270
704 1 0
703 2 28
697 8 295
697 19 305
697 14 308
697 15 308
705 1 0
703 4 74
698 3 329
703 8 102
700 3 182
696 8 413
696 1 421
696 13 421
696 14 422
703 8 113
705 2 72
706 1 0
696 25 458
696 6 459
696 7 459
696 8 461
700 5 276
700 6 286
700 7 286
698 4 445
706 2 60
708 1 0
709 1 0
688 5 930
688 6 944
705 3 218
698 8 547
711 1 0
704 6 288
712 1 0
712 5 2
704 13 316
704 14 316
712 8 5
712 6 5
712 7 5
712 13 14
711 2 74
712 25 48
712 6 48
712 7 48
712 13 52
712 30 52
705 6 319
705 7 320
705 8 336
705 29 342
712 14 52
705 8 347
706 4 326
712 25 121
712 6 121
712 7 121
704 2 450
706 6 393
704 6 508
704 13 512
704 15 513
710 5 299
710 6 303
706 8 408
710 2 322
710 25 326
710 5 326
710 6 333
713 1 0
714 1 0
711 3 321
716 1 0
711 4 384
717 1 0
718 1 0
711 5 411
711 6 418
711 7 418
719 1 0
714 2 126
711 8 494
711 5 518
711 6 526
675 1 2657
719 2 101
720 2 57
675 8 2676
675 7 2677
706 1 723
711 8 570
675 13 2725
675 30 2725
675 15 2725
714 3 271
713 3 356
720 3 197
714 5 348
714 7 352
714 29 376
719 4 283
713 4 383
722 1 0
723 1 0
714 136 379
714 14 380
724 1 0
714 7 389
647 2 4132
714 8 418
714 29 421
713 5 447
713 6 453
713 7 453
722 2 53
720 4 270
723 2 54
714 8 462
719 6 367
719 7 367
725 1 0
720 5 305
720 6 313
720 7 313
720 8 326
714 19 475
714 15 480
714 25 487
714 6 488
714 7 488
725 2 51
720 8 342
714 8 500
714 29 507
714 8 510
714 29 518
714 8 528
719 8 420
725 2 53
727 1 0
720 8 365
728 1 0
713 8 587
729 1 0
723 4 206
725 4 165
729 6 12
729 19 25
729 14 25
729 7 31
729 6 31
729 14 35
730 1 0
723 5 248
723 6 251
723 4 265
726 2 144
633 25 5336
633 6 5336
633 7 5337
633 13 5342
633 30 5343
633 14 5343
633 15 5343
723 3 275
725 6 245
725 7 245
722 5 318
722 6 321
722 7 321
725 13 254
725 14 256
725 15 256
731 1 0
731 7 7
722 1 357
722 13 357
732 1 0
731 1 54
731 13 55
731 14 55
731 15 55
728 3 223
730 4 167
728 4 290
733 1 0
730 6 200
730 7 200
728 5 322
733 2 64
727 4 386
728 8 402
727 5 453
727 6 456
727 7 456
727 8 500
727 8 506
728 15 554
733 3 276
737 1 0
734 2 67
726 4 631
733 4 310
712 1 1460
726 5 655
726 6 658
733 5 348
647 1 4904
739 1 13
739 13 13
739 30 13
731 1 497
726 8 701
733 6 359
731 7 503
731 1 515
731 13 516
731 30 516
731 14 517
740 1 0
740 5 5
740 7 10
740 6 10
712 2 1534
731 5 550
733 8 426
738 2 98
742 1 0
731 8 566
733 14 446
733 15 446
741 6 8
731 1 595
731 13 596
731 30 596
731 14 596
737 3 220
742 2 64
724 5 963
743 1 0
744 7 12
726 8 878
733 1 533
733 5 541
733 6 549
733 7 549
744 13 16
744 15 18
734 3 340
733 13 582
733 30 583
733 15 583
724 29 1056
733 1 600
733 6 614
733 7 615
738 3 271
737 4 328
734 6 407
724 1 1092
724 13 1093
724 30 1093
724 15 1094
738 4 321
734 8 441
625 3 6592
712 4 1797
745 1 0
746 1 0
746 5 3
734 8 478
737 6 425
746 6 12
746 7 12
746 13 24
746 14 25
746 15 25
734 19 510
734 34 510
734 15 512
712 5 1871
712 7 1875
734 25 533
734 6 533
734 7 533
625 5 6681
625 7 6685
733 5 751
733 7 760
734 8 538
734 14 544
734 15 544
745 2 84
745 2 87
625 8 6719
733 13 782
733 30 782
733 14 786
733 15 786
712 3 1923
712 25 1941
712 5 1941
712 7 1943
712 34 1963
712 14 1965
712 26 1975
712 15 1976
747 2 110
751 1 0
752 1 0
749 2 108
751 2 42
752 2 67
747 3 234
711 15 2215
753 1 0
745 4 350
731 1 1176
752 3 158
754 1 0
747 4 317
750 4 242
754 6 10
754 7 10
749 3 303
755 6 10
751 4 221
751 5 244
751 6 248
751 7 248
750 5 300
756 1 0
756 5 2
750 8 347
753 2 141
756 8 21
756 8 25
757 2 57
750 8 368
750 13 376
750 30 376
750 14 376
747 6 474
731 1 1343
731 30 1344
731 14 1344
731 15 1344
750 6 392
750 7 393
737 8 978
625 8 7210
760 1 0
737 13 995
737 14 996
737 15 996
759 2 45
757 3 180
751 4 475
751 7 483
751 8 486
749 5 592
749 7 600
761 1 0
761 6 9
761 7 9
761 8 18
762 1 0
757 7 249
757 21 250
757 14 262
749 4 638
761 8 39
761 29 48
757 25 285
757 6 285
757 7 285
749 3 649
759 3 165
761 15 62
757 25 315
759 4 192
756 14 323
756 6 333
756 7 333
759 5 227
764 1 0
756 14 341
756 6 352
756 7 352
757 25 380
757 7 382
759 1 247
759 6 258
759 7 258
759 4 260
756 26 390
765 1 0
763 3 152
757 6 451
757 7 451
757 21 453
757 13 468
757 30 468
765 2 69
763 4 205
766 1 0
762 4 228
763 5 230
763 6 244
763 7 244
762 6 247
762 8 282
757 7 541
757 14 551
760 2 474
765 3 206
768 1 0
769 1 0
765 4 265
770 1 0
760 5 624
760 6 640
760 7 640
760 8 651
771 1 0
749 1 1136
764 5 421
764 7 425
760 1 656
760 13 657
760 14 658
760 15 658
749 5 1154
749 7 1162
770 2 61
764 21 426
771 2 54
764 13 482
764 30 483
764 14 483
772 1 0
773 1 0
775 1 0
772 2 65
774 2 46
728 1 2378
768 4 279
776 1 0
728 13 2400
728 14 2401
728 15 2401
777 1 0
772 3 192
771 4 293
770 4 320
771 5 310
771 6 314
771 7 314
776 2 109
779 1 0
770 5 346
770 7 349
774 5 242
770 15 392
781 1 0
776 2 170
775 4 232
782 1 0
781 2 30
772 4 313
773 3 297
775 5 280
775 6 287
775 7 287
775 8 301
779 2 146
772 6 373
772 7 373
781 3 103
768 7 606
781 4 129
781 5 156
776 3 307
781 6 172
781 7 172
776 3 353
773 5 490
773 6 494
773 7 494
779 4 278
776 4 396
776 15 452
785 1 0
774 8 600
773 8 651
783 3 152
773 8 683
789 1 0
785 3 145
785 4 166
786 1 183
785 6 215
785 8 226
785 29 249
785 4 261
787 3 198
790 1 0
788 2 199
788 2 199
787 4 226
768 8 1068
768 1 1073
768 13 1073
768 14 1073
788 2 207
787 5 253
787 6 258
787 7 259
791 2 35
787 8 281
791 5 88
791 7 91
788 2 320
790 3 137
788 2 332
790 4 170
788 2 380
790 6 198
790 8 220
794 2 47
793 25 121
788 3 489
795 2 74
788 4 527
797 1 0
793 25 188
793 3 189
787 15 578
793 4 211
793 6 226
793 21 231
727 1 3616
788 8 610
795 2 230
794 4 298
798 2 84
794 5 325
794 1 361
794 13 361
794 14 362
802 1 0
792 4 470
797 4 288
801 2 53
797 5 312
792 6 534
792 7 534
798 3 274
803 1 0
800 3 168
797 25 375
797 7 379
790 8 766
798 4 314
768 7 1826
768 6 1826
768 8 1827
768 8 1839
800 4 216
800 5 232
790 13 773
790 14 775
790 15 775
804 2 49
801 3 189
800 7 238
800 8 260
805 2 55
801 4 218
798 5 398
798 7 405
798 8 409
801 5 247
801 6 250
801 7 250
801 8 259
790 25 880
790 6 880
790 7 880
797 4 543
804 3 163
797 5 562
797 8 577
802 3 332
804 5 296
804 6 300
804 7 300
802 5 454
806 1 0
794 6 847
794 7 847
802 2 494
807 1 0
806 2 54
805 3 378
809 1 0
805 4 407
811 1 0
805 5 442
805 6 452
812 1 0
805 7 453
806 3 176
802 3 663
814 1 0
815 1 0
816 1 0
802 4 693
806 4 221
802 6 727
805 8 563
817 1 0
815 2 115
815 2 117
806 8 333
807 3 283
808 2 300
808 2 303
807 4 371
813 4 238
807 5 400
819 1 0
807 6 406
807 7 406
807 8 419
815 3 267
813 5 307
815 4 304
813 6 312
813 7 312
811 4 387
813 8 345
821 1 0
813 4 373
815 5 385
815 7 389
821 2 32
808 7 521
818 3 228
823 1 0
822 2 49
808 8 574
815 8 429
809 4 568
824 1 0
811 5 495
811 7 499
808 8 596
818 3 302
825 1 0
825 2 22
825 2 28
809 5 598
809 7 602
809 6 602
824 2 37
824 2 49
818 4 321
815 13 514
815 14 514
822 3 162
823 2 122
818 5 394
818 6 400
818 7 400
826 2 96
825 3 100
790 6 1819
790 7 1819
790 8 1825
790 19 1833
790 14 1835
790 15 1838
818 8 413
822 4 210
825 4 135
827 1 0
827 7 11
824 3 161
825 6 151
825 8 163
826 3 167
827 19 35
827 14 56
819 2 389
818 29 488
826 4 189
809 4 788
809 3 790
821 3 278
828 1 0
818 3 521
825 8 210
826 5 215
826 6 218
826 7 218
825 8 224
825 8 232
826 4 229
821 4 332
809 1 851
809 6 861
794 4 1775
818 3 575
818 5 583
821 5 381
821 7 383
818 6 587
818 7 587
819 4 612
808 13 992
808 30 992
808 14 992
820 6 565
820 7 565
823 3 433
820 1 599
820 13 599
820 14 599
823 4 456
819 5 654
819 6 663
819 7 663
819 8 698
819 19 706
819 34 706
819 14 707
808 6 1091
808 7 1091
819 25 722
819 8 725
808 13 1115
808 14 1116
777 1 2989
777 5 2993
777 6 2999
777 7 3009
830 1 0
831 1 0
777 8 3012
777 29 3013
777 8 3014
777 29 3019
777 8 3027
830 2 33
777 29 3058
832 1 0
777 29 3078
777 8 3079
777 8 3085
777 29 3089
777 8 3095
823 5 653
823 6 656
823 7 656
834 1 0
832 2 81
829 2 208
835 5 5
835 5 22
829 2 222
836 1 0
837 1 0
833 2 39
777 29 3231
777 8 3234
777 13 3240
835 19 98
835 14 108
835 6 114
835 7 114
833 4 120
829 3 329
834 2 135
832 3 205
835 8 118
838 1 0
831 3 275
833 5 158
833 7 166
829 4 367
832 7 288
832 8 297
831 4 333
808 6 1495
829 8 441
831 5 366
831 6 381
831 7 381
808 8 1516
832 8 343
829 14 478
829 15 478
838 2 107
808 8 1549
808 13 1595
808 30 1595
837 3 288
831 14 512
837 4 333
834 3 434
837 5 373
837 6 376
834 4 468
835 1 478
835 5 485
835 8 499
835 6 499
835 7 499
837 4 441
837 3 441
829 6 700
834 5 511
834 7 516
835 19 514
835 34 514
835 14 524
835 6 530
835 7 530
841 1 0
841 2 70
842 1 0
843 1 0
843 2 36
842 2 61
842 2 78
846 1 0
841 3 201
838 4 583
845 2 49
842 3 196
847 5 6
841 5 321
841 6 326
841 7 327
842 4 246
841 8 343
845 4 194
849 1 0
850 1 0
845 6 234
851 1 0
841 8 403
849 5 7
849 7 15
850 2 34
849 13 48
849 14 49
852 1 0
844 3 339
841 8 513
850 3 165
852 2 71
852 2 72
850 4 202
853 1 0
850 5 241
850 6 256
850 13 294
850 14 294
850 15 294
850 6 357
850 7 357
844 8 684
854 2 61
850 8 502
850 13 504
850 14 505
844 8 740
844 8 770
844 8 786
844 8 823
844 8 853
855 2 24
854 4 341
855 3 157
854 6 538
854 7 538
854 8 552
844 14 1262
857 3 170
844 25 1295
857 4 209
844 8 1314
844 13 1359
844 15 1360
858 1 0
857 5 280
857 6 289
857 7 290
854 8 800
857 8 345
841 14 1602
841 15 1602
854 15 825
844 25 1510
844 6 1511
844 7 1511
858 1 102
859 2 120
860 2 48
862 1 0
863 1 0
859 3 327
844 8 1787
864 1 0
863 2 42
862 2 86
865 1 0
859 4 394
863 3 105
863 4 127
863 5 146
863 7 149
866 1 3
860 4 280
738 5 7544
738 6 7552
860 5 325
860 6 330
860 7 331
863 29 194
863 8 196
867 1 0
861 3 329
863 25 264
863 5 264
863 6 267
863 7 267
862 5 311
862 6 315
862 7 315
860 13 399
860 15 400
863 8 281
863 7 300
738 8 7682
867 2 62
844 13 2034
844 14 2036
844 25 2043
844 6 2043
844 8 2051
863 19 306
863 14 306
863 6 315
863 7 315
863 8 316
863 8 321
863 13 324
863 15 327
863 14 327
866 3 185
861 6 419
861 7 419
844 29 2063
844 8 2069
844 13 2076
844 14 2077
844 15 2077
844 25 2090
844 6 2090
862 1 402
865 5 281
844 13 2097
844 30 2097
844 14 2098
844 15 2098
738 8 7774
865 7 289
865 21 290
865 8 297
865 13 311
865 30 312
870 1 0
866 4 257
865 14 312
865 15 312
862 1 444
862 13 444
862 14 444
867 4 195
871 1 0
866 6 311
866 7 311
861 29 551
861 8 553
768 8 6355
768 8 6359
768 8 6362
768 8 6373
870 2 94
866 4 345
866 5 348
866 6 355
738 4 7878
738 6 7891
738 7 7891
872 1 0
768 8 6390
865 25 418
867 5 281
867 6 289
867 7 289
866 8 374
866 13 387
866 15 387
861 29 591
861 8 598
873 1 0
738 8 7909
865 26 434
768 8 6412
865 27 434
865 14 435
768 8 6425
867 8 308
768 8 6433
867 13 317
867 14 319
867 15 319
861 8 647
861 8 666
873 2 66
876 1 0
875 2 56
865 25 502
862 15 641
866 6 459
866 7 460
866 8 461
866 25 489
866 7 489
866 8 491
866 26 496
866 14 498
866 7 503
876 2 45
866 26 511
866 14 513
866 15 513
866 6 519
866 7 519
866 8 523
866 25 531
866 6 540
866 7 540
878 1 0
866 8 544
866 19 556
866 34 556
866 14 558
866 26 563
866 14 564
866 15 564
866 7 565
875 3 168
876 3 137
879 1 0
861 8 843
875 4 216
866 8 650
880 1 0
877 3 133
875 6 289
880 2 45
870 4 444
870 6 459
870 7 459
876 7 274
869 4 462
869 4 476
877 5 204
877 7 207
876 1 301
876 30 302
876 14 302
876 15 302
869 5 492
869 7 497
861 8 996
869 8 516
869 8 536
869 30 567
869 14 568
869 15 568
881 1 0
880 3 194
882 1 0
882 5 4
882 7 11
869 6 616
869 7 616
873 5 499
873 7 510
884 1 0
885 1 0
879 6 293
879 7 293
869 34 679
869 14 681
869 15 681
886 1 0
883 2 67
886 5 8
886 7 15
879 19 359
879 136 359
879 14 361
879 15 361
886 8 24
886 8 28
844 7 2868
884 2 74
886 8 40
886 8 45
844 8 2874
844 13 2879
844 30 2879
844 14 2880
880 5 358
880 6 361
880 7 361
886 34 68
886 14 68
880 8 386
880 4 399
880 5 401
880 1 406
880 19 406
880 15 409
878 2 502
880 25 416
880 6 416
880 7 416
880 8 420
880 29 431
883 3 217
880 19 458
880 14 458
880 25 462
880 6 462
880 7 462
883 4 252
881 4 276
884 4 221
878 3 588
883 5 277
883 7 280
881 5 319
881 6 324
881 7 324
884 6 268
884 7 268
878 4 633
883 19 290
883 14 291
883 7 298
884 8 277
884 8 299
888 1 0
881 13 391
881 15 391
878 5 680
884 8 348
884 8 352
884 8 354
888 2 81
881 25 483
881 7 483
881 8 505
881 14 512
881 15 512
844 8 3251
844 29 3256
844 8 3314
782 3 6979
883 8 581
844 8 3335
782 4 7015
890 1 0
883 4 599
889 2 43
782 5 7064
782 6 7071
782 7 7071
890 2 49
892 1 0
893 1 0
893 2 65
888 3 386
894 5 8
894 6 13
894 7 13
894 8 27
894 13 47
894 30 47
894 15 48
889 3 193
844 15 3538
888 4 454
895 1 0
888 5 524
889 5 283
889 6 285
889 7 285
844 8 3638
844 8 3648
896 2 63
886 25 845
886 5 847
892 3 274
886 6 853
886 7 853
886 8 855
889 19 352
889 14 354
889 15 354
889 7 364
844 13 3687
844 14 3687
897 1 0
888 8 623
890 5 388
890 6 396
890 7 396
891 4 329
898 1 0
890 8 424
891 5 354
892 4 371
899 1 0
897 2 76
900 1 0
900 1 0
891 7 371
891 21 373
899 2 35
892 5 443
898 2 71
898 2 80
891 13 436
891 30 436
891 15 437
892 6 452
892 7 452
896 5 292
896 6 297
899 4 179
897 4 247
901 1 0
899 5 206
899 6 209
899 7 209
899 14 216
898 4 220
897 5 286
901 2 49
899 19 237
899 14 237
898 5 268
897 7 291
897 8 307
897 8 315
900 3 252
898 6 281
899 4 261
898 8 300
897 8 321
844 6 4054
844 7 4054
844 8 4062
901 3 136
891 25 690
900 5 336
900 6 351
900 7 351
900 8 364
900 8 371
891 8 726
900 8 375
900 8 394
900 8 407
900 8 412
900 8 415
900 8 419
900 8 426
898 8 480
901 5 293
900 6 436
900 7 436
900 8 441
900 8 449
900 34 455
900 6 459
900 7 459
901 7 308
900 8 464
900 8 466
900 8 469
904 1 0
891 34 947
891 14 948
904 2 63
906 1 0
904 4 328
904 8 455
908 8 13
909 1 0
910 1 0
909 5 11
908 14 70
908 15 70
907 4 263
904 19 593
904 14 593
907 6 299
907 7 299
911 1 0
912 1 0
913 1 0
887 1 2328
887 2 2376
912 3 98
914 1 0
912 4 139
912 7 157
912 8 164
912 15 182
912 6 189
912 7 189
912 14 202
912 6 204
912 7 205
913 2 197
915 1 0
887 3 2540
907 5 765
907 6 769
914 3 279
887 4 2673
916 2 69
887 5 2738
887 7 2755
914 5 404
914 6 407
914 7 407
917 1 0
887 136 2834
887 6 2857
887 19 2866
887 136 2866
850 5 5477
887 14 2880
914 8 501
918 1 0
917 2 92
915 4 409
915 6 451
915 7 451
916 3 336
916 4 408
917 4 274
916 7 479
918 3 243
917 6 366
917 7 366
919 1 0
918 4 299
917 19 391
917 14 391
913 3 945
918 5 342
921 1 0
918 6 346
921 2 30
922 1 0
923 1 0
922 2 62
921 3 173
921 4 203
924 1 0
924 5 3
924 7 11
923 2 165
923 2 168
921 5 228
921 6 232
921 7 232
924 8 25
924 13 31
924 15 34
925 1 0
919 3 282
920 3 317
921 13 308
921 30 308
921 14 309
921 15 309
922 4 244
926 2 52
927 1 0
921 6 330
921 8 334
926 3 100
922 5 304
927 1 8
927 5 10
927 7 14
928 1 0
922 6 310
922 7 310
926 4 125
921 30 403
921 15 407
922 8 343
926 5 160
919 6 478
926 6 163
926 7 163
922 6 375
922 13 385
922 15 385
923 3 404
920 6 503
926 13 195
926 14 195
926 15 195
919 15 526
925 3 244
925 4 318
929 2 41
920 13 646
920 14 646
920 15 646
925 6 364
928 3 306
922 6 616
922 7 617
925 8 445
922 13 628
922 14 629
919 6 725
919 7 726
919 4 738
925 8 471
925 136 479
925 15 481
928 4 439
920 6 919
920 25 919
929 6 336
929 7 336
928 5 549
928 6 552
928 7 552
929 1 369
929 5 374
930 3 270
920 8 997
928 19 576
928 14 578
928 15 578
929 6 389
929 7 390
929 8 441
930 4 330
929 8 460
930 6 368
930 7 368
929 19 475
929 34 475
930 19 414
930 136 414
930 6 441
930 7 442
930 19 453
930 136 453
930 6 462
930 7 462
930 14 475
935 1 0
936 1 0
938 1 0
938 2 38
938 5 171
938 6 175
938 7 175
941 1 0
940 2 172
942 1 0
940 2 218
943 1 0
944 1 0
944 1 1
940 5 346
940 7 350
940 6 350
940 1 360
944 2 57
940 5 368
940 7 372
940 30 387
940 15 391
945 1 0
945 5 7
945 6 10
945 7 10
946 1 0
880 1 6196
946 2 35
880 1 6225
880 15 6228
944 3 426
946 3 113
945 3 195
945 4 212
944 4 558
946 5 182
945 14 259
946 6 198
944 5 604
945 15 274
944 8 631
947 1 0
945 6 371
945 7 371
948 1 0
944 8 749
949 1 0
944 8 821
949 3 109
948 2 182
944 8 889
944 29 892
949 6 179
949 7 179
951 1 0
952 1 15
952 2 68
952 2 75
952 2 82
948 4 422
952 3 204
948 5 444
948 6 449
950 3 248
950 4 299
950 5 388
952 4 326
950 6 393
953 2 132
953 2 137
950 8 422
950 8 444
954 1 0
953 2 210
954 2 44
954 3 137
954 5 209
953 3 390
954 7 214
954 19 238
954 14 238
954 6 246
954 8 249
954 8 263
957 1 0
956 2 154
953 4 467
954 19 301
954 34 301
958 1 0
958 5 4
954 6 308
954 8 315
954 19 323
954 34 324
954 4 328
955 5 284
955 6 286
955 7 287
959 1 0
955 8 317
955 8 325
955 8 333
957 2 186
960 1 0
960 1 2
960 1 3
960 1 4
958 8 347
952 2 1062
960 2 115
962 1 0
952 3 1103
963 1 0
956 4 587
961 2 77
964 1 0
959 3 345
952 6 1183
952 7 1183
956 5 661
956 7 670
956 21 671
956 8 684
959 4 425
956 7 716
952 1 1229
952 13 1231
952 14 1231
952 15 1231
960 3 311
956 26 733
956 27 733
956 14 734
959 7 468
956 6 753
956 29 763
959 13 498
959 30 498
959 14 499
960 4 369
956 8 800
956 29 801
956 8 806
956 5 837
961 4 336
956 6 845
959 7 581
959 13 595
959 14 595
959 15 595
957 3 681
961 5 377
960 7 441
960 8 461
956 8 888
956 29 892
961 6 385
961 7 386
952 6 1408
952 7 1408
952 8 1426
965 1 0
961 8 440
961 8 466
960 8 563
966 1 0
966 2 63
966 4 225
959 6 1016
959 7 1016
966 6 279
966 13 297
966 14 297
966 15 297
959 14 1085
959 15 1085
969 1 0
970 1 0
969 2 54
959 6 1143
959 13 1165
971 1 0
970 2 77
972 1 0
973 1 0
969 3 214
971 2 95
972 2 70
973 2 57
974 2 35
959 7 1358
959 34 1386
959 14 1387
969 6 322
969 7 322
971 2 194
959 7 1427
969 5 353
974 4 164
967 3 717
973 4 208
974 5 178
974 7 182
974 8 190
967 4 752
973 5 238
973 7 241
973 6 241
970 5 413
970 6 417
974 13 229
974 30 229
974 14 230
974 15 230
974 25 235
974 6 236
974 7 236
972 4 316
967 5 800
967 6 806
972 5 371
972 7 383
976 2 72
967 1 911
978 2 43
977 2 42
974 14 366
972 8 426
967 14 914
972 8 482
977 3 149
978 3 193
977 5 189
976 4 263
977 8 224
977 8 230
979 5 4
977 29 248
977 8 248
977 8 254
977 13 264
977 14 265
977 15 265
979 7 15
978 4 293
978 15 388
980 2 110
980 3 266
980 5 432
980 6 436
980 7 436
981 1 0
982 1 0
984 1 0
981 3 257
985 1 0
986 1 0
986 2 48
986 2 58
985 2 74
981 5 476
981 6 482
981 7 482
988 2 79
989 2 33
990 1 0
989 3 103
985 6 304
985 7 304
985 4 351
989 6 158
989 8 188
990 2 160
986 4 693
986 5 746
986 7 754
986 8 769
986 4 817
986 3 820
986 3 831
986 4 834
986 4 849
986 3 850
986 5 863
993 1 0
986 7 874
992 2 39
995 1 0
992 3 105
992 4 131
995 2 57
992 5 157
992 6 160
992 7 160
994 4 146
986 1 1031
986 19 1031
986 34 1031
986 14 1031
986 14 1049
992 1 215
992 19 215
992 136 215
992 14 218
992 15 218
994 8 240
994 8 253
994 8 265
994 8 269
994 29 275
994 14 280
995 4 242
995 5 261
995 7 277
995 8 314
995 8 394
994 6 473
994 7 473
997 1 0
996 2 74
996 2 84
