0 2 52
0 4 151
0 5 262
0 8 307
0 8 320
9 1 0
9 3 166
9 5 219
9 6 229
9 8 240
10 1 0
11 1 0
12 1 0
10 4 376
10 5 410
10 6 414
10 13 428
10 14 429
16 1 0
16 2 72
17 1 0
10 7 674
17 2 95
16 5 213
16 6 222
16 7 222
16 1 238
17 4 373
12 5 718
17 5 448
12 7 728
12 21 729
17 6 455
17 21 458
22 1 0
17 15 507
20 3 275
22 3 126
22 4 158
22 5 185
22 6 195
22 8 203
20 7 403
20 21 404
23 1 0
24 6 11
24 7 11
24 8 79
22 1 464
22 25 471
22 5 472
22 6 479
22 7 479
24 26 131
24 27 131
24 28 131
24 28 131
24 1 178
24 3 245
24 6 273
24 7 273
24 8 302
24 29 308
24 8 322
24 29 325
24 8 331
24 1 344
24 13 344
24 15 345
32 1 0
32 2 49
32 3 149
33 1 0
32 4 182
33 2 72
33 3 208
33 4 313
33 7 358
33 8 392
33 19 406
33 15 409
33 6 418
33 7 418
35 1 0
33 8 443
33 13 449
36 1 0
35 3 176
36 3 171
35 4 249
35 5 304
35 7 307
35 21 309
36 4 260
35 8 364
36 7 316
35 1 383
35 34 383
35 14 385
36 6 365
36 7 365
36 1 382
36 5 389
33 5 1297
33 6 1302
33 7 1302
38 2 206
38 3 320
38 5 441
38 6 448
38 7 448
38 21 452
38 13 510
38 30 510
40 2 81
38 6 946
38 7 946
38 30 969
38 14 969
38 15 969
40 5 380
40 7 382
40 21 385
40 19 414
40 14 417
40 25 426
40 6 426
40 7 426
40 19 429
40 14 431
40 25 442
40 7 442
40 19 444
40 14 446
40 15 446
40 25 452
40 7 452
41 1 0
41 4 291
42 1 0
41 7 371
42 2 76
43 1 0
41 8 510
42 4 239
42 5 301
42 6 305
42 7 305
42 19 323
42 6 341
42 7 341
42 3 350
44 1 0
44 2 74
44 3 264
44 4 318
44 5 387
44 6 390
45 1 0
45 2 49
45 3 139
45 4 168
45 5 187
45 6 192
45 13 202
46 2 63
47 2 37
47 3 121
47 4 192
46 5 414
46 7 418
47 6 238
46 8 432
46 1 438
46 19 439
46 14 441
46 15 441
48 2 76
48 4 271
48 5 309
48 6 326
48 7 327
50 2 71
50 6 232
53 3 160
53 6 247
53 6 288
53 6 320
53 14 336
53 13 369
53 14 369
53 15 369
55 1 0
55 3 179
55 4 230
55 6 269
55 7 269
56 2 322
56 3 491
56 4 533
56 5 589
56 21 609
56 1 627
56 14 631
56 15 631
58 1 0
58 2 57
59 1 0
58 3 219
58 5 288
58 6 302
58 7 302
62 1 0
59 6 253
62 2 58
59 8 284
59 8 291
59 8 299
59 19 322
59 34 322
59 25 330
59 6 330
59 8 335
62 4 217
63 1 14
62 7 265
64 2 40
64 3 136
64 6 199
64 7 199
64 8 218
64 8 241
64 8 252
64 13 280
64 14 284
64 15 284
63 3 904
63 5 956
63 6 959
65 1 0
65 6 21
65 13 41
66 1 0
66 3 244
66 4 287
66 6 331
66 7 331
66 8 353
66 13 373
66 15 374
67 1 0
69 1 0
70 1 0
70 2 97
71 1 0
70 5 384
70 6 388
71 4 191
71 5 247
72 2 133
72 3 231
73 2 63
72 5 345
72 6 353
72 7 354
75 1 0
72 29 420
72 8 436
73 3 202
74 3 180
70 34 1136
70 6 1144
70 34 1169
70 14 1172
72 4 545
72 3 549
74 6 270
70 6 1280
77 5 8
77 7 11
78 1 0
78 1 16
75 4 347
76 3 359
76 4 398
76 6 446
76 8 473
76 1 484
76 14 485
76 6 500
76 7 501
76 14 505
79 1 0
80 1 0
81 1 0
80 2 56
82 1 0
82 5 2
82 6 12
82 7 12
82 21 15
82 30 24
82 14 26
82 15 26
81 4 151
81 5 182
81 6 190
81 7 190
79 3 260
81 8 210
80 3 270
79 5 395
79 6 408
79 7 408
82 6 298
82 7 298
82 13 301
82 14 301
82 15 301
77 14 806
79 8 532
79 8 548
79 8 560
79 8 566
79 8 608
79 29 624
79 29 635
79 8 637
79 29 655
79 8 657
79 8 700
79 19 745
79 15 747
82 6 602
79 25 759
79 6 760
82 13 607
82 15 609
79 29 774
79 29 812
79 8 815
79 8 824
79 29 884
84 7 20
84 8 37
86 1 0
87 1 0
87 5 5
87 6 8
87 19 13
87 14 14
87 14 18
87 15 18
86 3 174
86 5 208
86 7 212
86 8 227
86 8 250
88 1 0
86 8 330
86 8 375
89 2 67
77 1 3015
77 5 3026
88 2 203
90 1 0
89 3 213
89 7 313
89 13 365
89 15 366
91 2 76
92 1 0
88 2 548
93 1 0
93 2 31
91 4 368
95 1 0
94 2 56
88 3 781
91 5 410
91 6 415
91 7 415
91 8 436
91 8 461
93 5 135
93 6 142
93 7 142
91 8 468
91 8 488
88 4 861
91 8 506
91 29 548
91 29 553
91 19 565
91 6 578
91 7 578
94 5 232
94 7 246
88 5 1162
88 6 1169
88 7 1169
96 4 158
98 1 50
96 13 227
96 14 229
96 15 229
100 1 0
101 1 0
99 2 119
97 4 386
97 5 424
97 6 428
97 7 428
97 8 480
97 8 497
97 8 506
101 3 147
97 8 548
102 1 0
103 1 0
102 2 82
103 2 69
104 1 0
99 6 603
99 21 604
99 8 617
99 19 626
99 34 626
99 14 626
103 2 105
102 3 207
105 1 0
102 5 335
102 6 337
102 7 337
102 8 347
105 2 126
107 1 0
106 7 265
107 2 73
106 13 293
106 30 293
106 14 294
108 1 0
105 5 358
105 6 367
105 7 367
105 1 414
105 19 414
105 14 428
105 6 440
106 7 448
110 1 0
106 13 457
106 30 457
106 14 458
106 15 458
110 2 27
108 3 204
100 6 1133
100 7 1133
100 8 1141
108 4 261
110 3 119
100 19 1200
100 14 1203
100 15 1203
110 4 150
110 5 160
110 6 164
100 6 1216
100 7 1216
100 19 1224
100 14 1235
100 15 1235
110 14 173
110 15 173
100 25 1359
100 5 1362
112 3 194
113 1 0
100 6 1372
100 7 1372
113 5 6
113 7 10
113 8 23
113 8 27
100 14 1402
100 15 1402
112 4 265
114 1 0
114 2 48
111 3 482
114 3 124
116 1 0
114 13 228
114 30 228
114 15 230
111 4 631
111 5 706
111 6 714
111 4 763
112 5 749
111 5 769
111 6 777
112 7 758
115 4 393
111 8 802
112 13 822
112 14 823
112 15 823
115 6 473
115 7 474
118 1 0
119 1 0
115 14 555
118 2 31
118 3 124
121 2 74
118 6 210
118 7 210
118 8 234
112 1 1123
112 6 1132
112 7 1132
112 29 1139
112 1 1141
118 1 260
118 13 260
112 6 1162
112 7 1162
120 3 258
117 1 359
117 13 359
117 14 360
117 15 360
122 1 0
123 1 0
120 4 310
118 7 372
118 30 375
118 15 375
124 1 0
117 6 443
117 7 444
120 6 376
120 7 377
124 2 56
122 2 75
120 27 390
120 7 415
120 8 418
123 2 122
121 3 362
121 4 405
120 13 488
120 30 488
122 3 211
125 6 9
125 26 14
125 14 15
125 8 30
126 1 0
125 8 49
127 1 0
121 5 475
121 6 484
121 7 484
123 4 318
126 2 104
127 2 108
122 7 345
130 1 0
128 3 138
123 5 399
123 6 407
122 13 406
122 14 409
128 4 188
123 8 460
126 3 272
124 6 460
124 7 460
124 8 471
124 19 478
124 6 483
124 8 490
124 19 492
124 25 496
124 6 507
124 7 507
131 1 0
123 13 553
123 14 557
123 15 557
126 5 339
124 8 529
124 19 531
124 34 531
124 14 534
124 25 539
124 6 539
124 8 552
124 19 555
124 34 555
124 14 556
124 6 559
124 8 565
124 34 566
132 1 0
132 8 5
133 1 0
124 14 570
124 15 570
124 7 572
133 2 50
135 1 0
135 5 8
131 3 179
135 136 72
135 14 77
135 15 77
133 3 153
135 14 93
135 15 93
127 6 551
127 8 574
134 2 147
131 4 259
131 5 288
133 4 194
133 5 227
133 6 231
133 7 231
133 8 238
133 29 240
131 6 295
131 8 313
131 13 358
131 14 359
135 1 254
135 5 260
135 6 263
135 19 274
135 14 275
131 6 418
131 30 422
131 14 425
131 15 425
140 1 0
141 1 0
142 1 0
143 1 0
139 2 119
115 1 2069
115 5 2078
144 1 0
115 7 2087
115 13 2091
115 15 2091
144 2 50
143 3 190
141 3 264
141 4 312
141 5 346
141 6 362
143 6 304
143 7 304
141 8 380
141 8 413
141 8 441
141 19 449
141 14 449
139 3 492
139 4 550
122 6 1583
139 5 628
139 6 632
139 7 633
139 8 652
139 29 674
147 1 0
148 1 0
149 1 0
139 1 702
139 15 711
150 1 0
150 2 42
151 1 0
145 3 178
146 3 174
146 6 224
146 7 225
145 4 242
145 5 267
145 6 275
145 7 275
146 1 273
146 19 274
150 3 176
146 25 306
146 7 324
153 1 0
146 8 336
151 2 182
146 8 354
150 5 255
152 2 64
150 7 269
155 7 12
127 5 1804
146 8 400
122 13 2040
146 34 403
146 19 403
146 14 413
155 8 34
146 6 417
146 8 427
146 8 437
155 8 57
155 1 78
156 2 55
157 1 0
155 5 87
155 6 89
155 1 97
152 4 191
157 2 80
156 3 150
159 1 0
158 2 75
156 4 179
159 2 40
156 5 220
156 6 228
160 2 99
159 3 111
158 3 147
144 3 1111
158 7 208
157 3 283
162 1 0
152 5 424
152 6 427
152 7 427
158 19 256
144 4 1164
151 3 609
159 6 214
160 4 221
158 14 259
158 15 259
158 25 273
158 8 277
144 5 1204
152 8 467
164 1 0
160 3 232
165 1 0
158 19 297
158 34 297
158 14 300
158 15 300
158 8 308
157 3 370
159 29 285
159 8 289
158 13 322
158 14 323
158 15 323
159 8 299
157 4 422
157 5 457
157 6 463
157 7 463
151 4 763
167 1 0
152 26 646
168 7 24
157 4 513
157 3 514
168 1 33
168 26 33
168 14 34
151 5 840
151 7 844
151 21 847
151 14 894
170 1 0
171 1 0
170 2 44
172 1 0
167 3 241
167 4 271
173 1 0
170 4 133
169 4 244
166 3 380
167 5 314
167 7 319
173 2 60
170 5 166
170 6 177
169 6 262
169 7 263
167 8 357
169 5 305
169 6 311
167 13 372
167 14 373
167 15 373
176 1 0
176 3 3
177 1 0
175 2 29
166 5 515
166 6 528
170 136 303
170 19 303
170 14 303
170 25 308
170 6 308
169 2 394
166 15 540
170 19 326
170 14 326
170 136 326
165 6 620
165 7 620
170 6 398
170 7 398
144 8 1887
144 30 1892
144 14 1892
165 8 699
177 3 169
178 2 113
170 14 436
170 15 436
179 1 0
181 1 0
182 1 0
175 6 222
175 7 222
169 3 573
182 2 31
183 1 0
174 3 333
179 2 50
177 6 270
174 4 388
169 4 664
165 4 882
165 5 898
169 5 675
169 8 700
144 6 2115
144 7 2115
176 8 362
177 13 368
177 30 368
177 14 369
177 15 369
165 6 920
173 4 533
179 3 192
165 8 949
165 19 949
165 14 950
165 6 955
165 8 959
169 2 736
181 3 191
166 6 917
166 4 917
151 1 1593
151 5 1605
151 6 1608
151 7 1609
151 21 1611
165 8 963
169 25 767
169 6 775
169 7 775
181 4 235
178 3 395
179 4 254
182 5 248
185 5 1
185 6 18
185 7 18
185 19 22
185 14 23
181 7 320
182 29 310
182 29 314
186 1 0
173 5 692
185 7 30
185 19 40
185 14 41
185 6 42
185 7 42
185 8 46
173 4 718
173 3 719
185 8 59
185 14 65
185 6 69
185 7 69
185 8 72
185 8 85
183 2 356
183 2 357
185 15 95
185 6 96
185 7 96
185 8 99
185 2 117
185 25 131
185 5 131
185 7 146
185 8 150
185 8 156
185 19 171
179 5 500
185 14 184
178 6 648
164 1 1297
187 2 35
188 1 0
178 8 766
164 2 1402
187 3 109
189 1 0
178 8 828
187 5 170
178 29 860
178 8 873
187 6 185
190 1 0
184 2 598
189 2 82
183 3 766
190 2 71
191 1 0
192 1 0
189 3 204
194 1 0
184 4 732
184 5 768
194 2 39
184 6 784
184 7 784
184 14 791
184 15 791
196 1 0
197 1 0
192 5 130
190 3 231
192 8 160
192 30 167
192 14 169
196 2 65
194 3 143
198 1 0
192 25 188
192 7 189
192 14 201
192 15 201
197 2 98
189 6 380
189 7 380
189 8 387
189 26 437
194 6 228
200 1 0
189 14 440
198 2 86
190 4 384
196 3 203
194 29 277
200 2 43
201 1 0
193 5 276
195 2 229
193 7 288
193 21 293
199 4 137
190 5 428
202 1 0
190 6 444
193 8 310
193 26 315
193 14 319
196 5 289
196 7 292
200 3 121
199 5 181
199 6 187
199 7 187
199 8 207
202 2 58
200 4 157
203 1 0
204 5 10
204 6 18
196 1 338
196 19 338
196 14 340
200 5 184
200 6 199
197 3 341
204 1 26
204 14 33
196 25 359
196 7 359
200 8 213
202 3 149
205 1 0
200 8 235
200 13 257
200 30 257
200 15 258
197 4 400
164 6 2157
202 4 192
202 5 221
195 3 459
197 5 466
197 6 483
197 7 483
206 1 0
195 4 531
202 8 296
197 8 552
195 6 597
195 7 597
202 8 358
208 1 0
195 8 630
200 25 470
201 3 413
208 5 6
208 7 22
200 13 474
200 15 474
195 1 646
195 14 646
203 2 321
205 2 278
201 7 510
197 4 735
201 8 556
201 19 572
201 136 572
201 25 607
201 6 608
201 7 608
201 8 617
211 1 0
209 2 93
203 3 551
205 4 502
198 3 812
210 2 87
211 2 35
203 6 629
203 7 629
203 8 635
211 3 114
192 6 1089
192 7 1089
205 5 607
205 7 614
198 4 905
211 4 143
198 5 962
211 6 182
209 3 259
205 8 654
205 13 676
205 14 679
205 15 679
211 8 206
213 5 7
198 13 1005
198 30 1005
198 15 1007
213 6 23
213 7 23
213 8 47
214 1 0
210 3 327
216 1 0
213 8 83
178 4 2289
216 2 44
210 6 444
210 7 444
215 2 65
178 4 2320
214 2 105
217 1 0
178 5 2342
178 7 2346
178 21 2347
213 29 197
218 1 0
212 3 355
213 8 217
210 14 533
210 15 533
178 1 2402
178 14 2409
178 15 2409
216 4 184
209 8 559
209 13 565
209 14 571
209 15 571
210 25 553
210 6 553
215 3 190
216 5 209
217 4 145
209 25 604
209 6 604
209 7 604
209 13 609
209 30 609
209 14 613
209 15 613
219 1 0
203 8 1075
203 8 1087
220 1 0
217 6 179
217 7 179
217 8 188
217 8 191
209 6 652
209 7 652
209 13 659
209 30 659
209 25 672
209 6 672
212 6 488
212 7 488
217 14 206
203 14 1141
203 15 1141
209 8 676
209 13 679
209 30 679
209 14 683
215 5 350
215 6 353
219 3 124
217 25 267
217 6 267
217 7 267
217 8 275
217 13 278
217 14 279
217 15 279
209 25 756
209 6 757
209 7 757
209 13 761
209 14 764
209 15 764
221 2 96
221 2 100
219 5 178
219 6 184
219 7 184
222 5 39
222 8 42
222 6 42
222 7 43
214 3 478
219 1 206
219 13 206
219 14 207
219 15 207
222 8 69
217 6 411
214 5 566
217 15 461
214 6 575
214 7 575
224 2 111
225 1 0
217 25 549
217 6 549
217 7 549
217 14 554
217 15 554
222 1 230
222 5 234
222 8 240
222 6 240
222 8 256
222 8 270
226 1 0
222 19 295
222 34 295
222 14 296
225 2 84
228 1 0
228 1 1
221 6 417
221 13 443
221 30 443
224 2 243
214 30 842
214 13 842
214 14 843
214 15 843
230 1 0
232 8 30
232 6 31
232 7 31
231 2 88
225 5 433
225 7 439
230 2 240
225 8 497
229 5 259
229 6 263
229 7 263
225 8 524
225 8 545
229 8 279
225 8 551
235 1 0
235 5 2
231 3 246
231 3 269
230 3 342
231 4 306
236 1 0
237 1 0
239 1 0
231 3 366
231 4 373
237 2 34
231 5 422
231 7 427
238 2 104
240 2 42
229 1 523
229 13 523
229 15 523
231 13 479
231 15 480
241 1 0
230 4 534
237 3 149
241 2 46
242 1 0
240 3 155
214 6 1507
214 26 1516
214 27 1516
214 14 1516
237 6 209
237 7 210
238 3 209
237 8 231
240 4 210
230 5 687
240 5 237
240 7 242
241 3 171
238 6 297
238 7 297
240 8 255
240 15 261
241 4 207
230 19 732
230 14 735
230 6 742
230 7 743
240 6 281
240 7 281
240 13 289
240 30 289
240 14 290
243 1 0
230 13 770
244 1 0
241 7 256
245 1 0
241 8 280
243 2 63
230 4 817
244 2 42
242 2 223
240 8 372
241 14 344
241 15 344
241 6 384
241 8 396
241 13 399
241 15 400
241 6 403
241 7 404
241 8 405
246 1 0
241 14 408
241 15 408
245 2 137
244 4 216
246 2 68
236 1 667
247 1 0
248 1 0
244 5 321
248 2 39
243 5 360
243 7 367
247 3 105
250 1 0
250 5 3
247 4 138
246 4 264
251 1 0
250 6 20
247 7 156
252 1 0
246 7 317
242 3 723
248 7 260
245 4 554
245 3 568
251 2 191
248 8 326
244 29 638
253 2 85
242 4 816
252 3 226
244 29 687
244 8 688
252 4 272
257 1 0
258 1 0
252 5 287
252 6 297
242 5 907
242 7 914
259 1 0
249 4 408
259 2 52
257 2 88
260 1 0
249 5 496
261 1 0
255 2 177
262 1 0
249 8 529
249 8 536
260 2 53
262 2 46
263 1 0
242 8 1140
261 2 76
265 1 0
242 4 1155
242 6 1171
242 7 1171
242 21 1175
265 2 46
256 3 319
263 2 57
254 4 372
253 4 477
267 1 0
256 4 372
264 2 114
254 6 437
254 7 438
265 3 129
255 4 377
268 5 5
253 5 575
265 4 163
253 7 580
268 6 10
268 7 10
268 1 18
268 13 18
268 30 19
268 14 21
268 15 21
263 4 179
270 1 0
265 5 197
265 6 202
255 6 447
255 8 456
271 1 0
272 1 0
256 5 470
263 5 206
251 4 749
265 13 216
265 15 217
273 1 0
274 1 0
256 6 475
256 7 475
256 21 476
259 5 442
259 7 455
275 1 0
255 8 517
258 4 479
263 8 250
263 1 273
263 13 273
263 30 273
263 14 273
262 5 347
264 4 253
260 5 382
260 7 390
273 2 64
271 2 70
255 8 547
266 3 260
244 13 1253
244 14 1255
244 15 1255
262 6 363
262 7 363
264 5 299
264 7 302
251 5 862
251 7 878
264 13 313
264 14 316
264 15 316
260 8 456
254 30 656
254 14 656
254 15 656
269 3 162
277 1 0
256 8 613
251 34 900
251 14 901
251 25 910
251 6 911
260 8 471
260 8 482
259 1 546
259 13 547
259 14 549
276 2 37
277 2 42
251 14 942
251 6 947
260 14 499
260 26 516
254 7 711
254 13 725
254 14 726
266 5 387
256 26 655
256 14 655
251 14 966
251 6 970
255 29 693
255 8 696
272 3 241
256 8 695
256 14 710
265 6 445
275 3 220
265 8 466
255 30 706
255 13 706
258 6 675
258 7 675
264 6 475
264 4 479
275 4 255
278 2 84
269 5 315
272 4 282
256 6 746
256 7 746
256 282 755
256 6 758
269 6 332
269 7 332
269 8 348
283 1 0
258 8 731
277 3 178
256 8 779
256 26 789
256 27 789
256 14 791
256 6 797
256 7 797
280 2 77
283 2 35
271 4 349
255 26 808
255 14 812
255 15 812
277 4 215
272 5 357
285 2 39
272 7 374
277 5 237
277 7 252
277 6 252
272 8 393
256 8 850
264 7 603
275 6 380
275 21 381
272 8 401
272 8 405
277 8 267
264 30 615
264 14 617
280 3 178
281 3 148
277 14 288
277 15 288
287 2 51
270 4 487
269 13 494
280 4 237
288 1 0
288 5 4
288 7 20
288 6 20
275 8 450
275 8 465
270 5 526
283 4 185
290 1 0
285 3 171
280 5 272
270 6 531
270 7 531
270 21 531
280 6 282
280 7 282
281 5 261
259 2 938
259 25 959
255 7 1034
255 6 1034
285 4 249
281 6 276
292 1 0
259 6 971
259 7 971
259 8 985
281 19 306
281 34 306
281 14 306
281 6 310
281 7 310
281 8 316
281 19 318
281 136 318
281 14 318
281 7 321
278 3 407
259 1 1000
259 13 1002
259 15 1004
255 8 1072
285 7 282
285 19 307
281 8 340
281 19 342
281 34 342
281 14 345
281 15 345
290 2 151
285 14 314
285 15 314
285 4 334
285 3 335
294 2 41
278 4 456
293 2 107
287 4 291
278 5 512
293 2 118
293 2 127
295 1 0
293 2 149
294 3 138
287 6 347
294 4 168
287 13 381
296 1 0
255 29 1250
290 3 296
295 2 65
294 5 192
294 6 208
294 8 210
255 14 1291
290 4 324
278 8 637
278 4 649
257 4 1282
297 1 0
297 5 2
297 7 18
290 6 363
290 7 363
294 8 249
298 1 0
297 6 28
297 7 28
297 34 40
257 5 1330
297 6 45
297 7 45
290 13 385
290 30 385
290 15 386
294 19 305
294 34 306
294 14 306
300 1 0
298 2 35
292 3 354
257 7 1341
297 19 64
297 34 64
297 6 67
255 6 1371
255 7 1371
255 8 1388
297 8 85
297 14 89
255 8 1416
299 2 65
295 4 233
257 1 1407
257 13 1410
257 30 1410
257 14 1411
257 15 1412
292 4 439
290 13 504
290 30 504
290 14 505
295 5 285
295 6 296
298 3 164
298 4 191
304 2 13
304 2 17
304 2 19
304 2 19
303 6 41
298 5 213
298 6 222
298 7 222
299 3 208
305 1 0
298 13 263
298 30 263
298 14 264
298 15 264
298 7 266
295 1 397
306 5 3
306 6 9
306 7 9
296 4 355
303 5 122
303 6 129
298 8 269
298 13 281
298 14 281
299 4 265
303 8 134
296 5 434
296 7 438
296 8 446
296 4 448
296 5 451
296 6 457
298 7 364
298 8 375
308 1 0
305 3 130
298 8 390
301 3 270
298 29 406
298 29 410
298 8 412
306 1 145
306 19 145
306 136 145
306 14 146
306 14 151
306 15 151
303 8 253
308 2 33
299 7 416
307 2 187
305 6 232
305 19 242
303 1 314
305 26 252
305 14 253
303 2 352
308 3 139
301 6 393
296 29 624
296 14 629
296 15 629
296 6 661
296 7 661
303 3 416
303 4 424
308 4 198
296 19 672
296 26 677
296 14 678
303 3 433
308 3 241
303 7 499
303 1 506
303 13 507
303 30 508
303 15 511
309 3 245
308 2 312
308 2 317
307 3 415
309 4 294
309 5 324
309 21 330
309 19 354
309 15 357
309 25 368
309 6 368
309 7 368
309 8 373
307 5 580
255 29 2208
301 13 745
301 14 748
307 6 589
255 8 2209
255 8 2235
307 8 652
307 8 695
307 8 711
313 2 27
255 2 2375
307 29 777
301 7 949
301 4 950
301 3 950
315 1 0
316 1 0
313 3 106
307 29 807
307 8 808
307 14 839
307 15 839
255 7 2459
255 8 2476
313 5 154
316 2 56
313 6 162
313 7 163
313 13 201
313 14 202
313 15 202
317 1 0
318 1 0
314 4 219
313 6 282
313 7 282
255 13 2623
319 1 0
314 5 258
314 7 261
314 6 261
313 14 295
313 15 295
313 25 345
293 3 1619
318 2 107
313 13 356
313 14 357
293 4 1659
315 4 305
316 4 339
293 7 1716
315 4 359
315 4 372
315 3 373
319 3 174
321 1 0
296 6 1543
296 7 1544
296 4 1544
316 5 422
316 6 429
316 21 431
319 5 263
319 6 275
322 1 0
325 1 0
319 14 309
319 7 329
326 1 0
326 5 2
326 6 6
326 7 6
319 19 359
319 14 361
319 15 361
321 2 182
319 6 376
319 7 376
317 5 475
317 7 485
319 19 383
321 2 199
321 2 202
322 3 154
323 3 136
327 1 0
323 4 163
322 4 203
322 5 242
322 6 245
322 7 245
323 5 235
323 6 243
327 2 95
328 2 50
329 1 0
330 1 0
325 4 318
330 2 27
328 3 208
328 5 281
328 6 285
328 8 297
329 3 216
333 2 43
325 6 546
325 7 546
328 4 359
328 5 364
325 8 579
325 8 594
325 5 624
329 4 306
333 4 145
328 8 412
325 6 632
327 3 493
328 8 436
329 5 368
333 5 202
333 6 209
333 7 209
329 8 394
329 1 404
329 34 404
327 4 537
328 1 561
328 13 561
328 14 565
327 5 681
327 7 684
328 6 641
328 7 641
336 2 70
337 1 0
337 2 47
336 3 226
336 5 344
337 3 147
336 6 352
336 7 352
336 13 377
336 30 377
336 14 378
337 4 223
337 5 254
337 7 261
337 13 286
337 14 287
337 15 287
339 2 47
336 13 494
336 30 494
336 14 496
336 15 496
340 1 0
341 1 0
339 3 171
341 2 44
342 2 40
339 21 337
339 30 377
343 1 0
344 1 0
345 1 0
342 4 188
340 6 372
340 7 373
347 1 0
340 19 397
340 14 399
340 15 399
347 6 18
342 5 237
342 6 247
348 1 0
346 2 63
339 7 549
339 13 559
339 30 559
345 2 99
342 8 262
342 30 288
342 14 289
344 2 121
348 2 44
346 4 178
348 3 142
346 5 250
346 6 253
346 7 253
349 1 0
348 6 208
348 7 208
349 2 57
345 3 366
351 7 9
351 8 17
351 29 25
352 1 0
349 3 200
344 4 485
349 5 257
355 1 0
356 1 0
350 2 238
349 7 267
344 6 546
344 7 546
345 6 531
345 7 531
345 21 532
345 8 542
345 8 542
357 1 0
355 2 59
344 3 557
345 8 568
358 1 0
359 1 0
360 1 0
341 6 915
341 7 915
352 5 165
352 21 178
354 3 164
352 14 199
352 6 208
352 7 208
354 4 193
353 4 212
353 5 226
361 1 0
355 3 176
360 2 62
354 5 219
354 6 222
354 7 222
345 29 676
354 3 253
354 5 255
354 6 258
354 7 258
350 3 458
354 30 260
354 14 261
354 15 261
354 6 265
354 30 271
354 14 275
345 8 757
355 5 255
355 6 263
355 7 263
360 4 176
359 3 202
360 6 200
360 8 237
345 8 836
360 4 254
360 3 256
350 6 591
350 7 591
350 14 607
350 15 607
361 3 203
363 1 0
360 25 274
360 7 284
361 4 257
363 6 58
363 7 58
363 21 61
363 8 76
361 5 283
361 7 287
345 8 963
363 5 101
363 6 104
363 7 105
363 8 111
359 5 390
359 6 398
359 7 398
363 4 120
363 3 125
361 19 341
361 136 341
361 14 341
359 13 407
359 14 409
359 15 409
345 6 1061
345 7 1061
366 1 0
364 3 193
345 282 1220
369 1 0
345 25 1270
345 7 1270
368 2 59
364 1 273
364 19 273
364 34 273
364 14 274
345 8 1275
369 2 79
366 3 171
370 1 0
370 1 0
366 4 202
345 13 1380
345 14 1381
345 15 1381
345 25 1401
345 6 1401
345 7 1401
345 282 1412
345 14 1412
369 3 172
365 3 328
369 4 192
366 6 254
366 7 254
367 3 246
371 1 0
371 5 2
365 4 359
365 5 395
365 6 399
365 7 399
368 5 279
367 4 324
368 8 329
372 1 0
367 6 372
367 7 372
367 21 373
368 8 371
368 8 377
368 29 384
365 1 510
365 13 510
359 25 1027
359 7 1027
372 2 91
373 1 0
365 19 586
367 8 460
363 1 824
363 5 829
363 21 835
363 1 836
365 25 606
365 6 606
365 7 606
367 13 495
367 15 497
363 5 843
363 6 846
363 7 846
363 25 865
363 5 866
375 1 0
363 7 871
363 8 876
363 7 916
374 2 110
368 19 663
368 14 663
376 1 0
372 4 391
373 4 298
372 5 436
373 5 331
373 6 340
373 7 340
374 4 341
378 1 0
372 6 446
372 8 462
377 2 78
372 8 469
372 8 474
372 8 479
373 4 399
373 5 403
374 5 382
374 6 385
374 21 389
380 1 0
372 29 498
372 13 501
372 14 501
372 15 501
373 6 411
373 7 411
374 29 432
380 2 43
374 13 457
374 30 457
374 14 460
378 2 108
373 1 521
373 19 521
373 34 521
382 1 0
377 3 255
382 2 39
381 3 123
377 4 282
381 5 183
383 1 0
377 5 349
377 6 352
380 3 253
382 3 137
384 1 0
380 4 284
382 4 173
381 13 251
381 30 251
381 14 251
374 1 722
377 8 432
380 7 339
380 21 341
385 2 57
384 2 66
377 4 462
377 3 466
380 19 367
380 25 379
380 6 379
380 7 380
380 14 388
380 15 388
377 6 495
377 7 495
378 3 473
377 8 508
377 25 551
377 5 551
384 4 217
378 7 609
385 3 257
387 4 107
387 6 150
387 7 151
365 8 1606
385 4 400
378 26 771
378 27 771
378 14 774
378 25 788
378 6 788
378 7 789
385 7 428
378 26 803
378 14 807
378 25 812
378 6 813
378 7 813
388 1 0
378 2 847
385 8 495
385 34 505
389 1 0
378 25 881
378 5 882
390 1 0
389 2 46
391 1 0
378 7 889
392 1 0
388 2 135
389 3 196
393 1 0
388 3 261
395 1 0
377 8 1189
388 5 342
388 6 347
388 7 347
388 8 359
389 5 331
389 6 335
392 6 250
392 7 250
392 1 269
392 14 272
392 15 272
389 8 360
389 8 368
393 3 140
388 29 424
388 8 427
389 8 391
389 4 397
395 3 124
388 8 451
390 4 389
394 3 151
395 4 159
393 5 243
398 1 0
388 8 530
393 6 249
393 7 249
393 14 257
398 2 39
395 6 220
397 2 79
400 1 0
398 2 45
388 13 579
388 14 581
388 15 581
399 5 10
399 6 19
399 7 19
399 15 23
396 3 300
401 2 44
400 2 86
402 1 0
397 3 197
403 1 0
396 4 358
397 4 265
401 3 143
405 2 36
406 1 0
407 1 0
397 6 307
401 4 189
396 6 439
396 7 439
401 6 212
406 2 74
409 5 4
409 6 12
409 7 13
409 30 19
410 1 0
411 1 0
387 30 1202
387 14 1205
387 15 1205
400 4 375
412 1 0
396 8 618
396 136 635
396 14 638
405 7 272
411 2 104
405 8 292
400 6 446
412 2 58
413 1 0
404 4 360
414 1 0
396 14 722
403 5 380
403 6 390
403 7 390
415 1 0
404 5 405
400 14 520
396 6 739
396 7 739
413 2 48
405 8 379
404 7 419
414 2 55
403 8 442
406 3 383
398 5 621
415 2 69
398 7 630
400 7 559
400 8 571
412 3 173
404 30 467
404 14 467
400 3 586
411 3 274
403 8 477
416 1 0
416 1 0
406 4 456
416 2 33
415 3 147
415 4 172
412 5 261
412 6 263
412 7 264
414 4 194
406 6 500
405 8 543
298 5 7369
412 3 281
398 25 745
398 6 745
398 7 745
298 6 7377
416 3 95
298 7 7377
412 3 304
412 4 307
406 4 540
398 8 786
415 6 235
412 5 309
412 7 311
414 7 238
412 14 325
412 15 325
414 8 257
412 6 337
412 7 338
411 6 400
411 7 400
403 3 623
403 5 642
403 6 652
403 7 652
405 29 649
398 8 827
412 25 371
412 5 372
412 7 377
416 5 195
412 19 384
412 14 384
416 6 201
416 7 201
412 6 394
412 7 395
412 7 403
413 5 381
413 6 385
398 8 928
398 8 941
413 19 432
419 1 0
413 6 442
413 7 442
417 5 210
413 14 469
413 15 469
413 6 476
413 7 476
418 7 246
418 8 265
398 19 1017
398 14 1029
421 1 0
398 6 1042
398 7 1042
398 8 1058
398 8 1062
418 8 317
418 13 320
418 14 321
418 15 321
398 34 1117
398 25 1125
398 6 1125
398 7 1125
422 8 28
421 3 143
404 6 1042
404 7 1043
424 1 0
424 5 3
419 4 279
419 6 294
419 7 294
419 8 298
421 5 204
419 14 310
419 15 310
414 29 752
414 8 753
414 29 756
414 8 757
426 1 0
421 13 261
421 30 261
421 15 262
414 8 779
414 29 792
414 29 804
414 8 814
414 29 825
428 1 0
428 5 5
428 7 9
430 5 5
428 29 41
427 2 72
431 5 2
431 6 18
429 2 114
427 3 191
423 5 374
423 6 377
432 1 0
421 25 521
421 7 521
421 13 523
421 15 524
427 4 253
421 25 563
421 6 563
421 13 566
421 30 566
421 14 567
423 8 462
423 8 466
421 6 583
421 13 586
421 14 589
427 6 315
427 7 316
427 8 344
434 1 0
427 8 401
427 4 405
427 5 408
427 7 424
427 21 425
427 8 436
435 1 0
427 8 478
427 19 488
427 34 488
427 14 489
427 25 502
427 7 502
421 7 827
421 6 827
421 13 833
421 14 834
434 4 201
432 4 329
434 5 222
432 6 375
432 7 375
421 25 910
421 7 910
421 8 915
421 13 918
421 30 918
421 15 919
433 3 370
436 1 0
437 1 0
438 1 0
433 4 427
437 2 66
421 13 1038
421 30 1038
421 14 1039
421 15 1039
433 5 524
433 6 532
433 7 532
436 2 150
408 1 1954
439 1 0
437 3 184
421 25 1173
421 6 1173
421 7 1173
440 2 28
433 1 614
433 30 615
433 14 615
433 15 615
437 4 227
421 13 1185
421 30 1185
421 14 1186
421 15 1186
441 1 0
441 2 69
438 3 282
442 1 0
437 4 389
437 5 390
437 6 397
437 7 397
440 3 234
428 1 1089
438 5 401
438 7 418
444 1 0
428 2 1124
441 3 253
438 13 457
438 15 458
438 6 479
438 7 479
446 1 0
428 3 1166
438 19 484
440 5 354
440 6 358
440 7 358
440 29 371
446 2 33
447 2 44
428 5 1189
428 6 1195
438 15 530
441 4 344
451 1 0
451 1 0
428 4 1228
436 3 603
441 5 369
441 6 373
441 7 373
448 2 63
450 2 47
441 19 401
441 14 404
441 15 404
441 7 415
452 1 0
443 4 206
447 3 135
451 2 60
441 14 421
441 8 432
446 4 134
443 7 252
441 8 447
441 8 455
441 8 463
446 5 171
446 7 187
447 4 180
443 8 261
443 8 267
443 8 271
443 8 290
444 1 279
450 3 171
436 5 745
441 19 510
441 34 510
441 15 515
447 6 240
447 7 240
451 3 191
451 3 201
454 1 0
447 14 283
447 15 283
451 4 239
455 1 0
438 6 800
438 7 800
452 5 207
448 3 310
452 6 217
452 7 217
456 1 0
445 3 382
454 3 111
438 14 821
436 2 867
438 6 838
438 7 838
451 5 310
451 6 326
451 7 326
456 2 71
447 7 417
450 5 352
438 34 879
438 14 883
438 15 884
438 6 888
438 7 888
454 5 168
438 8 916
454 6 173
438 19 925
438 34 926
454 8 179
438 14 926
438 14 932
436 5 973
450 29 415
457 1 0
454 8 211
440 8 801
445 6 519
450 8 446
450 34 455
450 14 457
456 4 191
450 14 467
458 1 0
459 1 0
445 8 583
456 3 237
461 1 0
448 5 544
448 7 549
462 1 0
448 13 587
448 14 588
448 15 588
459 2 61
461 2 42
450 7 581
450 6 581
460 3 111
450 8 627
450 14 638
450 15 638
460 4 140
460 5 176
460 6 180
460 7 180
460 8 195
463 1 0
436 8 1350
462 4 219
459 4 295
465 1 0
462 5 252
463 2 82
459 5 351
436 14 1450
459 7 367
436 6 1459
436 7 1459
462 8 358
462 30 376
462 14 377
462 15 377
463 4 230
436 8 1521
436 8 1550
436 19 1563
436 34 1563
436 14 1564
466 2 87
436 25 1587
469 1 0
470 1 0
436 19 1656
436 34 1656
469 2 62
471 1 0
470 2 82
472 1 0
465 5 343
469 3 125
461 3 670
469 4 146
461 4 690
472 2 63
469 6 192
469 7 192
469 13 202
469 30 202
469 15 203
461 5 736
469 6 219
469 8 221
461 6 752
471 4 181
472 3 154
469 8 267
473 1 0
473 6 19
473 5 26
473 8 27
471 5 216
471 7 232
444 2 1472
472 5 215
472 7 220
469 13 318
469 14 319
469 15 319
471 8 259
461 30 887
461 14 888
471 1 304
471 30 304
471 15 306
466 6 537
466 7 537
444 3 1573
475 2 54
469 7 436
469 6 436
469 4 437
473 29 146
466 14 571
466 15 571
469 1 453
473 8 169
466 1 591
466 5 599
444 4 1618
444 5 1639
444 6 1643
444 7 1644
476 2 46
474 3 158
444 30 1673
444 15 1674
477 2 61
473 8 271
474 4 226
475 3 189
469 3 571
474 5 252
474 282 262
474 21 262
475 5 260
475 7 276
476 5 213
476 6 222
476 7 222
470 3 633
480 1 0
469 6 652
469 7 653
469 21 655
475 8 306
481 1 0
480 2 32
483 1 0
483 5 2
469 8 737
479 2 70
485 1 0
485 1 10
480 3 87
469 26 769
469 15 771
487 1 0
444 6 1967
444 8 1972
480 5 167
479 3 157
481 2 136
444 15 1998
484 2 139
479 4 196
477 4 354
488 1 0
479 6 230
479 7 231
477 5 383
470 4 869
469 1 895
469 5 899
469 6 904
469 7 904
469 13 911
469 14 911
469 15 911
479 8 258
479 8 262
479 8 273
487 2 105
477 8 408
469 7 937
469 14 945
479 8 277
479 8 280
479 8 283
479 8 286
477 8 428
477 8 436
477 8 440
489 1 0
489 1 0
489 1 0
488 2 94
474 8 608
469 25 954
469 6 964
469 7 964
469 26 967
469 6 969
479 1 318
479 14 320
479 34 320
474 8 643
469 30 986
469 14 987
490 1 0
470 7 985
444 6 2159
476 7 587
470 8 1029
470 1 1038
470 19 1038
485 2 326
476 29 636
484 3 377
490 2 86
491 1 0
491 1 0
492 1 0
494 1 0
444 29 2257
444 8 2259
496 1 0
496 1 0
444 26 2282
444 14 2285
444 15 2285
488 3 289
493 2 58
493 2 64
484 4 449
498 1 0
492 2 129
485 5 478
485 6 482
444 6 2389
481 4 558
488 6 420
488 7 420
497 3 121
499 1 0
500 1 1
500 1 1
497 4 166
501 1 0
481 5 623
481 6 638
481 7 638
488 8 451
497 5 190
502 1 0
485 8 618
488 15 503
488 25 510
488 6 510
488 7 510
497 6 206
503 1 0
503 1 0
490 4 348
502 2 28
492 3 289
488 19 530
488 14 531
490 5 384
490 6 400
490 7 401
490 21 403
481 5 706
481 6 722
481 7 722
481 8 725
488 8 553
498 3 192
490 8 415
502 3 98
470 6 1390
504 1 0
492 4 373
502 4 134
502 7 175
502 21 177
498 6 313
490 8 532
487 13 740
492 5 453
492 6 468
492 7 468
492 21 469
505 1 0
490 8 573
502 8 222
502 8 236
506 1 0
490 4 589
490 1 592
492 15 531
497 19 495
490 6 627
490 7 628
490 21 629
492 6 539
492 13 543
502 13 306
502 30 306
502 14 307
497 14 501
497 7 506
497 26 522
497 14 526
497 15 526
507 1 0
497 8 567
497 8 630
506 2 177
497 26 650
497 14 651
502 25 435
502 6 435
502 30 440
502 15 441
492 7 711
505 3 229
497 25 654
497 7 654
492 5 729
492 6 746
492 7 746
505 4 333
505 3 356
506 3 322
506 4 368
511 1 0
505 3 431
506 5 415
506 6 418
506 7 419
511 2 53
508 4 281
510 2 65
506 8 445
512 1 0
513 1 0
505 5 510
508 5 302
508 7 307
508 8 323
514 1 0
506 1 469
506 13 469
506 14 470
506 15 470
505 7 514
509 3 140
508 8 371
505 8 583
513 2 96
508 8 403
511 3 174
515 2 87
505 13 613
505 30 613
505 15 614
514 3 119
514 3 132
517 2 50
509 4 240
508 30 453
508 14 453
508 15 453
514 4 165
511 5 235
511 6 251
511 7 252
514 5 192
510 3 283
514 7 196
514 8 203
519 1 0
509 5 307
509 6 323
509 7 324
514 8 217
516 3 153
518 2 59
516 4 201
520 1 0
516 5 227
516 7 231
515 3 288
521 1 0
520 2 58
517 4 260
514 13 353
514 14 354
514 15 354
512 3 379
515 4 338
522 1 0
523 1 0
517 5 301
517 6 305
512 4 427
513 4 415
515 3 399
520 3 198
513 5 486
513 7 493
524 2 58
517 8 426
520 4 250
513 14 533
520 5 294
520 6 298
520 7 298
505 30 1076
519 3 403
521 4 272
527 1 0
521 7 312
520 8 366
520 8 398
524 3 235
523 3 322
520 8 433
519 5 558
519 7 562
519 21 564
520 8 480
524 4 304
493 3 1716
512 4 786
523 4 389
519 26 597
519 27 598
519 14 599
519 15 599
522 4 404
493 4 1771
524 5 374
524 6 381
524 7 381
522 5 462
529 2 75
522 7 478
493 6 1816
493 7 1816
512 8 905
522 8 505
522 8 514
526 3 395
522 8 524
533 1 0
523 1 551
523 14 553
523 15 553
528 4 308
528 7 351
533 2 37
528 8 378
512 13 1049
512 14 1052
512 15 1052
534 1 0
534 7 15
534 13 19
534 14 19
530 4 239
528 13 405
528 15 410
530 6 297
530 7 297
533 3 173
530 8 313
505 13 1629
505 30 1629
505 14 1633
530 13 329
533 4 199
533 6 229
533 8 258
535 2 68
526 4 1040
526 6 1063
538 1 0
539 1 0
541 1 0
539 2 52
541 2 35
540 2 46
541 4 111
540 3 130
541 5 129
543 1 0
539 3 195
529 5 1010
529 6 1013
540 5 198
540 6 201
543 2 66
539 4 248
535 4 537
544 1 0
545 1 0
540 8 276
539 5 309
539 7 314
529 1 1130
529 13 1131
529 15 1131
539 13 328
539 14 329
540 8 317
540 13 333
540 30 333
540 14 339
540 15 339
539 19 366
539 14 370
539 15 370
529 4 1200
535 7 672
547 2 55
541 8 382
529 5 1209
529 136 1223
529 14 1224
539 5 415
539 7 420
539 19 424
539 14 426
539 15 426
539 6 431
541 29 391
541 13 396
541 14 396
541 15 396
548 2 50
539 8 441
550 1 0
529 6 1276
529 7 1276
529 19 1285
529 14 1285
535 1 754
535 13 754
535 30 754
535 14 758
529 6 1294
529 7 1295
529 19 1302
529 136 1303
529 14 1303
539 14 499
539 7 502
549 2 37
550 2 40
529 6 1329
529 7 1329
529 19 1340
529 136 1340
543 3 355
547 3 201
529 19 1362
529 136 1362
529 14 1363
529 6 1379
552 1 0
529 19 1390
529 14 1391
529 6 1402
408 1 7690
547 6 279
553 1 0
549 4 153
555 1 0
550 5 187
547 13 314
547 14 314
547 15 314
541 6 644
541 7 645
544 3 414
549 6 204
549 7 204
552 2 98
550 7 203
543 4 506
551 2 102
553 2 40
541 13 696
541 30 696
541 15 697
544 4 479
543 7 564
539 5 748
539 7 762
539 8 767
554 2 126
554 2 126
554 2 126
554 2 126
554 2 127
554 2 127
539 8 784
544 5 538
544 7 542
554 2 157
555 3 153
543 29 642
543 4 646
543 3 646
553 7 179
555 4 187
554 2 187
553 1 204
553 13 204
553 14 207
556 1 0
555 6 245
552 3 327
556 2 34
555 8 276
556 2 43
544 14 647
552 4 366
554 3 294
554 4 329
552 6 432
552 7 432
554 6 369
554 8 378
552 8 478
557 1 0
552 13 505
552 14 505
552 15 505
557 5 9
557 7 13
557 13 34
557 14 35
557 15 35
558 1 0
547 25 819
547 6 819
547 7 819
547 15 834
561 1 0
551 4 646
544 6 972
544 7 972
544 3 972
559 2 47
558 2 102
564 1 0
548 5 894
548 6 896
551 5 709
565 1 0
551 8 729
568 1 0
551 8 771
547 30 1019
567 2 43
547 14 1019
568 2 72
566 2 94
558 4 299
567 3 130
563 3 209
570 2 71
565 2 192
558 7 352
571 2 43
563 4 288
563 5 288
563 21 301
558 8 413
558 8 413
558 8 413
563 14 316
566 4 251
567 4 241
572 1 0
559 4 375
559 6 392
559 7 392
563 26 330
563 14 331
570 3 186
573 1 0
569 4 211
560 2 419
560 2 422
559 8 434
571 3 157
569 5 244
569 7 249
565 4 377
567 5 339
567 7 343
567 26 355
567 27 355
567 14 356
562 5 471
569 2 276
569 3 290
569 4 293
530 4 2456
530 3 2467
568 3 358
565 5 402
565 6 418
567 6 362
567 7 363
567 14 369
567 6 371
567 26 380
567 6 383
562 6 476
562 7 476
559 19 499
559 34 499
559 14 501
571 5 218
559 7 508
571 6 225
569 6 300
569 13 309
569 30 309
569 14 310
567 26 390
567 14 394
571 4 249
571 3 250
577 1 0
530 2 2515
578 1 0
579 1 0
568 4 439
565 15 484
575 2 97
560 3 611
530 25 2580
568 6 476
580 5 26
572 3 248
582 1 0
530 25 2609
530 6 2614
530 7 2614
568 8 505
580 1 57
580 14 67
572 4 281
560 4 655
568 8 529
574 3 275
562 4 672
568 8 562
568 8 574
568 8 583
584 1 0
572 6 318
572 7 318
568 8 618
568 8 622
584 2 61
585 1 0
585 5 10
585 6 18
585 7 18
583 2 126
586 1 0
560 6 789
577 3 255
574 34 421
569 25 643
569 6 643
574 7 442
569 8 661
577 4 318
576 5 343
582 3 248
577 5 348
587 1 0
583 3 245
577 6 350
576 1 373
576 13 373
576 14 374
576 15 374
577 8 367
584 3 238
574 8 520
582 5 324
582 6 330
582 7 330
577 136 429
577 14 432
577 15 432
583 4 336
577 25 438
577 6 438
577 7 438
581 4 367
584 4 318
577 25 497
581 3 399
588 1 0
583 5 382
583 7 398
586 6 263
577 7 506
583 8 416
589 1 0
583 15 426
577 8 552
590 1 0
584 5 414
591 1 0
590 2 104
590 2 108
589 2 120
591 2 41
592 1 0
590 2 116
595 1 0
591 4 123
596 1 0
591 6 180
591 1 205
591 15 205
591 14 205
595 3 84
589 3 289
596 2 53
597 1 0
595 5 161
595 6 176
595 7 176
589 5 383
589 6 398
589 7 399
598 1 0
596 3 185
601 1 0
589 8 474
599 2 69
601 2 40
603 1 0
604 1 0
596 4 247
408 1 9867
594 3 332
602 2 70
596 5 294
596 6 302
600 3 162
604 2 75
596 2 315
570 1 1447
596 3 333
601 3 146
600 4 194
596 5 357
597 4 306
597 3 314
599 3 242
601 5 225
597 5 352
600 5 273
600 6 277
600 8 286
601 1 264
601 14 266
601 15 266
597 6 368
597 19 417
597 14 418
602 3 279
603 1 274
597 15 431
597 3 468
602 4 334
597 6 495
602 5 381
602 6 396
604 4 386
603 2 397
608 1 0
609 1 0
599 5 507
599 6 512
599 7 512
575 4 1501
604 5 437
604 8 458
602 3 497
610 1 0
606 3 147
602 4 518
575 5 1565
602 5 526
575 6 1581
612 1 0
602 6 542
604 8 538
611 2 46
604 26 585
604 27 585
614 1 0
612 2 43
606 5 236
613 2 56
606 7 252
606 8 272
575 8 1676
575 8 1717
611 3 160
611 4 185
612 3 145
606 29 303
606 8 306
605 3 562
603 4 675
575 8 1785
604 7 710
604 6 710
604 26 733
611 7 228
611 8 234
605 4 604
615 1 0
611 8 286
611 29 287
603 5 770
603 6 787
603 7 787
611 8 306
611 8 306
615 2 56
611 29 307
611 8 309
612 5 267
605 5 664
605 6 678
605 7 678
603 13 813
603 30 814
603 14 814
603 15 814
611 8 331
611 29 334
612 7 283
617 1 0
618 1 0
604 6 856
604 7 856
605 8 729
619 1 0
605 13 747
605 30 747
613 14 332
613 15 332
605 15 767
575 8 1956
619 2 58
619 2 66
612 8 399
612 8 421
617 3 115
615 3 224
613 6 432
621 1 0
616 3 239
619 3 164
618 2 179
622 1 0
615 4 281
619 4 192
617 5 199
615 7 310
623 1 0
617 13 226
617 14 227
615 8 345
624 1 0
616 5 334
619 7 240
622 2 80
616 6 350
615 13 388
615 15 396
626 1 0
627 1 0
618 3 407
616 30 479
616 13 479
616 14 479
616 15 479
624 3 165
620 4 295
618 5 506
620 5 362
618 7 513
600 13 1415
600 15 1416
624 5 255
624 6 270
620 8 385
620 4 393
629 1 0
618 8 548
620 5 397
620 6 414
620 7 414
624 14 323
624 15 323
620 8 429
628 2 153
631 2 30
631 2 36
605 25 1375
605 6 1375
605 7 1375
605 13 1393
605 30 1394
611 26 1116
611 14 1116
634 1 0
628 3 347
633 2 51
631 5 229
631 6 235
611 6 1166
611 7 1166
631 8 244
611 8 1186
611 29 1186
611 29 1190
611 29 1190
611 8 1192
611 29 1203
611 29 1203
634 2 71
633 3 135
631 19 305
631 136 305
631 14 305
631 25 317
631 6 317
631 7 317
631 8 327
633 5 204
633 6 209
633 7 210
633 8 214
631 8 390
633 8 245
628 5 551
628 8 573
634 3 254
628 30 596
631 8 463
634 4 277
628 15 601
633 13 309
631 8 483
634 6 305
634 7 305
631 19 545
631 14 545
631 6 552
633 25 404
633 8 411
633 8 422
628 7 743
633 30 446
633 14 447
633 15 447
631 8 620
628 21 747
637 5 8
408 1 11996
637 7 24
640 5 7
640 7 12
639 2 49
640 1 57
640 14 58
640 15 58
641 2 80
638 2 170
642 1 0
639 3 174
644 1 0
642 2 79
643 2 61
644 2 71
628 1 1167
639 25 273
639 5 274
639 6 276
628 6 1176
628 6 1177
628 7 1177
628 21 1180
646 1 0
641 3 271
643 3 155
637 25 356
637 6 356
637 7 357
641 3 294
647 1 0
622 5 1520
639 2 348
648 1 0
649 1 0
641 4 328
644 3 179
622 6 1527
638 3 412
639 3 394
639 4 397
650 1 0
650 1 0
639 5 407
643 6 229
643 7 229
641 5 371
643 8 235
643 8 240
643 29 241
639 6 410
639 7 410
649 2 58
644 6 243
641 8 413
638 4 486
641 13 428
641 30 428
641 15 431
644 8 272
644 8 282
651 1 0
642 3 344
638 5 551
638 6 557
638 7 557
652 1 0
653 1 0
647 1 191
641 6 503
649 3 200
641 13 526
641 30 526
641 14 527
654 1 0
641 15 527
644 34 371
638 13 596
644 14 376
644 15 376
647 2 236
638 6 643
638 7 644
638 27 648
642 6 465
649 4 241
641 7 583
641 14 592
641 15 592
651 2 151
642 2 499
649 5 264
649 7 268
653 2 112
657 1 0
649 8 308
649 8 310
649 8 311
649 29 314
649 8 315
654 3 124
642 3 559
649 8 339
649 8 341
649 8 344
649 8 346
649 8 350
656 2 61
642 5 574
657 2 73
649 8 379
644 6 536
651 3 247
642 2 593
642 25 612
642 5 612
642 6 615
642 25 621
649 25 391
649 5 392
649 6 407
654 7 208
642 6 622
642 25 632
642 5 632
658 2 82
659 1 0
653 3 261
652 8 278
653 4 297
651 5 339
651 6 354
642 5 686
642 6 688
642 2 706
659 2 44
653 5 338
651 13 380
651 15 381
642 5 741
661 1 0
659 3 117
662 1 0
642 8 799
659 4 147
657 3 310
642 5 810
642 6 815
642 7 815
643 8 791
643 8 798
658 3 296
661 2 75
659 6 201
659 7 201
651 6 531
651 7 531
658 4 326
657 4 386
652 8 500
659 29 226
659 8 238
643 8 856
651 8 565
651 8 575
659 8 271
651 8 580
651 8 598
651 8 603
658 6 365
658 7 365
657 5 423
657 6 428
657 7 428
652 13 554
652 30 554
663 5 4
658 6 421
653 1 607
663 8 44
658 8 425
657 13 504
657 14 505
653 5 610
653 6 620
653 7 620
661 3 266
665 1 0
666 1 0
658 3 490
658 4 503
658 5 510
666 2 39
658 6 525
658 7 526
658 21 527
661 4 318
643 8 1061
664 2 92
642 7 1108
643 13 1113
658 8 583
663 14 200
663 15 200
663 7 212
667 1 0
628 5 2237
668 1 0
642 6 1196
642 7 1197
665 2 196
628 14 2272
666 5 198
666 6 201
642 14 1252
642 15 1252
628 7 2290
628 1 2304
642 6 1255
642 7 1255
628 6 2313
666 4 236
670 1 0
643 25 1275
643 6 1275
643 7 1275
643 30 1285
643 14 1286
643 15 1286
664 3 343
672 1 0
668 3 185
669 8 94
664 4 395
667 3 249
667 4 254
664 5 440
674 1 0
664 7 452
664 21 456
675 5 12
675 6 18
675 7 19
668 5 260
668 6 277
670 2 174
673 2 49
676 1 0
664 8 486
675 30 33
675 14 33
676 2 46
667 5 365
667 6 374
667 7 375
673 3 113
674 2 95
667 8 398
673 4 137
659 8 924
664 19 572
664 14 576
676 3 156
672 3 299
670 3 356
671 5 344
671 6 349
671 7 349
671 8 363
676 4 218
672 4 399
676 6 285
676 7 285
675 1 311
665 6 740
665 7 740
675 5 323
675 6 328
675 7 328
670 6 455
670 7 455
678 2 63
670 29 475
670 8 479
680 1 0
665 8 762
681 1 0
670 8 497
679 2 58
672 5 482
680 2 43
674 4 418
682 1 0
679 3 184
683 1 0
678 3 216
674 6 508
674 7 509
679 4 225
677 5 462
674 13 544
674 14 545
674 15 545
679 5 266
684 1 0
679 6 270
683 2 72
679 8 303
679 8 311
684 2 86
674 1 635
679 8 350
677 8 573
686 1 0
678 7 376
674 5 645
674 8 652
674 6 652
674 7 652
679 4 385
677 8 602
678 14 411
678 6 423
678 7 423
684 3 157
677 8 642
677 13 660
677 15 664
684 4 200
683 4 330
682 4 370
674 13 823
674 14 823
686 3 209
683 6 387
683 7 387
683 14 413
683 15 413
682 6 448
682 7 449
682 8 472
686 5 298
682 19 482
686 7 306
687 1 0
682 7 509
682 14 536
682 15 536
408 1 14647
408 6 14666
408 7 14666
686 8 378
686 8 409
680 4 724
680 6 753
680 7 753
408 1 14738
408 5 14750
408 6 14758
680 8 792
688 1 0
680 8 806
687 3 189
682 7 712
682 8 715
680 8 829
689 1 0
690 1 0
682 19 718
682 14 726
687 4 258
691 1 0
691 5 19
691 6 24
691 7 24
688 2 113
687 5 313
687 6 324
687 7 324
691 8 37
687 8 352
682 25 838
682 14 853
680 19 989
680 34 989
680 14 990
687 8 363
687 8 366
682 6 872
682 7 872
680 25 995
680 6 995
680 7 995
680 8 1009
680 19 1011
680 15 1015
680 25 1016
680 6 1017
680 7 1017
692 1 0
692 5 4
692 7 8
692 8 47
692 8 52
683 1 944
694 1 0
682 7 993
695 1 0
692 14 111
692 15 111
696 1 0
695 2 57
689 7 397
698 1 0
694 3 186
695 3 142
697 2 67
699 1 0
695 4 175
694 4 216
694 5 255
694 6 258
694 21 262
695 5 238
700 2 48
697 4 228
701 1 0
702 6 5
702 1 7
702 14 8
702 15 8
700 2 55
696 4 321
697 5 267
697 6 270
697 7 270
701 2 53
697 14 308
696 5 373
696 6 376
703 3 61
705 1 0
703 4 74
698 3 329
704 2 61
703 5 90
703 7 93
703 8 102
696 14 422
696 15 422
703 8 113
700 4 227
696 6 459
696 8 461
696 8 465
688 4 845
696 8 497
707 1 0
700 5 276
700 6 286
700 7 286
698 4 445
706 2 60
696 8 505
704 3 179
709 1 0
698 5 492
688 6 944
688 7 944
710 1 0
705 3 218
704 4 252
704 5 274
688 8 984
710 2 63
704 6 288
704 7 288
705 4 280
712 5 2
704 15 316
712 8 5
712 13 14
712 15 14
711 2 74
688 8 1054
706 3 241
712 6 48
712 7 48
712 30 52
705 6 319
705 7 320
712 14 52
705 8 347
704 1 423
706 4 326
712 25 121
712 6 121
712 7 121
704 2 450
710 4 256
706 6 393
704 5 503
704 7 508
704 13 512
704 14 513
704 15 513
710 6 303
710 2 322
710 5 331
710 6 333
713 1 0
714 1 0
716 1 0
717 1 0
718 1 0
711 5 411
714 2 126
711 8 494
720 1 0
711 5 518
711 6 526
711 7 526
675 1 2657
675 5 2670
719 2 101
720 2 57
675 8 2676
675 6 2676
706 1 723
706 5 726
675 29 2706
675 30 2725
675 15 2725
714 3 271
714 4 308
713 3 356
720 3 197
714 5 348
714 7 352
714 8 369
714 29 376
713 4 383
714 136 379
714 14 380
724 1 0
714 6 388
714 8 418
713 5 447
713 6 453
713 7 453
720 4 270
723 2 54
723 2 61
719 5 359
719 6 367
720 5 305
720 6 313
720 7 313
714 15 480
724 2 99
714 25 487
725 2 51
720 8 354
714 8 500
714 8 510
726 1 0
714 29 518
725 2 53
728 1 0
723 3 165
725 3 132
729 1 0
728 2 49
729 5 5
729 19 25
729 136 25
729 14 25
729 25 31
729 7 31
729 25 39
729 7 39
730 1 0
723 5 248
723 6 251
723 4 265
723 5 268
723 6 270
726 2 144
633 25 5336
633 6 5336
633 7 5337
633 30 5343
633 14 5343
633 15 5343
722 3 283
722 4 307
725 7 245
722 7 321
725 13 254
725 30 254
725 14 256
725 15 256
730 2 49
731 1 0
731 5 2
731 6 6
722 1 357
722 13 357
722 30 357
722 14 358
732 1 0
731 1 54
731 13 55
731 15 55
728 4 290
727 3 289
730 5 198
730 6 200
728 5 322
728 7 327
728 8 337
727 4 386
728 8 402
727 5 453
727 7 456
727 8 476
727 8 488
727 8 500
727 8 513
734 1 0
735 1 0
728 15 554
726 3 594
734 2 67
726 4 631
733 4 310
726 6 658
726 7 658
739 1 0
739 5 1
739 6 4
739 7 4
739 1 13
739 13 13
739 30 13
737 2 72
731 1 497
733 7 359
731 5 499
731 1 515
731 13 516
731 30 516
731 15 517
733 8 400
740 5 5
740 6 10
712 2 1534
731 5 550
731 6 556
724 4 881
742 1 0
731 8 566
733 13 446
733 14 446
733 15 446
741 7 8
731 1 595
731 13 596
731 30 596
731 14 596
731 15 596
712 3 1623
737 3 220
743 1 0
724 6 968
724 7 968
744 7 12
733 5 541
733 6 549
733 7 549
744 15 18
733 13 582
733 14 583
733 15 583
734 4 378
724 29 1056
733 5 606
738 3 271
737 4 328
724 1 1092
724 13 1093
724 30 1093
724 14 1094
733 8 626
733 13 638
733 14 640
733 15 640
738 4 321
734 8 441
625 3 6592
712 4 1797
745 1 0
625 4 6636
734 8 478
737 6 425
737 7 425
746 6 12
746 13 24
746 30 24
734 34 510
734 14 512
734 15 512
712 5 1871
712 6 1874
734 6 533
734 7 533
625 5 6681
733 1 746
625 7 6685
733 5 751
733 7 760
734 8 538
734 19 542
734 34 542
734 15 544
745 2 84
733 15 786
712 25 1941
712 5 1941
712 6 1943
712 7 1943
712 8 1957
712 19 1963
712 34 1963
712 26 1975
712 14 1976
750 1 0
751 1 0
750 2 63
749 2 108
751 2 42
745 3 265
752 2 67
711 13 2214
711 14 2215
711 15 2215
751 3 158
745 4 350
731 5 1178
731 6 1182
731 7 1182
752 3 158
754 5 5
750 4 242
754 6 10
749 3 303
755 6 10
755 7 10
752 4 212
753 2 67
751 5 244
750 5 300
750 7 308
753 2 99
756 5 2
757 1 0
753 2 141
756 6 7
756 7 7
756 8 25
750 8 368
750 13 376
750 30 376
750 14 376
749 4 411
747 5 472
747 6 474
758 1 0
731 13 1344
731 30 1344
731 14 1344
731 15 1344
750 6 392
750 7 393
750 8 397
625 29 7189
737 8 978
625 8 7210
750 8 448
760 1 0
737 14 996
757 4 202
751 4 475
751 5 480
751 8 486
749 5 592
749 7 600
749 21 602
761 1 0
761 5 6
761 6 9
762 1 0
757 6 249
757 7 249
757 30 261
757 13 261
757 14 262
757 15 262
761 29 48
757 25 285
757 6 285
759 3 165
761 14 62
761 15 62
761 6 72
761 7 72
757 25 315
759 4 192
763 2 48
756 19 323
756 6 333
756 7 333
757 3 331
759 5 227
756 26 340
756 14 341
756 6 352
757 5 380
757 7 382
759 14 248
759 7 258
759 4 260
759 3 261
756 26 390
765 1 0
763 3 152
762 3 174
757 25 449
757 5 449
757 6 451
757 7 451
757 21 453
757 13 468
757 30 468
757 14 470
757 15 470
765 2 69
763 4 205
766 1 0
762 4 228
762 5 243
763 5 230
763 6 244
763 7 244
762 6 247
757 7 541
757 14 551
760 2 474
765 3 206
768 1 0
749 1 1085
770 1 0
764 4 370
760 6 640
760 7 640
760 8 651
764 5 421
764 7 425
760 30 657
749 6 1161
764 21 426
764 13 482
764 30 483
764 15 483
773 1 0
768 3 229
772 2 65
774 2 46
728 1 2378
775 2 39
728 6 2391
728 8 2396
768 4 279
773 2 95
776 1 0
728 13 2400
728 14 2401
728 15 2401
772 3 192
771 4 293
770 4 320
771 5 310
771 7 314
776 2 109
774 4 204
775 3 179
779 1 0
770 6 349
770 7 349
766 1 637
770 30 391
770 14 392
774 6 246
774 7 246
775 4 232
782 1 0
773 3 297
775 5 280
775 6 287
775 7 287
775 8 301
772 6 373
772 7 373
774 8 350
781 3 103
768 5 591
781 4 129
776 3 307
781 6 172
781 7 172
776 3 353
779 3 241
773 6 494
773 7 494
776 4 396
776 5 407
776 7 410
784 1 0
776 15 452
785 1 0
786 1 0
773 8 603
774 8 600
785 2 51
783 3 152
786 2 72
787 1 0
773 8 683
774 8 665
789 1 0
785 3 145
785 4 166
785 6 215
785 8 226
785 29 249
785 4 261
788 2 167
787 3 198
788 2 187
788 2 196
788 2 199
788 2 199
787 4 226
768 8 1068
768 1 1073
768 13 1073
768 14 1073
791 1 0
790 2 31
788 2 207
788 2 216
787 5 253
787 6 258
788 2 273
788 2 290
791 6 91
791 7 91
788 2 332
793 1 0
790 5 191
793 25 38
790 6 198
790 7 198
790 8 220
795 1 0
790 8 240
794 2 47
788 3 489
795 2 74
797 1 0
793 25 188
787 13 575
787 30 576
787 14 578
787 15 578
793 25 211
793 4 211
788 5 577
788 6 584
788 7 585
793 5 221
793 6 226
793 7 226
793 21 231
727 1 3616
793 8 250
795 2 230
794 4 298
798 2 84
799 1 0
794 5 325
794 6 328
794 7 328
794 1 361
794 13 361
797 3 203
800 1 0
794 14 362
794 15 362
801 1 0
792 4 470
797 5 312
797 7 315
798 3 274
803 1 0
804 1 0
797 25 375
797 5 376
797 6 378
803 2 57
790 8 757
790 8 766
798 4 314
768 7 1826
768 6 1826
768 8 1839
805 1 0
800 5 232
790 13 773
790 14 775
790 15 775
801 3 189
800 7 238
797 2 468
798 5 398
798 7 405
798 8 409
801 5 247
801 7 250
790 7 880
797 3 537
797 4 543
797 7 565
797 8 577
801 8 316
802 3 332
804 4 207
797 8 605
804 5 296
804 6 300
802 6 456
804 8 326
806 1 0
802 2 494
807 1 0
806 2 54
808 1 0
809 1 0
805 4 407
811 1 0
805 5 442
812 1 0
805 7 453
813 1 0
809 2 119
816 1 0
802 4 693
811 2 89
813 2 63
802 5 711
802 6 727
806 5 263
806 6 265
815 2 115
806 8 333
807 3 283
815 2 126
818 1 0
808 2 300
808 2 303
813 4 238
807 5 400
819 1 0
807 6 406
807 8 419
811 3 328
807 13 451
807 14 454
820 1 0
813 7 312
811 4 387
821 1 0
813 4 373
822 1 0
815 7 389
809 3 526
818 3 228
823 1 0
822 2 49
808 8 564
808 8 574
815 8 429
809 4 568
811 5 495
811 6 499
808 8 596
826 1 0
825 2 22
825 2 28
824 2 37
824 2 49
815 14 514
822 3 162
790 5 1811
809 8 656
818 6 400
826 2 96
790 6 1819
790 7 1819
790 8 1825
790 19 1833
790 34 1833
790 15 1838
822 4 210
825 4 135
825 5 143
827 5 7
827 7 11
809 8 732
824 3 161
825 6 151
820 3 323
827 34 35
819 2 389
818 29 488
809 4 788
809 3 790
828 1 0
818 4 517
818 3 519
825 8 210
826 5 215
826 7 218
825 8 224
825 8 232
826 4 229
821 4 332
825 8 243
809 1 851
809 5 856
809 6 861
809 7 861
818 4 578
818 5 583
821 7 383
819 3 544
819 4 612
808 30 992
808 15 992
820 5 561
820 21 568
823 3 433
820 1 599
820 13 599
820 15 599
819 5 654
819 6 663
819 7 663
819 8 698
819 34 706
819 14 707
808 25 1091
808 6 1091
819 25 722
819 6 722
808 8 1096
808 30 1115
777 1 2989
777 5 2993
777 6 2999
777 5 3006
777 7 3009
830 1 0
831 1 0
777 8 3014
777 8 3022
777 8 3024
777 8 3027
830 2 33
831 2 54
832 1 0
777 8 3075
777 8 3079
777 29 3082
777 8 3085
823 7 656
833 1 0
829 2 194
834 1 0
832 2 81
829 2 208
835 1 0
835 5 5
835 1 18
829 2 222
835 6 29
835 19 37
835 14 44
835 6 82
835 7 82
777 29 3230
777 8 3234
835 14 99
835 19 108
835 6 114
835 7 114
829 3 329
834 2 135
835 8 118
833 4 156
838 1 0
833 5 158
833 7 166
829 4 367
832 4 258
832 5 285
832 6 288
832 7 288
832 8 297
831 4 333
808 25 1495
808 8 1505
829 6 434
829 7 434
829 8 441
829 8 448
831 6 381
832 8 343
829 14 478
838 2 107
808 30 1595
808 14 1595
831 8 498
831 19 509
831 34 509
837 4 333
834 3 434
840 1 0
837 7 376
837 8 396
834 4 468
835 5 485
835 8 499
835 6 499
835 7 499
837 4 441
837 3 441
829 6 700
829 7 700
834 6 516
834 7 516
835 19 514
835 6 530
838 3 451
841 2 70
842 1 0
843 1 0
844 1 0
842 2 78
846 1 0
838 4 583
838 3 596
845 2 49
841 4 265
847 1 0
847 5 6
841 5 321
842 4 246
845 3 154
845 4 194
848 1 0
850 1 0
845 5 227
845 6 234
845 7 234
851 1 0
841 8 403
849 7 15
849 13 48
849 30 48
852 1 0
844 3 339
850 3 165
841 8 562
853 1 0
850 5 241
850 6 256
850 8 268
850 13 294
850 14 294
850 15 294
844 7 601
850 6 357
850 7 357
849 6 368
849 7 368
844 8 684
850 13 504
850 14 505
850 15 505
844 8 823
844 8 853
855 2 24
855 2 43
854 3 258
854 4 341
857 1 0
844 8 1160
854 6 538
844 13 1261
844 14 1262
844 15 1262
857 3 170
844 6 1295
857 4 209
844 8 1314
844 14 1360
844 15 1360
858 1 0
857 6 289
857 7 290
859 1 0
854 8 800
841 30 1602
841 14 1602
854 14 825
854 15 825
857 8 382
858 1 102
859 2 120
860 1 0
861 1 0
860 2 48
861 2 52
859 3 327
844 8 1787
864 1 0
863 2 42
862 2 86
844 8 1801
865 1 0
859 4 394
860 3 215
863 3 105
863 5 146
863 6 149
863 7 149
862 3 187
866 1 3
860 4 280
738 5 7544
738 7 7552
865 2 75
860 5 325
860 6 330
860 7 331
863 8 196
857 29 836
867 1 0
865 3 157
868 1 0
861 3 329
863 2 258
863 6 267
863 7 267
862 5 311
862 6 315
862 7 315
860 13 399
860 14 400
863 8 273
863 1 291
863 19 291
865 4 207
844 13 2034
844 14 2036
844 15 2036
844 25 2043
844 6 2043
844 7 2043
844 8 2051
863 19 306
863 8 316
863 13 324
863 15 327
863 14 327
866 3 185
861 7 419
844 29 2063
844 8 2069
844 13 2076
844 14 2077
862 8 378
865 5 281
844 14 2098
844 15 2098
738 8 7774
869 1 0
865 6 289
865 7 289
865 21 290
867 3 164
865 1 311
865 13 311
870 1 0
862 1 444
862 13 444
862 15 444
867 4 195
871 1 0
866 5 303
866 6 311
866 7 311
861 8 546
861 29 551
861 8 553
768 8 6355
768 8 6373
866 8 333
870 2 94
866 6 355
866 7 356
861 29 579
861 8 581
738 5 7880
738 7 7891
872 1 0
768 8 6390
865 6 418
865 7 418
867 6 289
867 7 289
866 8 374
866 13 387
866 14 387
866 15 387
861 29 591
861 8 598
738 8 7909
865 27 434
865 14 435
768 8 6425
867 8 308
867 13 317
867 14 319
874 1 0
861 8 634
875 1 0
869 2 182
861 8 678
875 2 56
865 6 502
865 7 503
862 8 629
862 14 641
870 2 202
866 6 459
866 7 460
866 8 461
866 13 465
866 25 489
866 8 491
866 26 496
866 14 498
866 6 503
866 8 505
866 26 511
866 14 513
866 7 519
866 5 532
866 6 540
866 8 544
866 19 556
866 34 556
866 14 558
866 15 564
879 1 0
861 8 843
875 4 216
876 4 200
880 1 0
870 3 418
877 3 133
875 5 286
880 2 45
870 4 444
870 5 455
870 7 459
877 4 161
876 5 260
876 6 274
876 7 274
869 3 471
869 4 476
877 5 204
877 6 207
877 7 207
876 13 302
876 14 302
876 15 302
869 5 492
869 7 497
861 8 996
873 4 393
869 13 567
869 30 567
869 15 568
881 1 0
882 1 0
882 5 4
879 3 236
869 25 615
883 1 0
873 5 499
873 6 509
873 7 510
881 2 45
884 1 0
885 1 0
879 7 293
869 8 669
869 19 679
869 34 679
782 2 6505
887 1 0
886 5 8
886 7 15
879 19 359
886 8 28
844 25 2868
844 6 2868
844 7 2868
884 2 74
886 8 40
886 8 45
844 8 2874
844 30 2879
844 15 2880
887 2 59
886 34 68
886 14 68
880 8 386
880 5 401
880 6 404
880 1 406
880 6 416
880 8 420
880 8 428
880 29 431
880 8 434
880 8 442
883 3 217
880 19 458
880 34 458
880 25 462
880 6 462
880 7 462
883 4 252
878 3 588
883 5 277
881 6 324
881 7 324
884 7 268
883 19 290
883 14 291
883 7 298
883 8 306
884 8 277
884 8 292
884 8 301
883 8 336
888 1 0
881 13 391
878 5 680
878 6 684
878 7 685
884 8 337
884 8 354
888 2 81
844 25 3184
844 7 3184
844 8 3188
881 25 483
881 6 483
881 13 511
881 14 512
844 29 3256
844 8 3261
844 8 3282
844 8 3314
844 8 3335
782 4 7015
890 1 0
844 8 3400
782 5 7064
782 6 7071
782 7 7071
890 2 49
891 1 0
892 1 0
893 1 0
844 8 3418
893 2 65
888 3 386
894 6 13
894 7 13
894 8 27
894 29 34
894 14 48
894 15 48
889 3 193
844 14 3538
888 4 454
895 1 0
889 4 227
891 2 154
896 1 0
888 5 524
888 6 529
889 6 285
889 7 285
844 6 3633
844 7 3633
844 8 3638
888 8 589
890 4 343
886 25 845
886 7 853
886 8 864
889 34 352
889 14 354
889 15 354
889 6 364
889 7 364
889 3 366
844 14 3687
844 15 3687
897 1 0
888 8 639
890 6 396
890 8 424
892 4 371
899 1 0
897 2 76
900 1 0
900 1 0
891 6 371
891 7 371
891 21 373
899 2 35
892 5 443
898 2 71
891 30 436
891 14 436
892 6 452
899 3 131
896 7 297
897 3 214
899 4 179
898 3 184
897 4 247
899 6 209
899 7 209
899 19 215
899 14 216
897 5 286
899 7 225
899 19 237
899 14 237
899 6 244
899 7 244
899 19 250
899 6 252
898 5 268
897 6 291
897 7 291
897 8 315
900 3 252
898 6 281
898 7 281
899 4 261
897 8 321
897 8 327
844 25 4054
844 6 4054
844 8 4062
844 13 4071
844 30 4071
844 14 4073
844 15 4073
902 1 0
901 3 136
891 25 690
891 6 691
900 5 336
901 4 179
900 6 351
900 8 371
900 8 375
900 8 401
900 8 412
900 8 415
900 8 426
900 19 430
900 34 430
898 8 480
900 14 433
900 7 436
900 8 441
900 8 446
900 8 449
900 19 455
900 34 455
900 14 456
900 7 459
901 6 308
901 7 308
904 1 0
891 34 947
891 14 948
904 3 173
904 4 328
907 1 0
904 5 423
904 6 426
904 21 428
908 1 0
908 6 8
908 7 8
908 8 13
910 1 0
909 6 20
908 13 69
904 1 592
904 34 593
907 5 295
907 6 299
907 7 299
911 1 0
912 1 0
914 1 0
912 5 152
912 6 157
912 7 157
912 8 164
912 15 182
912 25 188
912 6 189
912 7 189
912 8 197
912 34 202
912 25 204
907 8 695
915 1 0
907 5 765
907 6 769
907 7 769
915 2 81
887 4 2673
916 2 69
887 5 2738
914 4 361
887 6 2754
887 7 2755
914 5 404
914 6 407
887 8 2808
917 1 0
887 14 2849
887 6 2857
887 19 2866
887 136 2866
850 5 5477
887 14 2880
914 8 501
918 1 0
917 2 92
915 5 448
915 7 451
918 2 66
916 3 336
913 3 752
916 5 471
916 7 479
917 5 358
917 6 366
917 7 366
917 1 391
917 19 391
913 3 945
917 19 409
917 14 410
918 7 346
921 2 30
922 1 0
921 3 173
921 4 203
924 1 0
924 5 3
923 2 165
921 6 232
921 7 232
924 8 25
924 13 31
924 14 34
924 15 34
922 3 179
925 1 0
919 3 282
920 3 317
921 13 308
921 30 308
921 14 309
926 2 41
926 2 52
927 13 0
921 6 330
921 8 334
926 3 100
927 5 10
927 6 14
927 7 14
928 1 0
922 7 310
926 4 125
921 13 403
921 30 403
921 14 407
922 19 359
922 34 359
922 14 359
926 5 160
919 7 479
926 6 163
926 7 163
922 6 375
922 7 376
926 8 186
923 3 404
920 5 500
920 7 503
926 13 195
926 15 195
919 13 525
919 15 526
920 8 529
925 3 244
925 4 318
929 1 0
929 2 41
920 1 645
920 13 646
925 6 364
925 7 364
922 6 616
925 8 445
922 13 628
922 14 629
922 15 629
919 4 738
919 3 742
925 8 471
925 19 479
925 15 481
930 2 61
929 3 191
928 4 439
887 6 4073
887 7 4074
920 6 919
920 7 919
929 6 336
928 5 549
928 6 552
928 7 552
929 1 369
930 3 270
928 19 576
928 14 578
928 15 578
928 14 589
929 8 427
929 8 441
930 4 330
929 8 460
929 8 464
930 5 365
930 7 368
931 1 0
929 19 475
929 14 485
932 1 0
930 19 414
930 136 414
933 1 0
930 6 441
930 7 442
930 19 453
930 6 462
930 19 475
930 136 475
930 14 475
935 1 0
936 1 0
937 1 0
938 1 0
938 2 38
938 3 116
938 4 154
938 5 171
938 6 175
942 1 0
940 2 218
943 1 0
940 3 295
944 1 0
940 4 322
940 5 346
940 7 350
940 6 350
940 1 360
940 5 368
940 30 387
940 13 387
940 15 391
945 1 0
880 1 6196
880 7 6206
946 2 35
880 8 6219
880 1 6225
880 34 6226
945 3 195
946 4 154
945 6 239
945 7 239
944 4 558
946 5 182
945 19 257
945 14 259
946 7 198
946 8 217
944 5 604
945 14 274
944 7 608
947 1 0
947 5 3
945 4 372
947 6 21
947 7 21
949 1 0
949 2 33
944 8 821
949 3 109
948 2 182
949 4 142
944 8 889
950 1 0
949 5 169
949 7 179
951 1 0
952 1 0
952 1 15
950 2 96
952 2 82
948 3 394
952 3 204
948 5 444
948 6 449
948 7 450
950 3 248
950 4 299
950 5 388
952 4 326
952 3 351
953 2 132
953 2 136
953 2 137
950 8 422
950 8 444
954 2 44
955 1 0
954 3 137
956 1 0
954 5 209
953 3 390
954 6 214
954 19 238
954 7 246
957 1 0
956 2 154
954 19 301
958 1 0
958 5 4
954 7 308
958 6 12
958 7 12
954 19 323
954 34 324
954 6 327
955 4 242
955 6 286
955 7 287
959 1 0
955 8 317
955 8 322
955 8 325
955 8 333
959 2 72
957 2 186
956 3 417
960 1 0
960 1 2
960 1 3
960 1 4
961 1 0
952 1 1041
958 8 347
952 2 1062
958 29 381
960 2 115
962 1 0
952 3 1103
963 1 0
964 1 0
952 4 1109
959 3 345
952 5 1173
952 6 1183
956 5 661
956 6 670
956 7 670
956 21 671
956 8 684
959 4 425
956 26 706
956 14 707
952 1 1229
952 13 1231
952 14 1231
952 15 1231
959 5 460
956 14 734
959 7 468
956 29 763
956 8 764
959 13 498
959 30 498
959 15 499
961 3 273
960 4 369
956 8 800
956 8 800
956 29 801
956 8 806
956 4 826
956 5 837
961 4 336
956 6 845
956 7 845
956 21 846
959 6 581
959 7 581
959 30 595
959 14 595
959 15 595
960 8 458
960 8 461
956 8 888
961 6 385
961 7 386
952 6 1408
952 8 1426
960 8 486
956 8 927
965 1 0
961 8 422
960 8 563
966 1 0
967 1 0
966 2 63
966 4 225
959 6 1016
959 7 1016
966 5 271
966 6 279
966 8 286
966 13 297
966 14 297
966 15 297
968 1 0
959 5 1020
959 7 1028
959 13 1084
969 1 0
959 6 1143
959 7 1143
959 30 1165
959 14 1166
959 15 1166
971 1 0
970 2 77
973 1 0
969 3 214
971 2 95
972 2 70
969 4 258
973 2 57
974 2 35
959 6 1358
959 7 1358
959 8 1375
967 2 590
959 19 1386
959 34 1386
969 5 318
969 6 322
971 2 194
969 5 353
969 6 356
969 7 356
975 1 0
973 3 154
974 4 164
973 4 208
974 7 182
974 8 190
970 4 376
967 4 752
973 7 241
973 6 241
970 5 413
970 7 417
974 13 229
974 30 229
974 25 235
972 4 316
967 5 800
967 6 806
967 7 807
977 1 0
972 6 382
972 7 383
978 1 0
976 2 72
974 13 364
974 30 364
974 14 366
972 8 426
972 8 428
967 14 914
972 8 482
972 19 484
972 34 485
976 3 205
977 4 169
978 3 193
977 5 189
977 6 192
976 4 263
977 8 224
979 5 4
977 8 254
977 13 264
977 14 265
977 15 265
979 7 15
978 4 293
978 5 337
978 7 350
978 15 388
980 2 110
980 3 266
980 4 340
980 5 432
980 6 436
982 1 0
981 2 103
981 3 257
985 1 0
986 1 0
981 4 363
986 2 58
985 2 74
981 5 476
988 1 0
981 6 482
981 8 529
985 4 231
990 1 0
985 5 296
989 3 103
985 6 304
985 8 318
989 4 122
989 5 150
989 6 158
989 8 188
990 2 160
990 3 378
986 3 646
986 4 693
986 5 746
986 6 754
986 7 754
986 3 820
986 4 834
986 6 845
986 7 845
986 4 849
986 3 850
986 3 858
986 4 860
986 5 863
991 1 0
992 1 0
986 6 874
986 7 874
991 2 42
992 4 131
994 3 123
995 2 57
992 5 157
992 7 160
994 4 146
986 1 1031
986 14 1031
986 14 1049
994 6 183
994 7 183
992 1 215
992 19 215
992 136 215
992 14 218
992 15 218
994 8 240
995 3 169
994 8 265
994 13 279
994 14 280
994 15 280
995 4 242
995 5 261
995 7 277
995 8 369
996 1 0
996 2 64
996 2 84
