2 0 54960360
2 3 54960360
2 58 54960360
2 145 54960360
131 144 54958380
58 144 54955260
58 145 54954720
1 21 54953940
1 21 54953760
112 113 54953700
112 24 54953700
58 145 54953460
112 113 54953280
112 24 54953280
2 0 54952500
58 82 54949560
58 145 54949560
113 112 54948000
113 149 54948000
99 91 54943380
111 83 54943380
116 111 54924882
111 83 54906480
22 33 54892440
22 139 54892440
25 24 54882120
140 130 54845580
140 92 54845580
112 113 54829020
112 24 54829020
149 112 54757380
149 42 54757380
149 148 54757380
149 25 54757380
149 113 54757380
149 107 54757380
149 24 54757380
11 6 54740280
11 8 54740280
11 17 54740280
112 113 54730200
112 149 54730080
112 113 54730080
88 49 54720000
99 35 54717600
2 0 54713760
79 91 54710160
79 111 54710160
79 88 54710160
79 139 54710160
143 131 54708300
2 0 54707520
131 143 54706260
11 6 54697080
11 8 54697080
11 17 54697080
143 78 54696660
2 0 54694860
2 145 54691560
22 19 54691380
131 144 54691140
22 139 54691140
2 55 54690660
2 0 54689820
22 17 54686940
22 139 54686940
22 20 54685320
22 17 54685320
22 139 54685320
22 23 54685320
22 139 54684960
92 130 54683580
139 6 54672540
139 11 54672540
139 17 54672540
116 73 54657066
2 145 54639780
112 113 54637920
112 24 54637920
91 139 54636240
22 139 54634260
61 81 54630780
149 112 54630600
149 42 54630600
149 148 54630600
149 25 54630600
149 113 54630600
149 107 54630600
149 24 54630600
139 6 54629340
139 11 54629340
139 17 54629340
58 2 54628380
58 0 54628380
58 3 54628380
58 145 54628380
112 113 54628320
1 21 54626460
2 0 54625800
22 17 54625680
22 120 54624000
1 38 54623760
22 6 54623100
22 20 54623100
22 17 54623100
143 131 54615540
1 21 54615300
131 144 54611040
37 120 54608940
88 73 54607320
58 82 54606840
149 112 54603360
149 42 54603360
149 148 54603360
149 25 54603360
149 113 54603360
149 107 54603360
149 24 54603360
22 9 54602400
22 139 54602400
0 2 54601740
0 3 54601740
0 58 54601740
0 145 54601740
0 55 54600600
0 2 54600600
0 3 54600600
0 58 54600600
0 145 54600600
22 9 54566580
11 15 54557940
116 85 54552714
58 2 54544980
58 0 54544980
58 3 54544980
58 145 54544980
112 113 54543480
112 24 54543480
112 113 54543420
112 24 54543420
112 113 54543360
112 24 54543360
91 95 54538740
91 139 54538020
2 3 54534360
1 138 54533580
117 66 54531900
58 95 54531900
58 111 54531900
117 109 54531900
117 84 54531900
117 114 54531900
117 24 54531900
117 87 54531900
91 111 54524340
111 91 54523860
58 82 54519780
58 2 54516900
58 0 54516900
58 3 54516900
58 145 54516900
91 111 54516540
111 91 54515820
91 111 54514920
11 15 54514740
111 91 54514620
112 113 54513120
112 24 54513120
91 111 54512340
107 88 54498660
116 129 54482005
107 88 54480840
107 105 54469800
22 20 54462840
22 17 54462840
22 139 54462840
22 23 54462840
2 0 54458580
82 71 54458520
58 82 54456660
117 102 54456480
107 88 54455460
143 131 54453240
117 102 54453000
117 90 54452640
117 90 54451920
143 55 54451080
112 113 54450960
112 24 54450960
22 6 54449520
22 9 54449520
22 17 54449520
22 139 54449520
41 57 54448620
1 21 54446160
57 41 54445800
41 57 54445320
57 41 54445020
1 21 54444720
2 58 54439380
107 88 54437640
2 3 54431580
149 112 54429300
149 42 54429300
149 148 54429300
149 25 54429300
149 113 54429300
149 107 54429300
149 24 54429300
107 105 54426600
143 131 54424560
25 51 54423780
25 142 54423780
25 42 54423780
25 136 54393840
25 139 54393840
2 55 54378240
37 58 54376920
112 113 54373620
11 6 54371520
111 73 54369540
22 6 54359820
22 17 54359820
22 139 54359820
145 3 54359520
145 3 54357540
112 113 54357000
73 111 54356580
145 3 54351840
92 66 54350520
92 130 54350520
92 109 54350520
92 87 54350520
58 144 54348180
120 37 54347880
2 145 54343080
112 113 54301140
112 24 54301140
112 113 54300840
22 139 54288120
11 6 54136080
11 8 54136080
11 17 54136080
112 113 54122940
112 24 54122940
112 149 54121920
112 113 54121920
112 113 54115080
112 24 54115080
58 82 54114000
58 82 54112860
0 2 54112740
0 3 54112740
0 58 54112740
0 145 54112740
58 82 54108000
148 112 54106680
148 42 54106680
148 149 54106680
148 25 54106680
148 113 54106680
148 107 54106680
148 24 54106680
139 112 54105900
58 55 54104160
117 92 54102600
58 2 54101160
92 117 54099420
112 113 54098460
112 149 54098280
112 113 54098280
112 113 54096900
112 113 54093240
112 24 54093240
22 139 54093060
11 6 54092880
11 8 54092880
11 17 54092880
22 9 54091560
41 57 54089100
139 112 54085620
58 82 54085380
81 88 54083640
92 149 54077340
2 0 54030300
2 3 54030300
2 58 54030300
2 145 54030300
112 113 54023400
112 24 54023400
112 113 54022380
112 24 54022380
2 3 54021600
2 3 54020880
92 149 54014760
112 113 54012060
112 24 54012060
136 95 54010080
136 41 54010080
136 91 54010080
136 51 54010080
136 142 54010080
136 75 54010080
136 56 54010080
136 49 54010080
136 42 54010080
136 57 54010080
136 121 54010080
136 25 54010080
136 99 54010080
136 147 54010080
136 139 54010080
136 122 54010080
22 20 54008640
57 51 54006840
112 113 54006720
112 24 54006720
57 56 54006600
112 113 54001320
112 24 54001320
58 82 54001020
112 113 54000900
112 24 54000900
58 0 53999760
58 3 53999760
22 6 53996340
22 17 53996340
22 139 53996340
22 139 53996280
22 33 53994780
41 57 53994720
22 6 53994060
22 17 53994060
22 139 53994060
91 40 53993280
11 6 53974200
6 11 53962500
2 145 53946480
111 29 53944020
111 29 53943840
111 73 53943720
2 58 53943000
58 55 53942820
58 2 53942820
58 2 53938200
58 0 53938200
58 3 53938200
58 145 53938200
112 113 53935920
58 2 53935500
58 145 53935500
112 113 53935200
122 121 53931480
11 6 53931000
2 145 53930160
112 113 53929920
139 91 53926980
58 0 53923500
58 0 53923080
112 113 53921100
112 24 53921100
2 58 53919540
6 11 53919300
112 113 53917920
112 24 53917920
111 95 53914860
58 82 53912460
58 2 53912340
143 131 53911320
111 83 53905560
25 142 53873160
25 136 53873160
25 122 53873160
25 136 53872560
25 57 53871480
11 6 53865000
11 17 53865000
112 113 53861400
112 24 53861400
2 0 53858640
2 0 53858580
112 113 53858100
2 58 53857080
58 2 53854380
58 0 53854380
58 3 53854380
58 145 53854380
112 113 53854200
112 24 53854200
139 112 53852460
2 0 53852340
2 3 53852340
112 139 53852160
139 112 53851980
112 139 53850540
2 0 53850480
2 58 53850060
112 113 53849640
58 145 53847540
2 3 53845620
107 73 53843820
112 113 53843820
88 61 53835480
112 113 53834940
112 24 53834940
92 149 53832960
112 113 53832660
112 24 53832660
112 113 53832600
112 24 53832600
112 113 53832060
112 24 53832060
58 82 53826840
11 6 53821800
11 17 53821800
111 73 53784600
111 146 53784600
38 40 53774880
61 88 53770560
113 112 53769720
112 113 53768040
112 113 53767860
22 120 53763720
144 143 53761020
112 113 53757720
112 24 53757720
88 81 53757120
143 78 53755260
25 120 53754240
25 57 53754060
88 81 53753820
22 6 53753100
22 17 53753100
22 139 53753100
81 98 53751000
81 29 53751000
81 88 53751000
143 78 53750160
143 85 53750160
81 88 53750100
81 88 53749500
2 58 53744880
58 2 53744040
91 49 53743860
38 132 53738280
38 111 53738280
38 25 53738280
38 146 53738280
38 48 53738280
99 91 53729040
99 139 53729040
112 113 53658900
112 24 53658900
112 113 53658180
112 24 53658180
112 9 53657940
112 139 53657940
112 113 53657760
112 24 53657760
112 113 53616960
112 24 53616960
112 113 53616840
112 24 53616840
112 113 53616420
74 66 53526000
74 92 53526000
22 20 53510880
139 11 53506020
22 20 53505720
58 82 53504580
2 58 53503020
57 25 53500380
11 6 53498640
11 8 53498640
11 17 53498640
143 122 53497980
22 139 53495220
22 33 53491620
22 9 53491620
22 139 53491620
22 12 53491620
112 9 53484180
112 113 53482680
58 2 53482500
58 0 53481180
58 81 53428380
22 9 53425860
22 17 53425860
58 0 53419920
79 111 53419620
143 78 53415300
9 112 53408940
117 102 53407620
58 82 53406900
112 113 53404500
41 57 53402100
57 41 53401980
2 3 53399460
58 82 53398320
92 130 53390940
22 17 53353320
22 139 53353320
111 61 53343300
2 55 53341020
22 139 53329800
58 82 53323500
132 143 53323440
58 82 53318880
149 73 53314860
149 105 53314860
149 112 53314860
149 113 53314860
149 107 53314860
149 24 53314860
149 9 53314860
72 102 53300520
112 149 53273640
112 113 53273640
112 113 53272980
112 24 53272980
57 25 53253720
57 56 53242800
57 139 53242800
57 122 53242800
143 144 53239920
47 110 53234580
91 95 53226420
142 136 53224680
58 82 53221620
68 76 53219100
68 45 53219100
68 137 53219100
99 91 53211300
99 139 53211300
25 85 53152260
22 6 53137320
22 20 53137320
22 17 53137320
22 139 53137320
113 112 53067000
4 71 53045160
72 102 52954140
88 81 52924020
112 113 52913880
112 24 52913880
112 113 52913640
112 24 52913640
112 113 52913580
112 24 52913580
131 143 52907580
2 3 52905720
143 144 52900500
117 102 52896000
117 102 52894920
131 143 52894680
131 143 52893660
131 143 52886880
2 55 52883460
55 143 52871160
55 131 52871160
112 113 52828200
112 24 52828200
2 3 52820520
143 144 52818660
2 145 52815180
6 8 52813740
6 11 52813740
144 143 52813320
22 11 52810320
22 9 52810320
22 17 52810320
22 139 52810320
111 95 52810260
139 11 52810260
139 9 52810260
139 17 52810260
57 41 52810140
1 126 52809600
55 143 52809480
55 131 52809480
2 145 52806480
41 57 52805280
25 42 52800000
112 113 52796640
112 24 52796640
112 113 52796220
112 113 52793100
112 149 52792680
122 57 52792560
88 81 52735260
131 143 52733280
58 82 52731360
143 131 52725780
143 131 52725720
131 143 52725180
111 29 52723440
131 55 52723380
58 82 52717860
142 85 52714980
38 111 52713420
41 57 52710180
149 90 52709460
55 143 52704300
55 131 52704300
111 83 52697700
112 113 52665060
112 113 52664940
112 113 52664580
58 82 52644660
25 57 52639140
2 0 52638060
143 78 52621620
143 122 52621620
143 78 52618500
58 29 52616880
58 81 52616880
143 78 52615860
55 143 52612560
55 131 52612560
1 126 52610160
1 21 52609920
55 143 52607940
55 131 52607940
112 113 52590120
112 149 52578180
112 113 52578180
2 3 52563840
2 145 52563120
78 143 52557960
58 0 52557780
143 78 52554840
57 41 52554600
57 56 52554600
57 139 52554600
57 122 52554600
78 143 52551240
1 21 52550220
9 112 52549920
9 113 52549920
47 110 52546320
47 110 52545780
4 71 52543380
122 57 52541640
122 25 52541640
2 58 52538940
112 113 52495380
112 113 52456860
81 29 52453020
131 143 52302840
22 139 52298760
139 11 52293600
58 82 52291500
58 82 52291440
139 11 52290000
139 11 52277400
2 0 52273320
2 0 52273260
41 57 52272060
2 3 52270140
92 130 52269960
92 130 52269240
0 2 52267620
0 3 52267620
0 58 52267620
0 145 52267620
112 113 52223640
117 66 52219080
117 109 52219080
117 84 52219080
117 114 52219080
117 24 52219080
117 87 52219080
117 66 52218540
117 109 52218540
117 84 52218540
117 114 52218540
117 24 52218540
117 87 52218540
6 11 52216500
58 82 52215660
2 0 52214580
113 112 52209660
9 112 52208760
9 18 52208760
9 17 52208760
139 6 52205820
139 11 52205820
139 17 52205820
112 113 52205460
112 24 52205460
58 0 52204860
58 3 52204860
58 2 52203660
58 0 52203660
58 3 52203660
58 145 52203660
58 2 52199220
58 0 52199220
58 3 52199220
58 145 52199220
112 113 52191300
57 41 52189020
58 82 52187520
112 113 52137900
112 113 52137660
112 24 52137660
112 113 52135320
112 113 52133820
112 113 52133400
112 24 52133400
117 66 52128900
117 109 52128900
117 84 52128900
117 114 52128900
117 24 52128900
117 87 52128900
41 57 52125720
41 57 52124820
41 57 52124520
57 41 52124040
111 95 52123500
111 40 52123380
41 57 52123260
41 57 52123140
113 112 52121460
112 113 52118760
64 142 52117080
2 0 52115220
142 64 52114080
112 113 52113180
112 24 52113180
112 113 52112760
112 24 52112760
57 41 52111260
112 113 52109880
112 24 52109880
112 113 52109520
112 113 52109220
112 24 52109220
0 55 52108020
41 57 52107240
57 41 52106040
112 113 52105560
112 24 52105560
40 53 52104420
40 42 52104420
40 125 52104420
40 146 52104420
40 38 52104420
58 145 52100340
73 111 52096380
41 57 52095720
111 73 52094820
2 0 52044120
2 58 52044120
112 113 52041660
112 24 52041660
58 2 52041120
58 82 52039920
2 0 52033860
92 66 52029540
92 117 52029540
92 87 52029540
2 0 52021800
113 104 52018980
2 0 52018380
2 3 52018380
113 112 52018320
112 149 52017000
112 113 52017000
88 81 52014480
113 112 52014300
11 6 52012800
11 17 52012800
58 29 52012320
58 81 52012320
2 0 52012200
58 82 52011060
120 37 52010100
22 19 51965880
22 19 51965460
25 136 51964560
111 83 51955440
111 83 51953280
112 113 51766680
112 24 51766680
22 19 51719460
37 120 51691380
40 91 51679920
112 149 51677040
112 113 51677040
112 24 51677040
25 51 51624900
25 142 51624900
25 42 51624900
25 136 51624900
25 147 51624900
25 122 51624900
112 113 51620940
112 24 51620940
2 0 51612840
2 0 51612240
2 58 51612240
37 131 51609780
58 82 51608220
2 0 51581340
22 6 51579420
22 17 51579420
2 0 51577440
2 3 51577440
2 58 51577440
2 145 51577440
112 113 51535800
112 24 51535800
58 82 51523380
68 76 51522360
68 45 51522360
68 137 51522360
22 19 51519240
91 49 51515160
111 95 51514140
21 1 51513360
21 1 51511620
68 137 51510180
58 82 51505320
58 82 51505140
1 125 51502560
22 9 51500580
22 17 51500580
22 139 51500580
2 58 51493260
120 37 51490380
25 51 51489780
25 142 51489780
25 147 51489780
25 122 51489780
113 112 51452220
111 95 51444480
112 148 51442680
112 149 51442680
112 113 51442680
112 148 51428880
112 149 51428880
112 113 51428880
21 1 51415320
112 113 51414840
112 9 51414840
112 17 51414840
112 139 51414840
112 148 51414240
112 149 51414240
112 113 51414240
1 138 51411060
143 37 51081240
22 17 51078180
22 139 51078180
112 113 51078000
92 87 51073140
1 21 51072120
21 1 51070200
2 0 51065340
22 6 51064560
112 113 51011220
117 114 51007380
117 66 51006420
117 109 51006420
117 84 51006420
117 114 51006420
117 24 51006420
117 87 51006420
2 0 51006300
2 3 51006300
92 117 51002280
131 37 50992080
6 11 50990520
112 148 50988660
112 149 50988660
112 113 50988660
21 1 50982840
21 1 50982780
41 57 50979540
112 113 50979540
112 148 50979180
58 2 50978040
58 0 50978040
58 0 50977620
58 3 50977620
113 112 50972220
112 148 50928540
112 149 50928540
112 113 50928540
2 0 50922540
2 3 50922540
58 82 50918040
112 149 50917560
112 113 50917560
112 24 50917560
85 143 50917500
58 82 50916720
57 64 50914320
11 6 50912340
57 41 50912040
41 57 50911320
112 113 50909820
112 149 50909520
112 113 50909520
112 24 50909520
37 120 50907960
2 3 50907540
6 11 50906280
6 11 50906160
2 0 50905620
2 3 50905620
55 143 50905380
2 3 50904660
112 148 50900820
112 149 50900820
112 113 50900820
112 149 50900640
112 113 50900640
112 24 50900640
58 2 50897640
112 113 50896560
22 33 50892240
22 18 50892240
22 17 50892240
120 37 50889600
120 37 50888520
2 0 50886540
2 3 50886540
117 92 50885220
85 143 50882940
1 138 50882220
112 148 50839020
113 112 50838120
113 112 50837640
37 120 50836440
37 143 50835000
2 0 50832780
2 3 50832780
2 58 50832780
2 145 50832780
143 85 50832120
120 37 50831580
131 143 50831520
58 82 50831400
37 120 50826360
22 6 50825280
22 17 50825280
37 120 50822400
57 56 50817600
112 149 50813760
112 113 50813760
112 9 50813760
112 139 50813760
112 113 50812920
88 49 50811660
88 73 50810100
88 141 50810100
88 81 50810100
88 107 50810100
22 33 50803860
2 0 50802720
2 3 50802720
58 82 50802660
22 139 50802660
22 33 50802420
22 18 50802420
22 17 50802420
112 113 50752500
112 113 50744460
149 112 50741700
149 24 50741700
149 112 50740080
149 113 50740080
149 9 50740080
58 29 50739720
58 81 50739720
111 29 50738940
37 120 50737800
149 112 50736540
149 24 50736540
112 148 50731380
122 56 50731080
122 57 50731080
112 148 50730900
91 49 50730060
22 33 50727240
22 9 50727240
22 17 50727240
73 81 50718480
37 120 50718420
22 139 50715900
2 3 50715540
85 143 50715180
120 37 50714940
91 139 50714820
117 72 50711340
72 117 50710140
113 73 50550720
113 141 50550720
113 106 50550720
113 81 50550720
88 81 50491680
58 82 50488320
2 0 50488140
37 120 50487720
37 120 50487660
58 29 50475360
58 81 50475360
58 29 50475180
58 81 50475180
142 47 50474520
113 112 50472540
37 120 50465760
22 9 50457420
73 111 50453880
22 20 50453340
22 17 50453340
22 139 50453340
112 113 50409900
22 8 50402160
22 17 50402160
22 139 50402160
22 20 50400240
22 17 50400240
22 139 50400240
47 1 50393520
47 21 50393520
47 146 50393520
47 138 50393520
47 48 50393520
112 149 50393100
112 113 50393100
131 143 50393040
148 63 50389860
148 66 50389860
148 72 50389860
148 74 50389860
148 117 50389860
148 78 50389860
148 130 50389860
148 102 50389860
148 149 50389860
148 109 50389860
148 84 50389860
148 140 50389860
148 114 50389860
148 24 50389860
148 86 50389860
148 87 50389860
148 90 50389860
148 92 50389860
1 138 50389620
2 0 50386140
143 131 50384520
112 113 50378640
148 63 50378520
148 66 50378520
148 72 50378520
148 74 50378520
148 112 50378520
148 117 50378520
148 78 50378520
148 130 50378520
148 102 50378520
148 149 50378520
148 109 50378520
148 84 50378520
148 140 50378520
148 114 50378520
148 24 50378520
148 87 50378520
148 90 50378520
148 92 50378520
112 149 50378280
112 149 50378220
112 113 50378220
143 144 50377860
144 143 50376180
58 2 50375760
58 0 50375760
58 3 50375760
58 145 50375760
117 72 50369460
126 40 50368800
37 12 50342700
25 56 50330220
25 57 50330220
112 149 50320920
112 113 50320920
104 33 50315820
104 73 50315820
104 105 50315820
104 141 50315820
104 106 50315820
104 61 50315820
104 81 50315820
104 107 50315820
104 20 50315820
104 18 50315820
104 33 50315700
104 73 50315700
104 105 50315700
104 141 50315700
104 106 50315700
104 61 50315700
104 81 50315700
104 107 50315700
104 20 50315700
104 18 50315700
37 120 50315400
58 0 50314140
58 81 50312760
20 23 50312160
20 33 50311620
37 120 50311080
92 66 50310540
92 87 50310540
120 37 50309640
92 66 50308920
92 130 50308920
92 114 50308920
92 87 50308920
58 2 50304180
62 42 50303400
112 113 50300940
112 149 50299440
112 113 50299440
112 24 50299440
113 112 50298540
149 24 50297820
112 113 50296980
112 149 50296860
112 113 50296860
112 24 50296860
9 8 50296380
9 18 50296380
9 17 50296380
111 73 50296200
18 9 50296020
112 149 50294220
112 113 50294220
2 3 50294160
104 33 50291820
104 73 50291820
104 105 50291820
104 141 50291820
104 106 50291820
104 61 50291820
104 81 50291820
104 107 50291820
104 20 50291820
104 18 50291820
9 8 50291760
9 18 50291760
9 17 50291760
149 112 50291700
112 113 50291400
112 113 50290140
112 113 50288940
139 91 50288400
2 0 50288220
2 55 50288100
2 0 50288100
2 3 50288100
2 58 50288100
2 145 50288100
58 82 50284560
58 144 50284560
148 63 50283600
148 66 50283600
148 72 50283600
148 74 50283600
148 117 50283600
148 78 50283600
148 130 50283600
148 102 50283600
148 149 50283600
148 109 50283600
148 84 50283600
148 140 50283600
148 114 50283600
148 24 50283600
148 87 50283600
148 90 50283600
148 92 50283600
120 37 50282040
2 3 50280960
81 94 50280900
20 23 50275500
20 13 50259360
20 23 50259360
112 113 50233140
112 113 50232780
113 112 50232060
2 55 50230080
2 58 50229960
37 120 50229000
112 149 50227800
112 113 50227800
112 24 50227800
29 111 50224440
58 2 50221500
92 66 50221080
92 117 50221080
112 149 50221080
112 113 50221080
117 102 50220900
112 149 50220540
112 113 50220540
9 33 50220000
9 22 50220000
9 18 50220000
20 33 50219520
2 58 50218140
104 33 50217600
104 73 50217600
104 105 50217600
104 141 50217600
104 106 50217600
104 61 50217600
104 81 50217600
104 107 50217600
104 20 50217600
104 18 50217600
104 33 50217540
104 73 50217540
104 105 50217540
104 141 50217540
104 106 50217540
104 61 50217540
104 81 50217540
104 107 50217540
104 20 50217540
104 18 50217540
104 33 50217480
104 73 50217480
104 105 50217480
104 141 50217480
104 106 50217480
104 61 50217480
104 81 50217480
104 107 50217480
104 20 50217480
104 18 50217480
112 149 50217180
112 113 50217180
112 9 50217180
20 13 50216160
20 23 50216160
20 23 50215920
113 149 50214240
20 23 50213820
143 55 50213280
20 23 50212920
134 62 50212440
81 73 50212320
81 88 50212320
112 149 50212200
112 113 50212200
55 143 50208600
3 78 50207820
113 142 50207700
112 148 50206380
8 22 50206020
8 9 50206020
8 17 50206020
8 22 50204940
8 9 50204940
8 17 50204940
112 17 50204640
112 139 50204640
143 55 50204400
112 113 50204220
113 112 50204160
113 112 50204100
112 113 50203800
133 34 50202360
125 122 50201820
149 113 50201700
122 125 50201400
56 51 50200440
56 42 50200440
56 57 50200440
56 25 50200440
56 122 50200440
149 112 50200260
9 33 50199060
9 22 50199060
9 18 50199060
9 17 50199060
9 139 50199060
2 0 50199000
136 139 50198880
78 2 50198640
78 3 50198640
0 2 50197860
0 3 50197860
0 58 50197860
0 145 50197860
149 66 50196480
149 112 50196480
149 78 50196480
149 109 50196480
149 84 50196480
149 87 50196480
0 2 50196240
117 72 50196060
22 6 50195160
22 17 50195160
2 0 50195100
139 136 50194860
22 8 50194560
22 17 50194560
2 0 50194440
20 23 50191800
20 18 50191500
58 82 50145360
58 144 50145360
55 143 50142780
37 120 50142600
2 3 50141880
23 20 50141580
58 2 50140680
92 117 50138280
17 22 50138100
8 22 50136900
8 17 50136900
37 120 50135820
1 126 50135640
1 126 50135280
20 23 50135100
148 112 50134560
2 58 50132340
58 2 50132160
148 112 50130180
112 149 50129640
112 113 50129280
149 66 50129100
149 109 50129100
149 84 50129100
149 24 50129100
149 87 50129100
149 9 50129100
149 112 50128380
2 0 50127120
139 91 50126640
92 66 50125740
92 87 50125740
112 149 50123700
112 149 50121120
112 113 50121120
22 20 50120880
22 17 50120880
149 66 50120580
149 109 50120580
149 84 50120580
149 24 50120580
149 87 50120580
149 66 50120160
149 112 50120160
149 109 50120160
149 84 50120160
149 87 50120160
37 120 50119800
68 76 50119680
68 45 50119680
68 137 50119680
2 0 50119140
68 76 50119020
68 45 50119020
68 137 50119020
149 112 50118720
149 112 50116620
149 148 50116620
149 24 50116620
149 112 50115540
149 113 50115540
112 113 50115180
112 24 50115180
58 2 50113020
0 2 50112780
0 3 50112780
0 58 50112780
0 145 50112780
2 3 50111700
0 2 50110500
0 2 50109240
0 3 50109240
0 58 50109240
0 145 50109240
148 112 50108400
2 58 50107740
37 120 49880220
94 71 49879320
1 38 49876500
17 6 49875660
17 8 49875660
17 11 49875660
17 139 49875660
139 9 49874700
49 75 49874220
139 6 49870860
139 8 49870860
139 11 49870860
139 17 49870860
58 2 49867260
58 0 49867260
58 3 49867260
58 145 49867260
112 113 49864860
18 9 49861140
92 117 49859820
117 92 49859280
92 117 49858320
139 11 49858080
9 33 49856880
9 22 49856880
9 18 49856880
9 17 49856880
9 139 49856880
58 29 49852140
58 81 49852140
11 6 49848780
18 9 49847880
18 9 49846440
88 81 49799760
81 98 49791060
81 29 49791060
81 88 49791060
57 41 49790280
139 9 49788960
139 17 49788960
112 149 49788600
112 113 49788600
112 9 49788600
111 73 49787100
111 81 49787100
139 91 49782480
58 3 49780620
112 113 49776360
112 24 49776360
21 1 49772580
112 149 49772460
0 2 49771980
120 37 49771560
0 2 49769880
0 3 49769880
0 58 49769880
0 145 49769880
82 58 49769640
24 112 49768980
139 9 49768320
111 132 49752420
9 139 49726860
19 22 49714500
19 8 49714500
19 139 49714500
58 71 49712760
81 73 49710840
131 144 49710180
71 94 49701960
41 57 49701840
94 71 49701180
71 94 49699800
2 0 49698960
2 3 49698960
107 73 49698480
143 41 49697820
92 66 49695660
92 130 49695660
92 114 49695660
92 87 49695660
41 143 49694940
9 33 49687440
9 22 49687440
9 18 49687440
9 17 49687440
8 22 49686720
8 19 49686720
8 139 49686720
1 21 49686600
2 0 49686480
139 8 49686000
139 17 49686000
41 57 49685460
57 41 49685220
37 120 49682760
2 0 49681380
2 3 49681380
2 58 49681380
2 145 49681380
149 112 49680900
2 0 49680900
2 0 49680240
58 82 49680060
58 144 49680060
22 8 49680000
22 139 49680000
139 22 49679580
139 8 49679580
41 57 49678200
149 112 49677900
104 73 49676100
94 71 49645740
22 139 49621860
9 33 49620180
9 22 49620180
9 20 49620180
9 18 49620180
139 57 49618920
58 82 49618560
58 2 49618560
58 0 49618560
58 3 49618560
22 8 49618080
22 17 49618080
22 139 49618080
82 2 49618020
82 0 49618020
82 3 49618020
82 58 49618020
37 143 49617900
139 8 49617660
139 17 49617660
58 82 49616640
58 2 49616640
58 0 49616640
58 3 49616640
9 22 49613400
9 18 49613400
41 143 49612620
8 6 49607160
8 11 49607160
8 17 49607160
8 11 49607040
29 73 49602540
29 81 49602540
149 71 49600500
149 71 49597080
2 3 49595280
0 2 49590720
0 3 49590720
0 58 49590720
0 145 49590720
58 82 49590660
58 144 49590660
58 2 49590540
91 49 49586580
9 33 49554420
9 22 49554420
9 8 49554420
9 18 49554420
9 17 49554420
9 12 49554420
112 113 49541400
92 66 49534620
92 87 49534620
66 149 49533900
41 57 49533540
0 58 49529760
1 21 49529160
112 113 49528440
1 21 49527660
1 138 49527660
148 112 49527480
148 149 49527480
41 57 49525140
23 20 49525080
11 6 49523040
8 11 49522860
6 8 49522140
6 11 49522140
2 0 49522140
149 71 49521960
112 113 49521300
91 49 49518780
117 102 49518780
139 6 49518660
8 22 49517700
8 17 49517700
8 139 49517700
91 49 49517160
143 131 49510680
112 24 49510680
2 58 49508100
0 2 49507860
2 58 49507380
2 0 49506420
17 22 49505940
17 8 49505940
17 139 49505940
117 102 49505160
82 58 49504440
2 0 49502940
17 22 49502400
17 8 49502400
17 139 49502400
22 8 49501800
22 17 49501800
22 139 49501800
139 79 49473420
139 79 49472940
139 79 49472400
24 112 49433760
112 24 49285260
112 113 49284480
112 149 49277040
112 113 49277040
112 24 49277040
81 73 49274100
2 0 49273860
58 82 49272360
58 144 49272360
149 112 49270500
149 24 49270500
0 55 49270380
0 2 49270380
0 3 49270380
0 58 49270380
0 145 49270380
17 139 49268760
104 33 49267740
104 73 49267740
104 105 49267740
104 141 49267740
104 106 49267740
104 61 49267740
104 81 49267740
104 107 49267740
104 20 49267740
104 18 49267740
8 22 49266720
8 6 49266720
8 17 49266720
8 139 49266720
8 22 49265700
8 17 49265700
47 110 49263840
47 110 49263600
17 139 49260240
9 17 49260180
139 79 49259340
113 112 49257840
68 45 49257660
8 11 49256280
6 8 49255380
6 11 49255380
11 6 49251300
9 139 49250940
4 94 49248840
18 33 49245600
68 76 49245600
68 45 49245600
68 137 49245600
22 139 49244580
120 37 49243860
112 149 49197840
112 113 49197840
112 149 49193340
112 113 49193340
112 113 49192980
58 82 49188060
58 144 49188060
8 6 49185720
8 11 49185720
8 17 49185720
2 58 49183860
58 0 49182960
58 3 49182960
1 21 49181940
113 112 49181220
112 113 49181160
113 112 49181100
112 113 49180860
113 112 49180680
112 113 49180440
2 0 49179240
2 3 49179240
2 58 49179240
2 145 49179240
112 149 49175880
112 113 49175880
58 82 49174140
58 144 49174140
113 112 49174080
148 112 49172400
148 113 49172400
0 55 49171500
0 2 49171500
0 3 49171500
0 58 49171500
0 145 49171500
112 149 49170120
112 113 49170120
112 113 49168320
17 139 49168080
0 2 49165980
139 8 49165020
139 17 49165020
2 0 49164000
120 37 49161120
1 21 49160580
17 22 49157640
20 18 49152120
25 136 49122060
25 136 49121640
139 25 49121220
37 120 49109280
111 29 49105860
41 57 49101240
22 33 49101180
22 6 49101180
22 17 49101180
22 139 49101180
58 3 49101120
58 82 49100820
58 144 49100820
139 41 49100460
139 91 49100460
2 3 49097520
58 2 49096380
139 22 49093920
139 17 49093920
68 76 49092240
68 45 49092240
68 137 49092240
112 149 49091340
112 113 49091340
23 20 49086840
23 9 49086840
23 18 49086840
131 144 49085880
112 149 49081140
112 24 49081140
112 149 49080720
112 113 49080720
149 112 49077600
58 2 49075380
58 0 49075380
58 3 49075380
58 145 49075380
149 112 49074720
17 22 49074660
17 6 49074660
139 79 49074360
17 22 49073460
17 139 49073460
117 92 49072980
25 136 49038420
25 136 49037940
25 136 49037520
88 81 49022940
23 20 49019880
81 73 49019700
2 3 49017480
58 2 49015980
2 0 49015440
2 58 49015440
117 92 49014660
2 58 49014420
117 92 49014300
1 21 49014240
1 21 49011840
145 4 49010820
2 3 49010580
57 56 49009740
57 41 49005720
2 3 49004880
149 112 49004700
149 78 49004700
149 109 49004700
149 84 49004700
149 24 49004700
112 149 49003740
112 113 49003740
112 24 49003740
112 149 49003380
2 0 49003260
2 3 49003260
2 58 49003260
112 113 49002420
112 113 49002240
9 33 49001940
9 22 49001940
9 19 49001940
9 20 49001940
9 18 49001940
9 17 49001940
9 139 49001940
9 12 49001940
112 113 49001520
4 145 49000260
61 73 48999420
61 81 48999420
81 73 48998760
58 2 48998160
58 0 48998160
58 3 48998160
85 120 48997560
58 2 48997440
81 73 48997260
113 112 48996960
11 6 48994020
11 17 48994020
40 38 48993840
149 66 48993420
149 112 48993420
149 78 48993420
149 109 48993420
149 84 48993420
149 24 48993420
149 87 48993420
2 3 48991740
58 2 48991500
22 6 48990360
6 22 48989820
22 6 48989040
22 17 48989040
85 120 48988260
58 2 48987720
58 0 48987720
58 3 48987720
58 145 48987720
41 57 48987360
22 6 48987120
22 17 48987120
22 139 48987120
58 0 48986460
2 0 48985200
2 3 48985200
2 58 48985200
2 145 48985200
2 3 48984720
139 136 48984060
38 1 48939240
117 78 48937500
38 40 48936600
139 8 48935220
22 17 48933240
22 139 48933240
111 83 48932580
88 81 48931440
2 0 48930600
58 82 48930480
82 58 48930180
0 2 48928920
139 136 48928860
58 82 48927000
58 144 48927000
92 66 48925860
92 87 48925860
58 2 48925080
58 2 48924600
58 2 48924360
88 81 48917460
58 29 48915900
58 81 48915900
120 37 48913380
149 112 48912840
149 113 48912840
149 24 48912840
58 29 48909540
58 81 48909540
2 0 48898740
2 0 48898140
2 3 48898140
2 58 48898140
2 145 48898140
22 139 48852180
22 139 48851760
114 102 48837120
114 140 48837120
74 102 48797700
74 140 48797700
112 139 48502860
2 58 48495360
112 149 48493980
112 113 48493980
4 145 48484500
149 112 48482820
149 112 48481440
149 112 48480660
139 22 48480420
149 112 48480240
107 73 48479880
145 4 48479640
20 23 48478740
11 17 48478620
20 18 48477960
20 23 48477960
113 112 48477360
112 149 48477120
112 113 48477120
139 22 48476400
112 113 48472020
112 113 48471960
112 113 48471900
113 112 48464340
20 23 48461040
113 112 48459060
99 139 48424440
113 112 48420660
112 113 48418740
112 149 48411000
112 149 48409560
149 112 48403920
149 113 48403920
149 24 48403920
22 6 48403740
22 20 48403740
22 17 48403740
22 139 48403740
149 148 48402840
22 139 48402180
149 112 48401280
149 113 48401280
149 24 48401280
55 143 48397440
55 131 48397440
148 112 48394920
148 113 48394920
148 24 48394920
149 112 48393180
149 148 48393180
148 112 48390000
148 149 48390000
68 45 48388860
139 33 48388500
139 6 48388500
139 8 48388500
139 11 48388500
139 17 48388500
22 139 48388140
68 76 48387780
68 45 48387780
68 137 48387780
112 113 48386820
112 149 48386760
112 113 48386760
139 22 48386460
117 114 48383400
126 1 48379560
126 21 48379560
126 38 48379560
68 76 48377820
68 45 48377820
68 137 48377820
112 149 48331800
112 113 48331800
112 24 48331800
112 113 48327540
112 113 48325260
88 85 48325080
88 81 48324720
22 139 48323820
112 149 48320940
112 24 48320940
112 113 48315180
132 41 48314220
68 76 48313980
68 45 48313980
68 137 48313980
112 149 48308040
112 113 48308040
38 25 48307320
22 33 48305700
22 6 48305700
22 9 48305700
22 18 48305700
22 17 48305700
22 139 48305700
99 35 48305400
22 9 48303180
18 9 48303120
92 140 48302100
82 2 48301980
82 58 48300720
112 113 48299700
29 73 48299640
29 81 48299640
120 37 48297660
11 6 48295380
11 8 48295380
11 17 48295380
6 11 48295020
139 22 48294480
68 76 48294000
68 45 48294000
68 137 48294000
68 45 48292320
92 140 48291780
68 76 48291720
68 45 48291720
68 137 48291720
9 22 48253680
22 9 48246720
22 139 48243900
1 21 48222720
1 138 48222720
58 82 48214920
58 144 48214920
140 102 48084720
131 143 48068580
148 112 48063780
148 113 48063780
148 24 48063780
145 2 48058680
112 113 48056940
112 149 48055140
56 51 48049140
56 42 48049140
56 57 48049140
56 25 48049140
56 147 48049140
56 122 48049140
91 95 48047520
148 64 48047340
148 66 48047340
148 72 48047340
148 74 48047340
148 78 48047340
148 102 48047340
148 109 48047340
148 84 48047340
148 24 48047340
148 87 48047340
149 112 48047040
91 95 48043800
57 41 48043440
136 139 48042480
41 57 48034980
122 142 48031560
122 25 48031560
139 17 47981640
149 112 47980260
58 82 47976480
58 144 47976480
11 6 47974860
34 143 47972280
0 2 47970720
99 95 47970300
99 91 47970300
99 75 47970300
71 145 47970000
112 148 47966880
2 0 47966340
58 29 47966280
58 81 47966280
112 148 47965500
112 149 47964780
2 145 47964360
136 139 47962800
0 55 47962380
0 2 47962380
0 3 47962380
0 58 47962380
0 145 47962380
0 55 47961360
0 2 47961360
0 3 47961360
0 58 47961360
0 145 47961360
122 142 47961120
122 25 47961120
112 149 47960160
145 71 47959560
148 112 47959500
145 2 47958900
148 112 47958180
145 2 47958000
145 2 47957940
57 41 47957220
57 139 47957220
58 3 47951520
58 3 47951280
92 66 47951220
92 87 47951220
58 82 47951160
148 112 47949000
148 113 47949000
2 0 47947680
2 3 47947680
2 58 47947680
2 145 47947680
143 144 47944920
112 113 47902680
112 148 47901840
112 113 47901840
41 57 47892900
144 143 47892360
91 95 47891460
58 82 47890380
58 0 47890380
58 3 47890380
82 0 47889900
82 3 47889900
82 58 47889900
58 2 47889780
58 82 47889480
58 0 47889480
58 3 47889480
112 148 47888520
11 8 47885700
139 17 47884800
6 22 47883480
58 82 47879700
58 144 47879700
58 2 47879460
136 139 47877840
2 0 47875860
0 2 47874780
29 73 47874000
58 2 47872080
112 113 47871780
41 132 47871300
112 42 47871300
41 57 47871300
112 149 47869800
78 117 47869440
112 113 47869260
9 22 47867100
112 149 47866920
112 24 47866920
20 9 47865840
112 149 47864040
112 113 47864040
9 22 47863860
112 113 47863320
81 29 47862300
81 94 47862300
81 58 47862300
58 2 47862120
58 3 47861520
41 57 47860500
20 23 47859300
139 95 47832060
94 29 47830440
94 81 47830440
94 58 47830440
2 145 47812080
58 82 47807940
117 66 47807700
117 109 47807700
117 84 47807700
117 114 47807700
117 87 47807700
58 82 47806440
58 144 47806440
126 37 47805600
58 82 47805180
82 58 47805060
58 2 47801040
58 0 47801040
58 3 47801040
58 145 47801040
57 41 47799120
57 56 47799120
57 122 47799120
58 0 47795340
58 3 47795340
138 1 47794980
61 94 47793300
61 88 47793300
61 58 47793300
81 29 47793000
81 94 47793000
81 58 47793000
2 0 47791740
143 34 47791440
0 2 47789940
57 122 47788680
57 122 47788560
58 0 47785200
58 3 47785200
112 148 47783640
112 149 47783640
112 113 47783640
68 76 47783220
68 45 47783220
68 137 47783220
58 2 47782560
58 0 47782560
58 3 47782560
58 145 47782560
112 149 47782440
112 113 47782440
112 24 47782440
68 76 47781720
68 45 47781720
68 137 47781720
58 82 47781300
82 58 47781120
68 76 47779620
68 45 47779620
68 137 47779620
58 82 47779560
82 58 47779440
2 0 47777940
58 82 47774040
143 34 47772780
140 102 47743920
37 120 47725740
37 120 47724960
92 66 47721480
92 87 47721480
81 73 47720520
81 29 47720520
81 61 47720520
58 82 47720520
58 144 47720520
58 29 47720460
58 81 47720460
131 143 47720100
34 143 47718900
92 66 47718120
92 87 47718120
81 73 47715120
81 61 47715120
82 58 47714880
58 82 47714520
58 2 47714520
58 0 47714520
58 3 47714520
58 145 47714520
41 132 47714460
41 57 47714460
58 29 47713140
58 81 47713140
143 144 47712600
94 71 47712180
58 29 47711760
58 81 47711760
18 73 47711040
57 75 47710800
25 42 47710800
9 22 47709840
9 139 47709840
58 82 47707980
58 144 47707980
57 25 47707920
57 41 47706660
57 56 47706660
37 120 47698500
57 64 47697720
112 149 47696460
58 2 47696400
58 82 47692680
58 82 47692260
58 95 47691660
58 111 47691660
58 83 47691660
99 49 47689920
38 132 47641500
38 111 47635740
149 63 47457180
149 112 47457180
149 84 47457180
149 113 47457180
149 24 47457180
148 112 47457120
148 149 47457120
148 113 47457120
143 144 47456940
58 82 47453220
58 144 47453220
82 58 47450880
112 149 47446560
112 113 47446560
112 149 47444040
112 113 47444040
94 58 47442300
0 2 47440260
0 3 47440260
0 58 47440260
1 126 47438820
1 21 47438820
18 20 47438460
18 23 47438460
136 139 47435580
2 0 47432760
58 82 47432220
58 144 47432220
9 112 47429340
112 149 47384640
112 113 47384640
149 113 47375520
149 24 47375520
0 2 47375400
0 2 47375340
58 3 47371620
111 91 47370420
112 139 47369460
112 113 47369280
58 29 47367900
58 81 47367900
143 34 47367300
61 105 47366880
61 141 47366880
61 106 47366880
61 107 47366880
61 18 47366880
139 112 47365380
9 22 47361840
9 17 47361840
9 12 47361840
11 6 47361360
58 94 47360520
112 9 47360160
112 139 47356680
143 131 47351640
143 55 47349000
143 55 47348580
145 2 47348160
6 11 47344800
0 2 47344260
0 3 47344260
0 58 47344260
6 11 47343420
22 17 47342220
37 1 47295240
58 82 47293140
58 144 47293140
112 149 47288400
112 113 47288400
0 2 47288220
143 34 47284920
11 6 47284440
47 110 47284260
37 1 47282640
148 63 47282040
148 64 47282040
148 66 47282040
148 72 47282040
148 74 47282040
148 112 47282040
148 117 47282040
148 78 47282040
148 130 47282040
148 102 47282040
148 149 47282040
148 109 47282040
148 84 47282040
148 140 47282040
148 114 47282040
148 24 47282040
148 87 47282040
148 90 47282040
148 92 47282040
1 21 47276040
112 148 47272980
139 22 47269620
37 1 47269380
22 139 47269200
148 112 47265420
122 142 47264700
15 11 47258460
148 112 47254740
68 76 47207340
68 45 47207340
68 137 47207340
112 149 47206740
149 112 47206500
149 148 47206500
112 149 47206440
139 6 47201400
139 11 47201400
139 17 47201400
29 58 47201280
149 112 47200380
149 24 47199060
91 95 47198280
58 82 47197620
58 144 47197620
112 149 47195940
112 113 47195940
145 3 47195880
58 2 47192940
58 0 47192940
58 3 47192940
58 145 47192940
11 8 47192460
58 82 47192160
58 144 47192160
143 85 47191800
8 6 47191320
8 11 47191320
112 149 47190720
112 113 47190720
112 113 47190480
148 112 47189580
148 149 47189580
57 64 47189280
112 149 47188320
112 113 47188320
57 64 47188260
85 143 47186520
57 64 47185980
112 149 47178420
112 113 47178420
139 11 47175540
149 64 47172660
149 112 47172660
149 113 47172660
143 85 47172060
139 136 47170560
92 102 47170260
92 102 47168940
25 56 47135340
25 57 47135340
25 136 47135340
112 149 47122800
88 73 47118960
139 9 47116800
58 82 47115480
58 144 47115480
22 9 47115240
22 139 47115240
112 149 47113080
41 57 47112900
58 29 47111700
58 81 47111700
85 143 47111640
139 6 47110380
149 112 47107620
139 112 47106060
149 112 47105640
1 38 47105100
139 136 47104320
112 149 47102640
112 113 47102640
2 3 47102160
143 85 47101680
112 149 47100540
149 112 47099340
112 149 47097660
85 143 47096580
148 112 47094780
148 149 47094780
112 149 47093640
120 37 47093340
149 112 47092440
149 148 47092440
41 57 47090400
6 11 47089680
111 83 47089140
149 112 47086320
25 136 47044440
25 136 47039220
111 91 47027760
112 149 46943520
112 149 46942740
112 149 46942680
58 82 46858740
58 144 46858740
2 0 46857360
2 3 46857360
2 58 46857360
2 145 46857360
58 2 46856820
58 0 46856820
58 3 46856820
58 145 46856820
58 82 46855620
58 82 46855560
82 58 46855320
85 143 46854420
11 6 46853160
143 85 46851120
2 3 46851000
139 95 46850460
139 79 46850100
143 85 46849560
145 2 46848780
139 22 46848540
22 9 46848060
22 139 46848060
112 149 46847880
112 113 46847880
139 9 46847100
85 143 46846800
143 85 46846080
143 37 46845720
2 58 46844220
37 120 46843800
112 149 46838880
0 2 46837140
0 3 46837140
0 58 46837140
37 120 46835640
139 9 46835580
149 112 46829700
2 0 46827060
2 3 46826880
22 20 46825440
22 23 46825440
2 0 46775160
149 112 46773300
37 120 46773300
149 113 46773300
149 24 46773300
2 145 46770840
2 0 46770660
2 3 46770660
2 58 46770660
2 145 46770660
120 37 46768500
58 82 46768440
58 144 46768440
149 112 46767240
139 136 46764600
58 29 46761600
58 81 46761600
91 95 46760460
13 6 46757460
13 8 46757460
13 11 46757460
47 110 46756380
149 112 46755360
58 0 46754880
58 3 46754880
139 95 46753080
139 9 46747800
139 17 46747800
1 138 46747620
139 95 46746120
143 131 46744440
41 57 46744440
0 55 46743840
0 2 46743840
0 3 46743840
0 58 46743840
0 145 46743840
120 37 46741800
91 95 46738680
1 38 46736820
95 91 46736760
95 139 46736760
148 112 46735980
148 149 46735980
112 42 46694400
112 148 46684440
58 82 46682700
58 144 46682700
37 120 46679400
0 55 46677480
0 2 46677480
0 3 46677480
0 58 46677480
0 145 46677480
112 149 46675980
112 113 46675980
41 57 46675680
58 2 46673520
13 8 46671840
13 11 46671840
149 112 46671180
139 136 46669980
112 149 46669800
112 113 46669800
71 113 46664820
112 113 46662480
131 144 46661700
41 57 46660320
41 57 46659240
111 29 46659000
2 58 46653840
0 2 46652280
0 3 46652280
0 58 46652280
95 91 46618260
58 82 46597800
58 144 46597800
58 29 46596900
112 113 46596780
126 37 46594680
58 82 46592100
58 0 46592100
58 3 46592100
82 0 46591920
82 3 46591920
82 58 46591920
148 63 46585200
148 64 46585200
148 66 46585200
148 72 46585200
148 74 46585200
148 117 46585200
148 78 46585200
148 130 46585200
148 102 46585200
148 149 46585200
148 109 46585200
148 84 46585200
148 140 46585200
148 114 46585200
148 24 46585200
148 87 46585200
148 90 46585200
148 92 46585200
143 131 46583880
122 25 46583340
58 2 46580220
58 0 46580220
58 3 46580220
58 145 46580220
2 0 46580160
2 3 46580160
2 58 46580160
2 145 46580160
145 71 46578660
11 6 46577340
131 143 46576980
41 57 46573740
37 120 46572240
38 47 46571700
38 138 46571700
143 131 46570800
143 144 46570800
8 15 46570680
8 6 46570680
8 11 46570680
8 17 46570680
8 139 46570680
131 143 46570140
22 9 46570140
131 144 46570140
22 139 46570140
58 82 46568640
41 57 46565880
41 57 46565640
139 136 46564800
41 57 46564440
33 20 46564320
58 82 46510620
58 144 46510620
22 33 46506480
22 139 46506480
58 0 46505640
71 145 46504380
145 71 46501920
144 58 46499880
11 13 46497540
71 145 46490580
41 57 46487700
41 57 46487520
145 2 46487340
145 71 46487100
37 120 46486380
41 57 46486140
2 0 46485600
2 3 46485600
2 58 46485600
2 145 46485600
0 55 46484820
0 2 46484820
0 3 46484820
0 58 46484820
0 145 46484820
41 57 46483800
58 82 46483560
143 144 46482840
37 120 46482600
120 37 46481880
139 136 46481460
113 112 46354860
112 113 46346160
0 55 46252680
0 2 46252680
0 3 46252680
0 58 46252680
0 145 46252680
58 82 46252380
58 144 46252380
58 2 46247460
58 0 46247460
58 3 46247460
58 145 46247460
149 113 46246320
149 24 46246320
47 110 46244100
120 37 46242780
37 120 46241100
37 120 46240740
0 55 46239960
0 2 46239960
0 3 46239960
0 58 46239960
0 145 46239960
139 136 46239000
139 136 46237860
149 112 46235160
149 113 46235160
113 112 46232100
113 149 46232100
0 2 46230780
131 143 46229580
131 144 46229580
58 82 46229340
58 144 46229340
23 20 46228440
9 22 46228320
9 13 46228320
9 19 46228320
9 149 46228320
9 113 46228320
9 20 46228320
9 18 46228320
9 17 46228320
9 139 46228320
9 12 46228320
149 112 46227660
149 113 46227660
11 6 46227300
2 3 46226340
11 6 46224420
11 8 46224420
11 17 46224420
58 82 46222440
58 144 46222440
61 105 46221720
61 141 46221720
61 106 46221720
61 107 46221720
61 18 46221720
2 0 46220880
2 3 46220880
71 145 46164240
2 0 46164060
2 3 46164060
2 58 46164060
2 145 46164060
149 112 46163400
1 47 46163280
1 38 46163280
58 82 46162560
58 144 46162560
58 29 46160160
58 81 46160160
2 0 46159620
149 113 46156020
139 95 46154280
2 0 46151880
2 3 46151880
149 112 46151700
58 82 46151160
58 144 46151160
0 3 46148520
0 58 46148520
37 120 46145160
148 112 46142820
148 149 46142820
2 0 46141680
2 3 46141680
2 58 46141680
2 145 46141680
120 37 46141440
6 15 46141260
139 112 46139280
112 139 46139040
143 144 46138740
58 29 46138440
58 81 46138440
1 38 46136580
58 82 46134240
58 144 46134240
112 149 46134120
112 148 46133100
58 82 46081680
58 144 46081680
149 24 46075740
58 82 46074180
58 144 46074180
148 112 46071660
148 149 46071660
120 37 46070280
8 22 46069380
8 6 46069380
8 11 46069380
8 17 46069380
8 139 46069380
120 37 46069020
2 3 46068360
38 47 46063920
38 138 46063920
38 48 46063920
38 47 46063740
38 138 46063740
139 136 46062540
112 149 46061580
2 0 46059300
2 58 46058880
144 58 46052580
13 6 46051740
13 8 46051740
13 11 46051740
2 0 46049820
2 3 46049820
2 58 46049820
2 58 46047840
111 83 46044420
112 113 45999120
112 149 45994440
91 40 45993120
111 29 45992160
58 144 45992040
112 148 45991800
112 148 45987960
143 144 45984900
22 6 45984420
58 82 45984240
58 144 45984240
58 2 45983880
58 0 45983880
58 3 45983880
58 145 45983880
145 2 45983700
112 149 45982140
148 112 45979500
148 149 45979500
22 139 45978120
112 17 45977100
112 139 45977100
58 29 45974940
58 81 45974940
2 58 45974880
149 112 45973200
57 41 45972300
57 56 45972300
57 49 45972300
57 139 45972300
1 21 45970020
57 41 45968760
57 56 45968760
57 49 45968760
57 139 45968760
143 144 45968340
119 37 45966360
119 120 45966360
95 91 45961380
95 139 45961380
37 120 45903180
58 82 45901140
58 144 45901140
38 40 45895800
1 21 45894180
1 138 45894180
1 48 45894180
58 82 45892500
58 144 45892500
37 120 45892080
149 24 45888300
0 2 45885900
37 120 45885540
81 29 45884280
81 88 45884280
58 2 45883980
58 3 45883980
57 41 45882660
57 56 45882660
57 122 45882660
2 0 45878940
2 0 45876780
149 24 45876180
0 2 45875820
2 0 45875640
41 57 45874740
2 0 45874680
111 83 45872100
111 29 45824160
139 95 45647160
149 24 45641460
112 149 45641220
112 113 45641220
112 24 45641220
0 2 45640980
144 143 45639780
149 113 45637560
58 0 45637080
58 3 45637080
58 2 45636120
58 0 45636120
58 3 45636120
58 145 45636120
58 2 45633960
112 149 45633540
112 24 45633540
112 113 45633240
2 0 45628980
2 0 45628080
2 58 45627420
58 2 45626340
2 58 45625680
112 149 45624540
112 113 45624540
37 120 45624420
2 0 45622020
41 57 45614880
112 149 45564060
41 57 45559440
149 63 45556380
149 64 45556380
149 113 45556380
149 24 45556380
112 149 45556260
37 120 45555360
22 13 45550800
112 149 45550140
22 9 45543960
22 139 45543960
22 12 45543960
58 82 45539820
58 144 45539820
58 2 45539640
2 111 45538080
41 57 45537720
58 2 45533160
139 136 45532080
58 2 45531600
58 0 45531600
58 3 45531600
58 145 45531600
58 82 45527040
58 144 45527040
88 141 45491700
112 149 45483180
37 120 45480060
38 146 45471900
1 21 45471120
131 37 45466860
149 148 45465600
149 24 45464400
22 33 45462960
22 9 45462960
22 18 45462960
112 148 45459000
25 136 45458760
58 3 45458400
58 82 45456600
58 144 45456600
81 58 45453780
58 81 45453660
149 24 45452100
57 56 45451560
149 24 45450600
148 112 45450480
148 24 45450480
81 58 45450420
2 58 45444900
58 81 45443760
81 58 45390660
25 51 45390600
25 142 45390600
25 56 45390600
25 42 45390600
25 57 45390600
25 136 45390600
25 147 45390600
25 122 45390600
0 2 45388320
58 2 45382980
58 82 45381600
58 0 45381600
58 3 45381600
82 0 45381420
82 3 45381420
82 58 45381420
58 82 45381240
58 0 45381240
58 3 45381240
0 55 45380100
0 2 45380100
0 3 45380100
0 58 45380100
0 145 45380100
149 24 45377160
58 2 45374520
58 0 45374520
58 3 45374520
58 145 45374520
58 82 45372420
58 144 45372420
38 146 45370020
38 48 45370020
38 146 45369900
131 144 45369780
139 95 45368580
95 139 45368400
107 88 45366720
112 149 45363660
112 113 45363660
41 57 45362460
149 113 45362160
149 24 45362160
22 13 45356700
41 57 45356160
112 149 45311220
112 113 45311220
112 24 45311220
149 24 45302640
149 24 45302580
139 9 45298800
2 4 45297900
2 144 45297900
58 82 45297240
58 144 45297240
58 82 45296880
58 144 45296880
58 2 45288660
58 0 45288660
58 3 45288660
58 145 45288660
95 91 45281580
95 139 45281580
2 58 45279420
58 0 45279060
58 2 45278940
57 56 45276420
99 49 45272460
91 95 45214560
91 95 45214020
139 9 45210840
139 17 45210840
112 113 45045840
58 144 45042300
0 55 45040980
0 2 45040980
0 3 45040980
0 58 45040980
0 145 45040980
0 55 45037980
0 2 45037980
0 3 45037980
0 58 45037980
0 145 45037980
149 112 45036720
149 112 45036540
149 24 45036540
139 136 45036300
112 113 45033600
22 139 45024000
112 149 45023460
112 149 45022140
143 131 45022080
55 0 45019380
55 3 45019380
55 58 45019380
22 6 45019320
22 17 45019320
22 139 45019320
143 131 45017820
112 149 45016860
55 0 45015420
55 3 45015420
55 58 45015420
149 112 45014580
149 24 45014580
139 136 45009540
11 139 45008340
