0 3 98277034
3 4 97580951
3 5 97580951
4 1 96208528
4 1 95492565
3 2 94641220
1 4 91342257
7 1 91259678
1 4 90911045
1 7 90852425
1 4 90835313
1 7 90834448
4 1 90747384
1 4 90747232
10 11 90675787
13 14 90674853
13 9 90673802
13 14 90673649
13 11 90671818
6 9 90669392
11 9 90669065
1 7 90657545
15 11 90647173
9 12 90423480
8 16 90408061
11 15 90400159
11 13 90399389
1 7 90396937
11 14 90395748
18 19 90392693
18 16 90392693
19 13 90312397
1 7 90309170
1 7 90302028
13 16 90241911
4 2 90227549
13 14 90142424
13 14 89981286
11 15 89805863
1 7 89736961
1 7 89718715
1 4 89707267
2 3 89704385
7 1 89701063
1 21 89614837
2 3 89549746
1 7 89471489
2 0 89470000
11 13 89469150
2 3 89466121
14 13 89458878
2 0 89213457
1 7 89207077
3 2 89197321
4 2 89194124
13 16 89186457
11 13 89184708
11 14 89184708
17 8 89122999
2 3 89111636
20 9 89057040
1 4 89032293
2 3 89016522
15 16 89006102
13 14 88951540
13 11 88951540
13 17 88951540
1 4 88930888
19 9 88867739
14 11 88837878
8 17 88603407
8 16 88602540
8 17 88602540
11 13 88600899
6 14 88600678
8 23 88599790
17 13 88584870
17 18 88584870
17 13 88583229
26 27 88532323
26 31 88532323
19 9 88521055
10 13 88520978
13 16 88496429
1 4 88493137
1 7 88434179
2 0 88419788
11 33 88409390
8 17 88339650
8 23 88245691
2 0 88244978
2 0 88237396
0 3 88232156
19 8 88006415
2 0 87998044
1 4 87981495
8 11 87974543
11 14 87974539
19 15 87974405
19 10 87974405
8 17 87917530
14 11 87910506
20 8 87805277
16 11 87745230
16 10 87745230
13 6 87731158
6 11 87722032
15 13 87708644
20 18 87393754
8 17 87393371
17 8 87380836
8 16 87380512
8 23 87380512
2 0 87375266
19 9 87374115
9 19 87367950
18 9 87317189
9 19 87310435
17 8 87302530
42 43 87289171
8 17 87227425
19 9 87221102
10 14 87217028
1 21 87213611
19 14 87202241
19 11 87202241
26 27 87198824
19 9 87139029
46 48 87131901
9 23 87127311
13 17 87055515
12 16 87050971
38 46 87026083
38 47 87026083
38 21 87026083
49 41 87022899
49 46 87022899
49 55 87022899
49 35 87022899
49 21 87022899
38 47 87022132
38 21 87022132
15 13 87018506
11 14 86767156
23 8 86712048
23 17 86712048
19 9 86710607
20 17 86700979
20 23 86700979
12 8 86695037
13 11 86694164
10 13 86693841
10 17 86693841
20 8 86680591
36 25 86677659
61 62 86640157
61 28 86640157
61 54 86640157
61 29 86640157
61 43 86640157
61 79 86640157
61 80 86640157
61 60 86640157
61 26 86640157
61 39 86640157
61 66 86625757
61 68 86625757
61 28 86625757
61 59 86625757
61 51 86625757
61 53 86625757
61 78 86625757
61 31 86625757
61 38 86625757
61 39 86625757
88 81 86620802
90 65 86619818
90 72 86619818
91 29 86619591
61 43 86619549
61 25 86619549
61 84 86619549
26 27 86616462
61 81 86612324
81 28 86610963
81 71 86610963
81 77 86610963
81 30 86610963
81 25 86610963
81 84 86610963
81 36 86610963
81 89 86610963
91 29 86607690
61 84 86605149
61 36 86605149
40 79 86600978
40 95 86598730
81 27 86596563
81 77 86596563
81 25 86596563
81 85 86596563
81 88 86596563
81 89 86596563
3 0 86595239
61 27 86556305
61 77 86556305
61 85 86556305
61 26 86556305
81 27 86550104
81 28 86550104
81 52 86550104
81 43 86550104
81 85 86550104
81 36 86550104
26 93 86546943
26 70 86546943
26 29 86542849
26 30 86542849
61 26 86541905
61 73 86541288
81 28 86535704
81 52 86535704
81 77 86535704
81 30 86535704
81 25 86535704
0 27 86535196
57 41 86522444
30 44 86519521
0 4 86518244
0 87 86518244
49 43 86510615
43 49 86510442
14 13 86506486
14 16 86506486
0 71 86505768
49 97 86441643
49 51 86441567
19 9 86437959
19 15 86437413
88 81 86437330
36 53 86427956
36 43 86427685
36 25 86427685
81 73 86426742
0 4 86425186
36 54 86423497
36 80 86423393
68 30 86421699
14 8 86420670
82 3 86418822
96 97 86418146
81 88 86417987
81 73 86371994
81 93 86371521
26 81 86280708
81 26 86254108
81 26 86200015
81 70 86196287
81 52 86196287
81 73 86196287
81 43 86196287
81 26 86196287
81 88 86196287
81 38 86196287
93 71 86189894
93 71 86169976
93 73 86169976
11 13 86165421
92 66 86161862
1 7 86157110
13 14 86102928
2 3 86100603
0 2 86100078
0 3 86100078
100 28 86097957
38 46 86093918
38 21 86093918
38 35 86093707
36 25 86091907
30 70 86091694
0 27 86086157
0 89 86086157
14 11 86080299
28 93 86077780
93 71 86074781
49 91 86073285
97 96 86072522
36 26 86070464
26 28 86016001
25 75 86012490
97 96 86009628
90 102 86009240
26 31 86009067
97 96 86008612
91 96 86005890
30 59 86005399
52 50 86004328
49 96 86001920
0 26 86000691
0 2 86000691
0 87 86000691
14 13 85996722
11 14 85995263
38 89 85993620
61 88 85993489
93 28 85989930
0 28 85989633
0 98 85989633
0 26 85989633
9 19 85986129
87 66 85950101
25 43 85945301
25 38 85945301
49 78 85928500
78 85 85928332
49 78 85927988
3 0 85927691
0 66 85925518
0 4 85925518
56 36 85925379
25 84 85913754
13 16 85909082
95 83 85903585
81 73 85894174
39 40 85843469
26 93 85841530
26 30 85841230
30 52 85838991
30 38 85838991
97 49 85838260
58 3 85836692
97 49 85834884
25 39 85834703
97 25 85834645
13 14 85834634
66 92 85833408
96 97 85830195
97 96 85826516
30 36 85817337
97 96 85812977
15 13 85805357
81 70 85655022
70 81 85583906
8 12 85557051
12 8 85557047
0 66 85510054
0 37 85510054
0 2 85510054
0 3 85510054
3 2 85473147
2 3 85473098
13 16 85470319
30 73 85467483
81 103 85464976
23 12 85413955
62 64 85385854
62 77 85385854
104 73 85326926
104 106 85326926
104 18 85326926
104 108 85326926
38 46 85324484
38 21 85324484
25 43 85324057
25 42 85324057
25 85 85324057
10 17 85306193
77 62 85300353
11 16 85298019
36 81 85254077
26 81 85242542
26 36 85242542
81 73 85242353
81 36 85242353
26 27 85048048
26 28 85048048
87 66 84993761
0 37 84993197
0 87 84993197
0 3 84993197
81 73 84983761
81 26 84982269
8 13 84970397
8 23 84970397
13 10 84970240
11 14 84969350
11 17 84969350
61 73 84968741
97 96 84968504
25 36 84967254
93 110 84967139
12 13 84959690
97 25 84958550
81 73 84956597
13 11 84953499
17 13 84953049
13 19 84947325
11 13 84945340
15 10 84944028
0 4 84907671
89 49 84903771
2 0 84894587
13 10 84894227
13 17 84892516
13 17 84891174
110 112 84882422
49 89 84877868
0 66 84820190
0 3 84820190
104 18 84811762
93 73 84809776
104 105 84803774
104 106 84803774
104 61 84803774
104 88 84803774
26 76 84793890
26 60 84793890
97 49 84791254
40 95 84785354
87 93 84736160
49 96 84709071
49 91 84709071
49 97 84705693
97 49 84704932
13 17 84700572
97 25 84694420
0 66 84648246
10 13 84636089
4 2 84635818
6 15 84634352
6 19 84634352
13 17 84634117
17 13 84631302
0 37 84629378
82 2 84621683
13 11 84621049
14 13 84612162
13 12 84610187
38 47 84607080
19 16 84597519
19 9 84543684
19 17 84543684
81 26 84453106
81 26 84453084
88 89 84434179
0 4 84383393
81 26 84379256
104 61 84375788
104 18 84375788
104 108 84375788
97 25 84369596
104 106 84369530
104 107 84369530
104 18 84369530
104 106 84367795
108 113 84360723
108 88 84360723
13 10 84355364
13 12 84355364
13 23 84355364
11 14 84353707
11 17 84353707
97 25 84349981
19 9 84293127
44 81 84291450
97 96 84282993
104 73 84280283
104 106 84280283
104 61 84280283
49 96 84279976
49 91 84279976
13 11 84275629
30 27 84269145
70 73 84268343
70 61 84268343
60 76 84267266
0 3 84265643
0 3 84264844
13 10 84264375
8 16 84263724
10 14 84263510
13 14 84260938
49 91 84256182
82 3 84203026
82 3 84194931
97 49 84187824
49 25 84184359
91 95 84182902
113 81 84179971
104 106 84176069
104 88 84176069
104 18 84176069
0 2 84123152
0 44 84123152
81 93 84116591
81 70 84116591
81 43 84116591
81 88 84116591
81 44 84116122
93 81 84111211
19 9 84098595
26 71 84094301
98 81 84092038
98 89 84092038
62 85 84091573
49 97 84091172
89 81 84027500
81 98 84020260
6 13 84020054
6 12 84020054
104 18 84019464
49 97 84014747
26 68 84014068
49 96 84007989
13 17 84000092
104 106 83993921
104 61 83993921
104 107 83993921
104 18 83993921
93 112 83767106
104 105 83764727
104 106 83764727
104 61 83764727
104 108 83764727
97 91 83757435
49 96 83756023
0 4 83753427
93 71 83738982
93 81 83738982
81 44 83689881
85 36 83686450
49 97 83681626
2 3 83680443
81 44 83679597
41 7 83675804
52 41 83662086
49 97 83659403
88 81 83591472
19 9 83589454
13 23 83584843
81 93 83584120
81 25 83583382
25 81 83582953
90 67 83578044
13 23 83577308
90 67 83575560
81 107 83572337
90 118 83571549
49 97 83570664
93 71 83568067
26 98 83431026
26 30 83431026
26 27 83430365
26 71 83430365
19 13 83416476
19 16 83416476
104 70 83415524
90 67 83412342
90 102 83412342
81 93 83410003
81 52 83410003
81 77 83410003
81 26 83410003
81 89 83410003
81 107 83402659
94 81 83397670
81 70 83397184
26 71 83320328
107 81 83313787
10 13 83160797
13 10 83158783
20 13 83158265
20 10 83157142
81 107 83152590
119 120 83147051
82 81 83146003
19 18 83144562
119 120 83142259
20 9 83139314
20 18 83139314
20 23 83139314
11 13 83138043
11 14 83137309
0 71 83089472
0 4 83089472
0 26 83089472
0 2 83089472
0 2 83082663
81 36 83079062
0 71 83065583
33 17 83054731
25 42 83052645
25 101 83052645
25 57 83052645
25 85 83052645
25 122 83052645
19 9 83050698
81 73 83006817
106 113 82973132
4 5 82972407
17 13 82543506
11 13 82542337
11 8 82542337
93 112 82479254
13 11 82460532
13 14 82460482
0 82 82455377
123 93 82453219
58 44 82386051
97 41 82365486
16 101 82362529
8 17 82361447
85 120 82358984
122 56 82355960
81 71 82355658
44 81 82309698
97 91 82274399
13 16 82272923
97 96 82271279
97 41 82271279
78 124 82204528
6 13 82200192
13 17 82196335
112 11 82191598
112 85 82191598
28 93 82187037
93 28 82180803
66 92 81949804
11 8 81943851
11 14 81943851
11 17 81943851
89 88 81869740
120 119 81860679
97 49 81854824
62 64 81851481
120 85 81850304
22 4 81849429
11 17 81849009
81 109 81848963
81 84 81848963
81 85 81848963
81 24 81848963
81 44 81848963
120 124 81847501
4 22 81846977
13 17 81844335
40 95 81840531
8 19 81837165
40 95 81774994
33 20 81774729
17 8 81765828
11 9 81762501
11 9 81755352
11 13 81692137
11 14 81692137
109 87 81688077
0 2 81684790
111 83 81684314
97 41 81683342
122 41 81675121
19 9 81674369
22 20 81671559
12 9 81666399
14 16 81599086
111 40 81598776
13 8 81587933
40 79 81587670
81 70 81586854
81 84 81586854
81 88 81586854
88 81 81582759
19 9 81351167
97 49 81333454
55 111 81329732
9 33 81327920
14 10 81323037
19 9 81322626
123 70 81318189
81 88 81276967
33 18 81265512
112 113 81265099
58 44 81254422
11 16 81253938
78 124 81250346
11 13 81244163
10 12 81239708
49 75 81231515
49 43 81231515
49 42 81231515
49 101 81231515
37 2 81186858
38 46 81169389
123 70 81166320
123 105 81166320
93 123 81157294
30 26 81156258
81 93 81148253
108 107 81148199
87 66 81101866
91 83 81095353
6 11 81094702
112 93 81094233
112 113 81094233
111 95 81086588
81 93 81086156
58 44 81078773
33 18 81065839
81 36 81060513
19 9 81056049
97 126 81020376
97 35 81020376
97 38 81020376
97 39 81020376
71 81 81016376
91 83 81012296
19 13 81007798
11 16 81003248
112 93 80997335
79 95 80984556
10 13 80975432
49 101 80973387
49 122 80973387
33 18 80972688
85 55 80917748
4 37 80809769
9 19 80755569
113 93 80745838
97 41 80741614
95 111 80737394
19 9 80731398
120 37 80724817
58 44 80716613
61 70 80714180
9 19 80675382
91 83 80665227
19 9 80663827
91 83 80661137
94 88 80655939
40 95 80654247
40 83 80654247
10 19 80652060
10 11 80652060
68 128 80652048
58 111 80651641
58 44 80650768
43 42 80650184
20 33 80643411
13 11 80639849
81 129 80639351
129 81 80634165
2 71 80577666
19 9 80576082
91 83 80575423
57 51 80565734
57 101 80565388
25 75 80557033
25 42 80557033
9 8 80556538
23 20 80550739
33 20 80549609
13 14 80547416
94 88 80498397
20 9 80489875
4 71 80489476
89 88 80488733
91 40 80488177
78 37 80488174
57 41 80486871
0 58 80479593
23 20 80479265
23 20 80479014
25 56 80478542
20 23 80478212
20 22 80477895
0 2 80473899
81 55 80472168
25 101 80470855
37 120 80470257
28 100 80468182
57 97 80467945
22 20 80465425
32 98 80464875
98 32 80464822
32 98 80463570
0 80 80462618
37 81 80462046
10 13 80461461
120 85 80459340
120 124 80459340
82 0 80457853
82 3 80457853
49 25 80407734
61 81 80407428
61 108 80407428
111 78 80405420
91 95 80400360
91 111 80400360
91 83 80400360
29 79 80399069
20 23 80398248
23 20 80397207
92 87 80397062
43 95 80395738
43 54 80395738
3 55 80394486
11 20 80393679
6 17 80393637
6 23 80393637
79 83 80391690
22 9 80390040
78 111 80389241
113 93 80386768
37 78 80381905
17 11 80380086
20 17 80378954
23 20 80376804
81 113 80372720
11 23 80368624
49 101 80367252
49 122 80367252
9 20 80326220
20 33 80193307
49 42 80128801
103 129 79979173
112 93 79968490
112 93 79958780
29 132 79958532
78 85 79955720
39 35 79953545
10 8 79953356
58 0 79952434
78 111 79949874
111 78 79949740
20 11 79947160
38 126 79945483
124 85 79941679
82 0 79940311
82 0 79940097
11 15 79940077
113 112 79939873
85 124 79936782
20 23 79936705
123 106 79894582
49 122 79894264
123 71 79886872
123 73 79886872
123 105 79886872
91 95 79886487
91 111 79886487
25 49 79886377
25 57 79886377
44 82 79885697
20 33 79882467
20 18 79882086
124 120 79881963
129 103 79881696
10 12 79876378
93 113 79874676
2 0 79874473
82 3 79874320
20 22 79873289
93 113 79871097
20 23 79869183
9 19 79868918
20 23 79868624
8 17 79867668
8 13 79867295
25 51 79866990
25 43 79866990
25 42 79866990
25 85 79866990
10 8 79865194
8 12 79863378
20 23 79862880
10 19 79862304
10 12 79862304
17 10 79862076
23 20 79862063
112 113 79857977
78 49 79852959
113 123 79850291
29 39 79847397
113 123 79844385
113 108 79844385
112 113 79807228
25 51 79798118
25 75 79798118
25 56 79798118
25 122 79798118
4 71 79797568
58 82 79797122
10 17 79795362
19 9 79792552
41 115 79788386
25 51 79788050
25 57 79788050
25 122 79788050
4 71 79785234
18 20 79783097
92 87 79780257
115 41 79778892
115 41 79778687
78 85 79778038
112 93 79776158
94 5 79776114
17 13 79774079
17 10 79772043
112 113 79770395
10 14 79769561
10 17 79769561
83 40 79769213
17 22 79767928
111 78 79765727
78 111 79765535
111 78 79765246
78 111 79764189
94 70 79698564
93 113 79540857
14 13 79540155
61 18 79539222
20 22 79536381
3 2 79533832
8 10 79533213
8 12 79533213
82 55 79532574
113 108 79528966
41 75 79523428
11 13 79517909
11 14 79517909
11 16 79517909
11 13 79517766
113 123 79515825
49 78 79514677
49 109 79514677
49 85 79514677
129 73 79513721
13 14 79513554
129 123 79513339
92 74 79507235
37 78 79506826
55 82 79455335
18 73 79453598
19 9 79452271
82 71 79448723
95 111 79448001
82 58 79444184
132 73 79442656
25 49 79442105
25 85 79439591
123 106 79438484
123 61 79438484
123 104 79438484
97 49 79438166
88 25 79435573
28 89 79432589
92 66 79432428
49 56 79431319
94 44 79427938
120 124 79422482
80 81 79422207
93 113 79419250
11 19 79417646
20 23 79413494
97 35 79368012
97 126 79367623
97 21 79367623
93 112 79365428
6 8 79361721
6 13 79360509
6 17 79360509
6 11 79358867
3 82 79356854
3 2 79356854
3 0 79356854
43 52 79356169
13 17 79355384
123 106 79355296
3 82 79355277
73 133 79352266
25 42 79350960
25 57 79350960
33 18 79350226
100 28 79347613
119 124 79346746
23 20 79346025
119 56 79345979
23 20 79345367
41 57 79344658
13 17 79342352
14 11 79340409
37 131 79340313
2 0 79338606
25 49 79338091
85 25 79336233
122 25 79333495
18 20 79330212
55 37 79329420
20 18 79326754
14 13 79284279
94 70 79283563
97 46 79281939
97 47 79281939
97 38 79281939
97 127 79281939
91 79 79277841
66 87 79275275
25 62 79274691
62 25 79274491
113 93 79274304
40 83 79274087
14 13 79270583
93 28 79270580
82 55 79269883
85 120 79266255
78 55 79265862
127 106 79265461
40 79 79261560
88 89 79260711
97 96 79259356
0 82 79257875
0 58 79257875
0 44 79257875
23 17 79256739
121 49 79256613
2 82 79256466
112 113 79255364
0 55 79254198
0 2 79254198
2 82 79252446
70 71 79249974
29 132 79248957
82 55 79247479
61 108 79245441
61 108 79244892
93 113 79244633
49 42 79244333
49 121 79244333
49 122 79244333
83 79 79241246
97 126 79195684
25 49 79183791
111 95 79179035
25 36 79175418
70 0 79171641
70 58 79171641
82 2 79170262
82 55 79170175
82 44 79170175
68 45 79169972
17 23 79169285
119 56 79166134
13 8 79165987
13 16 79165987
123 104 79165968
61 108 79159842
61 18 79158031
93 112 79157983
91 40 78930713
91 83 78930713
1 126 78924428
37 124 78923522
23 20 78920987
13 16 78920089
20 22 78916888
44 58 78914150
131 37 78911330
131 124 78911330
93 113 78909743
93 113 78908917
119 85 78901633
91 95 78843914
91 95 78843878
91 111 78843804
91 40 78843804
82 55 78839775
95 111 78838138
112 93 78837319
121 49 78832670
49 121 78832602
121 49 78832324
3 82 78830691
112 93 78827589
40 83 78826524
112 113 78826268
124 37 78824231
131 124 78823014
49 51 78810930
20 23 78809376
81 27 78764963
81 29 78764963
81 30 78764963
81 43 78764963
81 25 78764963
81 85 78764963
61 106 78763814
82 2 78760156
82 58 78760156
38 35 78757317
35 53 78757064
6 15 78755050
61 33 78754737
61 105 78754737
61 106 78754737
61 129 78754737
61 108 78754737
23 22 78753675
78 85 78752790
112 93 78748705
19 9 78748326
131 55 78746663
93 112 78743533
20 22 78742128
2 82 78741757
49 75 78737990
2 82 78736385
2 0 78736385
2 58 78736385
8 17 78735737
8 23 78733339
10 22 78729598
0 58 78729050
0 44 78729050
2 58 78728793
95 53 78726851
40 111 78722611
16 13 78690016
16 8 78690016
91 79 78675034
82 71 78673113
119 124 78671420
16 13 78670731
82 2 78667348
120 124 78665601
16 13 78664200
78 55 78661945
2 58 78661661
68 69 78661579
120 124 78660163
78 111 78656325
82 55 78655521
82 78 78655521
82 2 78655521
82 58 78655521
93 113 78654570
2 58 78654245
73 61 78651570
20 22 78651545
71 26 78649804
80 131 78649741
97 96 78646918
20 23 78646817
49 43 78639793
49 42 78639793
49 57 78639793
32 31 78633990
20 18 78594809
91 95 78591361
91 79 78591361
108 81 78590979
112 113 78586779
112 93 78581862
66 92 78581018
61 108 78580431
55 82 78579419
58 3 78578029
53 36 78577137
41 57 78575189
82 55 78574102
82 58 78574102
78 111 78573871
120 124 78566970
124 56 78566548
124 119 78566548
49 1 78564998
119 120 78564958
119 124 78564958
58 0 78563146
20 33 78561501
93 81 78554914
13 16 78553679
8 17 78553083
13 14 78552421
20 23 78507194
2 55 78329763
91 111 78326700
8 13 78322425
8 17 78322425
100 59 78320502
8 13 78320224
112 85 78319832
93 113 78319467
101 25 78318966
93 113 78315583
11 13 78311446
11 16 78311446
2 44 78309258
111 95 78305906
93 112 78300949
78 37 78299138
112 93 78245696
1 49 78245108
130 74 78240756
78 111 78240655
8 17 78238702
17 23 78238419
2 0 78238129
37 131 78234271
78 55 78231968
44 71 78227916
112 93 78224417
25 49 78212628
93 113 78209833
111 129 78202746
123 105 78169528
123 106 78169528
91 111 78155222
91 40 78155222
91 83 78155222
85 78 78146592
58 44 78146441
20 22 78144755
57 41 78139177
53 95 78133065
44 58 78132959
103 94 78132010
82 71 78131053
82 2 78131053
2 58 78129470
2 58 78129350
49 91 78124618
82 58 78123966
8 13 78123806
13 16 78123246
20 18 78121518
29 111 78120941
49 35 78120760
49 127 78120760
112 93 78068574
77 36 78066527
91 40 78066352
44 131 78064951
44 58 78064951
44 131 78064792
44 71 78064792
93 112 78062522
23 17 78060922
91 29 78060613
3 82 78057240
91 49 78054985
91 97 78054985
82 58 78050078
8 17 78047340
1 21 78045006
41 57 78041914
17 23 78041702
113 93 78038064
113 112 78038064
29 91 78036835
97 99 77986650
81 44 77984430
91 111 77981811
91 40 77981811
58 82 77981349
5 81 77980678
93 113 77979978
2 55 77979841
112 93 77975801
40 29 77974807
61 18 77971671
11 17 77970340
15 9 77967703
1 127 77966866
120 85 77966832
129 107 77957117
112 85 77955125
90 117 77954576
85 112 77954316
23 13 77953509
112 93 77952850
19 9 77952768
113 123 77952285
93 113 77949394
86 65 77908364
13 11 77898619
13 16 77898619
25 75 77894997
25 56 77894997
25 122 77894997
25 43 77894723
25 136 77894723
25 122 77894723
25 52 77882212
88 49 77724776
88 89 77724776
88 107 77724501
58 82 77721828
58 3 77721828
92 66 77721361
92 87 77721361
2 44 77720532
89 53 77718443
25 57 77716751
25 122 77716751
120 56 77716496
82 2 77713665
82 0 77712959
82 3 77712959
120 85 77712645
23 20 77710915
113 93 77710791
5 70 77709615
5 44 77709615
74 90 77703471
5 70 77697040
93 113 77696987
120 25 77696146
80 131 77695157
93 5 77694813
11 17 77691326
11 13 77689423
97 91 77685704
91 79 77638326
58 44 77636669
8 9 77635858
131 80 77635159
3 0 77631418
90 65 77631064
112 85 77630138
85 112 77629937
100 59 77624369
66 92 77621119
7 41 77612752
22 33 77608768
33 22 77605417
33 17 77605417
112 93 77605155
112 85 77605155
81 123 77601422
18 22 77599933
123 106 77562028
93 113 77554876
86 117 77554560
86 102 77554560
93 5 77553217
105 33 77550332
22 18 77549019
9 19 77545943
86 117 77543760
93 112 77543132
100 59 77540537
2 82 77538504
26 28 77531328
62 31 77531116
78 55 77527937
42 25 77527332
23 11 77523730
40 29 77522671
40 83 77522671
13 17 77520232
13 17 77520214
13 14 77519975
2 44 77464532
112 93 77464269
66 87 77460536
93 112 77456986
58 2 77453487
23 17 77452423
23 33 77452098
0 58 77451792
0 2 77451304
42 43 77450080
17 23 77448164
6 17 77436901
124 120 77434873
120 124 77433731
0 55 77431224
11 13 77427221
20 23 77425517
20 23 77424809
90 86 77382200
112 93 77380326
25 75 77379563
25 42 77379563
25 57 77379563
25 121 77379563
25 136 77379563
25 122 77379563
104 106 77376049
25 75 77373032
25 56 77373032
91 111 77370893
91 79 77370893
100 59 77370736
14 13 77370488
75 25 77365585
109 84 77365020
36 111 77364582
36 38 77364582
0 2 77364485
0 58 77364485
0 44 77364485
83 78 77362155
78 83 77362088
129 70 77362001
78 83 77361773
3 58 77361681
111 46 77361046
94 5 77360118
91 49 77360111
5 70 77359977
0 55 77359848
70 44 77359465
70 5 77359465
46 132 77357438
6 13 77357208
56 51 77352320
93 113 77351351
13 6 77351208
23 13 77350032
2 82 77347457
0 82 77346495
0 3 77346495
82 44 77345566
97 96 77344940
93 113 77344299
55 131 77344269
96 97 77342251
111 83 77337071
22 33 77286776
13 23 77281548
112 113 77178142
14 20 77130840
14 17 77130840
112 93 77121306
112 17 77119258
91 111 77113163
14 16 77113156
100 59 77113099
90 65 77112767
90 135 77112767
90 117 77112767
90 102 77112767
2 55 77112281
90 102 77110271
123 105 77109928
0 3 77108491
0 2 77106517
113 123 77094397
8 16 77092111
90 117 77092064
120 85 77089074
112 123 77085131
11 13 77084251
58 55 77033690
23 20 77031124
13 16 77030873
90 135 77030176
23 20 77020766
113 93 77018655
113 123 77017709
100 59 77015829
20 23 77013648
51 56 77011533
124 119 77009388
89 28 77005797
23 20 77005316
23 14 77004081
44 58 77004067
14 13 76999031
29 40 76997900
11 15 76997421
20 33 76990889
70 71 76945625
91 83 76942048
112 113 76941038
90 102 76940513
90 86 76940513
112 113 76940217
82 2 76939584
132 41 76939289
132 46 76939289
132 7 76939289
113 93 76934803
37 124 76934662
20 33 76932008
131 37 76929529
32 134 76926260
25 56 76921534
25 42 76920803
25 122 76920803
122 125 76907251
20 13 76906030
90 86 76862019
37 85 76860896
37 85 76859835
131 37 76858626
91 95 76858299
112 93 76857326
112 113 76857326
13 17 76855883
112 123 76854535
23 17 76853391
44 82 76850563
44 58 76850563
1 21 76849847
25 75 76844231
25 101 76844231
6 19 76843630
90 102 76837164
90 86 76837164
22 19 76836033
22 16 76836033
81 29 76828917
81 29 76827361
13 11 76827011
13 16 76827011
41 57 76821456
41 97 76821456
37 120 76777039
112 93 76768068
88 36 76766203
120 124 76763541
97 49 76755880
120 37 76755046
120 85 76754068
119 56 76751530
112 123 76748291
117 130 76747521
117 86 76747521
14 17 76746667
14 12 76746667
14 23 76746667
26 81 76746208
132 52 76745424
13 14 76744012
25 42 76743825
19 9 76734078
20 123 76731651
5 94 76680877
26 27 76606490
42 121 76574076
91 83 76508642
120 37 76505283
136 51 76504108
136 42 76504108
136 101 76504108
136 24 76504108
136 38 76504108
92 66 76503435
117 87 76502795
13 17 76497086
90 65 76495809
85 120 76494602
25 43 76488855
25 42 76488855
25 85 76488855
112 85 76488587
40 29 76487023
111 83 76486771
25 122 76482328
11 17 76482166
25 57 76480925
25 136 76480925
93 113 76478480
85 35 76474729
91 95 76425385
13 19 76421695
66 92 76419319
125 51 76412553
125 57 76412553
88 36 76411863
3 44 76411512
80 55 76407273
111 95 76406433
78 111 76406300
78 37 76405047
112 93 76401940
2 44 76399858
122 125 76397119
58 55 76395510
2 82 76395262
2 82 76394750
9 19 76390503
9 33 76390233
25 51 76354018
93 113 76345034
112 93 76344189
91 95 76337562
91 79 76337562
131 80 76335972
120 55 76335027
40 48 76334987
33 9 76334424
93 5 76333451
123 113 76330003
23 17 76326572
58 55 76323881
58 82 76323881
112 93 76323256
92 87 76321215
112 93 76318791
122 25 76310978
25 136 76310392
9 19 76308081
25 75 76301692
25 56 76301692
93 113 76259020
112 93 76257175
93 112 76257159
3 82 76252737
40 83 76249327
123 43 76247739
23 8 76244179
95 40 76244159
68 45 76242934
20 23 76241887
29 91 76240929
8 23 76239246
112 93 76238497
81 94 76237859
8 23 76235960
13 8 76228636
23 33 76226424
14 13 76225055
80 131 76215687
44 2 76170823
111 129 76169425
13 14 76166764
91 79 76165920
13 11 76165744
13 6 76165573
78 2 76161478
81 70 76161440
113 123 76161173
93 113 76159508
82 2 76159287
120 124 76158201
44 82 76157803
58 55 76156583
58 0 76156583
37 120 76156121
81 73 76155700
131 80 76155619
13 19 76153224
13 17 76152300
105 70 76147968
0 82 76143564
19 33 76139874
93 112 76139796
29 111 76131860
0 2 76131739
81 88 76131584
2 82 76131356
111 95 76129246
111 79 76129246
15 19 76127569
112 93 76083118
93 112 76060733
112 93 76054360
112 123 76054360
112 93 76052951
26 89 76001605
23 20 75976488
55 58 75971160
91 83 75906219
3 2 75905180
120 37 75905072
120 85 75904141
23 20 75901273
88 28 75901017
88 29 75901017
88 7 75901017
88 137 75901017
88 43 75901017
88 38 75901017
112 93 75900398
120 37 75900313
88 105 75897386
88 123 75897386
88 81 75897386
78 2 75893527
0 2 75893497
0 3 75893497
113 73 75892157
20 23 75885320
93 113 75881447
44 0 75830014
44 58 75830014
131 37 75814874
97 49 75809383
125 41 75806213
125 122 75806213
125 48 75806213
93 113 75780689
62 56 75744686
86 135 75742129
86 90 75742129
86 72 75739333
86 102 75739333
86 65 75731329
86 117 75731329
86 90 75731329
19 13 75727662
19 11 75727662
19 9 75727662
71 44 75727203
131 78 75726652
12 9 75726049
78 131 75725995
23 20 75720267
90 135 75718522
78 111 75710249
15 13 75709146
113 93 75708626
17 12 75703836
78 55 75702830
112 113 75702264
13 14 75666619
13 16 75666619
88 103 75652610
68 137 75648444
25 51 75646279
25 101 75646279
124 55 75645922
91 83 75645175
112 113 75644117
119 37 75644070
119 120 75644070
23 17 75641678
13 14 75641550
20 23 75640485
71 28 75640372
111 40 75634756
25 51 75634395
25 41 75634270
25 75 75634270
78 85 75633099
41 97 75632833
2 44 75630801
78 55 75625536
2 82 75623921
53 81 75622617
112 93 75619334
0 2 75618635
81 53 75613135
8 13 75612671
25 51 75611155
123 94 75568994
14 17 75561532
91 95 75561201
19 9 75561000
9 23 75558956
3 44 75556955
37 120 75556876
112 93 75555174
124 85 75554590
112 113 75554197
124 37 75553224
82 44 75549786
19 9 75545887
90 102 75539661
90 86 75539661
84 42 75537438
129 73 75536693
23 17 75535774
112 113 75535396
3 2 75531750
2 82 75531494
119 56 75531300
104 70 75529744
90 117 75528890
19 9 75524330
26 93 75461932
59 100 75459157
112 123 75366585
112 5 75366585
121 42 75359944
91 40 75301683
78 111 75294833
78 111 75294556
78 85 75290703
85 120 75289671
81 85 75288774
100 28 75287581
25 101 75285948
25 121 75285948
26 28 75280975
0 2 75280543
0 3 75280543
68 137 75280057
17 13 75279036
17 14 75279036
57 41 75275587
58 0 75274597
26 89 75274007
11 13 75272559
11 8 75272559
11 16 75272559
11 17 75272559
29 73 75270207
112 123 75221073
112 113 75221073
91 79 75220830
84 26 75219790
44 0 75219665
13 14 75215204
55 119 75213195
100 59 75212053
113 106 75211182
13 8 75209798
23 17 75209613
74 92 75206831
85 78 75206705
80 55 75205305
82 2 75204165
82 44 75204165
13 14 75202507
112 73 75202012
13 8 75201885
105 5 75193812
23 17 75191917
20 23 75191671
113 81 75188745
13 14 75186736
13 17 75186736
25 101 75186677
33 18 75184641
81 46 75182245
81 111 75182245
81 38 75182245
28 100 75178186
20 23 75177252
26 81 75175998
81 27 75145364
91 111 75131609
91 83 75131609
112 93 75128917
131 80 75120918
113 112 75120309
131 80 75118590
29 98 75111325
2 44 75106448
90 65 75105737
90 87 75105737
2 3 75104973
8 33 75102487
100 63 75099690
100 63 75099595
92 74 75098296
78 55 75097473
78 55 75097195
85 81 75095658
81 94 75094954
88 103 75049215
2 3 75046031
123 106 75042982
13 11 75040249
25 57 75037398
25 121 75037398
131 78 75031465
33 18 75027836
66 87 75022053
2 44 75018634
5 71 75016134
129 73 75015093
40 79 75012856
40 83 75012856
56 136 75003217
112 113 74954528
112 113 74953643
70 71 74951275
70 94 74951275
70 5 74951275
112 123 74950534
129 107 74946150
28 76 74941698
124 119 74935549
8 19 74932175
14 13 74931808
113 123 74931795
14 16 74931745
112 113 74930991
131 80 74926068
20 23 74920348
13 11 74871477
13 17 74871477
15 13 74842594
2 44 74693068
100 59 74692423
112 123 74690518
112 113 74690518
26 60 74681027
112 93 74677155
112 113 74677155
105 70 74673558
131 55 74611606
2 3 74609259
100 59 74607940
113 112 74607880
90 86 74607144
22 13 74605328
113 112 74602948
112 123 74600618
125 122 74598328
125 48 74598328
85 43 74595356
85 25 74595356
85 120 74595260
13 8 74595190
13 33 74594773
13 22 74594773
112 93 74593512
85 43 74591931
112 113 74591621
120 85 74589448
120 124 74589448
82 58 74587031
0 55 74585234
0 2 74585234
112 113 74583713
112 93 74544514
13 12 74527614
23 20 74526583
8 13 74514769
78 75 74513397
1 49 74512280
25 56 74508871
13 16 74506245
119 37 74503340
85 78 74500514
22 18 74498204
5 105 74498027
85 25 74496680
136 109 74494376
19 9 74483204
19 9 74483090
72 86 74445437
124 119 74437158
13 14 74436778
93 113 74431582
119 124 74429336
62 25 74429245
112 113 74427554
112 113 74427338
120 124 74425715
44 82 74424334
44 2 74424334
25 75 74418105
25 42 74418105
25 136 74418105
90 135 74414358
25 41 74413491
25 42 74413491
112 85 74410395
131 37 74409881
13 14 74409372
62 42 74409146
78 55 74405637
85 120 74404587
112 93 74356723
112 123 74356723
112 113 74356723
93 113 74355167
25 41 74346874
25 57 74346874
112 93 74343909
58 95 74341398
58 2 74341398
112 93 74337715
112 63 74334860
112 24 74334860
82 0 74326967
82 3 74326967
45 137 74325239
13 11 74324798
23 17 74324336
68 137 74323866
112 93 74321153
93 81 74316483
93 123 74316272
26 81 74183060
112 73 74157954
112 81 74157954
82 55 74087523
93 113 74084568
93 26 74073991
89 26 74073834
93 113 74072767
11 17 74065686
44 2 74064055
85 120 74058600
120 124 74005286
112 113 74004753
90 135 74001862
90 117 74001862
26 28 73996212
41 132 73988341
41 57 73988341
66 87 73987810
5 113 73983320
125 122 73981804
119 37 73979889
25 57 73976103
25 122 73976103
131 80 73975920
2 44 73975817
5 123 73975731
5 70 73974053
2 44 73973633
5 123 73971870
13 14 73922278
112 93 73918527
112 93 73915045
82 44 73910249
120 37 73909567
93 112 73895436
120 37 73894941
100 76 73894612
20 23 73894223
68 32 73889641
25 75 73881932
25 122 73881932
44 2 73875161
44 58 73875161
123 105 73839573
123 81 73839573
123 81 73818249
112 113 73815517
3 2 73798878
93 112 73742478
93 112 73742391
112 93 73740913
112 123 73740913
25 101 73735079
25 122 73735079
6 12 73733024
93 112 73732216
112 113 73730451
5 113 73729431
44 71 73725927
44 2 73725898
8 13 73723591
68 45 73722363
82 2 73721691
8 13 73486963
100 59 73472391
20 23 73464546
78 55 73459327
2 82 73458057
8 11 73456691
88 81 73402948
78 55 73399785
103 129 73397785
93 113 73396094
13 8 73394607
93 113 73383178
25 43 73382960
78 55 73373671
112 93 73370779
25 51 73368155
69 128 73360566
88 89 73326061
93 112 73314328
93 71 73295725
62 42 73291709
113 123 73288177
93 113 73285304
131 119 73285095
93 123 73282297
93 113 73282297
8 11 73280809
13 11 73278064
85 78 73231178
19 17 73230011
25 75 73223433
25 43 73223433
25 57 73223433
93 113 73218440
136 122 73217859
85 78 73210929
113 123 73210673
85 25 73210042
25 51 73208037
123 73 73207268
15 19 73199639
20 23 73189703
93 112 73139735
73 123 73130229
112 81 73117950
112 113 73117950
112 93 73116371
112 81 73024651
44 2 72884313
18 22 72872056
66 87 72871005
100 28 72868174
44 2 72860610
112 81 72857621
94 105 72792749
82 3 72791674
82 58 72791674
121 115 72791421
69 128 72785879
15 6 72780803
62 60 72779371
112 123 72772526
28 100 72770139
100 63 72762086
81 112 72710132
70 73 72708303
66 84 72704943
25 56 72700689
25 136 72700689
25 122 72700689
15 17 72695372
15 23 72695372
119 124 72687386
15 6 72681613
6 11 72675502
15 6 72673352
62 125 72667884
37 131 72625744
93 70 72622978
93 123 72622978
37 131 72622403
112 113 72618737
78 55 72615397
18 9 72615103
20 23 72609364
62 53 72607017
25 52 72605670
25 75 72605670
25 42 72605670
62 53 72598594
97 96 72596727
62 53 72595593
93 112 72594856
78 85 72592841
13 103 72592683
93 112 72592241
20 23 72584588
68 32 72536205
125 41 72528162
125 57 72528162
18 20 72515112
75 78 72501645
104 105 72498850
93 113 72448317
106 33 72356464
106 73 72356464
106 103 72356464
106 129 72356464
106 113 72356464
13 11 72342221
13 8 72341705
104 105 72277462
104 61 72277462
113 112 72276492
35 83 72272776
93 5 72266398
78 85 72265638
78 55 72265092
11 17 72261405
123 112 72255164
43 101 72254303
43 122 72254303
44 2 72251150
112 81 72246956
103 73 72243293
20 23 72239478
5 112 72196889
106 63 72176245
106 93 72176245
106 73 72176245
106 77 72176245
106 49 72176245
106 101 72176245
106 140 72176245
106 26 72176245
129 73 72172367
82 3 72160078
93 113 72159260
93 112 72154137
93 113 72153955
112 93 72114072
44 82 72105619
112 93 72089818
112 123 72089818
112 113 72089818
131 37 72086501
82 55 72084087
25 43 72080640
25 42 72080640
15 9 72068466
112 93 72023325
112 123 72023325
112 113 72023325
93 112 72022917
131 37 72019920
25 57 72019612
25 121 72019612
25 101 72019077
104 61 72006541
104 81 72006541
112 93 72002880
93 113 72002471
131 78 71995120
9 19 71986989
111 95 71985495
111 29 71985495
15 9 71983752
131 119 71949420
93 112 71939471
77 64 71934779
131 119 71931422
15 9 71914244
111 29 71911580
111 83 71911580
111 95 71908595
15 19 71902080
15 9 71896416
93 113 71895929
123 113 71823841
26 27 71648883
26 28 71648883
26 31 71648883
13 17 71641482
87 66 71604580
74 66 71598432
13 17 71586765
82 58 71575284
68 137 71571006
44 58 71559782
44 58 71556062
111 78 71504281
111 78 71503969
111 78 71503584
33 13 71494729
93 113 71477777
85 14 71475775
134 62 71472746
70 82 71417393
70 94 71417393
70 0 71417393
70 44 71417393
70 5 71417393
131 119 71414044
82 2 71398714
82 44 71398714
82 58 71397717
8 13 71388752
8 11 71388752
8 9 71388752
8 17 71388752
8 12 71388752
123 73 71377377
33 8 71330248
44 3 71325687
123 73 71322210
38 35 71322201
37 120 71311172
13 17 71309238
97 96 71305332
17 13 71303610
25 75 71300242
25 136 71300242
123 113 71296864
93 113 71243845
93 113 71242316
93 123 71241996
93 5 71237636
82 55 71066432
52 115 71066281
3 2 71060212
3 44 71060212
6 13 71056991
131 120 71056021
25 56 71048347
6 8 71042435
112 73 70988410
81 31 70984156
100 28 70975756
13 17 70973459
93 112 70968656
78 55 70965534
123 93 70962101
78 55 70956882
13 8 70953975
93 112 70948287
93 112 70947837
100 59 70892207
70 71 70892074
70 10 70892074
68 32 70885323
44 58 70868126
112 93 70815388
13 17 70809629
71 70 70806949
73 129 70805505
25 51 70796097
25 56 70796097
25 75 70795110
25 56 70795110
123 113 70768301
82 58 70719688
74 92 70716083
78 2 70711528
111 29 70707702
78 55 70707367
111 83 70702644
97 96 70699817
139 128 70628304
139 134 70628304
139 76 70624491
139 60 70621670
22 13 70461224
63 5 70451854
11 8 70449782
11 17 70449782
87 66 70449128
22 17 70446998
22 9 70442993
62 77 70439835
13 8 70392543
13 8 70392376
13 8 70391934
13 17 70391310
19 9 70376857
13 8 70376039
93 113 70368419
18 107 70355480
73 141 70313039
123 112 70286019
141 33 70284850
141 81 70284850
78 55 70282609
90 72 70280400
90 86 70280400
141 103 70279138
141 123 70279138
141 107 70279138
141 18 70279138
25 51 70276100
25 56 70276100
25 42 70276100
37 85 70268278
82 2 70265231
82 0 70262686
82 58 70262686
78 55 70261759
113 93 70260981
113 112 70260981
113 123 70260981
92 74 70194160
30 36 70184207
19 9 70177963
26 27 70168815
112 113 70154760
112 113 70152600
25 43 70116991
25 42 70116991
25 101 70116991
25 121 70116991
25 136 70116991
81 52 70116642
81 25 70116642
81 84 70116642
81 85 70116642
139 62 70116458
13 17 70110283
92 74 70109141
78 37 70107420
139 76 70102726
37 78 70102427
20 18 70096702
25 75 70092606
25 56 70092606
25 57 70092606
139 59 70091651
6 11 70090524
25 51 70088395
25 75 70088395
25 121 70088395
20 23 70085812
112 113 70082340
19 9 70079699
112 113 70076940
112 81 70072800
92 74 69865854
92 87 69865854
131 55 69856606
9 19 69854052
131 101 69853482
111 95 69853245
13 17 69852823
92 130 69844720
78 55 69841917
6 13 69834618
6 17 69834618
9 112 69771660
100 59 69770694
131 55 69769155
112 93 69765288
78 55 69764456
43 25 69759436
112 113 69755400
112 93 69749653
123 113 69738367
9 112 69735660
112 9 69733380
112 123 69691796
112 25 69691796
112 5 69691796
112 25 69673740
44 0 69664169
107 73 69654297
123 113 69651170
131 115 69578991
112 113 69575707
82 58 69575262
139 59 69570998
112 113 69568980
62 30 69568680
112 113 69557700
6 17 69488118
112 113 69486780
13 17 69485007
44 0 69483144
112 113 69480480
15 13 69474169
15 19 69474169
15 9 69474169
112 81 69319375
112 93 69318040
112 81 69318040
112 73 69300000
112 113 69300000
19 15 69253012
19 13 69253012
19 8 69253012
35 125 69229571
139 93 69225226
26 81 69224490
68 31 69222144
112 73 69209280
113 112 69177900
112 113 69157200
43 42 69137471
43 121 69137471
68 137 69135535
68 32 69135535
55 34 69132357
112 113 69121200
113 112 69120780
37 120 69078905
111 129 69075972
25 51 69074460
25 43 69074460
25 101 69074460
25 136 69074460
26 30 69071490
26 113 69071490
125 55 69068901
125 34 69068901
70 131 69058307
70 0 69058307
112 113 69057900
82 44 69056162
111 26 69045568
95 111 69044422
139 59 68992469
112 113 68992440
49 97 68991952
131 37 68981693
85 25 68979780
85 142 68943780
85 25 68943780
85 112 68918400
68 45 68908093
25 121 68905690
15 11 68890887
117 130 68889256
19 9 68888237
25 43 68887862
25 42 68887862
25 139 68887862
131 52 68881744
112 113 68665440
112 85 68648048
112 113 68647482
13 11 68640753
6 13 68640590
6 11 68640590
112 85 68630040
82 2 68624337
8 17 68624202
20 18 68608694
82 2 68558418
82 58 68558418
82 3 68556368
82 58 68556368
81 27 68556337
81 70 68556337
71 70 68555513
70 71 68554288
70 94 68535062
70 2 68535062
70 5 68535062
43 36 68524649
112 113 68461680
68 45 68457310
68 137 68457310
43 121 68441381
112 113 68437860
112 113 68435760
112 113 68435580
112 113 68399760
112 113 68389080
19 15 68387944
139 134 68378040
9 20 68377742
100 28 68354809
43 121 68351206
113 112 68336700
44 2 68308986
95 111 68294417
112 81 68293200
112 113 68293200
112 113 68266980
112 73 68244600
72 92 68219583
112 113 68055720
112 113 68046540
112 113 68044080
55 37 68020769
78 96 68018635
78 85 68018635
112 113 68007660
112 113 67965720
66 87 67962416
112 113 67953780
19 9 67947451
78 85 67938353
112 113 67916940
112 113 67785120
84 109 67782324
35 77 67781192
26 27 67763132
100 59 67761073
100 137 67761073
6 8 67760973
6 11 67760973
111 78 67698206
111 78 67697228
111 78 67696869
139 60 67696243
88 81 67686780
26 81 67671550
35 77 67669710
3 2 67665675
102 92 67617883
132 81 67442640
111 29 67434568
11 8 67414642
55 37 67414382
82 2 67341134
15 8 67333697
78 55 67332147
5 70 67332122
78 55 67332121
36 53 67258387
36 34 67258387
78 25 67247259
100 59 67235080
68 137 67153873
68 100 67153873
43 56 67087457
81 73 67073510
81 29 67073510
111 38 67059917
26 20 67058057
112 113 66858180
1 126 66828174
139 59 66815059
139 100 66815059
139 60 66815059
11 13 66805788
13 11 66802195
2 50 66751256
66 87 66738209
112 113 66732300
112 22 66729060
112 9 66729060
112 22 66726960
112 85 66726960
21 1 66726595
112 113 66642420
15 17 66638361
13 11 66637810
37 115 66575736
5 71 66545130
139 27 66544465
112 113 66470400
112 113 66469860
71 5 66381394
5 71 66321656
139 59 66211978
139 100 66211978
139 137 66206184
143 131 66105240
19 15 66070380
105 22 66055442
105 106 66055442
100 137 66046799
77 35 66030643
77 35 66030548
143 131 66015660
26 134 65973640
84 26 65964626
19 9 65959260
49 97 65945048
71 145 65839140
145 82 65597640
1 49 65590692
116 73 65589407
143 131 65569980
72 135 65548613
91 83 65541739
71 145 65525580
82 58 65518560
1 126 65517064
145 2 65498700
71 145 65489580
58 71 65486940
71 145 65456460
92 130 65452670
2 82 65449080
125 34 65431077
13 11 65418676
2 82 65412900
145 3 65412780
4 144 65409660
15 13 65369400
6 13 65364052
3 58 65326320
53 81 65302800
114 24 65283060
91 111 65279005
91 40 65279005
92 130 65275220
29 81 65265551
26 36 65262471
55 34 65258977
53 36 65254512
69 32 65250755
2 82 65247840
29 81 65247540
0 82 65243940
58 2 65234880
71 4 65201160
37 120 65041200
19 9 65037780
131 37 65034960
91 111 65024184
92 66 65013284
92 87 65013284
1 138 65000874
37 85 64997700
72 92 64983420
3 55 64978620
2 58 64968900
37 85 64942380
91 79 64935855
91 83 64935855
143 144 64934220
112 104 64918500
37 85 64906380
116 26 64898221
112 113 64890180
58 0 64883700
26 30 64854910
95 50 64846892
85 37 64844460
37 85 64835022
0 3 64826400
0 58 64826400
37 85 64805820
120 37 64804620
37 131 64803360
107 73 64799280
85 37 64765200
71 145 64757940
112 113 64752780
112 113 64742820
57 56 64740076
112 113 64739400
112 113 64739100
29 30 64736203
29 30 64736168
112 113 64733700
61 81 64733040
125 36 64732363
116 52 64728947
116 30 64728947
116 38 64728947
0 3 64727640
145 71 64723320
2 58 64717500
145 0 64710360
91 111 64414626
91 83 64414626
29 27 64407329
29 111 64407329
29 81 64407329
29 83 64407329
29 36 64407329
131 78 64397880
13 11 64393856
136 25 64385697
143 144 64358580
84 109 64343482
2 55 64303860
78 85 64301760
3 145 64300500
111 95 64291908
111 83 64291725
2 82 64289880
131 38 64289280
0 55 64285800
145 2 64279380
66 87 64250604
1 53 64227241
131 144 64225920
37 78 64225440
111 95 64217700
41 52 64212063
85 37 64200600
112 113 64182060
68 45 64166580
37 120 64162080
91 95 64157509
91 111 64157509
71 145 64154400
116 27 64139216
116 68 64139216
116 46 64139216
116 54 64139216
116 7 64139216
116 77 64139216
116 34 64139216
116 101 64139216
116 90 64139216
116 122 64139216
52 41 64135724
52 115 64135724
91 95 64133255
91 40 64133255
0 3 64130760
68 32 64130580
143 131 64114140
145 3 64110840
145 71 64110240
18 13 64108440
71 58 64084800
131 4 64073940
0 2 64067220
37 131 64064400
112 113 64060500
116 85 64052557
58 82 64049940
71 58 64048800
143 131 64043580
0 3 64029600
131 37 64026840
85 37 64025760
0 3 64025340
131 55 63805932
131 55 63787920
57 41 63787025
3 55 63781320
3 145 63781320
112 9 63773820
131 143 63770460
37 131 63762660
37 120 63724680
37 85 63720000
7 41 63719801
1 126 63717900
113 73 63707160
113 107 63707160
2 3 63689880
37 85 63684000
2 3 63676080
62 85 63643500
13 8 63639714
2 3 63628020
145 71 63607260
2 58 63592020
0 55 63591240
119 37 63588840
119 37 63587160
17 13 63539735
37 85 63539580
95 91 63531194
71 110 63527760
3 2 63523500
58 82 63523200
58 2 63522540
37 85 63522300
90 4 63508800
112 17 63508500
37 78 63508020
4 144 63500760
37 120 63450900
112 113 63449580
61 81 63445440
85 37 63436809
58 82 63435060
57 25 63432540
4 71 63428580
78 37 63426480
78 85 63426480
2 58 63422940
131 119 63421140
37 78 63420480
37 85 63420480
145 2 63252060
57 41 63202980
79 83 63199920
50 121 63193546
121 50 63192807
1 49 63188640
131 120 63183000
36 38 63180938
58 2 63174180
37 131 63172020
62 42 63168240
58 2 63167580
58 95 63160800
95 91 63104220
111 95 63103860
37 120 63101340
146 48 63099420
37 120 63096120
111 83 63089640
11 6 63087946
11 17 63087946
112 113 63087780
112 113 63084060
112 113 63080160
0 3 63079800
145 2 63070380
71 145 63006300
131 37 63004320
37 85 62991840
38 49 62949420
58 82 62925000
55 2 62912520
111 78 62912340
45 68 62885700
81 71 62856780
81 73 62856780
121 42 62849137
57 56 62839260
116 52 62824776
116 36 62824776
58 111 62819460
145 2 62812200
136 25 62595300
111 78 62593140
11 6 62573010
111 78 62554260
87 66 62530800
9 81 62506920
25 78 62498640
25 85 62498640
141 120 62487540
78 143 62465160
9 81 62446620
25 51 62432040
25 142 62432040
25 42 62432040
116 28 62424560
116 132 62424560
116 38 62424560
116 36 62424560
116 38 62424128
116 28 62422995
116 98 62422995
55 131 62400420
1 126 62393520
85 37 62389140
92 74 62334480
104 112 62329080
104 112 62324280
90 4 62309040
120 85 62307240
145 2 62305680
74 92 62284620
136 42 62267340
81 27 62266560
81 85 62266560
22 8 62255500
105 94 62251457
81 27 62248602
81 28 62248602
81 35 62248602
121 42 62248043
112 104 62243160
72 74 62238660
144 131 62234280
73 81 62228460
143 144 62225940
37 131 62212860
71 145 62208840
1 49 62207640
72 135 62159580
138 38 61990800
20 23 61982621
112 113 61980600
92 130 61973820
104 112 61972080
4 90 61969620
0 55 61968600
0 145 61968600
113 81 61962120
138 1 61954800
9 18 61951860
4 71 61947780
4 90 61947000
90 4 61942260
111 78 61927500
25 56 61907580
25 57 61907580
25 139 61907580
25 122 61907580
25 51 61907100
139 11 61902859
112 113 61892280
4 90 61886820
113 112 61883520
145 3 61879260
117 109 61871700
120 37 61870260
112 113 61867920
112 113 61867080
117 102 61856820
40 95 61834740
40 79 61834740
139 6 61813974
139 6 61811610
139 8 61811610
139 11 61811610
4 144 61808100
58 82 61802940
112 104 61802460
40 111 61798740
40 83 61798740
92 130 61795080
145 2 61791480
0 55 61785840
0 3 61785840
0 145 61785840
37 120 61781460
40 79 61731780
40 83 61731780
112 113 61723800
37 85 61721640
37 85 61718640
122 142 61711440
122 42 61711440
122 147 61711440
37 131 61709700
37 120 61707120
116 73 61700214
2 131 61696800
57 122 61690800
38 1 61655040
38 39 61655040
38 48 61655040
116 85 61652033
38 48 61650660
4 90 61632840
0 2 61629540
0 58 61629540
58 2 61626660
88 81 61624860
37 85 61619940
38 146 61619040
38 138 61619040
38 48 61619040
145 0 61617600
145 2 61617300
145 0 61617300
111 83 61615560
38 126 61614660
145 82 61614240
145 0 61614240
4 90 61613940
112 22 61607820
58 55 61603860
18 20 61599060
78 2 61599000
116 73 61573623
11 6 61395194
11 23 61395194
20 23 61385793
57 41 61385520
18 141 61377780
112 113 61373820
3 2 61371660
58 82 61367580
143 78 61360560
88 81 61357620
141 73 61321860
1 21 61318020
112 113 61286820
145 58 61282560
105 22 61282320
145 2 61281480
0 58 61279920
0 145 61279920
112 113 61278120
131 55 61273380
112 17 61268460
0 2 61264620
8 15 61215484
8 6 61215484
131 143 61210080
23 8 61193334
23 20 61193334
23 17 61193334
0 3 61176540
0 145 61176540
145 0 61175700
145 2 61175400
2 3 61174800
131 143 61174080
3 55 61167000
3 0 61167000
3 58 61167000
57 121 61137060
6 22 61128899
112 113 61112640
145 2 61111620
2 58 61106760
57 121 61101060
122 56 61100580
122 139 61100580
143 144 61089720
0 3 61088100
40 83 61039440
57 139 61035120
58 82 61026300
58 82 61024440
112 113 61023840
145 3 61018560
17 11 61014499
145 2 61010040
18 20 61004700
37 85 61000440
37 85 60999900
92 130 60799800
113 112 60766020
139 17 60759180
117 90 60759120
139 17 60759111
0 3 60753540
0 145 60753540
92 130 60749400
37 85 60748260
2 0 60743640
112 113 60741240
37 85 60718560
92 130 60706320
143 131 60656460
57 147 60654240
3 55 60587040
2 0 60582120
2 3 60582120
145 2 60581640
112 113 60574920
2 3 60570960
88 81 60569400
111 83 60562140
112 113 60508860
6 8 60508832
131 144 60502980
17 8 60499728
17 11 60499728
112 139 60496140
112 113 60490020
3 58 60488460
3 145 60488460
131 144 60486180
144 48 60480480
111 40 60472980
81 53 60430620
132 78 60430140
112 113 60427260
91 83 60426780
112 113 60413460
6 9 60367144
112 113 60265860
92 74 60171780
131 55 60163740
6 11 60158435
11 6 60153336
1 21 60151440
131 55 60151200
131 78 60150900
112 113 60143640
55 143 60131760
0 3 60075060
145 0 60073380
4 90 60072420
139 6 60070503
3 145 60066000
112 113 60064440
112 113 60058740
143 144 60050100
2 0 60046200
87 66 60025860
112 113 60010380
112 113 60009960
18 20 59981280
112 113 59975580
112 113 59973360
113 112 59954760
144 2 59903940
143 144 59897700
116 77 59893622
111 78 59886000
58 82 59878500
143 78 59877300
57 25 59869980
73 81 59829420
58 82 59815920
38 48 59812140
55 131 59811840
55 85 59808360
71 94 59797500
131 78 59589720
112 113 59559600
112 113 59559360
131 78 59550120
40 79 59545740
131 78 59542620
117 109 59541780
112 113 59532960
112 113 59531340
131 78 59530380
22 6 59529180
22 139 59523480
78 143 59462160
57 41 59445780
143 78 59438880
143 131 59437860
143 131 59435220
55 143 59383980
55 131 59383980
22 33 59381880
22 9 59381880
22 17 59381880
143 78 59379540
55 78 59375580
116 106 59372475
57 147 59362380
37 95 59360880
58 3 59357400
3 2 59354520
3 2 59351640
139 136 59329500
55 131 59306580
55 131 59306220
139 6 59302405
139 17 59302405
37 131 59294400
58 82 59291760
2 0 59290740
139 22 59290366
139 17 59290366
131 37 59276940
0 3 59263680
55 131 59262900
139 136 59216520
2 0 59203260
37 85 59198640
22 17 59195520
92 117 59186040
117 92 59180160
22 17 59141100
112 113 58958520
112 113 58958040
6 17 58956326
131 144 58954380
0 2 58948920
117 92 58940340
112 17 58938060
148 149 58930680
112 113 58930260
149 148 58928220
3 2 58926840
92 149 58918140
117 92 58851780
117 92 58851420
92 117 58847040
92 66 58834800
116 73 58789946
95 91 58781220
2 55 58780860
58 82 58780260
58 95 58779600
95 91 58772700
143 131 58758780
57 56 58753200
112 113 58752960
22 139 58712580
112 113 58703520
57 139 58697580
2 145 58692180
58 111 58685460
142 122 58683000
145 0 58670760
145 2 58663080
57 142 58657980
57 42 58657980
57 122 58657980
58 82 58607520
37 131 58605600
112 113 58603980
81 53 58603200
112 113 58590000
131 55 58584240
120 37 58579200
117 92 58578240
11 6 58344970
11 8 58344970
37 126 58340040
112 113 58329720
112 113 58328400
112 113 58263960
1 47 58257240
112 22 58256220
112 149 58256220
131 143 58243680
0 2 58236600
117 74 58231440
117 140 58231440
6 11 58203438
37 120 58194780
25 147 58192140
25 120 58190460
112 113 58184700
139 11 58182875
2 58 58179900
58 2 58177200
112 113 58174260
143 78 58174080
58 144 58165440
149 112 58164720
0 2 58156500
144 131 58149420
143 85 58095900
37 120 58095180
112 113 58089180
3 55 58076160
3 2 58076160
3 0 58076160
3 58 58076160
2 0 58075980
92 149 58075620
112 113 58069020
25 136 58063500
25 142 58057620
8 6 58023769
8 17 58023769
71 145 58000260
11 6 57994801
11 8 57994801
3 58 57990840
58 2 57986400
58 3 57986400
58 145 57986400
112 113 57981840
25 42 57981540
25 122 57981540
112 113 57980820
112 113 57980400
112 113 57979200
149 25 57972180
149 107 57972180
2 145 57970260
1 47 57823080
112 113 57810960
22 17 57741120
22 139 57741120
3 2 57737220
3 55 57731340
3 58 57731340
22 139 57656940
112 113 57634260
2 145 57626280
139 8 57587556
112 17 57576780
112 113 57494340
117 24 57481800
112 113 57481140
111 73 57465480
117 66 57463740
112 24 57462240
112 113 57461880
25 122 57414900
112 113 57399780
112 24 57399780
92 109 57397860
92 87 57397860
37 119 57396420
112 149 57395220
114 117 57385800
58 145 57377700
58 145 57377640
79 25 57377280
3 58 57376980
3 145 57376980
113 112 57376500
0 2 57369720
2 145 57368580
25 122 57325980
112 24 57294180
25 51 57225900
25 142 57225900
25 122 57225900
107 9 57152802
112 113 57135060
55 2 57131400
112 113 57115020
58 2 57103800
58 0 57103800
58 82 57055140
149 42 57052680
149 25 57052680
149 107 57052680
58 145 57050220
145 3 57050040
117 84 57048660
58 144 57045960
92 117 57045300
66 117 57029220
131 144 57029160
57 41 57025440
0 2 57025260
2 0 57020400
143 144 57017040
117 84 56966640
117 114 56966640
117 87 56966640
131 143 56965800
112 113 56965560
2 145 56964300
2 145 56963700
57 139 56962620
131 55 56959380
22 112 56953800
112 149 56945280
117 109 56944200
0 2 56938440
111 95 56885160
112 113 56881200
116 85 56873376
91 40 56858640
0 2 56858220
37 120 56855040
2 3 56852160
2 145 56850180
145 2 56849100
25 136 56815680
71 4 56788680
112 113 56788680
9 6 56785027
9 17 56785027
131 55 56780520
2 0 56775780
145 58 56772060
112 113 56700540
112 24 56699880
139 11 56554978
139 6 56546916
139 11 56546916
98 29 56542412
20 23 56538840
0 58 56532960
0 145 56532960
112 113 56532420
38 47 56530260
143 55 56526480
57 142 56526240
57 42 56526240
57 122 56526240
2 0 56519340
0 2 56512620
91 40 56506140
85 120 56500740
92 117 56500020
2 0 56447520
139 6 56447199
0 55 56444880
117 92 56444820
0 2 56439600
0 3 56439600
0 58 56439600
37 120 56439060
112 113 56431440
149 112 56416680
8 11 56403960
37 120 56351760
57 64 56343900
131 144 56338440
0 58 56329260
116 85 56299910
139 6 56286300
139 11 56286300
139 17 56286300
20 23 56280780
104 113 56278500
112 104 56275860
61 81 56268240
112 113 56253420
120 37 56252640
41 57 56246520
2 0 56243880
139 6 56243100
139 11 56243100
116 111 56184769
55 0 56155500
112 113 56082780
22 112 55953540
22 11 55953540
112 113 55943580
112 24 55943460
117 66 55928640
2 55 55917720
37 85 55915380
131 55 55910280
120 37 55902960
120 37 55897980
91 111 55888920
91 40 55888920
17 6 55855320
112 104 55848420
37 120 55834320
11 6 55832040
149 148 55829520
79 111 55828140
149 148 55827360
2 58 55819500
112 139 55814340
25 24 55814040
149 42 55813980
149 148 55813980
149 24 55813980
58 2 55813860
22 139 55812480
91 49 55810620
112 113 55809540
112 24 55809540
112 113 55761720
2 0 55759560
37 131 55757940
22 6 55753860
22 9 55753860
0 58 55752780
47 110 55747860
112 113 55734540
111 91 55721160
112 113 55717860
58 2 55668540
58 0 55668540
58 3 55668540
2 3 55665360
4 58 55665360
58 82 55652340
38 49 55651620
131 55 55649220
2 0 55591440
2 145 55591440
112 113 55587780
131 143 55581480
117 92 55577280
58 2 55570260
2 0 55559580
0 145 55555260
148 130 55549800
148 149 55549800
148 140 55549800
148 86 55549800
148 87 55549800
99 139 55542960
25 42 55484340
112 113 55422480
112 24 55422480
22 9 55324980
22 17 55324980
22 139 55324980
9 113 55322940
2 0 55322820
2 58 55322820
81 29 55322529
120 78 55318260
111 61 55317300
2 0 55306860
112 113 55301160
22 139 55234860
117 84 55229760
57 41 55222380
57 41 55221960
57 56 55221960
41 56 55221600
149 107 55214040
112 113 55212480
58 82 55151940
2 145 55122300
2 0 55120620
112 104 55072080
2 145 55070160
112 24 55058700
145 2 55050900
41 57 55032720
116 77 54992292
58 82 54981600
1 21 54977220
1 49 54977100
112 24 54976380
1 21 54963600
2 0 54960360
131 144 54958380
1 21 54953940
58 82 54949560
111 83 54943380
116 111 54924882
112 24 54829020
112 113 54730080
99 35 54717600
79 111 54710160
11 8 54697080
2 145 54691560
131 144 54691140
22 139 54691140
22 17 54685320
22 139 54685320
22 139 54684960
92 130 54683580
139 6 54672540
112 24 54637920
139 11 54629340
139 17 54629340
58 3 54628380
58 145 54628380
1 21 54626460
22 120 54624000
149 25 54603360
22 139 54602400
0 2 54601740
0 3 54601740
0 2 54600600
112 113 54543480
112 24 54543480
91 95 54538740
91 111 54524340
111 91 54523860
58 82 54519780
58 145 54516900
111 91 54514620
22 17 54462840
22 139 54462840
22 23 54462840
143 55 54451080
1 21 54444720
149 42 54429300
149 148 54429300
145 3 54359520
92 130 54350520
92 109 54350520
120 37 54347880
112 113 54300840
22 139 54288120
11 8 54136080
58 82 54114000
0 145 54112740
58 82 54108000
148 112 54106680
148 113 54106680
92 117 54099420
22 139 54093060
11 8 54092880
92 149 54014760
136 142 54010080
136 25 54010080
136 99 54010080
136 122 54010080
112 113 54006720
58 82 54001020
112 24 54000900
58 0 53999760
22 139 53994060
11 6 53974200
111 29 53943840
58 2 53938200
58 2 53935500
58 145 53935500
2 58 53919540
111 83 53905560
25 142 53873160
25 122 53873160
112 24 53861400
58 145 53854380
112 24 53854200
2 0 53852340
112 113 53832660
112 113 53768040
25 57 53754060
81 88 53750100
38 48 53738280
112 113 53658180
112 24 53658180
112 139 53657940
112 113 53616960
74 66 53526000
79 111 53419620
143 78 53415300
41 57 53402100
57 41 53401980
2 3 53399460
22 17 53353320
22 139 53353320
111 61 53343300
132 143 53323440
58 82 53318880
149 73 53314860
47 110 53234580
142 136 53224680
68 45 53219100
22 6 53137320
88 81 52924020
139 11 52810260
139 17 52810260
57 41 52810140
55 143 52809480
55 131 52809480
2 145 52806480
25 42 52800000
131 143 52733280
58 82 52731360
143 131 52725780
55 131 52704300
25 57 52639140
2 0 52638060
143 122 52621620
112 149 52578180
2 3 52563840
57 41 52554600
1 21 52550220
9 112 52549920
47 110 52546320
2 0 52273320
2 0 52273260
41 57 52272060
92 130 52269960
0 145 52267620
58 2 52203660
58 2 52199220
58 145 52199220
58 82 52187520
112 113 52133820
112 24 52133400
117 66 52128900
117 109 52128900
64 142 52117080
2 0 52115220
142 64 52114080
112 113 52113180
57 41 52111260
112 113 52105560
111 73 52094820
92 66 52029540
92 117 52029540
2 0 52021800
2 3 52018380
113 112 52014300
11 6 52012800
2 0 52012200
25 136 51964560
112 24 51766680
112 149 51677040
25 51 51624900
25 136 51624900
112 113 51620940
112 24 51620940
2 0 51612840
2 58 51612240
37 131 51609780
58 82 51523380
22 9 51500580
22 139 51500580
1 138 51411060
143 37 51081240
22 17 51078180
92 87 51073140
1 21 51072120
117 24 51006420
21 1 50982780
112 113 50979540
112 148 50979180
58 0 50978040
58 3 50977620
112 148 50928540
112 149 50917560
57 41 50912040
41 57 50911320
37 120 50907960
55 143 50905380
112 149 50900640
58 2 50897640
120 37 50889600
37 120 50822400
112 149 50813760
2 3 50802720
22 139 50802660
22 17 50802420
149 112 50740080
112 148 50731380
73 81 50718480
120 37 50714940
58 82 50488320
37 120 50487660
58 29 50475360
113 112 50472540
37 120 50465760
22 9 50457420
22 17 50402160
22 20 50400240
22 139 50400240
131 143 50393040
148 63 50389860
148 117 50389860
148 90 50389860
148 74 50378520
148 130 50378520
148 109 50378520
58 145 50375760
126 40 50368800
112 149 50320920
112 113 50320920
104 33 50315820
104 105 50315820
104 33 50315700
104 81 50315700
104 107 50315700
58 0 50314140
37 120 50311080
92 66 50308920
92 130 50308920
92 87 50308920
113 112 50298540
9 8 50296380
104 73 50291820
104 105 50291820
139 91 50288400
58 82 50284560
148 74 50283600
148 114 50283600
148 24 50283600
148 87 50283600
148 90 50283600
112 113 50232780
9 33 50220000
9 22 50220000
104 106 50217600
104 73 50217540
104 106 50217480
104 81 50217480
112 113 50217180
20 23 50212920
112 113 50212200
8 22 50206020
8 9 50206020
113 112 50204160
122 125 50201400
9 18 50199060
9 17 50199060
9 139 50199060
22 6 50195160
58 144 50145360
55 143 50142780
23 20 50141580
17 22 50138100
148 112 50130180
112 149 50129640
112 113 50129280
149 66 50129100
149 9 50129100
149 84 50120580
149 66 50120160
149 148 50116620
149 112 50115540
0 2 50112780
0 58 50112780
37 120 49880220
139 8 49870860
58 3 49867260
92 117 49859820
117 92 49859280
18 9 49847880
88 81 49799760
81 29 49791060
57 41 49790280
112 149 49788600
111 73 49787100
58 3 49780620
0 2 49769880
0 3 49769880
19 22 49714500
131 144 49710180
71 94 49701960
71 94 49699800
92 66 49695660
92 114 49695660
9 18 49687440
139 17 49686000
41 57 49685460
2 58 49681380
2 145 49681380
2 0 49680900
58 82 49680060
94 71 49645740
22 139 49621860
9 22 49620180
9 20 49620180
9 18 49620180
37 143 49617900
58 82 49590660
91 49 49586580
9 17 49554420
112 113 49541400
0 58 49529760
1 21 49527660
149 71 49521960
139 6 49518660
8 22 49517700
112 24 49510680
0 2 49507860
82 58 49504440
17 8 49502400
81 73 49274100
0 58 49270380
104 33 49267740
104 141 49267740
104 61 49267740
104 81 49267740
104 107 49267740
104 18 49267740
8 22 49266720
17 139 49260240
68 45 49257660
6 8 49255380
6 11 49255380
9 139 49250940
68 76 49245600
68 45 49245600
2 58 49183860
58 0 49182960
113 112 49181100
113 112 49174080
148 112 49172400
112 149 49170120
112 113 49168320
17 139 49168080
2 0 49164000
120 37 49161120
17 22 49157640
111 29 49105860
58 3 49101120
68 45 49092240
68 137 49092240
23 9 49086840
23 18 49086840
112 149 49081140
149 112 49077600
149 112 49074720
88 81 49022940
23 20 49019880
81 73 49019700
117 92 49014660
2 3 49010580
2 3 49004880
149 78 49004700
149 84 49004700
9 22 49001940
4 145 49000260
58 2 48998160
58 2 48997440
81 73 48997260
149 78 48993420
58 2 48991500
22 6 48990360
6 22 48989820
22 17 48987120
117 78 48937500
82 58 48930180
92 87 48925860
58 29 48915900
2 58 48898140
112 139 48502860
20 23 48478740
112 149 48477120
112 113 48471960
113 112 48420660
149 113 48403920
149 148 48402840
148 113 48394920
148 112 48390000
148 149 48390000
68 45 48388860
139 6 48388500
139 8 48388500
22 139 48388140
112 113 48386820
139 22 48386460
68 76 48377820
68 137 48377820
112 149 48331800
112 113 48315180
68 45 48313980
22 18 48305700
22 139 48305700
29 81 48299640
11 17 48295380
131 143 48068580
112 149 48055140
148 64 48047340
148 84 48047340
139 17 47981640
99 91 47970300
0 2 47962380
145 2 47958000
57 41 47957220
2 0 47947680
112 113 47902680
112 113 47901840
82 0 47889900
82 58 47889900
58 0 47889480
112 148 47888520
2 0 47875860
58 2 47872080
41 57 47871300
112 149 47866920
81 94 47862300
81 58 47862300
139 95 47832060
117 66 47807700
117 87 47807700
58 145 47801040
61 88 47793300
143 34 47791440
0 2 47789940
112 113 47783640
58 2 47782560
112 24 47782440
68 76 47781720
68 45 47781720
68 45 47779620
37 120 47725740
58 144 47720520
57 75 47710800
25 42 47710800
9 22 47709840
9 139 47709840
58 82 47707980
57 41 47706660
58 82 47692260
58 111 47691660
38 111 47635740
149 63 47457180
148 113 47457120
58 82 47453220
1 126 47438820
18 20 47438460
112 113 47384640
111 91 47370420
143 34 47367300
61 141 47366880
61 107 47366880
9 17 47361840
22 17 47342220
37 1 47295240
148 64 47282040
37 1 47269380
68 45 47207340
68 137 47207340
112 149 47206440
139 6 47201400
149 112 47200380
91 95 47198280
58 82 47197620
58 82 47192160
148 112 47189580
112 113 47188320
112 113 47178420
149 113 47172660
58 144 47115480
58 29 47111700
149 112 47107620
139 136 47104320
112 113 47102640
112 149 47097660
148 112 47094780
41 57 47090400
149 112 47086320
112 149 46943520
112 149 46942740
58 144 46858740
2 58 46857360
2 145 46857360
58 0 46856820
58 3 46856820
0 2 46837140
149 112 46829700
37 120 46773300
2 145 46770660
91 95 46760460
13 6 46757460
149 112 46755360
58 3 46754880
139 9 46747800
1 138 46747620
0 2 46743840
0 3 46743840
0 58 46743840
120 37 46741800
91 95 46738680
0 3 46677480
0 58 46677480
13 11 46671840
112 113 46669800
41 57 46659240
111 29 46659000
2 58 46653840
58 144 46597800
58 29 46596900
148 102 46585200
148 109 46585200
148 114 46585200
148 24 46585200
148 90 46585200
148 92 46585200
122 25 46583340
58 3 46580220
2 0 46580160
131 143 46576980
38 47 46571700
8 11 46570680
131 144 46570140
22 139 46506480
58 0 46505640
145 71 46501920
41 57 46487700
41 57 46486140
2 0 46485600
2 145 46485600
0 145 46484820
113 112 46354860
0 145 46252680
58 144 46252380
149 24 46246320
0 55 46239960
9 19 46228320
9 139 46228320
149 112 46227660
149 113 46227660
11 6 46227300
11 6 46224420
11 8 46224420
58 144 46222440
58 29 46160160
149 113 46156020
139 95 46154280
58 82 46151160
58 144 46151160
0 58 46148520
37 120 46145160
148 112 46142820
58 81 46138440
58 144 46074180
148 149 46071660
8 22 46069380
8 139 46069380
38 47 46063740
139 136 46062540
2 0 46049820
112 113 45999120
58 0 45983880
58 29 45974940
57 56 45882660
139 95 45647160
149 24 45641460
112 149 45641220
144 143 45639780
58 2 45636120
58 145 45636120
58 2 45633960
2 58 45627420
58 2 45626340
2 58 45625680
41 57 45614880
58 144 45539820
38 146 45471900
131 37 45466860
149 148 45465600
22 9 45462960
22 18 45462960
58 3 45458400
58 82 45456600
81 58 45453780
148 24 45450480
25 142 45390600
58 82 45381600
58 3 45381600
0 2 45380100
38 146 45370020
107 88 45366720
22 13 45356700
2 144 45297900
58 144 45296880
91 95 45214560
139 9 45210840
0 55 45040980
0 2 45040980
0 58 45040980
139 136 45036300
22 139 45024000
55 58 45015420
139 136 45009540
112 113 44940300
41 57 44935080
58 2 44932560
58 2 44930640
58 0 44930640
38 83 44914920
143 58 44869440
112 139 44869320
112 113 44861220
112 113 44859480
112 113 44854500
91 139 44845980
41 57 44841300
58 144 44787300
112 113 44786100
82 58 44780040
82 58 44779020
57 24 44760900
81 73 44755380
58 144 44749140
1 138 44693700
112 113 44685720
58 27 44671500
131 144 44669340
0 145 44668140
81 29 44667780
58 144 44666400
38 21 44610600
41 57 44419140
112 148 44417520
149 113 44339040
112 139 44338800
47 38 44336700
112 113 44289900
2 0 44257860
2 3 44257860
2 58 44255460
112 113 44237880
149 113 44233620
25 51 44196420
25 57 44196420
58 144 44168880
1 48 44152980
2 4 44149260
2 58 44147880
111 83 44073540
149 113 44061000
111 29 43831620
58 82 43825380
58 144 43825380
22 17 43808040
58 145 43802640
2 0 43748580
2 58 43747800
139 9 43740000
112 113 43730460
58 2 43720740
58 0 43719720
41 57 43719660
2 3 43718880
58 145 43716720
58 2 43666560
58 2 43666260
58 2 43665720
111 83 43653600
2 0 43644060
0 2 43643220
131 143 43641480
58 3 43577580
58 144 43570140
58 2 43565460
4 2 43544700
1 21 43542480
139 112 43486020
58 82 43483440
41 57 43461780
2 58 43233780
82 0 43219620
112 113 43215180
6 17 43205520
62 85 43195920
58 2 43195740
58 82 43194780
1 138 43193220
126 48 43148760
139 11 43141020
41 57 43132980
58 144 43051380
58 2 43039620
131 38 43027500
41 57 43022700
58 82 42970020
58 2 42961260
58 2 42880200
119 37 42876180
57 41 42871620
2 58 42860760
57 56 42857820
58 2 42853260
58 0 42620580
112 149 42609120
8 17 42601440
139 8 42536820
149 63 42512520
149 24 42512520
112 113 42454500
112 113 42429360
2 145 42369180
58 82 42366780
82 58 42343380
58 71 42339240
58 144 42334620
63 149 42281400
149 71 42274200
0 2 42256440
57 56 42246420
25 42 42195180
149 112 42024060
149 90 42021720
131 143 42018660
131 144 42018660
131 143 42004500
112 149 42003360
112 113 42003360
149 113 41995260
112 148 41941740
9 113 41933220
112 149 41930820
24 112 41923500
60 76 41921520
148 112 41910120
0 58 41905200
2 58 41851980
2 0 41851080
149 112 41849760
41 57 41843760
0 58 41837040
112 113 41835120
58 2 41825880
58 0 41825880
112 22 41763780
58 82 41757840
112 113 41753160
9 17 41745660
22 6 41745000
22 8 41745000
22 139 41745000
1 138 41730720
113 112 41489940
112 139 41411520
58 144 41409480
139 9 41403420
146 41 41392620
41 146 41388120
73 107 41386260
125 41 41315460
1 138 41314320
1 38 41314320
41 125 41298000
149 112 41239020
149 148 41239020
149 84 41239020
144 143 41232120
9 13 41215260
4 2 41210520
2 4 41208420
139 17 41155200
58 82 41150880
22 17 41140260
112 149 41130360
145 2 41121780
1 21 41060640
1 138 41060640
139 136 41052480
111 38 40966920
113 104 40809480
2 0 40804500
58 82 40720980
58 144 40720980
6 11 40699860
145 2 40690020
58 82 40639740
2 0 40636500
2 0 40624200
38 47 40617900
38 83 40617600
38 48 40617600
38 47 40617300
38 138 40617300
58 0 40615080
57 122 40599900
68 76 40546620
2 3 40535400
111 95 40513020
149 148 40490400
57 41 40454340
58 2 40449360
111 79 40447320
41 57 40432440
41 57 40374180
15 139 40197000
58 71 40118940
58 82 40118940
58 3 40116240
58 145 40109160
149 84 40106640
41 57 40099740
81 29 40093800
120 143 40090140
58 144 40089180
58 71 40031820
58 144 40031820
22 12 40029240
38 146 40026060
149 112 40016640
25 42 40012620
58 0 39945360
58 3 39943740
58 2 39942240
58 82 39936780
58 82 39932520
8 11 39932520
8 17 39932520
38 83 39859560
57 41 39827280
22 17 39754020
145 58 39502800
1 21 39489780
58 3 39417780
11 6 39409860
58 29 39405600
58 81 39405600
112 113 39403620
11 6 39402720
111 73 39342420
58 144 39340860
111 61 39327480
13 6 39310320
41 57 39247440
57 41 39245940
57 41 39234660
41 57 39234240
58 81 39232620
41 57 39229440
145 2 38975820
145 58 38975460
58 145 38965740
22 17 38910360
111 29 38906460
58 144 38905560
22 139 38900940
38 48 38884200
58 144 38879100
111 83 38872620
58 82 38820660
58 145 38809500
9 22 38802960
9 12 38802960
58 144 38792400
111 83 38788560
145 58 38731080
58 145 38720820
58 71 38714580
58 144 38714580
60 28 38645700
8 11 38643120
144 143 38642700
57 56 38642520
142 122 38640600
58 71 38640060
58 144 38640060
22 139 38635080
142 25 38634300
9 20 38573460
9 18 38573460
9 12 38573460
1 21 38379420
58 71 38361420
1 34 38353980
145 2 38303520
8 13 38289180
1 138 38285340
57 41 38279520
58 81 38275740
1 138 38268240
139 22 38202000
139 6 38202000
1 138 38200680
22 139 38132400
57 56 38123400
58 71 38102940
58 82 38102940
58 144 38102940
2 58 38046120
58 2 38023500
41 57 37769340
41 57 37768320
58 2 37760580
1 47 37754460
139 11 37684740
57 41 37675620
57 56 37675620
145 2 37673820
41 57 37595940
9 19 37593360
82 58 37591860
58 144 37581240
58 144 37580700
11 6 37518960
111 29 37518240
112 149 37417920
111 139 37184400
142 122 37173840
58 2 37170000
1 138 37145220
142 25 37144860
142 122 37144860
58 81 37097820
144 58 37090920
58 71 37090740
22 6 37075860
22 17 37075860
131 37 37068000
131 143 37065540
131 144 37065540
41 57 37005420
139 17 37000320
139 17 36988620
91 95 36987780
58 82 36983940
22 9 36975360
112 113 36926520
25 136 36923160
41 57 36899040
145 3 36898020
58 144 36890820
145 3 36839280
111 61 36828540
22 6 36825120
145 58 36811500
22 17 36570300
145 3 36545340
145 2 36545220
58 144 36486300
58 82 36469680
145 2 36467940
145 58 36406200
58 145 36405720
58 81 36400980
57 64 36397920
58 3 36396000
2 58 36391260
58 82 36385800
1 21 36367740
58 2 35971920
145 3 35963340
41 57 35961660
57 41 35961360
73 81 35958000
58 145 35948220
145 58 35946780
145 58 35945820
62 85 35875620
145 2 35866080
145 3 35866080
145 3 35865960
145 58 35865960
58 2 35864280
58 144 35863500
131 34 35797020
145 3 35780760
145 58 35779260
139 9 35777640
41 57 35765760
58 82 35713140
1 21 35682720
1 34 35682720
58 82 35625540
2 3 35616060
58 2 35611380
131 144 35364480
37 139 35360340
58 82 35344860
11 6 35335800
145 2 35281140
2 3 35276520
139 19 35267880
58 20 35266020
145 2 35265660
20 58 35259120
58 2 35249820
58 82 35194380
82 58 35193600
58 82 35180460
58 145 35180460
131 144 35169960
139 37 35106300
131 144 35106180
58 82 35103180
58 82 35019780
145 3 35000520
2 145 34998120
2 145 34997880
145 3 34993860
2 145 34989720
113 112 34756500
145 3 34756200
145 2 34753080
131 3 34752960
41 57 34738800
57 147 34738800
57 122 34738800
57 64 34736880
145 2 34732680
22 139 34728180
99 49 34691340
145 144 34667520
145 3 34667520
58 71 34660680
2 145 34659540
131 3 34653300
58 71 34593000
145 58 34559220
2 58 34486860
2 3 34420680
145 2 34413900
142 122 34403220
2 3 34402560
145 58 34395900
57 41 34389180
145 2 34148820
58 145 34129140
58 82 34127340
29 81 34039200
2 145 33904500
58 82 33896460
73 81 33870120
145 2 33867180
2 145 33801840
58 2 33558840
145 71 33546720
58 2 33529380
2 145 33526740
58 3 33464760
131 144 33446400
58 145 33442080
58 3 33437580
58 82 33435600
58 144 33435600
22 139 33382260
2 3 33371700
145 3 33264720
144 58 33263940
2 145 33263280
22 17 32934240
139 9 32932860
1 21 32932260
58 2 32836260
58 145 32836260
9 20 32789760
9 18 32789760
9 17 32789760
139 112 32693340
58 71 32687460
145 3 32675340
145 3 32659140
22 6 32657700
58 145 32653140
111 116 32597760
2 145 32579160
58 71 32342700
58 82 32342700
145 71 32331840
22 6 32325060
22 20 32322720
145 2 32315820
145 58 32315820
145 3 32258760
139 6 32147460
139 9 32147460
1 21 32139540
62 35 32083620
62 42 32083620
145 3 32077140
58 144 32069040
58 2 31993800
139 6 31983780
2 58 31974060
81 29 31968000
145 2 31731120
58 144 31725720
145 3 31711560
58 2 31708800
58 2 31708020
22 17 31653540
37 126 31646280
145 58 31633560
58 144 31560660
58 81 31553460
58 82 31535460
58 145 31463280
145 2 31455540
58 2 31448040
2 58 31446420
58 82 31446000
1 21 31382940
22 9 31375920
41 57 31354860
58 144 31135380
2 78 31127100
145 3 31108860
58 145 31098960
22 9 31044420
2 3 31021440
58 145 31020600
58 2 31018740
58 81 31015800
58 145 31015800
58 82 31012020
58 145 30955860
58 145 30955260
58 144 30928680
62 85 30872040
145 3 30852540
2 58 30843900
145 81 30794880
145 3 30785820
145 3 30775980
58 145 30768180
41 57 30752760
1 21 30506460
1 138 30506460
37 120 30497520
2 145 30410640
145 58 30340140
2 145 30339540
145 58 30331020
145 58 30275520
58 2 30266520
58 82 30262140
58 82 30256560
58 2 30172500
1 138 30156180
41 57 30150240
22 19 29915820
131 143 29892360
145 2 29842440
22 6 29833620
22 17 29832060
3 2 29810760
2 82 29807700
58 145 29746920
82 2 29745840
82 58 29745840
60 77 29743200
145 58 29731800
145 2 29728260
145 144 29723040
1 38 29720340
145 2 29644380
145 58 29642880
145 82 29642820
22 139 29575500
139 17 29567700
2 145 29549100
111 29 29311620
145 131 29295900
2 145 29231100
2 58 29229780
2 3 29228820
145 2 29224680
3 145 29223960
3 2 29207280
3 58 29207280
2 145 29203500
2 145 29047020
58 145 29046960
131 144 29046540
37 132 29044140
22 17 29038440
3 2 29033640
22 20 29026380
145 3 28967820
145 2 28964220
1 133 28708680
146 79 28593840
58 145 28512000
3 2 28454880
3 145 28454880
145 3 28452900
145 82 28437060
1 138 28430940
58 71 28371180
145 2 28344300
145 3 28344300
58 82 28343760
82 2 28074840
82 2 28025340
139 41 28001460
41 57 27997380
1 138 27994740
139 8 27935460
1 21 27898620
1 34 27847620
2 3 27844920
139 136 27826800
2 145 27764280
139 136 27760020
58 144 27735780
1 138 27727200
41 57 27408900
58 145 27404700
58 82 27396480
58 82 27302100
1 138 27243660
2 82 27231060
2 145 27127860
2 3 27127260
58 144 26901120
58 82 26892660
2 82 26890560
58 71 26875200
22 6 26800080
22 17 26800080
1 38 26782440
58 71 26639100
88 107 26637840
88 73 26636280
38 1 26618040
2 82 26552100
58 145 26544060
22 139 26528640
145 2 26288400
139 6 26264580
1 38 26257140
2 82 26185020
22 139 26049300
139 9 26037480
58 144 25936380
145 82 25931520
145 82 25931100
3 145 25927080
1 34 25914120
58 27 25675320
58 77 25675320
58 71 25658580
58 145 25593180
1 21 25592340
1 138 25592340
9 19 25494840
9 18 25494840
9 139 25494840
1 38 25483920
88 73 25423500
2 82 25419960
2 3 25419660
1 21 25399020
81 73 25346580
81 38 25346580
21 1 25343940
145 3 25325040
145 58 25325040
22 17 25083120
22 6 25082520
22 19 25074600
71 113 24988140
9 20 24907860
9 12 24907860
139 17 24827520
81 61 24795660
2 3 24794880
1 21 24544740
58 145 24467880
58 144 24396060
139 8 24377940
58 144 24363360
22 139 24281520
58 82 24278160
37 139 24210840
58 82 24192600
2 82 23864220
58 71 23843880
41 57 23782500
58 71 23701200
58 144 23701200
22 6 23675700
62 35 23611260
2 3 23499180
2 58 23498820
41 139 23246220
22 139 23246160
58 2 23244420
58 144 23240220
22 6 23177880
22 6 23152620
88 73 23101440
58 144 23098620
2 3 23093040
2 58 23081160
22 139 22926660
58 71 22923900
1 21 22918140
22 6 22914960
1 47 22904400
1 138 22904400
2 145 22896180
58 77 22643940
22 17 22635720
139 112 22575000
22 17 22553880
22 139 22553880
58 71 22490580
1 38 22490460
58 82 22488720
58 3 22488720
58 145 22488720
2 82 22464840
139 22 22391820
58 2 22385580
58 144 22376520
58 143 22311000
22 139 22303620
2 82 22038600
2 145 21890340
2 82 21875880
2 3 21875880
58 84 21874740
58 3 21786600
2 3 21769620
58 71 21453600
2 145 21453300
58 3 21350040
2 3 21348240
1 21 21288240
1 138 21276900
1 38 21268440
41 57 21254880
58 144 21251340
62 42 21188940
94 33 21172920
41 57 21101160
58 2 21096780
2 82 21088020
58 144 20761920
2 82 20737140
22 139 20681640
82 58 20656680
2 145 20584680
88 55 20151600
1 138 20134560
1 21 20090040
1 138 20053800
58 3 19961280
1 21 19893420
1 21 19888020
1 21 19884840
1 138 19878960
1 138 19878600
1 21 19545540
22 139 19462080
22 139 19461420
2 82 19453920
2 38 19385460
2 71 19374540
82 2 19295940
58 71 19295400
58 144 19039020
58 71 19006740
22 9 19004400
22 9 18950820
2 82 18943800
58 71 18867960
2 82 18862620
2 71 18850740
58 145 18843600
58 71 18777900
2 145 18747900
58 144 18665280
58 144 18249840
149 113 18227340
58 82 18168600
2 82 15739680
2 82 15239520
2 145 15231480
145 3 15216420
145 58 15216420
82 2 15124860
58 2 14622660
3 2 14442420
2 3 14432520
2 82 14196720
2 3 14172300
58 82 14103240
2 82 14082480
145 2 13324920
2 82 13223700
2 82 13223100
58 71 12876180
58 144 12876180
2 82 12359760
2 145 12292680
2 82 12184860
2 82 12180900
58 2 11424660
58 145 11420580
2 3 11071920
2 82 10970160
58 131 10827540
58 82 10827540
2 145 10822740
2 82 10558800
58 82 10544340
58 2 10544340
58 145 10543380
2 3 10380540
2 82 10376880
58 2 10294980
2 145 10282080
2 58 9951780
58 2 9847080
2 3 9688980
58 3 9681480
58 82 9594240
3 2 9360840
58 82 9351000
58 82 9243720
2 145 9105780
58 2 8063580
2 3 8062440
2 3 8035860
2 58 8035860
58 82 7957440
58 145 7957440
2 82 7949760
58 82 6909180
58 71 6739260
2 82 6739260
3 2 5703480
81 73 5029500
58 82 4859220
2 58 4848120
37 139 4147200
37 139 3306420
2 145 3218400
58 145 2596860
58 145 1993320
58 85 1897980
58 3 1897980
58 2 1827660
2 82 1822260
2 82 1497480
58 82 1488960
58 3 1488960
58 145 1302660
58 82 1146780
2 82 29340
58 82 0
