4 1 96208528
4 1 95492565
4 1 93870592
4 1 93771773
4 1 93768024
1 4 93160868
1 4 91952961
1 4 91364777
1 4 91364059
1 4 91342257
1 4 91341592
1 4 91022831
4 1 90933594
1 4 90920170
1 4 90916378
4 1 90912162
1 4 90911045
4 1 90910852
1 4 90849645
1 4 90849111
4 1 90846436
4 1 90840040
1 4 90835313
1 4 90834448
1 4 90822888
1 4 90761102
1 4 90757811
1 4 90747410
4 1 90747384
1 4 90747232
1 4 90654437
1 4 90653863
15 14 90647173
15 11 90647173
8 14 90408061
8 11 90408061
11 15 90400159
11 8 90395748
11 14 90395748
18 8 90392693
18 14 90392693
18 11 90392693
1 4 90334704
15 14 90150043
15 11 90150043
15 11 90041449
11 15 89805863
11 8 89789208
11 14 89789208
1 4 89736961
1 4 89732261
1 4 89718715
1 4 89707267
1 21 89700808
1 4 89644253
1 4 89632374
1 21 89614837
1 21 89550844
1 4 89471489
11 14 89469150
1 4 89208330
8 11 89184710
11 8 89184708
11 14 89184708
1 21 89181598
1 21 89180657
8 15 89120075
1 21 89117925
11 14 89097407
1 4 89032293
4 1 89030101
1 21 89026162
1 21 89025876
1 4 89019955
1 21 89011041
1 21 89009364
15 14 89006102
15 11 89006102
11 14 88933902
1 4 88930888
1 4 88866031
15 8 88852288
14 8 88837878
14 11 88837878
1 4 88607700
8 14 88602540
8 11 88602540
1 4 88588058
11 8 88582509
11 14 88582509
1 4 88579133
26 28 88532323
26 30 88532323
26 31 88532323
1 4 88499619
1 4 88499043
1 4 88493137
1 4 88434179
11 33 88409390
1 4 88352355
1 4 88351892
4 1 88250949
1 4 88250796
1 4 87982533
1 4 87981495
8 11 87974543
11 8 87974539
11 14 87974539
14 11 87910506
1 21 87816324
4 1 87747374
15 11 87708644
14 15 87387803
42 43 87289171
14 11 87283832
11 14 87283793
11 8 87283420
11 14 87283420
1 21 87213611
15 11 87018506
11 8 86767156
11 14 86767156
11 15 86696531
30 60 86679590
30 31 86679590
30 36 86679590
36 52 86677659
36 43 86677659
1 4 86610925
26 73 86546943
26 28 86542849
26 30 86542849
26 31 86542849
1 4 86518159
14 8 86506486
14 11 86506486
1 4 86506139
1 4 86505935
42 43 86505799
1 21 86503428
36 54 86427956
36 80 86427956
36 52 86427685
36 43 86427685
36 54 86423497
36 80 86423497
36 54 86423491
36 80 86423491
36 54 86423393
36 80 86423393
96 99 86422578
68 30 86421699
8 14 86420716
14 8 86420670
8 14 86419740
15 11 86412786
26 73 86280708
99 96 86189321
36 96 86182408
26 73 86179338
96 36 86178295
36 96 86177367
96 36 86177308
36 52 86166119
11 8 86165421
11 14 86165421
52 36 86160183
26 28 86115188
26 30 86115188
36 52 86110256
100 28 86097957
1 21 86091578
14 11 86082945
14 11 86080299
28 26 86079328
26 100 86077924
26 30 86075311
36 26 86070464
26 28 86016001
26 36 86012257
26 28 86012109
26 28 86009067
26 31 86009067
26 28 86008792
91 96 86005890
30 60 86005399
30 60 86005320
11 14 85997112
14 8 85996722
14 11 85996722
11 14 85995263
26 28 85989679
1 21 85986140
30 36 85896708
39 95 85843469
26 30 85841417
26 30 85841230
30 28 85838991
30 52 85838991
30 43 85838991
30 36 85838991
96 36 85827208
36 96 85823413
96 36 85818690
30 36 85817337
26 73 85772033
26 36 85772033
11 8 85470904
11 14 85470904
30 73 85467483
42 36 85399839
30 60 85328524
15 11 85308487
4 82 85304575
11 14 85298019
60 30 85292749
36 73 85254077
36 26 85254077
26 73 85243167
26 36 85243167
26 73 85242542
26 36 85242542
26 30 85126110
30 26 85125507
26 28 85048048
26 30 85048048
26 31 85048048
8 33 84970397
28 26 84969418
11 8 84969350
11 14 84969350
100 28 84956408
26 28 84896877
30 68 84871504
30 60 84871504
26 73 84804966
26 73 84799961
26 36 84799961
26 28 84793890
26 30 84793890
26 60 84793890
26 31 84793890
1 21 84777274
58 95 84708969
14 8 84612162
14 11 84612162
96 91 84365092
11 8 84353707
11 14 84353707
96 36 84351369
96 36 84351286
11 8 84344619
11 14 84344619
91 95 84263749
95 91 84262795
91 95 84182902
68 26 84021462
26 68 84014068
30 26 84013617
26 73 83952212
11 8 83747743
11 14 83747743
18 106 83599226
26 28 83431026
26 30 83431026
26 31 83431026
26 28 83430365
26 30 83430365
26 30 83320328
11 8 83137309
11 14 83137309
26 30 82616767
11 8 82542337
11 8 82540554
11 14 82540554
58 95 82386051
124 120 82384511
58 82 82372189
86 102 82288807
124 120 82204650
11 8 81943851
11 14 81943851
120 124 81943584
120 124 81860679
124 120 81858762
124 120 81858534
22 4 81849429
11 14 81849009
15 14 81848238
122 42 81848103
120 124 81847501
4 22 81846977
120 124 81760392
33 22 81756252
11 14 81692137
100 28 81683237
22 33 81671559
22 18 81671559
8 33 81608314
14 11 81599086
1 21 81586718
120 124 81584921
33 73 81325683
33 106 81325683
33 18 81325683
14 11 81323037
33 18 81265512
91 95 81261175
33 18 81259797
58 95 81254422
11 8 81253938
11 14 81253938
43 42 81163784
43 101 81163784
30 26 81156258
30 36 81155875
100 28 81152776
91 95 81095353
58 82 81085864
58 95 81078773
33 18 81065839
120 124 81065533
58 95 81064280
58 95 81064242
91 95 81012296
11 8 81003248
11 14 81003248
33 22 80972688
33 18 80972688
11 8 80722118
11 14 80722118
120 124 80720127
58 95 80716613
28 100 80713612
91 95 80665227
91 95 80661137
124 120 80657700
58 95 80651641
58 95 80650768
43 42 80650184
11 14 80639632
33 22 80638959
33 18 80638959
91 95 80575423
91 95 80488177
28 100 80468182
28 100 80462687
120 124 80459340
82 58 80457853
91 95 80400360
1 21 80397457
43 95 80395738
43 54 80395738
11 8 80368624
91 95 79975238
124 120 79950802
8 11 79945914
11 8 79945912
11 14 79945912
120 124 79942336
82 58 79940311
82 58 79940097
11 15 79940077
91 95 79886487
124 120 79881963
82 58 79874320
82 58 79858988
30 36 79858734
100 28 79847578
91 95 79805276
58 82 79797122
82 58 79797117
30 36 79786142
33 18 79776837
22 33 79539242
82 58 79532574
11 8 79519221
11 14 79519221
73 43 79519213
11 14 79517909
11 15 79517766
33 18 79515669
124 120 79515149
43 73 79506659
26 31 79453607
18 73 79453598
82 58 79448723
11 14 79447402
82 58 79444184
8 14 79438728
14 8 79435710
28 26 79432589
124 120 79432536
28 100 79428537
100 28 79426439
120 124 79425491
124 120 79424876
120 124 79422482
11 15 79417646
11 8 79417646
11 14 79417646
120 124 79365537
43 52 79356169
33 18 79350226
100 28 79347613
124 120 79347087
14 8 79340409
14 11 79340409
58 82 79338845
42 43 79332238
18 73 79331192
91 95 79277841
54 73 79274430
43 54 79253422
28 100 79194475
82 58 79194125
42 75 79194073
82 58 79170262
82 58 79170175
68 31 79169972
28 26 79164619
91 95 78930713
1 126 78924428
1 126 78923349
91 95 78843914
91 95 78843878
91 95 78843804
82 58 78760156
18 33 78759904
91 95 78758059
33 18 78734254
28 100 78728796
100 28 78725386
91 95 78675034
82 58 78673113
120 124 78668675
82 58 78667348
120 124 78665601
82 58 78665121
68 100 78661579
120 124 78660163
82 58 78655521
1 126 78649895
43 52 78637909
91 95 78591361
82 58 78586287
82 58 78574102
82 58 78573836
120 124 78573263
120 124 78566970
58 82 78402935
91 95 78326700
101 122 78319059
58 95 78317937
11 8 78311446
11 14 78311446
106 73 78308661
106 105 78308661
91 95 78243059
1 39 78238870
120 124 78227051
82 58 78220049
58 95 78219888
1 21 78213186
11 14 78211844
91 95 78155222
120 124 78154463
82 58 78152871
58 95 78146441
82 58 78131053
58 95 78128807
82 58 78125699
82 58 78123966
18 106 78121826
91 95 78066352
82 58 78062309
82 58 78062130
1 126 78060726
1 21 78060726
82 58 78057649
82 58 78050078
1 126 78045006
1 21 78045006
82 58 78041817
33 18 78037374
126 1 77984169
100 28 77983537
91 95 77981811
58 82 77981349
58 82 77978498
1 126 77975290
58 82 77973991
14 11 77970341
11 8 77970340
11 14 77970340
120 124 77957017
120 124 77953694
86 135 77783915
86 135 77783744
58 82 77721828
82 58 77712959
120 124 77712166
14 8 77708078
14 11 77708078
15 14 77696262
36 52 77696199
1 126 77696168
120 124 77696146
11 8 77691326
11 14 77691326
91 95 77638326
58 82 77635790
120 124 77635625
43 52 77631874
101 122 77630124
58 82 77629643
82 58 77629072
82 58 77628243
58 82 77627882
82 58 77622105
22 33 77608768
33 22 77605417
18 33 77599933
18 22 77599933
18 105 77599933
86 135 77554560
86 102 77554560
105 33 77550332
105 22 77550332
105 18 77550332
22 33 77549019
22 105 77549019
22 18 77549019
86 135 77543760
86 102 77543760
18 33 77537896
18 22 77537896
124 120 77532053
26 28 77531328
22 105 77528693
28 100 77464629
26 100 77464267
22 105 77464020
91 95 77460945
42 43 77450080
124 120 77439353
124 120 77434873
120 124 77433731
120 124 77432776
1 21 77425789
91 95 77370893
36 52 77364582
18 33 77363352
18 22 77363352
120 124 77350347
58 82 77345475
22 33 77286776
91 95 77113163
26 4 77102280
8 14 77092111
8 11 77092111
82 58 77090301
11 8 77084251
11 14 77084251
120 124 77084046
91 95 77029827
124 120 77026297
105 106 77005079
11 15 76997421
91 95 76942048
124 120 76936023
43 42 76924773
52 21 76920264
11 14 76917617
91 95 76858299
1 21 76852695
22 105 76850100
1 21 76849847
28 100 76843434
28 100 76843432
100 28 76842884
120 124 76842264
124 120 76831374
105 73 76830234
105 106 76830234
120 124 76828787
120 124 76827747
120 124 76827687
91 95 76770830
100 28 76763773
120 124 76763541
122 101 76762277
26 28 76762132
120 124 76749224
42 43 76574076
91 95 76508642
120 124 76507413
120 124 76502356
11 8 76482166
11 14 76482166
18 73 76476431
91 95 76425385
14 11 76398374
91 95 76341434
91 95 76337562
58 82 76323881
91 95 76251463
15 11 76231500
33 18 76229781
18 106 76216984
91 95 76165920
58 82 76160813
120 124 76158201
120 124 76154849
105 22 76147968
26 30 76144723
91 95 75906219
11 8 75882345
11 14 75882345
91 95 75821526
58 95 75806678
86 135 75742129
86 102 75742129
86 135 75739333
86 102 75739333
86 135 75731329
86 102 75731329
91 95 75729835
86 135 75728533
86 102 75728533
58 95 75720133
58 82 75712965
124 120 75647840
91 95 75645175
91 95 75561201
1 21 75551955
33 18 75547649
91 95 75301683
126 1 75290442
33 18 75288512
100 28 75287581
26 28 75285045
26 28 75284661
26 28 75280975
26 28 75275158
26 30 75275158
26 60 75275158
26 31 75275158
58 82 75274597
11 8 75272559
11 14 75272559
91 95 75220830
100 28 75213548
100 26 75211419
100 28 75205091
82 58 75204165
22 18 75195723
43 42 75186562
33 18 75184641
28 100 75178186
91 95 75131609
11 15 75125166
105 22 75114585
8 33 75102487
8 22 75102487
22 33 75101508
100 63 75099690
100 63 75099595
1 126 75098354
91 95 75042507
11 33 75039382
33 18 75027836
124 120 75026395
1 126 75022829
1 21 75011496
33 22 75009330
33 22 75008667
28 100 74941699
28 100 74941698
26 36 74922278
100 28 74688738
18 106 74687425
11 8 74685461
11 14 74685461
18 106 74683941
82 58 74682776
26 28 74682294
26 28 74681027
26 30 74681027
26 60 74681027
26 31 74681027
105 22 74673558
105 22 74611062
22 33 74605328
22 18 74605328
8 15 74604568
18 73 74602693
120 124 74589448
11 8 74587170
11 14 74587170
82 58 74587031
124 120 74519723
58 95 74506977
22 18 74498204
8 14 74490282
8 11 74490282
124 120 74437158
120 124 74425715
58 95 74341398
58 26 74341398
82 58 74326967
100 28 74315222
120 124 74081237
43 42 74074826
58 95 74074676
58 26 74074676
11 8 74065686
11 14 74065686
26 28 74011406
26 100 74011406
120 124 74005286
26 28 73996212
26 30 73996212
26 60 73996212
26 31 73996212
100 28 73996001
15 11 73974727
82 58 73910249
100 28 73894612
26 28 73746720
26 100 73746720
28 100 73728290
8 15 73723591
15 8 73713990
8 15 73486963
82 58 73479066
8 11 73456691
11 8 73456220
8 11 73393622
26 28 73378389
26 30 73378389
26 60 73378389
26 31 73378389
120 124 73304719
8 11 73280809
11 8 73141301
73 106 73130229
18 33 72872056
18 22 72872056
100 28 72868174
82 58 72791674
15 11 72780803
28 100 72770139
100 63 72762086
1 138 72689691
15 11 72673352
18 33 72615103
18 22 72615103
18 73 72615103
18 106 72615103
30 73 72588906
22 8 72586768
30 68 72525609
106 33 72356464
106 73 72356464
106 105 72356464
106 43 72356464
106 18 72356464
11 8 72261405
43 101 72254303
43 122 72254303
106 43 72243689
106 63 72176245
106 33 72176245
106 68 72176245
106 28 72176245
106 95 72176245
106 91 72176245
106 52 72176245
106 73 72176245
106 105 72176245
106 75 72176245
106 30 72176245
106 43 72176245
106 101 72176245
106 120 72176245
106 26 72176245
106 99 72176245
106 36 72176245
106 18 72176245
106 39 72176245
30 26 72086079
60 26 72014475
100 26 71984655
26 28 71934740
26 100 71934740
100 28 71896878
26 28 71648883
26 30 71648883
26 31 71648883
11 8 71647603
60 26 71577736
82 58 71575284
82 58 71499107
33 8 71494729
33 11 71494729
100 28 71462275
30 26 71399081
82 58 71398714
82 58 71397717
8 15 71388752
8 11 71388752
43 54 71380263
33 8 71330248
33 11 71330248
100 28 71053871
11 8 71037687
100 28 70983302
100 28 70975756
100 28 70883467
82 58 70719688
8 15 70689480
8 11 70689480
11 8 70449782
22 33 70446998
22 33 70442993
82 58 70351205
82 58 70350480
82 58 70262686
86 87 70236974
30 36 70184207
100 63 70119684
11 8 70110572
22 33 69844532
22 33 69836243
22 18 69836243
82 58 69745961
82 58 69575262
43 42 69568640
43 42 69568365
100 28 69566638
15 11 69486628
15 8 69474169
11 8 69229779
68 31 69222144
8 11 69146589
43 42 69137471
26 30 69071490
82 58 69056162
43 36 69051369
95 91 68991388
43 42 68986840
8 11 68961468
15 11 68890887
43 36 68876257
8 11 68624202
82 58 68558418
82 58 68556368
30 36 68540656
43 36 68524649
43 42 68441381
30 36 68439661
30 36 68439481
30 36 68439379
30 36 68439208
100 28 68354809
100 28 68354267
11 8 68013186
30 68 67944500
26 68 67926475
26 30 67926475
100 28 67764929
26 28 67763132
26 30 67763132
26 31 67763132
100 68 67761073
8 11 67758281
11 8 67414642
15 8 67412953
15 8 67333697
36 54 67258387
36 80 67258387
100 28 67235080
68 100 67153873
1 126 66828174
11 8 66805788
21 1 66726595
43 42 66640931
82 58 66639109
15 8 66638361
18 8 66634258
18 11 66634258
100 63 66565218
100 68 66496837
11 8 66457401
105 22 66055442
105 106 66055442
26 30 65966389
91 95 65624344
116 73 65616821
11 8 65595519
116 73 65591400
116 73 65589407
91 95 65541739
100 63 65520030
82 58 65518560
1 126 65517064
116 73 65510533
26 30 65450352
116 26 65448908
30 26 65448446
21 1 65346754
116 73 65339710
116 73 65339265
82 58 65316120
91 95 65279005
26 36 65262471
26 30 65262361
116 73 65246882
91 95 65024184
26 30 65014453
1 126 65000874
1 138 65000874
11 8 64989756
91 95 64935855
15 8 64925040
116 73 64920248
116 73 64907915
95 91 64901235
116 26 64898221
82 58 64885020
58 82 64883700
26 30 64855048
26 30 64854910
1 138 64823160
116 73 64816071
26 28 64770341
15 8 64754340
1 21 64743119
116 28 64728947
116 52 64728947
116 30 64728947
116 43 64728947
116 26 64728947
116 36 64728947
26 28 64721886
26 30 64721886
26 60 64721886
26 31 64721886
58 82 64713720
91 95 64414626
11 8 64402612
116 36 64318911
138 1 64303959
18 33 64252980
18 22 64252980
91 95 64157509
18 33 64144440
18 22 64144440
18 8 64144440
116 1 64139216
116 68 64139216
116 28 64139216
116 52 64139216
116 54 64139216
116 21 64139216
116 43 64139216
116 42 64139216
116 101 64139216
116 80 64139216
116 60 64139216
116 31 64139216
116 138 64139216
116 87 64139216
116 36 64139216
116 122 64139216
116 39 64139216
95 91 64134250
91 95 64133579
95 91 64133365
91 95 64133255
36 52 64129897
1 21 64126246
18 33 64108440
18 22 64108440
18 8 64108440
1 21 64063343
1 39 64063343
58 82 64049940
86 135 63860943
21 1 63788835
58 82 63782940
1 126 63717900
22 105 63701700
58 82 63701700
1 126 63681900
58 82 63616020
58 82 63611700
95 91 63556620
95 91 63549180
18 33 63547500
18 22 63547500
95 91 63538668
95 91 63531194
58 82 63529860
58 82 63523200
58 82 63435060
58 82 63174180
58 95 63160800
126 1 63121980
1 138 63114600
18 33 63113040
95 91 63104220
58 82 63102120
58 82 63093720
11 8 63087946
126 1 63085980
1 138 63078600
95 91 63068220
1 21 63041880
138 95 63038220
1 21 63016620
58 82 63014640
1 21 63005880
58 95 63004440
1 21 62980620
116 73 62936380
58 82 62925000
18 33 62872500
18 22 62872500
58 82 62839260
116 28 62824776
116 52 62824776
116 36 62824776
58 82 62819580
58 95 62819460
58 82 62818020
11 8 62573010
91 95 62554560
1 126 62429520
1 21 62429520
116 28 62424560
116 52 62424560
116 36 62424560
116 28 62424128
116 52 62424128
116 36 62424128
116 28 62422995
116 52 62422995
116 36 62422995
1 126 62421960
1 21 62421960
1 126 62393520
1 21 62393520
1 126 62385960
1 21 62385960
18 33 62324280
58 82 62322540
58 82 62321160
120 147 62307240
18 33 62288280
22 8 62255500
22 11 62255500
116 73 62239446
116 18 62239085
58 82 62235180
1 138 62015820
1 126 62004060
138 1 61990800
1 138 61979820
1 126 61968060
11 8 61966432
58 82 61957380
138 1 61954800
105 22 61909797
22 11 61891607
58 82 61891080
116 73 61879493
1 21 61807860
58 82 61802940
1 21 61771860
105 22 61735832
1 138 61735500
58 82 61718400
122 42 61711440
122 147 61711440
116 73 61700214
1 138 61699500
58 82 61633740
58 82 61632060
58 82 61626660
116 73 61617088
116 36 61617088
116 73 61573623
11 8 61372904
58 82 61367580
1 21 61318020
1 21 61289820
105 22 61282320
1 21 61282020
58 82 61278360
58 82 61254960
1 21 61253820
8 11 61215812
8 15 61215484
58 82 61112760
122 42 61100580
58 82 61026300
58 82 61024440
18 33 61004700
11 8 60756496
58 82 60748320
58 82 60681600
58 82 60599760
58 82 60582900
116 73 60577931
58 82 60508620
58 82 60415980
58 95 60393480
105 14 60161485
11 8 60153336
1 21 60151800
1 21 60151440
1 21 60151140
105 106 60072898
1 138 59967480
58 82 59878500
58 82 59815920
58 82 59787780
116 73 59566491
11 8 59553837
58 95 59550060
22 33 59529180
95 91 59463060
58 82 59460300
82 58 59438760
58 82 59438340
22 33 59381880
22 18 59381880
116 73 59372475
116 106 59372475
91 95 59358420
58 82 59291760
58 95 59264340
58 82 59264340
15 11 59216376
58 82 58954020
11 8 58948337
58 95 58945680
95 91 58937280
149 114 58928220
149 87 58928220
58 82 58867620
58 95 58859460
1 138 58855680
82 58 58854480
116 73 58789946
95 91 58781220
58 82 58780260
58 95 58779600
95 91 58774560
95 91 58772700
58 82 58751700
1 126 58745520
58 95 58685460
58 82 58607520
58 95 58602300
11 8 58344970
8 11 58253942
58 82 58177200
58 82 58172880
116 73 58161593
1 138 58152540
8 11 58023769
58 82 58000620
1 21 57995700
11 8 57994801
149 42 57975180
149 42 57972180
22 33 57969240
1 21 57823080
1 21 57819240
1 21 57816240
58 82 57744360
22 33 57742320
21 1 57721800
58 82 57713400
58 82 57571380
58 82 57540420
58 82 57454920
22 15 57454320
22 33 57394560
22 15 57394560
58 82 57139740
21 1 57118260
58 82 57055140
149 42 57052680
58 82 56965860
58 82 56880300
91 95 56867460
95 91 56851740
95 91 56850480
58 82 56794680
91 95 56767320
22 15 56557368
22 11 56557368
11 8 56531016
58 82 56504760
58 82 56448780
1 21 56424600
1 21 56417160
8 11 56403960
58 82 56360820
8 11 56360760
99 91 56331960
116 73 56299626
58 82 56275320
149 42 56268840
99 91 56245140
116 73 56187220
116 73 56183434
22 11 55953540
91 95 55888920
11 8 55875240
149 42 55832280
11 8 55832040
149 42 55829520
149 42 55827360
149 42 55813980
21 1 55734840
58 4 55666920
4 58 55665360
58 82 55653360
58 82 55652340
99 91 55639380
99 91 55542960
58 82 55326000
58 82 55236300
149 42 55214040
58 82 55151940
58 82 55144440
1 138 55144020
58 82 54981600
1 21 54977220
1 21 54963600
1 21 54953940
1 21 54953760
58 82 54949560
99 91 54943380
22 33 54892440
149 42 54757380
11 8 54740280
11 8 54697080
116 73 54657066
149 42 54630600
1 21 54626460
22 120 54624000
1 21 54615300
58 82 54606840
149 42 54603360
11 15 54557940
91 95 54538740
1 138 54533580
58 95 54531900
58 82 54519780
11 15 54514740
58 82 54456660
1 21 54446160
1 21 54444720
149 42 54429300
11 8 54136080
58 82 54114000
58 82 54112860
58 82 54108000
11 8 54092880
58 82 54085380
58 82 54001020
22 33 53994780
58 82 53912460
58 82 53826840
22 120 53763720
99 91 53729040
58 82 53504580
11 8 53498640
22 33 53491620
58 82 53406900
58 82 53398320
58 82 53323500
58 82 53318880
149 73 53314860
149 105 53314860
91 95 53226420
58 82 53221620
99 91 53211300
22 11 52810320
1 126 52809600
58 82 52731360
58 82 52717860
58 82 52644660
1 126 52610160
1 21 52609920
1 21 52550220
58 82 52291500
58 82 52291440
58 82 52215660
58 82 52187520
58 82 52039920
58 82 52011060
58 82 51608220
58 82 51523380
21 1 51513360
21 1 51511620
58 82 51505320
58 82 51505140
21 1 51415320
1 138 51411060
1 21 51072120
21 1 51070200
21 1 50982840
21 1 50982780
58 82 50918040
58 82 50916720
22 33 50892240
22 18 50892240
1 138 50882220
58 82 50831400
22 33 50803860
58 82 50802660
22 33 50802420
22 18 50802420
22 33 50727240
58 82 50488320
22 8 50402160
1 138 50389620
58 82 50284560
8 22 50206020
8 22 50204940
149 87 50196480
22 8 50194560
58 82 50145360
8 22 50136900
1 126 50135640
1 126 50135280
149 87 50129100
149 87 50120580
149 87 50120160
21 1 49772580
82 58 49769640
8 22 49686720
1 21 49686600
58 82 49680060
22 8 49680000
58 82 49618560
22 8 49618080
82 58 49618020
58 82 49616640
8 11 49607160
8 11 49607040
58 82 49590660
1 21 49529160
1 21 49527660
1 138 49527660
8 11 49522860
8 22 49517700
82 58 49504440
22 8 49501800
58 82 49272360
8 22 49266720
8 22 49265700
8 11 49256280
18 33 49245600
58 82 49188060
8 11 49185720
1 21 49181940
58 82 49174140
1 21 49160580
22 33 49101180
58 82 49100820
1 21 49014240
1 21 49011840
149 87 48993420
58 82 48930480
82 58 48930180
58 82 48927000
114 102 48837120
126 1 48379560
126 21 48379560
22 33 48305700
22 18 48305700
82 58 48300720
11 8 48295380
1 21 48222720
1 138 48222720
58 82 48214920
91 95 48047520
91 95 48043800
58 82 47976480
99 95 47970300
99 91 47970300
99 75 47970300
58 82 47951160
91 95 47891460
58 82 47890380
82 58 47889900
58 82 47889480
11 8 47885700
58 82 47879700
58 82 47807940
58 82 47806440
58 82 47805180
82 58 47805060
138 1 47794980
58 82 47781300
82 58 47781120
58 82 47779560
82 58 47779440
58 82 47774040
58 82 47720520
82 58 47714880
58 82 47714520
18 73 47711040
58 82 47707980
58 82 47692680
58 82 47692260
58 95 47691660
149 63 47457180
58 82 47453220
82 58 47450880
1 126 47438820
1 21 47438820
58 82 47432220
58 82 47293140
1 21 47276040
15 11 47258460
91 95 47198280
58 82 47197620
11 8 47192460
58 82 47192160
8 11 47191320
58 82 47115480
58 82 46858740
58 82 46855620
58 82 46855560
82 58 46855320
58 82 46768440
91 95 46760460
1 138 46747620
91 95 46738680
95 91 46736760
58 82 46682700
95 91 46618260
58 82 46597800
58 82 46592100
82 58 46591920
8 15 46570680
8 11 46570680
58 82 46568640
58 82 46510620
22 33 46506480
58 82 46483560
58 82 46252380
58 82 46229340
11 8 46224420
58 82 46222440
58 82 46162560
58 82 46151160
58 82 46134240
58 82 46081680
58 82 46074180
8 22 46069380
8 11 46069380
58 82 45984240
1 21 45970020
95 91 45961380
58 82 45901140
1 21 45894180
1 138 45894180
58 82 45892500
149 63 45556380
58 82 45539820
58 82 45527040
1 21 45471120
22 33 45462960
22 18 45462960
58 82 45456600
58 82 45381600
82 58 45381420
58 82 45381240
58 82 45372420
58 82 45297240
58 82 45296880
95 91 45281580
91 95 45214560
91 95 45214020
1 21 44950800
58 82 44925900
58 82 44841000
82 58 44840160
58 82 44839860
95 91 44838300
58 82 44787300
82 58 44780040
58 82 44779320
82 58 44779020
1 21 44773860
1 138 44773860
58 82 44749140
1 138 44693880
1 138 44693700
1 21 44693100
1 138 44693100
58 82 44666760
58 82 44666400
1 21 44589300
1 138 44589060
1 138 44422380
58 82 44264100
58 82 44177700
58 82 44172660
82 58 44172300
1 21 44152980
105 106 44105040
58 82 44093220
149 63 44061000
1 21 43827660
1 21 43827420
58 82 43825380
58 82 43743120
58 82 43658700
58 82 43570140
1 21 43542480
1 138 43542480
58 82 43483440
1 21 43468920
1 138 43468920
1 21 43463760
1 138 43463760
58 82 43226340
82 58 43219620
58 82 43217580
1 138 43203600
58 82 43194780
1 138 43193220
126 1 43148760
22 8 43117200
126 1 43109520
58 82 43051380
58 82 42970920
82 58 42970380
58 82 42970020
58 82 42964740
58 82 42939120
58 82 42882720
58 82 42620640
8 11 42601440
58 82 42537000
149 63 42512520
1 21 42502440
58 82 42447480
1 21 42421020
58 82 42420780
82 58 42367740
58 82 42367140
58 82 42366780
58 82 42366480
82 58 42343380
58 82 42342360
58 82 42334620
58 82 42334020
63 149 42281400
58 82 41995500
149 63 41995260
58 82 41988780
58 82 41846220
82 58 41844660
1 21 41841960
1 126 41837760
1 21 41837760
58 82 41757840
22 8 41745000
22 11 41745000
1 21 41741340
1 138 41730720
58 82 41409480
58 82 41383560
1 138 41380800
1 138 41314320
58 82 41237400
1 21 41234160
1 138 41234160
1 21 41233800
1 138 41233800
1 21 41219220
1 138 41219220
58 82 41150880
1 21 41145780
1 138 41145780
91 95 41129940
4 126 41063280
58 82 41063040
1 21 41060640
1 138 41060640
58 82 40810860
1 21 40801500
1 21 40776780
1 138 40776780
58 82 40720980
1 21 40693500
1 138 40693500
58 82 40639740
58 82 40607820
58 82 40605180
58 82 40519920
1 21 40452780
8 11 40451700
58 82 40434180
15 11 40197000
82 58 40177920
58 82 40118940
149 87 40106640
58 82 40089180
58 82 40031820
58 82 39945420
58 82 39936780
82 58 39933900
58 82 39932520
8 11 39932520
58 82 39931860
58 82 39931680
22 8 39758280
22 8 39754020
58 82 39510480
1 21 39495420
1 21 39489780
58 82 39482880
58 82 39340860
58 82 39309840
58 82 38994300
58 82 38905560
58 82 38820660
58 82 38792400
58 82 38719380
82 58 38715060
58 82 38714580
58 82 38649660
60 28 38645700
60 31 38645700
8 11 38643120
58 82 38640060
1 21 38379420
58 82 38376120
1 138 38368260
1 21 38364780
1 138 38364780
58 82 38361420
1 21 38353980
1 138 38353980
11 8 38293380
8 11 38289180
1 21 38285340
1 138 38285340
1 21 38268240
1 138 38268240
58 82 38218020
1 138 38200680
58 82 38131320
58 82 38103960
58 82 38102940
1 21 38044680
1 138 38044680
1 21 38044500
1 138 38044500
58 82 38041980
1 21 38011560
58 82 37781220
1 21 37754460
58 82 37699020
95 58 37676460
58 82 37614120
8 11 37603440
82 58 37591860
58 82 37581240
58 82 37580700
1 126 37404720
58 82 37178100
1 138 37145220
58 82 37097280
82 58 37094460
58 82 37093620
82 58 37093500
58 82 37092960
82 58 37092480
58 82 37090740
58 82 37002120
91 95 36989520
91 95 36987780
58 82 36983940
58 82 36922560
58 82 36890820
58 82 36568020
58 82 36486300
58 82 36469680
99 95 36392520
99 91 36392520
58 82 36385800
91 95 36372720
1 21 36367740
1 138 36367740
58 82 35937420
1 21 35898180
1 21 35879880
58 82 35863500
58 82 35862720
58 82 35794680
58 82 35713140
1 21 35682720
1 138 35682720
58 82 35625540
58 82 35611200
1 21 35592300
1 138 35592300
58 82 35365200
58 82 35363820
58 82 35358000
1 21 35356080
1 138 35356080
58 82 35344860
82 58 35269140
1 21 35267280
1 138 35267280
58 82 35266200
82 58 35263920
58 82 35194380
82 58 35193600
58 82 35193360
58 82 35192640
82 58 35184000
58 82 35180460
58 82 35103180
58 82 35019780
58 82 35018700
1 138 35015220
58 82 34990440
58 82 34676220
58 82 34593000
58 82 34561440
58 82 34156200
58 82 34152840
58 82 34127340
58 82 33988080
58 82 33896460
1 21 33863820
58 82 33812460
1 21 33807600
1 21 33806520
58 82 33553920
58 82 33465660
58 82 33435600
58 82 33299340
58 82 32941500
1 21 32932260
1 138 32931000
58 82 32861880
1 21 32842620
58 82 32778360
58 82 32687460
58 82 32652960
58 82 32342700
1 21 32139540
58 82 32083740
1 21 32064780
58 82 31997880
82 58 31730760
58 82 31705620
58 82 31647480
58 82 31560660
58 82 31556580
1 21 31548300
58 82 31535460
82 58 31463760
58 82 31463280
1 138 31449480
58 82 31446000
1 21 31382940
58 82 31135380
58 82 31049280
1 21 31039860
58 82 31015860
58 82 31012560
58 82 31012020
1 21 31009500
58 82 30928680
58 82 30872340
1 138 30870900
82 58 30869760
58 82 30778320
58 82 30774180
1 21 30506460
1 138 30506460
1 21 30426480
58 82 30408360
58 82 30344640
58 82 30265920
58 82 30262140
58 82 30256560
82 58 30255540
1 21 30232140
58 82 30172500
1 21 30165720
1 138 30165720
1 21 30156180
1 138 30156180
1 21 30154680
1 138 30154680
1 21 30146040
1 138 30146040
58 82 29892720
58 82 29746920
82 58 29745840
82 58 29722560
1 21 28434300
1 138 28430940
58 82 28343760
82 58 28101360
82 58 28074840
82 58 28025340
1 138 28004340
1 138 27994740
58 82 27932880
1 21 27898620
1 138 27898620
1 21 27847380
1 138 27847380
1 21 27840180
1 138 27745320
1 21 27740040
1 138 27740040
1 138 27727200
1 138 27415800
58 82 27404700
58 82 27396480
58 82 27388260
58 82 27302100
1 138 27243660
1 138 27222540
1 126 27129720
58 82 26892660
1 138 26871240
1 138 26868660
1 138 26779740
58 82 26541840
1 126 26524920
58 82 26203140
122 58 26202240
58 82 26198580
1 126 26192280
1 21 25999200
58 82 25675320
1 21 25592340
1 138 25592340
58 82 25518600
22 8 25403640
1 21 25399020
1 138 25399020
21 1 25343940
58 82 25053300
58 82 24986160
82 58 24971340
1 21 24796080
1 21 24544740
58 82 24278160
58 82 24192600
58 82 23867460
58 82 23867340
58 82 23586360
21 1 23505000
58 82 23244840
1 21 22919640
1 21 22918140
1 138 22904400
1 138 22637460
58 82 22558080
58 82 22488720
1 21 22289100
1 21 22136760
1 21 21989520
1 21 21985440
58 82 21786600
1 21 21691020
58 82 21350040
58 82 21349260
1 21 21290280
1 21 21288240
1 138 21276900
1 21 21268440
1 21 20761800
82 58 20656680
1 21 20652060
22 58 20646180
1 21 20231460
1 21 20145600
1 138 20141340
1 138 20135820
1 21 20134560
1 138 20134560
1 21 20126700
1 138 20126700
1 21 20090040
58 82 20069220
1 21 20053800
1 138 20053800
1 21 20048340
1 138 20048340
1 21 19986180
1 138 19986180
1 21 19985940
1 21 19974900
58 82 19961280
1 21 19959480
1 138 19959480
1 21 19957080
1 138 19957080
1 21 19955640
1 21 19915200
1 21 19895520
1 138 19895520
1 21 19893420
1 21 19891920
1 138 19891920
1 21 19891860
1 138 19891860
1 21 19889760
1 138 19889760
1 21 19889400
1 138 19889400
1 21 19889340
1 138 19889340
1 21 19888800
1 138 19888800
1 21 19888020
1 138 19888020
1 21 19887900
1 138 19887900
1 21 19887840
1 138 19887840
1 21 19884840
1 138 19884840
1 21 19879860
1 138 19879860
1 21 19879020
1 138 19879020
1 21 19878960
1 138 19878960
1 21 19878900
1 138 19878900
1 21 19878840
1 138 19878840
1 21 19878780
1 138 19878780
1 21 19878720
1 138 19878720
1 21 19878660
1 138 19878660
1 21 19878600
1 138 19878600
1 21 19877040
1 21 19570140
1 21 19545540
1 21 18663480
1 21 18416280
58 82 18168600
82 58 16954620
58 82 16608120
58 82 15321540
58 82 14103240
82 58 13413900
58 82 12629460
58 82 11424660
58 82 11152560
58 82 10910160
58 82 10827540
58 82 10544340
58 82 10482540
58 82 9683100
58 82 9681480
58 82 9594240
58 82 9593340
58 82 9351000
58 82 9243720
58 82 9163380
58 82 8485500
58 82 8124240
58 82 7957440
58 82 6909180
58 82 5720100
58 82 4956540
58 82 4859220
58 82 1897980
58 82 1827660
58 82 1488960
58 82 1309800
58 82 1302660
58 82 1146780
58 82 0
