0 2 98277034
1 6 97484013
3 2 94641220
0 2 94536423
0 3 94536423
0 2 94390069
1 7 93959154
4 1 93870592
1 4 91342257
1 7 90932784
4 1 90910852
1 4 90757811
4 1 90747384
10 12 90675787
13 14 90675017
13 14 90674917
12 10 90673209
13 11 90671879
13 11 90671818
13 11 90671794
6 9 90669392
1 4 90654437
1 7 90400624
11 13 90395748
18 6 90392693
19 13 90312397
19 8 90312397
1 7 90302028
1 7 90247898
17 8 90241357
8 17 90240347
12 17 90239740
11 16 90238219
13 17 90142424
15 9 90039850
17 11 89789210
11 8 89789208
11 16 89789208
2 3 89726208
1 4 89718715
2 0 89704385
9 12 89703129
1 7 89700918
2 3 89556189
10 13 89473036
13 8 89472341
2 0 89470000
11 13 89469150
6 16 89219026
2 0 89213457
1 4 89208330
13 17 89200545
13 23 89200545
3 2 89197321
2 0 89194301
11 8 89184708
11 17 89184708
1 21 89181598
1 21 89180657
1 7 89121932
1 21 89117925
6 17 89114664
2 3 89111636
2 0 89111535
2 3 89102062
2 3 89042626
19 9 89039736
1 21 89026162
6 10 89019431
2 3 89016522
15 19 89006102
13 17 88951540
13 11 88867878
13 16 88867878
8 9 88840505
14 17 88837878
8 11 88602540
8 17 88602540
8 23 88599790
17 13 88584870
17 11 88583229
10 17 88520978
13 14 88510669
13 11 88510669
0 2 88501744
2 0 88419675
1 7 88352355
8 17 88345725
34 7 88328288
8 17 88321590
35 36 88257513
2 0 88244978
2 0 88237396
0 3 88232156
19 13 88006415
19 9 88005786
2 0 87998044
23 8 87994063
23 17 87994063
9 19 87974688
8 11 87974543
8 17 87917530
37 7 87893184
1 21 87816324
8 20 87810470
16 12 87745230
6 12 87731155
35 38 87723913
23 20 87716991
22 20 87716800
6 15 87397941
20 18 87393754
14 15 87387803
8 16 87377373
9 19 87367950
18 9 87317189
2 0 87304035
2 3 87294875
8 17 87227425
7 37 87221559
10 13 87217028
1 21 87213611
38 46 87205072
38 35 87205072
19 13 87202241
19 11 87202241
19 9 87139029
46 38 87131901
20 9 87129267
23 20 87129043
3 2 87128765
23 9 87125442
8 13 87111567
26 27 87104661
12 16 87050971
0 3 87049351
9 20 87045290
38 35 87029626
38 35 87026083
49 41 87022899
49 46 87022899
49 51 87022899
49 25 87022899
38 46 87022132
38 47 87022132
38 35 87022132
19 9 86794527
19 9 86778071
11 14 86767156
13 8 86765426
23 20 86764026
23 12 86764026
23 8 86712048
23 20 86712048
23 17 86712048
12 16 86695037
41 7 86694676
13 14 86694164
30 27 86679590
36 38 86677659
61 50 86640157
61 62 86640157
61 41 86640157
61 53 86640157
61 47 86640157
61 55 86640157
61 29 86640157
61 77 86640157
61 43 86640157
61 25 86640157
61 31 86640157
61 87 86640157
61 58 86640157
61 64 86625757
61 66 86625757
61 69 86625757
61 41 86625757
61 54 86625757
61 74 86625757
61 47 86625757
61 40 86625757
61 30 86625757
61 78 86625757
61 79 86625757
61 86 86625757
90 67 86619818
90 72 86619818
91 29 86619591
61 84 86619549
61 36 86619549
29 91 86615389
81 27 86610963
81 93 86610963
81 73 86610963
81 43 86610963
81 84 86610963
91 29 86607690
77 64 86605341
61 25 86605149
40 95 86600978
81 71 86596563
81 73 86596563
81 30 86596563
81 60 86596563
81 85 86596563
3 2 86595239
3 0 86595239
36 56 86594455
61 71 86556305
61 73 86556305
61 30 86556305
61 36 86556305
81 27 86550104
81 71 86550104
81 26 86550104
81 36 86550104
26 73 86546943
26 81 86546943
26 28 86542849
26 30 86542849
61 71 86541905
61 77 86541905
61 43 86541905
81 71 86539725
81 26 86535704
0 26 86535196
2 3 86534290
0 2 86520338
0 87 86518244
6 12 86514625
36 94 86512688
14 16 86506486
14 17 86506486
42 43 86505799
0 27 86505768
0 89 86505768
71 82 86448387
49 51 86441567
49 43 86441567
61 73 86431270
81 73 86426742
0 4 86425186
36 53 86423491
36 80 86423491
81 70 86419873
81 73 86371994
81 26 86371793
93 70 86356736
93 81 86356736
81 93 86275512
71 58 86265309
81 73 86254108
96 36 86178295
36 61 86177263
81 61 86172946
93 71 86169976
93 81 86169976
92 87 86168656
81 73 86167602
11 17 86165421
13 16 86165332
92 66 86163383
92 87 86163383
97 96 86159013
26 30 86115188
84 63 86112501
13 14 86102928
6 17 86102778
0 37 86100078
100 28 86097957
38 47 86093918
38 35 86093918
38 46 86093707
38 47 86093707
38 47 86092267
30 70 86091694
0 71 86086157
0 30 86086157
14 13 86080299
92 66 86079400
92 87 86079400
76 28 86078348
93 28 86077749
28 93 86077280
93 70 86073430
93 71 86073430
97 49 86072522
97 96 86069646
97 49 86069646
84 25 86029715
25 42 86012490
26 28 86012109
11 16 86009896
90 67 86009240
90 74 86009240
90 102 86009240
30 59 86005399
30 60 86005320
52 41 86004328
93 44 86001535
0 2 86000691
57 41 85995987
38 89 85993620
61 30 85993489
0 27 85989633
0 89 85989633
87 66 85950101
25 52 85945301
14 13 85931149
14 12 85931149
3 0 85927691
26 98 85926202
0 66 85925518
0 3 85925518
92 66 85923686
46 35 85914961
19 11 85906570
0 2 85899295
28 93 85845341
93 28 85844659
26 30 85841230
30 27 85838991
97 49 85838260
49 97 85835561
62 77 85819571
30 36 85817337
36 25 85816139
81 73 85808322
26 81 85772033
81 70 85655022
0 66 85595718
0 37 85595718
0 4 85595718
96 97 85580924
12 13 85557047
12 10 85557047
12 17 85557047
25 36 85554632
87 66 85518128
0 66 85510054
0 2 85510054
67 86 85479647
13 11 85475335
81 103 85464976
23 12 85413955
103 81 85394480
10 13 85393740
0 71 85335502
0 37 85335502
0 44 85335502
104 105 85326926
104 108 85326926
38 35 85324484
38 21 85324484
25 56 85324057
25 43 85324057
25 42 85324057
25 57 85324057
81 36 85314259
81 44 85313794
10 14 85306193
17 8 85305015
8 17 85304717
11 16 85298019
13 11 85297346
26 81 85243167
26 81 85242542
81 36 85240813
81 93 85128782
26 30 85048048
0 26 84993197
0 87 84993197
0 44 84993197
81 73 84983761
81 26 84983761
81 36 84983761
10 13 84979478
10 11 84977375
11 10 84977136
12 10 84969198
14 13 84967307
12 13 84959690
97 25 84958550
81 73 84956597
62 64 84956231
13 14 84953499
2 0 84953098
17 13 84953049
17 11 84953049
13 17 84951367
0 2 84947940
15 10 84944028
0 71 84907671
0 37 84907671
0 4 84907671
2 0 84894587
10 13 84894167
87 66 84885685
110 93 84882422
110 93 84882203
41 57 84877257
89 49 84873772
17 8 84866227
25 36 84864338
0 66 84820190
0 71 84820190
0 87 84820190
104 18 84811762
93 113 84809776
104 106 84803774
104 88 84803774
17 13 84803355
26 36 84799961
25 36 84795144
26 28 84793890
26 30 84793890
26 31 84793890
26 89 84793890
12 9 84793859
40 111 84785354
9 12 84782748
81 73 84781773
4 2 84722167
93 81 84722134
0 3 84718908
49 91 84709071
3 2 84708577
97 49 84692878
0 4 84648246
0 2 84648246
13 17 84634117
80 46 84621358
54 53 84620891
97 96 84608587
19 15 84600616
19 9 84596805
19 15 84543684
19 11 84543684
81 26 84453066
88 89 84434179
0 71 84383393
81 88 84379444
81 26 84379256
13 17 84374619
97 25 84369596
104 108 84369530
104 107 84367795
28 59 84357618
12 10 84356487
23 10 84355736
13 23 84355364
11 16 84353707
11 17 84353707
49 96 84353118
49 97 84353118
3 0 84352334
11 16 84344619
11 17 84344619
49 91 84343458
49 97 84343319
88 108 84298200
19 9 84293127
97 96 84283010
41 52 84282834
52 38 84281768
104 73 84280283
104 61 84280283
104 18 84280283
49 91 84279976
13 14 84275629
81 70 84268243
0 3 84264844
17 13 84261017
13 14 84260938
13 17 84260938
13 17 84200258
26 81 84191615
10 13 84191147
91 95 84182902
113 93 84179971
113 112 84179971
10 11 84176082
104 106 84176069
93 81 84172181
0 44 84123152
19 9 84117962
81 111 84116591
81 77 84116591
81 107 84116591
81 88 84116591
81 36 84116591
26 81 84098745
98 81 84092038
97 49 84092005
81 70 84085282
81 44 84085282
81 108 84085212
13 14 84026877
49 97 84023223
104 70 84019464
104 73 84019464
104 108 84019464
81 88 84018897
89 98 84017961
97 49 84015345
30 26 84013617
49 96 84007989
49 96 84007797
49 97 84006041
13 17 84004543
13 16 84002626
41 57 84000365
104 18 83993921
104 108 83993921
81 44 83774509
104 73 83764727
104 61 83764727
104 18 83764727
104 108 83764727
49 91 83756023
50 41 83747945
81 107 83744089
44 81 83690196
81 71 83689881
85 25 83686450
3 2 83681536
87 66 83681037
87 66 83680875
81 71 83679597
111 91 83663515
44 81 83663021
19 13 83662832
52 41 83662086
49 91 83659403
49 97 83653543
81 88 83605076
81 93 83603809
81 43 83603809
81 38 83603809
0 71 83603438
0 26 83603438
44 81 83602216
81 88 83601515
88 81 83591472
25 81 83582953
90 65 83578044
90 72 83578044
90 86 83578044
13 23 83577308
88 81 83575751
90 72 83575560
49 97 83574731
93 112 83567816
81 29 83566001
19 9 83560007
26 27 83431026
26 98 83431026
26 27 83430365
19 15 83416476
19 14 83416476
19 11 83416476
104 70 83415524
104 108 83415524
20 33 83414792
94 70 83414254
90 65 83412342
90 117 83412342
81 111 83410003
81 77 83410003
81 89 83410003
33 20 83391222
26 30 83320328
20 22 83157142
10 13 83156530
81 36 83152695
81 82 83151487
119 120 83147051
119 120 83142259
11 14 83137309
0 26 83089472
81 52 83079062
81 111 83079062
81 26 83079062
10 11 83078539
0 26 83067480
25 77 83064111
25 85 83058255
19 9 83058213
25 43 83052645
19 9 83050698
20 18 83040606
3 0 82973662
4 5 82972407
97 49 82964286
11 8 82542337
11 14 82540554
26 71 82537746
78 25 82536905
78 85 82471671
13 11 82460532
92 87 82458748
0 2 82456889
0 3 82455377
27 93 82449591
58 0 82449057
16 11 82394177
81 73 82392592
94 81 82390573
112 93 82372463
41 97 82363833
95 55 82363613
95 55 82363539
122 56 82355960
93 26 82318759
44 71 82309698
13 16 82272971
97 96 82271279
104 70 82207419
104 123 82207419
104 61 82207419
124 120 82204650
41 57 82191299
93 26 82185944
93 110 82185847
93 112 82181633
93 28 82180803
14 10 82180671
14 17 82180671
93 28 81952258
28 93 81952189
93 28 81951144
17 13 81949773
17 14 81949773
85 120 81932654
40 95 81931096
89 88 81869740
97 49 81854824
120 85 81850304
11 13 81849009
11 16 81849009
11 17 81849009
81 98 81848963
81 111 81848963
81 30 81848963
81 25 81848963
81 85 81848963
81 36 81848963
121 53 81846803
13 33 81844335
125 41 81842223
8 13 81838631
13 17 81788767
38 48 81770773
17 13 81765828
11 9 81758950
30 62 81750983
93 110 81700088
8 17 81695621
11 13 81692137
40 95 81686990
0 71 81684790
0 4 81684790
111 83 81684314
97 41 81672552
22 33 81671559
10 16 81667453
9 12 81666176
85 101 81663846
10 16 81613116
40 95 81601467
10 14 81600881
14 11 81599086
78 37 81593178
13 16 81587933
81 43 81586854
81 25 81586854
81 107 81586854
81 88 81586854
81 38 81586854
81 108 81586854
120 124 81584921
19 9 81351167
19 9 81338698
20 13 81333639
20 16 81333639
9 33 81327920
93 112 81324595
14 10 81323037
14 17 81323037
123 5 81318189
81 36 81316887
50 52 81288607
112 113 81267967
33 20 81265512
112 93 81265225
91 111 81261175
91 79 81261175
97 75 81259137
97 57 81259137
58 111 81254422
11 17 81253938
78 124 81250346
49 75 81231515
49 57 81231515
40 95 81170209
38 35 81169389
38 48 81169389
123 81 81166320
123 107 81166320
123 18 81166320
66 92 81101925
91 111 81095353
6 11 81094702
2 3 81094599
112 113 81094233
81 123 81086156
58 0 81085864
58 3 81085864
32 98 81078460
19 13 81067910
19 8 81067910
19 17 81067910
58 44 81064280
19 9 81056049
97 21 81020376
91 111 81012296
11 8 81003248
11 14 81003248
11 16 81003248
46 35 80985842
79 95 80984556
9 19 80977279
19 9 80968152
44 81 80936738
44 58 80936738
93 112 80933198
93 113 80931402
29 81 80893131
9 33 80755635
113 112 80745838
68 128 80742653
68 45 80742653
62 35 80718805
58 111 80716613
61 70 80714180
130 74 80660817
10 13 80652060
10 19 80652060
10 14 80652060
58 111 80650768
20 18 80643411
105 70 80641811
39 35 80639457
35 47 80639101
35 126 80639101
35 38 80639101
33 22 80638959
33 20 80638959
129 81 80638448
62 25 80636614
111 95 80630087
62 42 80630008
37 85 80579469
2 26 80577666
91 95 80575423
22 20 80565346
111 78 80559376
78 111 80557740
25 42 80557033
25 57 80557033
9 8 80556538
9 23 80556538
10 11 80555906
23 20 80554118
9 19 80552700
13 8 80547416
20 23 80541862
41 7 80541730
41 97 80541079
20 23 80489131
91 40 80488177
91 79 80488177
78 37 80488174
78 111 80488174
91 40 80483779
97 49 80482343
0 82 80479593
23 20 80479265
19 11 80476081
0 44 80473899
81 71 80472168
37 131 80471612
37 120 80470257
28 100 80468182
37 131 80468042
20 23 80465077
28 100 80462687
82 58 80457853
82 44 80457853
129 70 80453043
20 23 80452107
112 93 80409131
91 111 80400360
91 40 80400360
20 23 80399547
20 23 80399142
20 23 80398365
38 47 80396339
20 18 80395760
55 82 80395730
111 78 80390294
20 22 80389102
25 49 80384155
66 74 80383133
66 92 80383133
37 78 80381905
82 55 80379945
20 17 80378954
20 23 80375484
81 113 80372720
23 8 80368916
11 20 80368624
49 75 80367252
49 43 80367252
111 29 80324813
49 75 80128801
49 120 80128801
33 20 79979681
91 95 79975238
112 85 79968490
112 17 79968490
20 33 79961691
20 8 79961691
112 93 79959967
29 132 79958532
78 25 79955720
20 22 79953139
20 17 79947160
20 23 79947138
20 18 79946578
8 11 79945914
11 14 79945912
11 16 79945912
82 0 79940311
82 58 79940311
82 3 79940097
9 23 79940001
101 78 79937157
10 13 79937137
10 11 79937137
85 124 79936782
123 105 79894582
123 106 79894582
49 43 79894264
49 101 79894264
49 57 79894264
123 61 79886872
91 95 79886487
91 83 79886487
25 75 79886377
25 101 79886377
9 15 79883913
9 19 79883913
20 18 79882959
101 25 79882385
101 85 79882385
124 85 79881963
9 19 79881480
10 13 79876378
82 58 79874320
20 22 79873289
93 113 79871097
8 12 79867295
25 75 79866990
25 42 79866990
25 121 79866990
23 20 79865545
8 19 79863378
8 17 79863378
10 12 79862304
46 83 79860455
82 71 79858988
82 37 79858988
17 23 79858643
23 20 79856317
17 10 79855195
78 85 79853599
113 123 79850291
93 113 79847762
81 88 79811450
112 113 79807228
25 56 79798118
25 57 79798118
82 58 79797117
10 17 79796707
10 17 79795362
19 9 79795149
4 71 79794994
61 108 79794451
78 85 79789202
25 57 79788050
25 122 79788050
81 2 79787677
6 13 79787195
6 12 79787195
18 20 79783097
85 78 79779286
25 101 79778404
111 78 79777940
78 111 79776294
94 5 79776114
10 13 79776016
17 12 79774079
20 33 79773390
20 22 79773390
88 81 79771380
20 23 79770788
49 120 79769613
10 14 79769561
10 17 79769561
17 33 79767928
39 46 79764752
20 18 79711969
94 70 79698564
20 23 79681162
15 9 79610093
93 113 79540857
14 13 79540155
61 18 79539222
13 8 79536464
123 73 79536116
123 73 79534603
3 55 79533832
3 2 79533832
3 58 79533832
8 16 79533348
8 19 79533213
8 10 79533213
8 12 79533213
82 71 79532574
82 58 79532574
113 73 79528966
10 17 79528663
19 9 79523201
41 97 79523012
11 14 79519221
73 43 79519213
11 13 79517909
11 14 79517909
11 15 79517766
33 18 79515669
124 120 79515149
55 82 79514985
49 109 79514677
49 85 79514677
49 124 79514677
129 73 79513721
120 85 79512412
61 108 79510133
93 113 79500968
92 90 79459115
82 55 79452450
19 9 79452271
82 55 79448723
82 2 79448723
120 85 79448594
66 90 79448337
78 111 79445625
16 13 79442731
132 73 79442656
25 121 79442105
70 44 79440127
25 101 79439591
123 106 79438484
123 61 79438484
94 105 79436910
9 15 79436221
9 19 79436221
81 71 79436174
23 17 79435652
13 11 79434426
28 26 79432589
29 40 79431789
49 56 79431319
20 23 79430949
132 73 79430386
111 78 79430239
28 100 79428537
129 73 79427881
55 78 79427626
113 93 79427264
85 93 79424092
0 58 79422479
11 13 79417646
11 19 79417646
11 14 79417646
11 10 79417646
40 83 79415478
20 23 79413494
81 73 79368533
97 21 79367623
97 38 79367623
131 55 79367187
123 113 79366222
110 93 79365003
13 17 79364486
92 66 79363367
6 13 79361721
6 17 79361721
28 89 79359210
131 37 79358646
26 89 79357506
3 58 79356854
3 44 79356854
132 115 79356486
43 38 79356169
13 17 79355384
3 82 79355277
3 2 79355277
3 0 79355277
3 44 79355277
123 73 79353588
123 61 79353588
20 22 79349265
100 28 79347613
124 120 79347087
119 124 79346746
120 85 79345051
2 0 79344994
28 89 79340691
2 0 79338986
2 0 79338606
22 20 79333623
93 123 79330027
93 28 79329710
13 14 79283577
13 16 79283577
13 17 79283577
97 21 79281939
97 127 79281939
97 48 79281939
13 17 79281725
13 17 79278461
91 95 79277841
17 23 79274494
25 62 79274371
66 90 79268253
85 120 79266255
97 91 79264753
97 49 79264753
40 79 79262019
40 95 79260216
0 55 79257875
0 2 79257875
121 49 79256613
0 44 79254198
132 79 79248365
49 43 79244333
49 25 79244333
28 100 79194475
28 89 79194475
82 58 79194125
82 55 79192919
10 22 79186711
25 49 79183791
19 9 79181138
25 42 79179968
25 36 79178565
40 79 79176344
82 58 79170262
82 55 79170175
68 45 79169972
19 9 79168291
119 56 79168266
17 8 79164372
61 73 79159842
61 18 79158031
61 108 79158031
93 112 79157983
29 132 79156968
20 18 79095916
20 18 78932692
91 111 78930713
33 20 78930516
20 22 78928611
23 20 78920987
121 49 78918597
20 22 78916888
93 113 78914454
16 13 78913073
20 22 78903812
119 85 78901633
93 112 78900209
113 123 78898707
93 113 78898437
72 86 78894127
91 95 78843878
91 111 78843804
91 79 78843804
131 37 78843095
55 82 78842603
95 111 78838138
40 111 78835416
131 55 78833567
93 113 78833032
49 121 78832602
3 82 78830691
3 0 78830691
93 112 78828470
41 57 78827194
40 83 78826524
108 73 78825228
131 124 78823014
20 22 78818956
49 51 78810930
49 42 78810930
93 113 78810930
58 0 78810606
20 33 78772787
81 27 78764963
81 98 78764963
81 29 78764963
81 26 78764963
81 36 78764963
61 107 78763814
61 20 78763814
61 104 78763814
18 9 78761927
18 33 78759904
91 79 78758059
35 111 78757064
35 83 78757064
61 104 78754737
61 18 78754737
23 22 78753675
23 9 78753675
112 93 78744153
93 113 78743419
2 82 78741757
20 23 78738693
49 25 78737990
2 0 78736385
78 25 78735746
1 49 78735624
111 81 78735158
103 18 78731902
0 82 78729050
0 58 78729050
0 44 78727627
93 113 78726152
93 113 78725755
40 35 78723404
40 95 78722611
16 8 78690016
82 55 78673253
82 58 78673113
124 119 78671612
120 124 78668675
82 71 78667348
9 13 78666865
82 58 78665121
78 55 78661945
2 44 78661729
2 58 78661661
25 42 78657337
78 111 78656325
82 2 78655521
82 58 78655521
23 20 78649816
71 69 78649804
80 131 78649741
8 17 78645004
23 20 78643882
49 56 78639793
49 25 78639793
20 18 78594809
2 44 78591417
91 40 78591361
112 113 78586779
82 58 78586287
61 18 78580431
57 41 78576823
23 20 78575290
112 85 78574623
85 112 78574523
17 13 78573682
13 17 78572982
112 85 78569673
13 8 78565337
23 20 78564619
113 93 78563750
113 123 78563750
13 11 78561389
0 58 78559882
97 49 78554728
13 16 78553679
8 13 78553083
81 73 78552945
20 22 78480969
112 93 78475130
55 82 78410804
112 93 78330455
112 113 78330455
8 13 78326287
8 17 78326287
78 111 78323384
91 97 78320991
93 113 78319467
58 44 78319145
101 122 78319059
58 111 78317937
93 113 78315583
93 112 78314607
127 49 78311830
2 44 78309258
106 73 78308661
106 105 78308661
57 41 78304137
93 112 78300949
78 55 78298980
78 55 78298851
18 23 78298100
2 55 78297821
17 13 78296644
112 93 78245696
13 8 78245143
112 113 78242085
112 113 78241176
130 74 78240756
17 23 78238419
19 9 78231409
44 53 78229276
113 112 78227303
20 18 78223171
82 55 78220049
82 58 78220049
78 85 78218923
2 0 78214412
1 21 78213186
72 90 78207225
29 111 78204804
131 37 78158721
91 79 78155222
120 124 78154463
82 71 78152871
82 37 78152871
82 58 78152871
85 120 78148324
100 59 78148253
58 95 78146441
58 111 78146441
120 85 78144375
19 9 78138470
112 93 78134504
8 9 78134183
8 17 78134183
95 53 78133212
82 71 78131053
82 58 78131053
53 95 78129799
2 58 78129350
95 53 78128076
58 0 78125901
8 13 78123806
113 93 78122156
49 47 78120760
49 48 78120760
111 129 78117084
66 87 78082445
42 53 78072332
40 39 78067702
93 113 78065744
93 112 78064981
44 131 78064792
91 29 78060613
3 58 78057240
7 41 78057012
45 69 78056683
66 92 78055819
91 97 78054985
82 2 78050078
8 17 78047340
8 23 78047340
8 16 78047029
1 21 78045006
0 58 78042063
17 8 78041543
113 93 78038064
29 91 78036835
20 22 78034850
97 99 77986650
90 65 77985901
90 135 77985901
90 86 77985901
112 5 77983182
91 95 77981811
91 40 77981811
91 79 77981811
113 112 77980607
9 17 77980317
23 20 77980255
37 120 77980178
93 113 77979978
58 131 77978498
58 82 77978498
70 44 77971694
11 14 77970340
11 16 77970340
20 22 77967198
129 107 77957117
120 124 77957017
17 23 77956128
90 117 77954576
90 102 77954576
120 85 77954555
23 17 77954482
120 85 77953694
93 112 77949892
93 5 77949394
20 22 77944597
25 57 77894997
25 85 77894997
25 75 77894723
25 42 77894723
25 136 77894723
25 75 77894078
25 42 77894078
25 57 77894078
25 122 77894078
111 52 77792090
88 49 77724776
88 107 77724501
58 3 77721828
58 44 77721828
92 74 77719978
92 87 77719978
0 82 77718494
89 53 77718443
25 57 77716751
25 85 77716751
124 119 77716503
14 13 77714934
82 0 77713665
82 0 77712959
82 58 77712959
82 44 77712959
23 20 77710915
14 8 77708078
85 42 77707902
2 82 77705911
91 49 77704785
2 82 77704035
85 120 77703818
129 107 77703246
129 107 77697366
36 52 77696199
36 111 77696199
93 5 77694813
11 14 77691326
11 13 77689423
2 3 77688822
91 111 77638326
8 9 77635858
6 17 77634557
90 102 77631064
38 46 77630966
13 14 77630743
20 23 77630642
91 49 77630543
131 85 77625475
132 52 77624746
100 59 77624369
29 91 77624199
129 107 77623792
129 107 77621807
0 82 77620575
112 93 77619135
23 17 77619020
9 19 77616762
9 20 77611108
9 23 77611108
119 124 77610860
85 120 77609738
71 5 77607613
112 93 77604784
2 82 77601157
18 33 77599933
18 105 77599933
62 77 77599103
123 113 77564163
123 106 77562028
86 72 77554560
93 113 77553403
93 5 77553217
105 22 77550332
9 19 77545943
20 23 77545904
86 65 77543760
93 112 77543132
58 0 77535237
124 120 77532053
62 31 77531116
23 20 77527483
23 13 77523730
112 85 77521827
112 93 77521657
112 113 77521657
46 73 77521018
112 85 77520604
13 17 77520214
13 8 77519975
13 16 77519975
124 56 77518414
78 85 77518117
27 134 77510545
27 26 77510545
25 125 77478555
2 3 77464532
2 58 77464532
2 44 77464532
26 100 77464267
13 11 77461251
91 40 77460945
66 87 77460536
112 113 77459701
22 5 77454635
0 2 77451792
0 3 77451792
0 44 77451792
0 55 77451304
0 2 77451304
42 43 77450080
0 55 77446964
20 18 77444942
111 83 77437144
11 13 77427221
1 21 77425789
20 23 77425517
20 23 77424809
90 135 77382200
112 93 77380326
25 75 77379563
25 42 77379563
104 105 77376049
104 123 77376049
104 61 77376049
104 18 77376049
25 101 77373032
25 57 77373032
131 55 77371117
91 95 77370893
113 93 77369972
100 59 77369212
0 3 77364485
0 58 77364485
58 0 77364437
14 13 77363838
18 33 77363352
3 82 77361681
14 13 77361279
112 93 77361084
98 89 77360327
91 49 77360111
0 55 77359848
70 5 77359465
46 52 77357438
6 13 77357208
13 11 77351977
93 113 77351351
57 25 77350887
120 93 77350347
23 13 77350032
23 17 77348093
0 3 77346495
0 58 77346495
113 93 77346280
97 41 77344940
85 112 77344756
113 93 77344254
123 73 77275014
112 113 77178817
14 20 77130840
91 95 77113163
91 83 77113163
14 16 77113156
100 59 77113099
14 10 77112855
2 78 77112281
0 55 77106517
0 44 77106517
113 93 77105298
113 112 77105298
132 106 77099744
8 11 77092111
8 16 77092111
90 72 77092064
82 55 77090301
82 44 77090301
11 8 77084251
120 124 77084046
120 85 77083310
2 82 77083081
51 56 77038755
13 14 77030994
13 14 77030873
90 102 77030176
91 40 77029827
95 111 77029380
61 111 77029138
111 61 77028693
113 123 77017709
124 119 77009388
13 23 77008498
23 20 77006424
89 28 77005797
13 11 76999918
37 120 76999409
29 40 76997900
11 15 76997421
33 20 76996804
51 56 76992771
56 51 76992729
20 33 76990889
37 131 76946369
90 86 76940513
132 41 76939289
112 85 76938917
55 78 76934613
3 2 76933722
9 33 76932983
3 82 76932233
20 33 76932008
131 37 76928322
43 42 76924773
25 56 76921726
25 42 76920803
25 57 76920803
25 122 76920803
83 111 76920405
124 37 76920176
25 75 76918749
25 56 76918749
25 43 76918749
25 42 76918749
25 136 76918749
25 85 76918749
11 14 76917617
93 113 76916476
14 17 76914294
89 27 76914286
112 113 76912942
20 13 76906030
90 86 76862019
91 40 76858299
91 83 76858299
112 93 76857326
13 11 76855970
13 17 76855883
14 13 76850567
14 12 76850567
44 2 76850563
44 0 76850563
96 97 76850377
37 120 76848782
3 44 76848019
25 56 76844231
6 13 76843630
0 44 76843526
28 76 76843434
2 3 76838238
23 33 76838005
90 65 76837164
90 135 76837164
90 102 76837164
2 82 76832843
124 120 76831374
29 81 76828776
78 55 76828005
120 124 76827747
120 37 76827687
78 55 76825300
2 3 76824843
2 44 76824843
25 78 76788124
81 113 76771685
131 80 76771122
20 23 76771113
112 85 76770888
91 40 76770830
91 83 76770830
112 93 76766042
2 82 76765863
100 59 76763773
120 124 76763541
122 101 76762277
37 85 76756484
25 43 76754700
25 121 76754700
25 136 76754700
25 85 76754700
120 85 76754068
120 119 76749224
58 44 76748319
112 93 76748291
14 12 76746667
75 56 76744277
2 82 76737653
49 97 76735774
15 9 76732891
26 81 76606490
42 43 76574076
13 14 76516287
91 40 76508642
120 37 76505283
136 91 76504108
136 97 76504108
136 24 76504108
136 122 76504108
93 113 76501006
93 113 76498412
87 90 76496280
90 117 76495809
90 86 76495809
85 43 76494602
25 43 76488855
25 101 76488855
25 85 76488855
25 85 76488287
14 13 76482394
122 56 76482389
25 56 76482328
25 57 76482328
11 14 76482166
25 57 76480925
25 85 76480925
25 122 76480925
18 73 76476431
85 35 76474729
91 111 76425385
91 83 76425385
0 3 76420080
125 25 76412553
88 36 76411863
112 123 76407003
78 111 76406300
111 29 76406060
91 40 76402432
92 66 76402161
55 58 76401792
111 95 76400575
111 29 76400575
111 79 76400575
111 83 76400575
85 120 76400449
58 55 76395510
2 82 76394750
25 111 76354018
93 112 76344313
91 111 76341434
91 40 76341434
91 79 76341434
23 20 76338514
13 22 76338210
13 17 76338210
37 120 76334828
22 13 76333648
22 12 76333648
9 33 76332130
129 111 76329965
38 25 76329320
92 87 76327191
25 38 76324491
58 82 76323881
58 0 76323881
58 3 76323881
93 113 76323206
93 5 76323206
13 17 76322709
123 93 76322698
92 66 76321215
38 36 76321123
112 93 76318791
56 25 76315237
40 79 76312395
25 75 76310392
97 91 76303793
25 42 76301692
25 101 76301692
25 85 76301692
9 33 76295447
93 113 76257337
93 113 76256903
3 44 76252737
91 95 76251463
97 96 76250689
123 43 76247739
8 17 76245001
95 40 76244159
37 131 76239932
112 93 76238497
93 113 76236428
33 17 76229850
33 18 76229781
23 8 76226457
37 131 76226293
112 123 76226166
2 82 76219428
2 82 76218835
53 36 76216772
112 93 76190041
112 85 76170086
2 78 76161770
81 88 76161440
58 82 76160813
58 3 76160813
38 36 76160199
120 124 76158201
58 0 76156583
6 13 76154555
13 8 76153863
112 85 76152035
70 105 76151736
13 19 76151467
112 93 76146391
112 24 76146391
26 107 76144723
112 93 76144473
69 27 76142342
112 93 76140919
2 78 76137025
93 113 76131763
0 2 76131739
20 88 76129534
15 9 76127569
19 9 76127566
112 93 76083118
93 112 76061515
112 123 76054360
55 58 75971160
13 8 75926711
88 123 75908971
91 40 75906219
91 79 75906219
3 82 75905180
120 37 75905072
58 0 75903345
88 28 75901017
88 98 75901017
88 76 75901017
88 40 75901017
88 49 75901017
88 89 75901017
112 93 75900398
112 113 75900398
88 106 75898479
112 5 75898388
88 73 75897386
88 105 75897386
88 123 75897386
88 129 75897386
37 120 75895024
0 58 75893497
20 23 75885320
11 16 75882345
11 17 75882345
12 17 75878088
93 113 75829260
91 95 75821526
81 73 75815106
70 4 75812122
58 44 75806678
125 41 75806213
125 51 75806213
125 25 75806213
125 122 75806213
125 48 75806213
81 73 75804987
44 70 75795358
103 107 75787234
93 113 75782711
62 51 75744686
62 56 75744686
87 84 75744095
86 90 75742129
86 72 75739333
112 113 75733314
2 44 75732069
86 135 75731329
86 90 75731329
2 82 75730011
91 95 75729835
97 91 75728585
86 135 75728533
86 90 75728533
19 11 75727662
131 78 75726652
0 58 75721612
90 135 75718522
90 117 75718522
90 102 75718522
25 136 75717877
136 56 75716832
8 23 75714624
58 0 75712965
58 44 75712965
0 3 75711774
0 58 75711774
111 78 75710021
131 55 75709627
113 93 75708626
119 56 75708492
17 12 75703836
112 93 75702264
13 14 75666619
13 16 75666619
93 113 75659817
25 75 75646279
25 42 75646279
25 85 75646279
91 40 75645175
112 73 75644117
25 62 75643550
14 13 75641550
71 28 75640372
112 113 75637060
66 84 75634992
111 95 75634756
111 40 75634756
25 51 75634395
25 56 75634270
25 75 75633962
41 25 75632833
41 97 75632833
23 20 75626989
41 57 75626565
107 103 75625143
112 93 75623964
71 4 75622821
112 5 75622185
0 82 75618635
0 58 75618635
25 75 75614469
25 43 75614469
25 101 75614469
25 51 75611155
25 121 75611155
25 56 75580805
25 42 75580805
13 8 75580596
112 93 75566907
19 9 75561000
93 112 75559423
85 81 75558186
3 44 75556955
17 14 75554233
17 16 75554233
112 93 75554197
28 59 75552044
84 42 75548238
2 82 75545827
2 82 75539442
112 113 75535396
29 73 75535050
2 82 75534689
112 93 75534628
25 121 75534134
73 29 75533435
2 82 75532795
55 2 75531845
3 2 75531750
3 58 75531750
90 117 75531252
104 70 75529744
90 117 75528890
93 113 75526318
137 68 75489054
112 123 75448717
112 93 75366585
112 123 75366585
112 113 75366585
91 95 75301683
91 111 75301683
91 40 75301683
91 83 75301683
92 66 75300453
92 74 75300453
111 78 75294768
100 28 75287581
85 25 75287261
25 43 75284374
0 58 75280543
5 70 75278406
26 27 75275158
26 28 75275158
26 30 75275158
26 31 75275158
58 82 75274597
26 89 75274007
11 17 75272559
87 66 75224657
91 111 75220830
84 26 75219790
112 93 75215397
112 73 75215397
112 113 75215397
19 9 75215003
100 28 75213548
55 119 75213195
100 26 75211419
26 84 75209389
80 55 75205305
100 28 75205091
8 13 75204626
112 123 75202756
112 113 75202658
22 19 75195723
22 9 75195723
112 93 75195524
105 5 75193843
131 37 75191895
113 81 75188745
82 55 75187746
25 43 75187159
25 42 75187159
25 43 75186677
113 93 75185315
123 106 75182499
81 31 75182245
20 23 75177252
91 95 75131609
91 83 75131609
112 123 75128917
11 15 75125166
113 123 75120309
112 93 75117830
13 8 75113927
19 9 75111937
81 120 75110828
81 25 75110828
81 85 75110828
81 36 75110828
90 65 75105737
90 86 75105737
2 3 75104973
112 113 75104337
113 70 75103547
112 93 75103390
112 113 75103390
22 33 75101508
100 63 75099595
92 74 75098296
88 103 75049215
123 73 75042982
91 95 75042507
85 120 75039737
11 17 75039382
112 113 75038344
25 41 75037398
25 136 75037398
25 85 75037398
131 80 75028143
29 79 75028046
55 131 75027082
55 78 75027082
35 49 75021183
40 83 75012856
2 44 75011487
33 17 75008667
25 101 74974148
112 93 74954528
112 93 74953643
112 123 74953643
100 59 74952631
70 44 74951275
112 93 74950534
112 113 74950534
112 113 74943716
124 119 74943518
112 113 74930324
112 113 74925373
20 23 74919999
62 42 74880393
13 8 74871477
13 16 74871477
2 44 74693068
64 35 74692609
11 8 74685461
52 115 74683341
13 17 74681122
26 76 74681027
26 31 74681027
2 3 74667749
13 11 74662614
2 82 74609259
2 0 74609259
44 58 74607847
90 65 74607144
90 72 74607144
8 13 74604568
77 64 74603231
112 93 74600618
112 113 74600618
78 55 74600025
125 25 74598328
125 36 74598328
125 122 74598328
112 93 74597531
112 73 74597531
112 123 74597531
112 113 74597531
85 120 74595567
85 120 74595260
13 20 74594773
112 123 74593512
33 20 74592637
112 85 74592330
112 113 74591621
112 113 74586094
2 44 74586068
112 93 74583713
75 78 74533645
13 17 74527614
124 120 74519723
120 85 74518741
8 13 74514769
112 123 74509471
112 113 74509471
25 51 74508871
25 121 74508871
25 85 74508871
25 122 74508871
58 44 74506977
112 93 74503415
93 112 74502522
131 119 74500386
20 23 74497447
13 8 74492334
90 65 74490922
90 117 74490922
19 9 74490779
8 17 74490282
93 113 74489251
19 9 74483090
111 40 74430742
119 124 74429336
35 30 74427916
112 113 74427554
82 44 74426010
25 41 74418105
25 57 74418105
25 85 74418105
90 72 74414358
90 117 74414358
90 102 74414358
25 101 74413491
33 20 74405689
55 78 74403114
123 113 74401953
112 85 74359341
112 93 74356723
25 41 74346874
25 51 74346874
25 56 74346874
25 42 74346874
25 121 74346874
112 81 74343909
112 113 74343909
111 83 74343065
122 25 74337252
112 43 74334860
82 0 74326967
82 58 74326967
103 73 74326330
93 112 74315750
5 94 74250753
26 81 74168050
112 123 74157954
82 55 74087523
100 59 74085985
112 123 74081282
120 124 74081237
58 95 74074676
58 2 74074676
112 113 74073259
93 113 74072767
20 23 74071416
11 8 74065686
11 17 74065686
37 131 74064856
85 78 74059094
111 52 74020000
26 100 74011406
112 81 74004753
112 113 74004753
90 65 74001862
81 129 74000481
131 80 73999451
120 85 73997547
26 98 73996212
26 30 73996212
26 31 73996212
45 68 73992003
41 132 73988341
41 57 73988341
71 44 73987517
125 38 73981804
125 36 73981804
78 85 73979012
111 129 73976450
25 51 73976103
25 75 73976103
25 42 73976103
2 44 73975817
5 113 73975731
112 113 73918527
112 93 73914971
120 37 73909567
132 52 73905677
131 119 73905064
131 119 73902966
5 70 73897212
2 44 73895382
125 41 73888856
44 58 73875161
113 93 73870047
123 105 73839573
112 113 73815517
19 9 73752447
93 112 73742381
112 123 73740913
112 113 73740619
78 25 73735752
25 56 73735079
93 112 73732216
88 107 73731014
112 93 73730554
44 82 73724965
44 3 73724965
8 15 73723591
68 45 73722363
44 88 73718932
15 13 73713990
93 113 73674357
100 59 73480765
82 3 73479066
82 58 73479066
25 57 73460758
8 11 73456691
112 113 73451447
113 93 73397990
93 26 73395503
125 36 73392913
25 56 73382960
25 101 73382960
26 76 73378389
26 60 73378389
111 78 73374902
25 51 73368155
25 136 73368155
73 129 73324334
120 124 73304719
93 5 73295725
62 42 73291709
85 112 73291511
68 137 73290444
93 112 73288005
112 123 73286338
68 32 73282895
93 123 73282297
8 13 73280809
93 112 73236506
93 113 73236506
19 17 73230011
25 56 73223433
93 113 73211638
93 113 73210939
113 112 73210673
25 121 73208037
11 8 73141301
73 123 73130229
73 106 73130229
112 81 73117950
112 93 73116371
112 123 73024651
112 81 73024651
44 2 72884528
66 87 72880148
19 9 72877015
18 22 72872056
44 70 72871080
44 58 72871080
113 112 72868405
44 0 72860610
93 113 72806409
87 66 72796997
82 58 72791674
93 113 72787811
15 6 72780803
13 17 72779476
62 60 72779371
82 55 72773748
15 6 72766820
100 63 72762086
81 112 72710132
131 115 72709491
70 73 72708303
62 77 72707459
66 84 72704943
25 51 72700689
25 56 72700689
15 13 72695372
93 113 72692370
62 77 72692021
1 138 72689691
1 48 72689691
119 124 72687386
6 13 72675502
15 6 72673352
112 93 72648265
112 113 72625987
93 70 72622978
93 123 72622978
18 73 72615103
18 9 72615103
20 23 72609364
25 56 72605670
25 43 72605670
25 42 72605670
25 57 72605670
25 121 72605670
62 53 72598372
97 96 72596727
93 81 72592241
30 73 72588906
22 13 72586768
20 23 72584588
112 93 72543632
112 113 72543632
85 120 72538103
25 24 72537401
82 55 72530763
82 78 72530763
125 41 72528162
125 51 72528162
125 57 72528162
125 25 72528162
112 113 72526898
112 93 72524531
78 55 72523856
93 112 72521815
18 107 72515112
130 92 72513873
113 123 72509959
113 123 72509302
8 13 72503179
104 106 72498850
93 5 72442871
106 105 72356464
106 129 72356464
13 15 72340244
104 107 72277462
131 37 72273107
131 37 72272544
131 37 72268669
93 5 72266780
123 103 72260260
113 123 72247020
106 103 72243689
106 43 72243689
106 88 72243689
103 73 72243293
20 23 72240662
20 23 72239478
106 50 72176245
106 64 72176245
106 33 72176245
106 68 72176245
106 123 72176245
106 30 72176245
106 137 72176245
106 25 72176245
106 84 72176245
106 85 72176245
106 107 72176245
106 88 72176245
106 38 72176245
106 36 72176245
113 112 72154906
112 113 72114072
18 107 72102041
68 32 72101746
30 26 72086079
78 55 72082347
25 42 72080640
25 136 72080640
20 23 72072902
15 17 72068466
112 113 72023325
93 112 72022917
93 112 72022273
93 113 72022190
25 51 72019612
25 57 72019612
25 75 72019077
25 56 72019077
25 42 72019077
25 57 72019077
104 106 72006541
82 55 72005128
49 91 71999616
93 112 71994867
78 55 71991625
44 3 71991285
78 131 71991191
93 5 71987426
111 95 71985495
100 26 71984655
5 112 71984300
15 19 71983752
15 17 71983752
131 119 71949420
26 28 71934740
26 100 71934740
55 78 71925006
123 104 71916937
15 9 71914244
111 95 71911580
111 79 71911580
2 82 71901572
15 19 71896416
15 17 71896416
123 113 71823841
87 66 71754761
123 106 71681333
93 123 71652472
26 28 71648883
26 30 71648883
131 37 71648671
11 13 71647603
6 8 71645146
6 11 71645146
68 45 71644113
13 17 71641482
93 113 71592024
74 92 71587632
131 37 71574745
78 55 71567551
29 91 71554772
111 78 71504459
33 6 71494729
62 42 71473293
119 56 71473200
100 59 71462275
123 106 71458022
70 4 71417393
70 2 71417393
78 120 71408635
11 17 71407657
131 37 71406806
8 13 71388752
8 9 71388752
13 11 71384418
49 97 71382744
43 54 71380263
93 123 71378489
123 73 71377377
123 105 71377377
123 81 71377377
93 112 71376992
33 6 71330248
33 11 71330248
33 17 71330248
44 82 71325687
111 78 71321439
93 113 71313781
37 131 71311172
37 131 71305281
25 57 71300242
25 121 71300242
131 37 71299568
93 112 71291446
93 113 71243845
93 113 71242029
93 5 71237636
52 115 71066281
100 28 71053871
85 81 71051459
25 75 71048347
25 136 71048347
131 3 71044480
100 28 70983302
100 28 70975756
13 11 70973459
62 35 70970587
123 93 70962101
93 112 70955352
13 8 70953975
93 112 70952558
112 5 70898700
70 71 70892074
70 94 70892074
78 55 70890843
68 32 70885323
77 64 70884756
5 105 70882647
93 112 70863233
123 112 70862218
93 112 70860755
26 27 70812034
13 17 70809629
112 104 70809592
25 75 70795110
25 42 70795110
112 93 70784830
112 123 70784830
141 22 70779192
141 85 70779192
141 9 70779192
35 55 70777700
82 58 70719688
74 92 70716083
78 2 70697714
73 88 70695335
78 55 70694483
82 2 70691421
8 11 70689480
139 76 70624491
11 17 70449782
87 66 70449128
6 8 70447530
6 11 70447530
22 33 70446998
22 20 70446998
22 23 70446998
22 20 70442993
22 9 70442993
22 17 70442993
19 17 70430655
13 8 70392376
13 17 70376039
19 22 70374461
19 9 70374461
71 5 70364836
18 107 70355480
82 58 70350480
78 55 70347908
141 43 70284850
141 129 70284850
123 112 70284339
90 72 70280400
90 102 70280400
141 103 70279138
141 123 70279138
141 43 70279138
141 106 70279138
25 43 70276100
25 136 70276100
20 23 70273702
92 74 70269815
131 37 70266522
82 3 70262686
78 55 70261759
13 17 70258751
85 37 70254320
86 87 70236974
15 9 70206481
37 85 70198419
25 51 70189442
19 11 70185681
30 36 70184207
20 23 70177857
26 27 70168815
112 113 70164360
112 113 70152600
100 63 70119684
25 56 70116991
25 43 70116991
25 57 70116991
81 26 70116642
139 128 70116458
2 44 70115142
11 17 70110572
82 2 70109722
13 11 70106076
13 23 70101552
25 75 70092606
25 101 70092606
112 81 70090802
25 121 70088395
43 51 70081012
112 113 70076940
112 81 70072800
5 70 70007425
131 55 69856606
16 13 69856011
13 9 69853554
13 11 69852681
78 37 69848685
55 78 69842119
78 55 69841917
22 12 69836749
22 17 69836243
6 17 69834618
13 8 69833253
9 112 69772740
82 3 69769266
112 93 69765288
112 93 69749653
112 73 69749653
44 58 69747888
123 104 69738855
123 93 69738367
112 113 69691796
78 55 69680836
43 25 69679028
112 28 69673740
44 3 69664169
37 78 69661317
112 81 69604532
112 113 69593700
117 74 69580827
139 137 69570998
139 60 69570998
43 121 69568365
43 25 69568365
100 28 69566638
111 95 69506816
123 113 69478898
112 73 69318040
112 81 69301320
112 113 69260160
19 17 69253012
82 2 69249943
11 8 69229779
11 17 69229779
139 60 69225226
68 31 69222144
44 2 69221903
112 113 69211860
44 82 69168681
131 55 69146511
139 113 69137700
94 129 69137378
68 45 69135535
68 137 69135535
19 9 69080676
125 34 69068901
70 82 69058307
70 3 69058307
100 92 69039559
19 9 68997600
139 60 68992469
37 120 68988085
43 42 68986840
112 85 68979118
70 44 68974528
68 32 68967950
26 139 68912449
25 75 68905690
25 51 68887862
25 43 68887862
25 136 68887862
25 139 68887862
25 122 68887862
112 22 68887500
112 85 68883240
85 112 68882400
104 113 68881717
112 113 68880180
112 85 68875980
112 81 68665440
112 113 68665440
112 81 68647482
6 8 68640590
82 2 68624337
8 11 68624202
8 17 68624202
82 131 68563657
82 58 68558418
70 71 68553550
71 4 68539725
70 2 68535062
88 81 68481227
78 131 68475007
82 0 68474031
136 95 68469141
68 45 68457310
43 85 68450320
131 37 68449099
43 121 68441381
30 36 68439661
30 36 68439481
112 113 68435580
112 113 68399580
139 69 68378040
113 112 68372700
100 28 68354809
113 112 68336700
112 113 68323380
112 113 68309340
44 2 68308986
113 112 68271540
15 19 68268405
112 113 68266980
112 113 68046540
55 131 68020769
113 112 68010900
112 113 68007660
66 87 67962416
88 81 67952160
19 8 67946673
19 9 67946673
44 3 67934708
112 113 67929720
26 30 67926475
100 59 67919309
112 113 67917780
78 55 67776214
100 28 67764929
8 11 67758281
112 113 67697460
82 0 67684630
13 8 67672512
3 0 67665675
102 92 67617883
92 90 67451062
11 8 67414642
15 8 67412953
82 2 67412244
82 55 67407849
131 37 67347938
5 70 67332122
26 89 67324786
4 71 67322913
100 59 67266366
36 125 67258387
66 109 67246488
66 114 67246488
92 66 67193434
139 62 67149544
81 73 67091460
43 51 67087457
81 71 67073510
112 113 67061940
111 52 67059917
111 36 67059917
81 29 67055460
112 113 66875940
1 126 66828174
11 8 66805788
112 113 66745680
66 87 66738209
112 113 66733800
112 22 66729060
112 85 66729060
112 17 66729060
21 1 66726595
92 130 66662992
112 113 66642420
82 58 66639109
18 8 66634258
37 115 66575736
139 59 66567868
131 4 66565838
115 37 66561383
112 22 66554880
139 69 66544465
139 45 66544465
92 74 66488979
92 130 66488979
37 120 66479679
112 113 66470400
130 90 66469317
11 13 66457401
11 8 66457401
139 60 66211978
139 59 66206184
139 100 66206184
143 144 66177960
143 144 66094860
143 131 66093300
19 15 66070380
13 11 66026219
49 96 65968349
49 91 65968349
49 97 65968349
26 30 65966389
19 9 65959260
77 64 65957271
49 97 65945048
112 113 65758440
91 111 65624344
91 83 65624344
17 20 65599154
143 131 65569980
19 9 65556540
91 40 65541739
100 59 65520513
82 2 65518560
82 2 65494080
61 73 65490780
82 2 65490180
19 9 65470800
92 130 65452670
26 30 65450352
116 26 65448908
2 82 65412900
4 131 65409660
143 144 65403900
4 90 65397780
19 15 65371260
6 8 65364052
98 29 65358790
40 111 65356010
81 29 65348078
3 58 65339700
44 129 65338380
44 81 65338380
18 20 65334284
145 3 65331480
131 144 65325360
58 44 65321100
0 82 65317260
0 3 65317260
82 58 65316120
2 3 65315220
85 37 65272320
2 82 65263320
26 36 65262471
26 30 65262361
0 2 65245200
0 3 65245200
55 2 65243340
131 144 65242320
37 120 65041200
85 37 65024400
91 83 65024184
103 141 65019888
138 38 65005921
37 78 65003040
11 13 64989756
11 8 64989756
112 113 64981560
3 55 64979940
3 0 64979940
72 135 64978195
37 85 64923540
112 113 64919820
15 19 64912260
95 91 64901235
145 2 64898280
116 81 64898221
112 113 64890180
26 30 64854910
95 50 64846892
2 82 64823580
0 55 64820160
0 58 64820160
113 112 64810320
37 85 64805820
145 71 64797180
26 28 64770341
85 37 64767300
85 37 64765200
112 113 64756620
15 8 64754340
112 113 64752780
2 0 64744920
15 9 64738860
112 113 64733700
61 81 64733040
125 54 64732363
125 36 64732363
116 30 64728947
116 36 64728947
0 3 64727640
145 71 64723320
112 113 64718460
91 79 64414626
29 98 64407329
29 81 64407329
29 36 64407329
136 25 64385697
145 2 64366440
50 95 64320310
116 36 64318911
136 95 64308931
131 38 64307292
2 3 64306620
3 145 64300500
131 55 64289280
0 3 64285800
0 82 64285500
0 3 64285500
66 87 64239804
113 112 64232700
37 78 64225440
107 129 64220032
112 104 64217820
112 113 64213320
112 104 64213080
2 3 64208940
112 113 64202400
37 120 64162080
91 79 64157509
18 22 64144440
116 62 64139216
116 68 64139216
116 98 64139216
116 35 64139216
116 84 64139216
116 31 64139216
116 87 64139216
116 127 64139216
52 7 64135724
95 91 64134250
91 95 64133579
95 91 64133365
91 40 64133255
0 2 64130760
90 4 64125120
97 75 64123526
143 131 64113960
85 37 64099860
71 58 64084800
37 85 64067759
145 2 64052880
83 79 64045049
94 105 64039452
112 113 64036800
0 55 64029600
86 135 63860943
131 55 63805932
112 24 63791854
112 113 63789900
57 41 63787025
3 2 63779820
4 90 63776820
55 2 63776700
112 9 63773820
37 120 63725580
113 98 63720463
37 85 63720000
113 105 63707160
113 18 63707160
113 98 63702420
22 71 63701700
22 105 63701700
113 107 63689214
3 2 63688440
3 145 63688440
58 0 63687480
2 3 63676080
61 81 63672720
2 55 63608700
145 71 63607260
2 0 63592020
2 145 63592020
0 2 63591240
0 3 63591240
119 131 63587160
71 110 63559920
79 40 63549420
112 113 63539580
58 82 63523200
112 113 63514680
145 71 63511740
18 20 63469080
57 25 63468540
112 17 63453660
58 82 63435060
78 85 63426480
111 83 63203160
78 37 63187020
78 37 63185340
131 119 63183000
36 38 63180938
112 113 63177420
4 71 63174360
62 42 63168240
62 31 63168240
119 120 63163980
1 49 63129780
49 38 63117660
1 138 63114600
8 6 63111009
58 82 63102120
146 48 63099420
138 95 63038220
58 82 63014640
1 21 63005880
131 144 63004740
131 37 63004440
58 111 63004440
111 78 63003720
38 138 62997420
38 49 62949420
116 73 62936380
37 85 62932200
112 113 62922600
38 49 62913420
55 2 62912520
4 71 62907180
58 2 62905500
57 56 62875260
81 73 62856780
81 4 62856780
116 85 62824776
58 82 62819580
58 82 62818020
145 2 62812200
57 41 62608020
57 139 62601720
111 83 62590740
57 41 62572740
57 139 62570580
78 85 62558760
112 113 62554800
111 78 62554260
25 56 62511780
9 81 62506920
141 120 62487540
57 56 62426160
116 38 62424560
116 28 62424128
116 98 62424128
116 98 62422995
116 35 62422995
116 81 62422995
1 21 62421960
117 63 62404440
61 113 62396220
1 21 62393520
92 74 62334840
92 130 62334720
104 112 62329080
111 83 62325840
116 77 62324162
0 58 62322660
58 82 62322540
58 82 62321160
92 117 62313480
47 110 62313180
120 56 62307240
120 25 62307240
145 2 62305680
4 90 62304300
145 2 62303100
90 4 62302620
2 3 62300100
0 145 62291700
104 113 62282700
136 109 62267340
81 85 62266560
22 9 62255500
22 139 62255500
81 27 62248602
81 28 62248602
116 73 62239446
116 29 62239446
3 2 62236080
143 144 62225940
120 37 62222220
143 120 62211780
111 83 62208240
72 102 62188260
72 135 62159580
112 104 62047860
92 74 62024220
74 92 62017560
1 138 62015820
1 126 62004060
138 79 61990800
1 138 61979820
112 113 61978680
58 71 61974660
92 130 61973820
138 79 61954800
4 71 61947780
4 90 61947000
90 4 61942260
25 139 61907580
139 22 61902859
58 82 61891080
4 90 61886820
139 22 61885425
116 73 61879493
112 113 61875720
117 109 61871700
131 144 61869900
112 113 61867080
117 102 61856820
40 95 61834740
4 71 61828500
116 111 61821938
139 11 61813974
139 17 61813974
139 11 61811610
107 73 61810873
4 71 61808100
1 21 61807860
3 2 61807080
58 82 61802940
112 104 61802460
2 0 61800660
40 111 61798740
104 112 61796520
92 130 61795080
2 3 61792080
145 2 61791480
0 3 61785840
2 3 61784040
0 145 61771680
131 55 61727039
57 139 61726800
37 120 61721640
2 131 61696800
37 55 61692360
57 41 61690800
57 56 61690800
145 0 61687020
2 0 61686660
88 81 61660860
116 85 61660580
38 39 61655040
38 48 61655040
116 85 61652033
38 1 61650660
121 136 61648820
78 2 61635060
4 90 61632840
18 20 61629600
88 81 61624860
58 0 61621380
58 3 61621380
38 126 61619040
38 21 61619040
145 0 61617300
145 3 61617300
58 55 61617180
116 111 61617088
38 48 61614660
0 2 61614480
145 3 61614240
4 90 61613940
145 2 61613820
18 20 61599060
78 2 61599060
116 73 61573623
11 6 61395194
11 6 61372904
11 17 61372904
3 55 61371660
2 78 61369740
1 38 61318020
58 82 61278360
116 81 61273268
8 6 61215484
131 78 61210080
91 49 61197000
23 11 61193334
0 55 61176540
0 58 61176540
131 78 61173720
3 0 61167000
3 145 61167000
6 11 61128899
122 42 61100580
58 145 61100040
117 63 61089660
0 2 61088100
92 74 61069500
55 143 61066500
55 78 61066500
40 83 61039440
112 113 61023840
2 145 61019160
145 58 61018560
113 112 61017480
145 0 61015800
37 85 61013520
112 6 61004760
112 11 61004760
112 17 61004760
40 83 61003440
2 145 61001820
37 85 61000680
85 37 61000320
3 2 60997740
116 113 60943401
92 130 60799800
113 112 60766020
139 22 60759180
139 17 60759111
11 6 60756496
0 3 60753540
0 145 60753540
58 82 60748320
37 85 60718560
92 66 60706320
37 85 60697800
139 136 60691980
37 85 60682560
139 22 60671109
57 41 60656760
57 25 60644340
88 29 60633900
88 81 60607080
88 29 60597900
112 113 60596160
3 58 60587040
111 78 60585600
145 3 60582660
2 3 60582120
144 2 60573720
131 143 60573000
111 78 60570960
2 0 60570960
2 145 60570960
74 130 60551460
6 11 60508832
4 90 60506880
57 56 60493020
112 113 60490020
79 40 60487920
131 144 60486180
85 37 60484740
37 85 60482100
144 48 60480480
37 85 60480120
139 11 60438983
91 40 60426780
85 37 60416520
58 3 60414000
112 113 60413460
71 145 60400620
71 145 60336060
116 77 60275649
112 113 60265380
112 107 60150180
112 113 60143640
113 112 60141900
0 2 60140040
37 120 60136860
37 119 60136860
55 143 60131760
25 81 60130080
0 2 60075060
3 2 60066000
3 145 60066000
112 113 60064440
2 78 60048360
112 113 60009960
88 81 59996460
143 78 59993940
0 2 59988300
0 2 59984580
83 40 59982780
37 120 59981760
37 119 59981760
112 113 59981100
113 112 59968920
57 142 59953080
22 17 59902320
58 82 59878500
2 145 59872020
73 81 59829420
78 143 59817960
143 144 59806440
71 94 59797500
131 78 59794860
88 81 59587620
78 143 59568660
116 73 59566491
9 13 59553840
9 149 59553840
9 113 59553840
11 8 59553837
94 71 59551980
40 79 59545740
40 83 59545740
131 78 59542620
117 109 59541780
40 95 59540400
40 111 59540400
40 79 59540400
37 126 59534520
131 55 59532120
0 3 59530500
0 58 59530500
0 145 59530500
95 111 59529780
95 79 59529780
95 83 59529780
37 85 59527200
131 78 59505240
117 92 59469540
78 143 59462160
117 92 59455080
2 0 59443440
143 78 59438880
58 82 59438340
85 37 59436420
112 113 59395620
55 131 59383980
55 131 59383860
22 17 59381880
37 85 59380260
139 8 59379573
139 17 59379573
143 131 59378340
55 78 59375580
0 2 59366100
37 95 59360880
3 58 59354520
18 38 59328300
55 143 59306580
139 17 59302576
139 6 59302405
143 131 59300760
143 78 59300760
58 82 59291760
139 17 59290366
37 126 59285160
131 37 59283060
119 120 59276460
58 2 59274180
112 113 59268840
120 37 59265180
55 131 59264520
55 131 59262900
143 131 59261160
11 17 59208589
11 139 59208589
0 2 59202900
0 145 59202900
117 92 59185680
57 122 59179380
143 131 59176980
112 113 58958520
112 113 58955580
6 19 58954471
131 144 58954380
58 82 58954020
0 145 58948920
11 6 58948337
117 130 58941540
112 22 58938060
112 139 58938060
95 91 58937280
149 112 58928220
149 92 58928220
92 130 58918140
22 139 58869720
143 78 58864140
112 113 58863900
85 37 58863600
82 58 58854480
145 2 58850760
2 3 58837860
92 66 58834800
92 117 58834800
112 113 58784580
58 82 58780260
112 113 58753740
1 126 58745520
22 139 58712580
111 83 58709460
57 147 58697580
2 145 58692180
58 3 58690680
25 51 58689660
58 111 58685460
145 2 58674360
112 113 58670340
145 58 58669020
57 41 58657980
57 142 58657980
111 83 58657980
57 136 58657980
57 122 58657980
25 122 58623060
58 82 58607520
37 131 58605660
81 53 58603200
112 113 58591380
117 92 58578240
71 58 58434360
11 6 58344970
11 8 58344970
11 17 58344970
58 0 58339740
116 81 58339405
58 71 58264980
112 113 58263960
145 2 58259940
145 0 58259940
145 2 58253520
145 2 58240680
145 0 58240680
145 2 58238280
112 113 58234920
58 0 58234380
117 140 58231440
6 11 58203438
112 113 58174260
78 143 58171320
78 143 58168260
144 58 58167120
1 138 58152540
131 55 58152480
144 131 58149420
112 113 58098360
143 78 58095900
131 144 58090380
0 78 58082760
144 131 58080840
3 2 58076160
112 113 58069020
112 113 58065000
112 104 58062960
112 113 58062600
78 85 58058880
92 102 58051800
58 0 58001280
58 3 58001280
143 78 57997740
1 21 57995700
112 113 57987480
25 57 57981540
112 113 57980820
112 113 57979200
149 24 57975180
1 47 57816240
112 113 57811140
112 113 57810960
88 81 57783180
58 82 57744360
3 2 57737220
0 55 57731640
0 145 57731640
3 55 57731340
3 58 57731340
71 94 57725520
22 139 57656940
2 0 57654960
117 66 57648180
112 113 57638520
37 85 57635520
143 144 57622740
139 8 57587556
145 0 57552120
131 143 57544380
58 82 57540420
112 113 57481140
85 78 57472860
117 66 57463740
112 113 57461880
112 24 57461880
58 145 57461400
37 120 57454680
95 40 57451680
111 73 57449760
117 66 57399120
131 143 57396660
112 24 57395220
22 15 57394560
22 6 57394560
58 0 57377700
58 3 57377700
58 145 57377700
25 142 57325980
25 142 57225900
25 136 57225900
25 122 57225900
107 9 57152802
58 82 57139740
126 37 57129900
2 3 57108420
58 0 57103800
58 145 57103800
149 25 57052680
145 3 57050040
117 66 57048660
117 114 57048660
117 24 57048660
142 25 57045540
92 117 57045300
88 73 57035040
145 2 57034860
66 117 57029220
41 139 57029040
0 2 57025740
55 0 57017040
61 111 56966700
117 87 56966640
112 24 56965560
2 145 56964480
2 145 56964300
57 139 56962620
112 139 56962320
112 17 56961120
112 113 56945280
117 84 56944200
117 24 56944200
51 57 56930160
112 22 56888640
111 95 56885160
58 2 56874900
116 85 56873376
112 113 56873340
91 95 56867460
112 24 56856180
0 2 56854920
120 37 56852820
145 0 56849100
143 78 56846940
25 136 56815680
9 33 56785027
0 2 56775360
91 95 56767320
116 111 56734500
22 9 56557368
42 81 56552460
20 23 56538840
38 47 56530020
58 29 56530020
143 131 56529840
112 24 56528160
57 142 56526240
57 136 56526240
116 62 56477518
0 2 56439600
22 139 56439180
92 117 56429520
2 0 56420220
116 111 56386856
58 82 56360820
57 41 56355660
57 64 56344920
0 58 56342400
131 144 56338440
116 73 56299626
139 17 56286300
112 24 56283120
112 113 56280360
112 24 56280360
112 104 56279340
112 113 56275860
149 42 56268840
149 25 56268840
149 107 56268840
112 113 56268300
112 113 56258220
41 57 56246520
116 111 56184769
22 139 55953540
112 113 55943460
112 24 55943460
112 113 55942740
99 139 55901880
112 113 55898520
91 83 55888920
11 6 55875240
17 6 55855320
112 104 55848420
112 71 55843080
2 0 55841460
55 2 55839600
58 2 55833240
149 25 55832280
11 6 55832040
11 8 55832040
11 17 55832040
149 112 55829520
149 42 55829520
149 24 55829520
149 112 55827360
149 25 55827360
149 24 55827360
111 29 55826160
112 113 55821900
2 58 55819500
112 139 55814340
149 112 55813980
58 0 55813860
58 145 55813860
112 113 55810080
112 113 55809540
112 113 55761720
22 6 55753860
131 143 55752840
0 55 55752780
0 145 55752780
47 110 55748640
92 66 55747020
58 0 55733100
58 2 55668540
58 4 55666920
2 58 55665360
58 3 55663860
57 41 55661520
22 9 55647300
22 139 55647300
57 41 55645980
111 83 55584000
112 113 55575720
58 2 55570260
58 0 55570260
58 3 55570260
58 3 55560120
2 3 55558860
41 57 55558680
0 58 55555260
148 63 55549800
148 72 55549800
148 74 55549800
148 109 55549800
148 90 55549800
38 126 55548780
72 74 55498920
72 102 55498920
72 90 55498920
131 143 55325400
2 58 55322820
120 85 55318260
117 92 55311480
91 111 55307340
112 113 55299600
58 82 55236300
22 139 55234860
61 111 55231920
112 113 55229880
2 3 55227240
41 56 55222380
57 56 55221960
92 117 55215540
149 112 55214040
149 113 55214040
112 24 55166220
117 24 55148880
2 55 55145400
2 3 55144920
1 138 55144020
91 111 55131240
2 0 55123680
2 0 55121940
112 113 55087560
139 11 55079640
25 56 55066800
112 113 55051080
139 11 55036440
41 57 55032720
1 49 54977100
111 79 54963180
2 3 54960360
58 145 54954720
112 113 54953700
113 112 54948000
113 149 54948000
111 83 54943380
112 113 54829020
112 24 54829020
149 25 54757380
149 107 54757380
149 24 54757380
11 8 54740280
11 17 54740280
88 49 54720000
131 143 54706260
143 78 54696660
22 139 54686940
22 23 54685320
2 145 54639780
149 42 54630600
149 113 54630600
139 17 54629340
58 145 54628380
22 120 54624000
22 17 54623100
143 131 54615540
131 144 54611040
149 42 54603360
149 113 54603360
0 145 54600600
2 3 54534360
117 87 54531900
58 82 54519780
58 3 54516900
107 88 54498660
82 71 54458520
143 131 54453240
22 9 54449520
22 139 54449520
41 57 54448620
57 41 54445800
57 41 54445020
149 42 54429300
149 25 54429300
112 113 54373620
120 37 54347880
22 139 54288120
148 112 54106680
148 149 54106680
58 55 54104160
117 92 54102600
92 117 54099420
112 113 54096900
112 24 54023400
2 3 54020880
136 95 54010080
136 41 54010080
136 75 54010080
136 56 54010080
57 51 54006840
112 113 54000900
22 139 53996340
22 33 53994780
58 2 53938200
58 145 53938200
112 113 53935920
11 6 53931000
58 2 53912340
25 57 53871480
11 6 53865000
2 0 53858640
58 145 53854380
112 113 53854200
112 24 53854200
2 3 53852340
139 112 53851980
2 3 53845620
112 24 53832060
11 6 53821800
61 88 53770560
113 112 53769720
22 6 53753100
22 17 53753100
81 29 53751000
81 88 53749500
38 132 53738280
139 11 53506020
11 6 53498640
143 122 53497980
58 0 53481180
9 112 53408940
2 3 53399460
111 61 53343300
22 139 53329800
58 82 53318880
149 112 53314860
112 113 53272980
99 139 53211300
22 139 53137320
113 112 53067000
112 113 52913640
131 143 52907580
55 131 52871160
2 145 52815180
139 9 52810260
55 131 52809480
112 24 52796640
112 149 52792680
122 57 52792560
58 82 52731360
143 131 52725780
111 83 52697700
112 113 52665060
25 57 52639140
143 78 52615860
55 143 52607940
112 113 52578180
2 3 52563840
143 78 52554840
4 71 52543380
122 57 52541640
131 143 52302840
22 139 52298760
139 11 52293600
58 82 52291440
92 130 52269240
0 3 52267620
0 58 52267620
0 145 52267620
58 0 52203660
58 3 52199220
58 145 52199220
58 82 52187520
111 95 52123500
112 113 52118760
2 0 52115220
112 24 52109880
112 113 52109220
112 24 52105560
2 58 52044120
112 113 52041660
58 2 52041120
58 82 52039920
92 66 52029540
92 87 52029540
113 104 52018980
11 6 52012800
11 17 52012800
22 19 51965880
112 149 51677040
2 0 51612840
37 131 51609780
22 17 51579420
2 145 51577440
68 76 51522360
58 82 51505140
22 9 51500580
25 142 51489780
112 149 51442680
112 148 51428880
21 1 51415320
112 9 51414840
112 148 51414240
112 149 51414240
2 0 51065340
112 113 51011220
117 66 51006420
6 11 50990520
112 113 50979540
57 64 50914320
2 3 50905620
55 143 50905380
112 148 50900820
58 2 50897640
112 113 50896560
120 37 50889600
2 0 50886540
2 3 50886540
113 112 50838120
113 112 50837640
37 143 50835000
88 49 50811660
22 139 50802660
22 18 50802420
112 113 50752500
58 29 50739720
149 112 50736540
122 56 50731080
112 148 50730900
91 49 50730060
73 81 50718480
37 120 50718420
37 120 50487720
58 81 50475360
113 112 50472540
22 9 50457420
112 113 50409900
47 48 50393520
148 109 50389860
148 24 50389860
148 86 50389860
148 78 50378520
148 24 50378520
143 144 50377860
58 2 50375760
37 12 50342700
25 56 50330220
112 149 50320920
104 33 50315820
104 105 50315820
104 61 50315820
104 33 50315700
104 105 50315700
37 120 50315400
92 87 50310540
18 9 50296020
2 3 50294160
104 141 50291820
9 18 50291760
112 113 50291400
2 55 50288100
148 63 50283600
148 117 50283600
148 84 50283600
112 113 50233140
112 113 50232780
29 111 50224440
104 81 50217600
104 106 50217540
104 18 50217540
104 107 50217480
112 113 50217180
81 73 50212320
3 78 50207820
8 9 50206020
8 9 50204940
113 112 50204160
112 113 50203800
133 34 50202360
149 113 50201700
122 125 50201400
9 17 50199060
0 3 50197860
149 109 50196480
0 2 50196240
117 72 50196060
2 3 50141880
1 126 50135640
148 112 50134560
149 66 50129100
149 9 50129100
139 91 50126640
92 66 50125740
68 76 50119680
68 137 50119680
2 0 50119140
149 112 50118720
112 113 50115180
58 2 50113020
0 145 50112780
2 3 50111700
0 2 50109240
2 58 50107740
37 120 49880220
94 71 49879320
139 9 49874700
139 11 49870860
58 2 49867260
9 17 49856880
11 6 49848780
18 9 49846440
88 81 49799760
81 88 49791060
139 9 49788960
112 9 49788600
139 91 49782480
21 1 49772580
0 2 49771980
0 2 49769880
82 58 49769640
131 144 49710180
2 3 49698960
143 41 49697820
9 17 49687440
2 0 49686480
41 57 49685460
2 0 49680900
149 112 49677900
104 73 49676100
58 0 49618560
8 11 49607160
149 71 49600500
58 144 49590660
58 2 49590540
9 33 49554420
9 8 49554420
9 17 49554420
112 113 49541400
0 58 49529760
1 21 49529160
1 138 49527660
148 149 49527480
23 20 49525080
11 6 49523040
112 113 49521300
0 2 49507860
22 139 49501800
112 149 49277040
112 113 49277040
112 24 49277040
58 82 49272360
0 55 49270380
104 33 49267740
104 141 49267740
6 11 49255380
112 113 49197840
8 6 49185720
8 17 49185720
58 0 49182960
113 112 49181100
113 112 49180680
112 113 49180440
2 3 49179240
148 113 49172400
112 113 49170120
112 113 49168320
139 8 49165020
25 136 49122060
25 136 49121640
2 3 49097520
68 76 49092240
23 20 49086840
23 18 49086840
58 2 49075380
17 22 49074660
139 79 49074360
117 92 49072980
23 20 49019880
2 3 49017480
117 92 49014660
1 21 49014240
112 149 49003740
2 0 49003260
9 33 49001940
9 18 49001940
9 17 49001940
11 17 48994020
149 109 48993420
22 17 48989040
58 3 48987720
22 17 48987120
2 3 48984720
38 1 48939240
38 40 48936600
88 81 48931440
58 144 48927000
58 2 48925080
149 24 48912840
58 81 48909540
22 139 48852180
114 102 48837120
112 149 48493980
149 112 48480240
145 4 48479640
139 22 48476400
112 113 48471960
149 113 48403920
149 112 48401280
55 143 48397440
148 113 48394920
148 24 48394920
148 149 48390000
139 6 48388500
139 8 48388500
139 11 48388500
68 76 48387780
68 45 48387780
126 38 48379560
112 24 48331800
112 113 48325260
22 33 48305700
22 6 48305700
22 9 48305700
22 17 48305700
22 139 48305700
82 58 48300720
68 76 48291720
1 21 48222720
58 82 48214920
140 102 48084720
148 24 48063780
112 149 48055140
56 51 48049140
56 147 48049140
148 72 48047340
148 78 48047340
148 102 48047340
34 143 47972280
0 2 47970720
99 75 47970300
2 0 47966340
112 149 47964780
0 55 47962380
0 2 47962380
0 2 47961360
0 3 47961360
122 25 47961120
145 2 47957940
92 66 47951220
92 87 47951220
143 144 47944920
112 148 47901840
41 57 47892900
144 143 47892360
58 3 47890380
82 0 47889900
11 8 47885700
6 22 47883480
58 82 47879700
58 144 47879700
41 57 47871300
9 22 47863860
58 3 47861520
41 57 47860500
20 23 47859300
117 87 47807700
126 37 47805600
58 0 47801040
57 41 47799120
57 122 47799120
61 88 47793300
81 94 47793000
143 34 47791440
57 122 47788680
58 2 47782560
112 113 47782440
68 45 47781720
68 137 47779620
2 0 47777940
58 82 47774040
143 34 47772780
37 120 47725740
92 66 47721480
92 87 47721480
92 66 47718120
82 58 47714880
94 71 47712180
18 73 47711040
9 22 47709840
58 2 47696400
18 23 47438460
112 113 47384640
61 105 47366880
11 6 47361360
145 2 47348160
0 58 47344260
6 11 47343420
148 130 47282040
148 84 47282040
148 24 47282040
148 87 47282040
139 22 47269620
148 112 47265420
122 142 47264700
148 112 47254740
112 149 47206740
139 17 47201400
29 58 47201280
149 24 47199060
91 95 47198280
58 82 47197620
58 144 47197620
112 113 47195940
8 6 47191320
112 113 47190720
112 113 47188320
149 64 47172660
149 113 47172660
143 85 47172060
25 57 47135340
58 144 47115480
112 149 47113080
85 143 47111640
139 6 47110380
112 149 47100540
149 112 47099340
149 112 47092440
149 148 47092440
58 144 46858740
58 2 46856820
58 3 46856820
85 143 46854420
11 6 46853160
22 9 46848060
22 23 46825440
2 0 46770660
139 95 46753080
0 3 46743840
0 145 46743840
91 95 46738680
1 38 46736820
58 2 46673520
13 11 46671840
139 136 46669980
131 144 46661700
41 57 46660320
0 58 46652280
58 29 46596900
112 113 46596780
58 0 46592100
82 0 46591920
148 74 46585200
148 84 46585200
143 131 46583880
58 3 46580220
58 145 46580220
131 143 46576980
8 17 46570680
8 139 46570680
22 9 46570140
41 57 46564440
58 82 46510620
11 13 46497540
41 57 46486140
2 145 46485600
0 2 46484820
0 58 46484820
143 144 46482840
37 120 46482600
139 136 46481460
113 112 46354860
112 113 46346160
58 82 46252380
47 110 46244100
37 120 46241100
0 55 46239960
0 2 46239960
58 144 46229340
23 20 46228440
9 13 46228320
9 17 46228320
9 12 46228320
149 112 46227660
58 144 46222440
71 145 46164240
6 15 46141260
143 144 46138740
58 81 46138440
58 82 46134240
58 144 46081680
8 22 46069380
8 11 46069380
8 17 46069380
38 138 46063920
38 48 46063920
112 149 46061580
2 3 46049820
112 113 45999120
112 149 45994440
111 29 45992160
58 82 45984240
58 2 45983880
58 0 45983880
145 2 45983700
149 112 45973200
57 41 45968760
1 138 45894180
1 48 45894180
37 120 45885540
81 29 45884280
58 2 45883980
0 2 45875820
2 0 45874680
139 95 45647160
149 113 45637560
58 0 45636120
112 149 45633540
2 0 45628080
2 58 45627420
112 149 45564060
41 57 45559440
22 139 45543960
58 82 45539820
58 2 45533160
58 2 45531600
58 3 45531600
37 120 45480060
38 146 45471900
149 24 45464400
22 33 45462960
58 82 45456600
58 81 45453660
81 58 45390660
58 2 45382980
58 82 45381240
0 2 45380100
58 2 45374520
38 146 45370020
22 13 45356700
112 24 45311220
139 9 45298800
58 82 45297240
95 91 45281580
99 49 45272460
91 95 45214560
91 95 45214020
139 9 45210840
112 113 45045840
58 144 45042300
149 24 45036540
55 3 45019380
22 17 45019320
149 24 45014580
57 41 44954880
47 110 44942040
112 113 44941680
112 113 44940300
41 57 44935080
58 2 44932560
58 0 44930640
38 79 44914920
38 25 44914920
112 113 44861220
143 58 44857440
149 24 44855400
112 113 44783220
58 82 44779320
82 58 44779020
57 41 44757300
139 9 44676660
58 27 44671500
58 77 44671500
58 84 44671500
0 145 44668140
58 82 44666760
58 144 44666760
38 1 44610600
38 21 44610600
112 113 44430240
41 57 44419140
112 149 44412300
139 112 44340540
112 139 44339340
2 58 44255460
112 113 44237880
25 51 44196420
25 57 44196420
58 144 44177700
58 2 44172480
82 58 44172300
58 3 44168880
111 95 44165820
120 37 44147100
105 141 44105040
105 106 44105040
112 113 44096940
58 82 44093220
111 40 44073540
41 57 44067960
149 113 44061300
1 21 43827660
1 21 43827420
58 144 43825380
149 112 43824720
58 2 43822860
149 112 43813080
58 0 43802640
111 95 43748880
2 0 43748580
139 136 43720020
58 0 43719720
2 0 43717980
58 145 43716720
111 83 43653600
58 2 43630320
41 57 43628280
58 145 43577580
112 113 43562340
0 2 43553520
112 139 43547640
1 21 43542480
82 3 43219620
139 17 43219080
58 3 43217580
58 2 43215000
1 125 43203600
62 35 43196100
58 2 43195740
58 144 43194780
139 17 43141020
2 58 43124700
22 17 43118580
22 17 43117200
126 1 43109520
58 82 43051380
58 2 43047420
139 17 43033260
2 0 43027500
2 58 43027500
41 57 43022700
58 82 42970920
146 122 42970680
82 58 42970380
131 120 42968760
139 136 42961560
139 136 42951660
139 6 42948960
139 6 42947580
120 37 42945720
139 6 42881400
111 73 42877500
139 136 42876300
41 57 42871020
6 19 42867060
58 2 42853260
58 144 42620640
2 58 42618840
139 6 42536820
57 56 42533640
149 24 42512520
1 21 42502440
112 24 42469740
112 149 42454500
112 113 42454500
2 3 42423780
58 82 42420780
57 41 42419460
112 149 42384180
38 111 42347280
58 82 42342360
37 139 42285000
57 56 42246420
25 136 42203220
25 51 42195180
149 113 42006360
22 6 42003780
22 6 42003720
112 149 42003600
112 113 42003360
112 113 42002700
112 113 41998560
58 82 41995500
149 63 41995260
149 112 41995260
149 113 41995260
58 144 41988780
112 149 41930820
58 111 41919960
2 0 41911740
148 112 41910120
58 144 41907720
41 57 41907240
41 57 41907180
71 145 41905980
22 6 41899680
57 25 41898540
112 113 41858640
2 0 41851080
112 113 41850540
112 6 41838840
1 21 41837760
58 2 41825880
58 145 41825880
149 113 41815860
25 64 41808300
149 112 41768520
112 22 41763780
41 57 41753460
9 6 41745660
9 11 41745660
9 139 41745660
112 139 41411520
139 11 41403420
37 139 41391600
73 107 41386260
125 57 41315460
125 25 41315460
112 24 41315460
125 38 41315460
125 122 41315460
125 48 41315460
1 47 41314320
22 139 41304360
145 2 41295600
41 57 41293800
149 84 41239020
1 138 41234160
1 21 41233800
144 143 41232120
58 2 41225940
149 113 41222340
9 19 41215260
9 11 41215260
139 6 41208660
149 113 41183040
139 6 41155200
149 24 41140860
112 149 41130240
91 95 41129940
1 21 41060640
139 136 41052480
139 95 41051760
139 91 41051760
22 139 41048880
137 68 40981860
111 38 40966920
113 106 40809480
2 0 40804500
1 21 40801500
41 57 40775400
58 82 40720980
11 6 40702680
139 9 40693980
1 34 40693500
58 144 40639740
143 37 40631460
38 47 40617900
38 83 40617600
38 48 40617300
131 144 40551300
2 3 40546980
68 76 40546620
68 45 40546620
2 0 40521540
111 95 40513020
8 11 40451700
120 37 40444560
57 41 40440240
2 0 40433340
88 75 40207380
88 99 40207380
131 37 40179120
145 2 40178220
145 3 40178220
58 144 40114620
139 11 40112220
58 2 40109160
2 3 40101360
58 144 40031820
22 9 40029240
22 12 40029240
58 0 40004580
111 29 39995640
58 82 39945420
57 56 39941520
131 122 39939660
32 18 39918600
57 41 39832320
22 17 39754020
61 98 39568620
61 81 39568620
41 57 39563880
139 11 39515100
139 17 39515100
58 82 39510480
41 57 39504960
131 144 39492840
112 113 39489540
58 71 39482880
38 48 39405420
58 145 39327360
58 144 39309840
112 113 39261360
58 71 39246960
2 3 39222600
58 3 38994420
145 2 38975820
145 58 38975220
58 29 38968320
22 139 38910360
111 29 38906460
22 6 38901420
22 139 38901420
17 139 38893740
111 83 38872620
58 145 38809500
9 11 38802960
9 20 38802960
58 144 38792400
41 57 38787600
58 2 38720820
58 71 38719380
81 58 38714760
58 143 38712840
58 144 38712840
144 143 38642700
57 56 38638140
142 25 38634300
58 2 38629620
58 3 38629620
22 17 38629140
22 139 38629140
57 64 38623800
9 22 38573460
9 13 38573460
9 19 38573460
9 20 38573460
8 6 38289180
8 13 38289180
8 17 38289180
58 81 38275740
1 138 38268240
41 57 38190360
57 41 38184720
111 61 38181840
145 2 38137620
2 145 38135160
58 71 38102940
58 82 38102940
58 144 38102940
58 145 38042940
2 145 38018580
22 139 37974720
58 71 37781220
41 57 37768320
2 58 37763940
139 8 37746660
139 11 37746660
139 11 37704780
58 71 37699020
57 122 37675620
8 11 37603440
9 17 37593360
82 58 37591860
149 71 37429560
112 149 37417920
58 71 37178100
58 82 37178100
58 145 37170000
22 9 37149600
144 58 37090920
58 82 37090740
58 144 37090740
22 17 37075860
58 71 37002120
139 8 36988620
58 144 36983940
145 58 36929040
112 9 36926520
112 17 36926520
25 136 36923160
58 71 36922560
58 82 36922560
58 145 36920040
41 57 36899040
145 58 36892020
145 3 36837960
111 61 36828540
22 6 36821400
22 17 36821400
2 145 36804900
58 144 36568020
145 3 36546900
58 145 36546300
58 81 36486660
58 81 36481680
131 143 36465420
58 145 36405300
131 143 36398820
58 2 36394200
99 95 36392520
99 91 36392520
1 21 36367740
41 57 35953920
145 58 35946780
145 58 35945820
145 2 35943480
58 145 35939040
1 21 35898180
145 144 35886660
145 2 35866260
145 2 35866080
145 58 35866080
58 144 35863500
58 82 35862720
58 144 35862720
58 81 35860320
58 144 35794680
22 9 35792040
22 139 35792040
58 3 35791980
41 57 35784120
145 3 35780760
139 9 35777640
41 57 35694720
58 2 35685840
58 71 35625540
58 82 35625540
58 144 35625540
58 82 35358000
22 20 35352780
11 6 35335800
145 82 35281140
145 3 35281140
145 2 35280480
139 17 35267880
22 6 35266440
58 145 35249820
145 2 35247660
131 143 35193540
58 144 35180460
58 81 35117160
58 71 35103180
58 144 35103180
58 2 35075100
58 3 35075100
38 48 35019480
58 82 34990440
58 144 34990440
145 71 34757280
112 139 34740840
145 3 34740720
145 2 34732680
99 49 34691340
145 2 34678500
58 82 34676220
58 3 34646520
57 64 34566720
2 58 34566120
58 145 34558260
112 139 34503780
145 2 34502940
57 64 34493640
41 57 34489440
41 57 34488840
143 37 34486680
145 58 34413720
145 58 34395840
58 2 34137000
58 71 34127340
145 2 34041000
2 58 33985800
37 120 33980880
145 2 33969480
131 144 33959940
2 145 33904500
58 144 33896460
58 3 33888060
29 81 33884880
81 29 33877020
58 145 33872160
1 21 33863820
58 71 33812460
58 82 33812460
1 21 33807600
58 3 33558840
145 71 33546720
2 58 33526740
58 144 33465660
58 3 33456780
58 145 33456780
62 35 33449940
58 3 33442080
22 139 33382260
2 3 33378180
2 145 33378180
58 2 33266220
145 3 33264600
145 2 33264300
2 145 32943120
1 138 32931000
22 139 32926620
146 81 32834340
9 22 32789760
9 113 32789760
145 2 32659140
145 3 32659140
145 58 32659140
22 17 32657700
58 144 32342700
145 2 32338020
22 20 32322720
22 9 32257380
145 58 32163240
145 2 32159040
139 17 32147460
58 144 32083740
131 143 32080740
40 32 32080740
139 17 32080680
145 3 32077140
2 3 32054940
58 71 31997880
58 145 31997820
139 6 31983780
34 131 31979220
2 58 31974060
145 2 31973760
37 139 31968780
81 29 31968000
145 3 31740060
139 9 31736640
82 58 31730760
131 34 31725600
144 58 31725120
34 131 31717680
145 3 31711560
58 2 31708020
22 139 31653540
58 71 31647480
58 82 31647480
58 145 31642740
145 2 31631100
145 2 31564020
58 82 31560660
58 81 31553460
58 145 31463280
1 138 31449480
145 144 31394760
41 57 31354860
58 82 31135380
58 144 31135380
58 2 31134900
22 17 31127880
58 144 31049280
145 58 31047240
22 9 31044420
2 3 31021920
58 145 31020600
145 71 31014660
58 145 30955260
131 34 30931980
145 3 30877860
145 3 30875940
1 138 30870900
145 3 30852540
2 3 30850380
145 2 30848880
139 22 30846780
146 111 30781500
58 82 30778320
58 145 30768180
145 3 30758220
41 57 30752760
145 2 30515760
3 145 30434640
37 139 30414660
145 58 30414180
58 145 30359820
58 145 30357180
145 58 30345480
145 2 30340140
145 2 30331020
58 2 30268020
58 82 30265920
2 58 30265380
131 34 30259740
3 82 30177300
3 2 30177300
58 3 30172500
2 145 29911020
145 2 29898480
58 145 29892720
131 143 29892360
131 144 29892360
145 58 29841060
2 145 29835720
22 6 29833620
22 9 29832600
144 58 29832480
22 6 29832060
58 82 29746920
58 3 29746920
60 77 29743200
145 2 29729640
145 2 29728260
82 58 29722560
131 144 29665560
2 82 29658660
58 145 29651520
22 17 29644260
145 82 29642820
2 145 29634480
145 144 29634000
131 144 29568180
139 17 29567700
145 58 29548020
2 145 29547360
22 139 29382420
3 82 29223960
3 145 29223960
1 38 29210520
3 82 29207280
3 145 29207280
2 145 29203500
145 2 29201160
131 144 29134740
131 144 29046540
22 6 29038440
145 144 28954920
1 133 28708680
3 145 28454880
112 139 28451100
37 132 28447620
1 38 28434900
22 6 28421880
61 141 28377540
58 144 28371180
58 145 28343760
58 2 28338420
1 47 28004340
139 41 28001460
139 57 28001460
1 38 27994740
58 71 27987000
139 8 27935460
139 17 27935460
1 34 27847620
58 71 27846660
58 144 27846660
58 71 27813960
1 21 27740040
58 145 27735780
22 139 27416820
37 139 27397200
58 82 27396480
58 145 27396480
58 3 27388260
58 145 27388260
58 3 27302100
2 82 27225360
1 38 27222540
41 57 27135240
2 145 27127860
22 17 26866980
22 139 26781720
58 144 26639100
88 61 26636280
58 3 26541840
22 139 26519040
41 57 26292240
58 71 26291100
145 58 26288400
2 3 26273940
2 82 26263080
58 82 26203140
58 145 26203140
58 145 26202900
2 3 26187060
58 81 26097300
58 71 26037960
58 81 26009940
2 3 26005200
1 21 25999200
58 71 25950480
58 144 25949820
2 145 25949580
58 27 25675320
58 77 25675320
58 84 25675320
139 8 25590300
139 8 25512960
9 22 25494840
58 71 25486200
3 2 25408320
81 73 25346580
81 111 25346580
58 81 25332240
41 57 25323720
22 17 25083840
22 139 25082520
22 139 25071600
58 144 24884280
2 3 24800340
2 58 24794880
58 71 24475980
58 144 24383160
58 145 24380460
58 71 24363360
58 144 24363360
58 3 24192600
2 82 24123720
2 82 24121560
81 61 23874600
58 144 23869740
58 82 23867340
41 57 23782500
1 38 23690820
58 82 23586360
2 82 23499180
2 3 23499180
2 58 23498820
139 22 23247660
58 144 23098620
2 82 23093040
2 3 23093040
58 71 23010120
58 144 23010120
41 57 23008680
149 113 22983180
2 82 22980420
22 139 22926660
58 144 22923900
22 6 22914960
41 57 22914420
2 82 22662780
22 139 22640280
58 144 22579020
141 63 22561800
141 98 22561800
58 82 22558080
58 82 22488720
58 71 22385760
22 139 22303620
2 82 22291080
2 82 22038600
1 21 21985440
58 2 21786600
58 144 21368400
58 82 21350040
2 3 21343440
22 139 21338760
1 21 21290280
1 21 21288240
22 9 21284220
22 139 21284220
58 144 21281580
1 38 21268440
22 139 21251940
94 33 21172920
41 57 21101160
2 82 20829780
71 73 20742660
139 17 20664000
82 2 20656680
1 21 20652060
22 58 20646180
2 145 20584680
22 139 20573040
22 139 20566260
139 6 20143680
1 138 20126700
1 38 20126700
58 71 20064300
58 144 20064300
1 138 20053800
58 82 19961280
58 2 19961280
58 145 19961280
1 21 19957080
1 138 19895520
1 38 19895520
1 21 19893420
1 138 19891920
1 138 19891860
1 138 19889340
1 21 19888020
1 138 19884840
1 138 19878900
1 21 19878720
1 21 19878660
139 22 19872060
2 71 19374540
82 71 19295940
58 71 19295400
58 71 19006740
2 71 19006260
58 71 18923760
37 143 18853560
58 71 18777900
41 57 18680700
58 71 18665280
2 82 18344340
58 71 18340260
58 144 18314760
149 113 18259800
71 113 18239580
149 113 18227340
2 58 17804160
149 71 17491440
149 113 17491440
2 145 17365500
2 131 17365380
2 82 17365380
2 3 16254300
58 81 15836160
2 82 15640320
58 82 15321540
82 2 15229140
2 82 14436420
2 82 13839000
58 81 13423260
2 82 13223700
58 81 12876180
81 58 12827940
58 145 12632520
58 82 12629460
2 3 12359760
3 2 12018240
58 2 11152560
2 82 11071920
58 144 10827540
58 2 10544340
58 3 10544340
58 145 10544340
58 82 10482540
2 82 10379280
2 3 10379280
2 82 10379040
2 3 10376880
58 2 10364400
58 2 10294980
2 3 10280520
58 2 9964020
2 145 9853200
58 2 9852780
2 3 9847500
2 82 9797640
2 145 9797460
58 2 9786120
58 82 9683100
2 3 9603660
58 82 9593340
58 2 9593340
2 3 9245100
58 82 9163380
58 81 9159480
2 3 9013740
58 3 8485500
58 82 8124240
2 3 8062440
58 145 8048520
2 82 8035860
2 3 8035860
58 145 7957440
2 3 7956480
2 82 7201440
2 82 7176720
2 82 6745440
58 82 5720100
81 73 5029500
58 145 4956540
58 2 4859220
58 145 4859220
2 82 4846800
37 139 4241580
58 145 1993320
58 85 1897980
58 3 1827660
2 82 1822260
58 82 1488960
58 3 1469640
58 2 1302660
2 82 545460
58 82 0
