1 7 93959154
7 1 93959113
1 7 93959039
7 1 91272795
7 1 91264681
7 1 91259678
7 1 91259547
1 7 90932784
1 7 90920170
1 7 90916378
1 7 90852425
1 7 90849111
1 7 90834448
1 7 90747410
1 7 90747232
1 7 90657545
13 17 90403288
1 7 90400624
1 7 90396937
13 17 90393524
1 7 90391324
1 7 90390456
13 17 90329722
19 15 90312397
19 13 90312397
1 7 90309170
15 13 90306360
1 7 90302384
1 7 90302028
15 13 90300256
1 7 90247898
13 17 90164867
13 17 90156049
15 13 90150043
13 17 90142424
15 13 90041449
15 17 90041449
17 15 90039853
15 17 90039850
19 13 89811203
19 17 89811203
1 7 89736961
1 7 89732261
1 7 89718715
1 7 89707267
7 1 89701063
1 7 89700918
1 7 89644253
1 7 89612644
13 17 89528744
13 17 89528282
17 13 89486493
17 13 89472410
1 7 89471489
1 7 89207077
13 17 89200545
13 17 89191867
1 7 89121932
1 7 89032293
1 7 89019955
1 7 89010192
15 13 89006102
15 19 89006102
13 17 88951540
1 7 88863244
15 19 88852288
13 17 88586499
17 13 88585821
17 13 88584870
17 13 88583229
17 13 88582336
13 17 88581998
17 13 88581385
19 15 88523527
19 13 88523527
1 7 88493137
1 7 88434843
1 7 88434179
13 17 88423071
13 17 88422518
19 13 88415537
1 7 88352355
1 7 88351892
19 13 88006415
19 17 88006415
19 15 87974405
22 17 87716800
13 15 87708649
15 13 87708644
15 17 87708644
7 41 87312143
19 13 87202241
13 17 87055515
15 13 87018506
15 17 87018506
13 19 86796411
13 17 86773362
41 7 86694676
61 64 86640157
61 69 86640157
61 41 86640157
61 72 86640157
61 54 86640157
61 29 86640157
61 77 86640157
61 42 86640157
61 79 86640157
61 80 86640157
61 81 86640157
61 57 86640157
61 60 86640157
61 31 86640157
61 38 86640157
61 87 86640157
61 64 86625757
61 69 86625757
61 41 86625757
61 72 86625757
61 54 86625757
61 29 86625757
61 77 86625757
61 42 86625757
61 79 86625757
61 80 86625757
61 81 86625757
61 57 86625757
61 60 86625757
61 31 86625757
61 38 86625757
61 87 86625757
91 29 86619591
61 77 86619549
61 81 86619549
29 91 86615389
89 77 86615140
81 61 86612768
61 81 86612324
38 61 86612183
81 93 86610963
81 77 86610963
81 60 86610963
81 89 86610963
61 38 86607847
91 29 86607690
77 64 86605341
61 77 86605149
61 81 86605149
81 93 86596563
81 77 86596563
81 60 86596563
81 89 86596563
61 77 86556305
61 81 86556305
61 60 86556305
81 77 86550104
81 60 86550104
61 77 86541905
61 81 86541905
61 60 86541905
61 93 86541288
61 81 86541288
81 61 86535744
81 77 86535704
81 60 86535704
1 7 86534730
41 57 86526648
41 57 86526522
41 57 86526285
41 57 86525713
57 41 86522444
81 61 86457418
13 17 86444926
19 15 86437413
81 61 86427082
19 13 86426843
57 41 86425196
13 19 86423437
15 13 86412786
15 17 86412786
81 93 86373691
81 93 86371521
93 81 86356736
81 93 86275512
81 93 86196287
81 77 86196287
81 38 86196287
81 89 86196287
93 81 86189894
13 17 86189099
1 7 86187763
81 93 86185323
81 61 86172946
13 17 86169990
93 81 86169976
1 7 86157110
19 15 86105354
1 7 86097721
13 17 86086977
57 41 85995987
38 61 85993620
38 89 85993620
61 38 85993489
61 89 85993489
13 17 85992009
13 17 85909082
81 93 85893564
19 13 85893058
13 17 85838660
93 81 85833134
77 64 85827968
41 57 85817869
13 15 85816331
15 13 85805357
15 17 85805357
13 17 85494995
13 17 85494240
13 17 85475335
77 64 85473925
13 17 85408694
104 105 85326926
104 61 85326926
17 13 85318645
13 17 85315698
77 64 85300353
15 13 85289472
15 17 85289472
81 93 85220635
93 81 85145460
81 93 85128782
13 17 84961362
17 13 84953049
13 17 84951367
13 15 84947325
13 19 84947325
15 13 84944028
13 17 84892516
13 17 84891174
41 57 84877257
41 57 84873134
104 105 84811762
104 61 84811762
93 81 84809776
104 105 84803774
104 61 84803774
17 13 84803355
87 93 84736160
93 81 84722134
13 17 84700572
17 13 84634141
13 17 84634117
17 13 84631302
13 19 84612851
13 17 84611776
17 13 84610563
13 17 84610187
15 13 84607913
15 19 84607913
19 15 84600616
19 13 84600616
15 13 84598861
15 19 84598861
19 15 84598594
19 13 84597846
19 15 84597519
19 13 84597519
19 17 84597519
19 15 84543684
19 13 84543684
19 17 84543684
104 105 84375788
104 61 84375788
17 13 84375707
13 17 84374619
13 17 84374128
104 105 84369530
104 61 84369530
104 105 84367795
104 61 84367795
81 93 84349661
38 1 84345416
38 81 84345130
1 38 84283183
93 81 84282855
81 116 84281435
104 105 84280283
104 61 84280283
19 15 84273966
19 13 84273966
91 95 84263749
95 91 84262795
17 13 84261017
13 17 84260938
13 17 84256514
13 17 84200258
91 95 84182902
104 105 84176069
104 61 84176069
93 81 84172181
81 93 84116591
81 77 84116591
81 38 84116591
81 89 84116591
13 17 84115661
93 81 84111211
13 17 84104485
13 17 84087443
89 81 84027500
13 17 84027022
104 105 84019464
104 61 84019464
13 17 84006029
13 17 84005266
13 17 84004543
13 17 84004512
13 17 84002218
41 57 84000365
13 17 84000092
104 105 83993921
104 61 83993921
93 81 83767106
104 105 83764727
104 61 83764727
81 93 83764400
93 81 83764300
13 17 83763558
13 17 83763279
93 81 83738982
13 17 83683796
93 81 83676579
41 7 83675804
19 15 83662832
19 13 83662832
81 93 83603809
81 77 83603809
81 38 83603809
81 93 83584120
81 29 83572337
81 93 83571783
93 81 83568855
81 29 83566001
19 15 83416476
19 13 83416476
104 105 83415524
104 61 83415524
81 93 83410003
81 77 83410003
81 38 83410003
81 89 83410003
81 29 83407251
13 22 83157851
13 17 83157851
119 120 83147051
119 120 83144807
119 120 83142259
19 15 83131128
81 93 83079062
81 77 83079062
81 38 83079062
81 61 83072850
13 17 83057349
13 17 83048563
119 120 82973564
13 17 82966897
13 17 82965996
19 22 82955229
17 13 82543506
81 61 82393569
81 61 82392592
41 57 82364111
13 17 82305869
15 13 82251153
17 13 82214524
104 105 82207419
104 61 82207419
13 17 82196335
13 17 82196042
13 17 82196012
13 17 82195973
13 17 82195937
41 57 82191299
17 13 81949773
93 87 81938460
120 119 81928610
119 120 81862366
120 119 81860778
120 119 81860679
120 119 81850304
81 77 81848963
81 38 81848963
120 119 81848475
15 13 81848238
120 119 81847501
13 17 81844335
13 17 81788767
38 48 81770773
17 13 81765828
77 64 81678132
13 17 81589921
81 38 81586854
77 81 81342118
64 77 81324156
91 95 81261175
91 79 81261175
38 48 81169389
93 81 81149699
93 81 81148403
81 93 81148253
91 95 81095353
91 79 81095353
93 81 81088793
81 93 81086156
19 15 81067910
19 13 81067910
19 17 81067910
91 95 81012296
91 79 81012296
19 13 81007798
79 95 80984556
22 17 80898234
29 81 80893131
61 105 80714180
61 81 80714180
91 95 80665227
91 79 80665227
91 95 80661137
91 79 80661137
13 17 80639849
91 95 80575423
91 79 80575423
57 101 80565388
41 7 80541730
91 95 80488177
91 79 80488177
57 41 80486871
13 17 80480018
19 15 80476081
19 13 80476081
13 17 80474907
61 81 80407428
91 95 80400360
91 79 80400360
29 79 80399069
79 29 80391690
41 57 80376431
105 104 80374504
81 93 80372720
104 105 80362403
91 95 79975238
91 79 79975238
91 95 79886487
91 79 79886487
93 81 79871097
17 13 79862076
77 64 79858663
17 13 79855195
29 38 79847397
29 48 79847397
91 95 79805276
91 79 79805276
13 17 79795704
61 81 79790051
41 57 79788923
41 7 79788511
17 22 79774079
17 13 79774079
17 22 79767928
17 13 79767928
77 64 79766874
15 13 79610093
15 17 79610093
22 13 79539242
22 17 79539242
13 19 79536464
13 17 79536464
41 7 79523012
19 15 79451435
17 13 79442563
13 17 79441080
13 17 79433940
120 119 79422482
80 81 79422207
13 17 79365388
13 17 79364486
29 91 79359773
13 17 79355384
17 13 79352599
41 57 79344658
13 17 79342352
13 17 79283577
13 17 79281725
81 80 79278944
13 17 79278461
91 95 79277841
91 79 79277841
57 41 79246123
61 81 79244892
120 119 79166010
17 13 79164372
7 41 79163694
91 95 78930713
91 79 78930713
29 79 78923346
29 79 78917291
93 81 78909743
91 95 78843914
91 79 78843914
91 95 78843878
91 79 78843878
91 95 78843804
91 79 78843804
41 57 78842060
57 41 78827668
41 57 78827194
57 41 78822855
41 57 78822437
41 57 78821595
105 104 78779746
81 29 78764963
81 77 78764963
81 38 78764963
61 105 78763814
61 81 78763814
61 104 78763814
91 95 78758059
91 79 78758059
61 105 78754737
61 81 78754737
61 104 78754737
48 79 78734948
19 22 78727271
29 91 78727269
19 15 78675482
91 95 78675034
91 79 78675034
19 13 78672057
29 91 78670043
127 1 78653131
1 127 78649895
19 22 78636109
91 95 78591361
91 79 78591361
29 91 78582596
19 13 78581404
19 17 78581404
61 81 78580431
57 41 78576823
41 57 78575189
17 13 78573682
13 17 78572982
119 120 78564958
93 81 78554914
91 95 78326700
91 79 78326700
57 41 78304516
57 41 78304137
57 41 78303825
41 57 78302458
17 13 78296644
1 38 78245108
1 48 78245108
13 17 78244250
91 95 78243059
91 79 78243059
15 13 78231758
19 22 78231409
19 13 78231409
120 119 78227051
79 29 78219001
13 17 78156021
91 95 78155222
91 79 78155222
57 41 78139177
29 79 78136030
19 15 78129720
91 95 78066352
91 79 78066352
91 29 78060613
29 91 78060469
7 41 78057012
29 79 78055636
41 57 78041914
29 91 78036835
91 95 77981811
91 79 77981811
17 13 77975293
61 81 77971671
1 127 77966866
19 13 77952768
91 95 77638326
91 79 77638326
101 57 77630124
29 91 77624199
13 17 77621104
7 41 77612752
105 22 77550332
105 17 77550332
22 105 77549019
22 17 77549019
81 29 77531508
29 81 77530438
22 105 77528693
64 87 77527873
13 17 77520232
13 17 77520214
13 17 77519975
13 17 77519650
15 13 77511055
22 105 77464020
91 95 77460945
91 79 77460945
1 38 77460604
17 13 77453802
81 61 77426781
104 105 77376049
104 61 77376049
104 81 77376049
91 95 77370893
91 79 77370893
1 133 77361618
13 17 77351591
17 13 77351423
13 17 77351290
120 93 77350347
29 91 77347940
29 91 77344397
17 13 77343211
91 95 77113163
91 79 77113163
120 119 77084303
120 119 77084046
91 95 77029827
91 79 77029827
15 13 77022156
89 91 77005187
93 81 76958132
91 95 76942048
91 79 76942048
57 41 76923885
91 95 76858299
91 79 76858299
13 17 76855883
22 105 76850100
29 91 76850091
22 13 76844902
22 13 76837609
22 13 76836033
22 19 76836033
22 17 76836033
29 81 76830018
81 29 76828917
29 81 76828776
81 29 76827361
41 57 76821456
91 95 76770830
91 79 76770830
29 91 76762028
120 119 76749224
117 72 76747521
117 130 76747521
29 91 76747020
19 15 76738259
15 19 76732891
91 95 76508642
91 79 76508642
136 95 76504108
136 41 76504108
136 91 76504108
136 54 76504108
136 42 76504108
136 79 76504108
136 101 76504108
136 57 76504108
136 38 76504108
117 87 76502795
120 119 76502356
29 81 76501489
13 17 76497086
91 95 76425385
91 79 76425385
13 19 76421695
29 91 76409802
91 95 76341434
91 79 76341434
13 22 76338210
13 17 76338210
91 95 76337562
91 79 76337562
22 13 76333648
22 17 76333648
19 15 76323500
19 13 76323500
13 17 76322709
119 120 76313095
19 15 76305663
19 13 76305663
93 81 76259020
91 95 76251463
91 79 76251463
29 91 76240929
1 38 76221893
91 95 76165920
91 79 76165920
13 19 76153224
13 17 76152300
13 15 76151467
13 19 76151467
13 17 76151467
105 22 76147968
69 31 76142342
15 19 76127569
91 95 75906219
91 79 75906219
91 95 75821526
91 79 75821526
17 13 75817116
29 91 75784352
91 95 75729835
91 79 75729835
19 13 75727662
15 13 75709146
17 22 75703836
17 13 75703836
13 17 75666227
91 95 75645175
91 79 75645175
119 120 75644070
41 57 75632833
41 57 75626565
91 95 75561201
91 79 75561201
17 13 75554233
91 95 75301683
91 79 75301683
17 13 75279036
57 41 75275587
13 17 75269275
41 57 75268816
91 95 75220830
91 79 75220830
13 17 75211814
117 130 75208811
117 130 75204332
22 19 75195723
41 57 75188862
13 17 75186736
81 29 75182245
81 42 75182245
81 79 75182245
81 31 75182245
81 38 75182245
81 48 75182245
15 13 75177197
91 95 75131609
91 79 75131609
29 79 75123687
105 22 75114585
81 29 75110828
81 77 75110828
81 120 75110828
81 38 75110828
29 79 75095398
91 95 75042507
91 79 75042507
29 79 75028046
13 17 74926121
15 19 74917980
19 15 74917636
13 17 74871477
15 13 74842594
15 17 74842594
13 17 74681122
19 22 74679766
105 22 74673558
13 17 74662614
105 22 74611062
22 13 74605328
22 17 74605328
77 64 74603231
13 22 74594773
13 17 74594773
13 17 74527614
120 119 74504176
119 120 74503533
22 19 74498204
13 22 74492334
13 17 74492334
22 19 74438257
120 119 74425715
13 17 74412448
15 19 74397260
19 15 74352786
19 15 74338952
13 17 74325641
93 81 74316483
100 89 74315222
93 81 74084568
89 31 74073834
19 15 74068707
41 7 73988341
41 57 73988341
119 120 73979889
13 17 73923330
19 13 73920639
120 119 73895585
77 64 73714086
15 13 73713990
15 17 73713990
13 17 73708635
89 81 73459945
13 17 73408078
120 119 73391587
93 81 73307607
19 17 73230011
15 19 73199639
13 17 72779476
13 15 72698133
15 13 72695372
15 17 72695372
1 138 72689691
1 48 72689691
77 64 72674229
15 13 72599136
15 17 72599136
93 81 72596756
93 81 72592241
22 13 72586768
19 15 72535456
104 105 72498850
104 61 72498850
104 81 72498850
13 17 72349987
13 15 72340244
13 17 72340244
104 105 72277462
104 61 72277462
104 81 72277462
13 17 72207791
15 13 72068466
15 19 72068466
15 17 72068466
15 13 72065997
93 81 72023395
104 105 72006541
104 61 72006541
104 81 72006541
15 13 71983752
15 19 71983752
15 17 71983752
77 64 71934779
15 13 71914244
15 19 71914244
15 17 71914244
15 13 71902080
15 19 71902080
15 17 71902080
19 15 71901083
15 19 71896416
15 17 71896416
13 17 71857656
13 17 71641482
13 17 71586765
29 91 71554772
13 17 71315701
13 17 71309238
13 17 71309006
17 13 71303610
77 64 71048824
81 31 70984156
13 17 70980196
13 17 70973459
13 17 70953292
77 64 70884756
13 17 70809629
117 130 70799836
141 22 70779192
141 93 70779192
141 29 70779192
141 17 70779192
77 64 70706364
22 13 70461224
13 22 70451675
22 17 70446998
22 17 70442993
19 17 70430655
13 17 70391604
13 17 70391310
13 17 70376039
19 15 70374461
19 22 70374461
19 17 70374461
17 13 70371806
141 105 70284850
141 81 70284850
141 105 70279138
141 81 70279138
13 17 70258751
15 19 70206481
13 17 70180680
15 19 70164495
77 64 70118522
81 29 70116642
81 77 70116642
81 120 70116642
81 38 70116642
13 17 70110283
95 29 70098055
72 117 69977105
15 19 69859343
13 17 69853427
13 17 69852823
95 29 69847875
22 13 69836243
22 17 69836243
13 17 69834971
117 130 69580827
15 19 69561165
13 17 69486716
15 19 69486628
13 17 69485007
13 17 69483434
13 17 69483118
15 13 69474169
15 19 69474169
15 17 69474169
19 15 69253012
19 13 69253012
19 17 69253012
93 81 69250803
117 130 69143725
95 91 68991388
13 17 68966045
22 17 68924400
117 130 68889256
22 17 68888400
104 141 68881717
136 95 68469141
136 95 68469130
19 15 68387944
15 19 68268405
19 13 67947451
19 13 67946673
15 13 67422523
29 81 67093020
81 29 67091460
41 57 67089450
81 29 67073510
81 29 67055460
19 15 66999480
15 13 66638361
15 17 66638361
77 64 66459596
19 15 66070380
105 22 66055442
105 141 66055442
13 17 65965018
19 15 65959260
77 64 65957271
61 81 65943060
91 95 65624344
91 79 65624344
7 143 65609859
61 81 65595720
19 15 65556540
19 13 65556540
72 135 65548613
91 95 65541739
91 79 65541739
116 77 65510445
29 81 65455446
81 29 65455238
19 15 65371260
15 13 65369400
15 19 65369400
29 81 65364605
81 29 65348078
15 13 65279700
15 19 65279700
91 95 65279005
91 79 65279005
29 81 65265551
48 138 65251956
48 38 65251956
29 81 65247540
116 29 65246215
91 95 65024184
91 79 65024184
1 38 65009386
143 80 65008503
138 38 65005921
1 138 65000874
72 135 64978195
91 95 64935855
91 79 64935855
15 19 64912260
61 81 64902900
95 91 64901235
116 81 64898221
119 120 64852080
1 138 64823160
119 120 64812480
57 41 64740076
61 81 64733040
116 81 64728947
116 38 64728947
15 19 64424160
91 95 64414626
91 79 64414626
29 61 64407329
29 81 64407329
29 38 64407329
136 95 64308931
57 41 64308634
138 1 64303959
41 7 64212063
91 95 64157509
91 79 64157509
116 1 64139216
116 41 64139216
116 54 64139216
116 7 64139216
116 77 64139216
116 42 64139216
116 79 64139216
116 101 64139216
116 80 64139216
116 57 64139216
116 60 64139216
116 136 64139216
116 31 64139216
116 138 64139216
116 38 64139216
116 87 64139216
116 133 64139216
116 127 64139216
116 48 64139216
95 91 64134250
91 95 64133579
95 91 64133365
91 95 64133255
81 29 64122360
116 77 64062468
138 38 63793481
57 41 63787025
7 41 63784127
7 41 63719801
22 105 63701700
22 145 63701700
61 81 63672720
13 17 63638827
116 81 63631935
95 91 63556620
95 91 63549180
17 13 63539735
95 91 63538668
95 91 63531194
61 81 63445440
116 29 63432300
57 41 63202980
57 41 63201660
57 41 63199500
29 81 63192900
57 41 63166980
57 41 63165660
119 120 63163980
57 41 63163500
1 138 63114600
95 91 63104220
1 138 63078600
95 91 63068220
138 95 63038220
38 138 63033420
38 138 62997420
1 38 62867220
1 38 62831220
116 77 62824776
116 38 62824776
61 81 62819700
57 41 62608740
57 41 62608020
57 41 62606580
57 41 62601720
57 41 62572740
57 41 62572020
57 41 62570580
57 41 62565720
91 95 62554560
141 120 62487540
116 81 62424560
116 38 62424560
116 77 62424128
116 81 62424128
116 38 62424128
116 77 62422995
116 81 62422995
116 38 62422995
116 77 62324162
120 147 62307240
143 120 62294940
143 147 62294940
136 42 62267340
81 38 62266560
22 17 62255500
81 38 62248602
116 29 62241793
116 81 62239665
116 29 62239446
116 81 62239446
61 81 62236380
104 141 62224320
143 120 62211780
143 147 62211780
72 135 62159580
1 138 62015820
57 41 61992300
138 1 61990800
138 79 61990800
138 38 61990800
57 41 61989720
1 138 61979820
57 41 61956300
138 1 61954800
138 79 61954800
138 38 61954800
57 41 61953720
41 57 61953180
105 22 61909797
22 17 61891607
117 87 61871700
105 22 61735832
1 138 61735500
57 41 61726800
116 81 61700214
1 138 61699500
57 41 61690800
38 1 61655040
38 138 61655040
38 48 61655040
38 1 61650660
38 138 61650660
38 48 61650660
38 1 61619040
38 138 61619040
38 48 61619040
116 81 61617088
38 1 61614660
38 138 61614660
38 48 61614660
57 41 61385520
57 41 61349520
141 81 61321860
1 38 61318020
1 38 61289820
105 22 61282320
1 38 61282020
116 81 61273268
1 38 61253820
57 41 60674340
57 41 60656760
57 41 60655800
57 147 60654240
116 81 60502049
57 41 60493020
57 41 60415440
41 57 60415260
41 57 60401640
116 77 60275649
105 141 60072898
1 138 59967480
57 41 59953080
57 91 59953080
22 17 59902320
116 81 59899334
116 77 59893622
119 120 59892180
38 48 59812140
116 77 59808317
61 81 59793420
116 77 59761653
116 81 59566491
95 79 59529780
22 17 59529180
95 91 59463060
57 41 59445780
57 41 59442480
22 104 59381880
22 17 59381880
57 147 59378220
116 141 59372475
116 81 59372475
57 147 59362380
91 95 59358420
29 81 59322660
57 41 59293380
119 120 59276460
22 17 59271660
22 17 59264340
22 17 59195520
57 41 59179380
57 91 59179380
22 17 59141100
117 130 58941540
95 91 58937280
95 79 58937280
148 149 58930680
149 148 58928220
149 87 58928220
148 149 58926840
148 149 58924980
148 149 58924080
1 138 58855680
148 149 58837500
95 91 58781220
148 149 58776840
95 91 58774560
95 91 58772700
105 141 58713388
22 17 58711500
61 81 58701180
57 41 58697580
57 42 58697580
57 136 58697580
57 147 58697580
57 41 58679400
41 57 58674120
57 41 58657980
57 42 58657980
57 136 58657980
57 147 58657980
41 57 58605000
148 149 58585320
116 81 58339405
117 140 58231440
81 29 58184369
81 29 58176829
81 29 58172479
116 81 58162792
1 138 58152540
116 81 58107677
149 42 57975180
149 42 57972180
22 19 57971940
22 17 57742320
22 17 57741120
117 87 57729840
38 48 57727200
117 87 57725220
117 87 57648180
22 13 57645120
57 41 57563940
117 87 57481800
22 15 57454320
117 87 57399120
22 15 57394560
22 17 57394560
117 87 57367560
117 87 57366900
119 120 57133140
149 42 57052680
149 148 57052680
117 87 57048660
57 41 57029700
41 57 57029040
57 41 57026820
41 57 57025680
57 41 57025440
38 48 57017760
117 87 56966640
57 41 56963880
57 41 56962620
117 87 56944200
38 48 56934720
91 95 56867460
95 91 56851740
95 91 56850480
91 95 56767320
22 15 56557368
22 19 56557368
22 17 56557368
42 81 56552460
57 42 56526240
57 136 56526240
57 147 56526240
41 57 56504760
38 1 56501640
1 38 56425500
116 81 56378366
57 41 56355660
57 64 56344920
57 64 56343900
149 42 56268840
61 29 56268240
61 81 56268240
41 57 56246520
22 17 55953540
117 87 55928640
91 95 55888920
79 81 55867740
79 38 55867740
17 22 55855320
149 42 55832280
149 42 55829520
149 148 55829520
79 81 55828140
79 38 55828140
149 42 55827360
149 148 55827360
149 42 55813980
149 148 55813980
22 17 55812480
22 17 55753860
57 41 55661520
57 41 55646100
57 41 55645980
117 140 55577940
41 57 55563000
57 41 55562160
41 57 55558680
148 72 55549800
148 117 55549800
148 130 55549800
148 149 55549800
148 140 55549800
148 87 55549800
72 140 55498920
22 17 55324980
81 29 55322529
57 41 55222380
41 57 55222380
57 41 55221960
41 57 55221600
149 42 55214040
149 148 55214040
22 17 55209000
117 87 55148880
41 57 55147080
1 138 55144020
116 38 55141307
41 57 55118160
41 57 55032720
116 77 54992292
140 130 54845580
149 42 54757380
149 148 54757380
79 91 54710160
22 19 54691380
22 17 54686940
22 17 54685320
61 81 54630780
149 42 54630600
149 148 54630600
22 17 54625680
22 120 54624000
1 38 54623760
22 17 54623100
149 42 54603360
149 148 54603360
91 95 54538740
1 138 54533580
117 87 54531900
22 17 54462840
22 17 54449520
41 57 54448620
57 41 54445800
41 57 54445320
57 41 54445020
149 42 54429300
149 148 54429300
22 17 54359820
148 42 54106680
148 149 54106680
41 57 54089100
136 95 54010080
136 41 54010080
136 91 54010080
136 42 54010080
136 57 54010080
136 147 54010080
22 17 53996340
41 57 53994720
22 17 53994060
22 120 53763720
22 17 53753100
81 29 53751000
38 48 53738280
22 17 53425860
41 57 53402100
57 41 53401980
22 17 53353320
149 105 53314860
91 95 53226420
22 17 53137320
22 17 52810320
57 41 52810140
41 57 52805280
41 57 52710180
57 41 52554600
81 29 52453020
41 57 52272060
117 87 52219080
117 87 52218540
57 41 52189020
117 87 52128900
41 57 52125720
41 57 52124820
41 57 52124520
57 41 52124040
41 57 52123260
41 57 52123140
57 41 52111260
41 57 52107240
57 41 52106040
41 57 52095720
22 19 51965880
22 19 51965460
22 19 51719460
22 17 51579420
22 19 51519240
22 17 51500580
1 138 51411060
22 17 51078180
117 87 51006420
41 57 50979540
57 64 50914320
57 41 50912040
41 57 50911320
22 17 50892240
1 138 50882220
22 17 50825280
22 17 50802420
22 17 50727240
117 72 50711340
72 117 50710140
22 17 50453340
22 17 50402160
22 17 50400240
148 72 50389860
148 117 50389860
148 130 50389860
148 149 50389860
148 140 50389860
148 87 50389860
1 138 50389620
148 72 50378520
148 117 50378520
148 130 50378520
148 149 50378520
148 140 50378520
148 87 50378520
117 72 50369460
104 105 50315820
104 141 50315820
104 61 50315820
104 81 50315820
104 105 50315700
104 141 50315700
104 61 50315700
104 81 50315700
104 105 50291820
104 141 50291820
104 61 50291820
104 81 50291820
148 72 50283600
148 117 50283600
148 130 50283600
148 149 50283600
148 140 50283600
148 87 50283600
104 105 50217600
104 141 50217600
104 61 50217600
104 81 50217600
104 105 50217540
104 141 50217540
104 61 50217540
104 81 50217540
104 105 50217480
104 141 50217480
104 61 50217480
104 81 50217480
149 87 50196480
117 72 50196060
22 17 50195160
22 17 50194560
17 22 50138100
149 87 50129100
22 17 50120880
149 87 50120580
149 87 50120160
149 148 50116620
1 38 49876500
81 29 49791060
57 41 49790280
19 22 49714500
41 57 49701840
143 41 49697820
41 143 49694940
41 57 49685460
57 41 49685220
41 57 49678200
22 17 49618080
41 143 49612620
29 81 49602540
41 57 49533540
1 138 49527660
148 149 49527480
41 57 49525140
17 22 49505940
17 22 49502400
22 17 49501800
104 105 49267740
104 141 49267740
104 61 49267740
104 81 49267740
17 22 49157640
41 57 49101240
22 17 49101180
17 22 49074660
17 22 49073460
57 41 49005720
61 81 48999420
149 87 48993420
22 17 48989040
41 57 48987360
22 17 48987120
38 1 48939240
22 17 48933240
22 17 48403740
149 148 48402840
149 148 48393180
148 149 48390000
22 17 48305700
29 81 48299640
1 138 48222720
91 95 48047520
148 64 48047340
148 72 48047340
148 87 48047340
91 95 48043800
57 41 48043440
41 57 48034980
57 41 47957220
41 57 47892900
91 95 47891460
41 57 47871300
81 29 47862300
41 57 47860500
117 87 47807700
57 41 47799120
138 1 47794980
81 29 47793000
81 29 47720520
81 61 47720520
81 61 47715120
41 57 47714460
57 41 47706660
57 64 47697720
148 149 47457120
61 105 47366880
61 141 47366880
22 17 47342220
148 64 47282040
148 72 47282040
148 117 47282040
148 130 47282040
148 149 47282040
148 140 47282040
148 87 47282040
149 148 47206500
91 95 47198280
148 149 47189580
57 64 47189280
57 64 47188260
57 64 47185980
149 64 47172660
41 57 47112900
1 38 47105100
148 149 47094780
149 148 47092440
41 57 47090400
91 95 46760460
1 138 46747620
41 57 46744440
91 95 46738680
1 38 46736820
95 91 46736760
148 149 46735980
41 57 46675680
41 57 46660320
41 57 46659240
95 91 46618260
148 64 46585200
148 72 46585200
148 117 46585200
148 130 46585200
148 149 46585200
148 140 46585200
148 87 46585200
41 57 46573740
38 138 46571700
41 57 46565880
41 57 46565640
41 57 46564440
41 57 46487700
41 57 46487520
41 57 46486140
41 57 46483800
61 105 46221720
61 141 46221720
1 38 46163280
148 149 46142820
1 38 46136580
148 149 46071660
38 138 46063920
38 48 46063920
38 138 46063740
148 149 45979500
57 41 45972300
57 41 45968760
119 120 45966360
95 91 45961380
1 138 45894180
1 48 45894180
81 29 45884280
57 41 45882660
41 57 45874740
41 57 45614880
41 57 45559440
149 64 45556380
22 13 45550800
41 57 45537720
149 148 45465600
38 48 45370020
41 57 45362460
22 13 45356700
41 57 45356160
95 91 45281580
91 95 45214560
91 95 45214020
22 17 45019320
57 41 44954880
41 57 44953980
57 41 44947800
41 57 44935080
38 79 44914920
38 48 44914920
41 57 44841300
95 91 44838300
1 138 44773860
41 57 44768580
57 41 44757300
41 57 44754840
22 13 44694840
1 138 44693880
1 138 44693700
1 138 44693100
81 29 44667780
38 1 44610600
1 138 44589060
1 138 44422380
41 57 44419140
41 57 44249880
120 119 44159760
1 48 44152980
105 141 44105040
57 41 44069220
41 57 44067960
22 17 43808040
38 48 43797540
41 57 43743600
41 57 43728360
41 57 43719660
57 41 43645680
57 147 43645680
41 57 43645080
41 57 43628280
1 138 43542480
41 57 43473180
1 138 43468920
1 138 43463760
41 57 43461780
1 138 43203600
1 138 43193220
41 57 43132980
1 38 43128000
41 57 43123980
41 57 43122720
22 17 43118580
22 17 43117200
41 57 43027320
41 57 43022700
41 57 42949500
120 119 42945720
57 64 42881100
119 120 42876180
41 57 42872460
57 41 42871620
41 57 42871020
148 149 42594300
57 41 42533640
41 57 42437580
57 64 42435060
57 41 42419460
41 57 42418500
57 41 41993160
148 149 41910120
57 41 41909340
57 41 41909160
41 57 41907240
41 57 41907180
57 41 41906940
41 57 41843760
57 41 41824440
41 57 41822640
41 57 41757420
57 41 41757060
41 57 41754960
41 57 41753460
41 57 41751000
22 17 41745000
1 138 41730720
41 57 41729280
41 57 41729220
41 57 41726880
1 138 41380800
1 138 41314320
1 38 41314320
41 57 41308740
22 17 41304360
41 57 41293800
149 148 41239020
1 138 41234160
1 138 41233800
1 38 41229360
1 138 41219220
38 79 41217480
38 48 41217480
41 57 41213160
1 138 41145780
22 17 41140260
91 95 41129940
22 17 41127900
1 138 41060640
41 57 41056740
57 41 41043960
1 138 40776780
1 38 40776780
41 57 40775400
1 138 40693500
41 57 40689780
41 57 40687320
38 1 40617900
38 138 40617900
38 48 40617900
38 79 40617600
38 48 40617600
38 1 40617300
38 138 40617300
38 48 40617300
81 29 40540080
148 149 40537500
41 57 40535280
149 64 40490400
149 148 40490400
57 41 40456440
57 41 40454340
57 41 40440240
41 57 40438500
41 57 40437300
41 57 40432440
41 57 40374180
41 57 40185360
57 41 40180680
41 57 40179960
149 87 40106640
41 57 40099740
81 29 40093800
120 143 40090140
120 143 40085700
38 48 40026060
57 41 39941520
57 41 39832320
41 57 39829740
41 57 39828540
57 41 39828180
57 41 39827280
41 57 39826380
22 17 39758280
22 17 39754020
41 57 39589140
61 29 39568620
61 81 39568620
41 57 39563880
41 57 39504960
38 48 39405420
13 17 39310320
57 41 39249000
41 57 39248880
57 41 39247560
41 57 39247440
57 41 39245940
57 41 39245040
41 57 39244980
41 57 39237900
57 41 39234660
41 57 39234240
41 57 39229440
81 29 38963580
22 17 38910360
22 17 38901420
22 17 38900940
38 48 38884200
57 41 38882280
41 57 38876700
41 57 38787600
60 77 38645700
60 31 38645700
57 41 38645640
22 17 38644320
57 41 38642520
22 17 38629140
57 64 38623800
22 17 38381040
1 138 38368260
1 138 38364780
1 138 38353980
1 138 38285340
57 41 38279520
1 138 38268240
1 138 38200680
57 41 38191980
41 57 38190360
57 41 38184720
1 138 38044680
1 138 38044500
41 57 37769340
41 57 37768320
1 38 37754460
41 57 37677480
57 41 37675620
41 57 37595940
57 41 37588320
22 17 37505520
57 64 37502040
38 61 37439280
149 148 37429560
1 138 37145220
81 29 37093260
22 17 37075860
38 81 37007100
41 57 37005420
57 41 37005240
41 57 37004580
81 29 37000980
41 57 36999060
91 95 36989520
91 95 36987780
41 57 36900300
41 57 36899040
22 17 36825120
22 17 36821400
22 17 36570300
41 57 36490920
57 64 36397920
91 95 36372720
41 57 36369780
1 138 36367740
41 57 35961660
57 41 35961360
41 57 35961000
41 57 35960700
41 57 35953920
38 1 35935320
22 17 35792040
41 57 35784120
41 57 35765760
41 57 35694720
57 41 35685660
1 138 35682720
1 138 35592300
1 138 35356080
1 38 35356080
1 138 35267280
22 17 35266440
38 48 35019480
1 138 35015220
22 17 35007420
22 17 35001420
22 17 34995600
57 64 34739100
41 57 34738800
57 147 34738800
57 64 34736880
57 64 34566720
57 64 34493640
41 57 34489440
41 57 34488840
57 41 34389180
41 57 34056300
41 57 34052760
29 81 34039200
57 41 33961740
29 81 33884880
81 29 33877020
41 57 33357420
22 17 32936760
22 17 32934780
22 17 32934240
1 138 32931000
22 17 32657700
41 57 32571420
22 17 32325060
22 17 32234700
81 29 32106420
81 29 31968000
41 57 31962540
22 17 31653540
1 138 31449480
41 57 31354860
22 17 31127880
1 138 30870900
145 81 30794880
41 57 30752760
1 138 30506460
81 145 30505920
145 81 30501180
38 1 30443880
22 17 30239940
1 138 30165720
1 138 30156180
1 138 30154680
41 57 30150240
1 138 30146040
22 19 29915820
22 17 29832060
61 141 29812800
61 81 29812800
60 77 29743200
1 38 29720340
22 17 29644260
1 38 29210520
41 57 29137680
22 17 29038440
41 57 28949220
1 133 28708680
1 133 28623120
1 38 28434900
1 138 28430940
61 141 28377540
41 57 28359660
41 57 28333320
1 138 28004340
1 38 28004340
1 38 28003320
41 57 27997380
1 138 27994740
1 38 27994740
1 138 27898620
1 138 27847380
1 138 27745320
22 17 27742380
1 138 27740040
41 57 27729300
41 57 27728880
1 138 27727200
1 38 27468060
1 38 27466380
81 141 27422100
1 138 27415800
41 57 27408900
41 57 27404280
41 57 27304620
1 138 27243660
1 138 27222540
1 38 27222540
41 57 27135240
41 57 27129720
1 138 26871240
1 138 26868660
22 17 26866980
22 17 26800080
1 38 26782440
1 138 26779740
1 38 26713440
38 1 26618040
41 57 26608140
41 57 26553180
41 57 26538300
1 38 26526120
41 57 26292240
1 38 26257140
1 38 26257080
1 38 26192280
1 38 26110980
22 17 26013900
38 1 25911660
1 38 25594860
1 138 25592340
1 38 25485900
1 38 25483920
22 17 25416240
22 17 25403640
1 138 25399020
81 61 25346580
81 38 25346580
41 57 25323720
22 17 25083840
22 17 25083120
22 17 25082520
22 19 25074600
1 38 24880920
1 38 24799200
81 61 24796680
81 61 24795660
1 38 24789000
81 61 23874600
41 57 23782500
22 17 23767320
1 38 23690820
145 81 23603100
145 81 23595480
145 81 23533500
22 17 23246160
41 57 23090880
41 57 23008680
41 57 23006160
22 17 22997520
22 17 22914960
41 57 22914420
1 138 22904400
1 38 22904400
1 138 22637460
22 17 22635720
22 17 22553880
1 38 22490460
41 57 22463820
1 38 21989520
41 57 21362340
22 17 21338760
1 138 21276900
1 133 21276900
1 38 21268440
41 57 21254880
22 17 21251940
22 17 21187560
22 17 21175560
22 17 21169500
41 57 21105480
41 57 21101160
41 57 20820480
1 38 20599560
1 38 20581500
1 38 20579460
1 138 20141340
1 38 20141340
1 138 20135820
1 138 20134560
1 138 20126700
1 38 20126700
1 38 20090040
1 138 20053800
1 138 20048340
1 138 19986180
1 138 19959480
1 138 19957080
22 17 19895940
1 138 19895520
1 38 19895520
1 38 19893420
1 138 19891920
1 138 19891860
1 138 19889760
1 138 19889400
1 138 19889340
1 138 19888800
1 138 19888020
1 138 19887900
1 138 19887840
1 138 19884840
1 138 19879860
1 138 19879020
1 138 19878960
1 138 19878900
1 138 19878840
1 138 19878780
1 138 19878720
1 138 19878660
1 138 19878600
1 38 19877040
41 57 19869840
1 38 19559760
1 38 19529160
22 13 19376640
22 13 19376280
41 57 18680700
104 141 8380200
