0 1 98277034
0 2 98277034
0 3 98277034
1 2 97318911
0 1 94536423
1 7 93959039
4 1 93771773
1 4 93160868
7 1 91259678
1 4 91022831
4 1 90933594
1 4 90911045
1 4 90849111
1 4 90834448
4 1 90747384
4 7 90747384
10 6 90675787
10 11 90675787
13 14 90675048
13 14 90674917
13 14 90674878
13 14 90674853
13 14 90674823
13 11 90673667
13 11 90671818
15 14 90647173
15 9 90647173
8 11 90408061
8 16 90408061
13 9 90404005
0 3 90398430
1 7 90396937
18 19 90392693
18 14 90392693
0 2 90331835
1 7 90309170
13 14 90241911
13 11 90241911
13 8 90142424
15 17 90041449
6 17 89799204
17 11 89789210
1 7 89736961
1 20 89731765
7 1 89701063
0 2 89623042
0 3 89619980
1 7 89612644
17 8 89548148
10 8 89473036
13 11 89472341
11 14 89469150
2 0 89466121
6 10 89216360
13 8 89209691
13 23 89200545
12 10 89200087
3 2 89197321
2 3 89194301
24 25 89192459
14 13 89187933
1 21 89181598
1 21 89180657
19 9 89177251
1 21 89117925
6 13 89114664
6 17 89114664
2 3 89111636
20 9 89057040
11 10 89038219
1 21 89026162
1 7 89019955
6 10 89019431
2 3 88954030
13 14 88951540
19 9 88867739
14 13 88865811
14 11 88837878
11 13 88600899
6 13 88600678
8 17 88599790
1 4 88588058
17 13 88585821
17 13 88584870
17 13 88583229
17 14 88583229
11 14 88582509
11 16 88582509
11 17 88582509
1 4 88579133
26 27 88532323
26 29 88532323
26 31 88532323
19 14 88523527
10 13 88520978
32 18 88515148
1 7 88493137
13 17 88422518
1 4 88351892
34 7 88328288
4 1 88250949
1 4 88250796
23 8 88245879
8 23 88243575
19 17 88006415
14 13 87981599
8 11 87974543
19 14 87974405
19 9 87966828
14 11 87910506
1 21 87816324
20 8 87805277
35 21 87734436
6 15 87728721
23 8 87720978
23 8 87716991
15 13 87708644
35 21 87378987
8 16 87377373
2 0 87375266
19 9 87369210
18 9 87317189
9 20 87310435
17 8 87302590
17 16 87302590
2 0 87294875
11 16 87283420
12 44 87283016
8 23 87227241
9 19 87221191
10 14 87217028
38 46 87205072
19 13 87202241
3 2 87132490
46 36 87131901
8 23 87111665
14 13 87055787
13 17 87055515
12 16 87050971
0 3 87049351
38 35 87029626
49 35 87022899
49 42 87022899
49 39 87022899
58 2 86791613
19 9 86778071
20 17 86700979
13 10 86695249
20 12 86675042
4 7 86673567
61 63 86640157
61 27 86640157
61 52 86640157
61 57 86640157
61 60 86640157
61 84 86640157
61 86 86640157
61 63 86625757
61 65 86625757
61 27 86625757
61 52 86625757
61 53 86625757
61 47 86625757
61 31 86625757
61 38 86625757
90 74 86619818
61 26 86619549
92 66 86619374
81 70 86610963
81 52 86610963
81 77 86610963
81 60 86610963
81 25 86610963
81 85 86610963
81 89 86610963
91 29 86607690
40 95 86600978
40 29 86600978
81 60 86596563
81 44 86596563
62 77 86591803
61 71 86556305
61 43 86556305
61 85 86556305
61 44 86556305
81 28 86550104
26 70 86546943
26 29 86542849
61 27 86541905
61 28 86541905
61 52 86541905
61 81 86541905
61 25 86541905
61 44 86541905
81 82 86539725
81 61 86535744
81 77 86535704
81 43 86535704
81 44 86535704
13 14 86535204
0 28 86535196
0 71 86535196
0 2 86520338
30 44 86519521
26 89 86515040
89 26 86514965
14 13 86506486
1 4 86505935
42 43 86505799
0 28 86505768
71 37 86448387
71 82 86448387
71 58 86448387
4 3 86446199
49 96 86441643
49 43 86441567
49 42 86441567
19 15 86437413
88 89 86433149
61 73 86431270
61 56 86431270
61 43 86431270
81 61 86427082
0 4 86425186
36 53 86423497
36 80 86423497
36 53 86423393
36 80 86423393
14 8 86420670
13 16 86418081
19 9 86413765
81 44 86373691
93 70 86356736
93 81 86356736
26 81 86280708
81 70 86275512
67 90 86270708
81 44 86254411
26 81 86200166
81 73 86196287
93 70 86189894
13 11 86189099
13 17 86189099
81 93 86185323
26 73 86179338
26 77 86179338
26 89 86179338
36 96 86177367
92 66 86176262
97 96 86173656
96 97 86173523
93 73 86169976
11 16 86165421
13 14 86165332
92 87 86163383
92 87 86161862
16 11 86159888
96 97 86159081
1 7 86157110
26 27 86115188
36 52 86110256
6 13 86102778
6 14 86102778
0 66 86100078
0 2 86100078
36 61 86097833
38 47 86093918
38 35 86093918
38 21 86093918
38 35 86093707
13 17 86086977
0 30 86086157
0 89 86086157
14 16 86082945
93 28 86080940
92 87 86079400
97 96 86078972
28 76 86077796
97 96 86077063
93 70 86073430
57 49 86072942
97 49 86069646
25 42 86012490
26 36 86012257
93 26 86010242
26 31 86009067
97 96 86003714
97 49 86003714
93 28 86001535
93 44 86001535
0 37 86000691
0 26 86000691
36 38 86000677
14 8 85996722
14 11 85996722
14 17 85996722
38 52 85994813
61 88 85993489
26 93 85989679
0 27 85989633
93 71 85986855
93 26 85986855
1 21 85986140
14 13 85931149
14 12 85931149
8 17 85929120
0 66 85925518
0 2 85925518
56 36 85917113
13 17 85909082
89 88 85902601
81 73 85894174
81 93 85893564
81 70 85892517
93 28 85844659
39 95 85843469
39 40 85843469
30 25 85838991
30 36 85838991
49 97 85838962
26 93 85837937
25 97 85835194
66 92 85833408
49 97 85831469
96 97 85819607
96 97 85818586
97 41 85818248
97 96 85812977
81 73 85808322
26 36 85772033
70 81 85583906
13 11 85570946
103 81 85477179
97 96 85476004
3 2 85473147
81 44 85471936
13 14 85470319
12 13 85468733
0 71 85335502
104 108 85326926
81 44 85313794
10 14 85306193
17 8 85305015
11 14 85298019
11 16 85298019
26 81 85290623
15 17 85289472
36 26 85254077
26 81 85243167
81 73 85240813
81 93 85220635
26 30 85126110
30 26 85125507
26 30 85048048
0 4 84993197
81 73 84983761
81 36 84983761
2 4 84973076
8 33 84970397
8 17 84970397
8 23 84970397
13 10 84970240
12 10 84969430
11 14 84969350
97 49 84968504
97 43 84958773
97 25 84958550
13 11 84953499
13 16 84953499
13 17 84951367
13 15 84947325
13 11 84947325
0 71 84907671
0 2 84907671
89 49 84903771
81 103 84898778
13 10 84894227
13 17 84892516
87 66 84885750
110 93 84882203
49 89 84877868
49 99 84872301
99 49 84866713
17 8 84866227
0 71 84820190
104 106 84811762
104 18 84811762
93 113 84809776
26 73 84804966
26 81 84804966
104 61 84803774
104 107 84803774
49 25 84798479
114 74 84794137
26 30 84793890
26 31 84793890
95 83 84788431
40 111 84785354
40 83 84785354
12 9 84782839
12 17 84778311
97 49 84709232
97 49 84707644
0 37 84648246
0 87 84648246
6 15 84634352
80 46 84621358
13 14 84621049
14 13 84612162
14 16 84612162
19 13 84597846
19 9 84543684
81 26 84453066
81 88 84379444
104 106 84375788
104 61 84375788
104 18 84375788
104 70 84369530
104 105 84367795
104 18 84367795
12 10 84356487
12 23 84356487
11 14 84353707
11 16 84353707
49 97 84353118
35 38 84348928
11 17 84344619
97 49 84283010
97 96 84282993
104 61 84280283
104 108 84280283
49 96 84279976
13 11 84275629
19 15 84273966
70 105 84268343
70 61 84268343
81 70 84268243
60 76 84267266
10 13 84263510
13 8 84260938
13 17 84256514
49 97 84256182
13 17 84200258
49 97 84184230
104 61 84176069
104 108 84176069
0 66 84123152
0 44 84123152
81 70 84116591
81 26 84116591
81 88 84116591
13 14 84104485
112 93 84096976
81 88 84093517
98 81 84092038
62 42 84091573
62 85 84091573
13 17 84087443
104 73 84019464
104 105 84019464
104 106 84019464
104 107 84019464
47 37 84018554
26 68 84014068
49 96 84007989
19 9 84007643
13 17 84005266
13 17 84004512
49 25 84003917
13 14 84002626
13 17 84000092
104 105 83993921
104 107 83993921
88 81 83830802
81 44 83774509
93 81 83767106
97 96 83757555
97 49 83757435
49 97 83756023
0 26 83753427
0 3 83753427
11 17 83747743
81 88 83744089
81 88 83740139
44 81 83690196
81 44 83689881
13 17 83683796
2 3 83680443
81 44 83679597
87 66 83672164
111 91 83663515
19 13 83662832
50 41 83662273
30 27 83661921
81 88 83605076
81 43 83603809
81 36 83603809
0 66 83603438
0 26 83603438
44 81 83602216
81 44 83601482
13 14 83591678
88 81 83591472
81 93 83584120
81 25 83583382
25 81 83582953
90 67 83578044
78 37 83575951
88 81 83575751
81 29 83572337
81 93 83571783
90 118 83571549
49 97 83570664
71 81 83568517
13 11 83568345
26 27 83431026
26 98 83431026
26 27 83430365
26 98 83430365
26 30 83430365
19 8 83416476
90 67 83412342
90 102 83412342
81 93 83410003
81 26 83410003
81 107 83407251
94 81 83397741
94 81 83397670
81 94 83397218
81 107 83395099
10 11 83160797
20 22 83158265
13 11 83156915
81 88 83152590
119 120 83147051
82 81 83146003
11 13 83137309
0 3 83089472
0 2 83082663
81 43 83079062
81 38 83079062
62 25 83069170
25 43 83052645
3 0 82973662
4 5 82972407
26 30 82616767
112 93 82542898
11 13 82542337
78 25 82536905
17 10 82536181
93 123 82463979
13 14 82460482
4 71 82460197
0 2 82456889
33 17 82455307
81 73 82392592
94 81 82390573
58 95 82386051
89 27 82376790
112 93 82372463
41 97 82364111
112 93 82363886
41 96 82363833
95 55 82363613
16 13 82362529
8 13 82361447
97 49 82274399
40 39 82271629
33 20 82269340
68 27 82265069
17 13 82214524
104 107 82207419
104 108 82207419
13 17 82195973
112 93 82191598
112 17 82191598
13 14 82186231
93 26 82185944
93 27 82185847
93 71 82185847
93 110 82185847
26 71 81965296
17 14 81949773
17 11 81949773
11 13 81949328
53 81 81945861
11 14 81943851
88 81 81941541
93 87 81938460
91 49 81863878
49 91 81862426
120 85 81860679
49 97 81857562
37 0 81856087
97 49 81854824
49 97 81852634
62 77 81851481
120 85 81850304
81 111 81848963
81 84 81848963
30 53 81848366
122 42 81848103
120 119 81847501
121 53 81846803
13 17 81844335
125 55 81842223
8 19 81837165
13 10 81788767
33 20 81779912
112 113 81772159
112 93 81768617
112 113 81768617
17 13 81765828
112 93 81761740
120 124 81760392
9 11 81757537
11 17 81755352
30 62 81750983
14 10 81696992
8 17 81695621
62 30 81692156
0 4 81684790
111 83 81684314
100 28 81683237
93 71 81682104
19 9 81674369
97 96 81672552
13 10 81670479
13 33 81667931
9 12 81667489
8 33 81608314
40 95 81601467
14 16 81599086
111 83 81598776
13 8 81590118
98 32 81589564
81 27 81586854
81 111 81586854
81 43 81586854
81 107 81586854
88 81 81582759
81 88 81528982
19 9 81338698
20 23 81333639
97 49 81333454
14 17 81323037
19 9 81322626
81 36 81316887
4 2 81276914
112 113 81267967
33 20 81265512
112 93 81265225
91 40 81261175
97 49 81258946
40 95 81256088
11 13 81253938
10 13 81239708
10 17 81239708
88 81 81188771
78 85 81182394
38 48 81169389
123 18 81166320
81 93 81148253
91 79 81095353
112 93 81094233
19 17 81067910
33 18 81065839
58 111 81064280
58 44 81064280
58 95 81064242
58 44 81064242
81 36 81062131
19 20 81056049
19 23 81056049
97 38 81020376
91 95 81012296
11 13 81003248
2 3 80983850
81 123 80977667
40 95 80974636
49 75 80973387
49 101 80973387
49 57 80973387
49 25 80973387
33 22 80972688
44 81 80936738
93 112 80933198
22 10 80898234
93 113 80821194
4 37 80809769
113 93 80745838
68 128 80742653
115 50 80732527
19 9 80731398
11 17 80722118
62 35 80718805
61 81 80714180
61 108 80714180
9 19 80675372
91 40 80665227
124 120 80657700
92 66 80657242
40 95 80654247
40 79 80654247
68 76 80652048
58 95 80650768
46 35 80640696
13 11 80639849
81 129 80639351
35 126 80639101
33 20 80638959
9 12 80633925
9 33 80631183
19 9 80576082
91 79 80575423
91 83 80575423
111 78 80559376
10 11 80555906
20 23 80554492
9 19 80552700
70 81 80548176
20 23 80546183
20 23 80541862
23 13 80494084
20 22 80489875
20 9 80489875
20 9 80489131
20 23 80489131
20 23 80488828
89 88 80488733
91 95 80488177
91 111 80488177
23 13 80487009
97 49 80482343
13 17 80480018
0 55 80479593
0 58 80479593
20 23 80478212
20 23 80477291
19 15 80476081
81 85 80472168
37 131 80471612
23 20 80471523
20 23 80469887
123 113 80469104
32 98 80464875
0 80 80462618
37 81 80462046
13 16 80461956
81 44 80461526
82 2 80457853
61 108 80407428
91 40 80400360
91 83 80400360
10 14 80399824
20 23 80399512
23 20 80399319
66 92 80397533
55 82 80395730
6 20 80393637
78 111 80389241
20 22 80389102
20 23 80385412
78 37 80383400
66 90 80383133
20 23 80380572
95 111 80380500
82 71 80379945
62 42 80378916
20 23 80374611
81 113 80372720
95 111 80371346
113 81 80369684
11 8 80368624
49 56 80367252
49 43 80367252
49 101 80367252
49 25 80367252
94 5 80213294
20 8 80208879
17 10 80202159
17 12 80202159
20 23 80158938
20 33 80138244
49 56 80128801
49 78 80128801
49 120 80128801
49 57 80128801
49 25 80128801
49 122 80128801
91 111 79975238
2 44 79962777
82 71 79961881
8 20 79961694
20 8 79961691
112 93 79959967
29 132 79958532
10 12 79953356
0 55 79952432
0 2 79952432
0 3 79952432
0 44 79952432
124 120 79950802
20 11 79947160
20 23 79947138
20 23 79946653
20 18 79946517
11 13 79945912
11 8 79945912
11 17 79945912
113 93 79943532
11 23 79941443
0 2 79940597
82 0 79940311
82 44 79940097
113 112 79939873
85 124 79936782
78 49 79935999
123 106 79894582
49 122 79894264
91 95 79886487
91 111 79886487
25 43 79886377
25 121 79886377
10 13 79883105
10 8 79883105
10 17 79883105
33 20 79882228
9 19 79877181
10 13 79876378
2 0 79874473
82 44 79874320
25 49 79874101
20 22 79873289
20 23 79868624
35 39 79868463
8 10 79867929
8 17 79867668
25 51 79866990
25 43 79866990
78 37 79864978
8 13 79863378
8 17 79863378
17 13 79862076
23 20 79862063
0 2 79861151
20 23 79860063
17 23 79858643
113 93 79856606
113 123 79856606
113 123 79850291
29 83 79847397
29 48 79847397
113 93 79844385
88 81 79813571
2 0 79798492
25 75 79798118
25 43 79798118
82 58 79797117
10 13 79795362
19 9 79795149
61 81 79790051
71 4 79790043
78 85 79789202
41 57 79788923
41 7 79788511
41 50 79788386
25 51 79788050
25 75 79788050
25 121 79788050
25 85 79788050
78 101 79782907
124 119 79781432
41 115 79779007
41 115 79778805
25 101 79778404
78 101 79778038
78 85 79778038
111 78 79777940
33 18 79776837
85 120 79776673
94 5 79776114
10 17 79776016
66 114 79775528
93 113 79775416
17 10 79774079
17 12 79774079
93 112 79772750
4 71 79772231
112 93 79770895
20 23 79770485
10 14 79769561
10 17 79769561
94 70 79689373
94 5 79628542
20 23 79627695
15 17 79610093
22 17 79539242
13 17 79536464
20 22 79536381
123 61 79534603
3 2 79533832
82 37 79532574
113 73 79528966
113 26 79528966
10 12 79528663
95 111 79528068
41 7 79523012
78 49 79519356
11 15 79517766
11 13 79517766
113 93 79515825
113 112 79515825
92 66 79507235
92 74 79507235
55 82 79455335
26 31 79453607
82 55 79452450
19 9 79452271
82 55 79448723
66 117 79448337
66 92 79448337
131 55 79446893
82 58 79444184
132 46 79440857
73 132 79440246
70 5 79440127
123 61 79438484
9 15 79436221
9 19 79436221
23 17 79435852
13 11 79434426
92 66 79432428
49 56 79431319
71 81 79429466
28 100 79428537
94 44 79427938
55 78 79427626
100 28 79426439
120 85 79425491
120 119 79422482
93 113 79419250
11 14 79417646
97 35 79367623
131 55 79367187
91 111 79365665
4 71 79360708
6 8 79360509
6 17 79360509
6 11 79358867
131 37 79358646
3 58 79356854
13 17 79355384
3 0 79355277
3 58 79355277
73 133 79352266
25 101 79350960
25 85 79350960
25 122 79350960
112 93 79349137
119 56 79346746
56 119 79346226
20 23 79346144
119 56 79346088
119 124 79345979
20 23 79345805
40 29 79345577
126 38 79345231
82 71 79344609
61 18 79340773
113 93 79340611
113 112 79340611
14 8 79340409
25 49 79338091
97 49 79335054
22 20 79333623
20 22 79330076
93 113 79329462
55 78 79329420
97 46 79281939
97 47 79281939
97 35 79281939
97 127 79281939
97 35 79280961
91 79 79277841
66 87 79275275
133 73 79274976
17 23 79274494
25 62 79274371
113 93 79274304
40 111 79274087
16 10 79273795
93 28 79270580
112 93 79267393
120 85 79265631
97 91 79264753
8 23 79264501
20 22 79262708
40 79 79260216
49 121 79259713
97 96 79259356
20 18 79258477
70 94 79249974
70 5 79249974
132 79 79248365
82 55 79247479
49 56 79244333
97 1 79195684
97 21 79195684
97 39 79195684
132 52 79192929
10 13 79188387
107 81 79183342
112 93 79183298
25 42 79179968
111 95 79179035
68 45 79177292
22 10 79173615
52 132 79171983
70 2 79171641
70 5 79171641
82 58 79170262
82 58 79170175
68 45 79169972
19 9 79168291
120 119 79166010
17 8 79164372
61 108 79158031
20 18 79095916
20 22 78932692
20 18 78931281
37 124 78923522
1 126 78923349
33 9 78921328
93 9 78919040
53 81 78912550
124 119 78912067
131 124 78911330
93 113 78910425
93 113 78899306
20 22 78894598
20 22 78854182
20 23 78853685
87 92 78849647
2 55 78848495
6 13 78847210
113 112 78846661
91 111 78843878
91 40 78843878
91 83 78843804
23 20 78842145
95 111 78838138
112 93 78837319
40 111 78835416
121 49 78832670
41 57 78827194
57 41 78822855
131 55 78818553
49 42 78810930
49 25 78810930
58 0 78810606
20 33 78772787
81 29 78764963
81 111 78764963
81 25 78764963
61 123 78763814
61 106 78763814
61 81 78763814
61 18 78763814
82 71 78760156
82 37 78760156
82 55 78760156
35 53 78757064
35 48 78757064
6 15 78755959
61 70 78754737
61 123 78754737
61 129 78754737
61 81 78754737
23 20 78753675
112 93 78744153
93 113 78743419
2 82 78741757
49 75 78737990
2 82 78736385
2 0 78736385
8 17 78735737
33 18 78734254
9 19 78729955
0 2 78729050
0 44 78729050
97 49 78728610
93 113 78725755
35 62 78724167
40 95 78722611
40 111 78722611
91 40 78675034
82 55 78673253
19 13 78672057
19 9 78672057
82 37 78667348
82 55 78667348
120 85 78667347
16 13 78664200
16 17 78664200
26 27 78662004
2 58 78661729
78 111 78656325
23 18 78649816
71 69 78649804
20 23 78646817
17 23 78645477
49 42 78639793
91 111 78591361
91 83 78591361
22 10 78587546
82 71 78583079
112 93 78581862
93 113 78580656
0 58 78575882
41 57 78575189
25 85 78575012
17 13 78573682
13 17 78572982
112 85 78569673
34 54 78569168
25 42 78569132
25 85 78569132
120 124 78566970
20 33 78561501
81 44 78558794
85 31 78556302
97 49 78554728
81 73 78552945
81 108 78552945
20 22 78549021
23 20 78424795
112 123 78330455
8 13 78326287
111 78 78323368
8 17 78322425
112 85 78319832
93 113 78319467
58 44 78319082
58 95 78317937
93 113 78315583
44 58 78315463
93 112 78314607
14 13 78313142
132 52 78311870
11 8 78311446
53 42 78309336
106 73 78308661
111 95 78306326
111 95 78305906
57 41 78304137
57 41 78303825
93 112 78300949
33 9 78299994
78 55 78298851
53 81 78297602
93 113 78252771
93 112 78246603
93 113 78246603
112 113 78245696
13 14 78244786
1 39 78238870
44 71 78238824
2 0 78238129
58 0 78224011
58 95 78219888
58 0 78219854
55 85 78216046
14 13 78215932
85 55 78211417
72 90 78207225
131 37 78158721
37 131 78157095
91 95 78155222
112 85 78153962
82 58 78152871
78 25 78152460
53 95 78152194
23 33 78149655
120 85 78148234
58 111 78146441
25 52 78144978
120 85 78144472
57 41 78139177
112 93 78133610
103 94 78132010
103 94 78131284
82 58 78131053
53 95 78129799
2 58 78129350
25 52 78127518
82 71 78125699
91 49 78125483
49 91 78124618
82 58 78123966
113 112 78122156
18 20 78121225
49 48 78120760
97 99 78074323
42 53 78072332
112 93 78068574
112 113 78067930
91 111 78066352
91 83 78066352
44 71 78064951
131 37 78063432
23 17 78060922
29 91 78060469
82 2 78057649
3 82 78057240
3 58 78057240
115 50 78056009
82 58 78050078
8 17 78047340
1 126 78045006
44 58 78044410
82 58 78041817
17 23 78041702
17 8 78041543
113 93 78038064
90 102 77985901
100 28 77983537
112 93 77983182
91 40 77981811
91 79 77981811
91 83 77981811
113 123 77980607
97 53 77976302
16 8 77970760
44 94 77966536
112 85 77963869
129 107 77957117
96 97 77956693
17 23 77956128
90 135 77954576
90 72 77954576
23 13 77953509
93 112 77949892
93 112 77949394
19 9 77943595
13 16 77898619
25 42 77894997
25 121 77894997
25 56 77894723
25 43 77894078
25 111 77826431
86 135 77783915
92 66 77721361
92 87 77721361
0 3 77718494
6 15 77718213
93 113 77717149
129 81 77715807
129 81 77715642
14 13 77714934
70 5 77713828
82 58 77712959
82 44 77712959
70 44 77712376
44 2 77711940
33 17 77711408
113 93 77710791
27 26 77708088
14 8 77708078
14 11 77708078
97 125 77707699
2 82 77705911
2 82 77704359
13 14 77704352
117 74 77703472
74 130 77703471
88 107 77701650
36 25 77696199
120 124 77696146
93 113 77694644
129 107 77692022
120 85 77691705
11 13 77686683
120 85 77635625
43 52 77631874
90 65 77631064
101 51 77630124
85 112 77629937
93 113 77629781
93 112 77629377
23 8 77629105
29 91 77624199
93 5 77621788
97 96 77621560
66 92 77621440
7 41 77612752
9 33 77611649
119 124 77610860
62 85 77609253
14 13 77609207
14 17 77609207
129 107 77607059
107 129 77606158
9 20 77601989
18 33 77599933
62 64 77599103
93 113 77598783
93 113 77598782
123 107 77562028
86 65 77554560
86 135 77554560
86 117 77554560
86 90 77554560
9 19 77553553
93 5 77553217
22 105 77549019
9 19 77545888
14 13 77544840
100 59 77540537
80 131 77534164
13 14 77532996
81 29 77531508
26 28 77531328
62 42 77531116
62 31 77531116
78 55 77527937
64 87 77527873
23 17 77523730
40 95 77522671
40 83 77522671
17 23 77519289
78 55 77518117
25 125 77478632
55 131 77465788
2 3 77464532
26 100 77464267
13 16 77461251
91 111 77460945
66 92 77460536
23 17 77452098
0 58 77451792
9 12 77449979
20 18 77444942
81 129 77444763
124 37 77441687
112 93 77437797
112 113 77437797
113 112 77437617
6 13 77436901
112 93 77435379
120 124 77432776
0 55 77431224
11 13 77427221
81 61 77426781
20 88 77425935
20 23 77424809
22 10 77392260
90 65 77382200
90 117 77382200
25 42 77379563
104 73 77376049
104 123 77376049
104 106 77376049
104 81 77376049
104 107 77376049
104 18 77376049
25 121 77373032
4 71 77370813
112 93 77367717
36 25 77364582
131 37 77364486
0 55 77364485
0 2 77364485
18 22 77363352
55 131 77362288
78 83 77361773
3 2 77361681
3 58 77361681
3 44 77361681
131 55 77361579
77 129 77361242
112 93 77361084
91 97 77360111
0 44 77359848
112 113 77359824
112 123 77358741
46 52 77357438
46 111 77357438
6 23 77357208
103 29 77356904
131 37 77352620
56 51 77352320
13 17 77351290
57 25 77350887
120 124 77350347
120 37 77348600
23 17 77348093
0 44 77346495
44 82 77345250
113 93 77344254
80 131 77339709
123 105 77275014
123 106 77275014
112 93 77178142
14 10 77130840
112 123 77121306
112 13 77119258
91 111 77113163
14 16 77113156
14 20 77112855
90 72 77112767
90 65 77110271
90 72 77110271
0 55 77108491
0 44 77108491
0 58 77106517
0 44 77106517
113 112 77105298
113 123 77105298
55 36 77099200
93 113 77094416
90 72 77092064
82 0 77090301
23 20 77089594
93 113 77086332
112 123 77085131
11 13 77084251
11 14 77084251
11 16 77084251
120 124 77084046
120 85 77083310
2 82 77083081
56 51 77077568
91 95 77029827
91 111 77029827
91 79 77029827
106 123 77026826
75 57 77024855
23 20 77006424
23 20 77005316
89 91 77005187
37 124 77002930
13 11 76999918
13 16 76999918
51 56 76992771
93 113 76958132
70 71 76945625
2 0 76944220
2 0 76942164
91 79 76942048
113 93 76941714
112 93 76940217
132 50 76939289
112 85 76938917
124 120 76936023
113 93 76934803
113 123 76934803
37 85 76934662
3 55 76932233
3 2 76932233
3 0 76932233
112 93 76931249
112 113 76931249
83 46 76922468
25 56 76921726
25 42 76920803
25 57 76920803
25 85 76920803
25 101 76918749
25 136 76918749
129 73 76918358
124 56 76914134
112 93 76912942
25 57 76907399
90 117 76862019
90 102 76862019
37 120 76859835
37 85 76859835
37 124 76859835
91 79 76858299
13 11 76855970
14 13 76850567
44 82 76850563
44 58 76850563
112 93 76848852
37 85 76848782
2 82 76845387
25 57 76844231
100 59 76843902
0 44 76843526
28 76 76843434
113 123 76840239
90 117 76837164
44 0 76837122
85 120 76836528
2 82 76832757
37 120 76828500
13 14 76827011
2 44 76824843
41 97 76821456
37 85 76777039
20 23 76771113
91 111 76770830
91 40 76770830
91 83 76770830
112 93 76768068
100 59 76763773
25 56 76754700
25 42 76754700
25 57 76754700
25 136 76754700
119 124 76751530
112 113 76748291
117 90 76747521
26 81 76746208
25 85 76744892
127 49 76735585
42 121 76574076
136 75 76504108
136 43 76504108
136 79 76504108
120 85 76503198
120 85 76502356
42 25 76501212
85 43 76494602
25 42 76488855
25 101 76488855
25 57 76488855
25 85 76488855
122 57 76482389
122 25 76482389
25 57 76482328
25 75 76480925
25 101 76480925
25 57 76480925
25 122 76480925
93 113 76478546
91 79 76425385
0 55 76420080
125 38 76412553
111 48 76407391
80 55 76407273
112 113 76407003
78 37 76405047
112 93 76401940
93 123 76401399
111 95 76400575
111 29 76400575
2 44 76399858
58 55 76395510
62 85 76394862
9 19 76390503
93 112 76344313
93 113 76344313
91 40 76337562
91 79 76337562
91 83 76337562
120 85 76335027
37 120 76334828
22 17 76333648
9 33 76332130
82 44 76331501
129 81 76330600
92 66 76327191
112 93 76327083
58 44 76323881
19 11 76323500
88 115 76320476
56 25 76317512
92 87 76316391
106 32 76314256
119 120 76313095
119 124 76313095
122 25 76310978
25 42 76310392
25 101 76310392
25 57 76310392
25 85 76310392
12 22 76309606
123 113 76304315
97 91 76303793
25 43 76301692
93 112 76256903
3 82 76252737
3 58 76252737
97 96 76250689
23 8 76244179
68 45 76242934
112 93 76238497
93 113 76236428
40 111 76234120
15 11 76231500
8 23 76230258
13 8 76228636
112 93 76227971
23 33 76226424
112 113 76225990
2 44 76219146
113 123 76218103
2 44 76218072
53 36 76216772
80 131 76215687
112 93 76190041
91 111 76165920
91 79 76165920
2 78 76161770
81 88 76161440
44 82 76157803
82 2 76156980
13 8 76153863
13 17 76152300
13 16 76151587
13 16 76151467
13 17 76151467
9 19 76148346
105 22 76147968
105 70 76147968
112 123 76146391
0 55 76141122
0 3 76141122
112 93 76140919
19 33 76139874
93 112 76139796
93 113 76138600
14 13 76137993
82 2 76135707
113 123 76132168
29 111 76131860
93 113 76131763
2 82 76131356
20 88 76129534
20 23 76129534
111 95 76129246
111 83 76129246
15 19 76127569
93 112 76061515
13 6 76059671
112 123 76054360
23 20 75985389
23 20 75976685
58 0 75906977
91 111 75906219
91 83 75906219
120 37 75905072
123 113 75903725
123 113 75903587
88 51 75901017
88 52 75901017
88 53 75901017
88 7 75901017
88 138 75901017
88 106 75898479
112 5 75898388
88 106 75897386
88 129 75897386
0 58 75893497
113 123 75892157
20 23 75885320
93 113 75871585
44 58 75830014
93 113 75829747
93 113 75829260
91 95 75821526
91 83 75821526
20 23 75819733
81 33 75815106
125 25 75806213
44 70 75795358
56 25 75792290
103 107 75787234
62 51 75744686
62 56 75744686
62 42 75744686
62 25 75744686
86 72 75742129
86 102 75739333
112 123 75733314
86 65 75731329
86 72 75731329
86 117 75731329
2 82 75730011
97 91 75728585
131 78 75726652
103 107 75721873
0 82 75721612
0 3 75721612
0 58 75721612
56 24 75721079
58 44 75720133
90 65 75718522
8 23 75714624
58 82 75712965
58 2 75712965
58 44 75712965
0 82 75711774
78 111 75710249
88 104 75710150
111 78 75710021
131 55 75709627
119 56 75708492
119 124 75708492
17 22 75703836
17 13 75703836
57 62 75701803
44 2 75653111
88 103 75652610
112 81 75644776
119 37 75644070
23 17 75641678
13 14 75641550
112 93 75637060
111 95 75634756
111 29 75634756
25 42 75634270
82 2 75630294
62 25 75626757
41 57 75626565
78 55 75625536
2 82 75623921
53 81 75622617
70 94 75621178
0 55 75618635
0 3 75618635
25 121 75614469
25 122 75614469
25 101 75611155
25 121 75611155
25 122 75611155
62 121 75574953
112 123 75568695
91 111 75561201
112 93 75559228
9 8 75558956
9 23 75558956
37 120 75556876
85 124 75554977
17 11 75554233
22 70 75552738
19 9 75552356
2 82 75547999
19 9 75545887
90 135 75539661
2 82 75538985
112 93 75538492
112 123 75538492
112 123 75535396
112 113 75535396
121 136 75534376
55 2 75531845
119 124 75531300
90 65 75531252
90 86 75531252
85 124 75529439
90 102 75528890
70 104 75528875
85 120 75526779
93 112 75526406
123 113 75526346
137 68 75489054
121 42 75360287
0 58 75294914
78 111 75294833
78 111 75294556
100 28 75287581
85 25 75287261
25 42 75285948
25 122 75285948
26 28 75285045
111 47 75280288
68 32 75280057
112 113 75279206
5 70 75278406
12 14 75275939
26 60 75275158
58 82 75274597
11 13 75272559
11 16 75272559
44 82 75219665
112 81 75215397
13 14 75215204
66 114 75215156
26 84 75209389
100 28 75205091
13 16 75204823
117 74 75204332
82 58 75204165
92 74 75203988
112 123 75202756
112 113 75202658
112 81 75202012
22 19 75195723
22 18 75195723
119 56 75194682
105 5 75193843
20 23 75191671
76 28 75190316
113 73 75188745
12 13 75187713
25 121 75187159
78 55 75186832
25 24 75186755
13 17 75186736
25 122 75186677
78 55 75184476
113 123 75183862
81 46 75182245
81 52 75182245
81 98 75182245
81 38 75182245
81 124 75182245
20 23 75178078
15 13 75177197
26 81 75175998
26 81 75143453
91 95 75131609
91 79 75131609
112 93 75128917
112 113 75128917
29 79 75123687
11 19 75118141
81 120 75110828
81 38 75110828
100 59 75109935
88 81 75109741
2 3 75108069
2 44 75106473
90 65 75105737
112 123 75103390
112 113 75103390
8 33 75102487
22 33 75101508
55 78 75100551
100 63 75099595
92 74 75098296
78 55 75097195
121 43 75094620
97 96 75043278
123 73 75042982
91 95 75042507
120 85 75041423
9 22 75040767
85 25 75038833
25 85 75037398
131 78 75031465
131 80 75028143
33 18 75027836
35 49 75024866
1 126 75022829
66 87 75022053
9 22 75020103
2 44 75018634
2 82 75016625
129 73 75015093
40 29 75012856
33 22 75009330
123 106 75008789
33 17 75008667
2 44 74959154
66 92 74956499
112 93 74954528
112 93 74953643
112 93 74952431
70 94 74951275
112 81 74950534
28 100 74941699
28 76 74941698
113 112 74934018
14 16 74931745
112 113 74925373
20 17 74919999
15 19 74917980
13 14 74871477
112 123 74697380
131 80 74694073
112 93 74690518
112 123 74690518
112 113 74690518
112 93 74689224
100 28 74688738
18 106 74687425
18 106 74683941
112 93 74683270
111 78 74682425
13 17 74681122
11 13 74677998
112 93 74677155
85 43 74674388
132 52 74667529
19 9 74665531
13 14 74662614
105 5 74611062
85 124 74610870
22 13 74605328
22 20 74605328
8 13 74604568
112 113 74601215
112 73 74600618
112 81 74600618
78 55 74600025
112 93 74597531
112 73 74597531
112 85 74595034
13 33 74594773
13 22 74594773
13 17 74594773
13 12 74594773
112 113 74593512
112 85 74592330
97 41 74588718
97 57 74588718
112 93 74586094
9 19 74585484
112 123 74583713
112 93 74544514
62 42 74526293
58 44 74519951
123 104 74517727
33 17 74513029
19 9 74507940
58 44 74506977
93 113 74504677
20 23 74497447
62 25 74494700
111 40 74494053
85 120 74490917
113 81 74490336
8 11 74490282
112 85 74439888
111 95 74430545
75 51 74427915
0 44 74427586
112 113 74427554
112 113 74427338
32 134 74426063
44 3 74424334
25 42 74418105
25 85 74418105
90 135 74414358
25 43 74413491
25 42 74413491
25 57 74413491
25 85 74413491
13 17 74412448
37 124 74410076
131 37 74409881
62 42 74409146
13 11 74406558
113 26 74406064
55 78 74403114
15 19 74397260
112 81 74343909
112 93 74337715
14 13 74337155
112 24 74334860
82 3 74326967
45 137 74325239
68 45 74323866
13 14 74321380
93 112 74316272
93 123 74316272
19 9 74311315
5 94 74250753
112 73 74157954
112 113 74157954
82 0 74088069
100 59 74085985
120 124 74081237
58 111 74074676
58 26 74074676
89 31 74073834
20 23 74071416
19 15 74068707
120 37 74064771
112 113 74062029
85 120 74058600
44 2 74046105
26 100 74011406
120 85 74005286
112 81 74004753
112 113 74004753
120 85 74003045
90 72 74001862
81 129 74000481
81 88 74000481
120 85 73997017
26 76 73996212
26 30 73996212
26 60 73996212
45 137 73992003
41 115 73988341
41 7 73988341
41 97 73988341
66 87 73987810
71 4 73987517
125 57 73981804
125 25 73981804
20 23 73980596
119 120 73979889
58 44 73976880
25 43 73976103
25 101 73976103
78 55 73974049
112 93 73914276
82 2 73910249
82 3 73910249
120 37 73909567
131 37 73905064
112 113 73900027
112 5 73900027
5 70 73897212
120 37 73894941
71 44 73894916
68 32 73889641
25 41 73881932
25 75 73881932
25 56 73881932
25 43 73881932
25 42 73881932
25 101 73881932
25 121 73881932
44 2 73875161
44 3 73875161
123 70 73818249
123 129 73818249
3 82 73798878
112 113 73749124
112 123 73740913
78 25 73735752
78 2 73735278
25 57 73735079
95 78 73734176
93 112 73732216
93 113 73732216
112 93 73730451
44 82 73724965
8 13 73723591
68 45 73722363
68 137 73722363
68 32 73722363
37 131 73721159
15 17 73713990
112 93 73538225
8 13 73486963
82 3 73479066
137 68 73471052
25 57 73460758
89 81 73459945
78 55 73459327
2 82 73458057
78 2 73457837
8 13 73456691
11 8 73456220
112 93 73451447
13 11 73408078
13 11 73404813
103 129 73397785
93 113 73395503
25 75 73382960
25 43 73382960
26 60 73378389
53 81 73377119
82 2 73370548
25 57 73368155
93 5 73314328
93 81 73307607
93 71 73295725
93 112 73288005
93 112 73286846
112 123 73286338
93 112 73282171
8 13 73280809
25 43 73223433
25 101 73223433
93 113 73218440
113 112 73210673
85 112 73210042
62 42 73208325
25 75 73208037
25 42 73208037
25 136 73208037
131 37 73198450
11 8 73141301
44 2 72884313
19 9 72873504
66 87 72871005
113 93 72868405
93 71 72864227
44 70 72860610
44 2 72860610
9 19 72860232
112 93 72857621
100 59 72854956
123 93 72846585
93 113 72809361
62 76 72779371
62 60 72779371
57 75 72779360
93 112 72774275
88 49 72773883
112 113 72772526
44 81 72769604
78 2 72768012
25 42 72700689
25 121 72700689
13 15 72698133
77 62 72685738
62 125 72667884
73 70 72643562
123 103 72625146
93 70 72622978
93 123 72622978
37 120 72622403
78 55 72615397
78 85 72615397
18 73 72615103
18 20 72615103
20 23 72609364
137 68 72609032
25 41 72605670
25 101 72605670
26 81 72603262
131 82 72603112
62 53 72598594
62 57 72596865
93 123 72596756
93 81 72596756
93 113 72596756
112 123 72547147
112 113 72543632
85 78 72538103
68 45 72536205
82 78 72530763
125 55 72528162
125 48 72528162
112 93 72526898
18 107 72515112
123 113 72509039
103 123 72503800
93 5 72501868
106 73 72356464
106 20 72356464
13 8 72341705
13 11 72340244
104 106 72277462
113 112 72276492
131 37 72273107
131 55 72272987
131 55 72272544
93 5 72266398
78 55 72265092
26 27 72254038
113 123 72247020
112 93 72246956
106 113 72243689
103 73 72243293
20 23 72240662
106 95 72176245
106 91 72176245
106 73 72176245
106 98 72176245
106 105 72176245
106 77 72176245
106 43 72176245
106 49 72176245
106 129 72176245
106 101 72176245
106 25 72176245
106 97 72176245
106 85 72176245
106 32 72176245
106 38 72176245
129 73 72172367
44 82 72160871
93 5 72160528
113 93 72154906
93 112 72154137
20 23 72150844
25 121 72104836
68 137 72101746
112 93 72089818
112 81 72089818
112 113 72089818
131 80 72086501
25 75 72080640
25 121 72080640
15 17 72068466
25 75 72019612
25 122 72019612
25 42 72019077
70 73 72015787
60 26 72014475
112 93 72007819
93 123 72002471
93 113 72002471
49 91 71999616
25 75 71994567
15 9 71983752
103 129 71981737
26 28 71934740
131 120 71931422
131 119 71931422
131 119 71929175
15 19 71902080
92 74 71900183
100 59 71896878
93 112 71896376
93 113 71895929
123 104 71761118
93 123 71652472
26 28 71648883
26 31 71648883
74 92 71587632
68 137 71571006
71 44 71558913
29 40 71554772
82 58 71499107
33 11 71494729
100 59 71462275
123 106 71458022
70 10 71417393
70 5 71417393
82 58 71398714
92 74 71396566
8 12 71388752
88 107 71388698
43 54 71380263
33 13 71330248
33 11 71330248
33 12 71330248
44 3 71325687
111 78 71321439
77 25 71305692
25 51 71300242
25 57 71300242
25 121 71300242
93 112 71293861
131 37 71067493
82 55 71062659
78 37 71054536
100 28 71053871
25 56 71048347
25 101 71048347
25 121 71048347
131 3 71044480
11 13 71037687
11 8 71037687
11 17 71037687
85 25 71036808
35 77 71036268
93 113 71033587
112 123 70988410
93 113 70986367
100 59 70983302
13 17 70973459
78 85 70953192
93 112 70948287
93 112 70948033
93 112 70947837
112 123 70898700
112 5 70898700
100 59 70892207
70 71 70892074
70 37 70892074
131 37 70890522
68 45 70885323
100 28 70883467
44 82 70868126
44 58 70868126
93 112 70863233
112 123 70815388
13 17 70809629
112 104 70809592
73 81 70805505
25 43 70796097
25 56 70795110
35 55 70777700
26 27 70725973
26 111 70725472
117 92 70722653
74 92 70716083
131 53 70714492
19 9 70709471
78 55 70694483
8 11 70689480
8 17 70689480
139 27 70628304
139 93 70624491
139 76 70624491
70 5 70456462
13 22 70451675
6 13 70448155
22 20 70446998
22 20 70442993
13 11 70433698
13 17 70391310
13 17 70376039
19 9 70374461
19 17 70374461
93 113 70368419
93 139 70368419
131 55 70368340
19 9 70361914
82 58 70351205
82 58 70350480
113 123 70286161
141 123 70284850
141 43 70284850
141 107 70284850
141 88 70284850
141 18 70284850
25 75 70276100
25 57 70276100
82 0 70262686
82 58 70262686
82 55 70202785
37 85 70201512
103 129 70200290
92 74 70194160
25 56 70189442
82 2 70188991
19 11 70185681
51 25 70184676
30 36 70184207
112 113 70153860
100 63 70119684
25 51 70116991
81 111 70116642
81 30 70116642
81 43 70116642
81 25 70116642
81 38 70116642
139 93 70116458
139 45 70116458
11 13 70110572
13 17 70110283
78 37 70107420
43 121 70106155
139 30 70102726
13 20 70101552
112 113 70101240
95 29 70098055
25 56 70092606
25 57 70092606
25 122 70092606
139 93 70091651
139 59 70091651
25 121 70088395
25 122 70088395
93 113 70081719
37 85 70026656
25 85 70024732
92 87 69865854
131 55 69856606
131 101 69853482
55 78 69842119
22 12 69836749
22 20 69836243
6 11 69834618
6 17 69834618
111 78 69762205
92 66 69757824
95 111 69753166
112 17 69751380
112 81 69749653
123 104 69738855
123 105 69738683
112 22 69733380
112 103 69691796
112 123 69691796
112 43 69691796
112 84 69691796
43 25 69679028
112 81 69673740
112 25 69673740
104 123 69662953
112 81 69604532
123 113 69603608
112 81 69593700
112 113 69593700
139 112 69586920
139 93 69570998
139 59 69570998
139 137 69570998
139 60 69570998
62 30 69568680
43 121 69568365
112 113 69502800
6 13 69488118
112 113 69486780
15 19 69486628
92 74 69483451
44 82 69483144
44 0 69483144
44 58 69483144
13 17 69483118
123 113 69478898
112 73 69440248
112 73 69422220
112 81 69422220
112 73 69319375
112 81 69319375
112 81 69300000
131 37 69248919
68 128 69238488
11 8 69229779
11 17 69229779
68 62 69222144
112 113 69211860
112 113 69209280
44 82 69168681
66 87 69156975
44 2 69154154
37 131 69149504
100 59 69148662
73 107 69147844
131 78 69146511
117 74 69143725
94 129 69137378
112 113 69137220
112 113 69121200
112 113 69108660
37 120 69078905
25 43 69074460
25 57 69074460
70 3 69058307
70 58 69058307
70 5 69058307
112 113 69058260
82 3 69056162
82 58 69056162
82 44 69056162
112 113 69019440
19 9 68997600
112 113 68997300
139 100 68992469
95 91 68991388
43 42 68986840
43 25 68986840
131 37 68982477
13 8 68966045
129 141 68962716
8 13 68961468
8 11 68961468
85 25 68943780
22 112 68924400
25 75 68905690
25 121 68905690
97 91 68900537
117 74 68889256
22 112 68888400
25 101 68887862
25 85 68887862
25 122 68887862
112 22 68887500
112 17 68887500
131 52 68881744
112 43 68647482
112 113 68629440
20 18 68608694
82 58 68558418
81 27 68556337
71 70 68555513
70 94 68535062
70 2 68535062
43 36 68524649
43 85 68450320
5 112 68443135
43 42 68441381
43 25 68441381
112 113 68427300
113 112 68385720
43 121 68378729
139 62 68378040
100 28 68354267
95 111 68353372
112 113 68329200
112 113 68323740
95 111 68287347
112 113 68273520
112 113 68266980
112 73 68244600
112 113 68212680
112 113 68043660
112 113 68038920
113 81 68037485
113 112 68020560
68 137 68019130
11 13 68013186
112 113 68011260
100 59 68008555
66 87 67962234
88 81 67952160
85 81 67948680
100 59 67919309
82 2 67785062
19 9 67783248
92 87 67782868
100 59 67764929
6 11 67760973
8 13 67758281
111 78 67698206
90 84 67697915
111 78 67697228
112 113 67696920
111 78 67696869
111 78 67696579
26 81 67692711
74 130 67683124
13 8 67672512
3 2 67665675
3 0 67665675
3 44 67665675
102 92 67617883
92 130 67443763
15 13 67422523
11 8 67414642
15 8 67412953
78 55 67332121
26 89 67324786
4 131 67322913
36 53 67258387
36 34 67258387
43 38 67252674
82 2 67250316
66 84 67246488
100 28 67235080
100 59 67235080
92 66 67193434
37 85 67182019
113 112 67166400
139 69 67149544
139 128 67149544
139 134 67149544
81 71 67091460
81 73 67091460
41 57 67089450
81 73 67073510
81 113 67073510
112 113 67061940
111 52 67059917
26 20 67058057
81 113 67055460
112 113 66875940
69 128 66814730
11 13 66805788
11 17 66805788
82 2 66804309
13 11 66802195
19 9 66761940
112 113 66745680
66 92 66738209
112 113 66733800
112 17 66726960
74 90 66725058
112 113 66679260
92 130 66662992
131 55 66653001
43 57 66641871
15 8 66638361
13 11 66637810
139 59 66567868
112 113 66563040
112 113 66554940
139 62 66544465
139 27 66544465
112 113 66469860
139 100 66207821
139 60 66206184
143 144 66177960
143 144 66094860
84 27 66056190
105 70 66055442
100 137 66046799
111 73 66019908
26 134 65973640
13 11 65965018
111 129 65959415
77 64 65957271
26 84 65954339
143 78 65939280
112 113 65926200
71 145 65844060
55 131 65787347
91 111 65624344
91 83 65624344
17 20 65599154
143 144 65599140
145 82 65597640
11 13 65595519
143 131 65569980
91 111 65541739
91 79 65541739
129 29 65520697
100 59 65520513
100 63 65520030
0 2 65507760
0 58 65507760
2 55 65505960
145 2 65498700
71 145 65489580
92 74 65452670
26 30 65450352
30 26 65448446
145 71 65428140
145 2 65423340
71 145 65420460
71 145 65420400
13 8 65418676
2 82 65417100
19 15 65371260
81 29 65348078
3 82 65339700
44 81 65338380
18 20 65334284
145 3 65331480
3 58 65326320
143 131 65322960
0 2 65317260
145 2 65316240
2 3 65315220
143 131 65314500
53 81 65302800
91 40 65279005
29 73 65265551
2 3 65263560
2 82 65263380
2 82 65263320
26 62 65262471
55 34 65258977
111 83 65258866
6 11 65252628
69 128 65250755
2 82 65247840
116 73 65246882
0 2 65245200
0 3 65245200
0 58 65245200
0 58 65243940
144 131 65240040
0 3 65236080
58 2 65234880
72 90 65113523
37 78 65039040
91 79 65024184
92 66 65013284
1 38 65009386
138 38 65005921
11 17 64989756
112 113 64981560
131 0 64981260
3 2 64979940
3 0 64978620
37 85 64942380
91 111 64935855
91 83 64935855
15 8 64925040
116 73 64920248
112 113 64919820
112 104 64919820
112 113 64918440
104 112 64917600
116 73 64907915
37 85 64906380
2 82 64905780
145 2 64905240
61 81 64902900
145 2 64898280
112 113 64890240
131 37 64861860
26 27 64854910
26 30 64854910
119 120 64852080
95 50 64846892
131 37 64846140
37 85 64841820
0 58 64826400
37 85 64823825
2 82 64823580
119 131 64812480
85 37 64808460
145 2 64801860
85 37 64799100
112 113 64752480
6 11 64738704
29 30 64736168
113 112 64733280
125 34 64732363
125 36 64732363
116 111 64728947
116 43 64728947
116 26 64728947
136 25 64724718
26 28 64721886
26 30 64721886
112 113 64720620
2 3 64717500
29 73 64407329
29 81 64407329
29 36 64407329
37 85 64327894
50 95 64320310
116 36 64318911
57 41 64308634
2 82 64289880
0 2 64285800
0 3 64285500
2 82 64282860
131 144 64280160
18 33 64252980
18 17 64252980
66 74 64250604
66 92 64239804
1 53 64227241
131 144 64225920
104 112 64223160
107 129 64220032
111 95 64217700
112 113 64213320
41 7 64212063
2 3 64208940
91 40 64157509
116 53 64139216
116 134 64139216
116 137 64139216
116 60 64139216
116 25 64139216
116 31 64139216
116 87 64139216
116 90 64139216
116 122 64139216
95 91 64134250
91 111 64133579
91 111 64133255
91 40 64133255
0 2 64130760
0 58 64130760
68 32 64130580
36 52 64129897
90 4 64126500
37 120 64126080
97 75 64123526
0 2 64113840
0 145 64113840
145 3 64110840
145 2 64108440
145 2 64107300
143 78 64053780
145 2 64053180
58 82 64049940
4 131 64038180
112 113 64036440
0 3 64030140
0 58 64030140
0 145 64029600
37 78 64028160
37 85 64028160
4 90 64023180
112 9 63791854
3 2 63779820
3 58 63779820
4 90 63776820
112 9 63773820
143 144 63770760
112 113 63769380
37 85 63720000
113 105 63707160
113 81 63707160
125 36 63692990
113 81 63689214
3 55 63688440
3 0 63688440
58 0 63687480
58 3 63687480
2 3 63676080
61 81 63672720
37 85 63655920
62 85 63643500
13 8 63639714
13 17 63638827
2 145 63628020
71 145 63624000
3 2 63622620
58 82 63616020
37 120 63604320
112 113 63600240
68 45 63596460
68 32 63596460
68 137 63594240
68 32 63594240
0 55 63591240
18 33 63547500
18 9 63547500
17 6 63539735
58 82 63529860
2 55 63523860
3 2 63523500
58 82 63523200
2 55 63522600
145 2 63521640
37 71 63510720
37 78 63508020
57 25 63468540
112 113 63453660
112 113 63438240
131 143 63425820
37 85 63420480
111 83 63203160
57 41 63199500
121 50 63192807
78 37 63187020
78 37 63185340
131 120 63183000
58 82 63174180
111 79 63167160
57 41 63166980
55 38 63163380
95 91 63104220
37 85 63101340
111 83 63089640
112 113 63082380
0 55 63079800
95 91 63068220
38 138 63033420
111 78 63017700
131 78 63013500
112 113 63011160
131 144 63004740
58 111 63004440
71 145 63000960
38 138 62997420
111 78 62962800
111 78 62953080
38 49 62949420
57 25 62945340
112 113 62922600
111 78 62917080
111 78 62914980
4 71 62913360
37 85 62905200
18 22 62872500
18 9 62872500
18 17 62872500
136 139 62856900
112 113 62846280
58 82 62839260
116 52 62824776
116 85 62824776
116 36 62824776
58 82 62818020
68 137 62816220
112 113 62812500
112 113 62811480
57 139 62608020
136 25 62595300
136 139 62589180
112 113 62578800
57 41 62572740
57 41 62565720
78 143 62558760
111 78 62557140
111 40 62554740
91 95 62554560
91 40 62554560
120 25 62503980
9 81 62446620
57 56 62426160
116 27 62424560
116 52 62424560
116 38 62424560
116 111 62424128
116 35 62424128
116 28 62422995
116 81 62422995
136 25 62409600
57 56 62390160
71 145 62383920
136 139 62347740
92 74 62334480
104 113 62329080
111 40 62325840
120 85 62321520
92 117 62313480
92 117 62311080
120 25 62307240
120 147 62307240
4 90 62302980
131 143 62296500
0 3 62291700
136 42 62267340
81 111 62266560
106 141 62260320
22 17 62255500
81 27 62248602
81 28 62248602
1 49 62243640
112 104 62243160
116 29 62241793
72 102 62238660
3 2 62236080
73 81 62228460
104 141 62224320
120 37 62222220
143 147 62211780
111 83 62208240
72 102 62188260
92 74 62024220
92 130 62024220
138 79 61990800
104 112 61983900
104 113 61983900
1 138 61979820
58 144 61974660
4 90 61972380
131 143 61970160
0 2 61968600
0 3 61968600
0 58 61968600
57 56 61960320
143 144 61955100
4 90 61947000
90 4 61942260
4 90 61939500
105 22 61909797
25 56 61907580
25 57 61907580
25 139 61907580
139 22 61902859
22 11 61891607
112 113 61891500
18 9 61889160
112 139 61887060
139 22 61885425
139 6 61885425
139 11 61885425
145 0 61879260
112 113 61872000
117 74 61871700
117 84 61871700
117 87 61871700
112 113 61867920
40 83 61834740
139 22 61811610
117 63 61803060
145 2 61799940
92 117 61797000
92 130 61795080
2 3 61792080
0 58 61785840
112 113 61782480
1 21 61771860
0 3 61771680
40 79 61731780
57 41 61726800
88 29 61721797
37 120 61718640
122 51 61711440
122 56 61711440
37 120 61707120
116 81 61700214
131 143 61695900
131 144 61695900
145 0 61687020
38 47 61655040
38 146 61655040
38 48 61655040
38 21 61650660
38 146 61650660
38 39 61650660
38 48 61650660
121 136 61648820
58 82 61632060
0 2 61629540
0 3 61629540
58 82 61626660
38 21 61619040
38 39 61619040
145 0 61617600
145 3 61617600
145 58 61617300
116 73 61617088
116 81 61617088
38 1 61614660
38 21 61614660
38 39 61614660
145 0 61614240
145 3 61614240
58 2 61614060
4 90 61613940
145 2 61613820
37 85 61607880
61 73 61607760
18 20 61599060
78 2 61599000
112 113 61447860
11 23 61395194
20 23 61385793
131 55 61372500
3 2 61371660
2 55 61369560
3 2 61363020
143 144 61341120
87 84 61334580
141 73 61321860
141 81 61321860
1 21 61289820
0 55 61279920
0 2 61275000
2 0 61273860
112 113 61268520
112 113 61268460
112 9 61268460
111 83 61264860
37 85 61256100
139 136 61230660
8 11 61215812
8 17 61215812
8 15 61215484
23 20 61193334
143 55 61187640
0 2 61176540
72 65 61125600
58 82 61112760
112 113 61112640
145 2 61111140
2 58 61106760
120 37 61103760
71 145 61103340
122 56 61100580
122 42 61100580
122 57 61100580
122 139 61100580
145 2 61082760
37 85 61066680
55 131 61066500
40 95 61039440
37 85 61036680
37 85 61035900
37 120 61030680
55 131 61030500
58 82 61024440
145 2 61018560
131 145 61015080
2 0 61011000
145 58 61010040
112 6 61004760
37 85 61000440
3 58 60997740
113 112 60766020
145 58 60761700
139 6 60759111
87 84 60737100
87 24 60737100
92 114 60706320
37 85 60697800
37 85 60683280
20 23 60671356
112 113 60661680
57 41 60656760
57 41 60655800
57 25 60644340
3 145 60587040
58 82 60582900
2 3 60582120
145 3 60581640
143 78 60572700
111 78 60570960
37 85 60540720
4 90 60506880
17 139 60499728
3 2 60488460
144 48 60480480
37 85 60480120
111 40 60472980
111 83 60472980
52 115 60452287
52 132 60452287
37 85 60425100
58 0 60414000
37 85 60412560
85 37 60402540
6 11 60367144
71 145 60336060
116 77 60275649
112 113 60265380
112 107 60150180
55 143 60131760
55 78 60131760
25 81 60130080
25 81 60094080
2 55 60077940
0 3 60075060
145 2 60073380
105 141 60072898
3 0 60066000
3 58 60066000
87 66 60025860
112 113 60010380
55 143 59974920
1 138 59967480
111 83 59958240
57 41 59953080
57 91 59953080
88 141 59914860
144 2 59903940
144 2 59903820
119 37 59892180
111 78 59886000
88 141 59878860
143 78 59877300
2 145 59873400
139 119 59833980
38 48 59812140
55 143 59811840
116 77 59808317
71 4 59792340
58 82 59787780
116 77 59761653
139 9 59757420
131 78 59589720
78 143 59568660
116 73 59566491
6 15 59566354
9 22 59553840
11 8 59553837
94 71 59551980
95 40 59549940
2 145 59546880
40 111 59545740
40 83 59545740
131 78 59542620
88 81 59541060
40 83 59540400
112 113 59535480
95 79 59529780
95 83 59529780
131 78 59527620
37 85 59462400
37 131 59447460
113 112 59446800
2 0 59443440
2 145 59443440
58 82 59438340
85 37 59436420
139 22 59379573
57 56 59378220
55 78 59375580
116 141 59372475
0 55 59366100
0 2 59366100
0 58 59366100
0 145 59366100
2 145 59356200
3 0 59354520
3 145 59354520
2 3 59350020
139 136 59329500
55 143 59306220
57 41 59293380
2 0 59290740
139 11 59290366
58 2 59290140
131 37 59276940
120 37 59265180
55 143 59264520
58 111 59264340
0 3 59263680
25 56 59229360
11 6 59208589
0 2 59202900
111 95 59200200
92 117 59187960
131 55 59187780
92 117 59186040
57 41 59179380
6 15 58954471
6 19 58954471
6 11 58954471
58 82 58954020
117 92 58950360
0 145 58948920
113 112 58947000
112 22 58938060
112 9 58938060
22 9 58931460
22 139 58931460
112 113 58930260
149 66 58928220
149 148 58928220
149 87 58928220
149 9 58928220
149 92 58928220
148 149 58926840
3 2 58926840
131 143 58925820
148 149 58924980
92 114 58918140
94 81 58900020
143 78 58864140
85 37 58863600
143 144 58857300
131 144 58846440
112 113 58842420
2 3 58837800
92 66 58834800
37 120 58791060
116 111 58788680
2 78 58780860
148 149 58776840
112 71 58770660
71 58 58761060
112 113 58756560
112 113 58752960
58 82 58751700
22 139 58712580
57 41 58697580
57 51 58697580
57 142 58697580
112 113 58697580
57 147 58697580
112 113 58683240
145 2 58674360
41 57 58674120
3 2 58672800
112 113 58670340
57 142 58657980
57 139 58657980
53 81 58642440
107 73 58614840
2 0 58613640
41 57 58605000
112 113 58603980
131 55 58584240
112 113 58581960
71 58 58434360
94 81 58393500
131 144 58345500
116 81 58339405
0 58 58339380
112 149 58256220
112 9 58256220
145 2 58253520
145 0 58240680
0 2 58233660
125 34 58227960
111 146 58226460
6 11 58203438
25 122 58191240
78 143 58168260
112 113 58167300
58 3 58165920
58 144 58165440
112 113 58163400
117 86 58157700
112 113 58153440
144 143 58149420
112 148 58098960
143 78 58095900
143 131 58094700
143 144 58094700
131 55 58087740
0 78 58082760
112 113 58072320
2 145 58069260
145 2 58064220
112 113 58063200
112 113 58062600
143 78 58054320
92 102 58051800
58 82 58000620
3 0 57990840
3 55 57989340
58 2 57986400
25 142 57981540
25 57 57981540
25 136 57981540
112 113 57980820
112 113 57978660
58 3 57978000
149 42 57975180
149 24 57975180
92 149 57972420
149 113 57972180
22 19 57971940
2 145 57971280
22 9 57969240
1 21 57823080
1 47 57819240
1 21 57819240
1 49 57816240
22 17 57741120
3 55 57737220
3 58 57737220
0 2 57733380
0 55 57731640
0 2 57731640
3 145 57731340
38 21 57727200
117 87 57725220
38 47 57720900
143 78 57656760
2 0 57654960
117 66 57648180
117 87 57648180
112 113 57638520
111 83 57630000
2 0 57626040
112 113 57577440
112 139 57576780
145 3 57552120
112 113 57549660
58 82 57540420
145 0 57539340
131 143 57481860
117 87 57481800
82 2 57480660
25 139 57464580
58 145 57461400
111 73 57449760
25 51 57415080
112 24 57399780
117 24 57399120
117 87 57399120
92 87 57397860
22 15 57394560
22 6 57394560
66 149 57383760
58 71 57381180
3 58 57376980
112 113 57376140
113 112 57373080
0 2 57369360
2 58 57367020
25 142 57325980
25 42 57225900
25 79 57124380
58 3 57103800
149 24 57052680
145 0 57050040
58 2 57049020
117 66 57048660
117 92 57046020
142 25 57045540
2 145 57034860
41 139 57029040
92 117 57027960
57 139 57026820
0 2 57026400
0 2 57025740
41 57 57025680
57 41 57025440
55 3 57022800
61 111 56966700
117 66 56966640
117 24 56966640
58 82 56965860
131 143 56965800
2 145 56963700
131 55 56959380
58 3 56954340
22 139 56953800
37 120 56946000
117 109 56944200
117 24 56944200
51 25 56930280
112 113 56890020
111 29 56885460
0 2 56879100
58 2 56874900
112 113 56868480
91 95 56867460
0 2 56858220
37 120 56855040
0 2 56853780
2 145 56850180
145 3 56849100
120 37 56848380
25 136 56815680
112 113 56788680
9 17 56785027
145 2 56772060
112 113 56700540
139 6 56546916
98 29 56542412
112 113 56537340
112 24 56528160
57 142 56526240
37 120 56509620
41 57 56504760
38 1 56501640
85 37 56500740
92 117 56500020
57 56 56445720
0 55 56444880
0 2 56444880
37 120 56436900
117 92 56436840
112 113 56433540
92 117 56429520
117 92 56428500
131 55 56428140
1 21 56417160
58 82 56360820
143 144 56355540
57 64 56343900
99 91 56331960
0 55 56329260
104 112 56278500
112 113 56275860
149 25 56268840
149 24 56268840
112 24 56268300
112 148 56257980
2 0 56254680
2 3 56243880
22 139 56164080
112 113 55943580
112 24 55942740
112 113 55942620
117 87 55928640
2 55 55918080
99 139 55901880
99 139 55900740
120 37 55900320
25 136 55896780
91 40 55888920
17 9 55855320
20 23 55852620
112 113 55845840
2 0 55841460
58 2 55833240
149 112 55832280
79 111 55831620
149 112 55829520
149 25 55829520
149 113 55829520
149 24 55829520
79 146 55828140
79 88 55828140
79 38 55828140
79 139 55828140
131 143 55822980
112 139 55814340
149 112 55813980
149 42 55813980
149 107 55813980
58 2 55813860
112 22 55812960
112 113 55809540
112 113 55809420
112 113 55763760
112 24 55761720
22 9 55753860
0 55 55752780
0 58 55752780
0 55 55749180
47 110 55748640
92 87 55747020
21 1 55734840
37 120 55734480
112 24 55726560
2 0 55670400
58 0 55668540
58 4 55666920
58 3 55663860
58 145 55663860
131 55 55659960
22 9 55647300
57 139 55646100
22 139 55586100
131 143 55581480
112 24 55579200
0 55 55573920
145 0 55570500
145 3 55570500
58 0 55570260
112 113 55569540
2 0 55558860
148 63 55549800
148 72 55549800
148 102 55549800
148 109 55549800
148 84 55549800
148 86 55549800
148 92 55549800
111 83 55548120
72 74 55498920
25 42 55484340
112 139 55421640
58 82 55326000
9 20 55322940
2 58 55322820
120 25 55318260
111 61 55317300
111 91 55307160
117 109 55229760
2 0 55227240
2 3 55227240
41 57 55222380
2 0 55221660
0 55 55218060
0 145 55218060
149 42 55214040
149 25 55214040
112 113 55212480
112 24 55212480
112 113 55166220
117 66 55148880
117 114 55148880
112 113 55087560
112 24 55087560
139 11 55079640
2 0 55070160
22 9 55066920
25 57 55066800
22 139 55066440
22 6 55065900
112 113 55058700
121 56 55043880
1 21 54977220
2 145 54960360
1 21 54953940
58 145 54953460
112 24 54953280
58 145 54949560
99 91 54943380
116 111 54924882
112 113 54730200
112 149 54730080
79 88 54710160
11 6 54697080
131 144 54691140
22 17 54686940
22 139 54684960
92 130 54683580
139 17 54672540
112 113 54637920
149 148 54630600
149 25 54630600
139 6 54629340
139 17 54629340
58 2 54628380
58 0 54628380
112 113 54628320
22 17 54625680
149 42 54603360
149 148 54603360
11 15 54557940
58 2 54544980
58 0 54544980
112 113 54543420
1 138 54533580
91 111 54516540
111 91 54515820
112 24 54513120
91 111 54512340
107 88 54498660
22 20 54462840
22 23 54462840
117 102 54456480
117 102 54453000
22 6 54449520
41 57 54448620
149 42 54429300
149 24 54429300
25 136 54393840
145 3 54357540
112 113 54357000
92 130 54350520
112 113 54121920
58 82 54114000
58 82 54112860
0 58 54112740
0 145 54112740
58 82 54108000
148 112 54106680
148 107 54106680
112 113 54093240
112 24 54093240
139 112 54085620
112 113 54022380
112 24 54012060
136 95 54010080
136 41 54010080
136 51 54010080
136 75 54010080
22 139 53996280
11 6 53974200
2 58 53943000
58 145 53935500
139 91 53926980
58 0 53923500
112 113 53917920
111 95 53914860
58 82 53912460
111 83 53905560
25 136 53872560
25 57 53871480
58 145 53854380
2 0 53852340
112 139 53852160
139 112 53851980
112 113 53843820
112 113 53834940
92 149 53832960
112 24 53832660
112 24 53832600
112 113 53832060
25 120 53754240
25 57 53754060
81 98 53751000
38 48 53738280
99 139 53729040
112 24 53616960
139 11 53506020
58 81 53428380
9 112 53408940
58 82 53323500
58 82 53318880
149 107 53314860
72 102 53300520
112 24 53272980
25 85 53152260
22 6 53137320
113 112 53067000
112 113 52913880
112 113 52913640
131 143 52907580
143 144 52900500
131 143 52894680
2 55 52883460
112 24 52828200
22 11 52810320
139 11 52810260
55 143 52809480
25 42 52800000
112 24 52796640
112 113 52793100
131 143 52733280
112 113 52664580
2 0 52638060
143 78 52621620
143 122 52621620
55 131 52612560
143 78 52554840
47 110 52545780
122 57 52541640
122 25 52541640
112 113 52495380
58 82 52291440
139 11 52277400
92 130 52269960
0 3 52267620
0 58 52267620
112 113 52223640
117 24 52219080
117 114 52218540
2 0 52214580
113 112 52209660
9 112 52208760
139 6 52205820
58 3 52199220
58 82 52187520
112 113 52137660
112 24 52137660
112 113 52135320
112 113 52133820
112 113 52133400
117 109 52128900
117 87 52128900
41 57 52125720
41 57 52123260
112 113 52118760
142 64 52114080
112 113 52113180
112 24 52112760
57 41 52111260
112 113 52109520
112 24 52105560
40 125 52104420
112 113 52041660
58 82 52039920
92 87 52029540
112 113 52017000
11 6 52012800
58 29 52012320
120 37 52010100
111 83 51955440
37 120 51691380
112 113 51677040
112 24 51677040
25 51 51624900
37 131 51609780
2 0 51581340
2 58 51577440
112 24 51535800
58 82 51523380
68 45 51522360
68 137 51522360
58 82 51505320
58 82 51505140
25 147 51489780
112 148 51428880
112 149 51414240
1 138 51411060
112 113 51078000
1 21 51072120
22 6 51064560
117 114 51007380
117 114 51006420
117 87 51006420
2 3 51006300
92 117 51002280
131 37 50992080
112 113 50988660
21 1 50982780
58 2 50978040
58 0 50978040
113 112 50972220
112 148 50928540
112 149 50917560
85 143 50917500
2 0 50905620
112 149 50900820
22 18 50892240
117 92 50885220
37 143 50835000
58 82 50831400
22 6 50825280
112 113 50813760
88 141 50810100
22 139 50802660
22 17 50802420
58 29 50739720
122 56 50731080
22 33 50727240
73 81 50718480
37 120 50718420
22 139 50715900
85 143 50715180
120 37 50714940
113 106 50550720
58 82 50488320
2 0 50488140
37 120 50487720
58 81 50475360
142 47 50474520
22 9 50457420
22 139 50402160
22 20 50400240
47 21 50393520
148 117 50389860
148 130 50389860
148 109 50389860
148 117 50378520
148 102 50378520
148 140 50378520
148 90 50378520
148 92 50378520
112 149 50378220
112 149 50320920
104 141 50315820
104 61 50315820
104 107 50315820
37 120 50315400
37 120 50311080
92 114 50308920
149 24 50297820
112 149 50296860
9 17 50296380
18 9 50296020
112 149 50294220
112 113 50294220
104 33 50291820
104 106 50291820
104 61 50291820
149 112 50291700
112 113 50290140
112 113 50288940
2 3 50288100
148 66 50283600
148 109 50283600
148 84 50283600
148 114 50283600
148 87 50283600
20 23 50259360
112 113 50233140
112 149 50221080
117 102 50220900
104 73 50217600
104 105 50217600
104 20 50217600
104 33 50217540
104 61 50217540
104 81 50217540
104 107 50217540
104 33 50217480
104 73 50217480
104 106 50217480
104 107 50217480
143 55 50213280
20 23 50212920
3 78 50207820
8 22 50204940
56 51 50200440
56 42 50200440
56 57 50200440
56 25 50200440
9 18 50199060
9 17 50199060
0 2 50197860
0 3 50197860
0 58 50197860
149 87 50196480
117 72 50196060
22 17 50195160
58 82 50145360
58 2 50140680
8 17 50136900
149 24 50129100
2 0 50127120
112 113 50121120
22 17 50120880
149 66 50120580
149 24 50120580
149 112 50120160
149 24 50116620
2 58 50107740
37 120 49880220
139 6 49870860
18 9 49861140
92 117 49859820
18 9 49846440
81 29 49791060
81 88 49791060
57 41 49790280
139 9 49788960
139 9 49768320
19 139 49714500
41 57 49701840
71 94 49699800
92 66 49695660
92 114 49695660
8 19 49686720
8 139 49686720
37 120 49682760
2 0 49681380
149 112 49677900
9 22 49620180
9 20 49620180
9 18 49620180
58 3 49618560
82 2 49618020
58 2 49616640
29 73 49602540
149 71 49597080
0 145 49590720
58 2 49590540
91 49 49586580
41 57 49533540
1 21 49527660
6 8 49522140
112 113 49521300
8 22 49517700
2 58 49508100
17 22 49505940
82 58 49504440
17 139 49502400
22 139 49501800
139 79 49472940
139 79 49472400
58 82 49272360
58 144 49272360
0 3 49270380
104 141 49267740
104 106 49267740
104 18 49267740
8 17 49266720
9 17 49260180
139 79 49259340
68 137 49245600
120 37 49243860
112 113 49192980
58 144 49188060
58 0 49182960
1 21 49181940
113 112 49181220
112 113 49180860
112 149 49175880
112 113 49175880
58 144 49174140
112 149 49170120
112 113 49170120
139 17 49165020
120 37 49161120
1 21 49160580
17 22 49157640
139 25 49121220
22 33 49101180
68 76 49092240
68 137 49092240
112 113 49091340
17 22 49073460
23 20 49019880
81 73 49019700
2 58 49015440
2 58 49014420
149 24 49004700
112 113 49003740
112 113 49002420
112 113 49001520
58 2 48998160
113 112 48996960
149 109 48993420
22 6 48989040
85 120 48988260
58 0 48987720
58 3 48987720
2 145 48985200
139 136 48984060
139 8 48935220
22 17 48933240
92 66 48925860
74 102 48797700
112 139 48502860
2 58 48495360
149 112 48481440
139 22 48480420
112 113 48471960
112 113 48471900
99 139 48424440
112 149 48409560
149 24 48403920
22 20 48403740
149 24 48401280
148 112 48390000
139 17 48388500
68 45 48387780
112 113 48331800
112 113 48327540
88 81 48324720
112 113 48315180
22 6 48305700
22 17 48305700
22 139 48305700
82 2 48301980
68 45 48294000
68 45 48292320
58 82 48214920
148 112 48063780
112 149 48055140
56 25 48049140
56 122 48049140
148 24 48047340
149 112 48047040
91 95 48043800
122 142 48031560
99 95 47970300
0 3 47961360
92 66 47951220
92 87 47951220
2 145 47947680
112 148 47901840
144 143 47892360
112 148 47888520
139 17 47884800
58 82 47879700
58 2 47879460
58 2 47872080
112 113 47871780
9 22 47867100
112 149 47864040
112 113 47864040
9 22 47863860
57 41 47799120
57 56 47799120
81 94 47793000
57 122 47788680
57 122 47788560
58 3 47785200
68 137 47783220
112 113 47782440
112 24 47782440
68 76 47781720
58 82 47779560
2 0 47777940
81 61 47720520
81 73 47715120
58 0 47714520
58 29 47713140
58 82 47707980
58 95 47691660
99 49 47689920
149 63 47457180
143 144 47456940
0 58 47440260
18 20 47438460
0 2 47375400
112 139 47369460
58 81 47367900
143 34 47367300
61 141 47366880
9 12 47361840
11 6 47361360
0 2 47344260
0 3 47344260
47 110 47284260
148 63 47282040
148 112 47282040
148 78 47282040
148 130 47282040
148 102 47282040
148 109 47282040
148 140 47282040
148 87 47282040
139 22 47269620
122 142 47264700
148 112 47254740
149 112 47206500
149 24 47199060
91 95 47198280
58 82 47197620
58 144 47192160
148 149 47189580
112 149 47178420
139 11 47175540
149 113 47172660
139 9 47116800
58 29 47111700
139 112 47106060
112 149 47102640
112 149 47100540
149 112 47092440
111 83 47089140
2 145 46857360
58 0 46856820
58 82 46855620
85 143 46854420
2 3 46851000
139 22 46848540
112 149 46838880
2 0 46827060
2 3 46826880
37 120 46773300
2 145 46770660
149 112 46767240
58 81 46761600
13 8 46757460
139 95 46746120
95 139 46736760
148 112 46735980
112 148 46684440
37 120 46679400
0 58 46677480
58 2 46673520
112 149 46669800
112 113 46669800
71 113 46664820
112 113 46662480
41 57 46660320
0 2 46652280
0 3 46652280
95 91 46618260
82 0 46591920
82 3 46591920
148 64 46585200
148 74 46585200
148 78 46585200
148 102 46585200
148 92 46585200
58 2 46580220
131 143 46576980
8 11 46570680
8 139 46570680
131 143 46570140
41 57 46565640
145 71 46501920
41 57 46487520
0 2 46484820
0 3 46484820
0 2 46252680
58 144 46252380
149 113 46246320
37 120 46241100
0 58 46239960
23 20 46228440
9 149 46228320
149 112 46227660
2 0 46220880
2 0 46164060
2 58 46164060
58 144 46162560
2 3 46151880
0 3 46148520
148 112 46142820
2 145 46141680
139 112 46139280
58 82 46134240
8 17 46069380
8 139 46069380
139 136 46062540
2 0 46059300
2 58 46058880
144 58 46052580
13 6 46051740
2 58 46049820
58 29 45974940
58 144 45901140
58 82 45892500
37 120 45892080
37 120 45885540
81 29 45884280
58 2 45883980
57 56 45882660
57 122 45882660
2 0 45878940
2 0 45876780
149 24 45876180
0 2 45875820
41 57 45874740
0 2 45640980
2 58 45625680
112 113 45624540
112 149 45564060
41 57 45559440
149 63 45556380
22 9 45543960
22 12 45543960
41 57 45537720
58 145 45531600
38 146 45471900
22 33 45462960
58 144 45456600
81 58 45453780
58 81 45453660
149 24 45450600
148 24 45450480
2 58 45444900
25 147 45390600
0 2 45388320
58 3 45381600
82 58 45381420
0 55 45380100
0 3 45380100
149 24 45377160
58 145 45374520
38 146 45370020
38 48 45370020
38 146 45369900
131 144 45369780
112 149 45363660
149 24 45302580
58 144 45296880
58 2 45288660
58 0 45288660
99 49 45272460
0 3 45040980
0 58 45040980
0 55 45037980
0 58 45037980
22 139 45024000
112 149 45023460
143 131 45022080
55 3 45019380
55 0 45015420
55 3 45015420
11 139 45008340
112 149 44948400
38 47 44941320
0 2 44938800
58 144 44925900
38 25 44914920
112 139 44869320
112 113 44861220
143 58 44857440
149 24 44855400
41 57 44841300
82 58 44840160
58 3 44778420
1 138 44773860
58 82 44749140
149 112 44679180
139 9 44675340
0 2 44668140
58 82 44666760
38 1 44610600
1 21 44589300
112 113 44430240
41 57 44419140
139 22 44341980
112 113 44289900
58 144 44264100
2 58 44254800
41 57 44249880
25 51 44196420
25 122 44196420
146 79 44179980
58 82 44177700
58 0 44172480
82 58 44172300
120 119 44159760
146 111 44093520
58 82 44093220
111 79 44073540
0 2 44064420
0 58 44064420
149 63 44061000
25 122 44025060
1 21 43827660
22 139 43808040
58 2 43802640
38 25 43797540
111 91 43748880
2 58 43747800
2 4 43721220
58 3 43719720
41 57 43719660
2 0 43718100
58 3 43716720
58 2 43666260
58 144 43658700
111 83 43653600
57 122 43645680
2 0 43644060
111 83 43638300
58 2 43630320
58 0 43630320
58 3 43630320
58 0 43577580
2 0 43553520
2 0 43550880
4 0 43544700
73 81 43493700
139 112 43486020
139 136 43469340
22 139 43461660
137 68 43459200
6 17 43205520
58 144 43194780
131 144 43137660
22 8 43117200
22 17 43117200
37 119 43116660
91 139 43114800
2 58 43027500
58 82 42970920
146 122 42970680
131 120 42968760
58 2 42961260
131 120 42957480
139 6 42947580
120 37 42945720
57 64 42881100
139 136 42876300
41 57 42872460
139 136 42864720
58 144 42620640
58 0 42620580
112 149 42609120
139 17 42536820
112 149 42529440
112 149 42529200
139 136 42510360
112 24 42469740
112 149 42454500
58 144 42447480
11 6 42446460
57 64 42435060
139 136 42421620
1 21 42421020
58 84 42339240
58 82 42334620
58 144 42334020
25 136 42298680
63 149 42281400
120 37 42275280
149 71 42274200
131 143 42271740
0 3 42256440
41 146 42255480
2 3 42248580
25 136 42203220
25 122 42202980
131 143 42018660
149 113 42006360
112 113 42003360
112 113 41998740
149 24 41995260
148 112 41983500
112 149 41929200
148 112 41911020
148 149 41910120
41 57 41907240
41 57 41907180
71 145 41905980
71 77 41904240
112 63 41850540
112 113 41850540
1 21 41841960
112 6 41838840
1 21 41837760
112 149 41835120
112 113 41835120
149 112 41768520
58 82 41757840
58 144 41757840
57 41 41757060
149 112 41757060
1 138 41730720
41 57 41729280
41 57 41729220
113 112 41489940
139 11 41410440
58 82 41409480
58 144 41409480
139 8 41403420
139 19 41403420
112 113 41400180
146 41 41392620
58 144 41383560
1 138 41380800
125 142 41315460
125 57 41315460
125 38 41315460
125 147 41315460
1 138 41314320
41 57 41308740
22 139 41304360
1 138 41234160
149 112 41223180
38 146 41217480
9 8 41215260
9 12 41215260
41 57 41213160
4 2 41210520
145 2 41208180
111 29 41205420
149 112 41183040
1 34 41145780
149 84 41140860
149 24 41140860
112 149 41130360
22 6 41127900
22 17 41127900
22 139 41048880
137 45 40981860
113 106 40809480
2 3 40804500
1 38 40776780
22 139 40696020
139 9 40693980
58 144 40639740
131 144 40627500
38 146 40617600
38 21 40617300
38 48 40617300
64 24 40615920
58 82 40607820
58 144 40605180
149 112 40536060
2 3 40535400
2 58 40535400
2 0 40521540
58 144 40519920
149 64 40490400
149 112 40490400
149 148 40490400
8 6 40451700
58 145 40449360
120 37 40444560
57 41 40440240
2 58 40431420
41 57 40374180
149 84 40106640
41 57 40099740
139 9 40096800
112 113 40034520
58 82 40031820
22 12 40029240
38 83 40026060
149 112 40016640
111 29 39995640
58 3 39942240
57 122 39941520
8 17 39932520
132 38 39839220
25 142 39787500
22 8 39758280
2 3 39598260
139 9 39588300
61 81 39568620
58 144 39510480
41 57 39504960
1 21 39489780
58 82 39482880
58 144 39482880
88 49 39418980
111 73 39342420
2 58 39314040
57 41 39247560
57 41 39234660
41 57 39234240
41 57 39229440
2 58 39222600
58 82 38994300
145 2 38975820
145 58 38975460
81 29 38963580
22 139 38910360
111 29 38906460
22 139 38901420
62 35 38900880
2 145 38894640
17 11 38893740
58 144 38879100
41 57 38876700
62 35 38873340
58 144 38820660
9 8 38802960
9 11 38802960
41 57 38787600
58 145 38720820
144 58 38720640
58 71 38719380
58 71 38714580
58 81 38714580
58 144 38712840
58 144 38649660
58 144 38643900
143 58 38643600
144 143 38642700
58 82 38640060
22 139 38629140
58 3 38625420
9 18 38573460
9 17 38573460
9 139 38573460
58 2 38389800
58 3 38389800
22 6 38381040
58 82 38376120
1 21 38364780
22 139 38357460
8 13 38289180
1 138 38285340
58 81 38275860
58 29 38275740
139 17 38193060
57 41 38191980
41 57 38190360
2 3 38132640
2 58 38113740
58 82 38103960
58 144 38102940
1 34 38044500
1 138 38044500
58 3 38042940
49 34 38034840
1 21 38011560
58 144 37781220
131 143 37761840
1 21 37754460
1 38 37754460
139 11 37746660
139 17 37746660
139 17 37704780
57 51 37675620
58 71 37614120
58 144 37614120
145 2 37597320
41 57 37595940
82 58 37591860
57 41 37588320
58 71 37580700
58 3 37102380
82 58 37094460
22 6 37075860
58 81 37009920
58 81 37006920
41 57 37005420
58 71 37002120
58 144 37002120
139 9 37000320
41 57 36999060
139 8 36988620
22 9 36975360
145 58 36929040
112 17 36926520
25 57 36923160
25 136 36923160
25 136 36922800
58 71 36922560
58 145 36920040
58 145 36907080
41 57 36899040
22 6 36825120
145 58 36812700
145 3 36577440
58 145 36546300
58 81 36486660
58 82 36486300
58 144 36486300
145 58 36406200
58 145 36405300
58 145 36403560
131 143 36398820
99 139 36392520
145 58 36390840
145 2 36371580
58 145 35971920
145 3 35963340
41 57 35961660
73 81 35958000
41 57 35953920
58 145 35950980
58 145 35937840
58 144 35937420
145 144 35886660
145 3 35884500
145 2 35866260
145 3 35866260
145 58 35866080
145 144 35865960
58 82 35863500
145 3 35861520
58 81 35860320
58 81 35857800
22 139 35792040
58 144 35774700
131 144 35709240
58 2 35685960
57 41 35685660
1 138 35682720
2 58 35611500
58 2 35611380
22 20 35367360
58 82 35365200
145 2 35281140
145 3 35281140
2 3 35276520
145 3 35276220
2 3 35271660
1 21 35267280
22 17 35266440
20 58 35259120
58 82 35192640
58 82 35180460
139 6 35176440
58 71 35103180
58 82 35103180
58 144 35019780
38 48 35019480
1 138 35015220
22 6 35007420
145 58 35000520
2 3 34998120
2 58 34998120
2 145 34997880
22 6 34995600
58 144 34990440
145 3 34760760
145 71 34757280
145 82 34756200
131 3 34752960
57 64 34736880
145 71 34732680
145 2 34678500
58 71 34676220
58 82 34676220
58 145 34667820
145 58 34667520
131 3 34653300
58 144 34593000
2 3 34581540
2 58 34566120
58 82 34561440
142 122 34555620
145 3 34507440
112 139 34503780
57 64 34493640
2 58 34486860
2 145 34486860
145 2 34413720
2 3 34402560
2 145 34402200
145 58 34395900
58 71 34156200
81 58 34153500
145 58 34129620
58 82 34127340
145 3 34041240
145 2 34041000
2 145 33980460
58 145 33970560
2 3 33806820
1 21 33806520
34 131 33806460
58 144 33553920
145 71 33546720
58 2 33529380
2 58 33526740
2 3 33469140
58 144 33465660
58 2 33456780
58 3 33456780
58 145 33456780
58 145 33442080
58 2 33437580
2 3 33378180
2 3 33364140
41 57 33357420
58 144 33299340
145 3 33264720
2 145 33263280
2 145 32943120
22 17 32936760
22 12 32936760
22 6 32934780
145 2 32852220
1 21 32842620
58 2 32836260
146 81 32834340
145 58 32829360
9 113 32789760
58 71 32778360
58 82 32687460
145 2 32678580
145 3 32676000
145 2 32675340
145 58 32659140
58 144 32652960
145 2 32577360
41 57 32571420
58 144 32342700
145 2 32340480
139 17 32332800
22 9 32257560
22 6 32234700
2 145 32227680
62 42 32083620
62 57 32083620
62 147 32083620
2 58 32057160
58 144 31997880
58 82 31705620
2 58 31654500
145 3 31633560
145 2 31631100
22 139 31624320
145 2 31564020
58 71 31560660
145 3 31481100
145 2 31455540
2 58 31446720
58 71 31446000
58 82 31446000
58 144 31446000
145 3 31398900
112 139 31397280
58 71 31135380
145 3 31108860
145 3 31108140
145 3 31047240
58 145 31020600
58 2 31018740
58 3 31018740
58 145 31018740
58 81 31015800
58 145 30955860
131 82 30946740
131 34 30931980
22 139 30876720
145 3 30876060
58 82 30872340
1 138 30870900
58 145 30868080
145 3 30852540
145 2 30848880
2 58 30843900
58 82 30774180
139 22 30773520
145 2 30528540
145 2 30515760
1 34 30506460
145 81 30501180
58 145 30408840
58 145 30408660
58 82 30408360
58 145 30403920
58 145 30359820
2 3 30340200
58 145 30322320
2 3 30273540
58 3 30266520
58 82 30262140
82 58 30255540
3 145 30177300
2 94 30155460
1 21 30154680
1 21 30146040
2 145 29911020
58 82 29892720
2 145 29835720
22 6 29832060
61 141 29812800
3 82 29810760
3 145 29810760
22 139 29732400
145 2 29729640
2 3 29663760
2 82 29658660
58 145 29650080
145 3 29643900
145 82 29642820
111 29 29478180
131 145 29309940
145 131 29295900
3 82 29224800
3 58 29224800
139 136 29208120
2 145 29203500
145 2 29201160
145 58 29137320
58 145 29046960
3 58 29033640
2 82 28978080
145 144 28964100
139 6 28778880
145 2 28522260
145 82 28436400
1 38 28434900
1 21 28434300
1 138 28430940
139 17 28358460
145 2 28344300
145 58 28344300
41 57 28333320
82 58 28101360
139 136 28081680
82 3 28074840
58 71 28070820
82 145 28025340
1 38 28004340
1 34 27847620
82 145 27829560
58 144 27815700
1 138 27740040
22 139 27505020
81 73 27422100
81 107 27422100
22 6 27416820
22 139 27416820
22 139 27414060
58 3 27404700
58 2 27396480
58 3 27396480
58 145 27388260
58 71 27386820
2 82 27306180
58 145 27243060
139 8 27231600
58 27 27223260
58 144 27213240
41 57 27135240
41 57 27129720
2 58 27127260
58 145 26892660
2 82 26890560
22 17 26866980
2 82 26620860
58 71 26553900
2 82 26552100
58 71 26541840
58 2 26541840
58 3 26541840
2 82 26532600
58 145 26288580
2 82 26286900
58 144 26263200
58 3 26203140
2 82 26185020
2 3 26112300
58 71 26037960
22 17 26013900
58 81 26009940
2 3 26005200
1 21 25999200
139 22 25946040
58 71 25936380
145 2 25931520
145 3 25931520
139 6 25928160
139 17 25928160
38 1 25911660
58 77 25660560
139 8 25590300
139 17 25590300
139 8 25512960
9 22 25494840
9 139 25494840
1 38 25485900
1 38 25483920
88 61 25423500
2 82 25419960
81 111 25346580
81 35 25346580
81 61 25346580
22 139 25071600
58 2 25053300
58 3 25053300
58 145 25053300
82 58 24971340
9 19 24907860
9 139 24907860
139 6 24881100
139 17 24881100
37 139 24880920
1 38 24799200
81 73 24796680
81 61 24795660
2 145 24794880
22 139 24751320
58 71 24396060
58 144 24383160
58 145 24380460
58 145 24371220
58 145 24303660
58 82 24278160
58 145 24220560
37 139 24210840
2 82 24121560
81 61 23874600
58 2 23868600
58 82 23867340
1 38 23690820
62 35 23611260
2 82 23499180
2 58 23498820
58 71 23271540
58 144 23271540
2 3 23093040
2 82 23081160
58 144 23010120
41 57 23008680
22 17 22997520
2 82 22980420
2 3 22980420
1 21 22919640
58 84 22643940
22 139 22640280
22 6 22635720
2 58 22565460
58 82 22558080
58 3 22558080
58 144 22481820
41 57 22463820
58 71 22385760
58 144 22385760
58 2 22385580
2 82 22291080
1 21 22289100
1 21 21985440
58 71 21974280
2 82 21769620
58 71 21713760
22 139 21713160
58 84 21690780
58 71 21368400
58 82 21349260
2 3 21343440
1 21 21288240
1 138 21276900
1 133 21276900
22 17 21251940
22 139 21251940
58 71 21251340
58 71 21111720
58 144 21111720
88 81 20852520
58 144 20850420
41 57 20820480
139 17 20575620
22 139 20573040
1 21 20145600
1 47 20141340
1 21 20126700
1 21 20053800
1 138 20048340
1 21 19985940
58 82 19961280
1 138 19891920
1 21 19889760
1 138 19889760
1 21 19889400
1 138 19889340
1 21 19887900
1 21 19884840
1 138 19878660
1 138 19878600
139 22 19872060
139 22 19872000
41 57 19869840
1 21 19570140
22 139 19461420
22 13 19376280
2 71 19374540
37 143 19371780
2 3 19264920
22 9 19220400
22 9 19029660
2 82 18943800
58 71 18926580
2 71 18850740
58 2 18843600
71 27 18747060
41 57 18680700
58 144 18666600
1 21 18663480
58 71 18430740
58 71 18340260
71 113 18239580
149 113 18227340
58 144 18157320
2 82 17365500
2 145 17365500
2 82 17365380
2 145 17029140
2 82 16867080
58 3 16608120
58 2 16606020
58 145 16606020
2 82 16254300
2 3 16254300
82 2 15317160
145 82 15216420
145 3 15216420
82 2 15124860
2 82 14444760
2 58 14197440
2 3 14171520
58 145 13825560
2 82 13824060
145 2 13324920
2 82 13234980
58 81 12876180
2 82 12180900
58 145 11420580
58 145 11411340
2 82 10970160
58 82 10910160
58 143 10827540
58 2 10827540
58 144 10827540
58 3 10827540
2 145 10822740
58 2 10544340
2 3 10379280
2 82 10376880
2 58 10376880
2 58 10294680
2 145 10280520
58 2 9950040
2 58 9847500
2 145 9847500
58 2 9786120
2 3 9688980
58 145 9593340
58 145 9351120
2 145 9242340
58 81 9191940
58 2 8658480
58 71 8481720
104 18 8380200
58 3 8124240
58 145 8124240
2 3 7965720
58 145 7957440
2 82 7265040
58 71 6739260
2 82 6737100
2 82 6317880
3 2 5703480
2 58 5030820
58 82 4956540
58 145 4859220
2 145 4848120
2 82 4846800
2 82 4404180
2 145 3218400
37 139 3204840
37 139 3057180
37 139 2962380
58 145 2596860
58 145 1996260
58 2 1827660
2 82 1822260
58 82 1302660
58 3 1302660
58 82 1146780
37 145 40860
58 82 0
