10 8 89473036
8 23 89120075
8 20 88599790
8 23 88599790
26 27 88532323
26 28 88532323
26 30 88532323
26 31 88532323
35 36 88257513
23 8 88245879
8 23 88245691
23 8 88243700
8 23 88243575
23 8 88243341
23 8 87994063
23 20 87994063
20 8 87882665
8 20 87810470
8 23 87810470
20 8 87805277
20 8 87805070
8 20 87802739
23 8 87720978
8 23 87720978
23 8 87716991
23 20 87716991
8 23 87393371
8 23 87380512
8 23 87377373
8 23 87227425
8 23 87227241
26 27 87198824
20 23 87132253
20 23 87130659
20 23 87129267
23 20 87129043
23 20 87125442
20 23 87123336
8 23 87111665
26 27 87104661
49 52 87022899
49 56 87022899
49 35 87022899
49 57 87022899
49 36 87022899
20 8 86780934
20 23 86780934
23 20 86764026
23 8 86712048
23 20 86712048
20 8 86700979
20 23 86700979
10 8 86693841
8 20 86686546
8 23 86686546
20 8 86685832
20 23 86685832
20 8 86680591
20 23 86680591
30 27 86679590
30 60 86679590
30 31 86679590
30 36 86679590
36 52 86677659
20 23 86675042
88 81 86620802
49 36 86619593
49 36 86619528
49 36 86619337
26 27 86616462
81 27 86610963
81 28 86610963
81 71 86610963
81 52 86610963
81 30 86610963
81 60 86610963
81 26 86610963
81 88 86610963
81 36 86610963
49 36 86602717
40 79 86600978
40 83 86600978
81 27 86596563
81 28 86596563
81 71 86596563
81 52 86596563
81 30 86596563
81 60 86596563
81 26 86596563
81 88 86596563
81 36 86596563
36 56 86594455
49 91 86593345
49 91 86592351
81 27 86550104
81 28 86550104
81 71 86550104
81 52 86550104
81 30 86550104
81 60 86550104
81 26 86550104
81 36 86550104
26 71 86546943
26 81 86546943
26 27 86542849
26 28 86542849
26 30 86542849
26 31 86542849
81 71 86539725
81 27 86535704
81 28 86535704
81 71 86535704
81 52 86535704
81 30 86535704
81 60 86535704
81 26 86535704
81 36 86535704
20 23 86507007
71 81 86448387
71 26 86448387
88 81 86437330
88 49 86433149
36 80 86427956
36 52 86427685
36 80 86423497
36 80 86423491
36 80 86423393
68 30 86421699
26 81 86420995
81 88 86418788
81 88 86417987
81 26 86371793
26 81 86280708
81 71 86275903
71 81 86265309
71 26 86265309
81 26 86254108
81 26 86201553
26 81 86200166
81 26 86200015
26 81 86199676
81 52 86196287
81 26 86196287
81 88 86196287
81 36 86196287
36 52 86166119
52 36 86160183
26 62 86115188
26 27 86115188
26 28 86115188
26 30 86115188
36 52 86110256
100 28 86097957
26 27 86094440
68 62 86082685
28 26 86079328
26 100 86077924
26 30 86075311
49 91 86073285
57 75 86072942
57 49 86072942
36 26 86070464
26 28 86016001
26 36 86012257
26 28 86012109
26 27 86009067
26 28 86009067
26 31 86009067
26 28 86008792
91 49 86005890
30 60 86005399
30 60 86005320
49 91 86001920
57 56 85995987
26 28 85989679
78 49 85929298
49 78 85928500
78 49 85928332
49 78 85927988
78 49 85926940
56 36 85925379
56 36 85917113
56 36 85910822
35 62 85908451
30 36 85896708
26 30 85841417
26 30 85841230
30 27 85838991
30 28 85838991
30 52 85838991
30 36 85838991
40 79 85821865
30 36 85817337
81 26 85808322
81 36 85808322
26 81 85772033
26 36 85772033
30 60 85328524
81 26 85314259
81 36 85314259
60 30 85292749
26 81 85290623
36 81 85254077
36 26 85254077
26 81 85243167
26 36 85243167
26 81 85242542
26 36 85242542
81 26 85242353
81 36 85242353
81 26 85240813
81 36 85240813
81 36 85238453
26 30 85126110
30 26 85125507
26 27 85048048
26 28 85048048
26 30 85048048
26 31 85048048
81 26 84983761
81 36 84983761
81 26 84982269
81 36 84982269
26 81 84979035
8 33 84970397
8 23 84970397
28 81 84969418
28 26 84969418
100 28 84956408
26 28 84896877
26 81 84896877
49 99 84872301
30 68 84871504
30 60 84871504
99 49 84866713
26 81 84804966
26 36 84799961
114 74 84794137
26 27 84793890
26 28 84793890
26 30 84793890
26 60 84793890
26 31 84793890
40 83 84785354
26 81 84724726
49 91 84709071
49 91 84702574
81 26 84467843
81 36 84467843
81 26 84453106
81 26 84453084
81 26 84453066
81 88 84379444
81 26 84379256
23 10 84355736
49 91 84353118
81 71 84351581
49 91 84343458
88 81 84297106
91 49 84287615
49 91 84279976
30 27 84269145
49 91 84256182
26 81 84191615
49 91 84182879
113 81 84179971
81 52 84116591
81 26 84116591
81 88 84116591
81 36 84116591
26 81 84098745
52 81 84095967
26 71 84094301
26 71 84094266
81 52 84093517
81 88 84093517
62 35 84091573
62 31 84091573
49 91 84091172
26 71 84027720
68 71 84021462
68 26 84021462
81 88 84018897
26 68 84014068
30 26 84013617
26 81 83952212
81 26 83834372
88 81 83830802
81 88 83761729
49 91 83756023
81 88 83744089
81 88 83743628
88 81 83742984
81 88 83740139
81 71 83689881
81 36 83689881
88 81 83689031
88 81 83685822
81 71 83679597
81 36 83679597
62 68 83676265
81 88 83675964
68 62 83675897
62 68 83674655
81 36 83673480
81 36 83668778
30 27 83661921
49 91 83659403
81 88 83655495
49 91 83653543
81 88 83605076
88 81 83604604
81 88 83603863
81 52 83603809
81 26 83603809
81 88 83603809
81 36 83603809
81 88 83601515
88 81 83600732
88 81 83591472
81 88 83587653
81 88 83584799
81 88 83576375
88 81 83575751
49 91 83574731
81 71 83569690
71 81 83568517
81 71 83567555
71 81 83567416
81 71 83567176
49 91 83566030
81 88 83566001
26 27 83431026
26 28 83431026
26 71 83431026
26 30 83431026
26 31 83431026
26 27 83430365
26 28 83430365
26 71 83430365
26 30 83430365
20 33 83414792
81 52 83410003
81 26 83410003
81 88 83410003
81 36 83410003
81 88 83407251
81 88 83399339
33 20 83391222
26 27 83320328
26 71 83320328
26 30 83320328
20 10 83160233
10 20 83160229
20 10 83158265
20 10 83157142
10 20 83156530
81 36 83152695
81 88 83152590
49 91 83149489
20 33 83139314
20 23 83139314
81 52 83079062
81 26 83079062
81 36 83079062
81 71 82964799
26 27 82796547
26 27 82616767
26 30 82616767
26 71 82537746
88 81 82461739
88 71 82453761
81 88 82392783
88 81 82389495
52 81 82380929
49 91 82366454
81 71 82355658
49 91 82274600
49 91 82273582
33 20 82269340
68 27 82265069
23 20 82216221
124 78 82204650
78 124 82204528
71 26 82016328
26 71 81965296
88 81 81958198
88 81 81941541
91 49 81863878
49 91 81862426
49 91 81857562
49 91 81852634
81 27 81848963
81 28 81848963
81 30 81848963
81 26 81848963
81 24 81848963
81 88 81848963
81 36 81848963
33 20 81779912
33 20 81774729
33 20 81754214
30 62 81750983
62 30 81692156
100 28 81683237
8 33 81608314
40 79 81587670
40 83 81587670
81 27 81586854
81 30 81586854
81 26 81586854
81 88 81586854
81 36 81586854
88 81 81582759
81 88 81528982
81 88 81372801
20 10 81333639
20 23 81333639
88 81 81328871
78 124 81323920
81 36 81316887
81 88 81276967
33 20 81265512
33 20 81263688
91 40 81261175
91 79 81261175
91 83 81261175
78 100 81250346
78 124 81250346
49 75 81231515
49 56 81231515
49 57 81231515
88 81 81188771
30 26 81156258
30 36 81155875
100 28 81152776
91 40 81095353
91 79 81095353
91 83 81095353
81 36 81084123
100 24 81062957
81 36 81062131
81 36 81060513
71 81 81016376
91 40 81012296
91 79 81012296
91 83 81012296
49 91 80987748
49 75 80973387
49 56 80973387
49 57 80973387
62 35 80718805
28 100 80713612
91 40 80665227
91 79 80665227
91 83 80665227
91 40 80661137
91 79 80661137
91 83 80661137
92 74 80655150
40 79 80654247
40 83 80654247
20 33 80643411
92 74 80640750
33 20 80638959
2 71 80577666
2 26 80577666
91 40 80575423
91 79 80575423
91 83 80575423
20 23 80554608
20 23 80554492
23 20 80554118
20 23 80553984
23 20 80550780
23 20 80550739
33 20 80549609
20 23 80548058
20 23 80546183
20 23 80543093
20 23 80541862
20 23 80489875
20 23 80489131
20 23 80488828
91 40 80488177
91 79 80488177
91 83 80488177
57 75 80486138
71 81 80484889
91 40 80483779
20 33 80480808
23 20 80479265
23 20 80479014
23 20 80478828
23 20 80478775
20 23 80478582
20 23 80478212
20 23 80477291
23 20 80476755
20 23 80473589
81 71 80472168
23 20 80471523
23 20 80470405
20 23 80469887
20 23 80469740
28 100 80468182
23 20 80467575
20 23 80465077
8 23 80463058
20 23 80462994
28 100 80462687
23 20 80459732
10 8 80458801
81 2 80454684
20 23 80453926
20 23 80452107
20 23 80450031
91 40 80400360
91 79 80400360
91 83 80400360
23 20 80400048
23 20 80400000
20 23 80399547
20 23 80399512
23 20 80399319
20 23 80399142
23 20 80398435
20 23 80398365
20 23 80398248
23 20 80397813
23 20 80397207
79 40 80391690
79 83 80391690
80 131 80391415
71 81 80390550
20 23 80385412
20 23 80380572
20 33 80378954
8 20 80378574
8 23 80378574
20 23 80377012
23 20 80376804
20 23 80375484
20 23 80374611
23 20 80374464
20 23 80374416
113 81 80373754
81 113 80372720
23 20 80371184
113 81 80369684
23 8 80368916
20 8 80368789
20 23 80368789
49 75 80367252
49 56 80367252
49 57 80367252
20 8 80208879
20 23 80208879
20 23 80208417
20 33 80193307
33 20 80159942
20 23 80158938
20 33 80145848
20 23 80145848
33 20 80139001
20 33 80138244
33 20 80138091
20 33 80136969
49 75 80128801
49 56 80128801
49 78 80128801
49 57 80128801
33 20 79979681
91 40 79975238
91 79 79975238
91 83 79975238
33 20 79967947
8 20 79961694
20 33 79961691
20 8 79961691
20 23 79961691
10 8 79953356
20 23 79947160
20 23 79947138
20 23 79946653
23 20 79943822
10 8 79937137
20 23 79936705
78 49 79935999
20 23 79934660
20 23 79930547
49 75 79894264
49 56 79894264
49 57 79894264
91 40 79886487
91 79 79886487
91 83 79886487
10 8 79883105
20 33 79882467
33 20 79882228
8 10 79876406
10 8 79876378
20 33 79876200
124 56 79875777
33 20 79873919
57 75 79869572
20 23 79869183
23 20 79868861
20 23 79868624
8 10 79867929
8 10 79867295
23 20 79865545
10 8 79865194
23 20 79864034
8 10 79863378
20 23 79862880
10 8 79862304
23 20 79862063
20 23 79861913
23 20 79860342
10 8 79860174
20 23 79860063
20 23 79859939
23 20 79859894
30 36 79858734
23 20 79858449
23 20 79856317
20 23 79854972
20 33 79853498
78 49 79852959
49 78 79851740
100 28 79847578
113 81 79844385
88 81 79813571
81 88 79811450
91 40 79805276
91 79 79805276
91 83 79805276
81 2 79787677
30 36 79786142
124 56 79781432
124 119 79781432
80 131 79775429
20 33 79773390
20 23 79772945
88 81 79771380
20 23 79770788
20 23 79770485
81 88 79769465
83 40 79769213
20 23 79681162
20 23 79627695
113 81 79541642
8 10 79533213
113 81 79528966
113 26 79528966
20 23 79527656
78 49 79519356
124 119 79515149
49 62 79514677
49 78 79514677
49 24 79514677
49 124 79514677
40 91 79514369
92 74 79507235
26 31 79453607
71 81 79437624
81 71 79436174
88 52 79435573
88 36 79435573
28 26 79432589
71 81 79432555
49 56 79431319
56 49 79431050
20 23 79430949
71 81 79429466
28 100 79428537
100 28 79426439
80 81 79422207
40 79 79415478
40 83 79415478
20 23 79413494
131 80 79367426
23 20 79366009
20 23 79348778
100 28 79347613
119 56 79346746
119 124 79346746
56 119 79346226
20 23 79346144
119 56 79346088
23 20 79346025
56 119 79346012
119 56 79345979
119 124 79345979
20 23 79345805
23 20 79345367
26 71 79337800
91 49 79335132
20 23 79333207
20 23 79327104
81 80 79278944
91 40 79277841
91 79 79277841
91 83 79277841
23 20 79277220
40 83 79274087
8 23 79264501
20 33 79264288
33 20 79263741
40 79 79262019
40 79 79261560
40 83 79261560
75 57 79261261
40 79 79260216
40 83 79260216
49 75 79244333
49 56 79244333
49 57 79244333
83 79 79241246
91 40 79196984
28 100 79194475
20 23 79179134
40 79 79176344
68 27 79169972
68 31 79169972
119 56 79168266
119 124 79168266
20 10 79167698
20 10 79166368
119 56 79166134
28 26 79164619
91 40 78930713
91 79 78930713
91 83 78930713
33 20 78930516
20 23 78921514
23 20 78920987
92 117 78918194
124 119 78912067
131 124 78911330
20 23 78910308
20 23 78898995
20 23 78855236
20 23 78855210
20 23 78853685
23 20 78853560
91 40 78843914
91 79 78843914
91 83 78843914
91 40 78843878
91 79 78843878
91 83 78843878
91 40 78843804
91 79 78843804
91 83 78843804
23 20 78842145
40 79 78835416
40 83 78835416
40 83 78826524
124 131 78823971
131 124 78823014
20 23 78821736
49 56 78810930
49 57 78810930
20 23 78809376
20 33 78772787
20 33 78765878
81 27 78764963
81 30 78764963
81 26 78764963
81 36 78764963
91 40 78758059
91 79 78758059
91 83 78758059
35 40 78757064
35 83 78757064
35 31 78757064
23 33 78753675
23 20 78753675
20 33 78743044
20 23 78738693
49 75 78737990
20 23 78735396
23 20 78735360
8 23 78733339
20 23 78731662
28 100 78728796
57 49 78727711
57 49 78726830
100 28 78725386
35 62 78724167
40 35 78723404
40 79 78722611
40 83 78722611
91 40 78675034
91 79 78675034
91 83 78675034
23 20 78674355
8 23 78672380
119 124 78672285
124 119 78671612
119 56 78671420
119 124 78671420
26 71 78668186
26 27 78662004
68 100 78661579
71 26 78660352
26 71 78651418
26 71 78651372
23 20 78649816
71 26 78649804
80 131 78649741
20 23 78646817
23 20 78643882
20 23 78643209
49 56 78639793
49 57 78639793
26 71 78639744
32 31 78633990
91 40 78591361
91 79 78591361
91 83 78591361
20 23 78578907
23 20 78575290
124 56 78566548
124 119 78566548
119 124 78564958
23 20 78564619
20 33 78561501
20 23 78507194
23 20 78475222
23 20 78425601
23 20 78424795
23 20 78395668
91 40 78326700
91 79 78326700
91 83 78326700
23 20 78323699
91 49 78320991
91 40 78243059
91 79 78243059
91 83 78243059
40 79 78226703
20 88 78223865
91 40 78155222
91 79 78155222
91 83 78155222
23 33 78149655
80 131 78132308
32 27 78131785
32 31 78131785
91 49 78125483
49 91 78124618
49 35 78120760
40 83 78120733
91 40 78066352
91 79 78066352
91 83 78066352
91 49 78054985
8 23 78047340
124 119 78040239
100 28 77983537
91 40 77981811
91 79 77981811
91 83 77981811
23 20 77980255
20 23 77947210
88 49 77724776
88 81 77724501
92 74 77721361
92 74 77719978
124 56 77716503
124 119 77716503
23 20 77710915
27 26 77708088
91 49 77704785
117 74 77703472
74 117 77703471
36 52 77696199
80 131 77695157
32 27 77693912
80 131 77684290
91 40 77638326
91 79 77638326
91 83 77638326
131 80 77635159
20 23 77630642
23 20 77630570
91 49 77630543
23 8 77629105
119 124 77610860
124 119 77606683
105 33 77550332
23 20 77546581
20 23 77545904
80 131 77534164
26 28 77531328
62 31 77531116
2 78 77527545
23 20 77527483
91 40 77523923
23 20 77523730
40 83 77522671
124 56 77518414
27 26 77510545
27 32 77510545
27 31 77510545
28 100 77464629
26 100 77464267
91 40 77460945
91 79 77460945
91 83 77460945
119 56 77456615
23 20 77453687
20 23 77453633
20 23 77453576
23 33 77452551
23 20 77452551
23 33 77452098
23 20 77452098
91 49 77436624
20 88 77425935
20 23 77425517
20 23 77424809
91 40 77370893
91 79 77370893
91 83 77370893
36 52 77364582
83 78 77362155
78 83 77362088
83 78 77361847
78 83 77361773
91 49 77360111
23 33 77359181
131 80 77349956
57 124 77341453
80 131 77339709
131 80 77114645
91 40 77113163
91 79 77113163
91 83 77113163
2 78 77112281
23 20 77089594
23 20 77031202
23 20 77031124
91 40 77029827
91 79 77029827
91 83 77029827
23 20 77027419
75 57 77024855
23 20 77020766
20 23 77013648
124 119 77010841
124 119 77009388
23 20 77008873
23 33 77006424
23 20 77006424
23 20 77005316
23 20 77004081
23 20 77003776
131 80 77003443
33 20 76996804
20 23 76995906
20 23 76994949
20 33 76990889
91 40 76942048
91 79 76942048
91 83 76942048
124 56 76936090
20 33 76932008
131 80 76916273
124 56 76914134
91 40 76858299
91 79 76858299
91 83 76858299
28 100 76843434
28 100 76843432
100 28 76842884
23 33 76838005
23 20 76838005
23 20 76834975
23 20 76834901
33 20 76824354
81 113 76771685
23 20 76771469
131 80 76771122
20 23 76771113
91 40 76770830
91 79 76770830
91 83 76770830
113 81 76767138
88 36 76766203
100 28 76763773
26 28 76762132
26 71 76762132
26 81 76757260
81 26 76756377
119 56 76751530
119 124 76751530
119 56 76748558
119 124 76748558
78 2 76748459
2 78 76747569
26 81 76746208
78 2 76744857
75 56 76744277
75 57 76744277
137 68 76737980
49 91 76735774
26 27 76606490
26 81 76606490
91 40 76508642
91 79 76508642
91 83 76508642
137 68 76496443
40 79 76487023
91 40 76425385
91 79 76425385
91 83 76425385
88 36 76411863
78 114 76405047
78 124 76405047
91 40 76402432
91 40 76402406
92 117 76402161
91 40 76341434
91 79 76341434
91 83 76341434
23 20 76338514
91 40 76337562
91 79 76337562
91 83 76337562
131 80 76335972
40 35 76334987
40 83 76334987
8 23 76331480
131 80 76329780
80 131 76329435
56 24 76328953
23 33 76326572
23 20 76326572
88 75 76320476
33 20 76315805
119 56 76313095
119 124 76313095
40 79 76312395
23 20 76253460
91 40 76251463
91 79 76251463
91 83 76251463
40 83 76249327
131 80 76244970
23 8 76244179
68 137 76242934
20 23 76241887
8 23 76239246
131 78 76239170
8 23 76235960
8 23 76230258
23 8 76226457
23 33 76226424
80 131 76215687
23 20 76168556
23 20 76168278
20 23 76167899
91 40 76165920
91 79 76165920
91 83 76165920
23 8 76164596
2 78 76161770
78 2 76161478
81 26 76161440
81 88 76161440
131 80 76155619
26 30 76144723
78 2 76140980
23 20 76137959
2 78 76137106
2 78 76137025
78 2 76135013
2 78 76132829
78 2 76132790
81 88 76131584
2 78 76131356
20 88 76129534
20 23 76129534
23 20 75985389
23 20 75983166
23 20 75976685
23 20 75976488
91 40 75906219
91 79 75906219
91 83 75906219
23 20 75902503
23 20 75901273
23 20 75901167
88 27 75901017
88 68 75901017
88 28 75901017
88 91 75901017
88 52 75901017
88 56 75901017
88 40 75901017
88 30 75901017
88 137 75901017
88 49 75901017
88 79 75901017
88 80 75901017
88 81 75901017
88 100 75901017
88 60 75901017
88 83 75901017
88 32 75901017
88 31 75901017
88 36 75901017
20 23 75897905
88 105 75897386
88 81 75897386
88 20 75897386
78 2 75893527
113 81 75892157
113 26 75892157
20 23 75885320
91 40 75821526
91 79 75821526
91 83 75821526
20 23 75819733
81 33 75815106
81 88 75815106
23 20 75813471
23 20 75800223
62 56 75744686
23 20 75735441
91 40 75729835
91 79 75729835
91 83 75729835
131 78 75726652
78 131 75725995
56 24 75721079
23 20 75720267
23 8 75718103
8 23 75714624
119 56 75708492
119 124 75708492
119 56 75705842
119 124 75705842
57 62 75701803
68 137 75648444
91 40 75645175
91 79 75645175
91 83 75645175
20 23 75640485
71 28 75640372
23 20 75629489
23 20 75626989
23 20 75621116
62 56 75574953
91 40 75561201
91 79 75561201
91 83 75561201
20 23 75559702
124 119 75554720
124 119 75553224
23 20 75552869
23 20 75552402
20 23 75539186
23 20 75533944
8 23 75531538
119 56 75531300
119 124 75531300
23 8 75530984
137 68 75489054
91 40 75301683
91 79 75301683
91 83 75301683
92 74 75300453
20 23 75294807
131 80 75288123
119 56 75287948
100 28 75287581
80 131 75287575
26 28 75285045
26 28 75284661
26 28 75280975
68 137 75280057
68 32 75280057
57 62 75279897
80 131 75275836
26 27 75275158
26 28 75275158
26 30 75275158
26 60 75275158
26 31 75275158
131 80 75273563
23 20 75271176
80 131 75269743
91 40 75220830
91 79 75220830
91 83 75220830
100 28 75213548
100 26 75211419
74 92 75206831
100 28 75205091
117 74 75204332
92 74 75203988
119 56 75194682
20 23 75191671
113 81 75188745
81 27 75182245
81 28 75182245
81 52 75182245
81 35 75182245
81 30 75182245
81 79 75182245
81 83 75182245
81 26 75182245
81 31 75182245
81 36 75182245
81 124 75182245
81 26 75179992
28 100 75178186
20 23 75178078
20 23 75177252
20 23 75177025
26 81 75175998
81 27 75145364
81 26 75145364
26 27 75143453
26 81 75143453
91 40 75131609
91 79 75131609
91 83 75131609
20 23 75121580
131 80 75120918
131 80 75118590
20 23 75117711
131 80 75116633
81 27 75110828
81 52 75110828
81 30 75110828
81 26 75110828
81 36 75110828
88 81 75109741
88 81 75102731
8 33 75102487
20 33 75101878
100 63 75099690
100 63 75099595
92 74 75098296
81 88 75095767
20 23 75093990
20 23 75091438
88 81 75049722
124 56 75045219
91 40 75042507
91 79 75042507
91 83 75042507
131 78 75031465
124 56 75028725
131 80 75028143
124 119 75026395
35 49 75024866
80 131 75024097
102 117 75023271
35 49 75021183
75 78 75019354
119 56 75018088
40 79 75012856
40 83 75012856
131 80 74954371
124 56 74943518
124 119 74943518
28 100 74941699
28 100 74941698
33 20 74939744
33 23 74939744
124 119 74935549
131 80 74926068
26 36 74922278
20 23 74920348
20 33 74919999
20 23 74919999
20 23 74919214
131 80 74694073
100 28 74688738
92 74 74687221
26 28 74682294
26 27 74681027
26 28 74681027
26 30 74681027
26 60 74681027
26 31 74681027
33 20 74592637
75 78 74533645
23 20 74526583
20 23 74519259
78 75 74513397
131 119 74513080
92 114 74510296
131 119 74500386
20 23 74498389
20 23 74497447
113 81 74490336
124 56 74437158
124 119 74437158
119 56 74429336
119 124 74429336
35 30 74427916
75 57 74427915
113 81 74406064
113 26 74406064
113 81 74405973
113 26 74405973
33 20 74405689
26 81 74363841
20 23 74343830
20 23 74338592
20 23 74330791
20 23 74330736
26 81 74326996
68 137 74323866
68 32 74323866
100 28 74315222
26 81 74183060
26 81 74168050
81 26 74083033
20 23 74071416
26 28 74011406
26 100 74011406
81 88 74000481
131 80 73999451
26 27 73996212
26 28 73996212
26 30 73996212
26 60 73996212
26 31 73996212
100 28 73996001
20 23 73980596
20 23 73980481
119 131 73979889
131 80 73976971
131 80 73975920
131 119 73920295
20 23 73918066
20 23 73917612
131 119 73914223
131 119 73905064
131 119 73902966
100 28 73894612
20 23 73894223
68 137 73889641
68 32 73889641
26 28 73746720
26 100 73746720
20 23 73742166
78 2 73735278
28 100 73728290
68 137 73722363
68 32 73722363
137 68 73478497
137 68 73471052
20 23 73464546
78 2 73457837
2 78 73457779
20 33 73449382
20 23 73449382
88 81 73402948
78 75 73395494
26 27 73378389
26 28 73378389
26 30 73378389
26 60 73378389
26 31 73378389
26 113 73318429
62 57 73291709
68 137 73290444
131 119 73285095
68 137 73282895
68 32 73282895
68 137 73280496
68 32 73280496
131 119 73224842
20 23 73190340
20 23 73189703
100 28 72868174
62 60 72779371
57 75 72779360
88 49 72773883
28 100 72770139
78 2 72768012
100 63 72762086
119 56 72688035
119 124 72688035
119 56 72687386
119 124 72687386
78 75 72616315
68 137 72610441
20 23 72609364
137 68 72609032
26 81 72603262
62 57 72596865
62 57 72594102
119 56 72593118
35 49 72589465
35 49 72588468
20 23 72584588
68 137 72536205
68 32 72536205
30 68 72525609
75 78 72501645
35 83 72272776
26 27 72254038
20 23 72240662
20 23 72239478
78 75 72188417
20 23 72150844
68 137 72101746
68 32 72101746
92 74 72100857
131 80 72086501
30 26 72086079
20 23 72072902
60 26 72014475
49 91 71999616
52 81 71997664
131 78 71995120
78 131 71991191
137 68 71987079
27 31 71985646
100 26 71984655
131 119 71949420
26 28 71934740
26 100 71934740
131 119 71931422
131 119 71929175
117 114 71928199
131 119 71924232
92 74 71900183
100 28 71896878
20 23 71894918
26 27 71648883
26 28 71648883
26 30 71648883
26 31 71648883
20 23 71634398
74 92 71598432
74 92 71587632
60 26 71577736
68 137 71571339
68 137 71571006
100 24 71501068
33 8 71494729
119 56 71473200
131 119 71471017
100 28 71462275
131 119 71414044
30 26 71399081
92 74 71396566
33 8 71330248
100 28 71053871
35 62 71035882
81 31 70984156
100 28 70983302
100 28 70975756
62 35 70970587
68 137 70885323
68 32 70885323
100 28 70883467
20 23 70857265
26 27 70812034
117 74 70799836
26 27 70725973
117 92 70722653
74 92 70716083
78 2 70711528
78 2 70707367
30 27 70701464
78 2 70697714
139 62 70628304
139 27 70628304
139 68 70624491
139 30 70624491
139 31 70624491
139 137 70621670
139 100 70621670
139 60 70621670
20 23 70340522
57 75 70289596
92 74 70274184
20 23 70273702
92 74 70269815
92 74 70194160
30 36 70184207
26 27 70178057
20 23 70177857
26 27 70168815
100 63 70119684
81 27 70116642
81 52 70116642
81 30 70116642
81 26 70116642
81 36 70116642
139 62 70116458
139 27 70116458
92 74 70109141
139 68 70102726
139 30 70102726
139 31 70102726
20 33 70096702
139 137 70091651
139 100 70091651
139 60 70091651
20 23 70085812
49 91 70008337
92 74 69865854
92 74 69855054
20 23 69852692
92 74 69844720
20 23 69769509
117 74 69580827
139 137 69572790
139 100 69572790
139 60 69572790
139 137 69570998
139 100 69570998
139 60 69570998
62 30 69568680
100 28 69566638
92 74 69483451
139 137 69225226
139 100 69225226
139 60 69225226
139 26 69225226
26 81 69224490
68 62 69222144
68 137 69222144
68 31 69222144
131 78 69146511
117 74 69143725
139 113 69137700
68 137 69135535
68 32 69135535
26 30 69071490
26 113 69071490
26 139 69071490
100 92 69039559
139 137 68992469
139 100 68992469
139 60 68992469
49 91 68991952
68 137 68967950
68 32 68967950
26 139 68912449
68 137 68908093
68 32 68908093
117 74 68889256
131 52 68881744
81 27 68556337
81 26 68556337
30 36 68540656
88 81 68481227
78 131 68475007
68 137 68457310
68 32 68457310
30 36 68439661
30 36 68439481
30 36 68439379
30 36 68439208
49 91 68394431
139 62 68378040
100 28 68354809
100 28 68354267
113 81 68055480
113 81 68055420
113 81 68054940
113 81 68037485
113 81 68037453
68 137 68019130
88 81 67952160
30 68 67944500
26 68 67926475
26 30 67926475
100 24 67924614
137 100 67775510
100 28 67764929
26 27 67763132
26 28 67763132
26 30 67763132
26 31 67763132
100 68 67761073
100 137 67761073
26 81 67752138
88 81 67719120
139 137 67696243
139 100 67696243
139 60 67696243
26 81 67692711
88 81 67686780
74 92 67683124
26 81 67671550
102 117 67617883
102 92 67617883
137 68 67314846
26 81 67268187
36 80 67258387
100 28 67235080
68 137 67153873
68 100 67153873
139 62 67149544
139 27 67149544
81 71 67091460
81 113 67091460
20 33 67073580
81 71 67073510
81 113 67073510
26 20 67058057
81 71 67055460
81 113 67055460
139 137 66815059
139 100 66815059
139 60 66815059
139 137 66744339
139 100 66744339
139 60 66744339
139 137 66741846
139 100 66741846
139 60 66741846
88 81 66685740
26 27 66651682
139 137 66577181
139 100 66577181
139 60 66577181
139 137 66567868
139 100 66567868
139 60 66567868
100 63 66565218
139 62 66544465
139 27 66544465
100 68 66496837
100 137 66496837
92 74 66488979
30 27 66470389
92 74 66219420
139 137 66211978
139 100 66211978
139 60 66211978
139 137 66207821
139 100 66207821
139 60 66207821
139 137 66207644
139 100 66207644
139 60 66207644
139 137 66206184
139 100 66206184
139 60 66206184
100 137 66046799
26 27 65973640
49 91 65968349
26 30 65966389
131 78 65858400
91 40 65624344
91 79 65624344
91 83 65624344
40 79 65605137
91 40 65541739
91 79 65541739
91 83 65541739
100 63 65520030
92 74 65452670
26 30 65450352
30 26 65448446
40 79 65357823
40 79 65356010
114 24 65283060
91 40 65279005
91 79 65279005
91 83 65279005
92 74 65271886
88 26 65268646
26 62 65262471
26 36 65262471
26 30 65262361
91 40 65024184
91 79 65024184
91 83 65024184
26 62 65014453
26 30 65014453
91 40 64935855
91 79 64935855
91 83 64935855
26 30 64855048
26 27 64854910
26 30 64854910
119 131 64852080
119 131 64812480
26 28 64770341
57 56 64740076
26 28 64721886
26 30 64721886
26 60 64721886
26 31 64721886
91 40 64414626
91 79 64414626
91 83 64414626
131 78 64397880
68 137 64166580
68 32 64166580
74 117 64159025
91 40 64157509
91 79 64157509
91 83 64157509
91 40 64133579
91 40 64133255
68 137 64130580
68 32 64130580
36 52 64129897
83 79 64045049
131 119 63794280
113 105 63707160
113 81 63707160
113 81 63689214
68 137 63596460
68 32 63596460
68 137 63594240
68 32 63594240
119 131 63588840
119 131 63587160
79 40 63549420
62 60 63538800
79 40 63513420
131 119 63503460
62 60 63463680
131 119 63445920
131 119 63441240
131 119 63421140
62 31 63204420
62 31 63204240
79 83 63199920
131 119 63183000
62 31 63168420
62 31 63168240
79 83 63163920
62 60 63027540
131 78 63013500
57 56 62875260
81 71 62856780
81 32 62856780
57 56 62839260
68 137 62816220
68 32 62816220
57 139 62608740
57 139 62608020
57 139 62606580
57 139 62601720
74 92 62580612
57 139 62572740
57 139 62572020
57 139 62570580
57 139 62565720
91 40 62554560
113 81 62430720
57 56 62426160
117 63 62404440
57 56 62390160
92 74 62334840
92 74 62334720
92 74 62334480
92 117 62313480
92 117 62311500
92 117 62311080
74 92 62284620
81 27 62266560
81 28 62266560
81 35 62266560
81 27 62248602
81 28 62248602
81 52 62248602
81 35 62248602
81 36 62248602
92 74 62024220
74 92 62017560
113 81 61998120
57 56 61996320
20 23 61982621
113 81 61976280
92 74 61973820
113 81 61962120
57 56 61960320
139 8 61885425
117 74 61871700
117 24 61871700
117 102 61856820
40 79 61834740
40 83 61834740
139 8 61813974
139 8 61811610
117 63 61803060
40 79 61798740
40 83 61798740
92 117 61797000
40 79 61731780
40 83 61731780
57 56 61726800
57 139 61726800
2 131 61696800
57 56 61690800
57 139 61690800
88 81 61660860
78 2 61635060
78 2 61635000
88 81 61624860
78 2 61599060
78 2 61599000
78 2 61403640
88 81 61393620
20 23 61389996
20 23 61385793
117 63 61371360
2 78 61369740
2 78 61369560
78 2 61367640
88 81 61357620
88 81 61231500
8 139 61215484
131 78 61210080
78 131 61209060
91 49 61197000
88 81 61195500
23 8 61193334
23 20 61193334
131 78 61174080
131 78 61173720
117 63 61089660
92 74 61069500
40 83 61039440
57 139 61035120
40 83 61003440
57 139 60999120
57 56 60997620
139 33 60759180
139 8 60759180
92 63 60706320
92 114 60706320
20 23 60671356
88 81 60607080
88 81 60605400
88 81 60571080
88 81 60569400
57 56 60493020
79 40 60487920
139 8 60438983
20 23 60427708
91 40 60426780
91 83 60426780
131 78 60186720
92 74 60171780
131 78 60150900
78 2 60081060
78 2 60078660
57 56 60065220
2 78 60048360
78 2 60045060
88 81 60032460
92 74 60004320
88 81 59996460
83 40 59982780
57 91 59953080
57 75 59953080
139 56 59833980
139 119 59833980
131 78 59830860
131 78 59794860
131 78 59589720
88 81 59587620
88 81 59580660
131 78 59569980
131 78 59550120
88 81 59548020
40 79 59545740
40 83 59545740
131 78 59542620
88 81 59541060
40 79 59540400
40 83 59540400
131 78 59530380
131 78 59527620
131 78 59505240
117 92 59469540
131 78 59465760
131 78 59465640
117 92 59455080
139 8 59379573
57 56 59378220
57 56 59362200
92 117 59187960
117 92 59186760
92 117 59186040
117 92 59185680
92 117 59185200
117 92 59180160
57 91 59179380
57 75 59179380
20 23 58967057
92 117 58951260
92 24 58951260
117 92 58950360
113 149 58947000
117 92 58940340
92 117 58939920
149 78 58928220
149 114 58928220
149 113 58928220
149 24 58928220
149 92 58928220
92 149 58918140
92 114 58918140
117 92 58851780
92 117 58851720
117 92 58851420
92 117 58847040
92 117 58834800
2 78 58780860
57 56 58753200
57 139 58697580
57 139 58657980
117 92 58578240
92 117 58577820
149 113 58260000
117 74 58231440
92 149 58075620
2 78 58068300
117 24 58061340
92 102 58051800
149 113 57975180
149 24 57975180
92 149 57972420
149 113 57972180
149 24 57972180
88 81 57783180
88 81 57746820
88 81 57743580
20 23 57665627
2 78 57663780
117 114 57648180
117 24 57648180
117 92 57634980
139 8 57587556
117 114 57481800
117 24 57481800
83 40 57452520
117 114 57399120
117 24 57399120
114 117 57385800
20 23 57381195
20 23 57125291
139 8 57064037
149 113 57052680
149 24 57052680
117 114 57048660
117 24 57048660
92 117 57046020
117 92 57046020
92 117 57045300
57 139 57029700
92 117 57027960
57 139 57026820
57 139 57025440
117 114 56966640
117 24 56966640
57 139 56963880
57 139 56962620
117 114 56944200
117 24 56944200
91 40 56858640
20 23 56538840
91 40 56506140
92 117 56505120
92 117 56500020
139 8 56447199
57 56 56445720
117 92 56444820
117 92 56436840
92 117 56429520
117 92 56428500
92 117 56426520
149 113 56416680
92 117 56414880
117 92 56414820
8 139 56403960
8 139 56360760
117 92 56353920
99 91 56331960
20 23 56280780
149 113 56268840
149 24 56268840
99 91 56245140
99 139 56245140
117 114 55928640
117 24 55928640
99 139 55902780
99 139 55901880
117 114 55901580
99 139 55900740
91 40 55888920
91 83 55888920
79 81 55867740
79 146 55867740
79 88 55867740
79 139 55867740
20 23 55852620
149 113 55832280
79 40 55831620
79 83 55831620
149 113 55829520
149 24 55829520
79 81 55828140
79 146 55828140
79 88 55828140
79 139 55828140
149 113 55827360
149 24 55827360
149 113 55813980
149 24 55813980
91 49 55810620
91 139 55742820
57 139 55661520
57 56 55655040
57 56 55654860
57 139 55646100
99 91 55639380
117 92 55578360
92 117 55578060
117 92 55577280
57 139 55562160
99 91 55542960
99 139 55542960
117 92 55311480
49 91 55239420
57 56 55222380
57 56 55221960
92 117 55215540
149 113 55214040
149 24 55214040
117 114 55148880
117 24 55148880
88 81 55074240
117 24 55058220
113 149 54948000
99 91 54943380
149 113 54757380
149 24 54757380
88 49 54720000
99 35 54717600
79 91 54710160
79 88 54710160
79 139 54710160
91 139 54636240
149 113 54630600
149 24 54630600
149 113 54603360
149 24 54603360
91 139 54538020
117 114 54531900
117 24 54531900
117 102 54456480
117 102 54453000
149 113 54429300
149 24 54429300
117 92 54102600
92 117 54099420
81 88 54083640
92 149 54077340
92 149 54014760
57 56 54006600
91 40 53993280
139 91 53926980
92 149 53832960
88 81 53757120
88 81 53753820
81 88 53751000
81 88 53750100
81 88 53749500
91 49 53743860
99 91 53729040
99 139 53729040
74 92 53526000
117 102 53407620
149 105 53314860
149 113 53314860
149 24 53314860
57 56 53242800
57 139 53242800
68 137 53219100
99 91 53211300
99 139 53211300
88 81 52924020
117 102 52896000
117 102 52894920
88 81 52735260
57 56 52554600
57 139 52554600
117 114 52219080
117 24 52219080
117 114 52218540
117 24 52218540
117 114 52128900
117 24 52128900
40 146 52104420
92 117 52029540
88 81 52014480
40 91 51679920
68 137 51522360
91 49 51515160
68 137 51510180
117 114 51007380
117 114 51006420
117 24 51006420
92 117 51002280
117 92 50885220
57 56 50817600
88 49 50811660
88 81 50810100
149 24 50741700
149 113 50740080
149 24 50736540
91 49 50730060
91 139 50714820
113 81 50550720
88 81 50491680
20 23 50312160
20 33 50311620
92 114 50308920
149 24 50297820
139 91 50288400
20 23 50275500
20 23 50259360
92 117 50221080
117 102 50220900
20 33 50219520
20 23 50216160
20 23 50215920
113 149 50214240
20 23 50213820
20 23 50212920
81 88 50212320
149 113 50201700
56 57 50200440
78 2 50198640
149 78 50196480
20 23 50191800
23 20 50141580
92 117 50138280
20 23 50135100
149 24 50129100
139 91 50126640
149 24 50120580
68 137 50119680
68 137 50119020
149 24 50116620
149 113 50115540
49 75 49874220
139 8 49870860
92 117 49859820
117 92 49859280
92 117 49858320
88 81 49799760
81 88 49791060
139 91 49782480
92 114 49695660
8 139 49686720
139 8 49686000
139 8 49679580
139 57 49618920
139 8 49617660
149 71 49600500
149 71 49597080
91 49 49586580
23 20 49525080
149 71 49521960
91 49 49518780
117 102 49518780
8 139 49517700
91 49 49517160
117 102 49505160
139 79 49473420
139 79 49472940
139 79 49472400
149 24 49270500
8 139 49266720
139 79 49259340
68 137 49245600
139 8 49165020
139 91 49100460
68 137 49092240
23 20 49086840
139 79 49074360
117 92 49072980
88 81 49022940
23 20 49019880
117 92 49014660
117 92 49014300
57 56 49009740
149 78 49004700
149 24 49004700
149 78 48993420
149 24 48993420
117 78 48937500
139 8 48935220
88 81 48931440
88 81 48917460
149 113 48912840
149 24 48912840
114 102 48837120
74 102 48797700
20 23 48478740
20 23 48477960
20 23 48461040
99 139 48424440
149 113 48403920
149 24 48403920
149 113 48401280
149 24 48401280
139 33 48388500
139 8 48388500
68 137 48387780
117 114 48383400
68 137 48377820
88 81 48324720
68 137 48313980
99 35 48305400
68 137 48294000
68 137 48291720
56 57 48049140
99 91 47970300
99 75 47970300
57 139 47957220
78 117 47869440
20 23 47859300
117 114 47807700
57 56 47799120
68 137 47783220
68 137 47781720
68 137 47779620
57 75 47710800
57 56 47706660
99 49 47689920
149 63 47457180
149 113 47457180
149 24 47457180
149 113 47375520
149 24 47375520
68 137 47207340
149 24 47199060
149 113 47172660
92 102 47170260
92 102 47168940
139 79 46850100
149 113 46773300
149 24 46773300
71 113 46664820
8 139 46570680
33 20 46564320
149 113 46246320
149 24 46246320
149 113 46235160
113 149 46232100
23 20 46228440
149 113 46227660
149 113 46156020
149 24 46075740
8 139 46069380
91 40 45993120
57 56 45972300
57 49 45972300
57 139 45972300
57 56 45968760
57 49 45968760
57 139 45968760
149 24 45888300
81 88 45884280
57 56 45882660
149 24 45876180
149 24 45641460
149 113 45637560
149 63 45556380
149 113 45556380
149 24 45556380
149 24 45464400
149 24 45452100
57 56 45451560
149 24 45450600
149 24 45377160
149 113 45362160
149 24 45362160
149 24 45302640
149 24 45302580
57 56 45276420
99 49 45272460
149 24 45036540
149 24 45014580
149 24 44855400
91 139 44845980
57 24 44760900
149 71 44759280
81 88 44755380
23 20 44423940
149 113 44344080
139 8 44340540
149 113 44339040
149 24 44339040
149 113 44233620
146 79 44179980
28 137 44088960
149 113 44061300
149 63 44061000
149 113 44061000
149 24 44061000
149 24 43813080
71 113 43718520
57 56 43645680
137 68 43459200
139 8 43219080
62 35 43196100
23 20 43147680
139 8 43141020
57 56 43116540
91 139 43114800
139 33 43033260
139 8 42948960
57 56 42857820
149 24 42607800
139 8 42536820
57 56 42533640
79 146 42530880
149 63 42512520
149 24 42512520
63 149 42281400
149 71 42274200
137 68 42251580
57 56 42246420
149 24 42015540
149 113 42006360
149 63 41995260
149 113 41995260
149 24 41995260
28 137 41932080
149 113 41815860
149 24 41768520
139 33 41403420
139 8 41403420
149 24 41239020
149 113 41222340
149 113 41183040
149 24 41183040
149 24 41140860
139 91 41051760
137 68 40981860
57 56 40789080
88 81 40619940
68 137 40546620
88 75 40207380
88 49 40207380
88 99 40207380
149 24 40107180
149 24 40106640
149 113 40016640
57 56 39941520
57 56 39832500
57 56 39573480
139 8 39515100
88 75 39418980
88 49 39418980
88 99 39418980
62 35 38900880
62 35 38900640
62 35 38873340
60 28 38645700
60 31 38645700
57 56 38645640
57 56 38642520
57 56 38638140
57 56 38123400
149 113 38099340
139 8 37746660
139 8 37704780
139 8 37684740
57 56 37675620
57 24 37502040
149 71 37429560
149 24 37429560
139 8 36988620
57 56 36471660
139 20 36409560
99 91 36392520
99 49 36392520
99 139 36392520
2 79 35704560
2 83 35704560
23 20 35624100
113 149 34756500
57 56 34738800
99 49 34691340
81 88 34382580
88 81 33811320
62 35 33449940
146 81 33290040
146 81 32834340
62 35 32083620
62 57 32083620
40 32 32080740
20 88 32065440
146 81 31545600
88 81 31369200
2 78 31127100
62 35 30872040
149 113 30497220
146 79 28593840
139 57 28007100
139 57 28002420
139 57 28001460
139 8 27935460
139 8 27231600
139 8 26264580
139 8 26182560
139 8 26027040
139 8 25928160
139 8 25590300
139 8 25512960
81 35 25346580
81 146 25346580
71 113 24988140
139 8 24377940
62 35 24211560
62 35 23611260
139 8 22998600
149 113 22983180
88 49 22490400
149 113 22372980
88 81 20852520
139 8 20681160
88 56 20153700
88 119 20153700
139 8 19972200
2 71 19374540
139 8 19357860
88 49 19034880
88 139 19034880
2 71 19006260
2 71 18850740
71 27 18747060
149 113 18332580
149 71 18259800
149 113 18259800
71 113 18239580
149 113 18227340
149 71 17491440
149 113 17491440
2 131 17365380
