3 0 97580951
1 6 97484013
3 1 94641220
3 2 94641220
0 4 94565223
0 3 94565223
0 3 94536423
0 4 94390069
0 3 94390069
7 1 91259678
1 4 91022831
1 7 90932784
1 7 90916378
4 1 90912162
1 7 90849111
4 1 90846436
8 9 90676891
10 12 90675787
13 14 90674722
13 11 90671818
13 11 90671794
8 11 90408061
13 17 90403288
11 15 90400159
11 14 90395748
11 16 90395748
13 17 90393524
6 12 90390569
19 8 90312397
1 7 90302028
13 14 90241911
13 16 90241911
13 11 90142424
11 15 89805863
11 13 89789208
11 17 89789208
1 4 89736961
1 20 89731765
16 14 89730093
16 11 89730093
7 1 89701063
1 21 89614837
2 3 89556189
8 17 89548143
17 13 89486493
11 12 89469150
6 8 89219026
6 11 89219026
6 10 89216360
2 0 89213457
2 3 89213457
13 8 89209691
1 4 89208330
24 25 89192459
14 13 89187933
6 17 89187198
1 21 89181598
1 21 89180657
2 0 89111535
11 10 89038219
1 4 89019955
2 3 89010733
15 13 89006102
13 14 88951540
8 17 88603407
6 8 88600678
6 16 88600678
8 23 88599790
6 13 88596433
1 4 88588058
13 17 88586499
17 14 88583229
11 13 88582509
17 13 88582336
1 4 88579133
26 29 88532323
26 30 88532323
18 32 88526218
19 15 88523527
19 9 88523527
32 18 88515148
13 11 88510669
2 0 88419675
17 8 88348935
8 17 88348468
34 7 88328288
8 17 88321590
4 1 88250949
23 8 88245879
23 17 88245879
8 23 88245691
9 20 87995895
23 8 87994063
23 17 87994063
9 20 87979486
19 9 87974405
19 9 87966828
14 16 87910506
0 2 87906644
37 7 87893184
20 8 87882665
1 21 87816324
8 23 87810470
4 1 87747374
16 13 87745230
16 17 87745230
35 38 87734436
13 6 87731158
6 15 87728721
22 20 87716800
15 13 87708644
20 9 87393754
14 15 87387803
8 17 87380512
8 17 87377373
2 0 87304035
17 8 87302530
17 16 87302530
9 19 87298788
16 8 87293201
14 11 87283832
13 11 87283426
11 14 87283420
8 17 87227425
8 17 87227241
19 13 87202241
19 14 87202241
20 9 87132253
46 38 87131901
14 13 87055787
13 8 87055515
49 46 87022899
49 57 87022899
49 25 87022899
38 35 87022132
38 21 87022132
15 13 87018506
13 10 86793608
58 2 86791613
11 8 86767156
11 16 86767156
23 12 86764026
23 17 86712048
12 16 86695037
13 16 86694164
20 8 86685832
20 23 86685832
20 8 86680591
36 38 86677659
20 12 86675042
61 41 86640157
61 46 86640157
61 51 86640157
61 53 86640157
61 40 86640157
61 21 86640157
61 42 86640157
61 79 86640157
61 66 86625757
61 69 86625757
61 40 86625757
61 80 86625757
61 81 86625757
61 82 86625757
61 86 86625757
90 86 86619818
61 27 86619549
61 25 86619549
61 84 86619549
26 27 86616462
61 81 86612324
81 28 86610963
81 73 86610963
81 60 86610963
81 84 86610963
81 26 86610963
81 44 86610963
77 64 86605341
92 66 86604974
40 95 86600978
40 29 86600978
81 77 86596563
81 43 86596563
81 25 86596563
81 84 86596563
81 89 86596563
58 2 86596414
3 0 86595239
49 96 86593345
61 71 86556305
61 77 86556305
61 25 86556305
61 44 86556305
81 28 86550104
81 71 86550104
81 43 86550104
81 25 86550104
26 73 86546943
26 28 86542849
61 70 86541288
81 44 86539725
81 27 86535704
81 73 86535704
0 89 86535196
2 0 86534290
8 17 86532610
94 5 86532076
41 57 86526648
1 4 86518159
26 89 86515040
6 13 86514625
19 9 86508523
40 39 86508055
14 13 86506486
14 8 86506486
14 16 86506486
1 21 86503428
71 81 86448387
71 82 86448387
49 51 86441567
49 25 86441567
88 49 86433149
61 73 86431270
61 56 86431270
61 43 86431270
36 53 86427956
36 52 86427685
36 43 86427685
0 4 86425186
0 2 86425186
36 80 86423497
13 19 86423437
68 30 86421699
19 9 86413765
81 44 86373691
81 73 86371994
81 93 86371521
93 70 86356736
26 73 86280708
81 93 86275512
81 70 86275512
71 82 86265309
81 26 86254108
81 38 86196287
93 81 86189894
13 17 86189099
92 66 86183056
36 61 86177263
92 87 86176262
81 61 86172946
13 17 86169990
93 71 86169976
93 81 86169976
81 73 86167602
36 52 86166119
36 38 86166119
11 13 86164759
92 66 86163383
1 7 86157110
26 28 86115188
13 16 86106324
2 0 86103796
88 89 86103683
6 13 86102778
100 28 86097957
61 36 86097907
1 7 86097721
38 46 86093918
38 47 86093707
38 47 86092267
36 25 86091907
62 64 86083100
14 13 86082945
93 28 86080940
14 11 86080299
92 87 86079400
26 100 86077924
28 93 86077280
96 97 86076447
93 28 86073486
49 91 86073285
84 25 86029715
26 93 86022436
25 43 86012490
25 42 86012490
25 36 86012490
26 28 86012109
90 65 86009240
90 72 86009240
90 102 86009240
26 28 86009067
91 49 86005890
30 60 86005399
49 91 86001920
93 28 86001535
36 38 86000677
28 93 86000050
14 8 85996722
14 17 85996722
57 41 85995987
38 52 85994813
38 88 85993620
38 89 85993620
61 88 85993489
92 90 85991610
26 28 85989679
0 27 85989633
0 89 85989633
93 28 85986855
93 70 85986855
9 19 85986129
87 66 85950101
25 38 85945301
14 13 85931149
14 10 85931149
78 49 85928332
78 85 85928332
0 37 85925518
56 36 85917113
56 36 85910822
92 87 85909286
13 11 85909082
19 11 85906570
95 83 85903585
89 88 85902601
97 96 85902087
30 36 85896708
70 81 85847490
28 93 85845341
93 28 85844659
30 28 85838991
30 52 85838991
30 43 85838991
97 49 85838260
13 14 85834634
66 92 85833408
3 4 85833016
77 62 85827465
41 97 85817869
97 96 85812977
26 73 85772033
67 90 85617100
25 36 85601473
0 66 85595718
0 26 85595718
0 3 85595718
12 17 85557047
0 2 85510054
0 87 85510054
13 14 85494240
3 2 85473147
2 3 85473098
81 103 85472290
103 81 85471992
11 8 85470904
96 97 85412598
38 25 85404756
25 38 85403049
25 36 85403049
103 81 85394480
0 37 85335502
0 26 85335502
0 2 85335502
0 3 85335502
104 70 85326926
104 73 85326926
104 107 85326926
25 101 85324057
81 73 85314259
10 14 85306193
10 12 85306193
3 4 85305475
49 96 85300462
11 16 85298019
26 81 85290623
36 73 85254077
36 26 85254077
26 73 85242542
81 73 85242353
81 26 85242353
81 26 85240813
81 36 85238453
12 11 85215870
93 81 85145460
26 31 85048048
87 66 84993761
0 26 84993197
0 87 84993197
11 10 84977136
11 12 84977136
2 4 84973076
8 23 84970397
28 26 84969418
11 8 84969350
12 13 84969198
12 10 84969198
61 73 84968741
97 96 84968504
110 93 84961439
13 17 84961362
97 43 84958773
97 49 84958773
97 25 84958550
13 14 84947325
11 17 84945340
15 10 84944028
15 12 84944028
0 37 84907671
0 87 84907671
81 103 84898778
26 28 84896877
2 0 84894587
13 17 84891174
110 93 84882203
110 112 84882203
89 49 84873772
99 49 84866713
17 8 84866227
9 12 84864911
0 4 84820190
104 105 84803774
9 44 84802782
25 97 84794034
12 9 84793859
95 40 84788431
40 95 84785354
40 111 84785354
12 9 84782839
12 17 84778311
93 81 84722134
0 3 84718908
81 111 84710016
97 49 84709232
58 2 84707951
49 97 84705693
97 49 84704932
97 25 84694420
97 49 84692878
0 66 84648246
0 2 84648246
0 3 84648246
0 37 84629378
6 13 84621742
87 66 84621312
4 2 84612093
17 13 84610563
13 17 84610187
15 13 84598861
19 15 84597519
19 14 84597519
19 9 84596805
65 67 84570506
19 15 84543684
19 14 84543684
19 16 84543684
81 36 84467843
0 4 84383393
0 3 84383393
104 70 84375788
104 108 84375788
17 13 84375707
13 17 84374128
104 106 84369530
104 88 84369530
104 70 84367795
104 73 84367795
28 59 84357926
13 23 84355364
35 38 84348928
62 64 84347715
88 81 84297106
91 49 84287615
104 18 84280283
13 16 84275629
19 13 84273966
19 14 84273966
19 11 84273966
19 16 84273966
62 77 84265048
8 16 84263724
9 19 84257774
19 9 84251011
82 3 84203026
82 3 84194931
26 81 84191615
81 73 84190806
49 97 84184230
89 66 84180230
113 93 84179971
113 112 84179971
104 73 84176069
9 19 84170397
0 26 84123152
81 93 84116591
81 70 84116591
81 77 84116591
81 43 84116591
81 107 84116591
13 17 84115661
52 41 84108192
112 93 84096976
26 71 84094301
62 85 84091573
49 91 84091172
81 108 84085212
81 44 84030673
13 17 84027022
13 11 84026877
49 97 84023861
68 71 84021462
104 73 84019464
104 107 84019464
81 88 84018897
47 37 84018554
89 98 84017961
13 17 84005266
13 20 84002218
104 61 83993921
93 112 83767106
104 105 83764727
0 71 83753427
115 41 83747856
107 81 83745899
81 107 83744089
93 81 83738982
81 71 83689881
85 25 83686450
85 38 83686450
13 33 83683796
49 97 83681626
81 36 83679597
68 62 83675897
97 96 83674904
97 91 83674904
30 27 83661921
81 107 83603809
81 88 83603809
0 4 83603438
81 88 83601515
81 70 83601482
81 88 83587653
23 13 83584133
90 65 83578044
90 72 83578044
88 73 83576378
81 88 83576375
78 37 83575951
81 29 83572337
81 93 83571783
90 65 83571549
49 97 83570664
71 81 83567416
81 29 83566001
104 107 83560402
107 104 83519726
26 98 83431026
26 30 83430365
8 19 83416479
19 13 83416476
19 14 83416476
81 38 83410003
81 94 83397218
97 96 83396699
26 30 83320328
107 81 83313787
10 13 83160797
13 22 83157851
20 10 83157142
81 107 83152590
81 82 83151487
49 91 83149489
20 33 83139314
20 18 83139314
10 13 83138804
10 11 83138804
11 13 83137309
11 14 83137309
0 26 83089472
0 2 83089472
10 11 83078539
81 61 83072850
2 0 83064998
25 77 83064111
25 78 83058255
25 43 83052645
25 85 83052645
94 81 82997050
13 17 82965996
19 22 82955229
11 23 82538450
78 37 82536905
97 91 82463293
92 87 82458748
0 2 82456889
123 93 82453219
113 93 82450334
97 49 82442079
49 97 82398040
81 61 82393569
94 81 82390573
41 57 82364111
41 97 82364111
95 55 82363613
95 55 82363539
8 17 82361447
93 26 82318759
49 91 82274600
97 49 82274399
13 16 82272923
97 96 82271279
97 41 82271279
23 20 82216221
124 37 82204650
13 17 82196012
13 17 82195937
112 93 82191598
112 85 82191598
41 57 82191299
28 93 82187037
93 110 82185847
13 16 82178770
88 81 81958198
28 93 81952189
11 13 81949328
11 8 81943851
93 66 81938460
120 124 81860679
124 120 81858762
37 0 81856087
49 97 81852634
62 77 81851481
122 125 81849156
11 16 81849009
11 17 81849009
81 98 81848963
81 111 81848963
81 43 81848963
81 88 81848963
81 44 81848963
15 14 81848238
122 42 81848103
121 53 81846803
121 42 81846803
125 55 81842223
125 122 81842223
8 13 81839962
8 9 81838631
8 12 81838631
8 19 81837165
40 95 81774994
93 112 81774273
112 113 81772188
38 46 81770773
112 93 81768617
17 8 81765828
17 14 81765828
17 12 81765828
11 17 81762501
120 124 81760392
33 22 81756252
11 9 81755352
8 13 81695621
77 64 81678132
13 10 81670479
85 122 81663846
10 16 81613392
85 25 81612892
8 33 81608314
13 14 81587933
13 11 81587933
13 16 81587933
81 85 81586854
81 38 81586854
1 21 81586718
120 124 81584921
88 81 81582759
81 88 81528982
19 9 81351167
19 9 81338698
20 16 81333639
20 23 81333639
78 124 81323920
14 10 81323037
25 81 81318636
50 52 81288607
4 2 81276914
112 113 81267967
91 95 81261175
97 91 81258946
112 11 81255786
11 8 81253938
78 124 81250346
10 11 81239708
10 12 81239708
49 25 81231515
35 38 81174439
123 81 81166320
14 10 81160377
93 123 81149699
93 81 81148403
108 107 81148199
93 108 81099204
91 79 81095353
112 93 81094233
93 81 81088793
9 33 81087394
123 81 81087237
58 111 81078773
58 95 81064280
97 35 81020376
97 38 81020376
91 95 81012296
91 40 81012296
11 10 81003248
111 95 81002340
78 111 80994306
9 20 80977828
81 123 80977667
10 13 80975432
49 75 80973387
49 42 80973387
93 113 80971742
44 81 80936738
106 70 80920573
22 9 80898234
29 73 80893131
19 9 80751630
97 41 80741614
97 91 80738811
115 50 80732527
120 56 80724817
11 13 80723329
11 13 80722904
11 17 80722904
120 124 80720127
61 123 80714180
61 81 80714180
91 111 80665227
130 74 80660817
92 66 80655150
40 95 80654247
10 14 80652060
68 128 80652048
58 95 80650768
58 44 80650768
105 70 80641811
13 11 80639849
13 17 80639849
39 35 80639457
35 46 80639101
33 18 80638959
62 25 80630008
66 24 80578509
19 9 80576082
91 95 80575423
78 85 80560139
111 78 80559376
9 19 80557689
25 42 80557033
25 121 80557033
23 20 80550780
23 20 80550739
41 50 80541730
41 7 80541730
36 53 80490504
91 95 80488177
91 40 80488177
91 83 80488177
23 13 80487009
56 25 80484405
91 40 80483779
97 91 80482283
20 9 80480808
0 2 80479593
0 44 80479593
25 56 80478542
19 15 80476081
13 17 80474907
0 44 80473899
17 23 80473785
81 85 80472168
20 23 80469887
20 23 80469740
57 97 80467945
98 32 80467508
22 20 80462929
81 44 80461526
10 12 80458801
82 44 80457853
129 70 80453043
20 23 80452107
112 108 80409131
49 25 80407734
91 95 80400360
10 14 80399824
23 20 80399319
1 21 80397457
43 95 80395738
79 29 80391690
71 81 80390550
111 78 80390294
78 111 80389241
25 121 80383938
56 25 80381086
20 23 80380572
17 11 80380086
8 17 80378574
23 20 80376804
41 57 80376431
17 11 80374451
20 23 80374416
81 93 80372720
113 81 80369684
23 8 80368916
20 8 80368789
70 81 80310797
81 37 80304183
17 12 80202159
20 23 80145848
33 20 80139001
49 56 80128801
103 129 79979173
112 22 79968490
112 93 79968490
112 85 79968490
112 17 79968490
20 17 79961691
9 20 79961004
78 111 79959572
112 93 79958780
20 22 79953139
0 55 79952432
124 120 79950802
20 11 79947160
20 23 79947138
20 18 79946517
11 14 79945912
38 126 79945483
113 93 79943532
11 9 79941443
82 55 79940311
82 55 79940097
113 112 79939873
111 38 79937366
10 16 79937137
20 23 79936705
49 56 79894264
49 101 79894264
49 57 79894264
49 122 79894264
123 73 79886872
123 106 79886872
123 61 79886872
91 83 79886487
58 44 79885754
44 58 79885697
10 8 79883105
20 18 79882959
124 85 79881963
10 8 79876378
113 93 79876131
124 56 79875777
82 2 79874320
9 19 79868918
25 42 79866990
25 85 79866990
23 20 79865545
10 8 79862304
17 13 79862076
17 10 79862076
20 23 79861913
0 2 79861151
82 58 79858988
17 23 79858643
92 66 79858390
93 113 79857201
23 20 79856317
17 12 79855195
111 91 79853133
113 123 79850291
122 25 79849827
29 35 79847397
113 123 79844385
81 88 79811450
91 111 79805276
25 122 79799015
25 42 79798118
78 25 79789202
41 57 79788923
25 122 79788050
4 71 79785234
123 73 79783907
18 20 79783097
78 101 79782907
93 113 79782588
124 119 79781432
92 66 79780257
115 41 79778892
78 85 79778038
112 93 79776158
80 131 79775429
93 113 79775416
93 112 79774737
20 33 79773390
20 9 79773390
112 93 79771385
113 112 79771379
20 23 79770485
10 13 79769561
10 14 79769561
17 33 79767928
17 22 79767928
17 13 79767928
111 78 79765498
39 46 79764752
93 112 79761056
19 9 79760370
15 9 79610093
93 113 79540857
14 17 79540155
61 108 79539222
107 73 79533571
8 16 79533348
8 12 79533213
82 55 79532574
113 73 79528966
113 129 79528966
113 81 79528966
113 26 79528966
19 9 79523201
41 97 79523012
11 8 79519221
11 16 79517909
49 109 79514677
129 123 79513339
92 87 79507235
37 78 79506826
85 25 79505084
18 73 79453598
25 36 79450146
82 2 79448723
82 58 79448723
111 78 79442648
13 17 79441080
132 46 79440857
70 5 79440127
25 101 79439591
81 73 79438860
8 13 79438728
78 111 79438562
123 105 79438484
123 106 79438484
97 91 79438166
97 49 79438166
14 13 79435710
17 23 79435693
88 38 79435573
28 26 79432589
71 81 79432555
71 81 79429466
113 93 79427264
120 124 79425491
0 44 79422479
80 81 79422207
131 55 79367187
91 111 79365665
110 93 79365003
6 13 79360509
120 85 79357315
3 2 79356854
17 10 79355731
3 0 79355277
123 106 79353588
17 13 79352599
25 51 79350960
25 121 79350960
25 122 79350960
2 0 79350094
112 93 79349137
20 23 79348778
119 56 79346746
119 124 79346746
119 56 79346088
20 23 79345805
40 29 79345577
71 82 79345540
120 85 79345051
82 71 79344609
2 0 79338606
97 91 79335054
97 49 79335054
20 22 79331870
49 97 79330962
120 85 79284596
94 70 79283563
97 46 79281939
97 48 79280961
85 120 79277299
62 25 79274491
54 73 79274430
25 62 79274371
112 93 79273165
120 85 79272179
93 28 79270580
23 17 79269992
112 93 79267393
78 55 79265862
127 106 79265461
20 33 79264288
40 79 79262019
123 61 79261114
40 95 79260216
97 91 79259260
0 55 79257875
0 3 79257875
0 44 79257875
23 17 79256739
2 82 79256466
78 37 79254534
0 58 79254198
2 55 79250630
29 132 79248957
132 79 79248365
61 81 79244892
61 18 79244892
49 43 79244333
49 101 79244333
97 126 79195684
129 73 79193982
132 52 79192929
10 22 79186711
25 49 79183791
112 93 79183298
19 9 79181138
82 55 79178951
40 29 79176344
40 79 79176344
29 73 79173706
70 71 79171641
70 37 79171641
70 82 79171641
82 3 79170262
82 44 79170262
82 2 79170175
68 45 79169972
119 56 79168266
119 56 79166134
120 119 79166010
13 14 79165987
13 11 79165987
28 89 79164619
7 41 79163694
61 18 79159842
61 108 79159842
104 123 79153823
66 92 78932927
20 18 78932692
123 113 78932428
91 111 78930713
13 16 78919261
92 66 78918194
92 117 78918194
58 44 78913105
20 23 78898995
93 113 78898437
6 13 78847210
91 79 78843914
91 79 78843878
91 95 78843804
91 40 78843804
41 97 78838874
95 111 78838138
121 49 78832670
93 112 78828470
41 57 78827194
57 41 78822855
49 25 78810930
20 33 78772787
44 58 78765019
81 132 78764963
81 84 78764963
81 38 78764963
61 105 78763814
61 107 78763814
44 58 78762908
82 2 78760156
91 40 78758059
35 111 78757064
35 40 78757064
35 42 78757064
6 15 78755959
61 105 78754737
61 123 78754737
61 18 78754737
61 108 78754737
78 85 78752790
49 121 78751591
105 70 78751225
112 93 78748705
93 113 78743419
20 22 78743044
20 22 78742128
2 82 78736385
111 81 78735158
56 51 78730426
0 55 78729050
0 2 78729050
0 44 78729050
28 100 78728796
19 9 78727271
29 91 78727269
95 53 78726851
40 95 78722611
40 29 78722611
16 8 78690016
19 9 78672057
82 131 78671749
82 71 78667348
82 37 78667348
82 55 78667348
82 0 78665121
82 3 78665121
95 111 78663828
2 58 78661822
68 100 78661579
22 20 78660640
120 124 78660163
25 42 78657337
82 0 78655521
82 58 78655521
26 71 78651418
73 61 78651138
1 127 78649895
23 18 78649816
80 131 78649741
100 59 78648221
20 23 78646817
78 85 78644495
49 122 78639787
19 22 78636109
91 111 78591361
112 113 78586779
82 37 78586287
82 2 78586287
55 82 78582770
112 93 78581862
93 113 78580656
61 18 78580431
58 0 78578029
57 41 78576823
78 111 78573871
17 13 78573682
123 106 78571776
34 54 78569168
25 75 78569132
25 122 78569132
58 0 78563197
58 0 78563016
58 0 78563001
93 81 78554914
85 112 78552982
20 22 78549021
123 105 78491842
20 22 78480969
23 20 78475222
112 93 78475130
55 82 78410804
58 82 78402935
23 20 78395668
112 123 78330455
91 40 78326700
2 55 78323443
91 49 78320991
8 13 78320224
25 75 78320201
93 113 78319467
58 44 78319145
58 71 78319082
44 58 78315463
93 112 78314607
11 8 78311446
100 59 78311311
93 113 78307605
112 85 78306084
112 113 78306084
112 24 78306084
57 41 78304137
57 41 78303825
2 3 78301636
78 37 78299138
53 81 78297602
17 13 78296644
111 78 78295540
93 113 78252771
112 93 78249016
93 112 78246603
112 123 78245696
1 38 78245108
13 14 78244786
91 111 78243059
91 79 78243059
78 111 78240655
1 39 78238870
44 71 78238824
37 131 78234271
19 13 78231409
44 53 78229276
120 124 78227051
85 120 78225619
130 74 78224263
95 111 78218560
14 13 78215932
2 58 78214412
25 49 78212628
11 14 78211844
93 113 78209833
29 111 78204804
97 99 78160545
131 37 78158721
105 5 78157670
13 14 78156021
13 16 78156021
120 124 78154463
82 71 78152871
82 58 78152871
78 25 78152460
85 120 78147800
58 95 78146441
112 85 78139357
57 41 78139177
85 25 78139071
94 103 78135314
8 19 78134183
53 95 78133065
32 27 78131785
103 94 78131284
82 58 78131053
58 95 78128807
58 111 78128807
58 44 78128807
95 53 78128076
82 55 78127288
82 55 78125699
2 82 78125414
112 113 78125094
49 91 78124618
82 58 78123966
8 13 78123806
13 14 78123246
2 82 78123145
113 112 78122156
18 20 78121225
29 111 78120941
49 21 78120760
49 38 78120760
111 129 78117084
2 55 78076653
42 53 78072332
18 20 78066199
93 113 78064955
82 58 78062130
23 17 78060922
1 21 78060726
82 71 78057649
3 82 78057240
20 22 78056640
115 50 78056009
115 41 78056009
66 92 78055819
52 41 78051538
8 17 78047029
82 58 78041817
17 23 78041702
113 93 78038064
20 22 78034850
111 53 78031465
4 71 78030259
123 112 77993843
112 5 77988471
90 72 77985901
90 117 77985901
90 86 77985901
126 1 77984169
100 28 77983537
91 40 77981811
5 105 77980678
5 107 77980678
113 93 77980607
9 13 77980317
9 17 77980317
58 0 77980191
37 85 77980178
97 53 77976302
17 13 77975293
1 126 77975290
70 5 77971694
16 8 77970760
11 17 77970340
3 131 77967773
1 127 77966866
2 82 77961804
112 123 77960265
112 113 77960265
120 124 77957017
90 65 77954576
120 56 77953694
19 9 77952768
85 120 77951423
93 5 77949892
20 23 77947210
13 11 77898619
25 75 77894997
25 121 77894997
25 85 77894997
25 121 77894723
25 136 77894723
25 111 77882212
25 38 77882212
25 36 77882212
111 25 77792090
58 3 77721828
92 66 77721361
92 74 77721361
92 66 77719978
92 74 77719978
0 82 77718494
0 3 77718494
89 53 77718443
6 15 77718213
2 55 77717677
81 55 77716803
25 42 77716751
25 121 77716751
124 119 77716503
120 56 77716496
14 13 77714934
82 58 77712959
120 85 77712769
120 85 77712645
23 20 77710915
113 123 77710791
5 70 77709615
27 26 77708088
125 97 77707764
2 82 77705911
93 26 77705594
13 14 77705224
2 82 77704359
13 14 77704352
129 107 77703246
129 107 77697366
36 111 77696199
120 25 77696146
120 124 77696146
44 2 77694021
93 112 77692278
2 44 77688822
11 17 77686683
80 131 77684290
91 111 77638326
120 56 77635625
131 80 77635159
112 85 77634517
90 102 77631064
14 13 77630614
112 85 77630138
85 112 77629937
93 112 77629377
23 8 77629105
66 87 77626322
131 85 77625475
132 52 77624746
78 55 77622039
66 92 77621440
16 17 77621414
93 103 77620614
17 23 77620495
100 59 77620365
25 36 77619265
81 107 77616278
119 124 77610860
107 129 77606158
129 73 77606001
33 22 77605417
9 20 77601989
81 85 77601613
2 82 77601157
93 113 77598782
81 123 77556759
86 65 77554560
86 102 77554560
9 19 77553553
93 5 77553217
105 33 77550332
105 22 77550332
105 17 77550332
49 47 77550271
22 33 77549019
22 105 77549019
129 73 77545959
13 8 77544057
14 13 77540623
18 33 77537896
80 131 77534164
23 13 77533366
124 120 77532053
64 90 77527873
23 20 77527483
42 25 77527332
23 17 77523730
40 95 77522671
13 17 77520214
112 85 77520106
13 8 77519975
13 14 77519975
124 56 77518414
85 112 77516595
27 26 77510545
27 32 77510545
27 31 77510545
25 125 77478632
2 0 77464532
2 58 77464532
112 93 77464269
13 14 77461251
91 111 77460945
66 92 77460536
100 59 77459431
93 112 77456986
93 113 77456892
0 44 77451792
0 82 77451304
50 52 77447823
129 81 77444791
112 93 77437797
6 13 77436901
85 120 77433748
120 124 77432776
111 79 77395817
90 72 77382200
25 101 77379563
25 85 77379563
104 70 77376049
104 105 77376049
104 18 77376049
25 121 77373032
25 85 77373032
91 95 77370893
91 83 77370893
14 13 77370488
25 78 77365221
52 46 77364901
36 111 77364582
132 46 77363560
78 83 77361773
1 133 77361618
131 55 77361579
112 93 77361084
0 44 77359848
112 123 77359824
46 52 77357438
131 37 77352620
57 25 77350887
120 93 77350347
97 41 77344940
93 113 77344935
93 113 77344131
80 131 77339709
22 33 77286776
13 23 77281548
105 5 77277575
14 17 77130840
91 79 77113163
14 16 77113156
100 59 77113099
14 20 77112855
14 10 77112855
90 72 77112767
2 78 77112281
90 135 77110271
0 3 77108491
0 2 77106517
0 44 77106517
75 51 77102862
93 113 77094416
8 11 77092111
90 72 77092064
90 117 77092064
90 86 77092064
82 44 77090301
11 13 77085496
112 93 77085131
112 113 77085131
11 14 77084251
51 56 77038755
90 65 77030176
90 117 77030176
91 111 77029827
61 111 77029138
113 123 77017709
20 23 77013648
124 119 77010841
13 23 77008498
89 28 77005797
105 94 77005645
23 20 77003776
37 85 76999409
29 40 76997900
11 15 76997421
11 6 76997421
51 56 76992771
20 33 76990889
90 117 76940513
112 93 76940217
132 46 76939289
62 42 76936758
9 22 76935563
112 113 76935335
3 55 76932233
3 2 76932233
3 58 76932233
112 93 76931249
131 37 76929529
131 37 76928322
43 25 76924773
57 41 76923885
83 46 76922468
25 101 76920803
25 136 76920803
37 131 76920677
112 85 76919174
25 56 76918749
131 80 76916273
2 82 76915894
89 27 76914286
124 56 76914134
25 85 76913908
20 13 76906030
20 14 76906030
90 86 76862019
37 124 76860896
37 120 76859835
113 123 76855022
14 13 76850567
44 58 76850563
22 105 76850100
29 91 76850091
37 120 76849119
37 85 76848782
112 93 76846075
22 13 76844902
23 22 76838005
23 17 76838005
90 65 76837164
90 135 76837164
85 120 76836528
22 6 76836033
22 19 76836033
22 17 76836033
23 20 76834975
23 20 76834901
2 82 76832843
57 109 76829336
37 120 76828500
120 37 76827687
120 124 76827687
13 14 76827011
13 11 76827011
2 44 76824843
3 2 76824714
33 20 76824354
41 57 76821456
131 80 76771122
91 79 76770830
91 83 76770830
93 112 76768133
100 28 76763773
26 71 76762132
23 22 76758996
37 85 76756484
58 0 76755210
25 75 76754700
25 42 76754700
112 93 76748887
112 93 76748291
112 123 76748291
14 23 76746667
120 37 76742572
137 68 76737980
19 9 76733287
125 36 76733275
129 81 76733174
5 105 76682829
136 95 76504108
136 24 76504108
136 122 76504108
92 87 76503435
117 87 76502795
120 119 76502356
29 81 76501489
93 113 76498412
137 68 76496443
90 72 76495809
90 102 76495809
85 43 76494602
25 57 76488855
25 85 76488855
40 29 76487023
40 79 76487023
111 83 76486771
85 25 76485939
122 56 76482389
122 25 76482389
25 42 76480925
25 101 76480925
25 121 76480925
125 41 76412553
125 51 76412553
125 55 76412553
125 122 76412553
91 40 76402432
92 66 76402161
55 58 76401792
93 123 76401399
111 95 76400575
111 29 76400575
111 40 76400575
2 44 76399858
19 9 76396430
2 82 76394750
112 93 76391249
93 113 76389388
93 5 76389388
25 111 76354018
25 57 76354018
93 112 76344313
93 113 76344313
91 79 76341434
23 20 76338514
40 111 76334987
93 5 76333451
37 120 76331699
82 3 76331501
82 44 76331501
123 113 76330003
80 131 76329435
38 25 76329320
19 9 76323500
92 66 76321215
92 87 76321215
38 36 76321123
88 75 76320476
25 101 76310392
25 57 76310392
12 22 76309606
112 93 76309540
9 33 76308081
19 15 76305663
123 113 76304315
25 41 76301692
25 56 76301692
25 43 76301692
25 57 76301692
25 85 76301692
23 20 76253460
3 44 76252737
91 111 76251463
97 96 76250689
40 111 76249327
8 17 76245001
95 40 76244159
68 128 76242934
68 137 76242934
112 113 76238497
93 113 76236428
15 11 76231500
8 13 76230044
2 44 76219146
9 18 76217370
53 36 76216772
83 111 76215428
112 85 76170086
111 129 76169425
23 20 76168278
91 83 76165920
13 6 76165573
58 3 76160813
93 113 76159508
9 19 76159399
58 55 76156583
81 73 76155700
6 12 76154357
13 9 76151467
9 19 76148346
112 113 76146391
112 24 76146391
26 30 76144723
0 3 76141174
44 82 76137894
2 0 76132953
2 82 76132704
81 88 76131584
111 79 76129246
111 83 76129246
15 9 76127569
93 112 76060733
93 112 76060684
13 6 76059671
112 93 76054360
112 123 76054360
112 93 76052725
23 20 75985389
91 79 75906219
120 85 75904141
123 113 75903587
88 46 75901017
88 134 75901017
88 45 75901017
88 30 75901017
88 137 75901017
88 43 75901017
88 100 75901017
88 138 75901017
88 133 75901017
88 106 75898479
0 2 75893497
113 93 75892157
113 73 75892157
3 2 75882885
11 14 75882345
11 17 75882345
12 17 75878088
44 0 75830014
44 58 75830014
58 44 75823070
91 95 75821526
91 111 75821526
91 40 75821526
78 25 75819789
17 13 75817116
81 129 75815106
23 20 75813471
70 4 75812122
125 48 75806213
58 0 75796566
44 70 75795358
29 91 75784352
35 39 75783637
93 113 75782018
86 65 75742129
86 65 75739333
86 117 75739333
112 113 75733314
2 44 75732069
86 72 75731329
91 40 75729835
91 83 75729835
32 106 75728623
86 65 75728533
86 135 75728533
86 117 75728533
78 131 75725995
0 82 75721612
90 102 75718522
90 86 75718522
85 78 75715194
58 82 75712965
58 2 75712965
78 111 75710249
111 78 75710021
113 93 75708626
55 78 75704464
78 55 75702830
78 111 75702081
93 113 75654926
91 111 75645175
112 93 75644117
112 113 75644117
71 28 75640372
112 81 75637060
111 79 75634756
25 121 75634395
25 121 75634270
41 97 75632833
2 44 75630801
107 103 75625143
112 93 75623964
71 4 75622821
78 85 75622242
70 94 75621178
23 20 75621116
2 44 75615015
25 43 75614469
25 57 75614469
25 121 75614469
25 122 75614469
78 111 75613838
8 13 75612671
25 42 75611155
13 8 75580596
112 93 75566907
14 17 75561532
85 81 75558186
85 124 75554977
112 93 75554938
17 16 75554233
112 123 75554197
124 37 75553224
124 119 75553224
28 59 75552044
1 21 75551955
37 120 75549020
84 42 75548238
19 9 75545887
107 89 75544536
90 72 75539661
20 23 75539186
112 113 75535396
73 29 75533435
55 2 75531845
119 56 75531300
90 65 75531252
90 86 75531252
85 124 75529439
90 65 75528890
90 117 75528890
85 120 75526779
93 112 75526318
91 79 75301683
78 111 75294556
100 59 75291459
3 58 75288829
81 85 75288774
80 131 75287575
25 51 75285948
25 57 75285948
26 28 75285045
26 28 75284661
25 136 75281817
68 137 75280057
17 13 75279036
80 131 75275836
57 41 75275587
26 30 75275158
58 2 75274597
11 16 75272559
80 131 75269743
52 41 75268770
112 113 75221073
84 26 75219790
112 81 75215397
55 119 75213195
100 26 75211419
13 8 75209798
23 17 75209613
26 84 75209389
9 19 75204789
13 8 75204607
117 130 75204332
82 2 75204165
82 0 75204165
112 123 75202756
112 93 75202658
112 113 75202658
122 55 75202434
112 81 75202012
97 96 75195824
22 19 75195723
22 9 75195723
22 18 75195723
89 50 75195582
16 13 75193785
23 17 75191917
12 13 75187713
25 41 75187159
25 101 75187159
25 136 75187159
25 122 75187159
78 55 75186832
25 24 75186755
13 14 75186736
13 12 75186736
25 121 75186677
43 25 75186562
33 18 75184641
113 123 75183862
82 55 75183047
81 27 75182245
81 52 75182245
81 98 75182245
81 29 75182245
81 85 75182245
81 124 75182245
20 23 75178078
91 40 75131609
91 83 75131609
112 123 75128917
112 113 75128917
11 15 75125166
66 84 75124971
113 112 75120309
111 91 75119087
112 5 75117830
81 111 75110828
81 25 75110828
100 59 75109935
78 55 75107793
2 44 75106473
90 72 75105737
90 74 75105737
90 87 75105737
8 33 75102487
22 20 75101508
85 81 75099344
112 123 75099149
112 113 75099149
1 126 75098354
78 55 75097195
85 120 75095414
81 94 75094954
121 43 75094620
88 81 75049722
11 17 75039382
85 25 75038833
112 113 75038344
25 43 75037398
97 49 75035721
78 25 75032837
62 42 75030822
124 56 75028725
121 25 75026334
80 131 75024097
9 22 75020103
14 16 75019308
112 123 75017982
40 95 75012856
40 111 75012856
123 73 75007828
25 43 74974838
112 123 74952431
13 14 74952048
13 11 74952048
112 93 74950534
12 23 74948241
111 78 74944084
19 8 74943846
28 76 74941699
28 100 74941699
33 20 74939744
33 23 74939744
113 112 74934018
8 13 74932175
8 19 74932175
14 16 74931808
113 112 74931795
14 16 74931745
113 123 74927428
112 93 74925373
85 120 74923592
20 33 74919999
20 23 74919214
15 19 74917980
15 9 74917980
13 16 74871477
15 13 74842594
15 17 74842594
112 123 74697380
112 113 74693360
112 113 74689224
11 13 74685461
11 14 74685461
11 17 74685461
52 115 74683341
112 93 74683270
111 78 74682425
13 17 74681122
26 27 74681027
112 93 74677155
105 22 74673558
85 120 74661408
2 58 74609259
2 44 74609259
44 2 74607847
90 135 74607144
22 20 74605328
22 9 74605328
22 17 74605328
8 13 74604568
112 93 74600618
112 113 74600348
125 25 74598328
125 36 74598328
112 73 74597531
85 25 74595356
13 8 74595190
112 85 74595034
13 12 74594773
33 20 74592637
112 85 74592330
97 41 74588718
97 57 74588718
11 16 74587170
112 113 74586094
2 44 74586068
112 113 74583713
5 105 74580179
19 9 74579934
97 91 74578806
112 93 74544514
112 113 74544514
13 17 74527614
23 20 74526583
58 44 74519951
124 120 74519723
8 19 74514769
25 51 74508871
25 75 74508871
25 43 74508871
25 122 74508871
19 9 74507940
58 95 74506977
13 11 74506245
20 23 74498389
90 86 74490922
112 85 74439888
112 93 74439862
13 16 74436778
111 95 74430545
75 51 74427915
75 25 74427915
3 44 74425855
120 119 74425715
44 58 74424334
25 51 74418105
25 136 74418105
90 65 74414358
90 117 74414358
90 86 74414358
25 41 74413491
25 57 74413491
131 37 74409881
113 26 74405973
26 81 74363841
19 15 74352786
25 41 74346874
25 75 74346874
25 43 74346874
25 57 74346874
25 122 74346874
112 73 74343909
111 83 74343065
58 26 74341398
58 2 74341398
20 23 74330736
45 68 74328342
45 137 74328342
82 3 74326967
103 73 74326330
23 17 74324336
13 14 74324022
100 89 74315222
19 9 74311315
112 123 74157954
58 2 74074676
89 28 74073834
89 30 74073834
89 26 74073834
9 19 74073288
112 113 74073259
93 113 74072767
11 14 74065686
11 17 74065686
44 2 74064055
44 2 74063989
112 93 74062029
85 78 74059094
112 81 74004753
90 65 74001862
90 72 74001862
120 85 73997017
26 28 73996212
26 60 73996212
43 25 73992954
41 7 73988341
66 87 73987810
71 4 73987517
20 23 73980596
111 129 73976450
25 43 73976103
25 101 73976103
25 57 73976103
25 121 73976103
5 123 73975731
5 113 73975731
2 44 73973633
2 44 73973603
97 96 73971933
13 14 73922278
19 8 73920639
20 23 73918066
112 93 73914971
120 37 73909567
112 113 73900027
20 23 73894223
93 113 73892579
44 3 73875161
123 73 73839573
106 94 73827667
123 70 73818249
123 129 73818249
123 107 73818249
123 18 73818249
113 112 73803130
112 123 73752321
26 28 73746720
112 93 73742501
93 112 73742391
20 23 73742166
25 121 73735079
25 136 73735079
88 107 73731014
28 100 73728290
44 82 73724965
44 0 73724965
44 58 73724965
82 2 73721691
44 88 73718932
112 113 73627686
112 113 73538225
94 123 73488630
8 15 73486963
82 0 73479066
82 58 73479066
25 75 73460758
25 56 73460758
25 43 73460758
25 121 73460758
89 81 73459945
89 88 73459945
112 93 73451040
112 93 73449274
13 11 73404813
113 93 73397990
78 75 73395494
93 113 73383178
25 75 73382960
25 57 73382960
93 139 73382588
26 27 73378389
82 2 73370548
25 42 73368155
25 101 73368155
73 129 73324334
26 93 73318429
85 112 73291511
93 112 73286669
112 85 73286185
112 93 73286077
131 119 73285095
68 137 73282895
93 112 73282171
8 13 73280809
68 137 73280496
93 112 73236506
85 78 73231178
19 17 73230011
25 43 73223433
25 42 73223433
25 136 73223433
85 78 73210929
85 112 73210042
25 56 73208037
25 43 73208037
25 42 73208037
25 57 73208037
112 123 73117950
112 93 73024651
66 87 72879984
19 9 72873504
44 70 72871080
44 58 72871080
113 93 72868405
93 71 72864227
44 82 72860610
44 2 72860610
112 81 72857621
123 93 72846585
93 113 72809361
82 0 72791674
112 93 72777309
112 93 72772526
100 63 72762086
25 56 72700689
25 43 72700689
25 121 72700689
13 15 72698133
93 112 72692370
62 77 72692021
77 62 72685738
62 125 72667884
123 103 72625146
18 20 72615103
93 112 72614821
78 55 72610083
20 23 72609364
25 7 72605670
25 101 72605670
25 121 72605670
25 136 72605670
26 81 72603262
120 85 72600851
62 53 72599293
62 53 72598372
125 55 72596965
93 112 72594856
103 73 72593295
13 103 72592683
22 13 72586768
125 57 72528162
113 123 72525080
112 93 72524531
18 20 72515112
130 92 72513873
113 123 72509302
93 112 72447831
106 33 72356464
106 73 72356464
106 105 72356464
106 129 72356464
13 11 72342108
13 11 72340244
13 17 72340244
104 18 72277462
82 131 72268632
93 5 72266780
93 113 72266193
11 8 72261405
11 17 72261405
123 112 72260122
111 78 72255119
44 2 72251150
113 123 72247020
106 103 72243689
106 88 72243689
103 73 72243293
13 11 72209322
43 5 72183392
106 105 72176245
106 75 72176245
106 29 72176245
106 123 72176245
106 111 72176245
106 77 72176245
106 137 72176245
106 85 72176245
106 26 72176245
106 32 72176245
106 20 72176245
106 104 72176245
106 36 72176245
93 5 72160528
82 3 72160078
20 23 72150844
66 87 72120199
112 123 72114072
25 75 72104836
112 93 72089818
112 123 72089818
30 26 72086079
78 55 72082347
49 1 72076310
15 13 72068466
93 112 72022917
25 51 72019612
25 56 72019612
25 122 72019612
25 43 72019077
25 121 72019077
25 122 72019077
70 123 72015787
104 105 72006541
104 106 72006541
104 61 72006541
104 107 72006541
112 93 72002880
49 91 71999616
82 3 71987496
137 68 71987079
9 19 71986989
111 40 71985495
103 129 71981737
131 119 71949420
37 131 71934585
123 73 71927613
111 78 71926892
111 78 71925885
131 119 71924232
112 93 71920110
15 17 71914244
111 29 71911580
123 104 71906145
93 113 71905967
2 0 71901572
15 9 71896416
93 113 71895929
123 104 71761118
87 92 71754761
6 17 71645146
87 92 71604580
13 17 71586765
60 26 71577736
66 90 71577139
71 44 71558913
29 91 71554772
111 78 71503890
82 58 71499107
119 56 71473200
134 62 71472746
134 31 71472746
123 106 71458022
70 4 71417393
70 0 71417393
70 44 71417393
30 26 71399081
82 0 71398714
82 58 71398714
13 8 71397254
92 74 71396566
63 93 71379904
93 5 71378489
123 105 71377377
123 81 71377377
3 44 71330782
33 8 71330248
33 11 71330248
33 17 71330248
44 82 71325687
44 0 71325687
8 13 71322442
37 120 71311172
131 37 71306211
25 51 71300242
25 57 71300242
25 122 71300242
93 112 71291446
93 123 71241996
25 85 71057445
111 78 71056633
131 120 71056021
25 51 71048347
6 13 71042435
6 17 71042435
11 8 71037687
93 113 71033587
93 113 70985475
93 123 70985118
100 28 70983302
13 8 70973459
13 12 70973459
123 93 70962101
13 17 70953292
93 112 70950606
93 112 70947837
112 5 70898700
100 28 70883467
123 106 70877537
44 3 70868126
44 58 70868126
49 1 70867650
44 58 70866175
93 112 70860755
93 5 70860569
93 112 70860259
112 5 70807366
73 129 70805505
117 74 70799836
25 75 70796097
25 56 70796097
25 121 70796097
25 136 70796097
25 122 70796097
25 42 70795110
25 101 70795110
25 121 70795110
93 112 70790640
141 93 70779192
111 83 70772832
26 27 70725973
26 111 70725472
111 29 70707702
77 64 70706364
17 23 70702998
78 2 70697714
8 19 70689480
8 11 70689480
139 93 70628304
139 134 70628304
139 31 70624491
13 22 70451675
13 8 70450914
87 66 70449128
6 8 70448155
103 73 70445300
5 105 70431785
19 9 70430655
19 17 70430655
13 8 70392376
13 8 70391934
13 17 70391310
93 139 70372014
13 103 70361606
18 141 70355480
93 113 70291572
57 75 70289596
141 70 70284850
141 88 70284850
141 18 70284850
90 86 70280400
141 105 70279138
141 123 70279138
141 43 70279138
141 107 70279138
25 51 70276100
25 56 70276100
25 57 70276100
92 66 70269815
82 0 70262686
82 44 70262686
13 8 70258751
82 55 70202785
82 55 70202609
25 43 70189442
25 42 70189442
25 136 70189442
19 11 70185681
20 23 70177857
26 27 70168815
112 113 70154820
112 113 70152600
25 101 70116991
25 122 70116991
81 27 70116642
81 43 70116642
81 84 70116642
139 62 70116458
139 69 70116458
139 45 70116458
2 44 70115142
82 2 70109722
78 37 70107420
13 23 70101552
112 113 70094520
25 136 70092606
112 81 70090802
112 113 70090802
25 51 70088395
25 43 70088395
25 42 70088395
25 122 70088395
112 113 70082340
5 70 70007425
92 74 69865854
92 87 69865854
131 55 69856606
131 101 69853482
78 55 69841917
22 33 69836243
22 13 69836243
22 9 69836243
6 13 69834618
5 93 69834395
112 5 69778213
112 93 69765288
111 78 69762205
112 113 69755400
95 83 69753166
112 93 69749653
112 17 69733380
112 30 69691796
112 81 69691796
112 25 69691796
78 55 69680836
44 3 69664169
107 73 69654297
123 104 69651325
123 113 69651170
112 81 69593700
112 113 69593700
139 112 69586920
112 81 69586500
112 113 69575707
139 100 69572790
139 93 69570998
139 59 69570998
139 100 69570998
43 42 69568640
43 25 69568365
112 113 69502800
107 55 69489575
44 82 69483144
13 17 69483118
112 113 69477240
112 93 69440248
112 81 69422220
44 2 69245653
100 59 69239820
68 128 69238488
107 73 69231274
26 81 69224490
68 62 69222144
44 2 69221903
112 113 69211860
112 73 69209280
112 81 69209280
100 59 69148662
131 37 69147821
131 115 69143403
68 32 69135535
113 112 69120780
25 75 69074460
112 113 69067620
70 94 69058307
112 113 69058260
82 107 69056162
82 2 69056162
43 25 69048853
19 9 68997600
112 113 68997300
85 112 68997240
139 137 68992469
95 91 68991388
37 120 68988085
43 42 68986840
112 113 68983440
85 112 68979780
70 44 68974528
8 13 68961468
68 32 68908093
25 121 68905690
97 49 68900537
117 74 68889256
22 112 68888400
19 9 68888237
25 51 68887862
25 56 68887862
112 113 68887500
85 112 68882400
131 52 68881744
112 113 68880180
112 113 68665440
112 73 68647482
112 81 68647482
13 8 68640753
112 85 68630040
8 13 68624202
19 9 68567845
82 3 68558418
82 44 68558418
70 71 68535062
70 94 68535062
88 81 68481227
78 55 68472877
5 112 68442203
95 111 68440910
112 113 68437860
19 15 68387944
113 112 68385720
43 121 68378695
112 113 68378640
139 62 68378040
139 134 68378040
113 112 68336700
112 113 68323380
112 81 68311251
112 113 68302980
112 113 68176680
112 113 68044080
112 113 68038920
55 37 68020769
68 137 68019130
11 13 68013186
112 113 67965720
112 113 67953780
88 81 67952160
19 13 67947451
30 68 67944500
26 30 67926475
100 59 67919309
112 113 67916940
19 9 67783248
35 77 67781192
26 31 67763132
100 68 67761073
100 137 67761073
6 8 67760973
8 11 67758281
8 17 67758281
112 113 67733460
111 78 67696869
74 130 67683124
26 81 67671550
3 58 67665675
102 92 67617883
92 90 67451062
112 113 67425660
11 13 67414642
82 55 67407849
112 113 67400340
131 55 67355287
131 37 67347938
82 2 67341134
15 8 67333697
78 55 67332147
78 55 67332121
26 89 67324786
4 71 67322913
36 80 67258387
66 109 67246488
66 24 67246488
100 28 67235080
85 37 67231599
92 66 67193434
139 62 67149544
43 51 67087457
81 113 67073510
13 8 67071016
113 112 67060860
111 52 67059917
81 71 67055460
81 73 67055460
112 113 66911940
26 98 66811358
13 11 66802195
112 113 66733800
112 9 66729060
112 113 66679260
43 56 66642120
139 59 66577181
100 63 66565218
139 27 66544465
100 59 66496837
100 137 66496837
92 90 66488979
112 113 66470400
112 113 66469860
139 59 66211978
139 137 66207644
97 96 66202099
112 113 66181320
143 144 66177960
143 144 66094860
105 141 66055442
26 30 65966389
13 17 65965018
84 26 65964626
19 15 65959260
77 64 65957271
112 113 65758440
91 83 65624344
143 144 65599140
144 143 65598360
145 82 65597640
145 3 65597640
11 17 65595519
143 131 65569980
19 15 65556540
19 13 65556540
72 135 65548613
91 40 65541739
128 69 65531835
129 29 65520697
0 58 65507760
2 55 65507520
2 0 65488500
58 2 65486940
71 145 65456400
92 74 65452670
92 130 65452670
116 62 65423897
71 145 65419620
4 131 65409660
15 13 65369400
15 19 65369400
6 8 65364052
40 95 65356010
3 82 65339700
3 145 65339700
82 2 65327100
2 82 65326320
131 144 65325360
0 82 65317260
53 81 65302800
53 81 65284804
91 79 65279005
91 83 65279005
85 37 65272320
29 81 65265551
2 82 65263380
55 34 65258977
29 73 65247540
116 73 65246882
116 107 65246882
116 29 65246215
0 55 65245200
0 82 65245200
0 3 65243940
131 144 65242320
0 82 65236080
145 0 65233980
85 37 65024400
91 83 65024184
37 85 65015735
92 66 65013284
1 38 65009386
37 78 65003040
37 78 65002860
78 37 64989180
85 37 64988400
3 145 64979940
3 0 64978620
58 3 64969380
91 111 64935855
7 52 64920587
112 113 64915260
2 82 64909320
145 2 64905240
58 3 64883700
37 85 64868760
131 37 64861860
50 95 64846908
131 37 64846140
85 37 64844460
120 37 64844220
35 29 64842468
0 55 64826400
0 58 64826400
112 113 64810980
113 112 64810320
145 2 64801860
71 145 64757940
1 21 64743119
2 3 64740720
57 56 64740076
112 113 64739100
113 112 64733280
37 85 64729620
82 2 64729620
116 81 64728947
116 25 64728947
0 82 64727640
0 2 64727640
0 3 64727640
145 71 64723320
0 58 64719960
58 82 64713720
145 0 64710360
91 40 64414626
29 73 64407329
29 129 64407329
29 61 64407329
29 81 64407329
29 85 64407329
11 13 64402612
136 25 64385697
37 85 64345860
37 85 64327894
95 50 64321800
131 143 64308660
78 37 64301760
78 85 64301760
0 2 64285800
0 55 64285500
0 2 64285500
2 82 64282860
131 144 64280160
145 2 64279140
18 20 64252980
66 74 64250604
131 144 64225920
104 112 64223160
111 95 64217700
41 7 64212063
37 85 64148160
18 13 64144440
116 27 64139216
116 66 64139216
116 41 64139216
116 46 64139216
116 53 64139216
116 98 64139216
116 56 64139216
116 76 64139216
116 134 64139216
116 35 64139216
116 42 64139216
116 60 64139216
116 136 64139216
116 24 64139216
116 138 64139216
116 38 64139216
116 87 64139216
116 133 64139216
116 48 64139216
111 40 64138630
91 95 64133579
95 91 64133365
4 71 64132500
68 137 64130580
90 4 64126500
1 21 64126246
4 90 64123920
81 73 64122360
81 29 64122360
112 113 64121220
18 8 64108440
37 85 64067759
37 78 64064160
112 113 64060500
143 78 64053780
145 2 64053180
85 37 64036980
37 131 64028400
37 85 64028160
112 17 64024800
131 55 63805932
112 85 63791854
112 9 63791854
112 17 63791854
115 52 63785576
3 0 63781320
3 55 63779820
3 0 63779820
3 145 63779820
125 36 63777581
4 90 63776820
112 24 63773820
37 120 63725580
37 85 63721080
113 98 63720463
7 41 63719801
1 126 63717900
57 122 63714383
113 98 63702420
22 71 63701700
113 18 63689214
3 58 63688440
37 120 63640320
13 17 63638827
62 85 63635880
3 145 63622620
37 85 63619920
58 82 63611700
2 55 63608700
37 120 63604320
68 45 63596460
68 137 63596460
68 137 63594240
2 58 63592020
0 2 63591240
119 37 63587160
18 33 63547500
17 11 63539735
112 113 63539580
95 91 63538668
37 78 63536040
78 37 63534060
71 110 63527760
71 110 63523920
2 55 63523860
37 85 63522300
4 71 63509520
4 144 63500760
62 60 63463680
107 73 63461091
112 113 63453660
112 113 63449580
62 136 63448560
136 62 63448080
57 25 63432540
116 29 63432300
4 71 63428580
145 71 63428220
131 143 63425820
78 85 63419760
79 83 63199920
121 50 63193492
121 50 63192807
131 119 63183000
112 113 63177420
58 2 63174180
111 79 63167160
1 49 63152640
49 38 63117660
112 113 63100260
131 144 63088560
11 6 63087946
95 91 63068220
1 21 63041880
111 78 63039540
138 95 63038220
131 143 63031548
1 21 63016620
131 37 63004440
111 78 62953080
58 2 62905500
58 3 62905500
4 71 62898000
136 139 62856900
81 4 62856780
121 42 62839391
13 11 62827334
116 28 62824776
58 82 62818020
145 2 62812200
143 144 62811360
57 41 62606580
57 41 62601720
111 40 62590740
111 78 62590260
112 113 62581440
112 113 62578800
57 41 62572740
57 41 62565720
111 78 62557140
120 85 62503980
9 81 62446620
57 56 62426160
116 28 62424560
116 52 62424560
116 81 62424128
116 84 62424128
116 28 62422995
116 52 62422995
116 77 62422995
116 85 62422995
1 126 62421960
136 25 62409600
117 63 62404440
1 126 62393520
85 37 62389140
1 126 62385960
92 74 62334480
112 113 62324580
104 112 62324280
58 2 62322540
58 0 62322540
58 82 62321160
47 110 62313180
92 117 62311080
4 90 62304300
2 3 62300100
2 145 62300100
0 58 62291700
0 145 62291700
74 92 62284620
136 109 62267340
106 141 62260320
22 8 62255500
22 11 62255500
81 27 62248602
112 104 62243160
2 145 62240760
116 73 62239446
116 18 62239085
78 25 62237220
3 0 62236080
3 145 62236080
104 141 62224320
37 131 62212860
111 83 62208240
112 104 62047860
20 23 61982621
112 113 61980600
4 90 61969620
0 55 61968600
113 112 61942260
90 4 61942260
25 122 61907580
139 17 61902859
112 113 61892280
111 78 61891500
18 9 61889160
139 6 61885425
139 8 61885425
117 66 61871700
117 87 61871700
131 144 61869900
92 130 61845480
40 111 61834740
40 79 61834740
139 11 61811610
40 95 61798740
40 83 61798740
2 3 61792140
143 144 61789500
0 55 61785840
112 113 61777260
0 2 61771680
57 122 61726800
88 29 61721797
122 136 61711440
122 139 61711440
112 139 61707540
139 112 61705560
131 144 61695900
2 0 61691640
88 81 61660860
38 1 61655040
111 83 61651560
38 138 61650660
38 48 61650660
121 136 61648820
107 88 61648113
58 82 61632060
58 82 61626660
58 0 61626660
112 113 61624620
37 85 61619940
111 40 61615560
38 138 61614660
38 48 61614660
145 82 61614240
4 90 61613940
112 113 61606260
143 78 61396560
11 139 61395194
11 6 61372904
131 55 61372500
3 58 61371660
117 63 61371360
2 145 61368480
3 2 61363020
112 113 61354320
57 41 61349520
141 81 61321860
141 107 61321860
131 55 61291413
2 145 61283400
0 2 61279920
0 3 61279920
112 104 61269180
112 113 61268520
112 113 61268460
58 0 61255740
131 78 61210080
78 143 61209060
78 131 61209060
23 20 61193334
131 143 61193220
0 2 61176540
2 3 61174800
131 143 61173720
72 86 61164300
57 121 61137060
6 11 61128899
116 35 61121159
145 2 61111620
2 58 61106760
116 62 61105436
122 25 61100580
0 55 61088100
55 131 61030500
58 82 61026300
143 131 61025880
2 145 61022880
145 58 61018560
71 145 61016880
17 11 61014499
145 2 61008540
85 37 61006260
40 95 61003440
144 2 61002720
2 145 61001820
2 145 61001640
37 85 61000680
85 37 60998400
3 55 60997740
3 2 60997740
3 58 60997740
113 112 60766020
139 22 60759180
139 11 60759180
117 90 60759120
139 11 60759111
11 6 60756496
87 109 60737100
37 85 60718560
58 82 60681600
37 85 60672960
20 23 60671356
139 6 60671109
139 11 60671109
57 147 60654240
57 25 60644400
112 113 60597720
112 113 60596160
111 78 60585600
145 2 60581640
144 143 60574500
131 143 60573000
2 0 60570960
2 3 60570960
4 90 60505740
112 139 60496140
131 144 60495540
112 113 60490020
3 2 60488460
3 58 60488460
79 40 60487920
37 131 60485220
52 41 60452287
52 115 60452287
139 11 60438983
58 0 60414000
58 145 60414000
112 113 60396660
2 3 60390000
6 8 60367144
81 53 60341400
71 145 60336060
112 113 60265860
105 14 60161485
1 21 60151140
143 131 60150900
112 107 60150180
112 113 60149100
143 78 60146880
112 113 60143040
112 113 60141720
37 120 60136860
55 143 60131760
143 144 60131580
95 53 60109080
25 81 60094080
78 2 60081060
2 55 60077940
2 0 60077280
112 113 60075060
144 2 60074880
145 2 60073380
47 110 60071340
139 11 60070503
57 56 60065220
112 113 60053640
143 144 60050100
2 78 60048360
78 143 60044040
143 78 59993940
37 119 59981760
18 20 59981280
112 113 59981100
55 131 59975400
1 138 59967480
131 143 59961660
0 2 59961300
57 75 59953080
38 122 59906100
144 2 59903940
143 144 59897700
131 144 59884140
58 0 59878500
2 145 59872020
55 85 59844360
78 85 59817960
55 143 59811840
55 131 59811840
116 77 59808317
71 94 59797500
131 78 59794860
143 78 59794080
71 4 59792340
9 18 59553840
40 95 59545740
40 79 59545740
40 79 59540400
117 109 59539560
95 83 59529780
22 17 59529180
22 139 59529180
131 78 59505240
78 143 59477520
78 25 59477400
117 92 59455080
85 37 59446020
2 0 59443440
2 58 59443440
57 41 59442480
112 113 59395020
22 33 59381880
22 104 59381880
139 22 59379573
143 78 59379540
143 131 59378340
58 0 59357400
58 3 59357400
3 55 59354520
139 136 59329500
18 38 59328300
139 11 59307960
55 131 59306580
55 143 59306220
143 131 59300760
139 11 59290366
139 17 59290366
37 126 59285160
22 17 59271660
81 53 59266560
55 143 59266020
22 17 59264340
22 139 59264340
143 131 59261160
11 6 59208589
11 17 59208589
11 139 59208589
0 58 59202900
111 95 59200200
37 85 59196660
144 131 59177520
22 9 59141100
112 113 58962180
112 113 58958520
112 148 58958400
112 113 58958040
6 11 58956326
6 139 58954471
92 87 58951260
58 0 58951200
22 139 58949220
0 3 58948920
0 145 58948920
113 149 58947000
117 92 58940340
112 22 58938060
112 113 58933860
112 113 58929120
112 113 58928040
92 66 58918140
92 114 58918140
92 87 58918140
113 112 58870560
85 120 58863600
82 58 58854480
2 3 58837800
116 111 58788680
112 113 58784580
58 82 58780260
139 17 58773309
112 113 58756800
112 113 58753740
112 113 58753560
58 81 58751880
1 126 58745520
105 141 58713388
22 139 58712580
142 25 58683000
57 41 58679400
145 58 58670760
112 113 58670340
145 0 58669020
145 3 58669020
145 58 58669020
112 113 58667820
81 53 58647240
81 53 58642800
53 81 58642440
112 149 58619040
107 73 58614840
81 53 58603200
58 95 58602300
58 111 58602300
112 149 58591380
117 92 58578240
3 58 58576560
94 81 58393500
58 0 58339200
112 113 58326060
145 2 58260000
71 58 58259820
112 22 58256220
112 17 58256220
145 2 58238280
2 145 58237980
78 37 58234500
25 147 58192140
25 51 58191960
112 113 58184700
116 35 58178577
112 113 58173960
37 120 58163820
116 81 58162792
112 113 58152360
2 0 58144320
112 148 58098960
112 113 58098360
143 144 58094700
112 113 58089180
131 55 58087740
3 2 58076160
3 0 58076160
3 58 58076160
145 2 58075680
112 113 58069140
25 122 58057620
92 102 58051800
8 11 58023769
58 82 58000620
3 0 57990840
3 2 57989340
112 113 57987480
58 2 57986400
112 149 57983580
25 57 57981540
112 113 57979740
112 113 57979200
112 113 57978660
149 25 57975180
149 113 57975180
149 107 57972180
149 24 57972180
1 21 57816240
1 49 57816240
88 81 57783180
88 81 57746820
22 33 57742320
37 120 57739200
3 0 57737220
3 145 57737220
0 55 57731640
3 58 57731340
3 145 57731340
38 47 57727200
38 21 57727200
38 47 57720900
20 23 57665627
143 78 57656760
131 143 57648840
37 85 57635520
112 113 57634260
55 85 57633900
143 144 57622740
112 113 57577440
112 17 57576780
112 139 57576780
37 120 57564900
57 41 57563940
131 143 57544380
145 58 57539340
112 113 57494340
2 145 57489120
117 84 57481800
117 114 57481800
112 113 57481140
117 66 57470520
117 66 57463740
112 113 57461880
22 15 57454320
95 40 57451680
25 51 57415080
117 24 57399120
22 17 57394560
58 3 57377640
3 0 57376980
3 145 57376980
112 113 57376140
0 2 57374280
2 145 57368580
2 58 57367020
25 142 57325980
25 122 57325980
112 24 57294180
107 9 57152802
112 113 57147300
119 37 57133140
119 120 57133140
131 144 57121500
2 3 57108420
58 0 57103800
58 145 57103800
139 8 57064037
139 11 57064037
149 25 57052680
149 107 57052680
58 145 57050220
92 117 57046020
58 144 57045960
142 25 57045540
58 0 57038880
88 73 57035040
2 145 57034860
57 41 57026820
143 131 57022920
143 131 57017940
55 2 57017040
143 144 57017040
117 87 56966640
58 82 56965860
112 24 56965560
2 145 56964300
131 143 56963820
2 145 56963760
2 145 56963640
22 112 56953800
117 114 56944200
117 87 56944200
73 29 56941920
112 113 56940660
0 2 56938440
51 25 56930280
6 11 56896708
111 29 56885460
112 113 56881440
116 85 56873376
112 113 56871840
91 95 56867460
91 40 56858640
2 3 56852160
2 145 56850180
145 2 56849100
112 113 56798580
71 4 56788680
0 2 56775360
145 0 56772060
116 111 56734500
22 15 56557368
22 11 56557368
112 24 56531700
11 17 56531016
38 47 56530260
112 24 56528160
57 42 56526240
37 126 56525040
2 0 56519340
139 6 56447199
57 56 56445720
0 55 56444880
2 0 56443020
58 2 56436660
112 24 56433540
92 117 56426520
131 143 56420220
120 37 56418300
149 113 56416680
117 92 56414820
112 113 56381100
112 113 56380680
57 41 56355660
0 3 56342400
131 144 56338440
0 2 56333100
131 55 56332500
116 73 56299626
139 11 56286300
112 113 56285640
112 113 56283120
112 24 56280360
104 112 56278500
104 113 56278500
58 82 56275320
149 112 56268840
149 42 56268840
112 24 56268300
61 29 56268240
112 148 56257980
2 0 56254680
112 24 56253420
145 2 56250720
41 57 56246520
2 3 56245140
2 0 56243880
116 111 56184769
22 112 55953540
22 11 55953540
112 113 55942740
2 55 55917720
37 85 55915380
85 120 55908000
120 37 55902960
91 95 55888920
11 6 55875240
79 81 55867740
79 88 55867740
79 139 55867740
2 58 55840560
120 37 55839360
149 112 55832280
149 107 55832280
11 17 55832040
58 55 55831500
111 29 55829520
149 25 55829520
79 81 55828140
79 88 55828140
149 112 55827360
149 25 55827360
149 42 55813980
149 107 55813980
22 139 55813920
143 131 55812660
91 49 55810620
113 112 55802580
112 24 55761720
37 131 55757940
0 55 55752780
0 2 55752780
131 143 55747800
131 143 55745280
71 145 55739340
21 1 55734840
112 113 55734540
112 24 55717860
25 51 55693680
2 0 55670400
58 0 55668540
58 3 55668540
2 58 55665360
58 82 55652340
47 110 55652160
113 112 55647600
57 41 55646100
99 91 55639380
2 3 55638420
2 0 55591440
117 92 55578360
145 58 55570500
2 0 55559580
0 2 55555260
0 3 55555260
148 140 55549800
148 114 55549800
72 102 55498920
72 140 55498920
25 42 55484340
112 113 55422480
58 82 55326000
22 17 55324980
2 0 55322820
120 78 55318260
2 0 55306860
111 91 55291740
49 91 55239420
22 6 55234860
112 113 55229880
112 24 55229880
117 84 55229760
57 41 55221960
0 3 55218060
149 42 55214040
2 0 55212000
117 84 55148880
41 57 55147080
2 0 55144920
2 3 55144920
58 144 55140000
91 111 55131240
2 145 55122300
2 0 55121940
145 0 55119840
112 113 55087560
2 58 55070160
22 9 55066920
22 6 55066440
22 6 55065900
79 111 54962640
2 145 54960360
131 144 54958380
2 0 54952500
58 82 54949560
111 83 54943380
2 0 54713760
11 6 54697080
2 0 54694860
2 145 54691560
22 23 54685320
22 139 54684960
116 73 54657066
149 42 54630600
149 24 54630600
139 6 54629340
139 17 54629340
58 0 54628380
22 6 54623100
131 144 54611040
0 2 54601740
0 55 54600600
116 85 54552714
1 138 54533580
117 66 54531900
117 114 54531900
117 87 54531900
111 91 54523860
58 0 54516900
91 111 54512340
22 17 54462840
82 71 54458520
117 90 54452640
22 9 54449520
149 113 54429300
37 58 54376920
145 3 54357540
112 113 54357000
112 24 54301140
11 17 54136080
112 113 54121920
0 58 54112740
0 145 54112740
148 42 54106680
148 25 54106680
148 113 54106680
148 107 54106680
112 113 54098460
22 139 54093060
81 88 54083640
92 149 54077340
112 24 54023400
136 95 54010080
136 56 54010080
22 20 54008640
112 113 54006720
22 6 53996340
22 139 53996280
22 6 53994060
22 139 53994060
91 40 53993280
11 6 53974200
111 29 53944020
111 73 53943720
2 58 53943000
112 113 53935200
112 113 53921100
112 113 53917920
111 83 53905560
25 136 53872560
112 24 53861400
2 58 53857080
58 3 53854380
58 145 53854380
2 0 53850480
2 58 53850060
112 113 53849640
2 3 53845620
112 113 53834940
112 24 53832660
112 113 53832600
112 113 53832060
112 24 53757720
88 81 53757120
88 81 53753820
143 85 53750160
38 111 53738280
38 48 53738280
112 113 53658180
112 24 53658180
112 139 53657940
112 24 53657760
112 113 53616960
112 113 53616840
112 113 53616420
22 20 53510880
57 25 53500380
22 33 53491620
22 12 53491620
112 113 53482680
58 0 53481180
58 0 53419920
143 78 53415300
57 41 53401980
92 130 53390940
111 61 53343300
22 139 53329800
132 143 53323440
149 24 53314860
112 113 53273640
57 139 53242800
143 144 53239920
68 76 53219100
68 45 53219100
99 91 53211300
22 139 53137320
112 113 52913880
112 24 52913880
2 3 52905720
143 144 52900500
117 102 52896000
131 143 52886880
2 55 52883460
112 113 52828200
6 11 52813740
22 9 52810320
22 139 52810320
55 131 52809480
58 82 52731360
131 143 52725180
111 29 52723440
131 55 52723380
112 113 52664940
2 0 52638060
55 143 52612560
55 131 52607940
112 113 52578180
131 143 52302840
139 11 52293600
58 82 52291440
139 11 52290000
2 3 52270140
0 3 52267620
117 87 52219080
58 82 52215660
9 112 52208760
139 11 52205820
58 0 52204860
58 3 52204860
58 3 52203660
58 145 52203660
112 113 52191300
112 24 52133400
117 109 52128900
117 114 52128900
117 24 52128900
41 57 52123140
112 113 52109220
112 24 52041660
58 82 52039920
92 117 52029540
92 87 52029540
113 104 52018980
120 37 52010100
111 83 51953280
112 113 51766680
112 24 51677040
25 136 51624900
58 82 51608220
112 113 51535800
58 82 51523380
22 19 51519240
91 49 51515160
21 1 51513360
68 137 51510180
58 82 51505140
120 37 51490380
112 113 51442680
112 113 51428880
22 17 51078180
1 21 51072120
21 1 51070200
22 6 51064560
112 113 51011220
117 114 51007380
117 109 51006420
117 24 51006420
2 3 51006300
21 1 50982840
2 3 50922540
112 113 50917560
112 24 50917560
57 64 50914320
112 113 50909520
6 11 50906160
2 3 50905620
112 149 50900640
22 18 50892240
2 0 50886540
37 143 50835000
2 3 50832780
22 6 50825280
88 81 50810100
22 33 50802420
149 24 50741700
111 29 50738940
122 56 50731080
2 3 50715540
58 82 50488320
2 0 50488140
37 120 50487720
37 120 50487660
58 81 50475360
22 8 50402160
22 20 50400240
148 74 50389860
112 113 50378640
148 63 50378520
148 66 50378520
148 84 50378520
58 145 50375760
126 40 50368800
112 149 50320920
104 105 50315820
104 107 50315820
104 73 50315700
37 120 50315400
58 81 50312760
37 120 50311080
92 66 50310540
120 37 50309640
112 113 50299440
149 24 50297820
112 113 50296860
111 73 50296200
2 3 50294160
104 107 50291820
112 113 50291400
112 113 50288940
139 91 50288400
2 0 50288220
2 3 50288100
58 82 50284560
148 63 50283600
148 117 50283600
148 114 50283600
148 87 50283600
20 23 50259360
2 55 50230080
2 58 50229960
112 149 50227800
29 111 50224440
112 149 50221080
9 33 50220000
9 18 50220000
2 58 50218140
104 81 50217600
104 20 50217600
104 33 50217540
104 61 50217540
104 107 50217540
104 105 50217480
104 61 50217480
104 20 50217480
113 149 50214240
20 23 50213820
20 23 50212920
81 88 50212320
112 149 50212200
8 22 50206020
8 9 50206020
8 17 50206020
112 17 50204640
133 34 50202360
78 2 50198640
78 3 50198640
149 78 50196480
22 8 50194560
22 17 50194560
20 18 50191500
55 143 50142780
23 20 50141580
58 2 50140680
17 22 50138100
1 126 50135280
149 109 50129100
149 84 50129100
149 24 50129100
2 0 50127120
92 87 50125740
22 17 50120880
68 137 50119680
149 112 50115540
112 24 50115180
0 145 50109240
17 6 49875660
17 8 49875660
18 9 49861140
92 117 49859820
9 17 49856880
11 6 49848780
139 17 49788960
21 1 49772580
0 2 49771980
9 139 49726860
19 22 49714500
41 57 49701840
94 71 49701180
107 73 49698480
92 130 49695660
41 143 49694940
8 22 49686720
8 19 49686720
41 57 49685460
2 0 49681380
2 58 49681380
2 0 49680900
139 22 49679580
139 8 49679580
58 3 49618560
22 139 49618080
58 2 49616640
9 22 49613400
9 18 49613400
0 2 49590720
0 58 49590720
0 145 49590720
9 22 49554420
9 12 49554420
1 21 49529160
149 71 49521960
139 6 49518660
91 49 49517160
17 22 49505940
17 8 49505940
17 139 49505940
17 22 49502400
22 139 49501800
139 79 49473420
81 73 49274100
149 112 49270500
0 58 49270380
47 110 49263840
8 11 49256280
18 33 49245600
8 11 49185720
58 3 49182960
112 113 49181160
113 112 49181100
112 113 49180440
2 3 49179240
0 58 49171500
139 17 49165020
2 0 49164000
22 17 49101180
139 41 49100460
2 3 49097520
58 2 49096380
139 17 49093920
68 76 49092240
17 139 49073460
25 136 49037520
2 3 49017480
117 92 49014660
145 4 49010820
9 22 49001940
9 20 49001940
112 113 49001520
40 38 48993840
149 112 48993420
149 24 48993420
41 57 48987360
2 58 48985200
38 40 48936600
139 8 48935220
58 82 48930480
92 66 48925860
58 29 48909540
114 102 48837120
149 112 48481440
20 23 48478740
99 139 48424440
113 112 48420660
149 24 48403920
149 148 48402840
22 139 48402180
148 112 48394920
148 113 48394920
68 76 48387780
68 137 48387780
112 113 48386820
112 149 48386760
112 113 48386760
22 139 48323820
132 41 48314220
112 149 48308040
22 9 48305700
22 139 48305700
18 9 48303120
112 113 48299700
29 73 48299640
29 81 48299640
11 17 48295380
139 22 48294480
68 45 48294000
92 140 48291780
68 45 48291720
9 22 48253680
1 21 48222720
140 102 48084720
131 143 48068580
56 42 48049140
56 122 48049140
148 64 48047340
148 72 48047340
148 78 48047340
148 87 48047340
136 139 48042480
122 142 48031560
149 112 47980260
58 144 47976480
0 2 47970720
99 75 47970300
2 0 47966340
136 139 47962800
0 145 47962380
0 55 47961360
92 87 47951220
2 3 47947680
58 3 47890380
11 8 47885700
2 0 47875860
112 149 47866920
58 2 47862120
20 23 47859300
94 81 47830440
117 66 47807700
117 84 47807700
58 82 47806440
58 2 47801040
57 56 47799120
58 0 47795340
61 58 47793300
81 29 47793000
2 0 47791740
57 122 47788680
68 76 47783220
68 45 47783220
58 0 47782560
112 149 47782440
68 45 47781720
81 73 47720520
81 29 47720520
92 66 47718120
41 132 47714460
58 29 47713140
94 71 47712180
58 81 47711760
18 73 47711040
57 75 47710800
57 25 47707920
57 41 47706660
57 64 47697720
148 112 47457120
148 113 47457120
58 82 47453220
58 144 47453220
112 113 47446560
112 149 47444040
112 113 47444040
1 21 47438820
136 139 47435580
58 3 47371620
112 139 47369460
112 9 47360160
112 139 47356680
143 131 47351640
143 55 47349000
0 2 47344260
0 58 47344260
37 1 47295240
11 6 47284440
37 1 47282640
148 117 47282040
148 114 47282040
122 142 47264700
15 11 47258460
68 76 47207340
149 112 47206500
29 58 47201280
58 144 47197620
58 3 47192940
112 113 47190720
57 64 47189280
112 149 47188320
85 143 47186520
139 11 47175540
139 136 47170560
25 57 47135340
22 139 47115240
112 149 47113080
149 112 47105640
139 136 47104320
112 149 47102640
112 113 47102640
112 149 47097660
148 149 47094780
112 149 47093640
6 11 47089680
111 83 47089140
25 136 47039220
2 3 46857360
2 58 46857360
82 58 46855320
2 58 46844220
37 120 46843800
139 9 46835580
22 23 46825440
149 112 46773300
149 24 46773300
120 37 46768500
13 11 46757460
120 37 46741800
91 95 46738680
1 38 46736820
95 91 46736760
148 112 46735980
148 149 46735980
37 120 46679400
0 2 46677480
0 3 46677480
112 149 46675980
41 57 46660320
2 58 46653840
0 58 46652280
58 82 46597800
58 82 46592100
148 63 46585200
148 117 46585200
148 130 46585200
148 114 46585200
148 24 46585200
148 87 46585200
148 92 46585200
11 6 46577340
37 120 46572240
41 57 46565880
2 3 46485600
58 82 46483560
0 58 46252680
37 120 46240740
0 55 46239960
0 58 46239960
0 145 46239960
139 136 46237860
113 149 46232100
58 144 46229340
9 17 46228320
9 12 46228320
149 113 46227660
2 3 46226340
11 8 46224420
61 18 46221720
71 145 46164240
2 0 46164060
149 112 46163400
1 47 46163280
1 38 46163280
2 0 46159620
139 112 46139280
112 149 46134120
112 148 46133100
148 112 46071660
8 139 46069380
38 47 46063920
38 48 46063920
38 47 46063740
38 138 46063740
139 136 46062540
2 58 46058880
2 58 46047840
111 83 46044420
112 149 45994440
58 2 45983880
58 0 45983880
95 91 45961380
1 48 45894180
0 2 45885900
41 57 45874740
2 0 45874680
112 149 45641220
58 0 45637080
58 2 45636120
58 2 45633960
112 113 45633240
112 149 45624540
149 24 45556380
22 13 45550800
58 82 45539820
2 111 45538080
58 2 45533160
139 136 45532080
58 82 45527040
1 21 45471120
149 148 45465600
22 33 45462960
22 9 45462960
58 81 45453660
81 58 45390660
25 42 45390600
58 0 45374520
38 146 45369900
95 139 45368400
149 113 45362160
41 57 45356160
112 113 45311220
58 0 45288660
58 3 45288660
95 139 45281580
139 9 45210840
0 2 45040980
0 55 45037980
149 112 45036540
149 24 45036540
112 149 45023460
149 24 45014580
139 136 45009540
38 47 44941320
58 3 44930640
58 144 44925900
38 83 44914920
149 24 44855400
112 113 44854500
0 3 44845440
57 41 44757300
81 73 44755380
41 57 44754840
22 13 44694840
112 113 44685720
149 112 44679180
58 77 44671500
131 143 44669340
0 3 44668140
58 82 44666760
38 1 44610600
112 113 44498880
112 113 44430240
23 20 44423940
112 113 44412300
139 112 44340540
4 94 44320800
58 82 44264100
2 0 44257860
2 145 44257860
2 0 44255640
2 58 44255460
139 136 44252760
41 57 44249880
148 112 44236200
58 144 44177700
58 82 44172660
1 48 44152980
2 4 44149260
105 141 44105040
58 82 44093220
149 113 44061300
111 29 43831620
38 132 43797540
111 91 43748880
2 0 43747800
58 2 43743120
139 136 43720020
2 145 43718880
71 113 43718520
111 132 43717020
58 0 43716720
58 3 43716720
58 2 43666260
57 56 43645680
41 57 43645080
0 2 43639800
111 83 43638300
58 0 43630320
58 0 43577580
2 0 43575660
58 82 43570140
58 144 43570140
112 139 43547640
1 138 43542480
2 0 43541220
139 112 43486020
111 83 43485780
1 21 43468920
1 138 43468920
82 0 43219620
126 1 43148760
131 143 43137660
41 57 43122720
58 2 43047360
41 57 43027320
58 82 42970020
139 136 42961560
58 82 42939120
111 73 42877500
119 37 42876180
119 120 42876180
57 41 42871620
139 136 42864720
58 3 42863880
38 131 42805680
2 58 42619500
2 58 42595140
112 149 42529200
2 3 42456060
112 113 42454500
112 113 42429360
41 57 42418500
112 113 42384180
82 58 42367740
58 82 42367140
58 144 42334020
37 139 42285000
149 71 42274200
139 136 42270240
0 2 42256440
137 68 42251580
57 56 42246420
144 58 42010740
58 2 42004500
112 149 42003360
112 113 41998740
149 63 41995260
57 41 41993160
112 148 41941740
148 149 41910120
131 143 41910060
41 57 41907240
41 57 41907180
57 41 41906940
112 113 41860560
112 63 41850540
149 112 41849760
58 82 41846220
1 21 41841960
112 113 41835120
57 41 41824440
58 82 41757840
9 11 41745660
22 6 41745000
0 2 41729700
41 57 41726880
112 139 41411520
146 41 41392620
37 139 41391600
125 41 41315460
125 51 41315460
125 57 41315460
125 147 41315460
41 57 41308740
22 6 41304360
22 17 41304360
22 139 41304360
139 136 41301180
41 57 41293800
149 148 41239020
149 24 41239020
1 138 41219220
38 79 41217480
38 83 41217480
38 146 41217480
9 22 41215260
9 19 41215260
9 17 41215260
41 57 41213160
145 2 41208180
149 112 41183040
20 13 41173440
139 6 41155200
1 34 41145780
1 138 41145780
149 112 41140500
22 6 41140260
131 38 41128260
22 6 41127900
22 139 41127900
145 2 41121960
37 132 41068920
2 0 41064840
4 126 41063280
1 21 41060640
22 139 41048880
1 21 40776780
1 38 40776780
6 11 40699860
139 22 40696140
145 2 40690020
55 34 40689240
143 37 40631460
38 138 40617900
38 48 40617600
58 2 40615080
139 22 40612500
58 144 40605180
58 71 40519920
58 82 40519920
58 2 40434420
88 75 40207380
88 49 40207380
88 99 40207380
145 3 40178220
131 37 40175760
131 120 40121880
58 82 40118940
139 11 40112220
58 0 40109160
58 3 40109160
149 24 40106640
111 81 40103400
139 9 40096800
38 111 40026060
58 0 40017180
111 29 40012860
58 3 40004580
58 144 39945420
58 3 39945360
58 145 39945360
58 82 39936780
38 146 39934500
8 11 39932520
58 144 39931680
32 18 39918600
132 38 39839220
41 57 39829740
22 17 39754020
61 29 39568620
139 17 39515100
112 113 39489540
58 144 39482880
58 3 39417780
58 81 39405600
58 71 39340860
58 3 39327360
58 3 39316380
13 8 39310320
13 11 39310320
13 17 39310320
58 71 39309840
58 82 39309840
112 113 39261360
57 41 39247560
57 41 39245940
41 57 39237900
58 29 39232620
58 81 39232620
2 58 39232380
58 2 39230700
58 2 39227880
37 94 38994480
58 2 38994420
58 29 38968320
58 145 38965740
81 29 38963580
58 144 38905560
22 17 38901420
2 145 38894640
17 6 38893740
17 11 38893740
111 83 38872620
6 139 38819580
120 37 38818260
9 15 38802960
9 6 38802960
58 144 38792400
111 83 38788560
58 3 38720820
58 145 38720820
58 81 38715540
82 58 38715060
58 71 38714580
58 144 38714580
58 71 38649660
29 58 38646540
22 6 38644320
58 144 38643900
57 56 38638140
2 58 38616720
9 113 38573460
9 12 38573460
131 143 38391300
1 138 38368260
58 82 38361420
1 21 38353980
57 41 38279520
58 29 38275740
22 139 38273340
1 34 38268240
58 144 38218020
2 58 38210100
139 17 38193060
57 41 38191980
41 57 38190360
2 58 38185680
57 41 38184720
2 3 38132640
58 82 38131320
58 2 38042940
2 145 38035140
58 144 37781220
139 17 37755840
139 8 37684740
57 51 37675620
145 2 37627260
58 144 37614120
145 2 37597320
145 58 37596420
41 57 37595940
9 18 37593360
9 17 37593360
9 139 37593360
58 81 37583700
58 71 37580700
11 6 37518960
149 71 37429560
149 148 37429560
58 3 37102380
82 58 37092480
58 71 37090740
58 82 37090740
131 144 37065540
58 81 37013160
58 144 37002120
81 58 37000980
139 6 37000320
139 9 37000320
91 95 36989520
145 2 36928800
112 113 36926520
58 82 36890820
58 144 36890820
145 3 36839280
145 58 36577320
58 145 36566340
145 3 36555660
73 29 36545460
41 57 36490920
58 81 36481680
145 3 36480660
139 9 36409560
58 145 36405720
58 145 36403740
2 58 36391260
145 58 36390840
145 58 35946780
145 58 35944920
58 82 35937420
38 1 35935320
145 71 35886660
145 144 35886660
1 21 35879880
145 71 35865960
145 2 35865960
58 144 35863500
58 82 35862720
37 139 35859840
81 58 35855640
58 82 35794680
22 17 35792040
22 139 35792040
139 9 35777640
139 17 35777640
131 144 35709240
137 76 35685600
1 34 35682720
2 3 35616060
58 2 35611380
1 138 35592300
131 144 35364480
1 138 35356080
25 24 35353320
142 122 35350260
145 2 35280480
145 3 35276220
58 20 35266020
58 2 35249820
58 3 35249820
58 71 35180460
58 3 35180460
58 145 35180460
58 2 35115420
58 2 35114520
131 144 35106180
104 73 35103360
2 145 35080140
1 125 35015220
1 138 35015220
9 113 35008260
2 3 34998120
2 145 34998120
2 145 34997880
2 145 34997520
22 6 34995600
22 17 34995600
145 144 34991820
58 82 34990440
145 2 34761120
145 2 34753080
57 56 34738800
57 25 34738800
22 139 34728180
58 144 34676220
58 145 34667820
145 3 34667520
112 139 34665660
58 143 34646520
58 71 34593000
58 3 34585080
58 145 34585080
2 3 34580280
145 58 34559220
145 2 34558980
142 122 34555620
112 139 34503780
145 2 34502940
2 3 34486860
142 122 34403220
58 71 34156200
58 144 34156200
81 58 34153500
58 82 34152840
58 2 34137000
131 144 33896220
58 3 33888060
29 81 33884880
58 71 33812460
58 82 33812460
88 81 33811320
1 21 33806520
34 131 33806460
58 2 33558840
58 145 33558840
145 144 33555420
2 3 33469140
58 144 33468960
58 82 33465660
145 2 33453600
37 120 33444180
145 2 33443640
58 2 33442080
58 3 33437580
22 139 33382380
22 139 33382260
58 145 33357420
58 2 33266220
58 71 32941500
58 82 32941500
58 144 32941500
22 9 32936760
22 139 32936760
22 6 32934240
145 2 32864580
58 144 32861040
1 21 32842620
9 149 32789760
9 20 32789760
9 139 32789760
9 12 32789760
145 2 32678580
145 58 32659140
111 141 32597760
2 145 32579160
58 144 32342700
145 2 32338020
22 139 32336220
2 3 32332440
22 6 32325060
145 2 32315820
145 2 32258760
145 3 32258760
22 6 32234700
2 3 32233260
145 3 32228820
81 29 32106420
131 144 32080740
58 144 32069040
20 88 32065440
2 3 32054940
58 2 31994040
139 17 31983780
145 2 31978800
145 3 31978800
2 58 31974060
81 29 31968000
145 2 31731540
131 34 31725600
2 58 31654500
37 139 31644480
145 58 31643460
145 3 31633560
145 58 31633560
145 2 31630560
22 139 31624320
58 144 31560660
2 3 31556280
58 81 31553460
145 3 31481100
9 22 31473900
9 113 31473900
145 2 31458420
58 82 31446000
1 21 31382940
145 2 31362660
41 57 31354860
58 71 31049280
58 82 31049280
1 21 31039860
2 3 31021920
58 3 31018740
58 82 31015860
58 82 31012560
58 71 31012020
58 82 31012020
58 144 30928680
145 3 30877560
58 82 30872340
62 35 30872040
62 85 30872040
2 58 30850380
145 2 30848880
145 2 30848160
139 22 30846780
146 111 30781500
145 3 30775980
145 3 30530040
145 2 30515760
3 58 30434640
34 131 30428220
145 58 30414180
58 2 30357180
2 3 30340200
145 3 30340140
145 2 30336060
145 3 30336060
145 3 30331020
145 3 30275520
2 3 30273540
145 58 30273300
58 82 30265920
2 58 30265380
58 82 30256560
58 145 30238440
3 145 30177300
1 138 30165720
145 2 29898480
58 2 29892720
131 143 29892360
131 144 29892360
145 2 29842380
2 145 29835720
22 9 29832600
3 82 29810760
3 2 29810760
2 82 29807700
82 2 29745840
145 2 29729640
1 38 29720340
2 145 29719380
58 145 29650080
2 82 29579520
131 144 29577180
22 139 29575500
2 145 29547360
111 29 29478180
22 139 29382420
131 144 29311260
2 82 29230920
2 58 29229780
145 2 29224680
3 58 29223960
145 2 29201160
41 57 29137680
145 58 29137320
111 83 29057460
58 145 29046960
131 144 29046540
22 6 29038440
22 20 29026380
58 145 28951800
112 139 28784640
139 112 28778880
22 9 28774500
111 61 28614000
3 82 28454880
3 145 28454880
58 145 28448940
2 145 28423980
58 144 28371180
145 82 28344300
58 3 28343760
58 145 28343760
41 57 28333320
82 58 28101360
82 2 28074840
82 145 28025340
139 57 28007100
1 138 28004340
1 38 28003320
139 57 28002420
139 41 28001460
58 71 27987000
2 82 27935640
2 58 27935640
82 145 27829560
58 71 27813960
139 136 27760020
22 139 27747240
1 21 27740040
22 9 27505020
1 38 27466380
81 73 27422100
1 138 27415800
58 2 27404700
58 145 27404700
58 82 27396480
58 2 27396480
41 57 27304620
2 145 27232380
2 82 27231060
2 82 27224460
1 38 27222540
2 82 27127260
2 145 27127260
58 82 26892660
2 82 26890560
146 111 26807220
1 38 26782440
1 138 26779740
1 38 26713440
58 71 26553900
58 144 26553900
41 57 26553180
58 145 26544060
58 71 26541840
58 2 26541840
2 82 26532600
1 38 26526120
2 82 26296800
58 2 26203140
58 145 26199960
1 126 26192280
2 3 26176800
58 71 26037960
22 17 26013900
58 145 26009940
2 3 26005200
58 71 25949820
58 144 25949820
2 145 25949580
139 22 25946040
3 2 25928040
1 34 25914120
58 77 25675320
58 71 25658580
139 6 25590300
58 145 25518600
9 18 25494840
88 61 25423500
22 6 25416240
22 17 25403640
81 111 25346580
81 35 25346580
21 1 25343940
145 2 25325040
41 57 25323720
22 17 25083840
71 113 24988140
9 22 24907860
9 20 24907860
9 139 24907860
1 38 24880920
37 139 24880920
139 17 24827520
81 61 24795660
22 139 24751320
1 21 24544740
22 139 24281520
2 145 24200340
58 2 24192600
58 71 24132780
2 58 24124020
58 82 23867340
58 144 23843880
22 139 23677020
58 82 23586360
145 81 23533500
58 2 23244420
22 6 23177880
58 144 23098620
2 82 23093040
2 3 23081160
58 144 23010120
139 8 22998600
22 139 22926660
22 139 22926420
1 21 22918140
22 139 22914960
2 82 22662780
22 6 22635720
141 63 22561800
58 82 22558080
58 145 22488720
58 144 22484100
58 144 22481820
71 73 22403280
139 22 22391820
2 58 22376160
149 113 22372980
22 139 22314060
22 139 22303620
58 71 22289340
58 144 22289340
1 21 22136760
2 145 21890340
2 145 21453300
58 82 21350040
58 82 21349260
2 82 21343440
22 17 21338760
22 139 21284220
58 71 21281580
58 144 21184440
22 17 21169500
58 71 21111720
41 57 21105480
2 82 21088020
2 82 21082320
58 71 20850420
58 71 20734980
58 144 20734980
22 139 20681640
139 8 20681160
139 6 20575620
22 139 20573040
1 21 20231460
88 56 20153700
1 21 20134560
58 144 20064300
58 2 19961280
58 3 19961280
1 21 19959480
1 21 19957080
22 139 19895940
1 38 19893420
1 138 19891920
1 138 19889760
1 21 19889400
1 138 19889400
1 138 19888800
71 73 19886280
1 138 19879860
1 138 19878960
1 138 19878900
1 138 19878840
1 21 19878720
1 138 19878720
41 57 19869840
22 13 19376280
2 82 19374540
2 82 19353540
82 71 19295940
58 144 19295400
2 82 19276380
22 9 18917940
2 82 18855660
37 143 18853560
71 27 18747060
41 57 18680700
58 3 18168600
58 144 18157320
149 71 17491440
2 131 17365380
82 58 16954620
2 3 15239520
145 82 15216420
58 2 14622660
2 82 14444760
2 82 14183580
2 3 14171700
2 145 14081340
2 82 13839000
3 2 13249680
3 2 12619620
2 58 12358740
2 3 12287520
58 145 12178620
2 82 10920720
58 143 10827540
58 131 10827540
58 71 10827540
58 144 10827540
58 3 10544340
2 145 10454880
2 3 10379280
2 82 10376880
2 82 10280520
2 58 10280520
2 145 10280520
58 2 10277880
58 2 9964020
2 58 9951780
58 144 9950040
2 58 9847500
2 82 9797640
2 3 9797640
58 2 9791040
58 82 9681480
58 3 9594240
3 2 9360840
3 2 9101340
58 3 8485500
58 3 7957440
58 145 7957440
2 82 7515840
2 145 7170960
58 145 6674220
81 73 5029500
2 82 4848120
37 139 4234980
37 139 4147200
2 145 3044880
58 145 2596860
58 145 1996260
58 85 1897980
58 3 1827660
2 82 1497480
58 2 1488960
58 82 1309800
2 82 1226460
58 82 0
