3 5 97580951
1 2 97318911
0 2 94536423
0 2 94390069
1 7 93959154
4 1 93771773
4 1 93768024
1 4 91341592
1 4 90916378
4 1 90846436
4 1 90840040
1 4 90822888
1 4 90761102
1 4 90747410
4 7 90747384
8 9 90676891
10 12 90675787
13 14 90675072
13 14 90675017
13 14 90673649
13 11 90671832
15 16 90647173
9 13 90408688
8 9 90408061
13 17 90403288
11 15 90400159
0 2 90398430
11 13 90395748
18 14 90392693
1 7 90390456
12 15 90239740
12 13 90239740
11 16 90238219
13 17 90142424
19 9 89791440
11 13 89789208
16 11 89730093
1 4 89718715
12 9 89703537
1 7 89700918
1 21 89614837
1 21 89550844
1 4 89471489
2 0 89470000
11 14 89469150
11 10 89469150
2 0 89213457
2 3 89213457
13 17 89200545
24 25 89192459
11 13 89189628
13 16 89186457
11 8 89184708
11 14 89184708
1 21 89181598
8 15 89120075
1 21 89117925
6 13 89114664
2 3 89102062
20 9 89057040
4 1 89030101
15 13 89006102
15 14 89006102
2 3 88954030
6 10 88953876
11 14 88933902
13 11 88867878
8 13 88858157
2 3 88855254
14 8 88837878
14 11 88837878
8 14 88602540
8 11 88602540
6 11 88600678
17 11 88583229
17 13 88582336
1 4 88579133
26 27 88532323
26 30 88532323
18 32 88526218
2 3 88521934
10 13 88520978
0 3 88501744
9 19 88496960
1 7 88493137
1 4 88434179
1 7 88351892
1 4 88351892
17 8 88346917
1 4 88250796
23 20 87994063
14 13 87981599
11 8 87974539
20 8 87882665
1 21 87816324
16 14 87745230
16 10 87745230
13 6 87731158
6 13 87731155
35 38 87723913
22 20 87716800
15 11 87708644
6 15 87397941
2 0 87391888
14 15 87387803
8 17 87380512
8 17 87377373
2 3 87375266
7 41 87312143
17 6 87308765
17 8 87302530
16 8 87293201
42 43 87289171
11 13 87283420
11 16 87283420
7 37 87221559
10 14 87217028
38 47 87205072
38 21 87205072
19 11 87202241
19 9 87139029
22 9 87133931
3 2 87132490
23 20 87125442
20 9 87123336
13 16 87120744
8 23 87111665
12 16 87050971
38 46 87029626
38 21 87029626
38 21 87026083
49 50 87022899
49 54 87022899
49 55 87022899
49 35 87022899
49 42 87022899
15 17 87018506
13 19 86796411
58 2 86791613
11 16 86767156
14 13 86708120
11 13 86703155
10 8 86693841
20 23 86685832
30 59 86679590
30 60 86679590
20 12 86675042
61 65 86640157
61 53 86640157
61 47 86640157
61 75 86640157
61 35 86640157
61 43 86640157
61 79 86640157
61 38 86640157
61 39 86640157
61 50 86625757
61 72 86625757
61 56 86625757
61 76 86625757
61 40 86625757
61 80 86625757
61 81 86625757
61 82 86625757
61 38 86625757
90 72 86619818
61 25 86619549
61 84 86619549
49 36 86619528
89 27 86615316
89 26 86615140
61 81 86612324
81 70 86610963
81 43 86610963
1 4 86610925
92 66 86604974
40 79 86600978
40 83 86600978
81 70 86596563
81 77 86596563
81 84 86596563
81 85 86596563
81 26 86596563
81 44 86596563
61 77 86556305
61 30 86556305
61 26 86556305
61 44 86556305
81 27 86550104
81 30 86550104
81 60 86550104
81 84 86550104
81 85 86550104
26 29 86542849
26 61 86542849
26 31 86542849
61 77 86541905
61 43 86541905
61 81 86541905
61 93 86541288
61 26 86541288
81 55 86539725
81 82 86539725
66 87 86539407
81 71 86535704
81 44 86535704
94 5 86532076
89 88 86529016
41 57 86526522
41 57 86525713
66 92 86525477
30 44 86519521
0 66 86518244
0 26 86518244
0 2 86518244
89 26 86514965
36 94 86512688
20 12 86507007
14 17 86506486
30 44 86502417
38 35 86450498
71 81 86448387
71 82 86448387
13 17 86444926
38 47 86433920
88 89 86433149
61 56 86431270
19 13 86426843
0 37 86425186
0 4 86425186
36 53 86423497
36 80 86423497
13 19 86423437
82 3 86418822
81 88 86418788
13 16 86418081
15 17 86412786
81 73 86371994
81 73 86281242
81 70 86275512
71 82 86265309
71 58 86265309
81 44 86254411
81 73 86254108
81 26 86200015
26 81 86199676
81 73 86196287
81 77 86196287
81 38 86196287
36 96 86182408
26 77 86179338
97 96 86173656
93 71 86169976
93 26 86169976
14 13 86169200
81 73 86167602
11 17 86165421
11 13 86164759
16 11 86159888
1 7 86157110
26 62 86115188
19 15 86105354
13 11 86102928
6 13 86102778
6 14 86102778
38 46 86093918
38 35 86093918
38 46 86093707
38 35 86093707
1 21 86091578
13 16 86086977
0 98 86086157
14 13 86082945
14 16 86082945
14 13 86080299
14 11 86080299
92 87 86079400
26 100 86077924
28 76 86077796
97 96 86077063
96 97 86076447
97 96 86072522
97 91 86069646
26 93 86022436
25 43 86012490
25 57 86012490
28 93 86010307
35 38 86010023
97 96 86009628
90 74 86009240
26 28 86008792
26 93 86008792
91 97 86005890
30 60 86005320
52 50 86004328
49 96 86001920
0 66 86000691
36 38 86000677
10 12 86000643
14 8 85996722
14 17 85996722
38 36 85994087
38 61 85993620
38 89 85993620
92 90 85991610
0 30 85989633
93 28 85986855
93 26 85986855
87 66 85950101
67 90 85947717
70 81 85936465
14 10 85931149
78 49 85928332
78 85 85928332
49 78 85927988
26 98 85926202
0 66 85925518
0 3 85925518
25 52 85919226
25 84 85913754
56 36 85910822
13 14 85909082
13 16 85909082
19 11 85906570
26 89 85903061
30 36 85896708
81 73 85894174
81 70 85893486
28 93 85845341
39 95 85843469
26 93 85841530
26 30 85841230
30 28 85838991
30 36 85838991
97 96 85838260
58 3 85836692
49 97 85835561
93 81 85833134
41 97 85817869
96 97 85814884
81 26 85808322
81 36 85808322
12 13 85557047
0 66 85510054
0 3 85510054
13 17 85494995
13 11 85494240
13 17 85494240
67 86 85479647
81 85 85477658
13 17 85475335
11 8 85470904
12 13 85468733
77 62 85468400
13 14 85408694
104 70 85326926
104 107 85326926
104 18 85326926
81 26 85314259
10 13 85306193
10 12 85306193
8 17 85304717
11 16 85298019
96 97 85296139
26 81 85290623
26 81 85242542
81 73 85242353
81 26 85240813
81 73 85235184
12 10 85215870
26 30 85126110
26 27 85048048
0 26 84993197
81 73 84982269
81 26 84982269
10 14 84979478
2 4 84973076
13 10 84970240
12 10 84969430
11 13 84969350
97 96 84968504
25 36 84967254
97 25 84958576
62 64 84956231
13 11 84953499
13 17 84951367
13 19 84947325
15 12 84944028
0 2 84907671
0 87 84907671
89 49 84903771
81 103 84898778
10 13 84894167
87 66 84885685
110 112 84882203
49 89 84877868
0 2 84820190
104 105 84811762
104 108 84811762
93 81 84809776
104 73 84803774
104 105 84803774
104 18 84803774
6 12 84803766
17 13 84803355
25 97 84794034
26 27 84793890
26 28 84793890
97 49 84791254
40 95 84785354
1 21 84777274
3 0 84776313
87 93 84736160
19 9 84726470
97 25 84714209
49 97 84705693
97 49 84704932
49 91 84702574
13 17 84700572
0 37 84648246
0 4 84648246
6 12 84621742
82 2 84621683
80 46 84621358
13 14 84621049
14 8 84612162
4 2 84612093
13 12 84610187
97 96 84608587
49 97 84608002
19 15 84600616
19 11 84597519
19 16 84543684
0 4 84383393
0 2 84383393
81 88 84379444
104 105 84375788
104 106 84375788
104 61 84375788
104 107 84375788
104 18 84367795
104 108 84367795
10 13 84366728
12 9 84366032
96 97 84365092
97 91 84364171
28 59 84357926
23 13 84356534
13 10 84355364
13 23 84355364
11 8 84353707
49 96 84353118
96 36 84351369
81 93 84349661
38 1 84345416
62 77 84345327
38 52 84345284
38 81 84345130
11 8 84344619
88 108 84298200
91 49 84287615
97 96 84282993
93 81 84282855
41 50 84282834
41 115 84282834
52 38 84281768
104 88 84280283
104 108 84280283
49 96 84279976
70 61 84268343
11 13 84265643
0 3 84264844
91 95 84263749
8 16 84263724
13 8 84260938
12 15 84260114
49 96 84256182
49 97 84256182
87 66 84194828
87 66 84194434
49 91 84182879
113 81 84179971
10 13 84176082
10 11 84176082
104 18 84176069
104 108 84176069
0 37 84123152
0 2 84123152
81 70 84116591
81 111 84116591
81 26 84116591
81 107 84116591
52 50 84108192
52 115 84108192
89 71 84101432
112 17 84096976
81 107 84093517
62 85 84091573
49 91 84091172
89 0 84031145
13 17 84027022
49 97 84023861
68 26 84021462
104 61 84019464
104 107 84019464
104 108 84019464
47 37 84018554
19 9 84007643
41 57 84000365
88 81 83830802
81 44 83828279
81 44 83774882
104 18 83764727
81 93 83764400
13 17 83763558
81 85 83761729
97 91 83757555
97 96 83757435
11 17 83747743
81 88 83743628
81 36 83689881
85 36 83686450
13 17 83683796
2 58 83680443
81 88 83675964
97 49 83674904
81 44 83666151
81 44 83665704
81 44 83664238
44 81 83663021
52 41 83662086
81 52 83603809
81 85 83603809
81 26 83603809
81 107 83603809
81 38 83603809
0 26 83603438
88 81 83600732
88 73 83576378
78 37 83575951
90 72 83575560
90 86 83575560
81 107 83572337
90 86 83571549
107 29 83571221
49 97 83570664
13 16 83568488
13 16 83568345
93 27 83568067
81 71 83567176
19 9 83560007
26 27 83431026
19 15 83416476
19 8 83416476
104 106 83415524
104 108 83415524
90 67 83412342
90 102 83412342
81 93 83410003
81 43 83410003
81 36 83410003
81 107 83402659
94 81 83397670
81 70 83397184
81 107 83395099
26 30 83320328
13 20 83157851
13 17 83157851
119 120 83144807
20 17 83139314
10 13 83138804
11 13 83138043
19 15 83131128
2 0 83082663
81 43 83079062
81 26 83079062
62 25 83069170
2 0 83064998
25 77 83064111
37 55 83060235
25 78 83058255
25 42 83052645
25 101 83052645
25 121 83052645
81 73 83006817
4 5 82972407
81 71 82964799
97 91 82964286
19 33 82955229
19 22 82955229
11 8 82542337
78 25 82536905
17 10 82536181
78 85 82471671
13 14 82460482
88 71 82453761
58 44 82386051
52 81 82380929
49 91 82366454
97 41 82365486
41 97 82364111
41 97 82363833
95 111 82363778
35 46 82363674
35 48 82363674
95 55 82363539
16 13 82362529
8 19 82361447
81 71 82355658
81 44 82355658
44 71 82309698
13 16 82305869
97 41 82271279
23 18 82216221
17 13 82214524
104 107 82207419
104 18 82207419
124 78 82204650
6 13 82200192
13 17 82195973
13 17 82195937
112 93 82191598
28 93 82187037
93 27 82185847
40 29 82185347
93 27 82181969
93 28 82180803
14 10 82180671
93 28 81952258
28 93 81952189
11 17 81943851
40 95 81931096
40 95 81927445
49 91 81862426
120 119 81860778
49 91 81857562
120 85 81850304
11 13 81849009
81 98 81848963
81 84 81848963
81 24 81848963
81 36 81848963
81 44 81848963
120 85 81844517
0 82 81843426
8 13 81838631
13 11 81788767
13 16 81788767
112 93 81779867
40 95 81774994
17 8 81765828
17 14 81765828
17 11 81765828
17 10 81765828
14 13 81756563
13 8 81753891
93 110 81700088
8 13 81695621
11 16 81692137
40 95 81686990
0 71 81684790
93 113 81681949
97 96 81672552
22 18 81671559
9 12 81667489
85 122 81663846
37 85 81613828
85 25 81612892
14 11 81599086
14 16 81599086
111 95 81598776
111 83 81598776
13 8 81590118
13 17 81589921
13 8 81587933
40 83 81587670
81 70 81586854
81 107 81586854
81 36 81586854
81 108 81586854
1 21 81586718
93 113 81586506
40 111 81585780
113 93 81584563
81 88 81372801
97 49 81357787
108 73 81342409
40 95 81341164
112 113 81332832
14 13 81323037
14 12 81323037
97 35 81320320
9 19 81260682
33 18 81259797
11 14 81253938
11 17 81253938
92 90 81249584
49 75 81231515
49 43 81231515
35 38 81174439
123 70 81166320
30 26 81156258
100 28 81152776
81 93 81148253
40 95 81144222
91 83 81095353
112 93 81093676
93 112 81093575
1 35 81083471
87 66 81078574
19 13 81067910
120 124 81065533
58 95 81064280
58 44 81064280
97 48 81020376
19 13 81007798
11 8 81003248
11 14 81003248
11 10 81003248
43 121 80996342
78 111 80994306
9 23 80977279
10 12 80975304
40 95 80974636
49 43 80973387
49 101 80973387
49 121 80973387
33 18 80972688
22 17 80898234
4 37 80809769
19 9 80751630
113 93 80745838
113 112 80745838
68 45 80742653
97 41 80741614
120 56 80724817
11 13 80723329
11 8 80722118
61 81 80714180
61 18 80714180
91 95 80665227
91 111 80661137
91 40 80661137
4 131 80657988
19 9 80657777
40 95 80654247
68 76 80652048
58 111 80651641
32 98 80651221
62 42 80645543
92 74 80640750
35 48 80639101
33 22 80638959
19 9 80576082
91 111 80575423
91 83 80575423
57 101 80565388
111 78 80559376
25 56 80557033
25 42 80557033
25 57 80557033
20 23 80554608
9 19 80552700
33 20 80549609
70 81 80548176
20 23 80546183
20 22 80542159
94 88 80498397
20 23 80489875
91 40 80483779
97 91 80482283
13 12 80480018
0 58 80479593
23 20 80479265
20 23 80478582
25 56 80478542
20 22 80477895
44 71 80475026
0 82 80473899
25 101 80470855
20 23 80469887
37 131 80468042
57 97 80467945
32 98 80463570
28 100 80462687
23 20 80459732
81 2 80454684
20 23 80453926
10 14 80401793
91 40 80400360
43 54 80395738
6 20 80393637
71 81 80390550
113 93 80386768
56 25 80381086
82 71 80379945
62 42 80378916
20 23 80375484
23 20 80374464
95 111 80371346
11 8 80368624
17 11 80202159
20 33 80193307
20 23 80158938
20 17 80145848
33 20 80138091
49 56 80128801
91 83 79975238
112 22 79968490
33 20 79967947
8 20 79961694
20 23 79961691
78 111 79959572
78 101 79955720
10 19 79953356
0 2 79952432
124 120 79950802
78 111 79949874
113 93 79942011
11 9 79941443
82 55 79940311
82 55 79940097
82 44 79940097
9 20 79940001
10 8 79937137
10 14 79937137
123 105 79894582
49 56 79894264
49 101 79894264
123 106 79886872
91 79 79886487
25 56 79886377
25 57 79886377
25 121 79886377
44 58 79885697
9 15 79883913
9 19 79883913
20 33 79882467
124 120 79881963
124 85 79881963
8 10 79876406
10 13 79876378
20 33 79876200
82 44 79874320
25 49 79874101
23 20 79868861
8 13 79863378
10 13 79862304
10 17 79862304
10 12 79862304
10 8 79860174
20 23 79860063
30 36 79858734
9 33 79856935
113 93 79856606
113 112 79856606
17 13 79855195
17 10 79855195
78 85 79853599
91 111 79853146
100 28 79847578
100 76 79847578
29 39 79847397
88 81 79813571
81 88 79811450
91 40 79805276
2 0 79798492
25 42 79798118
25 101 79798118
25 121 79798118
82 55 79797117
61 108 79794451
78 25 79789202
41 57 79788923
25 43 79788050
25 101 79788050
122 25 79783273
78 101 79782907
78 25 79782907
124 119 79781432
41 115 79778805
25 85 79778404
78 85 79778038
17 14 79774079
17 10 79774079
20 23 79772945
4 71 79772231
49 120 79769613
17 33 79767928
77 64 79766874
15 13 79610093
15 17 79610093
93 113 79540857
22 17 79539242
61 108 79539222
13 8 79536464
123 73 79536116
123 106 79534603
3 0 79533832
3 58 79533832
82 58 79532574
123 106 79529498
113 106 79528966
113 81 79528966
113 26 79528966
10 17 79528663
20 23 79527656
41 7 79523012
73 43 79519213
107 70 79517823
113 123 79515825
33 18 79515669
49 62 79514677
49 78 79514677
40 91 79514369
92 87 79507235
43 73 79506659
93 113 79500968
18 73 79453598
82 55 79452450
25 36 79450146
82 71 79448723
66 117 79448337
66 92 79448337
132 73 79442656
111 78 79442648
17 13 79442563
13 17 79441080
70 94 79440127
70 44 79440127
70 5 79440127
105 94 79439592
8 13 79438728
8 14 79438728
78 111 79438562
123 105 79438484
123 61 79438484
9 15 79436221
14 13 79435710
23 17 79435627
13 17 79433940
20 23 79430949
2 44 79430943
94 44 79427938
129 73 79427881
120 85 79424342
0 58 79422479
93 112 79420873
11 13 79417646
97 46 79367623
97 38 79367623
91 111 79365665
110 93 79365003
6 13 79361721
6 8 79361721
131 37 79358646
120 85 79357315
132 52 79356486
13 17 79355384
3 2 79355277
3 0 79355277
25 51 79350960
25 101 79350960
20 22 79349265
112 93 79349137
20 23 79348778
124 120 79347087
119 56 79346746
119 124 79346746
119 56 79345979
20 23 79345805
120 85 79345051
61 108 79340773
28 89 79340691
14 8 79340409
49 97 79330962
20 22 79330145
93 113 79330027
55 78 79329420
13 17 79283577
94 70 79283563
20 22 79283313
97 47 79281939
81 80 79278944
13 17 79278461
25 62 79274691
82 55 79269883
78 55 79265862
97 91 79264753
20 33 79264288
40 29 79262019
40 79 79261560
123 104 79261114
88 89 79260711
40 29 79260216
40 83 79260216
17 23 79256860
78 37 79254534
0 82 79254198
0 2 79254198
132 52 79251825
70 94 79249974
70 44 79249974
49 121 79244333
49 122 79244333
41 115 79243493
91 40 79196984
97 21 79195684
28 100 79194475
82 58 79194125
10 17 79188387
112 93 79183298
19 9 79181138
20 23 79179134
111 95 79179035
82 55 79178951
2 0 79178756
68 128 79177292
70 71 79171641
70 0 79171641
70 44 79171641
70 5 79171641
82 3 79170262
68 69 79169972
126 38 79168255
96 49 79167654
20 10 79166368
123 61 79165968
28 26 79164619
61 73 79159842
61 108 79159842
121 49 79159574
93 112 79159387
61 73 79158031
61 18 79158031
61 108 79158031
20 22 79095803
66 92 78932927
121 49 78924456
29 79 78923346
20 23 78921514
23 20 78920987
93 9 78919040
121 49 78918597
20 22 78918517
20 22 78918495
92 66 78918194
93 113 78914454
58 44 78913105
16 13 78913073
131 37 78911330
93 113 78910425
93 113 78909743
105 70 78909451
119 85 78901633
93 113 78899306
72 86 78894127
20 23 78855236
20 22 78854182
87 92 78849647
2 55 78848495
6 12 78847210
41 97 78842060
82 55 78839775
57 25 78838297
112 113 78837319
131 55 78833567
49 121 78832602
3 82 78830691
3 2 78830691
131 37 78823014
131 124 78823014
41 57 78822437
112 85 78822011
131 55 78818553
25 42 78815806
49 43 78810930
93 113 78810930
66 87 78776415
112 93 78767775
112 113 78767775
20 18 78765878
81 132 78764963
81 25 78764963
61 81 78763814
61 88 78763814
61 108 78763814
82 37 78760156
82 58 78760156
18 33 78759904
18 9 78759904
91 79 78758059
35 40 78757064
35 42 78757064
35 31 78757064
6 11 78755959
61 33 78754737
61 105 78754737
61 108 78754737
23 17 78753675
78 85 78752790
93 113 78750976
93 113 78749015
20 22 78743044
132 52 78741485
20 23 78738693
49 75 78737990
78 85 78735746
8 17 78735737
33 18 78734254
20 23 78731662
10 22 78729598
0 2 78729050
0 3 78729050
40 39 78728369
57 49 78727711
95 53 78726851
40 29 78722611
16 8 78690016
129 107 78681314
119 124 78672285
119 124 78671420
16 13 78670731
16 8 78670731
82 58 78667348
9 19 78666865
85 120 78666145
82 44 78665121
16 13 78664200
26 27 78662004
2 58 78661822
2 44 78661661
68 128 78661579
22 20 78660640
73 61 78651570
20 22 78651545
71 26 78649804
97 96 78646918
49 25 78639793
49 42 78639787
43 52 78637909
100 59 78634529
20 18 78594809
2 0 78594052
2 3 78594052
5 94 78591775
93 113 78586447
41 57 78575189
78 111 78573871
17 13 78573682
25 85 78569132
120 124 78566970
124 119 78566548
97 96 78560967
0 58 78559882
93 81 78554914
13 16 78553679
8 13 78553083
13 8 78552421
13 16 78552421
20 23 78507194
20 22 78480969
23 20 78475222
112 93 78475130
23 20 78425601
23 20 78424795
112 93 78330455
2 55 78329763
8 17 78326287
8 17 78320224
112 85 78319832
58 111 78317937
44 58 78315463
14 13 78313142
132 52 78311870
11 13 78311446
11 14 78311446
53 95 78309486
112 93 78306084
122 125 78305953
111 95 78305897
57 41 78303825
78 85 78298851
18 20 78298100
95 111 78293275
93 113 78249313
91 95 78243059
112 113 78242085
131 55 78241131
44 71 78238824
8 17 78238702
17 23 78238419
93 113 78236118
37 131 78234271
120 85 78227051
130 74 78224263
82 2 78220049
82 58 78220049
58 0 78219854
79 29 78219001
95 111 78218560
72 90 78207225
29 111 78204804
13 14 78156021
13 11 78156021
91 40 78155222
91 79 78155222
112 85 78153962
82 2 78152871
78 25 78152460
93 112 78148332
85 120 78148324
100 59 78148253
85 120 78147800
58 95 78146441
20 22 78144755
20 22 78144028
112 85 78138793
100 59 78134920
8 19 78134183
8 17 78134183
112 93 78133610
53 95 78133065
103 94 78132010
32 27 78131785
71 82 78130374
2 58 78129470
58 95 78128807
25 52 78127518
82 71 78125699
82 55 78125699
82 58 78125699
2 82 78125414
49 91 78124618
8 13 78123806
2 82 78123145
113 123 78122156
49 38 78120760
111 129 78117084
2 55 78076653
97 99 78074323
97 99 78073826
112 93 78068574
82 131 78062130
8 13 78058516
3 82 78057240
3 2 78057240
3 58 78057240
115 41 78056009
91 97 78054985
100 59 78053112
82 2 78050078
8 16 78047029
97 41 78042032
82 58 78041817
17 8 78041543
124 119 78040239
52 115 78032994
111 53 78031465
81 44 77998021
123 112 77993843
112 123 77989746
90 65 77985901
91 79 77981811
5 70 77980678
113 112 77980607
93 113 77977032
97 53 77976302
112 93 77975801
112 113 77975667
17 13 77975293
1 126 77975290
112 85 77967444
131 3 77962237
96 97 77956693
17 23 77956128
90 65 77954576
90 102 77954576
23 17 77954482
85 120 77954347
120 124 77953694
112 113 77952850
93 112 77949892
25 75 77894723
25 43 77894723
25 56 77894078
25 43 77894078
25 57 77894078
25 121 77894078
112 93 77867518
111 36 77792090
86 135 77783744
88 53 77724501
88 81 77724501
0 82 77718494
2 55 77717677
93 113 77717149
25 42 77716751
124 56 77716503
82 58 77712959
82 44 77712959
120 85 77712769
44 2 77711940
113 93 77710791
5 70 77709615
85 120 77708635
27 26 77708088
123 104 77706510
97 96 77705092
13 14 77704352
117 74 77703472
129 107 77703246
5 70 77697040
1 126 77696168
93 113 77694644
120 85 77691705
91 95 77638326
90 86 77631064
91 49 77630543
101 57 77630124
93 113 77629781
93 112 77629377
82 58 77629072
131 85 77625475
132 52 77624746
81 129 77622966
66 92 77621440
25 36 77619265
81 107 77616278
9 33 77611649
14 13 77609207
131 55 77607325
6 11 77605529
129 73 77604248
2 55 77601885
85 81 77601516
18 105 77599933
123 73 77562028
123 107 77562028
86 135 77554560
86 102 77554560
89 71 77551823
22 18 77549019
23 20 77546581
14 13 77544840
86 65 77543760
86 135 77543760
86 102 77543760
18 33 77537896
80 131 77534164
23 13 77533366
13 14 77532996
81 111 77531883
29 81 77530438
64 90 77527873
112 113 77521657
13 17 77520214
112 85 77520106
13 8 77519975
85 120 77518574
23 17 77518367
78 55 77518117
78 85 77518117
6 106 77516779
112 85 77516653
25 125 77478632
112 93 77464269
13 16 77461251
14 16 77461243
57 25 77459106
20 23 77453633
58 44 77453487
23 17 77452423
0 44 77451792
0 2 77451304
50 52 77447823
20 18 77444942
81 129 77444763
20 88 77425935
111 79 77395817
112 93 77380326
25 56 77379563
25 43 77379563
25 42 77379563
25 136 77379563
25 122 77379563
104 123 77376049
104 106 77376049
104 129 77376049
25 122 77373032
88 123 77372645
91 111 77370893
91 40 77370893
91 79 77370893
36 25 77364582
0 55 77364485
131 55 77362386
55 131 77362288
83 78 77362155
14 13 77361279
77 129 77361242
111 46 77361046
46 111 77360610
94 5 77360118
0 55 77359848
0 58 77359848
70 71 77359465
46 132 77357438
6 23 77357208
103 29 77356904
13 17 77351591
13 17 77351290
25 109 77351220
57 25 77350887
131 80 77349956
23 17 77348093
0 2 77346495
0 58 77346495
97 41 77344940
29 91 77344397
93 113 77344299
55 131 77344269
96 97 77342251
85 120 77340659
19 9 77311244
66 87 77284129
13 12 77185901
112 93 77121306
112 85 77121306
112 8 77119258
91 95 77113163
91 111 77113163
91 40 77113163
90 65 77112767
90 135 77112767
90 86 77112767
2 78 77112281
90 102 77110271
0 55 77108491
0 3 77108491
0 58 77108491
120 85 77106533
0 3 77106517
78 55 77102330
26 4 77102280
56 51 77094907
8 14 77092111
90 65 77092064
90 135 77092064
90 72 77092064
82 0 77090301
82 3 77090301
82 44 77090301
23 20 77089594
11 8 77084251
120 124 77084046
23 20 77031202
23 20 77031124
13 14 77030994
13 16 77030994
91 111 77029827
91 40 77029827
61 111 77029138
75 57 77024855
0 3 77024019
75 51 77021059
113 93 77018655
100 59 77015829
23 33 77006424
23 20 77006424
105 94 77005645
23 13 77004081
23 14 77004081
13 11 76999918
13 16 76999918
14 13 76999031
51 56 76992771
56 51 76992729
20 33 76990889
91 83 76942048
112 113 76941038
90 135 76940513
132 115 76939289
124 85 76936090
37 55 76934662
25 53 76934653
55 78 76934613
3 58 76932233
112 93 76931249
131 37 76929529
131 37 76928322
43 42 76924773
57 41 76923885
25 56 76921534
25 42 76921534
25 43 76920803
25 121 76920803
25 56 76918749
25 43 76918749
25 57 76918749
113 123 76917441
131 80 76916273
2 82 76915894
14 17 76914294
57 25 76911449
25 57 76907399
113 123 76905858
37 124 76860896
37 120 76859835
131 37 76858626
91 95 76858299
91 111 76858299
112 93 76857326
112 113 76857326
112 93 76854535
112 113 76854535
96 97 76850377
22 105 76850100
37 85 76849119
3 44 76848019
22 13 76844902
25 56 76844231
0 44 76843526
78 55 76839469
22 19 76836033
22 16 76836033
22 17 76836033
23 20 76834901
105 73 76830234
81 29 76828917
120 37 76827687
120 124 76827687
78 55 76825300
2 44 76824843
41 57 76821456
20 23 76771113
112 85 76770888
113 81 76767138
112 93 76766042
23 22 76764013
37 85 76756484
97 125 76755880
25 56 76754700
25 43 76754700
93 112 76749459
119 56 76748558
119 124 76748558
2 78 76747569
14 12 76746667
75 25 76744277
13 14 76744012
25 42 76743825
49 97 76735774
81 129 76689470
42 25 76574076
81 85 76509938
91 111 76508642
91 83 76508642
120 85 76505283
136 51 76504108
136 54 76504108
136 79 76504108
136 36 76504108
117 87 76502795
120 119 76502356
85 43 76494602
25 43 76488855
25 57 76488855
25 136 76488855
40 29 76487023
19 9 76483723
25 136 76482328
11 13 76482166
11 16 76482166
25 56 76480925
25 122 76480925
97 91 76426585
97 91 76424412
0 55 76420080
0 3 76420080
13 16 76417540
125 51 76412553
125 25 76412553
125 38 76412553
125 36 76412553
125 122 76412553
88 36 76411863
3 55 76411512
112 113 76407003
111 29 76406060
58 55 76403381
92 117 76402161
112 93 76401940
112 113 76401584
111 95 76400575
14 11 76398374
19 9 76396430
25 56 76354018
93 113 76345034
91 40 76341434
91 83 76341434
91 79 76337562
70 81 76335141
37 120 76334828
93 112 76333882
22 17 76333648
9 33 76332130
82 3 76331501
120 37 76331234
129 81 76330600
131 80 76329780
58 55 76323881
19 13 76323500
112 113 76323256
123 93 76322698
123 113 76322698
92 66 76321215
92 87 76321215
123 106 76320434
112 93 76318791
56 25 76315237
6 17 76310824
25 43 76310392
25 136 76310392
112 93 76309540
25 101 76301692
25 85 76301692
25 122 76301692
2 82 76255834
3 82 76252737
91 40 76251463
19 9 76243869
68 128 76242934
8 23 76239246
8 13 76230044
112 93 76228889
112 93 76226166
112 113 76226166
129 111 76218543
53 36 76216772
23 20 76168556
20 23 76167899
13 14 76166764
13 14 76166208
13 16 76165744
14 13 76165654
81 70 76161440
81 53 76161440
113 123 76161173
38 36 76160199
23 17 76159813
82 2 76159287
58 0 76156583
131 80 76155619
13 16 76151587
13 11 76151467
0 82 76143564
93 112 76143150
78 2 76140980
93 113 76138779
2 82 76132704
113 123 76132168
93 113 76131763
111 83 76129246
19 9 76129157
15 9 76127569
93 112 76060684
13 6 76059671
112 123 76054360
112 113 76054360
93 112 76051277
26 89 76001605
55 0 75971160
13 8 75926711
91 111 75906219
91 40 75906219
3 2 75905180
120 85 75902952
23 20 75902503
23 20 75901273
88 28 75901017
88 91 75901017
88 46 75901017
88 51 75901017
88 53 75901017
88 98 75901017
88 111 75901017
88 40 75901017
88 30 75901017
88 49 75901017
88 79 75901017
88 60 75901017
112 93 75900398
88 129 75897386
88 18 75897386
113 81 75892157
3 2 75882885
11 8 75882345
44 0 75830014
91 111 75821526
91 40 75821526
91 83 75821526
17 13 75817116
81 33 75815106
81 88 75815106
70 4 75812122
58 111 75806678
125 55 75806213
125 25 75806213
125 38 75806213
125 122 75806213
125 48 75806213
23 20 75800223
44 70 75795358
29 91 75784352
86 65 75742129
86 72 75742129
86 102 75742129
86 135 75739333
23 20 75735441
86 72 75728533
19 11 75727662
85 120 75726832
25 78 75724579
23 20 75720267
58 44 75720133
90 65 75718522
90 72 75718522
90 86 75718522
136 56 75716832
8 23 75714624
14 16 75711867
0 58 75711774
15 13 75709146
112 113 75702264
44 2 75653111
88 103 75652610
25 75 75646279
25 43 75646279
25 136 75646279
25 122 75646279
124 55 75645922
91 111 75645175
112 123 75644117
82 55 75644061
14 13 75641550
13 14 75641550
82 2 75640613
71 28 75640372
112 113 75637060
66 84 75634992
25 42 75634395
41 25 75632833
2 82 75630323
82 2 75630294
85 124 75629583
62 25 75626757
107 103 75625143
71 4 75622821
70 94 75621178
0 82 75618635
2 44 75615099
2 44 75615015
25 75 75614469
25 57 75614469
25 85 75614469
111 78 75614287
25 56 75611155
13 8 75580596
13 16 75579522
112 93 75568695
91 83 75561201
9 19 75558956
93 112 75558942
33 18 75547649
2 82 75545827
44 2 75542468
90 135 75539661
90 117 75539661
112 123 75538492
129 73 75536693
23 20 75533944
73 29 75533435
3 82 75531750
3 44 75531750
2 82 75531494
119 56 75531300
70 44 75528875
2 82 75527876
93 113 75526463
93 113 75526318
19 9 75524330
26 93 75461932
112 123 75366585
37 120 75302017
0 58 75294914
20 23 75294807
80 55 75292701
82 2 75291899
100 59 75291459
57 25 75288755
25 51 75285948
11 12 75281458
111 47 75280288
68 137 75280057
17 12 75279036
12 14 75275939
80 131 75275836
58 0 75274597
26 89 75274007
131 80 75273563
11 13 75272559
23 20 75271176
41 57 75268816
112 113 75221073
37 120 75218027
9 19 75217758
112 81 75215397
13 17 75211814
100 26 75211419
42 103 75211346
23 17 75209613
26 84 75209389
117 130 75208811
85 120 75206705
100 28 75205091
9 19 75204789
8 13 75204626
13 8 75204231
82 55 75204165
82 0 75204165
82 44 75204165
112 113 75202658
13 16 75202507
112 93 75202012
22 9 75195723
105 5 75193843
105 5 75193812
23 17 75191917
9 12 75190775
25 101 75187159
25 136 75187159
25 51 75186677
81 46 75182245
81 42 75182245
81 26 75182245
81 124 75182245
28 76 75178186
20 23 75177252
26 27 75143453
91 79 75131609
11 15 75125166
113 123 75120309
131 37 75120079
111 91 75119087
11 19 75118141
20 23 75117711
8 13 75114574
29 98 75111325
81 27 75110828
81 84 75110828
88 81 75109741
71 4 75105788
90 66 75105737
2 3 75104973
112 113 75099149
12 44 75098124
121 43 75094620
20 23 75091438
13 11 75040249
11 13 75039382
112 113 75038344
97 49 75035721
111 78 75031019
131 80 75028143
29 79 75028046
33 18 75027836
102 117 75023271
112 123 75017982
112 113 75017982
71 5 75016230
40 79 75012856
40 83 75012856
33 22 75009330
33 17 75008667
123 113 75007983
66 92 74956499
112 93 74953643
112 113 74953643
70 71 74951275
12 23 74948241
112 113 74943716
112 123 74942650
28 100 74941698
113 93 74931795
113 112 74931795
131 80 74926068
20 23 74920348
15 19 74917980
62 42 74880393
13 8 74871477
13 16 74871477
13 17 74871477
112 123 74693360
11 14 74685461
11 16 74685461
112 93 74683270
13 17 74681122
26 27 74681027
19 22 74679766
69 27 74678524
112 93 74677155
105 70 74673558
2 3 74667749
129 73 74665740
85 120 74661408
105 70 74611062
2 0 74609259
2 3 74609259
2 58 74609259
44 82 74607847
44 2 74607847
44 58 74607847
90 135 74607144
22 18 74605328
113 112 74602948
112 123 74601215
112 93 74600618
112 123 74600348
125 38 74598328
13 17 74594773
112 93 74591621
120 85 74589448
97 57 74588718
112 93 74586094
112 113 74586094
0 55 74585234
112 123 74583713
120 37 74580058
13 23 74527614
120 85 74518741
1 35 74512280
112 123 74509471
25 42 74508871
58 111 74506977
119 37 74503340
93 112 74503285
112 113 74501189
131 119 74500386
25 24 74496237
13 22 74492334
90 72 74490922
90 117 74490922
19 9 74490779
19 9 74483204
13 16 74436778
13 8 74436671
2 44 74433553
111 79 74430545
119 56 74429336
35 30 74427916
0 44 74427586
32 134 74426063
82 44 74426010
120 119 74425715
44 58 74424334
25 41 74418105
25 51 74418105
25 43 74418105
25 121 74418105
25 136 74418105
90 102 74414358
25 41 74413491
25 51 74413491
25 42 74413491
112 17 74412763
112 85 74410395
131 37 74409881
13 16 74408294
113 26 74406064
33 20 74405689
78 55 74405637
123 113 74401953
19 15 74352786
25 56 74346874
25 101 74346874
112 123 74343909
20 23 74343830
111 83 74343065
58 26 74341398
14 13 74337155
112 43 74334860
112 5 74334860
20 23 74330736
82 3 74326967
82 58 74326967
82 44 74326967
45 68 74325239
23 17 74324336
13 14 74324022
13 14 74321380
93 113 74316483
93 123 74316272
100 89 74315222
19 9 74311315
5 94 74250753
112 73 74157954
93 81 74084568
81 26 74083033
112 123 74081282
112 5 74081282
112 93 74080795
112 113 74080795
66 87 74077167
66 92 74077167
112 123 74073259
19 15 74068707
11 13 74065686
11 14 74065686
44 2 74046105
112 93 74004753
112 123 74004753
26 27 73996212
45 68 73992003
41 115 73988341
41 7 73988341
71 4 73987517
78 82 73982491
125 51 73981804
125 36 73981804
119 131 73979889
25 43 73976103
25 85 73976103
2 44 73975817
2 44 73973886
123 73 73966823
131 37 73920295
131 119 73920295
112 93 73914276
82 58 73910249
120 37 73909567
131 119 73905064
112 113 73900027
120 37 73894941
100 76 73894612
43 38 73885802
25 101 73881932
44 2 73875161
70 94 73837033
123 73 73818249
123 18 73818249
100 59 73802326
112 123 73752321
20 23 73742166
112 123 73740913
78 2 73735278
25 43 73735079
25 101 73735079
112 93 73730554
5 112 73729431
5 113 73729431
44 71 73725927
44 3 73724965
8 15 73723591
8 17 73723591
68 32 73722363
15 13 73713990
82 0 73479066
82 3 73479066
25 42 73460758
25 57 73460758
8 11 73456691
112 93 73451040
112 93 73449274
13 11 73408078
93 113 73396094
93 113 73383178
25 42 73382960
25 101 73382960
25 122 73382960
93 112 73382084
26 28 73378389
112 93 73370779
82 2 73370548
25 43 73368155
25 57 73368155
25 121 73368155
25 122 73368155
131 37 73315408
93 5 73314328
120 85 73313974
120 124 73304719
62 57 73291709
93 112 73286846
93 112 73286669
68 137 73282895
68 45 73280496
68 32 73280496
85 112 73231178
25 56 73223433
25 42 73223433
25 101 73223433
136 122 73217859
25 136 73208037
20 23 73189703
93 112 73139563
73 106 73130229
112 123 73116371
112 81 73024651
44 2 72884012
66 87 72879984
18 22 72872056
44 58 72871080
44 2 72860610
112 113 72857621
123 93 72846585
93 113 72807043
93 123 72806409
82 3 72791674
15 6 72780803
57 75 72779360
93 113 72774275
100 63 72762086
81 112 72710132
25 122 72700689
15 13 72695372
73 70 72643562
93 5 72622978
37 120 72622403
78 55 72615397
78 85 72615397
18 33 72615103
18 73 72615103
18 20 72615103
93 112 72614821
137 68 72609032
112 113 72608203
62 53 72599261
15 17 72599136
120 85 72597359
97 91 72596727
103 73 72593295
78 85 72592841
35 49 72589465
30 73 72588906
35 49 72588468
22 13 72586768
22 8 72586768
85 78 72538103
68 32 72536205
125 41 72528162
125 51 72528162
125 48 72528162
19 9 72525098
113 123 72525080
112 93 72508448
103 123 72503800
8 13 72503179
75 85 72502148
75 78 72501645
104 105 72498850
104 129 72498850
104 61 72498850
104 81 72498850
104 18 72498850
93 113 72448317
106 70 72356464
106 105 72356464
106 20 72356464
106 18 72356464
104 81 72277462
104 18 72277462
131 37 72273107
19 9 72272747
82 131 72268632
19 9 72268007
43 101 72254303
43 122 72254303
112 123 72246956
112 81 72246956
106 113 72243689
43 5 72183392
106 50 72176245
106 91 72176245
106 52 72176245
106 56 72176245
106 137 72176245
106 43 72176245
106 101 72176245
106 120 72176245
106 57 72176245
106 121 72176245
106 32 72176245
106 107 72176245
106 99 72176245
106 104 72176245
44 82 72160871
93 5 72160528
113 112 72155290
113 93 72154906
93 112 72154137
93 113 72153955
112 123 72114072
25 121 72104836
112 81 72089818
131 80 72086501
30 26 72086079
25 42 72080640
15 13 72068466
112 81 72031122
112 123 72023325
93 113 72022190
25 43 72019612
25 57 72019612
25 121 72019612
25 75 72019077
25 57 72019077
104 105 72006541
49 97 71999616
52 81 71997664
131 78 71995120
44 3 71991285
27 31 71985646
111 40 71985495
100 26 71984655
103 129 71981737
131 119 71949420
37 131 71934585
111 78 71926892
112 93 71920110
85 112 71915910
111 95 71908595
2 58 71901572
78 55 71900134
123 113 71823841
87 92 71754761
93 123 71652472
26 27 71648883
26 30 71648883
131 37 71648671
68 45 71644113
93 113 71636986
13 17 71586765
68 137 71571339
71 44 71558913
100 24 71501068
33 17 71494729
93 113 71477777
134 62 71472746
134 31 71472746
70 71 71417393
70 2 71417393
70 5 71417393
82 55 71410699
131 37 71406806
30 26 71399081
82 58 71398714
13 8 71397254
8 15 71388752
49 97 71382744
93 70 71378489
93 123 71378489
123 106 71377377
35 38 71332006
33 12 71330248
44 2 71325687
44 0 71325687
38 35 71322201
13 17 71309006
97 96 71305332
37 131 71305281
25 75 71300242
25 57 71300242
25 122 71300242
44 58 71243693
93 112 71242316
52 115 71066281
82 55 71062659
3 58 71060212
25 85 71057445
2 44 71054933
85 81 71051459
25 75 71048347
25 42 71048347
6 17 71042435
35 62 71035882
112 73 70988410
13 17 70980196
11 13 70973776
62 35 70970587
112 85 70968884
112 93 70955235
13 9 70953975
93 112 70950606
93 112 70948287
112 123 70898700
77 64 70884756
100 28 70883467
5 105 70882647
78 55 70875860
44 58 70868126
49 1 70863985
93 5 70860569
112 123 70815388
26 27 70812034
84 109 70810430
112 123 70809592
112 104 70809592
73 81 70805505
25 42 70796097
25 75 70795110
25 42 70795110
25 136 70795110
26 111 70791353
78 55 70790291
82 55 70783726
141 26 70779192
141 17 70779192
37 131 70710099
70 5 70709575
78 2 70697714
73 88 70695335
82 2 70691421
8 13 70689480
8 9 70689480
139 68 70624491
139 100 70621670
13 6 70454092
87 66 70449128
6 8 70447530
6 11 70447530
22 20 70446998
22 33 70442993
13 11 70433732
5 70 70431785
13 8 70392543
13 8 70391934
19 9 70374461
119 37 70365515
19 9 70361914
13 103 70348488
93 123 70291572
141 129 70284850
141 113 70284850
141 88 70284850
141 18 70284850
123 112 70284339
123 113 70284339
78 55 70282609
141 103 70279138
141 43 70279138
141 81 70279138
141 113 70279138
141 18 70279138
25 43 70276100
113 112 70274879
13 8 70271064
37 85 70268278
131 37 70266522
82 0 70262686
78 55 70261759
113 93 70260981
13 8 70258751
13 11 70258751
86 117 70236974
25 43 70189442
25 121 70189442
25 136 70189442
25 122 70189442
112 113 70183920
26 27 70168815
112 113 70164360
112 113 70154820
112 113 70120073
77 64 70118522
25 136 70116991
81 43 70116642
81 120 70116642
139 128 70116458
13 8 70112848
139 68 70102726
112 113 70101240
25 51 70092606
25 42 70092606
25 57 70092606
139 59 70091651
112 81 70090802
25 51 70088395
25 75 70088395
25 57 70088395
112 113 70076940
13 8 69923781
92 66 69855054
131 101 69853482
111 78 69853220
13 11 69852681
22 12 69836749
22 13 69836243
6 8 69834618
13 8 69833253
112 5 69778213
78 55 69764456
112 22 69751380
44 58 69747888
9 112 69736740
112 9 69736500
9 112 69735660
112 9 69733380
112 113 69731640
112 43 69691796
112 81 69691796
112 113 69673740
104 123 69662953
107 73 69654297
112 81 69654240
112 123 69604532
19 9 69596106
19 12 69584009
117 130 69580827
139 93 69572790
139 60 69572790
139 93 69570998
43 42 69568640
43 121 69568640
43 42 69568365
112 113 69557700
13 11 69511350
6 17 69488118
15 11 69486628
15 17 69474169
112 93 69440248
112 73 69440248
112 81 69440248
112 81 69319375
112 73 69318040
112 73 69301320
19 17 69253012
93 81 69250803
44 2 69243079
44 2 69240025
11 8 69229779
112 81 69227325
139 59 69225226
37 131 69224758
68 137 69222144
66 87 69156975
73 107 69147844
43 42 69137471
43 25 69137471
112 113 69094260
25 43 69074460
25 121 69074460
70 37 69058307
70 3 69058307
112 141 69058080
82 58 69056162
40 111 69049922
111 26 69045568
112 113 68992440
69 128 68990070
37 120 68988085
43 42 68986840
112 113 68983440
131 37 68982477
85 142 68979780
13 17 68966045
85 112 68918400
4 71 68909667
117 74 68889256
117 90 68889256
22 17 68888400
129 141 68888299
19 9 68888237
112 113 68887500
112 85 68883240
112 113 68880180
43 36 68876257
112 85 68875980
112 73 68665440
112 81 68647482
13 6 68642798
13 8 68640753
6 8 68640590
43 25 68617119
82 2 68558418
82 44 68558418
82 58 68556368
81 27 68556337
71 4 68539725
112 113 68535720
30 36 68439208
112 113 68399760
112 113 68389080
112 113 68378640
139 134 68378040
95 111 68353372
112 81 68329200
112 113 68323380
112 113 68287740
113 112 68271540
112 113 68244600
72 92 68219583
112 73 68208600
113 73 68055420
113 73 68054940
113 81 68054940
112 113 68046540
113 73 68037453
113 81 68037453
55 37 68020769
100 59 68008555
112 113 68008080
113 112 68003100
112 113 67965720
66 87 67962416
19 8 67946673
78 85 67938353
26 30 67926475
100 24 67924614
113 112 67829580
82 2 67785062
26 27 67763132
8 11 67758281
112 113 67749120
112 113 67732920
112 113 67697460
111 78 67697228
111 78 67696869
111 78 67696579
26 81 67692711
88 81 67686780
82 0 67684630
13 8 67672512
3 82 67665675
3 2 67665675
92 90 67451062
11 8 67414642
112 113 67401240
112 113 67400340
78 55 67332121
4 131 67322913
100 59 67266366
36 54 67258387
36 34 67258387
82 2 67250316
78 25 67247259
66 109 67246488
66 84 67246488
66 114 67246488
66 87 67246488
100 59 67235080
82 2 67164185
139 62 67149544
139 134 67149544
112 113 67139160
37 85 67094956
81 71 67091460
41 57 67089450
81 29 67073510
81 113 67073510
111 52 67059917
111 132 67059917
26 20 67058057
81 113 67055460
112 113 66822180
11 13 66805788
19 9 66761940
139 100 66744339
66 87 66738209
112 113 66732300
112 22 66726960
112 85 66726960
21 1 66726595
90 74 66725412
100 90 66713741
92 130 66662992
55 131 66654301
131 37 66653001
15 17 66638361
13 11 66637810
43 112 66634951
18 17 66634258
37 115 66575736
25 43 66571329
97 41 66548864
5 71 66545130
100 68 66496837
13 11 66482170
130 90 66469317
112 113 66463860
77 64 66459596
11 8 66457401
92 74 66219420
139 137 66211978
139 137 66207644
139 60 66207644
139 100 66206184
139 60 66206184
97 96 66202099
143 144 66094860
84 27 66056190
105 22 66055442
105 141 66055442
111 73 66019908
84 26 65964626
19 9 65959260
49 97 65945048
72 90 65936411
111 61 65883957
55 131 65787347
145 3 65597640
61 81 65595720
143 144 65569980
19 8 65556540
19 9 65556540
72 135 65548613
91 95 65541739
91 111 65541739
116 73 65510533
0 3 65507760
71 145 65489580
71 145 65456460
26 30 65450352
2 82 65449080
2 82 65448900
30 26 65448446
71 145 65419620
2 82 65412900
145 3 65412780
4 144 65409660
145 2 65409120
15 13 65369400
98 29 65358790
40 111 65356010
81 29 65348078
3 2 65339700
3 58 65339700
136 122 65329613
3 58 65326320
131 144 65325360
2 3 65315220
53 81 65284804
91 95 65279005
88 26 65268646
2 3 65263560
26 36 65262471
55 34 65258977
29 81 65247540
0 3 65245200
0 82 65243940
55 2 65243340
0 82 65236080
0 58 65236080
143 144 65231220
131 37 65034960
91 79 65024184
92 87 65013284
1 38 65009386
143 80 65008503
36 53 65004087
72 92 64983420
112 113 64980420
3 58 64979940
3 145 64979940
3 82 64978620
3 145 64978620
37 85 64959540
37 85 64942380
91 83 64935855
112 113 64919820
112 104 64918500
112 113 64915320
112 113 64915260
15 19 64912260
116 73 64907915
37 85 64906380
145 2 64905120
116 26 64898221
112 113 64888140
82 58 64885020
58 0 64883700
58 3 64883700
37 85 64852980
119 37 64852080
85 37 64847160
131 37 64846140
120 37 64844220
37 85 64841820
37 85 64832760
58 2 64826280
37 131 64803360
107 73 64799280
26 28 64770341
112 113 64752480
2 58 64744920
112 113 64739100
113 112 64733280
82 2 64729620
116 52 64728947
116 111 64728947
116 30 64728947
116 81 64728947
0 2 64727640
0 58 64727640
26 76 64721886
112 113 64720620
0 55 64719960
0 82 64719960
112 113 64718460
2 0 64717500
29 27 64407329
29 73 64407329
11 13 64402612
13 11 64393856
145 2 64366440
13 11 64323701
57 41 64308634
2 55 64303860
78 85 64301760
2 82 64282860
18 22 64252980
18 17 64252980
66 74 64239804
66 87 64239804
66 92 64239804
37 78 64225440
41 7 64212063
85 37 64200600
37 120 64162080
74 117 64159025
116 62 64139216
116 1 64139216
116 51 64139216
116 54 64139216
116 76 64139216
116 132 64139216
116 7 64139216
116 137 64139216
116 21 64139216
116 83 64139216
116 136 64139216
116 122 64139216
91 111 64133579
91 95 64133255
91 111 64133255
0 82 64130760
0 2 64130760
1 53 64126246
37 120 64126080
97 75 64123526
81 73 64122360
112 113 64121220
112 113 64120500
125 36 64119054
71 145 64118400
18 33 64108440
18 22 64108440
18 13 64108440
18 8 64108440
37 78 64064160
112 113 64060500
143 78 64053780
145 2 64053240
71 58 64048800
112 113 64036440
37 85 64034400
0 2 64031220
0 3 64030140
0 58 64030140
0 2 64029600
0 3 64029600
0 145 64029600
0 3 64025340
0 58 64025340
0 145 64025340
4 90 64023180
86 135 63860943
131 55 63805932
112 113 63793620
138 38 63793481
112 9 63791854
112 113 63789900
131 55 63787920
58 82 63782940
3 0 63781320
3 58 63779820
55 2 63776700
37 120 63725580
37 85 63721080
57 122 63714383
113 105 63707160
113 106 63707160
37 120 63689580
113 73 63689214
113 81 63689214
3 2 63688440
58 0 63687480
58 3 63687480
2 3 63676080
13 8 63638827
116 81 63631935
2 0 63628020
2 58 63628020
71 145 63624000
3 2 63622620
53 97 63609259
2 55 63608700
68 32 63594240
4 71 63591240
0 58 63591240
76 134 63590700
76 60 63590580
71 145 63588000
119 37 63587160
18 33 63547500
18 22 63547500
18 20 63547500
17 8 63539735
95 91 63531194
58 2 63522540
37 78 63522300
37 85 63522300
37 120 63512340
112 17 63508500
112 9 63453660
136 62 63448080
131 119 63441240
78 37 63438000
116 29 63432300
145 71 63428220
78 85 63426480
131 143 63422940
78 85 63419760
113 112 63285360
145 2 63252060
112 106 63198300
121 50 63192807
112 113 63190380
78 37 63187020
131 4 63185820
131 143 63184440
0 58 63174900
62 42 63168240
55 111 63163380
58 95 63160800
58 111 63160800
49 38 63117660
1 53 63114600
1 138 63114600
58 82 63093720
131 144 63088560
11 17 63087946
49 38 63081660
112 113 63080160
0 3 63079800
95 91 63068220
131 143 63013500
131 55 63013500
112 113 63011160
58 95 63004440
131 37 63004440
37 85 62991840
1 21 62980620
116 73 62936380
111 78 62926800
55 2 62912520
145 71 62897820
81 71 62856780
81 4 62856780
81 32 62856780
121 42 62841588
13 11 62827334
68 32 62816220
143 144 62811360
57 41 62608020
111 40 62590740
111 83 62590740
11 6 62573010
11 8 62573010
57 41 62572740
57 41 62572020
57 41 62565720
25 78 62498940
25 78 62498640
141 107 62487540
25 51 62432040
25 136 62432040
113 73 62430720
116 52 62424128
116 98 62422995
1 126 62421960
55 131 62400420
61 113 62396220
85 37 62389140
58 2 62322540
120 25 62321520
90 4 62309040
120 56 62307240
120 85 62307240
145 2 62303100
4 90 62302860
143 120 62294940
111 40 62289840
18 33 62288280
136 109 62267340
81 35 62266560
22 11 62255500
81 85 62248602
111 83 62244240
116 18 62239085
104 113 62237820
73 81 62228460
3 2 62223180
71 145 62208840
74 130 62017560
113 81 61998120
138 1 61990800
136 121 61984346
104 113 61983900
112 113 61978680
92 130 61973820
104 113 61972080
131 143 61970160
4 90 61969620
1 126 61968060
112 113 61967820
11 8 61966432
112 113 61962780
122 78 61962420
112 113 61956240
143 144 61955100
9 18 61951860
112 113 61950060
4 71 61947780
25 24 61907760
25 147 61907580
25 122 61907580
22 11 61891607
112 104 61888920
139 6 61885425
113 112 61883520
145 2 61879260
117 84 61871700
120 37 61870260
2 145 61861080
40 83 61834740
4 71 61828500
139 22 61811610
4 144 61808100
3 2 61807080
104 112 61796520
92 130 61795080
2 3 61792080
2 145 61781820
112 113 61777260
25 109 61774200
0 3 61771680
1 138 61735500
40 79 61731780
57 41 61726800
122 147 61711440
112 139 61707540
2 131 61696800
57 41 61690800
2 0 61686660
38 1 61655040
38 146 61655040
38 39 61655040
116 85 61652033
38 138 61650660
121 136 61648820
78 2 61635000
88 107 61634460
58 82 61632060
0 58 61629540
0 145 61629540
58 0 61626660
112 113 61625580
112 113 61624620
145 2 61617600
145 3 61617300
38 47 61614660
38 138 61614660
145 82 61614240
131 55 61612740
112 22 61607820
112 17 61607820
112 113 61447860
143 78 61396560
11 6 61395194
141 20 61391220
20 23 61385793
2 145 61368480
88 81 61357620
112 113 61355340
145 2 61341840
141 33 61321860
141 81 61321860
131 55 61291413
1 21 61289820
112 113 61286820
2 145 61283400
0 3 61279920
0 58 61279920
0 145 61279920
112 113 61278120
0 2 61275000
112 104 61269180
8 6 61215812
8 17 61215484
8 139 61215484
78 55 61212360
78 131 61209060
23 11 61193334
23 17 61193334
131 143 61193220
2 3 61174800
145 2 61174260
87 24 61167300
3 55 61167000
3 2 61167000
116 35 61121159
58 82 61112760
57 121 61101060
122 57 61100580
122 25 61100580
143 144 61100580
122 139 61100580
143 144 61089720
0 2 61088100
37 120 61066680
55 143 61066500
40 83 61039440
55 143 61030500
37 85 61026960
143 131 61025880
145 2 61018560
71 145 61016880
145 58 61015800
145 3 61010040
145 58 61010040
112 139 61004760
18 17 61004700
2 3 61001820
2 58 61001820
145 58 60999180
85 37 60998400
113 112 60766020
145 2 60761700
145 0 60761700
139 33 60759180
139 22 60759180
139 11 60759180
139 9 60759180
117 90 60759000
11 6 60756496
0 3 60753540
2 0 60743640
112 113 60741240
87 109 60737100
37 85 60718560
92 130 60706320
58 82 60681600
57 41 60674340
20 23 60671356
37 85 60661800
57 147 60654240
57 25 60644340
112 113 60597720
145 3 60582660
145 3 60581640
112 113 60571560
2 145 60570960
6 8 60508832
4 90 60506880
112 113 60499620
112 139 60496800
57 41 60493020
57 56 60493020
3 0 60488460
79 40 60487920
37 131 60485220
144 48 60480480
139 6 60438983
81 53 60430620
71 145 60417840
57 41 60415440
112 113 60414480
37 85 60412560
37 85 60397920
81 53 60394620
71 145 60336060
116 77 60275649
112 113 60265860
131 78 60186720
92 66 60171780
0 58 60161640
6 11 60158435
11 6 60153336
111 40 60147000
111 83 60147000
112 113 60143640
139 112 60133740
78 143 60080040
112 113 60075060
0 58 60075060
145 0 60073380
4 90 60072420
3 145 60066000
112 113 60064440
112 113 60058740
143 144 60050100
0 2 60047400
2 145 59992020
18 20 59981280
55 143 59974920
55 131 59974920
0 2 59961300
22 17 59902320
111 78 59886000
131 143 59884140
88 141 59878860
58 0 59878500
57 25 59869980
55 85 59844360
112 113 59822940
112 148 59821140
112 113 59816460
55 131 59811840
131 37 59810220
55 85 59808360
71 4 59792340
116 77 59761653
116 73 59566491
6 19 59566354
112 113 59559300
9 13 59553840
9 18 59553840
11 8 59553837
11 17 59553837
40 83 59540400
117 109 59539560
112 113 59535480
37 126 59534520
0 58 59530500
22 6 59529180
0 2 59522280
95 91 59463060
37 85 59462400
113 112 59446800
2 58 59443440
58 82 59438340
85 37 59436420
143 131 59435220
55 143 59383980
55 131 59383860
22 17 59381880
139 8 59379573
143 78 59379540
57 147 59378220
58 3 59377560
116 85 59372475
131 143 59371320
0 55 59366100
0 2 59366100
57 56 59362200
91 95 59358420
2 3 59357340
2 3 59355660
3 145 59354520
18 38 59328300
55 143 59306220
57 41 59293380
58 82 59291760
139 6 59290366
139 11 59290366
112 113 59268840
58 82 59264340
22 9 59264340
0 3 59263680
143 55 59261160
25 56 59229360
2 0 59203260
37 131 59203200
37 85 59198640
22 139 59195520
145 2 59192460
112 113 58958040
112 9 58958040
6 11 58956326
6 17 58956326
112 113 58955580
6 19 58954471
92 24 58951260
92 87 58951260
0 55 58948920
0 3 58948920
11 6 58948337
92 117 58939920
112 113 58938060
112 17 58938060
112 139 58938060
112 113 58929120
149 66 58928220
149 148 58928220
149 92 58928220
92 87 58918140
144 143 58862760
58 95 58859460
1 138 58855680
82 58 58854480
144 131 58852860
131 143 58852440
131 144 58842120
2 3 58837800
112 113 58776840
95 91 58774560
139 11 58773309
112 149 58756800
112 113 58756800
112 113 58755900
22 17 58711500
111 83 58709460
57 41 58697580
131 144 58691220
142 122 58683000
145 2 58676160
145 0 58670760
145 0 58669020
145 3 58669020
145 58 58669020
145 2 58663080
57 51 58657980
57 42 58657980
57 147 58657980
57 122 58657980
81 53 58625220
112 113 58619040
112 113 58603980
112 113 58595100
92 117 58577820
131 144 58345500
112 113 58325220
149 112 58260000
71 58 58259820
112 149 58256220
112 9 58256220
112 139 58256220
131 143 58243680
145 2 58240680
145 0 58238280
2 145 58237980
0 2 58235880
25 147 58192140
25 57 58191960
25 136 58191960
25 120 58190460
58 2 58180380
81 29 58176829
143 78 58174080
112 113 58163400
112 149 58153140
112 148 58098960
143 78 58095900
143 144 58094700
112 113 58090020
112 113 58089180
0 55 58082760
3 55 58076160
3 2 58076160
2 0 58075980
113 112 58069140
112 113 58065000
78 143 58058880
8 11 58023769
71 145 58000260
11 6 57994801
11 8 57994801
3 0 57989340
58 2 57986400
25 57 57981540
25 139 57981540
25 122 57981540
112 113 57980400
149 113 57975180
149 24 57975180
149 112 57972180
22 19 57971940
22 9 57969240
1 21 57819240
88 81 57783180
22 9 57742320
37 120 57739200
3 2 57737220
3 145 57737220
0 55 57731640
0 145 57731640
38 21 57727200
38 47 57720900
58 82 57713400
2 0 57654960
131 55 57653880
131 143 57648840
117 109 57648180
112 113 57638580
131 143 57634980
55 78 57633900
112 113 57633180
78 143 57624600
111 83 57621360
139 8 57587556
139 11 57587556
112 17 57576780
37 120 57564900
58 145 57555480
112 113 57549660
2 145 57539340
2 145 57489120
117 66 57481800
117 24 57481800
112 113 57481140
82 2 57480660
117 66 57470520
112 113 57461880
37 120 57454680
95 40 57451680
112 113 57399780
117 109 57399120
117 24 57399120
112 113 57395220
58 145 57377700
113 112 57376500
37 120 57371520
131 144 57370260
0 2 57369360
25 142 57325980
119 37 57133140
126 37 57129900
20 23 57125291
58 2 57103800
58 145 57103800
113 112 57101580
149 148 57052680
2 145 57051840
58 145 57050220
117 87 57048660
2 0 57041340
2 0 57040680
58 0 57038880
120 37 57036600
88 73 57035040
145 2 57034860
57 139 57029700
92 87 57027960
0 2 57025740
57 41 57025440
143 131 57022920
2 0 57020400
117 87 56966640
2 145 56964480
131 143 56963820
2 145 56963820
2 145 56963700
112 17 56961120
131 55 56959380
112 149 56945280
117 24 56944200
38 21 56934720
112 113 56890020
112 139 56888640
111 95 56885160
111 83 56885160
116 85 56873376
112 113 56871840
112 113 56860740
58 2 56851140
58 0 56851140
2 145 56850180
145 3 56849100
143 78 56846940
112 113 56798580
9 17 56785027
131 55 56780520
145 3 56772060
37 120 56764800
116 111 56734500
22 19 56557368
22 9 56557368
112 113 56532420
143 131 56529840
57 136 56526240
37 120 56520900
112 24 56512260
37 120 56509620
92 117 56505120
85 37 56500740
57 56 56445720
2 0 56443020
0 2 56439600
37 85 56439060
37 120 56436900
117 92 56428500
92 117 56426520
112 113 56381100
116 81 56378366
57 41 56355660
37 120 56351760
58 0 56345700
57 64 56344920
57 64 56343900
0 3 56342400
0 2 56333100
0 3 56329260
0 58 56329260
112 113 56285640
112 24 56285640
116 85 56279737
58 82 56275320
149 107 56268840
61 29 56268240
2 0 56254680
112 24 56253420
145 2 56250720
2 3 56245140
116 73 56183434
22 139 56164080
22 112 55953540
112 113 55943580
112 24 55943460
112 113 55942920
112 113 55942740
2 0 55930920
2 55 55918080
37 120 55907460
99 139 55902780
91 83 55888920
11 8 55875240
11 17 55875240
112 113 55845840
120 85 55839360
37 120 55834320
58 2 55833240
111 29 55833180
149 112 55832280
11 17 55832040
58 55 55831500
79 38 55828140
149 113 55827360
22 112 55813920
58 145 55813860
112 24 55810080
112 113 55809540
112 113 55763760
37 131 55757940
131 143 55755540
22 6 55753860
131 143 55752840
0 3 55752780
0 55 55749180
131 143 55747800
112 24 55744560
112 24 55734540
58 0 55733100
58 3 55733100
112 113 55717860
58 145 55668540
58 71 55663860
58 0 55663860
58 3 55663860
57 41 55661520
57 56 55655040
57 139 55646100
2 3 55638420
145 0 55570500
112 113 55569360
57 41 55562160
2 58 55558860
148 102 55549800
148 84 55549800
111 83 55548120
22 139 55506660
72 102 55498920
112 24 55422480
22 139 55324980
9 12 55322940
2 3 55322820
81 29 55322529
120 78 55318260
112 113 55299420
111 95 55291740
61 111 55231920
112 113 55231500
41 56 55222380
2 0 55221660
149 42 55214040
149 24 55214040
2 0 55212000
22 139 55209000
117 84 55148880
117 114 55148880
1 138 55144020
2 145 55137600
131 55 55131060
2 0 55121940
2 58 55070160
2 145 55070160
22 6 55066440
22 139 55066440
2 0 55065180
145 2 55050900
121 56 55043880
58 144 54955260
58 145 54954720
112 24 54953700
113 149 54948000
99 91 54943380
111 83 54943380
140 130 54845580
112 113 54829020
11 8 54740280
11 17 54740280
112 113 54730200
112 149 54730080
79 111 54710160
79 139 54710160
22 139 54691140
22 17 54686940
22 139 54685320
91 139 54636240
61 81 54630780
149 148 54630600
149 113 54630600
22 120 54624000
22 17 54623100
131 144 54611040
37 120 54608940
0 55 54600600
0 2 54600600
112 113 54543420
112 113 54543360
11 15 54514740
107 88 54480840
58 82 54456660
107 88 54455460
117 102 54453000
117 90 54452640
57 41 54445800
57 41 54445020
2 58 54439380
25 139 54393840
22 139 54359820
92 109 54350520
112 24 54301140
22 139 54288120
112 24 54115080
148 25 54106680
58 55 54104160
58 2 54101160
112 113 54098460
112 113 54096900
112 113 54093240
112 24 54093240
81 88 54083640
2 58 54030300
112 113 54023400
2 3 54020880
112 24 54012060
136 91 54010080
136 75 54010080
22 20 54008640
57 51 54006840
112 113 54001320
58 82 54001020
22 6 53996340
2 58 53943000
11 6 53931000
112 24 53921100
112 113 53917920
111 95 53914860
58 2 53912340
143 131 53911320
2 58 53857080
139 112 53852460
2 3 53852340
2 58 53850060
107 73 53843820
88 61 53835480
112 113 53832660
112 24 53832660
111 146 53784600
38 40 53774880
25 57 53754060
88 81 53753820
22 6 53753100
22 139 53753100
81 88 53750100
112 24 53658180
74 66 53526000
139 11 53506020
22 33 53491620
22 139 53491620
112 113 53482680
58 2 53482500
79 111 53419620
117 102 53407620
2 55 53341020
149 73 53314860
149 112 53314860
149 107 53314860
149 9 53314860
57 25 53253720
57 139 53242800
58 82 53221620
22 17 53137320
22 139 53137320
113 112 53067000
72 102 52954140
2 3 52905720
117 102 52894920
55 131 52871160
112 113 52828200
112 24 52828200
144 143 52813320
22 9 52810320
1 126 52809600
131 143 52733280
111 29 52723440
131 55 52723380
38 111 52713420
143 78 52621620
143 78 52615860
55 131 52612560
55 143 52607940
55 131 52607940
112 113 52590120
58 0 52557780
143 78 52554840
57 139 52554600
57 122 52554600
9 112 52549920
112 113 52456860
22 139 52298760
139 11 52277400
2 0 52273260
0 58 52267620
0 145 52267620
117 84 52219080
2 0 52214580
58 3 52203660
58 3 52199220
112 24 52137660
117 109 52128900
117 24 52128900
41 57 52125720
41 57 52124520
112 113 52109880
112 24 52109880
0 55 52108020
57 41 52106040
40 53 52104420
40 146 52104420
40 38 52104420
58 145 52100340
2 0 52018380
88 81 52014480
11 6 52012800
11 17 52012800
120 37 52010100
22 19 51965460
111 83 51955440
37 120 51691380
40 91 51679920
112 24 51620940
2 0 51612240
22 6 51579420
2 145 51577440
22 19 51519240
21 1 51513360
21 1 51511620
68 137 51510180
22 139 51500580
25 147 51489780
113 112 51452220
112 148 51442680
112 113 51011220
117 114 51007380
117 87 51006420
2 0 51006300
58 0 50978040
58 0 50977620
113 112 50972220
58 82 50918040
112 24 50909520
2 3 50907540
2 3 50904660
112 149 50900820
112 149 50900640
112 113 50896560
120 37 50889600
2 3 50886540
1 138 50882220
131 143 50831520
37 120 50826360
57 56 50817600
112 139 50813760
88 49 50811660
88 107 50810100
2 0 50802720
22 33 50802420
22 17 50802420
149 113 50740080
149 112 50736540
22 17 50727240
22 139 50715900
85 143 50715180
113 73 50550720
58 29 50475180
142 47 50474520
73 111 50453880
22 139 50400240
47 138 50393520
131 143 50393040
148 74 50389860
148 109 50389860
112 113 50378640
148 72 50378520
148 74 50378520
148 78 50378520
148 109 50378520
148 140 50378520
112 149 50378280
58 2 50375760
58 145 50375760
37 12 50342700
104 33 50315700
92 130 50308920
92 114 50308920
112 113 50300940
112 113 50296860
104 61 50291820
104 81 50291820
104 20 50291820
149 112 50291700
112 113 50290140
2 145 50288100
148 66 50283600
148 114 50283600
148 87 50283600
120 37 50282040
81 94 50280900
2 55 50230080
29 111 50224440
58 2 50221500
112 113 50221080
117 102 50220900
112 149 50220540
112 113 50220540
104 33 50217600
104 73 50217600
104 61 50217600
104 20 50217600
104 18 50217600
104 33 50217540
104 107 50217540
104 18 50217540
104 81 50217480
81 88 50212320
112 113 50212200
8 9 50206020
112 113 50204220
113 112 50204160
149 113 50201700
149 112 50196480
0 2 50196240
2 0 50195100
92 117 50138280
8 17 50136900
37 120 50135820
2 58 50132340
58 2 50132160
149 109 50129100
149 9 50129100
149 112 50128380
112 149 50123700
112 149 50121120
22 20 50120880
149 84 50120580
149 87 50120580
149 109 50120160
68 45 50119680
68 137 50119680
68 76 50119020
68 45 50119020
149 148 50116620
149 113 50115540
0 145 50109240
148 112 50108400
17 6 49875660
17 139 49875660
49 75 49874220
139 6 49870860
18 9 49861140
9 22 49856880
9 18 49856880
11 6 49848780
18 9 49847880
88 81 49799760
139 91 49782480
21 1 49772580
131 144 49710180
9 17 49687440
1 21 49686600
139 8 49686000
37 120 49682760
2 0 49681380
149 112 49677900
9 33 49620180
82 3 49618020
139 8 49617660
58 0 49616640
8 11 49607040
2 3 49595280
58 2 49590540
148 112 49527480
41 57 49525140
8 11 49522860
149 71 49521960
82 58 49504440
17 22 49502400
22 8 49501800
139 79 49473420
139 79 49472940
24 112 49433760
112 113 49284480
112 113 49277040
104 33 49267740
104 106 49267740
104 81 49267740
8 22 49266720
17 139 49260240
9 17 49260180
139 79 49259340
68 45 49257660
6 8 49255380
6 11 49255380
18 33 49245600
68 76 49245600
112 149 49197840
58 144 49188060
8 17 49185720
58 0 49182960
112 113 49181160
113 112 49180680
112 149 49175880
58 144 49174140
0 2 49171500
0 58 49171500
139 17 49165020
120 37 49161120
17 22 49157640
20 18 49152120
139 25 49121220
37 120 49109280
58 3 49101120
58 2 49096380
112 149 49081140
112 24 49081140
149 112 49077600
58 145 49075380
139 79 49074360
17 22 49073460
17 139 49073460
25 136 49037520
23 20 49019880
81 73 49019700
58 2 49015980
1 21 49014240
149 109 49004700
112 113 49003740
112 149 49003380
112 113 49002240
9 20 49001940
9 139 49001940
9 12 49001940
61 73 48999420
61 81 48999420
149 24 48993420
22 17 48989040
22 6 48987120
22 139 48987120
2 58 48985200
139 136 48984060
38 1 48939240
22 17 48933240
58 82 48930480
0 2 48928920
58 144 48927000
2 0 48898140
74 140 48797700
2 58 48495360
149 112 48482820
149 112 48481440
139 22 48480420
145 4 48479640
11 17 48478620
112 113 48477120
113 112 48459060
99 139 48424440
113 112 48420660
149 113 48403920
22 6 48403740
22 20 48403740
22 17 48403740
22 139 48403740
22 139 48402180
149 113 48401280
149 24 48401280
22 139 48388140
68 45 48387780
117 114 48383400
126 1 48379560
126 21 48379560
68 76 48377820
132 41 48314220
112 149 48308040
22 17 48305700
18 9 48303120
29 73 48299640
11 8 48295380
11 17 48295380
68 76 48294000
22 9 48246720
22 139 48243900
58 82 48214920
140 102 48084720
56 122 48049140
148 64 48047340
148 24 48047340
122 142 48031560
139 17 47981640
2 0 47966340
58 29 47966280
58 81 47966280
136 139 47962800
0 2 47962380
0 3 47962380
0 3 47961360
0 145 47961360
148 112 47959500
148 112 47958180
148 112 47949000
2 145 47947680
91 95 47891460
2 0 47875860
29 73 47874000
112 149 47869800
112 24 47866920
20 9 47865840
112 113 47864040
94 29 47830440
58 82 47806440
58 144 47806440
58 2 47801040
57 122 47799120
81 29 47793000
143 34 47791440
58 3 47785200
112 148 47783640
58 2 47782560
68 45 47781720
58 82 47781300
58 82 47779560
143 34 47772780
37 120 47724960
81 61 47720520
58 144 47720520
58 81 47720460
34 143 47718900
92 87 47718120
41 132 47714460
58 81 47713140
58 29 47711760
57 64 47697720
58 83 47691660
38 111 47635740
149 112 47457180
9 112 47429340
112 139 47369460
61 105 47366880
143 131 47351640
112 113 47288400
37 1 47282640
148 92 47282040
112 149 47206740
149 112 47206500
139 11 47201400
149 112 47200380
58 0 47192940
58 145 47192940
11 8 47192460
58 82 47192160
112 149 47190720
148 149 47189580
149 112 47172660
92 102 47170260
92 102 47168940
139 9 47116800
149 112 47099340
120 37 47093340
149 112 47092440
149 148 47092440
111 83 47089140
149 112 47086320
25 136 47039220
112 149 46942740
58 82 46858740
58 144 46858740
2 0 46857360
2 3 46857360
58 82 46855560
145 2 46848780
22 139 46848060
85 143 46846800
2 3 46826880
22 23 46825440
2 0 46775160
2 3 46770660
2 58 46770660
2 145 46770660
120 37 46768500
58 144 46768440
47 110 46756380
139 9 46747800
139 95 46746120
1 38 46736820
58 2 46673520
112 149 46669800
112 113 46662480
0 3 46652280
58 82 46597800
58 29 46596900
82 58 46591920
148 87 46585200
143 131 46583880
2 0 46580160
2 3 46580160
2 58 46580160
2 145 46580160
11 6 46577340
131 143 46576980
143 131 46570800
143 144 46570800
8 17 46570680
139 136 46564800
41 57 46564440
22 139 46506480
71 145 46504380
11 13 46497540
41 57 46487520
41 57 46486140
0 55 46484820
0 2 46484820
0 145 46484820
37 120 46482600
113 112 46354860
0 2 46252680
0 58 46252680
58 82 46252380
58 0 46247460
149 24 46246320
120 37 46242780
37 120 46241100
0 55 46239960
113 112 46232100
58 144 46229340
23 20 46228440
9 139 46228320
11 17 46224420
61 18 46221720
2 3 46220880
149 112 46163400
58 82 46162560
58 81 46160160
2 0 46159620
2 0 46151880
2 0 46141680
143 144 46138740
112 149 46134120
149 24 46075740
8 17 46069380
120 37 46069020
38 47 46063920
38 138 46063920
38 48 46063920
2 3 46049820
112 113 45999120
112 149 45994440
58 144 45992040
58 2 45983880
145 2 45983700
22 139 45978120
112 17 45977100
58 81 45974940
2 58 45974880
57 139 45968760
119 37 45966360
119 120 45966360
37 120 45903180
58 144 45901140
1 21 45894180
1 138 45894180
58 144 45892500
0 2 45885900
81 88 45884280
58 2 45883980
57 41 45882660
2 0 45876780
149 24 45876180
111 29 45824160
112 113 45641220
58 3 45637080
58 0 45636120
58 145 45636120
58 2 45626340
112 149 45624540
37 120 45624420
149 113 45556380
22 139 45543960
22 12 45543960
58 82 45539820
2 111 45538080
58 0 45531600
58 3 45531600
58 145 45531600
58 144 45527040
58 82 45456600
58 144 45456600
81 58 45453780
149 24 45450600
148 24 45450480
2 58 45444900
58 81 45443760
81 58 45390660
25 56 45390600
25 57 45390600
0 2 45388320
58 2 45382980
82 3 45381420
82 58 45381420
58 0 45374520
38 146 45370020
38 48 45370020
107 88 45366720
112 113 45363660
149 113 45362160
22 13 45356700
139 9 45298800
58 82 45297240
58 0 45288660
2 58 45279420
112 113 45045840
0 2 45037980
0 58 45037980
112 149 44940300
112 113 44940300
0 58 44938800
38 146 44914920
91 139 44845980
0 2 44845440
0 3 44845440
57 41 44757300
1 138 44693880
0 58 44668140
58 144 44666760
112 113 44430240
23 20 44423940
1 138 44422380
112 148 44417520
112 113 44412300
112 113 44344920
112 139 44338800
112 149 44289900
2 145 44257860
139 136 44252760
41 57 44249880
2 58 44244180
25 51 44196420
25 142 44196420
25 122 44196420
146 79 44179980
58 0 44172480
58 145 44172480
2 4 44149260
112 113 44096940
146 38 44093520
28 137 44088960
111 40 44073540
37 120 44070660
41 57 44067960
111 29 43831620
58 2 43822860
22 9 43808040
22 139 43808040
112 149 43806840
38 132 43797540
38 48 43797540
2 0 43747800
131 143 43746120
41 57 43743600
2 4 43721220
131 143 43720080
58 3 43719720
2 0 43718220
58 145 43716720
58 2 43666560
58 2 43666260
131 144 43649340
57 122 43645680
111 83 43638300
58 145 43630320
58 3 43577580
58 145 43577580
58 2 43565460
2 0 43550880
112 139 43548960
1 21 43542480
111 83 43485780
58 144 43483440
17 6 43482300
41 57 43473180
1 21 43463760
2 0 43462440
2 58 43460580
58 82 43226340
82 0 43219620
58 3 43217580
58 144 43194780
126 38 43148760
2 58 43124700
41 57 43122720
91 139 43114800
126 1 43109520
58 144 43051380
2 58 43046400
139 33 43033260
2 145 43027500
41 57 43027320
139 136 42961560
139 8 42948960
58 144 42939120
58 144 42882720
112 149 42880860
111 73 42877500
41 57 42871020
6 19 42867060
57 56 42857820
112 113 42624240
58 82 42620640
2 58 42619500
2 3 42594960
58 82 42537000
139 6 42536820
149 63 42512520
2 3 42456060
112 149 42454500
11 6 42446460
112 113 42429360
58 2 42420240
112 113 42384180
82 58 42367740
58 144 42366480
58 143 42333840
139 37 42332280
143 58 42331680
25 136 42298680
37 139 42285000
63 149 42281400
149 71 42274200
57 56 42246420
25 51 42195180
149 90 42021720
149 113 42006360
131 144 42004500
112 149 42003600
112 113 42003360
112 113 41998740
58 82 41995500
112 148 41941740
148 149 41910120
41 57 41907240
41 57 41907180
71 145 41905980
0 2 41905200
112 113 41860560
2 58 41851980
112 149 41850540
1 21 41837760
112 113 41835120
112 149 41762580
58 82 41757840
9 8 41745660
146 41 41738460
41 57 41729220
139 11 41410440
58 82 41409480
139 19 41403420
41 146 41393340
112 113 41327280
125 41 41315460
112 149 41315460
125 122 41315460
22 17 41304360
145 2 41295600
41 57 41293800
149 84 41239020
149 24 41239020
58 144 41237400
139 136 41227620
149 113 41222340
112 149 41217480
9 22 41215260
9 13 41215260
9 19 41215260
9 12 41215260
139 6 41208660
2 4 41208420
145 2 41208180
149 113 41183040
4 2 41161320
139 11 41155200
139 17 41155200
112 149 41150760
1 138 41145780
149 112 41140500
112 149 41130240
131 38 41128260
37 132 41068920
139 95 41051760
111 38 40966920
58 82 40810860
1 21 40801500
1 38 40776780
22 139 40696020
1 21 40693500
145 2 40690020
55 34 40689240
41 57 40687320
2 0 40636500
145 2 40625160
38 111 40617600
58 2 40615080
68 137 40546620
58 2 40545480
2 3 40535400
131 48 40530300
2 0 40521540
58 82 40519920
149 112 40490400
58 2 40449360
41 57 40374180
88 75 40207380
15 6 40197000
15 11 40197000
145 2 40178220
58 144 40118940
58 144 40112400
58 145 40109160
149 24 40107180
11 6 40103520
58 144 40089180
120 143 40085700
112 113 40034520
58 82 40031820
38 25 40026060
38 146 40026060
58 2 40017180
149 113 40016640
58 82 39936780
38 146 39934500
57 41 39832320
41 57 39829740
57 41 39827280
22 139 39758280
22 17 39754020
112 113 39606180
61 81 39568620
41 57 39563880
139 6 39515100
58 71 39510480
112 113 39489540
22 9 39414180
11 6 39402720
58 144 39340860
58 2 39327360
13 8 39310320
13 17 39310320
58 71 39309840
58 144 39309840
41 57 39237900
58 2 39230700
37 94 38996340
37 94 38994480
58 2 38994420
145 58 38975460
145 58 38975280
2 58 38967420
58 145 38965740
22 139 38910360
22 6 38900940
139 6 38886840
38 48 38884200
58 144 38879100
139 22 38823240
9 13 38802960
9 8 38802960
9 11 38802960
142 122 38710380
29 58 38646540
60 28 38645700
8 6 38643120
8 17 38643120
57 56 38642520
58 82 38640060
57 56 38638140
57 64 38623800
58 2 38620260
9 19 38573460
9 20 38573460
9 17 38573460
9 139 38573460
131 144 38391300
58 2 38389800
58 82 38376120
145 2 38303520
11 6 38301360
11 8 38293380
8 6 38289180
57 41 38191980
57 41 38184720
145 2 38137620
58 144 38103960
1 21 38044500
58 2 38042940
49 34 38034840
2 145 38018580
22 9 37976160
58 82 37781220
2 58 37763940
1 21 37754460
1 38 37754460
139 17 37704780
58 71 37699020
139 11 37684740
41 57 37677480
58 71 37614120
58 144 37614120
145 58 37596420
9 12 37593360
58 71 37580700
11 6 37518960
57 24 37502040
111 61 37434540
22 139 37430220
149 24 37429560
22 139 37426080
145 58 37171020
58 2 37170000
142 25 37144860
22 139 37076160
131 144 37065540
58 81 37007460
58 81 37006920
81 58 36994920
112 17 36926520
58 71 36922560
58 71 36890820
145 58 36840780
145 144 36839880
145 3 36839280
145 58 36812700
145 58 36811500
145 3 36487440
57 56 36471660
139 6 36409560
139 20 36409560
58 145 36405300
58 145 36403740
58 145 36403560
131 143 36398820
111 95 36397080
58 145 36396000
58 2 36394200
99 139 36392520
2 58 36391260
145 58 36390840
58 82 36385800
41 57 36369780
1 34 36367740
58 2 35971920
58 145 35971920
41 57 35961660
22 6 35959380
111 29 35957460
58 144 35937900
58 71 35937420
58 144 35937420
145 58 35886660
131 144 35871540
145 58 35866080
58 3 35864280
145 3 35861520
37 139 35859840
41 57 35784120
2 58 35775960
58 144 35774700
145 2 35706240
1 21 35682720
1 34 35682720
58 144 35625540
58 2 35611380
1 138 35592300
22 20 35367360
1 21 35356080
58 82 35344860
2 3 35341980
11 6 35336760
145 82 35281140
1 21 35267280
58 82 35266200
20 58 35259120
58 71 35193360
58 82 35193360
58 71 35180460
58 82 35180460
131 144 35169960
2 58 35110680
142 147 35093100
145 2 35084880
2 58 35075640
58 2 35075100
58 144 35019780
58 144 35012940
9 113 35008260
9 18 35008260
22 6 35007420
22 17 35007420
2 145 34998120
145 82 34756200
131 144 34752960
131 144 34750980
112 139 34740840
145 2 34678500
58 144 34676220
145 2 34660800
58 2 34648920
58 2 34646520
58 71 34593000
58 145 34585080
145 58 34564920
58 145 34558200
142 122 34555620
145 2 34507440
145 2 34502760
143 37 34486680
25 136 34466100
2 3 34420680
142 122 34403220
2 145 34402200
58 144 34156200
81 58 34153500
58 82 34152840
145 2 34148820
58 3 34129140
58 71 34127340
58 82 34127340
41 57 34056300
41 57 34052760
58 82 33988080
2 145 33980460
58 82 33896460
81 29 33877020
58 145 33867780
88 81 33811320
2 145 33801840
88 141 33798480
58 71 33553920
2 3 33526740
2 58 33526740
2 3 33469140
2 58 33469140
2 145 33469140
58 144 33465660
145 2 33453600
37 120 33444180
145 2 33443640
58 3 33442080
58 2 33437580
58 145 33437580
22 139 33382260
2 3 33371700
2 3 33364140
131 144 33360720
58 2 33266220
58 145 33266220
145 3 33264720
145 2 33264300
22 139 32936760
22 12 32936760
58 71 32861880
131 143 32848380
58 2 32836260
58 145 32836260
145 58 32829360
9 139 32789760
145 3 32778480
58 144 32778360
145 2 32743260
2 145 32741280
58 82 32687460
145 2 32663100
145 3 32659140
145 58 32659140
22 6 32657700
22 17 32657700
58 82 32652960
58 144 32652960
111 107 32597760
145 2 32591580
145 3 32570640
145 3 32338020
2 3 32332440
2 145 32319060
145 2 32315820
2 3 32233260
2 145 32227680
145 58 32172600
139 22 32166120
145 2 32159040
62 57 32083620
62 25 32083620
40 32 32080740
139 19 32079660
20 88 32065440
1 21 32064780
58 144 31997880
58 2 31993800
81 29 31968000
145 3 31740060
131 34 31725600
34 131 31717680
58 2 31708020
145 58 31633560
2 58 31556280
1 21 31548300
82 58 31463760
58 145 31463280
1 138 31449480
2 58 31446720
2 58 31446420
58 71 31446000
22 9 31375920
58 71 31135380
2 3 31021920
58 145 30946980
58 71 30928680
58 82 30872340
62 85 30872040
82 58 30869760
58 145 30868080
2 145 30850380
145 2 30848880
145 2 30848160
22 139 30844440
2 58 30843900
58 82 30778320
58 145 30768180
58 145 30763500
149 112 30497220
149 113 30497220
131 34 30428640
58 145 30408660
2 3 30360360
58 145 30357180
145 58 30345480
145 3 30340140
145 58 30340140
2 145 30339540
145 2 30331020
58 145 30322320
145 58 30275520
145 58 30273300
58 82 30256560
22 17 30239940
58 82 30172500
58 2 30172500
144 58 30172500
1 21 30146040
1 138 30146040
22 6 29832060
61 98 29812800
61 81 29812800
58 3 29746920
58 145 29746920
82 3 29745840
60 77 29743200
145 82 29731800
145 144 29723040
82 3 29722560
145 82 29642820
131 144 29568180
2 145 29549100
145 58 29548020
111 29 29478180
145 3 29289600
2 58 29229780
3 82 29223960
1 38 29210520
145 144 29144100
41 57 29137680
111 95 29058540
2 145 29047020
131 144 29046540
37 132 29044140
145 58 29036940
3 2 29033640
3 145 29033640
145 3 28967820
139 9 28872240
112 139 28784640
139 136 28618080
146 79 28593840
3 145 28454880
1 38 28434900
1 21 28434300
2 145 28423980
61 141 28377540
41 57 28359660
145 3 28356840
145 82 28344300
58 82 28343760
58 145 28343760
2 3 28343040
41 57 28333320
58 144 28070820
82 2 28025340
82 3 28025340
1 138 28004340
111 83 27939300
2 82 27935640
82 2 27829560
58 144 27813960
58 144 27735780
58 145 27735780
41 57 27729300
22 139 27505020
22 139 27416820
1 138 27415800
58 82 27404700
37 139 27397200
58 82 27396480
58 145 27396480
58 2 27388260
58 145 27388260
58 144 27386820
41 57 27304620
2 145 27232380
139 8 27231600
58 84 27223260
1 38 27222540
1 126 27129720
2 145 27127860
2 82 27127260
2 3 27127260
2 145 27127260
58 71 26875200
1 138 26868660
1 38 26713440
88 107 26637840
88 73 26636280
88 61 26636280
2 58 26620860
22 139 26519040
41 57 26292240
145 58 26288400
58 144 26263200
2 82 26263080
2 82 26185020
22 139 26049300
58 71 26037960
58 81 26009940
1 21 25999200
58 144 25950480
58 71 25949820
139 22 25946040
145 58 25931520
139 17 25928160
58 27 25675320
58 84 25675320
58 144 25571760
58 3 25518600
9 17 25494840
2 3 25419660
22 6 25403640
22 139 25403640
1 138 25399020
81 61 25346580
145 58 25325040
22 17 25083840
22 139 25071600
9 18 24907860
9 139 24907860
9 12 24907860
58 144 24884280
139 6 24881100
37 22 24807540
81 61 24795660
2 145 24794880
22 139 24281520
58 82 24278160
58 145 24277020
139 17 24221880
62 35 24211560
2 82 24127440
2 82 24121560
58 82 23867340
22 139 23510160
2 82 23499180
2 58 23498820
22 139 23248080
139 22 23247660
58 2 23244420
58 144 23240220
88 73 23101440
88 61 23101440
58 71 23098620
58 144 23098620
2 3 23081160
2 3 22980420
1 21 22919640
58 77 22643940
2 3 22642860
22 6 22635720
22 17 22635720
139 112 22575000
37 132 22568640
141 98 22561800
58 2 22558080
58 3 22558080
58 145 22558080
58 144 22490580
58 82 22488720
2 3 22479660
2 82 22464840
58 71 22385760
58 144 22385760
58 71 22376520
2 58 22376160
22 139 22375620
58 143 22311000
58 144 21974280
2 3 21875880
58 82 21786600
58 2 21786600
58 71 21453600
58 82 21350040
58 3 21350040
1 138 21276900
1 21 21268440
22 139 21251940
22 139 21187560
58 144 21184440
22 17 21169500
58 71 21111720
2 82 21088020
88 81 20852520
71 73 20742660
22 139 20681640
139 17 20664420
139 17 20664000
1 21 20652060
1 38 20599560
2 82 20584680
139 6 20575620
22 139 20574120
88 73 20153700
88 119 20153700
1 138 20141340
139 8 19972200
58 82 19961280
58 2 19961280
22 17 19895940
1 138 19895520
1 38 19895520
1 138 19889400
1 21 19888020
1 138 19888020
1 138 19887900
1 138 19879020
1 21 19878960
1 138 19878960
1 138 19878900
1 21 19878780
1 138 19878780
1 21 19878660
1 138 19878660
139 22 19872000
1 38 19559760
58 144 19295400
58 71 19039020
2 82 18943800
58 71 18926580
58 71 18867960
2 82 18855660
37 132 18837900
58 71 18665280
2 82 18352500
2 3 18352500
2 145 18352500
58 144 18339840
58 144 18240120
2 82 18176520
149 71 17491440
149 113 17491440
2 82 17369220
2 82 16851840
58 82 16608120
2 82 16254300
2 3 16254300
2 145 16254300
2 82 16241760
58 88 15836160
2 82 15739680
145 2 15723120
2 3 15239520
2 145 15239520
58 2 14622660
2 111 14455140
2 3 14432520
2 82 14196720
58 82 14103240
2 82 14082480
58 81 13423260
82 58 13413900
3 2 13249680
2 3 13227240
2 82 13223700
58 82 12629460
2 145 12292680
2 82 12193200
2 82 12180900
3 2 12018240
58 3 11424660
58 145 11411340
58 2 11152560
58 3 11152560
58 145 11057520
58 143 10827540
58 2 10827540
2 145 10822740
2 3 10820820
58 82 10544340
58 81 10480860
2 82 10380540
2 145 10379760
2 82 10367820
58 2 10364400
58 2 10294980
2 82 10294680
2 58 10280520
3 2 9879360
2 145 9853200
2 145 9797460
58 2 9790560
58 2 9786120
58 2 9683100
3 2 9607500
58 82 9163380
58 3 9163380
58 145 8124240
2 3 7965720
2 82 7515840
2 82 7272360
2 3 6756600
2 82 6737100
81 73 6325860
2 82 6317760
58 145 5720100
2 82 5030820
2 58 5030820
81 73 5029500
58 145 4859220
2 3 4848120
2 82 4846800
37 139 4241580
37 139 2962380
58 82 1827660
2 82 1822260
58 82 1146780
58 3 881160
58 82 0
