4 2 90227549
4 2 89194124
14 10 88837878
19 14 88523527
19 14 87974405
19 10 87974405
10 14 87217028
19 14 87202241
58 2 86791613
36 25 86677659
90 67 86619818
90 86 86619818
77 62 86605341
58 2 86596414
62 77 86591803
26 71 86546943
77 62 86537452
71 26 86448387
71 58 86448387
36 53 86427956
36 54 86427956
36 25 86427685
36 53 86423497
36 54 86423497
36 53 86423491
36 54 86423491
36 53 86423393
36 54 86423393
67 90 86270708
71 26 86265309
71 58 86265309
26 77 86179338
36 25 86166119
26 62 86115188
84 63 86112501
36 25 86091907
25 36 86091454
57 75 86072942
36 26 86070464
84 25 86029715
25 75 86012490
25 57 86012490
25 36 86012490
26 36 86012257
90 67 86009240
90 86 86009240
67 90 85973154
67 90 85947717
25 36 85945301
14 10 85931149
25 84 85917154
25 84 85916670
25 84 85913754
25 39 85834703
77 62 85827465
62 77 85819571
36 25 85816139
26 36 85772033
67 90 85617100
25 36 85601473
25 36 85554632
67 86 85494047
67 86 85479647
77 62 85468400
25 36 85403049
10 14 85393740
62 77 85385854
25 75 85324057
25 57 85324057
25 85 85324057
10 14 85306193
77 62 85300353
36 26 85254077
26 36 85243167
26 36 85242542
10 14 84979478
2 4 84973076
25 36 84967254
36 25 84957958
25 36 84883187
25 36 84864338
26 36 84799961
25 36 84795144
26 60 84793890
4 2 84722167
58 2 84707951
25 36 84700411
4 2 84635818
2 4 84627360
54 53 84620891
4 2 84612093
19 14 84597519
19 14 84543684
62 77 84345327
19 14 84273966
62 77 84265048
10 14 84263510
4 2 84198897
26 71 84094301
26 71 84094266
62 85 84091573
26 71 84027720
85 25 83686450
85 36 83686450
2 58 83680443
90 67 83578044
90 86 83578044
90 67 83575560
90 86 83575560
90 67 83571549
90 86 83571549
26 71 83431026
26 71 83430365
19 14 83416476
90 67 83412342
90 86 83412342
26 71 83320328
62 25 83069170
25 62 83064111
25 77 83064111
25 85 83058255
25 75 83052645
25 57 83052645
25 85 83052645
4 71 83045485
120 85 82962966
26 71 82537746
4 71 82460197
88 71 82453761
124 120 82384511
85 120 82358984
124 120 82204650
107 55 82192621
14 10 82180671
71 26 82016328
26 71 81965296
120 124 81943584
120 85 81943524
85 120 81932654
120 85 81928610
120 85 81860679
120 124 81860679
124 120 81858762
124 120 81858534
62 77 81851481
120 85 81850304
120 124 81847501
120 85 81844936
120 85 81844517
62 77 81841146
120 124 81760392
14 10 81696992
25 85 81632818
85 25 81612892
10 14 81600881
120 85 81596402
120 85 81595562
120 124 81584921
14 10 81323037
4 2 81276914
10 14 81239708
39 53 81237063
123 107 81166320
14 10 81160377
19 10 81067910
120 124 81065533
10 14 80975432
85 55 80917748
113 123 80745838
120 85 80724817
120 124 80720127
124 120 80657700
10 19 80652060
10 14 80652060
62 25 80636614
62 25 80630008
2 71 80577666
2 26 80577666
25 75 80557033
25 57 80557033
25 85 80557033
120 85 80549689
19 10 80549106
36 53 80490504
4 71 80489476
57 75 80486138
123 113 80469104
120 85 80459340
120 124 80459340
10 14 80458801
10 14 80401793
14 10 80401636
10 14 80399824
103 129 79979173
10 19 79953356
124 120 79950802
120 124 79942336
124 85 79941679
113 123 79939873
10 14 79937137
85 124 79936782
123 71 79886872
25 75 79886377
25 57 79886377
25 85 79886377
124 120 79881963
124 85 79881963
129 103 79881696
57 75 79869572
25 75 79866990
25 57 79866990
25 85 79866990
10 19 79862304
113 123 79856606
113 123 79850291
113 123 79844385
25 75 79799090
25 75 79798118
25 57 79798118
4 71 79797568
4 71 79794994
71 4 79790043
25 75 79788050
25 57 79788050
25 85 79788050
4 71 79785234
25 85 79778404
85 120 79776806
85 120 79776673
4 71 79772231
10 14 79769561
14 10 79540155
113 129 79528966
113 26 79528966
113 123 79515825
124 120 79515149
129 123 79513339
120 85 79512412
85 25 79505084
25 36 79450146
120 85 79448594
25 75 79442105
25 85 79439591
88 25 79435573
88 36 79435573
124 120 79432536
120 85 79429308
120 85 79425491
120 124 79425491
124 120 79424876
124 85 79424876
120 85 79424342
120 124 79422482
123 113 79366222
120 124 79365537
4 71 79360708
120 85 79357315
132 115 79356486
120 85 79354355
25 75 79350960
25 57 79350960
25 85 79350960
124 120 79347087
120 85 79345051
113 123 79340611
2 58 79338986
58 2 79338845
26 71 79337800
85 25 79336233
120 85 79284596
85 120 79277299
25 62 79274691
62 25 79274491
25 62 79274371
120 85 79272179
62 25 79271271
120 85 79268675
85 120 79266255
120 85 79265631
75 57 79261261
103 129 79258473
2 55 79250630
132 79 79248365
25 36 79178565
25 36 79178461
25 36 79175418
120 85 79163714
123 113 78932428
2 58 78907274
113 123 78898707
2 55 78848495
58 71 78842555
57 25 78838297
2 58 78736385
2 58 78729789
2 58 78728793
129 107 78681314
120 85 78668675
120 124 78668675
26 71 78668186
120 85 78667347
85 120 78666145
120 85 78665601
120 124 78665601
2 58 78661822
2 58 78661729
2 58 78661661
71 69 78660352
71 26 78660352
120 85 78660163
120 124 78660163
2 58 78656216
2 58 78654328
2 58 78654245
26 69 78651418
26 71 78651418
26 71 78651372
71 69 78649804
71 26 78649804
26 71 78639744
2 58 78594052
53 36 78577137
25 85 78575012
120 124 78573263
25 75 78569132
25 57 78569132
25 85 78569132
85 25 78567838
120 124 78566970
113 123 78563750
2 55 78329763
120 85 78323755
2 55 78323443
25 75 78320201
58 71 78319082
129 107 78309401
85 120 78298841
2 55 78297821
2 55 78296247
120 85 78227051
120 124 78227051
85 120 78225619
2 55 78218568
55 85 78216046
2 58 78214412
85 55 78211417
120 124 78154463
120 85 78153196
85 120 78148324
120 85 78148234
85 120 78147800
36 53 78147679
85 25 78146133
25 85 78144801
120 85 78144472
120 85 78144375
85 25 78139071
2 58 78129470
2 58 78129350
129 107 78129219
113 123 78122156
2 55 78076653
77 36 78066527
69 134 78050944
57 25 78041940
113 123 78038064
4 71 78030259
90 86 77985901
113 123 77980607
2 55 77979841
55 58 77977755
120 85 77966832
129 107 77957117
120 124 77957017
90 86 77954576
120 85 77954555
85 120 77954347
120 25 77953694
120 85 77953694
120 124 77953694
113 123 77952285
85 120 77951423
85 120 77946969
25 75 77894997
25 57 77894997
25 85 77894997
25 75 77894723
25 57 77894723
25 136 77894723
25 85 77894723
25 75 77894078
25 57 77894078
25 136 77894078
25 85 77894078
25 36 77882212
88 53 77724501
88 107 77724501
58 2 77721828
2 55 77717677
25 75 77716751
25 57 77716751
25 136 77716751
25 85 77716751
85 120 77713007
120 85 77712769
120 85 77712645
120 124 77712166
120 85 77711633
113 123 77710791
85 120 77708635
85 120 77703818
129 107 77703246
129 107 77703059
88 107 77701650
129 107 77697366
36 25 77696199
120 25 77696146
120 85 77696146
120 124 77696146
129 107 77692022
120 85 77691705
120 85 77635625
120 124 77635625
90 86 77631064
129 107 77623792
129 107 77621807
25 36 77619265
129 107 77613766
129 107 77611022
85 120 77609738
62 85 77609253
14 10 77609207
129 107 77607059
129 107 77606292
107 129 77606158
129 107 77606001
129 107 77604248
2 55 77601885
62 77 77599103
123 113 77564163
123 107 77562028
86 90 77554560
86 90 77543760
129 107 77536989
124 120 77532053
85 120 77518574
2 58 77464532
57 25 77459106
120 85 77456114
58 2 77453487
124 120 77439353
124 120 77434873
85 120 77433748
120 124 77433731
120 124 77432776
88 123 77426883
90 86 77382200
25 75 77379563
25 57 77379563
25 136 77379563
25 85 77379563
25 75 77373032
25 57 77373032
25 136 77373032
25 85 77373032
88 123 77372645
4 71 77370813
113 123 77369972
75 25 77365585
36 25 77364582
77 129 77361242
129 77 77360647
57 25 77350887
120 124 77350347
57 124 77341453
85 120 77340659
14 10 77130840
14 10 77112855
90 86 77112767
2 55 77112281
90 86 77110271
120 85 77109860
2 55 77108742
120 85 77106533
113 123 77105298
26 4 77102280
75 25 77102124
55 36 77099200
113 123 77094397
90 86 77092064
85 120 77090173
120 85 77089074
120 124 77084046
120 85 77083310
58 55 77033690
90 86 77030176
124 120 77026297
75 57 77024855
113 123 77017709
90 86 76940513
132 115 76939289
124 55 76936090
124 85 76936090
124 120 76936023
113 123 76934803
25 53 76934653
25 75 76920803
25 57 76920803
25 136 76920803
25 85 76920803
25 85 76919399
25 75 76918749
25 57 76918749
25 136 76918749
25 85 76918749
113 123 76917441
85 25 76916275
124 55 76914134
25 85 76913908
57 25 76911449
25 57 76907399
113 123 76905858
90 86 76862019
113 123 76855022
25 75 76844231
25 57 76844231
25 136 76844231
25 85 76844231
120 124 76842264
113 123 76840239
90 86 76837164
85 120 76836528
124 120 76831374
120 124 76828787
120 124 76827747
120 124 76827687
88 36 76766203
120 124 76763541
26 71 76762132
25 75 76754700
25 57 76754700
25 136 76754700
25 85 76754700
120 85 76754068
120 124 76749224
2 55 76747569
25 85 76744892
75 57 76744277
75 25 76744277
120 85 76507882
120 124 76507413
120 85 76505283
136 54 76504108
136 75 76504108
136 79 76504108
136 57 76504108
136 25 76504108
136 85 76504108
136 36 76504108
120 85 76503198
120 85 76502356
120 124 76502356
87 90 76496280
90 86 76495809
85 120 76494602
85 25 76494602
25 75 76488855
25 57 76488855
25 136 76488855
25 85 76488855
25 85 76488287
85 25 76485939
25 75 76482328
25 57 76482328
25 136 76482328
25 85 76482328
25 75 76480925
25 57 76480925
25 136 76480925
25 85 76480925
88 36 76411863
58 55 76403381
55 58 76401792
85 120 76400449
58 55 76395510
62 85 76394862
85 62 76393914
25 57 76354018
120 55 76335027
120 85 76335027
120 55 76331234
123 113 76330003
123 113 76325291
58 55 76323881
58 2 76323881
123 113 76322698
88 55 76320476
88 75 76320476
88 115 76320476
25 75 76310392
25 57 76310392
25 136 76310392
25 85 76310392
120 85 76308604
123 113 76304315
25 75 76301692
25 57 76301692
25 136 76301692
25 85 76301692
62 85 76254071
71 4 76233824
113 123 76218103
53 36 76216772
113 123 76161173
120 124 76158201
58 55 76156583
120 124 76154849
26 107 76144723
69 134 76142342
85 120 76134238
113 123 76132168
55 58 75971160
88 123 75908971
123 88 75904761
120 85 75904141
123 113 75903725
123 113 75903587
120 85 75902952
88 53 75901017
88 54 75901017
88 55 75901017
88 115 75901017
88 132 75901017
88 134 75901017
88 137 75901017
88 79 75901017
88 60 75901017
88 36 75901017
88 133 75901017
88 123 75897386
88 129 75897386
88 107 75897386
113 123 75892157
113 26 75892157
107 88 75885021
25 85 75811155
103 107 75787234
62 25 75744686
87 84 75744095
86 90 75742129
86 90 75739333
86 90 75731329
86 90 75728533
85 120 75726832
103 107 75721873
90 86 75718522
25 136 75717877
58 2 75712965
113 123 75708626
57 62 75701803
88 103 75652610
88 107 75652610
124 120 75647840
25 75 75646279
25 57 75646279
25 136 75646279
25 85 75646279
124 55 75645922
25 62 75643550
25 62 75643391
25 62 75634395
25 75 75634270
25 57 75634270
25 136 75634270
25 85 75634270
25 75 75633962
85 124 75629583
62 25 75626757
25 62 75626002
107 103 75625143
107 88 75625143
71 4 75622821
25 75 75614469
25 57 75614469
25 136 75614469
25 85 75614469
25 57 75611155
62 25 75574953
85 124 75554977
124 85 75554590
90 86 75539661
25 57 75536612
55 2 75531845
90 86 75531252
85 124 75529439
90 86 75528890
85 120 75526779
85 124 75526779
123 113 75526346
85 120 75289671
57 25 75288755
85 25 75287261
25 75 75285948
25 57 75285948
25 136 75285948
25 85 75285948
25 136 75281817
57 62 75279897
26 60 75275158
58 2 75274597
84 26 75219790
26 84 75209389
85 120 75206705
71 110 75204275
25 75 75187159
25 57 75187159
25 136 75187159
25 85 75187159
25 84 75186755
25 75 75186677
25 57 75186677
25 136 75186677
25 85 75186677
113 123 75183862
113 123 75120309
71 4 75105788
90 86 75105737
90 87 75105737
85 120 75095414
88 103 75049215
120 85 75041423
85 120 75039737
85 25 75038833
25 75 75037398
25 57 75037398
25 136 75037398
25 85 75037398
113 123 75026828
124 120 75026395
85 120 75011921
123 113 75007983
25 85 74974333
136 25 74954038
123 107 74947148
129 107 74946150
113 123 74931795
113 123 74927428
85 120 74923592
26 36 74922278
26 60 74681027
85 120 74661408
85 124 74610870
2 58 74609259
113 123 74607880
90 86 74607144
85 120 74595567
85 25 74595356
85 120 74595260
120 85 74589448
120 124 74589448
124 120 74519723
124 85 74519723
120 85 74518741
25 75 74508871
25 57 74508871
25 136 74508871
25 85 74508871
85 120 74501916
85 25 74496680
25 84 74496237
62 25 74494700
136 25 74494376
90 86 74490922
85 120 74490917
124 120 74437158
62 25 74429245
75 57 74427915
75 25 74427915
120 124 74425715
84 25 74421878
25 75 74418105
25 57 74418105
25 136 74418105
25 85 74418105
90 86 74414358
25 75 74413491
25 57 74413491
25 136 74413491
25 85 74413491
113 26 74406064
113 26 74405973
123 113 74404982
85 120 74404587
123 113 74401953
25 75 74346874
25 57 74346874
25 136 74346874
25 85 74346874
58 26 74341398
58 2 74341398
62 77 74334251
113 123 74318505
120 85 74081237
120 124 74081237
58 26 74074676
58 2 74074676
85 120 74058600
120 85 74005286
120 124 74005286
120 85 74003045
90 86 74001862
120 85 73997611
120 85 73997547
120 85 73997017
26 60 73996212
71 4 73987517
25 75 73976103
25 57 73976103
25 136 73976103
25 85 73976103
25 75 73881932
25 57 73881932
25 136 73881932
25 85 73881932
123 129 73818249
123 107 73818249
25 75 73735079
25 57 73735079
25 136 73735079
88 107 73731014
113 123 73711944
25 75 73460758
25 57 73460758
25 136 73460758
113 123 73397990
103 129 73397785
25 75 73382960
25 57 73382960
25 136 73382960
26 60 73378389
25 75 73368155
25 57 73368155
25 136 73368155
88 107 73326061
26 113 73318429
120 85 73313974
120 85 73313577
120 85 73304719
120 124 73304719
62 57 73291709
113 123 73288177
25 75 73223433
25 57 73223433
25 136 73223433
85 55 73210929
113 123 73210673
85 25 73210042
25 75 73208037
25 57 73208037
25 136 73208037
123 113 72846585
62 60 72779371
57 75 72779360
62 77 72708929
62 77 72707459
120 85 72701433
25 75 72700689
25 57 72700689
25 136 72700689
62 77 72692021
77 62 72685738
123 103 72625146
62 53 72607017
25 75 72605670
25 57 72605670
25 136 72605670
120 85 72600851
62 53 72599293
62 53 72599261
62 53 72598594
62 53 72598372
62 53 72597364
120 85 72597359
62 57 72596865
62 53 72595593
62 57 72594102
85 120 72538103
113 123 72525080
113 123 72509959
113 123 72509302
123 113 72509039
103 123 72503800
75 85 72502148
113 123 72459315
123 113 72271029
113 123 72264825
123 103 72260260
113 123 72247020
123 113 72243015
103 123 72191744
123 26 72190538
129 107 72172367
113 123 72154906
25 75 72104836
25 75 72080640
25 57 72080640
25 136 72080640
25 75 72019612
25 57 72019612
25 136 72019612
25 75 72019077
25 57 72019077
25 136 72019077
60 26 72014475
25 75 71994567
25 136 71994567
103 129 71981737
103 88 71909350
2 58 71901572
123 113 71823841
60 26 71577736
85 14 71475775
134 62 71472746
88 107 71388698
77 25 71305692
71 4 71305323
25 75 71300242
25 57 71300242
25 136 71300242
123 113 71296864
25 85 71057445
25 75 71048347
25 57 71048347
25 136 71048347
85 25 71036808
103 58 70804170
25 75 70796097
25 57 70796097
25 136 70796097
25 75 70795110
25 57 70795110
25 136 70795110
141 85 70779192
141 26 70779192
103 26 70775883
123 113 70768301
62 77 70439835
57 75 70289596
113 123 70286161
123 113 70286019
141 103 70284850
141 123 70284850
141 129 70284850
141 113 70284850
141 107 70284850
141 88 70284850
123 113 70284339
90 86 70280400
141 103 70279138
141 123 70279138
141 129 70279138
141 113 70279138
141 107 70279138
141 88 70279138
25 75 70276100
25 57 70276100
25 136 70276100
103 129 70263345
113 123 70260981
86 87 70236974
86 90 70236974
103 129 70200290
25 75 70189442
25 57 70189442
25 136 70189442
25 75 70116991
25 57 70116991
25 136 70116991
129 141 70098133
25 75 70092606
25 57 70092606
25 136 70092606
25 75 70088395
25 57 70088395
25 136 70088395
25 85 70026953
25 85 70024732
123 113 69738367
123 113 69651170
123 113 69603608
107 55 69489575
123 113 69478898
25 75 69074460
25 57 69074460
25 136 69074460
26 113 69071490
85 25 68979780
129 141 68962716
85 25 68943780
4 71 68909667
25 75 68905690
129 141 68888299
25 57 68887862
25 136 68887862
25 85 68887862
129 141 68545689
71 4 68539725
71 4 68539193
90 84 67697915
90 87 67697915
4 71 67322913
36 53 67259844
36 53 67258387
36 54 67258387
36 55 67258387
36 133 67258387
85 55 67091837
26 134 65973640
84 26 65964626
26 84 65954339
144 55 65602380
116 77 65510445
2 55 65507520
2 55 65505960
58 71 65486940
58 2 65486940
116 26 65448908
26 103 65428178
116 62 65423897
4 144 65409660
4 90 65397780
4 71 65308860
88 26 65268646
26 62 65262471
26 36 65262471
136 62 65262182
53 36 65254512
116 107 65246882
55 2 65243340
58 2 65234880
71 4 65201160
71 4 65165160
103 141 65019888
129 141 65019077
26 62 65014453
36 53 65004087
4 71 64976820
2 58 64968900
116 85 64898221
116 26 64898221
58 2 64826280
116 107 64821077
116 107 64816071
2 58 64744920
116 132 64728947
116 25 64728947
116 26 64728947
116 36 64728947
58 2 64726320
136 25 64724718
26 60 64721886
2 58 64717500
136 25 64385697
136 25 64384262
116 36 64318911
136 25 64316547
2 55 64303860
4 90 64277100
107 129 64220032
90 4 64213980
116 62 64139216
116 53 64139216
116 54 64139216
116 47 64139216
116 132 64139216
116 134 64139216
116 77 64139216
116 137 64139216
116 21 64139216
116 79 64139216
116 57 64139216
116 60 64139216
116 25 64139216
116 84 64139216
116 136 64139216
116 87 64139216
116 90 64139216
116 36 64139216
116 133 64139216
116 39 64139216
4 71 64132500
90 4 64126500
90 4 64125120
4 90 64123920
71 58 64084800
116 77 64062468
116 85 64052557
71 58 64048800
4 90 64023180
4 90 63776820
55 2 63776700
113 141 63707160
113 107 63707160
113 141 63689214
113 107 63689214
58 2 63687480
62 85 63643500
62 85 63635880
2 58 63628020
2 55 63608700
2 58 63592020
4 71 63591240
71 110 63563760
71 110 63559920
62 60 63538800
71 110 63527760
71 110 63523920
2 55 63523860
2 55 63522600
58 2 63522540
4 71 63509520
90 4 63508800
4 144 63501000
4 144 63500760
57 25 63468540
62 60 63463680
62 136 63448560
136 62 63448080
57 25 63432540
4 71 63428580
2 58 63422940
4 71 63174360
58 2 63174180
58 2 63167580
62 60 63027540
57 25 62945340
4 71 62913360
55 2 62912520
57 25 62909340
4 71 62907180
58 2 62905500
4 71 62898000
116 77 62824776
116 84 62824776
116 85 62824776
116 36 62824776
136 25 62595300
120 25 62503980
120 85 62503980
25 85 62498640
141 120 62487540
141 107 62487540
25 136 62432040
116 132 62424560
116 25 62424560
116 36 62424560
116 77 62424128
116 84 62424128
116 85 62424128
116 88 62424128
116 36 62424128
116 77 62422995
116 84 62422995
116 85 62422995
116 36 62422995
136 25 62409600
136 25 62352060
25 136 62340120
116 77 62324162
58 2 62322540
120 25 62321520
120 85 62321520
47 110 62313180
90 4 62309040
120 25 62307240
120 85 62307240
4 90 62306400
4 90 62304300
4 90 62302980
4 90 62302860
90 4 62302620
4 90 62301960
2 58 62300100
4 90 62240940
58 71 61974660
58 144 61974660
4 90 61972380
4 90 61969620
4 71 61947780
4 90 61947000
90 4 61942260
4 90 61939500
25 57 61907580
4 90 61894560
116 113 61887591
4 90 61887120
4 90 61886820
90 4 61882500
120 85 61870260
4 71 61828500
116 85 61824118
4 71 61808100
4 144 61808100
144 55 61778580
116 85 61660580
116 85 61652033
107 88 61648113
88 107 61634460
4 90 61632840
58 2 61626660
58 55 61617180
116 129 61617088
116 36 61617088
58 2 61614060
4 90 61613940
58 55 61603860
116 85 61574096
2 55 61369560
2 55 61354680
87 84 61334580
141 107 61321860
25 136 61218540
2 58 61106760
116 62 61105436
58 2 61100040
144 2 61002720
2 58 61001820
116 113 60943401
2 85 60758340
87 84 60737100
57 25 60644400
57 25 60644340
144 2 60573720
2 58 60570960
4 90 60506880
4 90 60505740
4 90 60477000
4 90 60428100
58 2 60414000
116 77 60275649
2 55 60077940
144 2 60074880
4 90 60072420
47 110 60071340
47 110 60071160
4 90 60071160
57 75 59953080
57 25 59952780
88 141 59914860
144 2 59903940
144 2 59903820
47 110 59896020
47 110 59895360
116 77 59893622
88 141 59878860
57 25 59870040
57 25 59869980
55 85 59844360
55 85 59808360
116 77 59808317
71 4 59792340
116 77 59761653
2 58 59443440
25 85 59397900
85 25 59377080
116 141 59372475
116 85 59372475
58 2 59357400
58 2 59290140
58 2 59278980
58 2 59274180
57 75 59179380
113 149 58947000
149 84 58928220
149 113 58928220
149 87 58928220
149 90 58928220
85 120 58863600
2 55 58780860
2 58 58771860
58 2 58762980
71 58 58761060
57 25 58697580
57 136 58697580
58 2 58690680
47 110 58682940
57 25 58657980
57 136 58657980
71 58 58434360
58 2 58328580
58 71 58264980
149 113 58260000
71 58 58259820
25 57 58191960
25 136 58191960
25 120 58190460
58 2 58180380
2 58 58179900
58 2 58177200
2 58 58176480
144 58 58167120
58 144 58165440
25 136 58063500
58 2 57986400
25 57 57981540
25 136 57981540
149 25 57975180
149 113 57975180
149 107 57975180
149 25 57972180
149 113 57972180
149 107 57972180
55 85 57633900
25 57 57588180
4 90 57560280
58 2 57555480
58 71 57381180
58 2 57377700
58 2 57377640
79 25 57377280
2 58 57367020
116 85 57320533
25 57 57225900
25 136 57225900
55 2 57131400
25 79 57124380
58 2 57103800
58 2 57102720
149 25 57052680
149 113 57052680
149 107 57052680
58 2 57049020
58 144 57045960
55 2 57022800
2 55 57020580
55 2 57017040
58 2 56874900
116 85 56873376
2 58 56852160
58 2 56851140
25 136 56815680
71 4 56788680
47 110 56775420
57 25 56526240
57 136 56526240
2 58 56505000
85 120 56500740
116 62 56477518
58 2 56436660
149 113 56416680
116 85 56299910
116 85 56279737
149 25 56268840
149 113 56268840
149 107 56268840
2 58 56243880
116 85 56216367
55 2 56155500
55 2 55922640
2 55 55918080
2 55 55917720
2 55 55917660
85 120 55908000
120 85 55900320
2 58 55898220
25 136 55896780
79 88 55867740
2 58 55840560
55 2 55839600
120 85 55839360
58 2 55833240
149 25 55832280
149 113 55832280
149 107 55832280
58 55 55831500
149 25 55829520
149 113 55829520
149 107 55829520
79 88 55828140
149 25 55827360
149 113 55827360
149 107 55827360
2 58 55819500
58 2 55814040
149 25 55813980
149 113 55813980
149 107 55813980
58 2 55813860
47 110 55749540
47 110 55748640
47 110 55747860
25 136 55693500
58 2 55668540
58 4 55666920
4 58 55665360
2 58 55665360
58 2 55665120
58 71 55663860
58 2 55663860
47 110 55652280
47 110 55652160
2 58 55641360
58 2 55570260
2 58 55558860
58 144 55555800
2 58 55322820
120 25 55318260
120 85 55318260
2 58 55227240
58 2 55223160
149 25 55214040
149 113 55214040
149 107 55214040
2 55 55145400
2 58 55144920
116 85 55141393
116 132 55141307
58 144 55140000
2 58 55070160
25 57 55066800
58 2 55060680
116 77 54992292
2 58 54960360
58 144 54955260
113 149 54948000
149 25 54757380
149 113 54757380
149 107 54757380
79 88 54710160
2 55 54690660
149 25 54630600
149 113 54630600
149 107 54630600
58 2 54628380
149 25 54603360
149 113 54603360
149 107 54603360
116 85 54552714
58 2 54544980
58 2 54516900
107 88 54498660
116 129 54482005
107 88 54480840
107 88 54455460
2 58 54439380
107 88 54437640
149 25 54429300
149 113 54429300
149 107 54429300
25 136 54393840
2 55 54378240
58 144 54348180
58 55 54104160
58 2 54101160
2 58 54030300
136 75 54010080
136 57 54010080
136 25 54010080
136 99 54010080
2 58 53943000
58 55 53942820
58 2 53942820
58 2 53938200
58 2 53935500
2 58 53919540
58 2 53912340
25 136 53873160
25 136 53872560
25 57 53871480
2 58 53857080
58 2 53854380
2 58 53850060
25 120 53754240
25 57 53754060
2 58 53744880
58 2 53744040
2 58 53503020
57 25 53500380
58 2 53482500
2 55 53341020
149 113 53314860
149 107 53314860
57 25 53253720
47 110 53234580
25 85 53152260
4 71 53045160
2 55 52883460
149 90 52709460
25 57 52639140
47 110 52546320
47 110 52545780
4 71 52543380
2 58 52538940
58 2 52203660
58 2 52199220
2 58 52044120
58 2 52041120
25 136 51964560
25 136 51624900
2 58 51612240
2 58 51577440
2 58 51493260
58 2 50978040
58 2 50897640
2 58 50832780
88 141 50810100
88 107 50810100
149 113 50740080
113 141 50550720
47 21 50393520
58 2 50375760
25 57 50330220
58 2 50304180
2 55 50288100
2 58 50288100
58 144 50284560
2 55 50230080
2 58 50229960
58 2 50221500
2 58 50218140
113 149 50214240
134 62 50212440
149 113 50201700
149 84 50196480
149 87 50196480
58 144 50145360
58 2 50140680
2 58 50132340
58 2 50132160
149 84 50129100
149 87 50129100
149 84 50120580
149 87 50120580
149 84 50120160
149 87 50120160
149 113 50115540
58 2 50113020
2 58 50107740
58 2 49867260
58 71 49712760
2 58 49681380
58 144 49680060
58 2 49618560
58 2 49616640
149 71 49600500
149 71 49597080
58 144 49590660
58 2 49590540
149 71 49521960
2 58 49508100
2 58 49507380
58 144 49272360
47 110 49263840
47 110 49263600
58 144 49188060
2 58 49183860
2 58 49179240
58 144 49174140
25 136 49122060
25 136 49121640
58 144 49100820
58 2 49096380
58 2 49075380
25 136 49038420
25 136 49037940
25 136 49037520
58 2 49015980
2 58 49015440
2 58 49014420
149 84 49004700
2 58 49003260
58 2 48998160
85 120 48997560
58 2 48997440
149 84 48993420
149 87 48993420
58 2 48991500
85 120 48988260
58 2 48987720
2 58 48985200
58 144 48927000
58 2 48925080
58 2 48924600
58 2 48924360
149 113 48912840
2 58 48898140
2 58 48495360
149 113 48403920
149 113 48401280
88 85 48325080
58 144 48214920
58 144 47976480
99 75 47970300
2 58 47947680
58 2 47889780
58 144 47879700
58 2 47879460
58 2 47872080
58 2 47862120
58 144 47806440
58 2 47801040
58 2 47782560
58 144 47720520
58 2 47714520
57 75 47710800
58 144 47707980
57 25 47707920
58 2 47696400
149 63 47457180
149 84 47457180
149 113 47457180
58 144 47453220
58 144 47432220
149 113 47375520
58 144 47293140
47 110 47284260
58 144 47197620
58 2 47192940
58 144 47192160
149 113 47172660
25 57 47135340
25 136 47135340
58 144 47115480
25 136 47044440
25 136 47039220
58 144 46858740
2 58 46857360
58 2 46856820
2 58 46844220
149 113 46773300
2 58 46770660
58 144 46768440
47 110 46756380
58 144 46682700
58 2 46673520
71 113 46664820
2 58 46653840
58 144 46597800
58 2 46580220
2 58 46580160
58 144 46510620
144 58 46499880
2 58 46485600
58 144 46252380
58 2 46247460
149 113 46246320
47 110 46244100
149 113 46235160
113 149 46232100
58 144 46229340
149 113 46227660
58 144 46222440
2 58 46164060
58 144 46162560
149 113 46156020
58 144 46151160
2 58 46141680
58 144 46134240
58 144 46081680
58 144 46074180
2 58 46058880
144 58 46052580
2 58 46049820
2 58 46047840
58 144 45992040
58 144 45984240
58 2 45983880
2 58 45974880
58 144 45901140
58 144 45892500
58 2 45883980
149 113 45637560
58 2 45636120
58 2 45633960
2 58 45627420
58 2 45626340
2 58 45625680
149 63 45556380
149 113 45556380
58 144 45539820
58 2 45539640
58 2 45533160
58 2 45531600
58 144 45527040
88 141 45491700
25 136 45458760
58 144 45456600
2 58 45444900
25 57 45390600
25 136 45390600
58 2 45382980
58 2 45374520
58 144 45372420
107 88 45366720
149 113 45362160
2 4 45297900
2 144 45297900
58 144 45297240
58 144 45296880
58 2 45288660
2 58 45279420
58 2 45278940
58 144 45042300
55 58 45019380
55 58 45015420
47 110 44942040
58 2 44932560
58 2 44930640
58 144 44925900
58 144 44787300
71 4 44783520
4 71 44772720
149 71 44759280
58 144 44749140
58 77 44671500
58 84 44671500
58 144 44666760
58 144 44666400
58 2 44666220
149 113 44344080
149 113 44339040
25 136 44331300
4 2 44321640
58 144 44264100
2 58 44257860
2 58 44255460
2 58 44254800
47 110 44250480
2 58 44244180
149 113 44233620
25 57 44196420
58 144 44177700
58 2 44172480
58 2 44171880
58 144 44168880
2 4 44149260
2 58 44147880
58 144 44093220
149 113 44061300
149 63 44061000
149 113 44061000
58 144 43825380
58 2 43822860
58 2 43802640
2 58 43747800
58 2 43743120
58 144 43743120
2 4 43721220
58 2 43720740
2 58 43718880
71 113 43718520
58 2 43716720
58 2 43666560
58 2 43666260
58 2 43665720
58 144 43658700
58 2 43630320
58 2 43577580
58 144 43570140
58 2 43565520
58 2 43565460
4 2 43544700
58 144 43483440
58 2 43481700
2 58 43460580
58 2 43234260
2 58 43233780
58 144 43226340
58 2 43215000
62 85 43195920
58 2 43195740
58 144 43194780
2 58 43124700
2 58 43114800
58 144 43051380
58 2 43047420
58 2 43047360
2 58 43046400
58 2 43039620
2 58 43027500
58 144 42964740
58 2 42961260
2 58 42958380
4 2 42939900
58 144 42939120
58 2 42885480
58 144 42882720
58 2 42882420
58 2 42880200
2 58 42879600
58 2 42871320
2 58 42861000
2 58 42860760
58 2 42853260
58 144 42620640
2 58 42619500
2 58 42618840
2 58 42595140
58 144 42537000
149 63 42512520
2 58 42456060
58 144 42447480
2 58 42423780
58 2 42420240
58 144 42366480
58 71 42339240
58 77 42339240
58 84 42339240
58 144 42334620
58 144 42334020
57 25 42330420
25 136 42298680
63 149 42281400
149 71 42274200
25 136 42203580
25 136 42203400
25 136 42203220
149 90 42021720
144 58 42010740
149 113 42006360
58 2 42004500
58 144 41995500
149 63 41995260
149 84 41995260
149 113 41995260
58 144 41988780
58 144 41907720
71 77 41904240
57 25 41898540
2 58 41851980
58 144 41846220
58 2 41825880
149 113 41815860
58 144 41757840
58 2 41732640
58 144 41409480
58 144 41383560
149 84 41239020
58 144 41237400
58 2 41225940
149 113 41222340
4 2 41210520
2 4 41208420
149 113 41183040
4 2 41161320
58 144 41150880
149 84 41140860
58 144 41063040
58 2 41062080
58 144 40810860
58 144 40720980
58 144 40639740
2 4 40636320
58 2 40615080
58 144 40605180
58 2 40545480
2 58 40535400
58 71 40519920
58 144 40519920
2 58 40451100
58 2 40449360
58 2 40434420
58 71 40434180
58 144 40434180
2 58 40431420
88 55 40207380
88 75 40207380
88 99 40207380
58 71 40118940
58 144 40118940
58 144 40114620
58 144 40112400
58 2 40109160
149 84 40106640
149 87 40106640
58 71 40089180
58 144 40089180
58 71 40031820
58 144 40031820
58 2 40017180
149 113 40016640
58 71 39945420
58 144 39945420
58 2 39945360
58 2 39942240
58 71 39931860
58 144 39931860
58 71 39931680
58 144 39931680
58 71 39510480
58 144 39510480
58 71 39482880
58 144 39482880
88 55 39418980
88 75 39418980
88 99 39418980
58 71 39340860
58 144 39340860
58 2 39327360
2 58 39314040
58 71 39309840
58 144 39309840
58 71 39246960
2 58 39232380
58 2 39230700
58 2 39229080
58 2 39227880
71 58 39226800
2 58 39222600
58 2 38994420
58 71 38994300
58 144 38994300
107 88 38993160
2 58 38967420
58 2 38965740
58 71 38905560
58 144 38905560
58 144 38879100
58 71 38820660
58 144 38820660
58 71 38792400
58 144 38792400
2 58 38728140
58 2 38720820
144 58 38720640
58 71 38719380
58 144 38719380
58 71 38714580
58 144 38714580
58 144 38712840
58 71 38649660
58 144 38649660
60 77 38645700
58 144 38643900
144 58 38642700
58 71 38640060
58 144 38640060
58 2 38629620
58 2 38620260
2 58 38616720
58 2 38389800
58 2 38388780
58 71 38376120
58 144 38376120
58 71 38361420
58 144 38361420
58 71 38218020
58 144 38218020
2 58 38210100
2 58 38185680
58 71 38131320
58 144 38131320
2 58 38113740
58 71 38103960
58 144 38103960
58 71 38102940
58 144 38102940
149 113 38099340
2 58 38046120
58 2 38042940
58 71 38041980
58 144 38041980
58 2 38023500
58 71 37781220
58 144 37781220
2 58 37763940
58 2 37760580
58 71 37699020
58 144 37699020
58 71 37614120
58 144 37614120
58 71 37581240
58 144 37581240
58 71 37580700
58 144 37580700
149 71 37429560
58 71 37178100
58 144 37178100
58 2 37170000
144 58 37090920
58 71 37090740
58 144 37090740
58 71 37002120
58 144 37002120
58 71 36983940
58 144 36983940
25 57 36923160
25 136 36923160
25 136 36922800
58 71 36922560
58 144 36922560
58 144 36893820
58 71 36890820
58 144 36890820
58 71 36568020
58 144 36568020
25 57 36553620
58 71 36486300
58 144 36486300
58 71 36469680
58 144 36469680
58 2 36396000
58 2 36394200
2 58 36391260
58 71 36385800
58 144 36385800
58 2 35971920
144 58 35942040
58 144 35937900
58 2 35937840
58 71 35937420
58 144 35937420
62 85 35875620
144 58 35871360
58 2 35864280
58 71 35863500
58 144 35863500
58 71 35862720
58 144 35862720
58 144 35796120
144 58 35795940
58 71 35794680
58 144 35794680
58 2 35791980
58 2 35791200
2 58 35775960
58 144 35774700
58 71 35713140
58 144 35713140
2 79 35704560
58 2 35685960
58 2 35685840
58 71 35625540
58 144 35625540
58 2 35611740
2 58 35611500
58 2 35611380
2 58 35611140
58 71 35365200
58 144 35365200
25 136 35356860
58 71 35344860
58 144 35344860
58 2 35249820
58 71 35193360
58 144 35193360
58 71 35180460
58 2 35180460
58 144 35180460
58 2 35115420
58 2 35114520
2 58 35110680
58 71 35103180
58 144 35103180
2 58 35075640
58 2 35075100
58 71 35019780
58 144 35019780
58 144 35012940
2 58 34998120
58 71 34990440
58 144 34990440
113 149 34756500
57 25 34738800
58 71 34676220
58 144 34676220
58 71 34660680
58 2 34648920
58 2 34646520
58 84 34594020
58 71 34593000
58 144 34593000
58 2 34585080
2 58 34566120
58 2 34562220
58 71 34561440
58 144 34561440
2 58 34486860
25 136 34466100
2 58 34420680
58 71 34156200
58 144 34156200
58 71 34152840
58 144 34152840
58 2 34137000
58 71 34127340
58 144 34127340
58 71 33988080
58 144 33988080
2 58 33985800
58 2 33970560
58 71 33896460
58 144 33896460
58 2 33872160
58 71 33812460
58 144 33812460
88 141 33798480
58 2 33558840
58 71 33553920
58 144 33553920
58 2 33529380
2 58 33526740
2 58 33469140
58 144 33468960
58 71 33465660
58 144 33465660
58 2 33464760
58 2 33456780
58 2 33442080
58 2 33437580
58 71 33435600
58 144 33435600
2 58 33378180
58 71 33299340
58 144 33299340
58 2 33266220
144 58 33263940
58 71 32941500
58 144 32941500
58 71 32861880
58 144 32861880
58 144 32861040
58 2 32836260
58 71 32778360
58 144 32778360
58 71 32687460
58 144 32687460
2 58 32655240
58 71 32652960
58 144 32652960
58 71 32342700
58 144 32342700
2 58 32084100
58 71 32083740
58 144 32083740
62 57 32083620
62 25 32083620
58 144 32069040
2 58 32057160
58 71 31997880
58 144 31997880
58 2 31994040
58 2 31993800
2 58 31974060
58 144 31725720
144 58 31725120
58 2 31708800
58 2 31708020
2 58 31654500
58 71 31647480
58 144 31647480
58 71 31560660
58 144 31560660
58 71 31556580
58 144 31556580
2 58 31556280
58 71 31535460
58 144 31535460
58 2 31463280
58 2 31448040
2 58 31446720
2 58 31446420
58 71 31446000
58 144 31446000
58 71 31135380
58 144 31135380
58 2 31134900
2 58 31125060
58 71 31049280
58 144 31049280
2 58 31021500
58 2 31018740
58 71 31012020
58 144 31012020
58 2 30933660
58 71 30928680
58 144 30928680
62 85 30872040
2 58 30850380
2 58 30843900
149 113 30497220
58 2 30359820
58 2 30357180
2 58 30340200
58 2 30268020
58 2 30266520
2 58 30265380
58 2 30172500
58 144 30172500
144 58 30172500
2 58 29911020
58 2 29892720
144 58 29832480
58 2 29746920
60 77 29743200
2 58 29229780
58 71 28371180
58 144 28371180
58 2 28343760
58 2 28338420
58 71 28070820
58 144 28070820
58 71 27987000
58 144 27987000
2 58 27935640
58 71 27846660
58 144 27846660
58 144 27815700
58 71 27813960
58 144 27813960
58 144 27735780
58 2 27404700
58 2 27396480
58 2 27388260
58 71 27386820
58 144 27386820
58 2 27302100
58 77 27223260
58 84 27223260
58 71 27213240
58 144 27213240
2 58 27127260
58 71 26901120
58 144 26901120
58 71 26875200
58 144 26875200
58 71 26639100
58 144 26639100
88 107 26637840
2 58 26620860
58 71 26553900
58 144 26553900
58 71 26541840
58 2 26541840
58 71 26291100
58 144 26291100
58 71 26263200
58 144 26263200
58 2 26203140
58 71 26176440
58 144 26176440
58 71 26037960
58 144 26037960
58 71 25950480
58 144 25950480
58 71 25949820
58 144 25949820
58 71 25936380
58 144 25936380
58 77 25675320
58 84 25675320
58 77 25660560
58 71 25658580
58 144 25658580
58 71 25571760
58 144 25571760
58 2 25518600
58 71 25486200
58 144 25486200
58 71 25399860
58 144 25399860
58 2 25053300
71 113 24988140
58 71 24884280
58 144 24884280
2 58 24794880
58 71 24475980
58 144 24475980
58 71 24396060
58 144 24396060
58 144 24383160
58 71 24363360
58 144 24363360
58 2 24192600
58 144 24192600
58 71 24132780
58 144 24132780
2 58 24124020
58 71 23869740
58 144 23869740
58 2 23868600
58 2 23867460
58 71 23843880
58 144 23843880
58 71 23701200
58 144 23701200
2 58 23498820
58 71 23271540
58 144 23271540
58 2 23244420
58 71 23240220
58 144 23240220
58 71 23098620
58 144 23098620
2 58 23081160
58 71 23010120
58 144 23010120
149 113 22983180
58 71 22923900
58 144 22923900
58 77 22643940
58 84 22643940
58 71 22579020
58 144 22579020
2 58 22565460
141 63 22561800
58 2 22558080
58 71 22490580
58 144 22490580
58 2 22488720
58 144 22484100
58 144 22481820
58 71 22385760
58 144 22385760
58 2 22385580
58 71 22376520
58 144 22376520
2 58 22376160
149 113 22372980
58 71 22289340
58 144 22289340
58 71 21974280
58 144 21974280
58 71 21883200
58 144 21883200
58 77 21874740
58 84 21874740
58 2 21802680
58 2 21786600
58 2 21780120
58 71 21713760
58 144 21713760
58 84 21690780
2 58 21686460
58 71 21453600
58 144 21453600
58 71 21368400
58 144 21368400
58 2 21349260
58 71 21281580
58 144 21281580
58 71 21274320
58 144 21274320
58 71 21251340
58 144 21251340
58 144 21184440
58 71 21111720
58 144 21111720
58 71 21096780
58 2 21096780
58 71 20850420
58 144 20850420
58 71 20761920
58 144 20761920
58 71 20734980
58 144 20734980
58 71 20594880
58 144 20594880
88 55 20151600
58 71 20064300
58 144 20064300
58 2 19961280
2 71 19374540
58 71 19295400
58 144 19295400
58 71 19039020
58 144 19039020
88 136 19034880
58 71 19006740
58 144 19006740
2 71 19006260
58 71 18926580
58 144 18926580
58 71 18923760
58 71 18867960
58 144 18867960
2 71 18850740
58 2 18843600
58 71 18777900
58 144 18777900
58 144 18747360
58 144 18666600
58 71 18665280
58 144 18665280
58 71 18430740
58 144 18430740
2 58 18352500
58 71 18340260
58 144 18340260
58 71 18339840
58 144 18339840
149 113 18332580
58 71 18314760
58 144 18314760
149 71 18259800
149 113 18259800
58 144 18249840
58 144 18240120
71 113 18239580
149 113 18227340
58 144 18163440
58 144 18162780
58 144 18157620
58 144 18157320
2 58 17804160
58 2 17741280
149 71 17491440
149 113 17491440
58 2 16617660
58 2 16608120
58 2 16606020
2 58 16254300
58 88 15836160
58 2 14622660
58 2 14615220
2 58 14197440
58 2 14197200
58 71 14017680
58 71 12876180
58 144 12876180
2 58 12359760
2 58 12358740
58 2 11424660
58 2 11152560
58 71 10827540
58 2 10827540
58 144 10827540
58 2 10544340
58 2 10482540
58 2 10386600
2 58 10379280
2 58 10376880
58 2 10364400
58 2 10294980
2 58 10294680
58 2 10280820
2 58 10280520
58 2 10277880
58 2 9964020
2 58 9951780
58 2 9950040
58 144 9950040
2 58 9869640
58 2 9852780
2 58 9850320
2 58 9847500
58 2 9847080
58 2 9791040
58 144 9791040
58 2 9790560
2 58 9786480
58 2 9786120
58 2 9683100
58 2 9593340
58 2 9351120
58 2 8658480
58 2 8485500
58 71 8481720
58 2 8124240
58 2 8063580
2 58 8035860
58 2 7957440
58 71 6739260
58 2 5720100
2 58 5030820
58 2 4956540
58 2 4859220
2 58 4848120
58 85 1897980
58 2 1897980
58 2 1827660
58 2 1488960
58 2 1302660
2 58 1208700
2 58 109020
