3 1 97580951
3 4 97580951
3 2 97580951
3 0 97580951
3 5 97580951
1 6 97484013
1 2 97318911
4 1 96208528
4 1 95492565
3 1 94641220
3 4 94641220
3 2 94641220
3 0 94641220
3 5 94641220
0 1 94565223
0 4 94565223
0 2 94565223
0 3 94565223
0 1 94536423
0 4 94536423
0 2 94536423
0 3 94536423
0 1 94390069
0 4 94390069
0 2 94390069
0 3 94390069
1 7 93959154
7 1 93959113
1 7 93959039
4 1 93870592
4 1 93771773
4 1 93768024
1 4 93160868
1 4 91952961
1 4 91364777
1 4 91364059
1 4 91342257
1 4 91341592
7 1 91272795
7 1 91264681
7 1 91259678
7 1 91259547
1 4 91022831
4 1 90933594
1 7 90932784
1 7 90920170
1 4 90920170
1 7 90916378
1 4 90916378
4 1 90912162
1 4 90911045
4 1 90910852
1 7 90852425
1 4 90849645
1 7 90849111
1 4 90849111
4 1 90846436
4 1 90840040
1 4 90835313
1 7 90834448
1 4 90834448
1 4 90822888
1 4 90761102
1 4 90757811
1 7 90747410
1 4 90747410
4 1 90747384
4 7 90747384
1 7 90747232
1 4 90747232
8 9 90676891
10 6 90675787
10 11 90675787
10 12 90675787
13 14 90675072
13 14 90675048
13 14 90675017
13 14 90674917
13 14 90674878
13 14 90674853
13 14 90674823
13 14 90674722
13 9 90673802
13 11 90673667
13 14 90673649
12 10 90673209
13 14 90672343
13 11 90671879
13 11 90671846
13 11 90671832
13 11 90671818
13 11 90671794
0 2 90669918
6 9 90669392
11 9 90669065
1 7 90657545
13 14 90657092
8 6 90654446
1 4 90654437
1 4 90653863
15 14 90647173
15 11 90647173
15 16 90647173
15 9 90647173
9 12 90423480
9 6 90421928
13 9 90415126
9 13 90408688
8 14 90408061
8 11 90408061
8 16 90408061
8 9 90408061
13 9 90404005
13 17 90403288
1 7 90400624
11 15 90400159
11 13 90399389
0 2 90398430
0 3 90398430
1 7 90396937
11 13 90395748
11 8 90395748
11 14 90395748
11 16 90395748
11 17 90395748
13 17 90393524
18 6 90392693
18 8 90392693
18 19 90392693
18 14 90392693
18 11 90392693
18 16 90392693
1 7 90391324
6 17 90390569
6 12 90390569
1 7 90390456
18 9 90342780
1 4 90334704
0 2 90331835
13 17 90329722
19 15 90312397
19 13 90312397
19 8 90312397
15 16 90309615
1 7 90309170
15 13 90306360
1 7 90302384
1 7 90302028
15 13 90300256
1 7 90247898
13 14 90241911
13 11 90241911
13 16 90241911
17 8 90241357
8 17 90240347
12 15 90239740
12 13 90239740
12 8 90239740
12 10 90239740
12 17 90239740
11 16 90238219
4 2 90227549
13 14 90164928
13 17 90164867
13 17 90156049
15 13 90150043
15 14 90150043
15 11 90150043
15 16 90150043
13 8 90142424
13 14 90142424
13 11 90142424
13 16 90142424
13 17 90142424
3 2 90131564
2 3 90078445
15 13 90041449
15 11 90041449
15 17 90041449
17 15 90039853
15 9 90039850
15 17 90039850
13 14 89981286
19 13 89811203
19 17 89811203
11 15 89805863
6 17 89799204
19 9 89791440
17 11 89789210
11 13 89789208
11 8 89789208
11 14 89789208
11 16 89789208
11 17 89789208
1 7 89736961
1 4 89736961
1 7 89732261
1 4 89732261
1 20 89731765
16 14 89730093
16 11 89730093
2 3 89726208
1 7 89718715
1 4 89718715
1 7 89707267
1 4 89707267
2 0 89704385
2 3 89704385
12 9 89703537
9 12 89703129
7 1 89701063
1 7 89700918
1 21 89700808
1 7 89644253
1 4 89644253
1 4 89632374
7 4 89630117
0 2 89623042
0 3 89619980
1 21 89614837
1 7 89612644
2 3 89556805
2 3 89556189
1 21 89550844
0 2 89550350
2 3 89549746
17 8 89548148
8 17 89548143
15 10 89531510
13 17 89528744
13 17 89528282
17 13 89486493
10 13 89473036
10 8 89473036
10 12 89473036
17 13 89472410
13 8 89472341
13 11 89472341
1 7 89471489
1 4 89471489
2 0 89470000
11 13 89469150
11 19 89469150
11 14 89469150
11 16 89469150
11 10 89469150
11 12 89469150
2 0 89466121
2 3 89466121
13 14 89463392
14 13 89458878
22 9 89362671
6 13 89219026
6 8 89219026
6 14 89219026
6 11 89219026
6 16 89219026
6 10 89216360
2 0 89213457
2 3 89213457
8 13 89209692
13 8 89209691
1 4 89208330
1 7 89207077
13 17 89200545
13 23 89200545
12 10 89200087
3 2 89197321
3 2 89196785
2 0 89194301
2 3 89194301
4 2 89194124
24 25 89192502
24 25 89192459
23 13 89192033
13 17 89191867
10 11 89191061
11 13 89189628
14 13 89187933
6 17 89187198
13 14 89186457
13 11 89186457
13 16 89186457
8 11 89184710
11 13 89184708
11 8 89184708
11 14 89184708
11 16 89184708
11 17 89184708
1 21 89181598
1 21 89180657
19 9 89177251
17 8 89122999
1 7 89121932
8 15 89120075
8 23 89120075
1 21 89117925
6 13 89114664
6 17 89114664
2 3 89111636
2 0 89111535
19 9 89105015
2 3 89102062
2 3 89097456
11 14 89097407
20 9 89057040
2 3 89042626
19 9 89039736
11 10 89038219
1 7 89032293
1 4 89032293
4 1 89030101
4 7 89030101
1 21 89026162
1 21 89025876
1 7 89019955
1 4 89019955
6 10 89019431
2 3 89016522
1 21 89011041
2 3 89010733
1 7 89010192
1 21 89009364
15 13 89006102
15 19 89006102
15 14 89006102
15 11 89006102
15 16 89006102
19 9 89004356
2 3 88954030
6 10 88953876
13 8 88951540
13 14 88951540
13 11 88951540
13 16 88951540
13 17 88951540
3 2 88950141
2 3 88939839
11 14 88933902
2 3 88933658
1 4 88930888
19 9 88926589
13 14 88867878
13 11 88867878
13 16 88867878
19 9 88867739
1 4 88866031
14 13 88865811
1 7 88863244
14 6 88861222
8 13 88858157
2 3 88855254
15 8 88852288
15 19 88852288
15 9 88852288
3 2 88846088
8 9 88840505
14 6 88837878
14 13 88837878
14 8 88837878
14 11 88837878
14 16 88837878
14 10 88837878
14 17 88837878
1 4 88607700
13 8 88607282
8 17 88603407
8 17 88602881
17 8 88602811
8 13 88602540
8 14 88602540
8 11 88602540
8 16 88602540
8 17 88602540
11 6 88601015
11 13 88600899
6 13 88600678
6 8 88600678
6 14 88600678
6 11 88600678
6 16 88600678
8 20 88599790
8 17 88599790
8 23 88599790
6 13 88596433
6 14 88596433
1 4 88588058
13 17 88586499
17 13 88585821
17 13 88584870
17 11 88584870
17 18 88584870
6 18 88584282
6 17 88584282
17 13 88583229
17 8 88583229
17 14 88583229
17 11 88583229
17 16 88583229
17 12 88583229
11 13 88582509
11 8 88582509
11 14 88582509
11 16 88582509
11 17 88582509
17 13 88582336
13 17 88581998
17 13 88581385
17 11 88581385
1 4 88579133
26 27 88532323
26 28 88532323
26 29 88532323
26 30 88532323
26 31 88532323
18 32 88526218
19 15 88523527
19 13 88523527
19 14 88523527
19 9 88523527
2 3 88521934
19 9 88521055
10 13 88520978
10 17 88520978
32 18 88515148
13 14 88510669
13 11 88510669
13 16 88510669
0 2 88501744
0 3 88501744
1 4 88499619
1 4 88499043
9 19 88496960
13 16 88496429
16 13 88493328
1 7 88493137
1 4 88493137
1 7 88434843
1 7 88434179
1 4 88434179
17 11 88432223
17 10 88432223
13 17 88423071
13 17 88422518
2 0 88419788
2 0 88419675
2 0 88419516
6 15 88417822
19 13 88415537
11 33 88409390
1 7 88352355
1 4 88352355
1 7 88351892
1 4 88351892
17 8 88348935
8 17 88348694
8 17 88348468
17 8 88346917
19 9 88345786
8 17 88345725
8 17 88339650
17 8 88338911
34 7 88328288
8 17 88327302
8 17 88321590
8 17 88321538
8 17 88263859
35 36 88257513
4 1 88250949
1 4 88250796
23 8 88245879
23 17 88245879
8 17 88245691
8 23 88245691
2 0 88244978
23 8 88243700
8 23 88243575
23 8 88243341
12 9 88240541
2 0 88237396
2 3 88237396
6 10 88237178
0 2 88232156
0 3 88232156
19 13 88006415
19 8 88006415
19 17 88006415
19 9 88005786
2 0 87998044
2 3 87998044
9 20 87995895
23 8 87994063
23 20 87994063
23 17 87994063
1 4 87982533
14 13 87981599
1 4 87981495
9 20 87979486
9 19 87974688
8 11 87974543
11 13 87974539
11 8 87974539
11 14 87974539
11 16 87974539
11 17 87974539
19 15 87974405
19 14 87974405
19 9 87974405
19 10 87974405
19 9 87966828
8 17 87917530
14 11 87910506
14 16 87910506
0 2 87906644
0 3 87906644
37 7 87893184
20 8 87882665
1 21 87816324
6 14 87811087
8 20 87810470
8 23 87810470
7 37 87810444
20 8 87805277
20 8 87805070
8 20 87802739
4 1 87747374
16 13 87745230
16 14 87745230
16 11 87745230
16 10 87745230
16 17 87745230
16 12 87745230
8 17 87739395
35 21 87734436
35 38 87734436
13 6 87731158
6 13 87731155
6 12 87731155
6 15 87728721
35 21 87723913
35 38 87723913
6 11 87722032
23 8 87720978
8 23 87720978
23 8 87716991
23 20 87716991
22 20 87716800
22 9 87716800
22 17 87716800
39 40 87715705
