0 3 98277034
3 0 97580951
3 5 97580951
3 0 94641220
3 5 94641220
0 3 94565223
0 3 94536423
0 3 94390069
8 6 90654446
8 14 90408061
0 3 90398430
18 6 90392693
18 8 90392693
18 14 90392693
6 17 90390569
17 8 90241357
8 17 90240347
6 17 89799204
0 3 89619980
17 8 89548148
8 17 89548143
6 8 89219026
6 14 89219026
24 25 89192502
24 25 89192459
6 17 89187198
17 8 89122999
6 17 89114664
14 6 88861222
14 6 88837878
14 8 88837878
14 17 88837878
8 17 88603407
8 17 88602881
17 8 88602811
8 14 88602540
8 17 88602540
6 8 88600678
6 14 88600678
8 17 88599790
6 14 88596433
17 18 88584870
6 18 88584282
6 17 88584282
17 8 88583229
17 14 88583229
26 31 88532323
18 32 88526218
32 18 88515148
0 3 88501744
17 8 88348935
8 17 88348694
8 17 88348468
17 8 88346917
8 17 88345725
8 17 88339650
17 8 88338911
8 17 88327302
8 17 88321590
8 17 88321538
8 17 88263859
8 17 88245691
0 3 88232156
8 17 87917530
0 3 87906644
6 14 87811087
8 17 87739395
22 17 87716800
39 40 87715705
17 6 87396834
8 17 87393371
17 8 87380836
8 17 87380512
8 17 87377373
17 6 87308765
6 17 87308518
17 8 87302590
17 8 87302530
17 8 87298222
8 17 87227425
8 17 87227241
45 32 87223766
8 17 87125528
8 17 87111567
0 3 87049351
49 55 87022899
49 35 87022899
49 25 87022899
49 39 87022899
89 26 86615140
40 83 86600978
3 0 86595239
49 96 86593345
49 97 86593345
49 96 86592351
49 97 86592351
26 70 86546943
26 31 86542849
0 26 86535196
0 89 86535196
8 17 86532610
0 37 86518244
0 26 86518244
0 3 86518244
26 89 86515040
89 26 86514965
40 39 86508055
14 8 86506486
14 17 86506486
0 26 86505768
0 89 86505768
25 49 86447323
3 37 86445950
49 96 86441643
49 97 86441643
49 25 86441567
0 37 86425186
96 99 86422578
8 14 86420716
14 8 86420670
8 14 86419740
96 97 86418146
99 96 86189321
26 89 86179338
97 96 86173656
96 97 86173523
96 97 86159081
97 96 86159013
6 14 86102778
6 17 86102778
0 37 86100078
0 26 86100078
0 3 86100078
97 96 86093253
0 26 86086157
0 89 86086157
96 97 86078979
97 96 86078972
97 96 86077063
96 97 86076447
97 96 86073879
97 96 86072522
97 49 86072522
97 96 86069646
97 49 86069646
25 101 86012490
97 96 86009628
97 49 86009628
26 31 86009067
97 96 86008612
97 96 86003714
97 49 86003714
49 96 86001920
49 97 86001920
0 37 86000691
0 26 86000691
0 3 86000691
14 8 85996722
14 17 85996722
0 26 85989633
0 89 85989633
97 96 85931821
8 17 85929120
3 0 85927691
0 37 85925518
0 26 85925518
0 3 85925518
0 3 85912314
40 39 85907787
26 89 85903061
97 96 85902087
39 40 85843469
49 96 85838962
49 97 85838962
97 96 85838260
97 49 85838260
49 97 85835561
25 97 85835194
97 49 85834884
25 39 85834703
97 25 85834645
96 49 85832979
96 97 85832979
49 96 85831469
49 97 85831469
96 97 85830195
97 96 85826516
96 97 85819607
96 97 85818618
96 97 85818586
96 97 85814884
97 96 85812977
0 37 85595718
0 26 85595718
0 3 85595718
96 97 85580924
96 97 85564507
96 97 85563782
0 37 85510054
0 26 85510054
0 3 85510054
97 96 85476004
97 96 85475196
97 96 85468219
96 97 85412598
97 96 85408051
97 96 85407658
0 3 85385291
0 37 85335502
0 26 85335502
0 3 85335502
25 101 85324057
17 8 85305015
8 17 85304717
49 96 85300462
96 97 85296139
26 31 85048048
0 37 84993197
0 26 84993197
0 3 84993197
107 108 84973612
8 17 84970397
97 96 84968504
97 49 84968504
97 96 84967279
97 49 84967279
97 49 84958773
97 25 84958576
97 49 84958550
97 25 84958550
0 37 84907671
0 26 84907671
0 3 84907671
89 49 84903771
49 89 84877868
89 49 84873772
49 99 84872301
99 49 84866713
17 8 84866227
0 37 84820190
0 26 84820190
0 3 84820190
26 89 84798599
97 49 84798517
97 25 84798517
49 25 84798479
96 97 84795390
25 49 84794034
25 97 84794034
26 76 84793890
26 60 84793890
26 31 84793890
26 89 84793890
97 49 84791254
40 83 84785354
3 0 84776313
0 3 84718908
97 25 84714209
97 49 84709232
49 96 84709071
49 97 84709071
97 49 84707644
49 97 84705693
97 49 84704932
25 97 84694530
97 25 84694420
97 49 84692878
97 96 84690277
96 97 84689824
0 37 84648246
0 26 84648246
0 3 84648246
6 8 84634352
17 6 84631302
0 37 84629378
97 25 84624834
14 8 84612162
14 17 84612162
97 96 84608587
49 97 84608002
0 37 84383393
0 26 84383393
0 3 84383393
97 25 84369596
96 97 84369314
97 25 84369214
96 97 84365092
97 96 84364171
108 113 84360723
108 99 84360723
49 96 84353118
49 97 84353118
3 0 84352334
25 97 84350759
97 25 84349981
97 49 84346851
49 96 84343319
49 97 84343319
89 0 84291439
97 96 84283010
97 49 84283010
97 96 84282993
49 96 84279976
49 97 84279976
60 76 84267266
0 3 84265643
0 3 84264844
97 49 84261721
49 96 84256182
49 97 84256182
97 49 84187824
49 25 84184359
49 96 84184230
49 97 84184230
49 96 84182879
113 108 84179971
0 37 84123152
0 26 84123152
0 3 84123152
97 49 84092005
49 96 84091172
49 97 84091172
89 0 84031145
49 97 84023861
49 97 84023223
49 25 84015547
97 96 84015345
97 49 84015345
49 97 84014747
49 96 84007989
49 97 84007989
49 96 84007797
49 97 84006041
49 25 84003917
97 96 83757555
97 49 83757555
97 96 83757435
97 49 83757435
49 97 83756151
49 96 83756023
49 97 83756023
0 26 83753427
0 3 83753427
49 97 83681626
97 96 83674904
97 49 83674904
97 49 83660462
49 97 83659403
49 25 83656504
49 25 83655389
49 97 83653543
0 26 83603438
0 3 83603438
49 97 83574731
49 97 83570664
49 97 83566030
26 31 83431026
96 97 83396751
97 96 83396699
26 0 83320328
26 89 83320328
49 97 83146218
0 26 83089472
0 3 83089472
0 26 83067480
37 55 83060235
25 101 83052645
25 121 83052645
3 0 82973662
97 49 82964286
97 49 82463293
0 3 82455377
97 49 82442079
49 97 82398040
124 120 82384511
49 97 82368002
35 48 82363674
8 17 82361447
49 97 82274600
97 49 82274399
39 40 82273878
49 97 82273582
40 39 82271629
97 96 82271279
124 37 82204650
124 120 82204650
107 55 82192621
14 17 82180671
17 14 81949773
120 124 81943584
120 124 81860679
124 120 81858762
124 120 81858534
49 97 81857562
37 0 81856087
0 37 81855561
97 49 81854824
49 97 81852634
120 124 81847501
0 3 81843426
8 17 81838631
8 6 81837400
17 8 81765828
17 14 81765828
120 124 81760392
8 17 81695621
97 96 81672552
22 18 81671559
40 48 81599815
40 83 81587670
120 124 81584921
97 49 81357787
97 49 81333454
14 17 81323037
97 35 81320320
97 48 81320320
123 70 81318189
123 5 81318189
65 92 81288396
97 96 81259137
97 49 81258946
49 101 81231515
49 121 81231515
49 25 81231515
123 70 81166320
123 107 81166320
123 18 81166320
123 108 81166320
108 107 81148199
107 108 81094529
120 124 81065533
97 35 81020376
97 39 81020376
97 48 81020376
97 96 81016892
49 101 80973387
49 121 80973387
49 25 80973387
25 49 80969651
22 17 80898234
113 123 80745838
97 96 80741614
97 49 80738811
120 37 80724817
120 124 80720127
124 120 80657700
25 49 80654297
40 83 80654247
39 35 80639457
35 48 80639101
25 101 80557033
25 121 80557033
8 17 80485533
97 49 80482343
5 70 80481088
0 55 80479593
0 3 80479593
0 55 80473899
0 3 80473899
25 101 80470855
25 121 80470855
37 120 80470257
123 113 80469104
8 17 80463058
120 124 80459340
129 70 80453043
49 25 80407734
3 55 80395642
3 55 80394486
49 97 80394415
6 8 80393637
6 17 80393637
25 49 80384155
25 101 80383938
25 121 80383938
8 17 80378574
49 101 80367252
49 121 80367252
49 25 80367252
49 101 80128801
49 120 80128801
49 25 80128801
39 35 79953545
0 55 79952432
0 3 79952432
120 49 79951576
124 120 79950802
120 124 79942336
113 123 79939873
49 101 79894264
49 121 79894264
49 25 79894264
25 49 79886377
25 101 79886377
25 121 79886377
101 25 79882385
124 120 79881963
37 70 79876584
25 49 79874101
25 24 79871380
35 48 79868991
35 39 79868463
8 17 79867668
8 17 79867295
25 101 79866990
25 121 79866990
8 17 79863378
113 123 79856606
113 123 79850291
113 123 79844385
113 108 79844385
25 49 79798919
25 101 79798118
25 121 79798118
25 49 79791013
25 101 79788050
25 121 79788050
0 55 79781485
25 101 79778404
17 22 79774079
17 14 79774079
49 120 79769613
83 40 79769213
17 22 79767928
14 17 79540155
22 17 79539242
3 55 79533832
3 0 79533832
8 17 79533213
113 129 79528966
113 26 79528966
113 108 79528966
107 70 79517823
113 123 79515825
120 49 79515646
124 120 79515149
55 0 79514985
55 3 79514985
49 120 79514677
49 24 79514677
49 124 79514677
129 123 79513339
26 31 79453607
25 49 79442105
25 121 79442105
70 5 79440127
25 101 79439591
8 14 79438728
97 49 79438166
14 8 79435710
124 120 79432536
120 124 79425491
124 120 79424876
120 124 79422482
0 55 79422479
0 3 79422479
40 83 79415478
97 35 79368012
97 48 79368012
97 35 79367623
97 39 79367623
97 48 79367623
123 113 79366222
120 124 79365537
6 8 79361721
6 17 79361721
6 8 79360509
6 17 79360509
26 89 79357506
3 0 79356854
97 49 79356492
3 0 79355277
25 101 79350960
25 121 79350960
124 120 79347087
113 123 79340611
14 8 79340409
25 49 79338091
25 24 79337770
97 49 79335054
49 97 79330962
55 37 79329420
97 35 79281939
97 39 79281939
97 48 79281939
97 35 79280961
97 48 79280961
40 83 79274087
97 49 79269643
97 49 79264753
40 83 79261560
40 83 79260216
49 121 79259713
97 96 79259356
97 49 79259260
0 55 79257875
0 3 79257875
121 49 79256613
0 55 79254198
0 3 79254198
70 5 79249974
49 101 79244333
49 121 79244333
49 25 79244333
97 35 79195684
97 39 79195684
107 70 79189249
25 49 79183791
70 37 79171641
70 0 79171641
70 3 79171641
70 5 79171641
96 49 79167654
96 97 79167654
17 8 79164372
121 49 79159574
49 121 79159407
49 25 79159407
123 113 78932428
121 49 78924456
121 49 78924260
37 124 78923522
121 49 78918703
121 49 78918597
97 96 78914716
113 123 78898707
123 108 78845242
40 83 78835416
121 49 78832670
49 121 78832602
121 49 78832324
3 0 78830691
40 83 78826524
124 37 78824231
49 25 78810930
35 40 78757064
35 83 78757064
35 31 78757064
35 39 78757064
35 48 78757064
49 121 78751591
49 121 78737990
49 25 78737990
8 17 78735737
0 55 78729050
0 3 78729050
97 49 78728610
40 39 78728369
40 35 78723404
40 83 78722611
129 107 78681314
120 124 78668675
120 124 78665601
120 124 78660163
97 96 78646918
8 17 78645004
49 101 78639793
49 25 78639793
32 31 78633990
8 17 78590636
120 124 78573263
39 35 78572365
25 101 78569132
25 121 78569132
120 124 78566970
120 37 78566387
113 123 78563750
97 96 78560967
97 49 78554728
8 17 78553083
8 17 78326287
8 17 78322425
8 17 78320224
25 121 78320201
101 25 78318966
129 107 78309401
97 99 78252676
8 17 78238702
96 97 78233091
120 124 78227051
25 49 78212628
97 99 78160638
97 99 78160545
120 124 78154463
8 17 78134183
32 31 78131785
129 107 78129219
113 123 78122156
49 35 78120760
49 39 78120760
49 48 78120760
40 83 78120733
97 99 78074323
97 99 78073826
37 55 78070833
40 39 78067702
8 17 78058516
3 55 78057240
3 0 78057240
8 17 78047340
8 17 78047029
17 8 78041543
113 123 78038064
97 99 77987022
97 99 77986650
97 99 77983426
5 70 77980678
5 107 77980678
113 123 77980607
37 120 77980178
70 5 77971694
129 107 77957117
120 124 77957017
96 97 77956693
120 25 77953694
120 124 77953694
113 123 77952285
25 101 77894997
25 121 77894997
25 101 77894723
25 121 77894723
25 136 77894723
25 101 77894078
25 121 77894078
25 136 77894078
0 3 77718494
89 26 77718443
25 101 77716751
25 121 77716751
25 136 77716751
70 5 77713828
120 124 77712166
113 123 77710791
5 70 77709615
14 8 77708078
97 96 77707459
97 96 77705092
129 107 77703246
129 107 77703059
5 70 77699978
129 107 77697366
5 70 77697040
120 25 77696146
120 124 77696146
129 107 77692022
120 124 77635625
6 17 77634557
3 0 77631418
129 107 77623792
129 107 77621807
97 96 77621560
48 35 77614064
129 107 77613766
129 107 77611022
14 17 77609207
129 107 77607059
129 107 77606292
107 129 77606158
8 17 77606057
129 107 77606001
129 107 77604248
18 22 77599933
18 17 77599933
123 113 77564163
123 107 77562028
22 18 77549019
22 17 77549019
18 22 77537896
129 107 77536989
124 120 77532053
22 5 77528693
40 83 77522671
40 48 77522671
22 5 77464020
22 5 77454991
22 5 77454635
17 6 77453802
0 55 77451792
0 3 77451792
0 55 77451304
0 3 77451304
0 55 77446964
37 124 77443859
124 37 77441687
124 120 77439353
6 17 77436901
124 120 77434873
120 124 77433731
120 124 77432776
0 55 77431224
25 101 77379563
25 121 77379563
25 136 77379563
14 17 77374323
25 101 77373032
25 121 77373032
25 136 77373032
113 123 77369972
0 55 77364485
0 3 77364485
18 22 77363352
129 70 77362001
37 120 77361918
3 55 77361681
3 0 77361681
17 8 77360440
5 70 77359977
0 55 77359848
0 3 77359848
70 5 77359465
25 24 77351220
120 124 77350347
120 37 77348600
0 3 77346495
97 96 77344940
96 97 77342251
14 17 77130840
14 17 77112855
0 55 77108491
0 3 77108491
0 55 77106517
0 3 77106517
113 123 77105298
113 123 77094397
8 14 77092111
120 124 77084046
37 124 77029737
124 120 77026297
0 3 77024019
0 3 77023999
35 48 77023215
113 123 77017709
37 124 77007089
37 124 77002930
124 37 77000794
37 120 76999409
70 5 76945625
124 55 76936090
124 120 76936023
113 123 76934803
37 55 76934662
37 124 76934662
3 55 76932233
3 0 76932233
25 121 76921534
25 101 76920803
25 121 76920803
25 136 76920803
124 37 76920176
124 37 76918765
25 101 76918749
25 121 76918749
25 136 76918749
113 123 76917441
14 17 76914294
124 55 76914134
113 123 76905858
37 120 76860896
37 124 76860896
37 120 76859835
37 124 76859835
113 123 76855022
14 17 76850567
96 97 76850377
37 120 76849119
37 120 76848782
120 37 76845781
25 101 76844231
25 121 76844231
25 136 76844231
6 22 76843630
120 124 76842264
113 123 76840239
22 6 76836033
22 17 76836033
124 120 76831374
120 124 76828787
37 120 76828500
120 124 76827747
120 37 76827687
120 124 76827687
37 120 76777039
120 124 76763541
120 37 76759618
37 120 76756484
97 49 76755880
120 37 76755046
25 101 76754700
25 121 76754700
25 136 76754700
120 124 76749224
14 17 76746667
120 37 76742572
49 97 76735774
123 18 76511597
97 136 76509239
120 124 76507413
120 37 76505283
136 101 76504108
136 121 76504108
136 25 76504108
136 97 76504108
136 24 76504108
120 124 76502356
25 101 76488855
25 121 76488855
25 136 76488855
25 101 76482328
25 121 76482328
25 136 76482328
25 101 76480925
25 121 76480925
25 136 76480925
97 49 76426585
97 49 76424412
0 55 76420080
0 3 76420080
3 55 76411512
35 39 76404639
120 55 76335027
40 35 76334987
40 83 76334987
40 48 76334987
37 120 76334828
22 17 76333648
37 120 76331699
8 17 76331480
120 37 76331234
120 55 76331234
123 113 76330003
123 113 76325291
123 113 76322698
6 17 76310824
25 101 76310392
25 121 76310392
25 136 76310392
123 113 76304315
25 101 76301692
25 121 76301692
25 136 76301692
97 96 76250689
40 83 76249327
8 17 76245001
8 17 76230258
113 123 76218103
113 123 76161173
120 124 76158201
37 120 76156121
120 124 76154849
26 107 76144723
26 89 76144723
0 55 76141174
0 3 76141174
0 55 76141122
0 3 76141122
113 123 76132168
26 89 76001605
55 0 75971160
120 37 75905072
123 113 75903725
123 113 75903587
37 120 75901899
120 37 75900313
37 120 75895024
0 55 75893497
0 3 75893497
113 123 75892157
113 26 75892157
8 17 75818150
70 37 75812122
97 49 75809383
35 39 75783637
97 49 75728585
0 55 75726192
0 3 75721612
25 136 75717877
0 3 75711774
113 123 75708626
17 22 75703836
124 120 75647840
25 101 75646279
25 121 75646279
25 136 75646279
124 55 75645922
25 121 75634395
25 101 75634270
25 121 75634270
25 136 75634270
70 5 75621178
0 55 75618635
0 3 75618635
25 101 75614469
25 121 75614469
25 136 75614469
25 101 75611155
25 121 75611155
14 17 75561532
37 120 75556876
17 8 75554233
17 14 75554233
124 37 75553224
22 70 75552738
37 120 75549020
107 89 75544536
121 136 75534376
25 121 75534134
55 0 75531845
123 113 75526346
97 96 75303510
37 120 75302017
25 101 75285948
25 121 75285948
25 136 75285948
25 136 75281817
0 3 75280543
17 14 75279036
5 70 75278406
26 60 75275158
26 31 75275158
26 89 75274007
26 89 75270070
37 120 75218027
97 96 75195824
22 18 75195723
25 101 75187159
25 121 75187159
25 136 75187159
25 24 75186755
25 101 75186677
25 121 75186677
25 136 75186677
113 123 75183862
113 123 75120309
113 70 75103547
113 5 75103547
8 22 75102487
97 96 75043278
25 101 75037398
25 121 75037398
25 136 75037398
97 49 75035721
113 123 75026828
124 120 75026395
121 25 75026334
35 49 75024866
35 49 75021183
40 83 75012856
123 113 75007983
25 101 74974148
136 25 74954038
70 5 74951275
123 107 74947148
129 107 74946150
113 123 74931795
113 123 74927428
26 76 74681027
26 60 74681027
26 31 74681027
70 22 74674066
22 70 74673115
113 123 74607880
22 18 74605328
22 17 74605328
18 123 74602693
120 124 74589448
97 96 74588718
0 55 74585234
5 70 74580179
120 37 74580058
124 120 74519723
25 101 74508871
25 121 74508871
25 136 74508871
22 18 74498204
25 24 74496237
136 25 74494376
136 24 74494376
8 14 74490282
8 17 74490282
124 120 74437158
120 37 74425904
120 124 74425715
25 101 74418105
25 121 74418105
25 136 74418105
25 101 74413491
25 121 74413491
25 136 74413491
37 124 74410076
26 89 74409783
113 26 74406064
113 26 74405973
123 113 74404982
123 113 74401953
25 101 74346874
25 121 74346874
25 136 74346874
113 123 74318505
37 120 74085787
120 124 74081237
89 26 74073834
89 31 74073834
120 37 74064771
120 124 74005286
26 76 73996212
26 60 73996212
26 31 73996212
5 113 73983320
25 101 73976103
25 121 73976103
25 136 73976103
5 123 73975731
5 113 73975731
5 70 73974053
97 96 73971933
5 123 73971870
120 37 73909567
5 70 73897212
120 37 73894941
25 101 73881932
25 121 73881932
25 136 73881932
123 70 73818249
123 129 73818249
123 107 73818249
123 18 73818249
25 101 73735079
25 121 73735079
25 136 73735079
5 113 73729431
8 17 73723591
113 123 73711944
8 17 73486963
25 101 73460758
25 121 73460758
25 136 73460758
89 26 73459945
113 123 73397990
25 101 73382960
25 121 73382960
25 136 73382960
26 76 73378389
26 60 73378389
26 31 73378389
25 101 73368155
25 121 73368155
25 136 73368155
26 113 73318429
49 97 73307157
120 37 73304719
120 124 73304719
113 123 73288177
25 101 73223433
25 121 73223433
25 136 73223433
113 123 73210673
25 101 73208037
25 121 73208037
25 136 73208037
18 22 72872056
123 18 72847871
123 113 72846585
25 101 72700689
25 121 72700689
25 136 72700689
6 8 72675502
6 17 72675502
37 120 72622403
18 22 72615103
25 101 72605670
25 121 72605670
25 136 72605670
97 96 72596727
35 49 72589465
35 49 72588468
22 8 72586768
25 24 72537401
113 123 72525080
18 107 72515112
113 123 72509959
113 123 72509302
123 113 72509039
113 123 72459315
5 70 72415300
5 70 72412309
35 83 72272776
123 113 72271029
123 18 72271029
113 123 72264825
113 123 72247020
123 113 72243015
123 26 72190538
70 123 72175952
129 107 72172367
113 123 72154906
25 121 72104836
18 107 72102041
25 101 72080640
25 121 72080640
25 136 72080640
25 101 72019612
25 121 72019612
25 136 72019612
25 101 72019077
25 121 72019077
25 136 72019077
70 123 72015787
60 26 72014475
25 121 72002873
49 97 71999616
25 121 71994567
25 136 71994567
123 113 71823841
26 31 71648883
6 8 71645146
6 17 71645146
60 26 71577736
70 37 71417393
70 0 71417393
70 3 71417393
70 5 71417393
96 97 71392593
8 17 71388752
49 97 71382744
123 18 71377377
37 120 71311172
97 96 71305332
25 101 71300242
25 121 71300242
25 136 71300242
123 113 71296864
3 0 71060212
25 101 71048347
25 121 71048347
25 136 71048347
6 8 71042435
6 17 71042435
70 37 70892074
70 5 70892074
25 101 70796097
25 121 70796097
25 136 70796097
25 101 70795110
25 121 70795110
25 136 70795110
35 55 70777700
123 113 70768301
70 5 70709575
97 96 70699817
8 17 70689480
70 5 70456462
63 5 70451854
6 8 70448155
6 8 70447530
22 17 70446998
22 17 70442993
5 70 70431785
5 22 70431022
18 107 70355480
113 123 70286161
123 113 70286019
123 113 70284339
25 101 70276100
25 121 70276100
25 136 70276100
113 123 70260981
25 101 70189442
25 121 70189442
25 136 70189442
25 101 70116991
25 121 70116991
25 136 70116991
25 101 70092606
25 121 70092606
25 136 70092606
6 8 70090524
25 101 70088395
25 121 70088395
25 136 70088395
49 97 70008337
5 70 70007425
55 37 69849236
22 18 69836243
22 17 69836243
6 8 69834618
6 17 69834618
97 49 69832040
123 113 69738367
123 113 69651170
123 113 69603608
107 55 69489575
6 17 69488118
123 113 69478898
55 34 69132357
37 120 69078905
25 101 69074460
25 121 69074460
25 136 69074460
26 113 69071490
70 37 69058307
70 0 69058307
70 3 69058307
70 5 69058307
49 97 68991952
37 120 68988085
22 17 68924400
25 121 68905690
97 49 68900537
22 17 68888400
25 101 68887862
25 136 68887862
6 8 68640590
8 17 68624202
70 37 68535062
70 5 68535062
49 97 68394431
37 120 68304017
55 37 68020769
26 31 67763132
6 8 67760973
8 17 67758281
3 0 67665675
55 37 67414382
5 70 67332122
37 120 67329595
26 89 67324786
55 37 66654301
18 8 66634258
18 17 66634258
37 120 66479679
97 96 66202099
49 96 65968349
49 97 65968349
49 97 65945048
144 55 65602380
0 55 65507760
0 3 65507760
6 8 65364052
3 55 65339700
3 0 65339700
0 55 65317260
0 3 65317260
55 34 65258977
48 39 65251956
0 55 65245200
0 3 65245200
0 3 65243940
0 55 65236080
0 3 65236080
37 120 65041200
37 120 65005200
3 55 64979940
3 0 64979940
3 55 64978620
3 0 64978620
120 37 64844220
0 55 64826400
0 3 64826400
0 55 64820160
0 3 64820160
120 37 64804620
0 55 64727640
0 3 64727640
136 25 64724718
26 76 64721886
26 60 64721886
26 31 64721886
0 55 64719960
0 3 64719960
136 25 64385697
136 25 64384262
136 25 64316547
0 55 64285800
0 3 64285800
0 55 64285500
0 3 64285500
18 22 64252980
18 17 64252980
107 129 64220032
37 120 64162080
18 22 64144440
18 8 64144440
18 17 64144440
0 3 64130760
37 120 64126080
18 22 64108440
18 8 64108440
18 17 64108440
0 55 64030140
0 3 64030140
0 55 64029600
0 3 64029600
0 55 64025340
0 3 64025340
3 55 63781320
3 0 63781320
3 55 63779820
3 0 63779820
37 120 63725580
37 120 63724680
18 17 63715860
113 107 63707160
113 18 63707160
37 120 63689580
113 107 63689214
113 18 63689214
37 120 63688680
3 55 63688440
3 0 63688440
37 120 63640320
3 0 63622620
37 120 63604320
0 55 63591240
0 3 63591240
76 60 63590580
18 22 63547500
18 17 63547500
17 6 63539735
17 8 63539735
37 120 63512340
37 120 63450900
37 120 63450780
120 37 63159960
18 6 63113040
8 6 63111009
37 120 63101340
37 120 63096120
0 55 63079800
0 3 63079800
18 22 62872500
18 17 62872500
136 25 62595300
120 25 62503980
25 136 62432040
136 25 62409600
136 25 62352060
25 136 62340120
120 25 62321520
120 25 62307240
120 147 62307240
0 55 62291700
0 3 62291700
22 6 62255500
22 8 62255500
22 17 62255500
3 55 62236080
3 0 62236080
121 25 62227666
120 37 62222220
136 121 61984346
0 55 61968600
0 3 61968600
120 37 61964100
120 37 61963920
25 24 61907760
25 147 61907580
22 17 61891607
120 37 61870260
40 83 61834740
40 83 61798740
0 55 61785840
0 3 61785840
37 120 61781460
144 55 61778580
25 24 61774200
0 3 61771680
40 83 61731780
37 120 61721640
37 120 61718640
37 120 61707120
37 55 61692360
121 136 61648820
0 55 61629540
0 3 61629540
3 55 61371660
3 0 61371660
37 120 61281480
0 55 61279920
0 3 61279920
18 17 61251240
25 136 61218540
8 6 61215812
8 17 61215812
8 6 61215484
8 17 61215484
0 55 61176540
0 3 61176540
3 55 61167000
3 0 61167000
6 22 61128899
120 37 61103760
0 55 61088100
0 3 61088100
18 32 61077420
37 120 61066680
40 83 61039440
37 120 61030680
17 6 61014499
18 17 61004700
40 83 61003440
3 55 60997740
3 0 60997740
120 37 60997440
0 55 60753540
0 3 60753540
92 63 60706320
3 55 60587040
3 0 60587040
6 8 60508832
17 6 60499728
17 8 60499728
3 55 60488460
3 0 60488460
144 48 60480480
6 8 60367144
6 8 60158435
37 120 60136860
0 3 60075060
3 55 60066000
3 0 60066000
83 40 59982780
37 120 59981760
22 6 59902320
22 17 59902320
37 120 59894220
6 8 59566354
40 83 59545740
40 83 59540400
0 3 59530500
22 6 59529180
22 17 59529180
22 18 59381880
22 17 59381880
0 55 59366100
0 3 59366100
3 55 59354520
3 0 59354520
22 17 59271660
120 37 59265180
22 17 59264340
0 3 59263680
0 3 59202900
37 120 59196660
22 17 59195520
22 17 59141100
6 8 58956326
6 17 58956326
6 8 58954471
92 24 58951260
22 6 58948980
0 55 58948920
0 3 58948920
113 149 58947000
149 113 58928220
149 24 58928220
149 92 58928220
92 149 58918140
37 120 58791060
22 17 58711500
120 37 58579200
3 0 58576560
149 113 58260000
8 6 58253942
8 17 58253942
37 120 58194780
25 147 58192140
25 136 58191960
25 120 58190460
37 120 58163820
37 120 58095180
0 55 58082760
3 55 58076160
3 0 58076160
92 149 58075620
25 136 58063500
8 6 58023769
8 17 58023769
3 0 57990840
3 55 57989340
3 0 57989340
25 136 57981540
149 25 57975180
149 113 57975180
149 107 57975180
149 24 57975180
92 149 57972420
149 25 57972180
149 113 57972180
149 107 57972180
149 24 57972180
22 17 57742320
22 17 57741120
37 120 57739200
3 55 57737220
3 0 57737220
0 55 57731640
0 3 57731640
3 55 57731340
3 0 57731340
37 120 57637860
37 120 57564900
37 120 57454680
83 40 57452520
37 120 57396420
22 6 57394560
22 17 57394560
3 55 57376980
3 0 57376980
37 120 57371520
25 147 57325980
25 136 57225900
149 25 57052680
149 113 57052680
149 107 57052680
149 24 57052680
120 37 57036600
37 120 57023340
55 3 57022800
55 0 57017040
37 120 56946000
37 120 56939040
37 120 56870640
37 120 56855040
120 37 56852820
120 37 56848380
25 136 56815680
37 120 56764800
22 6 56557368
22 17 56557368
0 55 56532960
0 3 56532960
37 120 56520900
37 120 56509620
0 55 56444880
0 55 56439600
0 3 56439600
37 120 56439060
37 120 56436900
37 120 56435160
120 37 56428860
120 37 56418300
149 113 56416680
37 120 56351760
0 3 56342400
0 55 56329260
0 3 56329260
149 25 56268840
149 113 56268840
149 107 56268840
149 24 56268840
120 37 56252640
120 37 56252160
55 0 56155500
55 3 56155500
22 6 55953540
22 17 55953540
37 120 55915380
37 120 55907460
120 37 55902960
120 37 55900320
120 37 55897980
25 136 55896780
17 22 55855320
17 6 55855320
120 37 55839360
37 120 55834320
149 25 55832280
149 113 55832280
149 107 55832280
149 25 55829520
149 113 55829520
149 107 55829520
149 24 55829520
149 25 55827360
149 113 55827360
149 107 55827360
149 24 55827360
25 24 55814040
149 25 55813980
149 113 55813980
149 107 55813980
149 24 55813980
22 17 55812480
22 6 55753860
22 17 55753860
0 55 55752780
0 3 55752780
0 55 55749180
37 120 55734480
25 136 55693500
0 55 55573920
0 55 55555260
0 3 55555260
22 17 55324980
120 25 55318260
22 6 55234860
0 55 55218060
0 3 55218060
149 25 55214040
149 113 55214040
149 107 55214040
149 24 55214040
22 17 55209000
22 113 55066920
22 6 55066440
22 37 55065900
22 6 55065900
113 149 54948000
25 24 54882120
149 25 54757380
149 113 54757380
149 107 54757380
149 24 54757380
99 35 54717600
22 17 54686940
22 17 54685320
149 25 54630600
149 113 54630600
149 107 54630600
149 24 54630600
22 17 54625680
22 120 54624000
22 6 54623100
22 17 54623100
37 120 54608940
149 25 54603360
149 113 54603360
149 107 54603360
149 24 54603360
0 3 54601740
0 55 54600600
0 3 54600600
22 17 54462840
22 6 54449520
22 17 54449520
149 25 54429300
149 113 54429300
149 107 54429300
149 24 54429300
25 136 54393840
22 6 54359820
22 17 54359820
120 37 54347880
0 3 54112740
92 149 54077340
92 149 54014760
136 49 54010080
136 121 54010080
136 25 54010080
136 99 54010080
136 147 54010080
22 6 53996340
22 17 53996340
22 6 53994060
22 17 53994060
25 136 53873160
25 136 53872560
92 149 53832960
22 120 53763720
25 120 53754240
22 6 53753100
22 17 53753100
22 17 53425860
22 17 53353320
149 113 53314860
149 107 53314860
149 24 53314860
22 6 53137320
22 17 53137320
6 8 52813740
22 17 52810320
0 3 52267620
0 55 52108020
120 37 52010100
25 136 51964560
37 120 51691380
25 136 51624900
25 147 51624900
22 6 51579420
22 17 51579420
22 17 51500580
120 37 51490380
25 147 51489780
22 17 51078180
22 6 51064560
37 120 50907960
22 18 50892240
22 17 50892240
120 37 50889600
120 37 50888520
37 120 50836440
120 37 50831580
37 120 50826360
22 6 50825280
22 17 50825280
37 120 50822400
22 18 50802420
22 17 50802420
149 24 50741700
149 113 50740080
37 120 50737800
149 24 50736540
22 17 50727240
37 120 50718420
120 37 50714940
37 120 50487720
37 120 50487660
37 120 50465760
22 17 50453340
22 8 50402160
22 17 50402160
22 17 50400240
37 120 50315400
37 120 50311080
120 37 50309640
149 24 50297820
120 37 50282040
37 120 50229000
113 149 50214240
8 22 50206020
8 17 50206020
8 22 50204940
8 17 50204940
149 113 50201700
0 3 50197860
22 6 50195160
22 17 50195160
22 8 50194560
22 17 50194560
37 120 50142600
17 22 50138100
8 22 50136900
8 17 50136900
37 120 50135820
149 24 50129100
22 17 50120880
149 24 50120580
37 120 50119800
149 24 50116620
149 113 50115540
0 3 50112780
0 3 50109240
37 120 49880220
17 6 49875660
17 8 49875660
120 37 49771560
0 3 49769880
8 22 49686720
37 120 49682760
22 8 49680000
22 8 49618080
22 17 49618080
8 6 49607160
8 17 49607160
0 3 49590720
6 8 49522140
8 22 49517700
8 17 49517700
17 22 49505940
17 8 49505940
17 22 49502400
17 8 49502400
22 8 49501800
22 17 49501800
149 24 49270500
0 55 49270380
0 3 49270380
8 22 49266720
8 6 49266720
8 17 49266720
8 22 49265700
8 17 49265700
6 8 49255380
120 37 49243860
8 6 49185720
8 17 49185720
0 55 49171500
0 3 49171500
120 37 49161120
17 22 49157640
25 136 49122060
25 136 49121640
37 120 49109280
22 6 49101180
22 17 49101180
17 22 49074660
17 6 49074660
17 22 49073460
25 136 49038420
25 136 49037940
25 136 49037520
149 24 49004700
149 24 48993420
22 6 48990360
6 22 48989820
22 6 48989040
22 17 48989040
22 6 48987120
22 17 48987120
22 17 48933240
120 37 48913380
149 113 48912840
149 24 48912840
149 113 48403920
149 24 48403920
22 6 48403740
22 17 48403740
149 113 48401280
149 24 48401280
22 6 48305700
22 18 48305700
22 17 48305700
99 35 48305400
120 37 48297660
0 55 47962380
0 3 47962380
0 55 47961360
0 3 47961360
6 22 47883480
37 120 47725740
37 120 47724960
37 120 47698500
99 49 47689920
149 63 47457180
149 113 47457180
149 24 47457180
0 3 47440260
149 113 47375520
149 24 47375520
0 3 47344260
22 17 47342220
149 24 47199060
8 6 47191320
149 113 47172660
25 136 47135340
120 37 47093340
25 136 47044440
25 136 47039220
37 120 46843800
0 3 46837140
37 120 46835640
37 120 46773300
149 113 46773300
149 24 46773300
120 37 46768500
0 55 46743840
0 3 46743840
120 37 46741800
37 120 46679400
0 55 46677480
0 3 46677480
0 3 46652280
37 120 46572240
8 6 46570680
8 17 46570680
37 120 46486380
0 55 46484820
0 3 46484820
37 120 46482600
120 37 46481880
0 55 46252680
0 3 46252680
149 113 46246320
149 24 46246320
120 37 46242780
37 120 46241100
37 120 46240740
0 55 46239960
0 3 46239960
149 113 46235160
113 149 46232100
149 113 46227660
149 113 46156020
0 3 46148520
37 120 46145160
120 37 46141440
149 24 46075740
120 37 46070280
8 22 46069380
8 6 46069380
8 17 46069380
120 37 46069020
22 6 45984420
37 120 45903180
37 120 45892080
149 24 45888300
37 120 45885540
149 24 45876180
149 24 45641460
149 113 45637560
37 120 45624420
149 63 45556380
149 113 45556380
149 24 45556380
37 120 45555360
37 120 45480060
149 24 45464400
22 18 45462960
25 136 45458760
149 24 45452100
149 24 45450600
25 136 45390600
25 147 45390600
0 55 45380100
0 3 45380100
149 24 45377160
149 113 45362160
149 24 45362160
149 24 45302640
149 24 45302580
99 49 45272460
0 55 45040980
0 3 45040980
0 55 45037980
0 3 45037980
149 24 45036540
55 0 45019380
55 3 45019380
22 6 45019320
22 17 45019320
55 0 45015420
55 3 45015420
149 24 45014580
0 3 44938800
149 24 44855400
0 3 44845440
0 55 44668140
0 3 44668140
149 113 44344080
149 113 44339040
149 24 44339040
25 136 44331300
120 37 44264340
149 113 44233620
25 147 44196420
120 37 44159760
120 37 44154600
120 37 44147280
120 37 44147100
37 120 44070660
120 37 44064420
0 3 44064420
149 113 44061300
149 63 44061000
149 113 44061000
149 24 44061000
149 24 43813080
22 17 43808040
120 37 43487400
17 6 43482300
120 37 43458300
6 17 43205520
22 17 43118580
22 8 43117200
22 17 43117200
120 37 42945720
149 24 42607800
8 6 42601440
8 17 42601440
149 63 42512520
149 24 42512520
25 136 42298680
63 149 42281400
120 37 42275280
0 3 42256440
25 147 42203700
25 136 42203580
25 136 42203400
25 136 42203220
149 24 42015540
149 113 42006360
22 6 42003780
22 6 42003720
149 63 41995260
149 113 41995260
149 24 41995260
60 76 41921520
0 3 41905200
22 6 41899680
0 3 41837040
149 113 41815860
149 24 41768520
22 6 41745000
22 8 41745000
22 17 41745000
37 120 41416320
120 37 41313660
22 6 41304360
22 17 41304360
149 24 41239020
149 113 41222340
149 113 41183040
149 24 41183040
149 24 41140860
22 6 41140260
22 17 41140260
22 6 41127900
22 17 41127900
37 132 41068920
132 37 41067180
55 34 40689240
8 6 40451700
8 17 40451700
120 37 40444560
149 24 40107180
149 24 40106640
60 76 40098480
149 113 40016640
8 6 39932520
8 17 39932520
32 18 39918600
0 3 39912840
22 8 39758280
22 17 39758280
22 8 39754020
22 17 39754020
37 120 38996340
37 120 38994480
22 6 38910360
22 17 38910360
22 6 38901420
22 17 38901420
22 6 38900940
22 17 38900940
17 6 38893740
120 37 38818260
60 31 38645700
22 6 38644320
22 17 38644320
8 6 38643120
8 17 38643120
22 17 38629140
22 6 38381040
22 17 38381040
8 6 38289180
8 17 38289180
149 113 38099340
49 34 38034840
22 17 37505520
149 24 37429560
22 6 37075860
22 17 37075860
25 136 36923160
25 136 36922800
22 6 36825120
22 17 36825120
22 6 36821400
22 17 36821400
22 17 36570300
99 49 36392520
22 6 35959380
22 6 35792040
22 17 35792040
25 136 35356860
25 24 35353320
22 6 35266440
22 17 35266440
22 6 35007420
22 17 35007420
22 17 35001420
22 6 34995600
22 17 34995600
113 149 34756500
99 49 34691340
25 136 34466100
37 120 34151340
37 120 34150260
37 120 33980880
37 120 33964800
37 120 33444180
22 17 32936760
22 6 32934780
22 17 32934780
22 6 32934240
22 17 32934240
22 6 32657700
22 17 32657700
22 6 32325060
22 17 32325060
22 6 32234700
22 17 32234700
40 32 32080740
22 17 31653540
22 17 31127880
37 120 30497520
149 113 30497220
22 6 30239940
22 17 30239940
22 6 29833620
22 6 29832060
22 17 29832060
22 6 29644260
22 17 29644260
37 132 29044140
22 6 29038440
22 17 29038440
37 132 28447620
37 132 28446300
22 6 28421880
22 6 27742380
22 17 27742380
22 6 27416820
22 6 26866980
22 17 26866980
22 6 26800080
22 17 26800080
22 6 26013900
22 17 26013900
22 6 25416240
22 17 25416240
22 6 25403640
22 8 25403640
22 17 25403640
22 6 25083840
22 17 25083840
22 6 25083120
22 17 25083120
22 6 25082520
22 17 25082520
37 22 24807540
22 17 23767320
22 6 23675700
22 6 23246160
22 17 23246160
22 6 23177880
22 6 23152620
22 17 22997520
149 113 22983180
22 6 22914960
22 17 22914960
22 6 22635720
22 17 22635720
37 132 22568640
22 17 22553880
149 113 22372980
22 17 21338760
22 17 21251940
22 17 21187560
22 17 21175560
22 6 21169500
22 17 21169500
22 17 19895940
37 132 18837900
149 113 18332580
149 113 18259800
149 113 18227340
149 113 17491440
37 22 13573620
37 22 13492140
37 22 12964440
37 22 12898440
37 22 11413740
37 22 10476420
