13 14 90675072
13 14 90675048
13 14 90675017
13 14 90674917
13 14 90674878
13 14 90674853
13 14 90674823
13 14 90674722
13 11 90673667
13 14 90673649
13 14 90672343
13 11 90671879
13 11 90671846
13 11 90671832
13 11 90671818
13 11 90671794
13 14 90657092
11 13 90399389
11 13 90395748
11 14 90395748
11 16 90395748
13 14 90241911
13 11 90241911
13 16 90241911
11 16 90238219
13 14 90164928
13 14 90142424
13 11 90142424
13 16 90142424
13 14 89981286
11 13 89789208
11 14 89789208
11 16 89789208
16 14 89730093
16 11 89730093
13 11 89472341
11 13 89469150
11 14 89469150
11 16 89469150
13 14 89463392
14 13 89458878
6 13 89219026
6 14 89219026
6 11 89219026
6 16 89219026
13 23 89200545
23 13 89192033
11 13 89189628
14 13 89187933
13 14 89186457
13 11 89186457
13 16 89186457
11 13 89184708
11 14 89184708
11 16 89184708
6 13 89114664
11 14 89097407
13 14 88951540
13 11 88951540
13 16 88951540
11 14 88933902
13 14 88867878
13 11 88867878
13 16 88867878
14 13 88865811
14 6 88861222
14 6 88837878
14 13 88837878
14 11 88837878
14 16 88837878
11 6 88601015
11 13 88600899
6 13 88600678
6 14 88600678
6 11 88600678
6 16 88600678
6 13 88596433
6 14 88596433
11 13 88582509
11 14 88582509
11 16 88582509
13 14 88510669
13 11 88510669
13 16 88510669
13 16 88496429
16 13 88493328
35 36 88257513
14 13 87981599
11 13 87974539
11 14 87974539
11 16 87974539
14 11 87910506
14 16 87910506
37 7 87893184
6 14 87811087
7 37 87810444
16 13 87745230
16 14 87745230
16 11 87745230
35 38 87734436
13 6 87731158
6 13 87731155
35 38 87723913
6 11 87722032
35 38 87378987
14 11 87283832
11 14 87283793
13 11 87283426
11 13 87283420
11 14 87283420
11 16 87283420
45 32 87223766
7 37 87221559
38 46 87205072
38 35 87205072
46 35 87131901
46 38 87131901
46 36 87131901
13 16 87120744
13 16 87112850
14 13 87055787
38 46 87029626
38 35 87029626
38 46 87026083
38 35 87026083
38 46 87022132
38 35 87022132
11 13 86767156
11 14 86767156
11 16 86767156
14 13 86708120
11 13 86703155
13 14 86694164
13 11 86694164
13 16 86694164
36 52 86677659
36 43 86677659
36 38 86677659
94 36 86605061
66 87 86539407
13 14 86535204
94 5 86532076
6 13 86514625
36 94 86512688
11 13 86509768
14 13 86506486
14 11 86506486
14 16 86506486
38 35 86450498
71 37 86448387
71 82 86448387
38 35 86433920
36 52 86427685
36 43 86427685
36 38 86427685
13 16 86418081
71 37 86265309
71 82 86265309
93 71 86189894
13 11 86189099
93 71 86169976
93 73 86169976
14 13 86169200
36 52 86166119
36 38 86166119
11 13 86165421
11 14 86165421
11 16 86165421
13 14 86165332
13 16 86165332
11 13 86164759
38 35 86163260
59 60 86161907
52 36 86160183
16 13 86159888
16 14 86159888
16 11 86159888
36 52 86110256
13 16 86106324
13 14 86102928
13 11 86102928
13 16 86102928
6 13 86102778
6 14 86102778
6 11 86102778
38 46 86093918
38 35 86093918
38 46 86093707
38 35 86093707
60 59 86087846
13 16 86086977
14 13 86082945
14 11 86082945
14 16 86082945
68 76 86082685
14 13 86080299
14 11 86080299
14 16 86080299
93 71 86074781
93 71 86073430
35 38 86010023
11 16 86009896
52 50 86004328
36 38 86000677
38 52 85998390
11 14 85997112
14 13 85996722
14 11 85996722
14 16 85996722
11 14 85995263
38 52 85994813
38 36 85994087
38 89 85993620
93 71 85986855
87 66 85950101
14 13 85931149
46 35 85914961
13 14 85909082
13 11 85909082
13 16 85909082
13 14 85834634
38 35 85833793
35 38 85820538
13 11 85816276
66 87 85574514
13 14 85570946
13 11 85570946
13 16 85570946
87 66 85518128
87 66 85496783
13 16 85494995
13 14 85494240
13 11 85494240
13 16 85494240
13 14 85475335
13 11 85475335
13 16 85475335
13 16 85472234
13 16 85471047
11 13 85470904
11 14 85470904
11 16 85470904
13 14 85470319
13 11 85470319
13 16 85470319
23 13 85413955
13 14 85408694
38 46 85324484
38 35 85324484
13 14 85314136
11 13 85298019
11 14 85298019
11 16 85298019
13 11 85297346
36 73 85254077
87 66 84993761
87 66 84974456
11 13 84969350
11 14 84969350
11 16 84969350
14 13 84967307
13 14 84953499
13 11 84953499
13 16 84953499
13 14 84947325
13 11 84947325
13 16 84947325
11 13 84945340
87 66 84885893
87 66 84885750
87 66 84885685
93 73 84809776
6 13 84803766
66 87 84799477
89 68 84785178
87 93 84736160
6 13 84634352
6 13 84621742
82 2 84621683
87 66 84621312
13 14 84621049
13 11 84621049
13 16 84621049
13 14 84613043
13 14 84612698
14 13 84612162
14 11 84612162
14 16 84612162
23 13 84356534
13 23 84355948
23 13 84355736
13 23 84355364
11 13 84353707
11 14 84353707
11 16 84353707
35 38 84348928
38 52 84345284
11 13 84344619
11 14 84344619
11 16 84344619
52 38 84281768
13 14 84275629
13 11 84275629
13 16 84275629
60 76 84267266
11 13 84265643
13 14 84264375
13 14 84260938
13 11 84260938
13 16 84260938
14 13 84260502
13 14 84200258
87 66 84194828
89 66 84194630
87 66 84194434
89 66 84180230
52 50 84108192
13 14 84104485
89 71 84101432
112 93 84096976
112 11 84096976
13 14 84026877
13 11 84026877
13 16 84026877
68 71 84021462
6 13 84020054
11 112 84004704
13 14 84002626
13 16 84002626
93 112 83767106
11 13 83747743
11 14 83747743
11 16 83747743
38 35 83745165
13 14 83741000
13 11 83741000
13 16 83741000
93 71 83738982
87 66 83681037
87 66 83680875
38 35 83675063
87 66 83672164
7 52 83658578
13 14 83591678
13 23 83584843
23 13 83584133
13 23 83577308
13 16 83568488
13 14 83568345
13 11 83568345
13 16 83568345
93 71 83568067
93 112 83567816
13 11 83156915
11 13 83138043
11 13 83137309
11 14 83137309
11 16 83137309
11 13 83069774
13 16 83057349
112 93 82542898
11 13 82542337
11 13 82540554
11 14 82540554
11 16 82540554
11 23 82538450
93 112 82479254
13 11 82460532
13 14 82460482
16 11 82394177
124 120 82384511
93 112 82380483
94 5 82377563
112 93 82372463
112 93 82363886
35 46 82363674
35 38 82363674
16 37 82362529
16 13 82362529
93 112 82314507
13 14 82305869
13 16 82305869
13 16 82272971
13 16 82272923
124 37 82204650
124 120 82204650
6 13 82200192
112 93 82191598
112 11 82191598
13 14 82186231
93 71 82185847
93 112 82181633
14 13 82180671
13 16 82178770
93 112 81953509
11 13 81949328
66 87 81948626
11 13 81943851
11 14 81943851
11 16 81943851
120 124 81943584
93 66 81938460
93 87 81938460
120 124 81860679
124 120 81858762
124 120 81858534
11 13 81849009
11 14 81849009
11 16 81849009
120 124 81847501
13 14 81788767
13 11 81788767
13 16 81788767
112 93 81779867
93 112 81774273
112 93 81772159
38 46 81770773
38 35 81770773
112 93 81768617
112 93 81761740
93 112 81760491
120 124 81760392
93 71 81759544
14 13 81756563
89 71 81700758
11 13 81692137
11 14 81692137
11 16 81692137
16 13 81689099
93 71 81682104
14 11 81599086
14 16 81599086
13 14 81587933
13 11 81587933
13 16 81587933
120 124 81584921
93 112 81324595
14 13 81323037
14 11 81323037
50 52 81288607
112 93 81265225
112 11 81255786
11 13 81253938
11 14 81253938
11 16 81253938
11 13 81244163
37 2 81186858
35 38 81174439
38 46 81169389
38 35 81169389
43 57 81163784
87 66 81101866
6 11 81094702
112 93 81094233
112 93 81093676
93 112 81093575
93 112 81078842
87 66 81078574
6 11 81070175
120 124 81065533
93 112 81065447
11 13 81003248
11 14 81003248
11 16 81003248
112 93 80997335
46 35 80985842
93 112 80933198
68 45 80742653
120 37 80724817
11 13 80723329
11 13 80722904
11 13 80722118
11 14 80722118
11 16 80722118
120 124 80720127
124 120 80657700
68 76 80652048
112 93 80647818
46 35 80640696
13 14 80639849
13 11 80639849
13 16 80639849
11 13 80639632
11 14 80639632
39 35 80639457
35 46 80639101
35 38 80639101
2 71 80577666
13 14 80547416
93 112 80500113
23 13 80494084
112 93 80493186
13 23 80488554
23 13 80487009
37 131 80471612
37 120 80470257
37 131 80468042
13 14 80461956
13 11 80461956
13 16 80461956
112 93 80460571
120 124 80459340
82 2 80457853
112 93 80409131
13 14 80400466
6 11 80399083
38 46 80396396
38 46 80396339
11 23 80393679
6 23 80393637
112 93 80382788
82 71 80379945
11 23 80368624
94 5 80213294
94 5 80213083
112 93 79968490
112 93 79968068
93 112 79965289
82 71 79961881
82 2 79961881
112 93 79959967
112 93 79958780
39 35 79953545
82 71 79951917
124 120 79950802
11 13 79945912
11 14 79945912
11 16 79945912
11 13 79943077
120 124 79942336
11 23 79941443
82 2 79940311
82 2 79940097
66 87 79890820
124 120 79881963
82 2 79874320
35 39 79868463
129 73 79868057
82 71 79858988
82 37 79858988
82 2 79858988
76 68 79844397
112 93 79807228
82 71 79797117
82 37 79797117
82 2 79797117
6 13 79787195
2 82 79776287
112 93 79776158
94 5 79776114
93 112 79775464
93 112 79774737
93 112 79772750
112 93 79771385
112 93 79770895
39 46 79764752
93 112 79761056
94 5 79628542
112 93 79595548
14 13 79540155
82 71 79532574
82 37 79532574
82 2 79532574
11 13 79519221
11 14 79519221
11 16 79519221
73 43 79519213
11 13 79517909
11 14 79517909
11 16 79517909
11 13 79517766
124 120 79515149
129 73 79513721
13 14 79513554
43 73 79506659
82 71 79448723
82 37 79448723
82 2 79448723
11 14 79447402
57 122 79446963
14 13 79446288
14 13 79445107
14 16 79445107
16 13 79442731
14 13 79435710
13 11 79434426
124 120 79432536
52 46 79431024
13 14 79430242
129 73 79427881
120 124 79425491
124 120 79424876
37 131 79424776
120 124 79422482
129 73 79421278
93 112 79420873
11 13 79417646
11 14 79417646
11 16 79417646
120 124 79365537
93 112 79365428
129 73 79365316
37 131 79365100
6 13 79361721
6 13 79360509
6 11 79358867
131 37 79358646
43 52 79356169
43 38 79356169
73 133 79352266
112 93 79350468
112 93 79349137
124 120 79347087
71 82 79345540
82 71 79344609
71 82 79344007
13 14 79342352
14 11 79340409
37 131 79340313
93 112 79336500
14 13 79284279
13 14 79283577
13 11 79283577
13 16 79283577
66 87 79275275
133 73 79274976
112 93 79273165
14 13 79270583
112 93 79267393
50 7 79262129
46 133 79259462
38 36 79258084
2 82 79256466
2 82 79252446
2 82 79252107
129 73 79193982
112 93 79183298
68 45 79177292
46 52 79171106
82 2 79170262
82 2 79170175
68 45 79169972
13 14 79165987
13 11 79165987
13 16 79165987
93 112 79159387
93 112 79157983
66 87 78932927
37 124 78923522
13 16 78920089
13 16 78919261
16 13 78913073
93 112 78911596
131 37 78911330
131 124 78911330
93 112 78900209
13 6 78896853
6 13 78847210
82 71 78844586
131 37 78843095
112 93 78837319
93 112 78828470
112 93 78827589
112 93 78826268
124 37 78824231
124 131 78823971
131 37 78823014
131 124 78823014
66 87 78776415
112 93 78767775
82 71 78760156
82 37 78760156
82 2 78760156
38 35 78757317
35 38 78757064
35 39 78757064
6 11 78755959
6 11 78755050
66 87 78753905
66 87 78753664
112 93 78748705
112 93 78744153
93 112 78743533
2 82 78741757
2 82 78741004
2 82 78740947
2 82 78736385
16 13 78690016
82 71 78673113
82 37 78673113
82 2 78673113
82 131 78671749
16 13 78670731
120 124 78668675
82 71 78667348
82 37 78667348
82 2 78667348
120 124 78665601
82 2 78665121
16 13 78664200
16 14 78664200
16 11 78664200
112 93 78660806
120 124 78660163
82 2 78655521
112 93 78652879
43 52 78637909
2 82 78594052
5 94 78591775
93 112 78587075
82 71 78586287
82 37 78586287
82 2 78586287
82 71 78583079
112 93 78581862
82 71 78574102
82 37 78574102
82 2 78574102
120 124 78573263
13 14 78572714
39 35 78572365
120 124 78566970
120 37 78566387
13 11 78561389
13 16 78553679
13 14 78552421
13 11 78552421
13 16 78552421
112 93 78475130
112 93 78330455
112 93 78328321
93 112 78324936
112 93 78319925
93 112 78314679
93 112 78314607
14 13 78313142
11 13 78311446
11 14 78311446
11 16 78311446
112 93 78309839
112 93 78306084
38 36 78305178
93 112 78300949
112 93 78249016
93 112 78246603
112 93 78245696
13 14 78244786
37 131 78234271
93 112 78233464
120 124 78227051
112 93 78224417
82 71 78220049
82 37 78220049
82 2 78220049
14 13 78215932
2 82 78214412
11 14 78211844
131 37 78158721
37 131 78157095
13 14 78156021
13 11 78156021
13 16 78156021
120 124 78154463
82 71 78152871
82 37 78152871
82 2 78152871
93 112 78148332
112 93 78140722
112 93 78134504
112 93 78133610
82 71 78131053
82 37 78131053
82 2 78131053
71 82 78130374
71 82 78130318
2 82 78129470
2 82 78129350
82 71 78125699
82 37 78125699
82 2 78125699
2 82 78125414
13 14 78123246
13 11 78123246
13 16 78123246
2 82 78123145
66 87 78082445
112 93 78068574
93 112 78068492
112 93 78067930
93 112 78064981
131 37 78063432
93 112 78062522
82 131 78062130
82 71 78057649
82 37 78057649
82 2 78057649
82 131 78056068
82 71 78050078
82 37 78050078
82 2 78050078
112 93 77988471
112 5 77988471
112 93 77983182
112 5 77983182
37 120 77980178
112 93 77975801
82 37 77975332
82 2 77975332
14 11 77970341
11 13 77970340
11 14 77970340
11 16 77970340
6 13 77965420
2 82 77961804
82 2 77957149
120 124 77957017
120 124 77953694
23 13 77953509
112 93 77952850
112 5 77952850
93 112 77949892
93 5 77949892
93 112 77949394
93 5 77949394
14 13 77898621
13 14 77898619
13 11 77898619
13 16 77898619
112 93 77867518
14 13 77714934
82 2 77713665
82 2 77712959
120 124 77712166
14 11 77708078
112 93 77706066
2 82 77705911
13 14 77705224
112 93 77705004
2 82 77704359
13 14 77704352
2 82 77704035
36 52 77696199
36 38 77696199
120 124 77696146
93 112 77694813
93 5 77694813
2 82 77693280
93 112 77692278
93 5 77692278
11 13 77691326
11 14 77691326
11 16 77691326
131 37 77691059
11 13 77689423
11 13 77686683
120 124 77635625
43 52 77631874
38 46 77630966
13 14 77630743
14 13 77630614
46 38 77629807
112 93 77629451
93 112 77629377
112 93 77629125
66 87 77626322
43 38 77622027
93 5 77621788
93 112 77620073
112 93 77619135
93 112 77619116
93 112 77618514
14 13 77609207
71 5 77607613
131 37 77607325
129 73 77606001
6 11 77605529
112 93 77605155
112 93 77604784
129 73 77604248
2 82 77603960
2 82 77601157
93 5 77598781
93 5 77553217
89 71 77551823
129 73 77545959
14 13 77544840
93 112 77543132
14 13 77540623
129 73 77539950
2 82 77538504
2 82 77535047
23 13 77533366
13 14 77532996
124 120 77532053
13 23 77531884
23 11 77524132
23 13 77523730
23 11 77523730
112 93 77521657
46 73 77521018
13 14 77519975
13 11 77519975
13 16 77519975
6 13 77515354
6 23 77515354
112 93 77466914
2 82 77464532
112 93 77464269
13 14 77461251
13 11 77461251
13 16 77461251
14 16 77461243
112 93 77460715
66 87 77460536
93 112 77459890
112 93 77459701
112 5 77459701
112 93 77457530
93 112 77456986
50 52 77447823
37 131 77443859
37 124 77443859
124 37 77441687
124 120 77439353
112 93 77437797
6 13 77436901
112 93 77435379
124 120 77434873
120 124 77433731
120 124 77432776
11 13 77427221
112 93 77380326
131 37 77372500
35 38 77371080
14 13 77370488
112 93 77367717
37 131 77365680
52 46 77364901
36 52 77364582
36 38 77364582
131 37 77364486
14 13 77363838
13 6 77362300
112 93 77361932
37 120 77361918
14 13 77361279
112 93 77361084
94 5 77360118
112 93 77359824
46 52 77357438
6 13 77357208
6 23 77357208
131 37 77352620
13 14 77351977
13 11 77351977
13 16 77351977
13 6 77351208
120 93 77350347
120 124 77350347
23 13 77350032
120 37 77348600
2 82 77347457
57 124 77341453
6 13 77340083
66 87 77284129
13 23 77281548
13 14 77186619
112 93 77178142
14 13 77130840
112 93 77121306
112 13 77119258
14 16 77113156
14 13 77112855
82 2 77090301
11 13 77085496
112 93 77085131
11 13 77084251
11 14 77084251
11 16 77084251
120 124 77084046
2 82 77083081
112 93 77046621
13 14 77030994
13 11 77030994
13 16 77030994
13 14 77030873
13 11 77030873
13 16 77030873
37 124 77029737
13 16 77026801
124 120 77026297
13 23 77008498
37 124 77007089
23 13 77004081
23 14 77004081
37 124 77002930
124 37 77000794
82 2 77000722
13 14 76999918
13 11 76999918
13 16 76999918
37 120 76999409
14 13 76999031
11 6 76997421
37 131 76946369
112 93 76940217
82 2 76939584
124 120 76936023
112 93 76935335
37 124 76934662
112 93 76931249
131 37 76929529
131 37 76928322
37 131 76920677
124 37 76920176
124 37 76918765
129 73 76918358
11 14 76917617
2 82 76915894
14 13 76914294
112 93 76912942
37 120 76860896
37 124 76860896
37 120 76859835
37 124 76859835
131 37 76858626
112 93 76857326
13 11 76855970
112 93 76854535
14 13 76850567
14 23 76850567
37 120 76849119
13 11 76848862
112 93 76848852
37 120 76848782
112 93 76846075
120 37 76845781
2 82 76845387
6 13 76843630
93 112 76843067
120 124 76842264
13 14 76840241
112 93 76834568
2 82 76834041
82 2 76833543
2 82 76832843
2 82 76832757
124 120 76831374
120 124 76828787
37 120 76828500
120 124 76827747
120 37 76827687
120 124 76827687
13 14 76827011
13 11 76827011
13 16 76827011
37 120 76777039
93 112 76768133
112 93 76768068
112 93 76766042
2 82 76765863
120 124 76763541
120 37 76759618
37 120 76756484
120 37 76755046
112 93 76749646
93 112 76749459
120 124 76749224
112 93 76748887
93 112 76748806
112 93 76748291
14 13 76746667
14 23 76746667
129 73 76746589
13 14 76744012
13 11 76744012
13 16 76744012
120 37 76742572
2 82 76737834
2 82 76737653
5 94 76680877
13 14 76516287
120 124 76507413
120 37 76505283
136 43 76504108
136 57 76504108
136 38 76504108
136 36 76504108
136 122 76504108
120 124 76502356
112 93 76492155
112 5 76488766
14 13 76484405
14 13 76482394
122 57 76482389
122 136 76482389
11 13 76482166
11 14 76482166
11 16 76482166
93 112 76478632
13 14 76427202
13 11 76427202
13 16 76427202
13 6 76421677
13 16 76417540
112 93 76407003
35 39 76404639
2 82 76403588
112 93 76401940
93 112 76401459
2 82 76400579
14 11 76398374
2 82 76395262
2 82 76394750
112 93 76391249
93 112 76390678
93 112 76389388
93 5 76389388
112 93 76363146
93 112 76344313
93 5 76344313
112 93 76344189
37 120 76334828
93 112 76333882
93 5 76333451
37 120 76331699
120 37 76331234
13 14 76330351
131 37 76328661
112 93 76327083
112 93 76323256
93 112 76323206
93 5 76323206
38 36 76321123
112 93 76318876
112 93 76318791
112 93 76310905
6 13 76310824
112 93 76309540
112 93 76257175
93 112 76257159
93 5 76257159
93 112 76256903
93 112 76256542
2 82 76255834
13 16 76248008
23 13 76244179
68 45 76242934
2 82 76242428
37 131 76239932
112 93 76238497
82 2 76238048
112 93 76228889
112 93 76227971
23 13 76226457
37 131 76226293
112 93 76226166
112 93 76225990
14 13 76225055
82 2 76221958
2 82 76219428
2 82 76218835
112 93 76190041
13 14 76166764
13 16 76166764
13 14 76166208
13 11 76166208
13 16 76166208
13 14 76165744
13 11 76165744
13 16 76165744
14 13 76165654
13 6 76165573
13 6 76165079
38 36 76160199
82 2 76159287
131 120 76158613
120 124 76158201
82 2 76156980
37 120 76156121
120 124 76154849
6 13 76154555
6 13 76154357
13 16 76151587
13 14 76151467
13 11 76151467
13 16 76151467
112 93 76146391
112 93 76144473
93 112 76143150
112 93 76140919
93 112 76139796
14 13 76137993
82 2 76135707
2 82 76132704
2 82 76131356
112 93 76083118
93 112 76062143
93 112 76061515
93 112 76060733
93 112 76060684
13 6 76059671
112 93 76054360
112 93 76052951
112 93 76052725
93 112 76051277
120 37 75905072
37 120 75901899
112 93 75900398
120 37 75900313
112 5 75898388
37 120 75895024
11 13 75882345
11 14 75882345
11 16 75882345
131 37 75819208
131 37 75814874
35 39 75783637
87 84 75744095
112 93 75733314
2 82 75730011
93 112 75724893
14 16 75711867
112 93 75702264
13 14 75666619
13 16 75666619
124 120 75647840
112 5 75645795
112 93 75644776
112 73 75644776
112 93 75644117
112 73 75644117
14 13 75641550
13 14 75641550
82 2 75640613
112 93 75637060
112 73 75637060
66 84 75634992
66 87 75634992
2 82 75630323
82 2 75630294
112 93 75623964
2 82 75623921
112 5 75622185
112 93 75619334
13 14 75580769
13 14 75579650
13 16 75579650
13 14 75579522
13 16 75579522
112 93 75568695
112 93 75566907
2 82 75562780
112 93 75559452
93 112 75559423
112 93 75559228
93 112 75558942
37 120 75556876
112 93 75555174
112 93 75554938
112 93 75554197
124 37 75553224
37 120 75549020
2 82 75547999
2 82 75545827
112 93 75540373
2 82 75539442
2 82 75538985
112 93 75538492
129 73 75536693
112 93 75535396
2 82 75534689
112 93 75534628
2 82 75532795
2 82 75531494
2 82 75527876
93 112 75526406
93 112 75526318
112 93 75448717
112 93 75366585
112 5 75366585
37 120 75302017
82 2 75291899
6 13 75291242
68 45 75280057
68 32 75280057
112 93 75279206
11 13 75272559
11 14 75272559
11 16 75272559
73 129 75269995
87 66 75224657
112 93 75221073
37 120 75218027
112 93 75215397
112 73 75215397
13 14 75215204
66 87 75215156
11 13 75205377
13 14 75204823
13 11 75204823
13 16 75204823
82 2 75204165
112 93 75202658
13 14 75202507
13 16 75202507
112 93 75202012
112 73 75202012
89 50 75195582
112 93 75195524
16 13 75193785
16 11 75193785
131 37 75191895
13 14 75186736
112 93 75128917
112 93 75127598
66 84 75124971
112 93 75123177
131 37 75120079
112 93 75117830
112 5 75117830
112 93 75103390
112 93 75099149
13 11 75040249
11 13 75039382
124 120 75026395
66 87 75022053
82 71 75020647
14 16 75019308
2 82 75016625
71 5 75016230
5 71 75016134
71 5 75015600
129 73 75015093
13 11 74957683
112 93 74954528
112 93 74953643
112 93 74952431
13 14 74952048
13 11 74952048
13 16 74952048
112 93 74950534
112 73 74950534
112 93 74943716
14 13 74931808
14 16 74931808
14 13 74931745
14 16 74931745
112 93 74925373
13 14 74871477
13 11 74871477
13 16 74871477
112 93 74697380
112 93 74693715
112 93 74690518
112 93 74689224
11 13 74685461
11 14 74685461
11 16 74685461
52 7 74683341
112 93 74683270
11 13 74677998
112 93 74677155
129 73 74665740
13 14 74662614
13 11 74662614
13 16 74662614
2 82 74609259
112 93 74601215
112 73 74601215
112 93 74600618
112 73 74600618
112 93 74600348
112 73 74600348
112 93 74597531
112 73 74597531
13 14 74594773
112 93 74593512
112 93 74591621
120 124 74589448
11 13 74587170
11 14 74587170
11 16 74587170
112 93 74586094
112 93 74583713
112 73 74583713
120 37 74580058
112 93 74544514
13 23 74527614
124 120 74519723
112 93 74509471
13 14 74506245
13 11 74506245
13 16 74506245
112 93 74503415
93 5 74503353
93 112 74503298
93 112 74503285
112 93 74502658
93 112 74502522
112 93 74501189
37 131 74439903
112 93 74439862
124 120 74437158
13 14 74436778
13 16 74436778
120 37 74425904
120 124 74425715
37 124 74410076
131 37 74409881
13 14 74409372
13 16 74409372
13 16 74408522
13 16 74408294
13 11 74406558
112 93 74356723
112 93 74343909
112 73 74343909
112 93 74337715
14 13 74337155
112 93 74334860
112 43 74334860
112 5 74334860
112 93 74331010
45 68 74328342
82 2 74326967
45 68 74325239
13 14 74324798
13 11 74324798
13 16 74324798
13 14 74324022
13 16 74324022
68 45 74323866
68 32 74323866
13 14 74321380
13 11 74321380
13 16 74321380
112 93 74321153
93 112 74316272
93 112 74315750
5 94 74250753
112 93 74157954
112 73 74157954
131 37 74089254
37 120 74085787
112 93 74081282
112 5 74081282
120 124 74081237
112 93 74080795
66 87 74077167
93 112 74073502
112 93 74073259
11 13 74065686
11 14 74065686
37 131 74064856
120 37 74064771
112 93 74062029
120 124 74005286
112 93 74004753
45 68 73992003
66 87 73987810
13 14 73922278
131 37 73920295
112 93 73918527
112 93 73915045
112 93 73914971
112 93 73914276
82 2 73910249
120 37 73909567
131 37 73905064
112 5 73900027
93 112 73895436
120 37 73894941
68 45 73889641
68 32 73889641
43 38 73885802
112 93 73752321
112 93 73744424
112 93 73742501
93 112 73742478
93 112 73742391
93 112 73742381
112 93 73740913
6 13 73733024
6 11 73733024
93 112 73732216
112 93 73730554
112 93 73730451
5 112 73729431
68 45 73722363
68 32 73722363
82 2 73721691
37 131 73721159
112 93 73538225
82 2 73479066
2 82 73458057
131 37 73457610
11 13 73456220
112 93 73451447
112 93 73451040
112 93 73449274
13 11 73408078
13 11 73404813
93 112 73382084
6 13 73379134
112 93 73370779
112 93 73370633
82 2 73370548
87 66 73329344
73 129 73324334
131 37 73315408
93 112 73314328
93 5 73314328
37 131 73309503
93 112 73307607
120 37 73304719
120 124 73304719
93 71 73295725
93 5 73295725
93 112 73294882
93 112 73288005
93 112 73286846
93 112 73286669
112 93 73286400
112 93 73286077
112 93 73286029
68 45 73282895
68 32 73282895
93 112 73282171
68 45 73280496
68 32 73280496
13 11 73278064
93 112 73236506
93 112 73233440
136 122 73217859
131 37 73198450
11 13 73141301
93 112 73139735
93 112 73139563
112 93 73117950
112 93 73116371
112 93 73024651
112 93 72882125
66 87 72880148
66 87 72879984
112 93 72879907
66 87 72871005
93 71 72864227
112 93 72857621
66 87 72798204
112 93 72798190
87 66 72796997
82 2 72791674
112 93 72777309
93 112 72774275
112 93 72772526
66 84 72704943
93 112 72692370
112 93 72681848
6 13 72675502
6 11 72675502
112 93 72648265
73 129 72647414
37 131 72625744
93 5 72622978
37 131 72622403
37 120 72622403
112 93 72618966
93 112 72614821
112 93 72609805
131 82 72603112
93 112 72596756
93 112 72594856
93 112 72592241
112 93 72547147
66 84 72545630
112 93 72544054
112 93 72543632
112 5 72542462
68 45 72536205
68 32 72536205
112 93 72526898
112 93 72524531
93 112 72523741
93 112 72521815
112 93 72508448
112 93 72507971
93 5 72501868
93 112 72447831
93 5 72442871
5 93 72415416
13 11 72342657
13 11 72342221
13 11 72342108
13 11 72340244
131 37 72273107
131 37 72272544
131 37 72268669
82 131 72268632
93 5 72266780
93 112 72266398
93 5 72266398
11 13 72261405
43 122 72254303
112 93 72246956
13 11 72209322
5 112 72196889
43 5 72183392
129 73 72172367
93 5 72160528
93 112 72154137
66 87 72120199
66 87 72120150
112 93 72114072
68 45 72101746
68 32 72101746
112 93 72089818
131 37 72086501
112 93 72031122
112 93 72023325
93 112 72022917
93 112 72022273
131 37 72019920
112 93 72007819
112 93 72002880
93 112 72002471
93 112 71994867
93 5 71987426
5 112 71984300
131 120 71949420
93 112 71942262
93 112 71939471
93 112 71935111
37 131 71934585
131 120 71931422
112 93 71920110
2 82 71901572
93 112 71896376
87 66 71754761
131 37 71648671
11 13 71647603
6 13 71645146
6 11 71645146
68 45 71644113
87 66 71604580
66 87 71577139
131 37 71574745
131 37 71475440
11 13 71407657
131 37 71406806
82 2 71398714
13 11 71384418
13 11 71383483
93 5 71378489
93 112 71376992
35 38 71332006
2 82 71324192
38 35 71322201
37 131 71311172
37 120 71311172
131 37 71306211
37 131 71305281
131 37 71299568
93 112 71293861
93 5 71293861
93 112 71291446
93 112 71242316
93 5 71237636
131 37 71067493
82 2 71057192
6 13 71056991
131 37 71056021
131 120 71056021
93 112 71055171
6 13 71042435
6 11 71042435
11 13 71037687
112 73 70988410
11 13 70973776
13 11 70973459
93 112 70968656
93 112 70955352
112 93 70955235
93 112 70952558
93 112 70950606
93 112 70948287
93 112 70948033
93 112 70947837
112 5 70898700
131 37 70890522
68 45 70885323
68 32 70885323
93 112 70863233
93 112 70860755
93 5 70860569
93 112 70860259
112 93 70815388
112 5 70815388
112 5 70807366
73 129 70805505
93 112 70790640
112 93 70784830
141 93 70779192
37 131 70710099
82 2 70691421
6 13 70454358
13 6 70454092
11 13 70449782
87 66 70449128
6 13 70448155
6 13 70447530
6 11 70447530
35 38 70438541
13 11 70433732
13 11 70433698
13 11 70392843
13 11 70390346
13 11 70376039
71 5 70364836
73 141 70313039
93 73 70291572
93 112 70291572
93 5 70291572
13 11 70287813
141 73 70284850
141 43 70284850
141 129 70284850
131 37 70281515
131 120 70280491
141 73 70279138
141 43 70279138
141 129 70279138
131 37 70266522
82 2 70265231
82 2 70262686
13 11 70258751
131 37 70199710
82 2 70188991
11 13 70110572
82 2 70109722
13 11 70106076
13 23 70101552
129 141 70098133
6 23 70092768
6 13 70090524
6 11 70090524
13 11 70088531
11 13 70085777
16 13 69856011
13 11 69852681
6 13 69834618
6 11 69834618
5 93 69834395
13 11 69833122
112 5 69778213
5 94 69768254
112 93 69765288
112 93 69749653
112 73 69749653
112 5 69749653
112 73 69731640
112 93 69691796
112 43 69691796
112 84 69691796
112 5 69691796
112 84 69673740
112 93 69604532
13 11 69511350
6 13 69488118
112 93 69440248
112 73 69440248
112 73 69422220
112 93 69319375
112 73 69319375
112 93 69318040
112 73 69318040
112 73 69301320
112 73 69300000
82 2 69249943
131 37 69248919
11 13 69229779
112 93 69227325
112 73 69227325
37 131 69224758
68 76 69222144
112 73 69209280
66 87 69156975
82 2 69151419
37 131 69149504
131 37 69147821
94 129 69137378
68 45 69135535
68 32 69135535
37 120 69078905
112 141 69076101
112 141 69058080
82 2 69056162
43 36 69051369
37 120 68988085
131 37 68982477
131 37 68981693
68 45 68967950
68 32 68967950
13 11 68966045
129 141 68962716
68 45 68908093
68 32 68908093
129 141 68888299
131 52 68881744
43 36 68876257
112 73 68665440
112 73 68647482
112 43 68647482
13 6 68642798
13 11 68640753
6 13 68640590
6 11 68640590
112 73 68629440
82 2 68624337
82 131 68563657
82 2 68558418
129 141 68545689
43 36 68524649
82 2 68475172
68 45 68457310
68 32 68457310
131 37 68449099
5 112 68443135
5 112 68442203
43 57 68351206
112 73 68329200
112 73 68311251
37 120 68304017
112 73 68293200
112 73 68244600
112 73 68208600
13 11 68014090
11 13 68013186
66 87 67962416
66 87 67962234
82 2 67785062
82 2 67780817
6 11 67760973
13 11 67672512
11 13 67414642
82 2 67412244
131 37 67347938
82 2 67341134
37 120 67329595
36 133 67258387
43 38 67252674
82 2 67250463
82 2 67250316
66 84 67246488
66 87 67246488
82 2 67245119
82 2 67183551
82 2 67164185
82 2 67089527
43 57 67087457
13 11 67072917
11 13 66805788
11 13 66805037
82 2 66804309
13 11 66802195
2 50 66751256
131 37 66739294
66 87 66738209
131 37 66653001
43 57 66642120
43 57 66641871
13 11 66637810
43 112 66634951
5 71 66545130
131 37 66545129
13 11 66482170
37 120 66479679
11 13 66457401
71 5 66381394
5 71 66321656
13 11 66026219
13 11 65965018
116 73 65616821
13 11 65611148
11 13 65595519
116 73 65591400
116 73 65589407
116 35 65589119
82 2 65518560
116 73 65510533
116 35 65510445
82 2 65494080
82 2 65490180
2 82 65449080
2 82 65448900
13 11 65418676
2 82 65417100
2 82 65413080
2 82 65412900
6 13 65364052
6 11 65364052
13 11 65362595
116 73 65339710
116 73 65339265
136 122 65329613
82 2 65327100
2 82 65326320
13 11 65280768
2 82 65263380
2 82 65263320
6 11 65252628
2 82 65247840
116 73 65246882
37 120 65041200
131 37 65034960
129 141 65019077
37 120 65005200
131 37 64998960
82 2 64994340
11 13 64989756
2 82 64979400
7 52 64920587
116 73 64920248
2 82 64909320
116 73 64907915
2 82 64905780
131 37 64861860
131 37 64846140
120 37 64844220
37 131 64839360
2 82 64823580
116 73 64816071
120 37 64804620
37 131 64803360
82 2 64765620
6 11 64738704
82 2 64729620
2 82 64729140
116 52 64728947
116 43 64728947
116 38 64728947
116 36 64728947
2 82 64717500
11 13 64402612
13 11 64393856
13 11 64323701
116 36 64318911
131 38 64307292
2 82 64289940
2 82 64289880
131 38 64289280
2 82 64282860
66 87 64250604
66 87 64239804
2 82 64202160
68 45 64166580
68 32 64166580
37 120 64162080
116 66 64139216
116 68 64139216
116 59 64139216
116 46 64139216
116 52 64139216
116 76 64139216
116 7 64139216
116 35 64139216
116 43 64139216
116 57 64139216
116 60 64139216
116 84 64139216
116 136 64139216
116 38 64139216
116 87 64139216
116 36 64139216
116 133 64139216
116 122 64139216
116 39 64139216
116 127 64139216
52 7 64135724
68 45 64130580
68 32 64130580
36 52 64129897
37 120 64126080
37 131 64064400
37 131 64028400
131 37 64026840
37 131 63798660
37 131 63762660
37 120 63725580
37 120 63724680
57 122 63714383
37 120 63689580
37 120 63688680
37 120 63640320
13 11 63639714
13 11 63638827
37 120 63604320
68 45 63596460
68 32 63596460
68 45 63594240
68 32 63594240
76 60 63590580
37 120 63512340
37 71 63510720
112 13 63508500
131 37 63503460
37 120 63450900
37 120 63450780
131 37 63444720
131 120 63183000
36 38 63180938
37 131 63172020
120 37 63159960
11 6 63103074
37 120 63101340
37 120 63096120
11 6 63087946
11 13 63087946
131 37 63004440
131 37 63004320
116 73 62936380
45 68 62921700
45 68 62885700
13 11 62827334
116 52 62824776
116 35 62824776
116 84 62824776
116 38 62824776
116 36 62824776
68 45 62816220
68 32 62816220
11 6 62573010
87 66 62530800
141 120 62487540
116 52 62424560
116 38 62424560
116 36 62424560
116 52 62424128
116 35 62424128
116 84 62424128
116 38 62424128
116 36 62424128
116 52 62422995
116 35 62422995
116 84 62422995
116 38 62422995
116 36 62422995
37 131 62305380
116 73 62239446
120 37 62222220
37 131 62212860
11 6 61966432
120 37 61964100
120 37 61963920
116 73 61879493
120 37 61870260
94 71 61803720
37 120 61781460
57 122 61726800
37 120 61721640
37 120 61718640
122 57 61711440
122 136 61711440
37 131 61709700
37 120 61707120
116 73 61700214
2 131 61696800
57 122 61690800
38 39 61655040
38 39 61650660
38 39 61619040
116 73 61617088
116 129 61617088
116 36 61617088
38 39 61614660
116 73 61573623
11 6 61395194
11 23 61395194
11 6 61372904
87 84 61334580
141 73 61321860
37 120 61281480
23 6 61193334
23 11 61193334
6 11 61128899
116 35 61121159
37 131 61108020
120 37 61103760
122 57 61100580
37 120 61066680
37 120 61030680
112 6 61004760
112 11 61004760
120 37 60997440
11 6 60756496
87 84 60737100
116 73 60577931
6 11 60508832
131 37 60502920
37 131 60485220
131 37 60484620
6 11 60367144
6 11 60158435
11 6 60153336
37 120 60136860
87 66 60025860
87 66 60022560
87 66 60022140
37 120 59981760
57 122 59953080
38 122 59906100
37 120 59894220
131 37 59810220
71 94 59797500
71 94 59793780
116 73 59566491
6 11 59566354
11 6 59553837
94 71 59551980
131 37 59459700
37 131 59447460
116 73 59372475
116 141 59372475
37 131 59294400
131 37 59283060
131 37 59276940
120 37 59265180
11 6 59208589
37 131 59203200
37 120 59196660
57 122 59179380
112 6 58958040
6 11 58956326
6 11 58954471
11 6 58948337
149 66 58928220
149 112 58928220
149 84 58928220
149 87 58928220
37 120 58791060
116 73 58789946
112 71 58770660
112 149 58756800
57 136 58697580
57 122 58697580
131 37 58676760
112 149 58667820
57 136 58657980
57 122 58657980
112 149 58619040
37 131 58605660
37 131 58605600
37 131 58605480
112 149 58591380
120 37 58579200
94 73 58393500
11 6 58344970
112 149 58328400
149 112 58260000
112 149 58256220
6 11 58203438
37 120 58194780
116 35 58178577
149 112 58164720
37 120 58163820
116 73 58161593
112 149 58153140
11 6 58098991
37 120 58095180
112 149 57999840
11 6 57994801
112 149 57983580
66 149 57977580
149 112 57975180
149 112 57972180
37 120 57739200
71 94 57725520
37 120 57637860
37 120 57564900
2 82 57551820
82 2 57480660
37 120 57454680
37 120 57396420
112 149 57395220
66 149 57383760
37 120 57371520
37 131 57367980
149 112 57052680
120 37 57036600
37 120 57023340
37 120 56946000
112 149 56945280
37 120 56939040
6 11 56896708
37 120 56870640
112 149 56856180
37 120 56855040
120 37 56852820
120 37 56848380
37 120 56764800
11 6 56531016
57 136 56526240
57 122 56526240
37 120 56520900
37 120 56509620
37 120 56439060
37 120 56436900
66 149 56436300
37 120 56435160
120 37 56428860
120 37 56418300
149 112 56416680
37 120 56351760
116 73 56299626
149 112 56268840
120 37 56252640
120 37 56252160
116 73 56187220
116 73 56183434
37 120 55915380
37 120 55907460
120 37 55902960
120 37 55900320
120 37 55897980
11 6 55875240
112 71 55843080
120 37 55839360
37 120 55834320
149 112 55832280
11 6 55832040
149 112 55829520
149 112 55827360
149 112 55813980
37 131 55757940
37 120 55734480
112 141 55673220
149 112 55214040
116 38 55141307
149 112 54757380
11 6 54740280
112 149 54730080
11 6 54697080
116 73 54657066
149 112 54630600
37 120 54608940
149 112 54603360
116 129 54482005
82 71 54458520
149 112 54429300
11 6 54371520
120 37 54347880
11 6 54136080
112 149 54121920
112 149 54098280
11 6 54092880
136 57 54010080
136 122 54010080
11 6 53974200
6 11 53962500
11 6 53931000
6 11 53919300
11 6 53865000
11 6 53821800
11 6 53498640
149 73 53314860
149 112 53314860
112 149 53273640
57 122 53242800
68 76 53219100
68 45 53219100
6 11 52813740
112 149 52792680
122 57 52792560
112 149 52578180
57 122 52554600
122 57 52541640
6 11 52216500
112 149 52017000
11 6 52012800
120 37 52010100
37 120 51691380
112 149 51677040
37 131 51609780
68 76 51522360
68 45 51522360
120 37 51490380
112 149 51442680
112 149 51428880
112 149 51414240
131 37 50992080
6 11 50990520
112 149 50988660
112 149 50928540
112 149 50917560
11 6 50912340
112 149 50909520
37 120 50907960
6 11 50906280
6 11 50906160
112 149 50900820
112 149 50900640
120 37 50889600
120 37 50888520
37 120 50836440
120 37 50831580
37 120 50826360
37 120 50822400
112 149 50813760
149 112 50741700
149 112 50740080
37 120 50737800
149 112 50736540
122 57 50731080
37 120 50718420
120 37 50714940
37 120 50487720
37 120 50487660
37 120 50465760
112 149 50393100
112 149 50378280
112 149 50378220
112 149 50320920
37 120 50315400
37 120 50311080
120 37 50309640
112 149 50299440
112 149 50296860
112 149 50294220
149 112 50291700
120 37 50282040
37 120 50229000
112 149 50227800
112 149 50221080
112 149 50220540
112 149 50217180
112 149 50212200
149 112 50200260
149 66 50196480
149 112 50196480
149 84 50196480
149 87 50196480
37 120 50142600
37 120 50135820
112 149 50129640
149 66 50129100
149 84 50129100
149 87 50129100
149 112 50128380
112 149 50123700
112 149 50121120
149 66 50120580
149 84 50120580
149 87 50120580
149 66 50120160
149 112 50120160
149 84 50120160
149 87 50120160
37 120 50119800
68 76 50119680
68 45 50119680
68 76 50119020
68 45 50119020
149 112 50118720
149 112 50116620
149 112 50115540
37 120 49880220
94 71 49879320
11 6 49848780
112 149 49788600
112 149 49772460
120 37 49771560
71 94 49701960
94 71 49701180
71 94 49699800
37 120 49682760
149 112 49680900
149 112 49677900
94 71 49645740
82 2 49618020
149 71 49600500
149 71 49597080
66 149 49533900
11 6 49523040
6 11 49522140
149 71 49521960
112 149 49277040
149 112 49270500
68 45 49257660
6 11 49255380
11 6 49251300
68 76 49245600
68 45 49245600
120 37 49243860
112 149 49197840
112 149 49193340
112 149 49175880
112 149 49170120
120 37 49161120
37 120 49109280
68 76 49092240
68 45 49092240
112 149 49091340
112 149 49081140
112 149 49080720
149 112 49077600
149 112 49074720
149 112 49004700
149 84 49004700
112 149 49003740
112 149 49003380
11 6 48994020
149 66 48993420
149 112 48993420
149 84 48993420
149 87 48993420
120 37 48913380
149 112 48912840
112 149 48493980
149 112 48482820
149 112 48481440
149 112 48480660
149 112 48480240
112 149 48477120
112 149 48411000
112 149 48409560
149 112 48403920
149 112 48401280
149 112 48393180
68 45 48388860
68 76 48387780
68 45 48387780
112 149 48386760
68 76 48377820
68 45 48377820
112 149 48331800
112 149 48320940
68 76 48313980
68 45 48313980
112 149 48308040
82 2 48301980
120 37 48297660
11 6 48295380
6 11 48295020
68 76 48294000
68 45 48294000
68 45 48292320
68 76 48291720
68 45 48291720
112 149 48055140
149 112 48047040
149 112 47980260
11 6 47974860
112 149 47964780
112 149 47960160
112 149 47869800
112 149 47866920
112 149 47864040
57 122 47799120
57 122 47788680
57 122 47788560
112 149 47783640
68 76 47783220
68 45 47783220
112 149 47782440
68 76 47781720
68 45 47781720
68 76 47779620
68 45 47779620
37 120 47725740
37 120 47724960
94 71 47712180
37 120 47698500
112 149 47696460
149 112 47457180
149 84 47457180
112 149 47446560
112 149 47444040
112 149 47384640
11 6 47361360
6 11 47344800
6 11 47343420
112 149 47288400
11 6 47284440
68 76 47207340
68 45 47207340
112 149 47206740
149 112 47206500
112 149 47206440
149 112 47200380
112 149 47195940
112 149 47190720
112 149 47188320
112 149 47178420
149 112 47172660
112 149 47122800
112 149 47113080
149 112 47107620
149 112 47105640
112 149 47102640
112 149 47100540
149 112 47099340
112 149 47097660
112 149 47093640
120 37 47093340
149 112 47092440
6 11 47089680
149 112 47086320
112 149 46943520
112 149 46942740
112 149 46942680
11 6 46853160
112 149 46847880
37 120 46843800
112 149 46838880
37 120 46835640
149 112 46829700
149 112 46773300
37 120 46773300
120 37 46768500
149 112 46767240
13 6 46757460
13 11 46757460
149 112 46755360
120 37 46741800
37 120 46679400
112 149 46675980
13 11 46671840
149 112 46671180
112 149 46669800
11 6 46577340
37 120 46572240
11 13 46497540
37 120 46486380
37 120 46482600
120 37 46481880
120 37 46242780
37 120 46241100
37 120 46240740
149 112 46235160
149 112 46227660
11 6 46227300
11 6 46224420
149 112 46163400
149 112 46151700
37 120 46145160
120 37 46141440
112 149 46134120
120 37 46070280
120 37 46069020
112 149 46061580
13 6 46051740
13 11 46051740
112 149 45994440
112 149 45982140
149 112 45973200
37 120 45903180
37 120 45892080
37 120 45885540
57 122 45882660
112 149 45641220
112 149 45633540
112 149 45624540
37 120 45624420
112 149 45564060
112 149 45556260
37 120 45555360
112 149 45550140
112 149 45483180
37 120 45480060
131 37 45466860
112 149 45363660
112 149 45311220
149 112 45036720
149 112 45036540
112 149 45023460
112 149 45022140
112 149 45016860
149 112 45014580
112 149 44948400
112 149 44941680
112 149 44940300
112 149 44928840
149 71 44759280
149 112 44679180
112 149 44412300
112 149 44289900
120 37 44264340
120 37 44159760
120 37 44154600
120 37 44147280
120 37 44147100
37 120 44070660
120 37 44064420
112 149 43835940
149 112 43824720
149 112 43813080
112 149 43806840
57 122 43645680
120 37 43487400
37 131 43486140
120 37 43458300
38 131 43037940
131 38 43027500
131 120 42968760
131 120 42957480
120 37 42945720
131 120 42942120
38 131 42940620
112 149 42880860
131 38 42880440
38 131 42805680
112 149 42609120
57 122 42533640
112 149 42529440
112 149 42529200
112 149 42469740
112 149 42454500
11 6 42446460
112 149 42428880
112 149 42384180
57 122 42364560
120 37 42275280
149 71 42274200
149 112 42024060
11 6 42012660
149 112 42006360
149 112 42004560
112 149 42003600
112 149 42003360
149 112 41995260
149 84 41995260
149 112 41957280
149 112 41942340
112 149 41930820
112 149 41929200
60 76 41921520
112 149 41850540
149 112 41849760
112 6 41838840
112 149 41835120
149 112 41768520
112 149 41762580
112 149 41757780
149 112 41757060
112 149 41747880
37 120 41416320
112 149 41401740
112 149 41341200
112 149 41315460
120 37 41313660
149 112 41239020
149 84 41239020
112 149 41227080
149 112 41223180
149 112 41222340
112 149 41217480
149 112 41183040
112 149 41150760
112 149 41148840
6 11 41148840
149 84 41140860
149 112 41140620
149 112 41140500
112 149 41130360
112 149 41130240
131 38 41128260
57 122 40789080
11 6 40702680
6 11 40699860
131 120 40636740
57 122 40599900
68 76 40546620
68 45 40546620
149 112 40536060
149 112 40490400
73 38 40454160
120 37 40444560
131 120 40182180
131 37 40179120
131 120 40179120
131 37 40175760
131 120 40121880
149 84 40106640
149 87 40106640
11 6 40103520
60 76 40098480
149 112 40016640
57 122 39941520
131 122 39939660
11 6 39409860
11 6 39402720
13 6 39310320
13 11 39310320
37 120 38996340
37 94 38996340
37 120 38994480
37 94 38994480
6 11 38819580
120 37 38818260
6 11 38814960
11 6 38301360
11 6 38293200
57 122 37675620
11 6 37518960
149 71 37429560
6 11 37420320
112 149 37417920
131 37 37068000
6 11 36460980
11 6 35336760
11 6 35335800
57 122 34738800
37 120 34151340
37 120 34150260
37 120 33980880
37 120 33964800
37 120 33444180
112 6 31397280
131 82 30946740
37 120 30497520
149 112 30497220
2 94 30155460
2 82 29807700
2 82 29749860
82 2 29745840
82 2 29722560
2 82 29658660
2 82 29634240
82 2 29631960
2 82 29579520
2 82 29230920
2 82 29051760
2 82 28978080
112 6 28784640
82 2 28074840
82 2 28025340
2 82 27935640
82 2 27829560
2 82 27742800
2 82 27306180
2 82 27231060
2 82 27225360
2 82 27224460
2 82 27127260
2 82 26890560
2 82 26620860
2 82 26552100
2 82 26532600
2 82 26296800
2 82 26286900
2 82 26263080
2 82 26202660
2 82 26185020
2 82 25419960
2 82 24794880
2 82 24127440
2 82 24123720
2 82 24121560
2 82 23864220
2 82 23606760
2 82 23504460
2 82 23499180
2 82 23093040
2 82 23081160
2 82 22980420
2 82 22905180
2 82 22662780
2 82 22662600
2 82 22464840
71 73 22403280
2 82 22376340
2 82 22376160
2 82 22291080
2 82 22038600
2 82 21875880
2 82 21769620
2 82 21343440
71 73 21190860
2 82 21088020
2 82 21082320
2 82 20829780
71 73 20742660
2 82 20737140
82 2 20656680
2 82 20584680
71 73 19886280
2 82 19454640
2 82 19453920
2 38 19385460
2 71 19374540
2 82 19374540
2 82 19353540
82 71 19295940
82 2 19295940
2 82 19278900
2 82 19278840
2 82 19276380
2 71 19006260
2 82 18943800
2 82 18862620
2 82 18855660
2 71 18850740
2 82 18352500
2 82 18344340
149 71 18259800
82 2 18241140
2 82 18176520
149 71 17491440
2 82 17369220
2 82 17365500
2 131 17365380
2 82 17365380
2 82 16867080
2 82 16851840
2 82 16254300
2 82 16241760
2 82 15739680
2 82 15640320
2 82 15378600
82 2 15317160
2 82 15239520
82 2 15229140
82 2 15124860
2 82 14444760
2 82 14436420
2 82 14426940
2 82 14196720
2 82 14183580
2 82 14082480
2 82 13839000
2 82 13824060
2 82 13234980
2 82 13232640
2 82 13223700
2 82 13223100
2 82 12359880
2 82 12359760
2 82 12267420
2 82 12212580
2 82 12193200
2 82 12184860
2 82 12180900
2 82 11071920
2 82 10970160
2 82 10920720
2 82 10558800
2 82 10380540
2 82 10379280
2 82 10379040
2 82 10376880
2 82 10367820
2 82 10294680
2 82 10280520
2 82 9847500
2 82 9797640
2 82 9708180
2 82 9677400
2 82 8035860
2 82 7949760
2 82 7868340
2 82 7515840
38 2 7286340
2 82 7272360
2 82 7265040
2 82 7201440
2 82 7176720
2 82 6745440
2 82 6739260
2 82 6737100
2 82 6317880
2 82 6317760
2 82 6316140
2 82 5030820
2 82 4848120
2 82 4846800
2 82 4404180
2 82 1822260
2 82 1497480
2 82 1226460
2 82 607740
2 82 545460
2 82 29340
