0 1 98277034
3 0 97580951
0 4 94565223
0 4 94390069
7 1 93959113
4 1 93771773
4 1 93768024
1 4 93160868
4 1 90933594
1 4 90916378
4 1 90910852
4 1 90846436
4 7 90747384
13 9 90673802
13 11 90673667
13 14 90673649
9 6 90421928
8 11 90408061
1 7 90400624
0 3 90398430
11 13 90395748
13 17 90393524
18 6 90392693
18 19 90392693
1 7 90391324
6 17 90390569
0 2 90331835
19 8 90312397
1 7 90309170
15 13 90306360
1 7 90247898
13 14 90241911
13 11 90241911
12 15 90239740
12 13 90239740
13 14 90164928
15 11 90150043
15 11 90041449
15 17 90041449
19 13 89811203
19 17 89811203
1 7 89736961
1 4 89732261
13 8 89209691
23 13 89192033
1 21 89181598
6 13 89114664
6 17 89114664
15 13 89006102
15 11 89006102
19 9 89004356
19 9 88926589
14 13 88865811
14 6 88837878
14 8 88837878
14 11 88837878
14 10 88837878
8 17 88603407
8 17 88602881
8 17 88602540
13 17 88586499
17 11 88584870
11 17 88582509
13 17 88581998
17 11 88581385
26 27 88532323
26 30 88532323
26 31 88532323
18 32 88526218
19 13 88523527
13 16 88510669
1 4 88499619
13 16 88496429
17 10 88432223
1 7 88352355
19 9 88345786
17 8 88338911
34 7 88328288
35 36 88257513
1 4 88250796
2 0 88244978
23 8 88243700
12 9 88240541
2 0 87998044
2 3 87998044
9 20 87979486
9 19 87974688
7 37 87810444
20 8 87805277
6 12 87731155
6 15 87728721
8 23 87720978
17 6 87396834
2 3 87391888
8 17 87380512
19 9 87369210
9 19 87367950
2 0 87299184
2 3 87299184
16 8 87293201
19 9 87221102
38 47 87205072
19 14 87202241
19 16 87202241
19 9 87139029
22 9 87133931
20 9 87132253
46 36 87131901
20 9 87129267
13 17 87055515
38 21 87029626
38 47 87026083
12 10 87023662
49 50 87022899
49 56 87022899
49 21 87022899
49 36 87022899
49 39 87022899
11 14 86767156
23 17 86712048
14 13 86708120
11 13 86703155
20 17 86700979
12 8 86695037
13 14 86694164
10 8 86693841
30 60 86679590
20 23 86675042
61 64 86640157
61 65 86640157
61 67 86640157
61 69 86640157
61 70 86640157
61 53 86640157
61 74 86640157
61 47 86640157
61 76 86640157
61 35 86640157
61 42 86640157
61 82 86640157
61 36 86640157
61 62 86625757
61 27 86625757
61 71 86625757
61 54 86625757
61 55 86625757
61 56 86625757
61 30 86625757
61 79 86625757
61 38 86625757
61 87 86625757
90 74 86619818
49 36 86619593
61 27 86619549
61 52 86619549
61 77 86619549
61 81 86619549
81 28 86610963
81 52 86610963
81 25 86610963
1 4 86610925
61 25 86605149
94 36 86605061
81 25 86596563
81 36 86596563
49 91 86592351
61 27 86556305
61 26 86556305
81 27 86550104
81 43 86550104
81 44 86550104
26 81 86546943
26 27 86542849
26 28 86542849
61 77 86541905
61 60 86541905
61 70 86541288
61 81 86541288
61 26 86541288
81 26 86535704
0 27 86535196
0 28 86535196
2 3 86534290
41 57 86526522
0 2 86520338
0 3 86518244
1 4 86518159
49 43 86510615
0 27 86505768
71 81 86448387
71 26 86448387
4 37 86446199
49 97 86441643
49 42 86441567
38 35 86433920
61 36 86431270
81 61 86427082
19 13 86426843
0 2 86425186
36 53 86423491
36 80 86423491
8 14 86419740
81 88 86418788
93 70 86356736
81 73 86281242
26 73 86280708
71 70 86265309
26 81 86200166
81 88 86196287
81 36 86196287
81 73 86196162
93 9 86180911
26 73 86179338
92 66 86176262
97 96 86173656
81 61 86172946
93 71 86169976
92 87 86163383
92 87 86161862
16 11 86159888
26 28 86115188
84 63 86112501
88 89 86103683
13 14 86102928
13 16 86102928
61 36 86097907
26 27 86094440
38 46 86093707
13 16 86086977
0 27 86086157
0 89 86086157
62 64 86083100
68 76 86082685
26 100 86077924
28 76 86077796
97 96 86077063
93 28 86073430
93 70 86073430
93 71 86073430
26 93 86022436
25 75 86012490
26 28 86012109
26 93 86012109
90 74 86009240
26 28 86008792
91 96 86005890
30 59 86005399
49 96 86001920
49 91 86001920
93 28 86001535
93 44 86001535
0 66 86000691
0 2 86000691
10 12 86000643
28 93 86000050
14 13 85996722
14 11 85996722
38 52 85994813
38 61 85993620
38 89 85993620
61 89 85993489
26 28 85989679
26 93 85989679
0 28 85989633
0 71 85989633
0 30 85989633
1 21 85986140
9 19 85986129
25 43 85945301
78 49 85929298
78 85 85928332
0 66 85925518
0 87 85925518
92 66 85923686
56 36 85917113
25 84 85913754
89 88 85902601
0 2 85899295
81 73 85894174
8 12 85841136
30 27 85838991
30 52 85838991
30 25 85838991
30 36 85838991
49 96 85838962
13 17 85838660
97 96 85838260
49 97 85835561
97 25 85834645
13 14 85834634
93 81 85833134
3 4 85833016
77 64 85827968
96 36 85827208
36 96 85823413
40 79 85821865
62 77 85819571
96 97 85818618
81 26 85808322
67 90 85617100
0 66 85595718
0 26 85595718
0 3 85595718
0 87 85510054
0 3 85510054
13 17 85494995
13 11 85494240
13 17 85494240
2 0 85492947
103 81 85477179
13 16 85475335
13 17 85475335
77 64 85473925
13 16 85472234
103 81 85471992
11 8 85470904
30 73 85467483
42 36 85399839
10 14 85393740
0 2 85335502
104 105 85326926
38 46 85324484
25 57 85324057
81 73 85314259
13 14 85314136
3 4 85305475
81 44 85252777
109 84 85249565
81 26 85240813
81 73 85235184
12 10 85215870
0 26 84993197
0 2 84993197
81 26 84983761
10 14 84979478
107 108 84973612
8 33 84970397
11 17 84969350
103 98 84965495
12 13 84959690
81 107 84958927
62 64 84956231
13 11 84953499
13 16 84953499
2 0 84953098
17 11 84953049
13 11 84947325
0 2 84907671
0 3 84907671
81 103 84898778
13 10 84894227
10 13 84894167
30 68 84871504
0 71 84820190
0 2 84820190
0 44 84820190
93 73 84809776
93 81 84809776
104 61 84803774
6 13 84803766
6 12 84803766
97 25 84798517
59 28 84794516
114 74 84794137
26 60 84793890
19 9 84793580
95 111 84787920
81 73 84781773
97 49 84709232
49 97 84709071
58 95 84708969
49 91 84702574
0 37 84648246
0 4 84648246
0 2 84648246
0 87 84648246
10 13 84636089
6 19 84634352
6 12 84621742
82 2 84621683
13 14 84613043
14 11 84612162
13 17 84611776
97 96 84608587
19 15 84598594
19 13 84597846
19 14 84597519
65 67 84570506
19 9 84543684
0 66 84383393
0 71 84383393
0 87 84383393
104 70 84375788
104 105 84375788
97 25 84369596
104 88 84369530
104 108 84367795
108 99 84360723
12 23 84356487
13 23 84355364
11 13 84353707
11 8 84353707
11 17 84353707
81 71 84351581
108 88 84346718
11 8 84344619
88 81 84297106
19 9 84293127
41 50 84282834
81 116 84281435
104 106 84280283
104 88 84280283
95 91 84262795
97 49 84261721
3 4 84258383
49 96 84256182
49 91 84256182
82 0 84203026
13 17 84200258
4 2 84198897
87 66 84194828
87 66 84194434
10 13 84191147
49 91 84182879
104 105 84176069
81 93 84116591
81 70 84116591
93 81 84111211
52 41 84108192
52 115 84108192
112 11 84096976
26 71 84094301
81 107 84093517
49 96 84091172
49 97 84091172
70 81 84089953
81 70 84085282
89 0 84031145
26 71 84027720
13 14 84026877
104 105 84019464
30 26 84013617
13 17 84006029
11 112 84004704
13 17 84004512
13 20 84002218
104 106 83993921
104 18 83993921
104 108 83993921
26 81 83952212
81 26 83834372
81 94 83828545
81 44 83828279
93 112 83767106
104 70 83764727
104 73 83764727
81 107 83761729
81 85 83759108
49 91 83756023
49 97 83756023
0 71 83753427
0 4 83753427
0 2 83753427
0 3 83753427
11 8 83747743
88 81 83742984
13 14 83741000
13 11 83741000
85 38 83686450
13 33 83683796
13 17 83683796
81 44 83679597
93 81 83676579
68 62 83675897
62 68 83674655
87 66 83672164
111 91 83663515
44 81 83663021
52 41 83662086
49 97 83659403
49 91 83653543
81 52 83603809
81 111 83603809
81 107 83603809
0 4 83603438
0 2 83603438
81 88 83601515
81 44 83601482
41 50 83588231
66 92 83586040
13 23 83584843
23 13 83584133
25 81 83582953
90 72 83578044
13 10 83577308
88 81 83575751
90 65 83575560
49 97 83574731
81 29 83572337
81 93 83571783
90 117 83571549
107 29 83571221
81 71 83569690
93 27 83568067
93 112 83567816
71 81 83567416
81 71 83567176
107 104 83519726
26 27 83430365
26 28 83430365
8 19 83416479
19 11 83416476
90 65 83412342
90 67 83412342
81 70 83410003
81 88 83399339
94 81 83397741
96 97 83396751
26 27 83320328
26 0 83320328
10 13 83160797
19 9 83160415
20 13 83158265
13 20 83157851
20 10 83157142
81 88 83152590
82 81 83146003
20 22 83139314
20 9 83139314
20 17 83139314
20 23 83139314
11 13 83137309
0 26 83089472
0 2 83089472
81 25 83079062
81 36 83079062
81 61 83072850
0 26 83067480
33 17 83054731
25 75 83052645
25 56 83052645
25 122 83052645
81 73 83006817
94 81 82997050
53 34 82971965
13 17 82965996
81 71 82964799
97 91 82964286
97 49 82964286
26 27 82616767
11 14 82540554
26 71 82537746
97 91 82463293
88 81 82461739
13 11 82460532
4 71 82460197
0 2 82456889
58 0 82449057
16 11 82394177
81 61 82393569
58 44 82386051
49 97 82368002
85 120 82358984
81 44 82355658
93 26 82318759
13 16 82305869
49 91 82273582
13 16 82272923
40 39 82271629
104 70 82207419
104 18 82207419
124 78 82204650
78 37 82204528
13 17 82196012
13 17 82195973
14 10 82180671
13 16 82178770
93 28 81951144
66 92 81949804
11 13 81943851
120 119 81928610
89 88 81869740
49 91 81862426
124 120 81858762
37 0 81856087
120 85 81850304
11 13 81849009
11 14 81849009
81 28 81848963
81 84 81848963
81 26 81848963
81 44 81848963
120 119 81848475
15 14 81848238
120 119 81847501
120 85 81844517
0 82 81843426
40 95 81840531
8 13 81838631
8 12 81838631
8 19 81837165
13 14 81788767
13 10 81788767
112 113 81768617
112 113 81767847
17 13 81765828
17 16 81765828
17 10 81765828
17 12 81765828
93 71 81759544
30 62 81750983
8 13 81695621
111 83 81684314
93 113 81681949
10 11 81678614
122 41 81675121
97 96 81672552
97 41 81672552
22 33 81671559
22 20 81671559
22 18 81671559
13 10 81670479
13 33 81667931
9 12 81667489
85 122 81663846
10 16 81613116
120 85 81595562
81 73 81586854
81 98 81586854
81 111 81586854
81 26 81586854
1 21 81586718
113 93 81584563
37 78 81582647
81 88 81528982
77 81 81342118
9 33 81327920
14 13 81323037
123 105 81318189
4 37 81276914
112 93 81265225
112 113 81265099
91 111 81261175
97 41 81259137
97 49 81258946
112 11 81255786
58 44 81254422
39 53 81237063
49 51 81231515
49 43 81231515
49 121 81231515
49 25 81231515
49 122 81231515
88 81 81188771
37 2 81186858
78 85 81182394
123 81 81173662
40 95 81170209
38 46 81169389
123 107 81166320
91 40 81095353
91 79 81095353
2 3 81094599
112 123 81094233
93 108 81092562
2 3 81091742
93 81 81088793
123 81 81087237
9 18 81086267
81 93 81086156
58 3 81085864
1 35 81083471
93 112 81078842
6 11 81070175
19 8 81067910
19 17 81067910
97 46 81020376
97 38 81020376
97 127 81020376
97 48 81020376
91 83 81012296
11 8 81003248
112 93 80997335
43 121 80996342
78 111 80994306
9 19 80977279
49 122 80973387
19 9 80968152
44 58 80936738
93 113 80931402
22 9 80898234
29 81 80893131
68 45 80742653
97 91 80738811
115 50 80732527
19 9 80731398
120 37 80724817
58 111 80716613
61 129 80714180
9 19 80675382
91 79 80665227
91 40 80661137
4 131 80657988
19 9 80657777
92 87 80657242
68 128 80652048
112 113 80647818
20 18 80643411
81 129 80639152
62 42 80636614
129 81 80634165
62 25 80630008
91 95 80575423
78 111 80557740
25 51 80557033
25 43 80557033
25 101 80557033
25 121 80557033
9 23 80556538
19 10 80549106
70 81 80548176
20 22 80542159
20 9 80488828
89 88 80488733
78 111 80488174
97 91 80482283
20 33 80480808
13 17 80480018
13 12 80480018
0 55 80479593
0 3 80479593
0 44 80479593
23 20 80479265
23 20 80478775
19 15 80476081
81 71 80472168
37 131 80471612
25 101 80470855
23 20 80470405
37 131 80468042
22 20 80465425
8 23 80463058
0 80 80462618
10 13 80461461
120 124 80459340
82 2 80457853
82 0 80457853
82 3 80457853
82 44 80457853
81 107 80454684
20 23 80453926
129 70 80453043
20 23 80452107
112 113 80409131
49 25 80407734
61 81 80407428
10 14 80401793
23 17 80401667
91 95 80400360
20 23 80399512
6 11 80399083
18 23 80397961
38 46 80396339
38 47 80396339
20 18 80395760
43 54 80395738
92 130 80394349
71 81 80390550
22 20 80390040
56 25 80381086
20 33 80378954
62 42 80378916
20 23 80377012
23 20 80376804
20 23 80374416
23 20 80371184
23 8 80368916
20 8 80368789
49 101 80367252
9 20 80326220
94 5 80213294
94 5 80213083
17 112 80202159
33 20 80159942
33 20 80139001
20 33 80136969
49 78 80128801
49 120 80128801
49 57 80128801
91 40 79975238
91 83 79975238
112 93 79968490
112 85 79968490
93 113 79967365
44 70 79963674
8 20 79961694
20 33 79961691
78 25 79955720
10 19 79953356
0 44 79952432
82 71 79951917
111 78 79950934
78 111 79949874
20 17 79947160
20 23 79947160
20 18 79946517
8 11 79945914
11 13 79945912
11 14 79945912
11 17 79945912
23 20 79943822
113 93 79943532
120 124 79942336
11 23 79941443
82 0 79940311
9 11 79940001
9 23 79940001
10 13 79937137
10 16 79937137
85 124 79936782
123 73 79894582
123 105 79894582
123 106 79894582
123 73 79886872
91 79 79886487
25 75 79886377
25 43 79886377
25 42 79886377
25 101 79886377
25 57 79886377
25 85 79886377
25 122 79886377
20 18 79882959
101 25 79882385
33 20 79882228
124 120 79881963
9 19 79881480
37 70 79876584
8 10 79876406
10 12 79876378
2 0 79874473
82 3 79874320
82 58 79874320
25 24 79871380
93 81 79871097
35 48 79868991
8 12 79867295
25 121 79866990
78 37 79864978
10 13 79862304
10 12 79862304
46 83 79860455
9 33 79856935
113 93 79856606
17 10 79855195
91 111 79853146
111 91 79853133
113 93 79850291
113 123 79850291
88 81 79813571
112 113 79807228
2 0 79798492
25 51 79798118
25 75 79798118
25 56 79798118
25 42 79798118
19 9 79796107
10 17 79795362
19 9 79795149
19 9 79792552
25 49 79791013
61 81 79790051
41 50 79788386
25 51 79788050
25 101 79788050
25 85 79788050
81 2 79787677
6 13 79787195
4 71 79785234
18 20 79783097
0 55 79781485
85 78 79779286
41 115 79779007
25 78 79778404
78 25 79778038
33 18 79776837
2 82 79776287
10 13 79776016
10 12 79776016
93 112 79775464
88 81 79771380
113 93 79771225
112 93 79770895
17 33 79767928
77 64 79766874
78 111 79765535
78 111 79765300
78 111 79764189
94 70 79689373
20 23 79681162
94 5 79628542
15 17 79610093
55 81 79606383
93 113 79540857
13 12 79536464
123 73 79536116
123 105 79534603
123 104 79534603
3 82 79533832
8 10 79533213
8 12 79533213
113 81 79528966
41 75 79523428
11 17 79519221
11 14 79517909
33 18 79515669
49 62 79514677
49 78 79514677
38 126 79509744
43 73 79506659
82 55 79452450
82 37 79448723
95 111 79448001
14 13 79446288
93 113 79445938
78 111 79445625
111 78 79442648
132 46 79440857
8 14 79438728
123 104 79438484
9 19 79436221
81 71 79436174
23 17 79435652
56 49 79431050
52 41 79430776
13 14 79430242
124 85 79424876
0 55 79422479
11 19 79417646
11 12 79417646
123 113 79366222
23 20 79366009
129 73 79365316
110 93 79365003
13 17 79364486
6 8 79361721
6 17 79361721
6 8 79360509
28 89 79359210
131 37 79358646
26 89 79357506
3 2 79356854
3 58 79356854
97 91 79356492
132 46 79356486
123 106 79355296
3 44 79355277
73 133 79352266
25 51 79350960
25 43 79350960
25 42 79350960
25 101 79350960
2 0 79350094
119 56 79346746
56 119 79346226
119 56 79346088
56 119 79346012
40 29 79345577
126 38 79345231
2 0 79344994
61 108 79340773
113 112 79340611
14 8 79340409
2 0 79338986
2 58 79338986
58 82 79338845
93 112 79336500
91 49 79335132
97 91 79335054
42 43 79332238
55 37 79329420
20 22 79283313
97 48 79280961
92 130 79280795
91 95 79277841
23 20 79277220
93 113 79270580
112 93 79267393
97 49 79264753
20 33 79264288
40 79 79261560
40 111 79260216
97 49 79259260
20 18 79258477
38 25 79258084
0 82 79257875
0 58 79257875
23 17 79256739
111 81 79252918
2 82 79252107
132 41 79251825
70 44 79249974
29 132 79248957
132 79 79248365
61 81 79244892
49 51 79244333
49 56 79244333
49 43 79244333
49 122 79244333
97 21 79195684
28 89 79194475
42 75 79194073
129 73 79193982
132 52 79192929
107 70 79189249
10 22 79186711
107 73 79183342
19 9 79181138
82 55 79178951
25 36 79178565
29 73 79173706
22 10 79173615
70 82 79171641
70 3 79171641
70 44 79171641
82 0 79170175
82 58 79170175
68 69 79169972
68 45 79169972
19 9 79168291
119 56 79168266
119 124 79168266
20 10 79167698
119 56 79166134
13 14 79165987
123 104 79165968
7 41 79163694
61 108 79158031
93 113 79157829
20 22 79095803
66 87 78932927
20 22 78929372
121 49 78924456
121 49 78918703
20 22 78918517
92 117 78918194
20 22 78916888
16 13 78913073
93 112 78911596
20 23 78910308
93 81 78909743
105 70 78909451
131 55 78906042
93 113 78899306
20 23 78855236
20 23 78853685
23 20 78853560
6 13 78847210
91 111 78843914
91 111 78843804
23 20 78842145
41 97 78839974
57 25 78838297
112 113 78837319
131 55 78833567
49 121 78832602
93 112 78828470
112 93 78827589
124 37 78824231
131 37 78823014
41 57 78821595
131 55 78818553
25 42 78815806
81 27 78764963
81 25 78764963
81 84 78764963
81 26 78764963
81 38 78764963
81 36 78764963
61 81 78763814
82 2 78760156
82 58 78760156
35 42 78757064
35 83 78757064
6 15 78755050
61 70 78754737
61 88 78754737
61 18 78754737
23 9 78753675
78 85 78752790
112 93 78744153
93 112 78743533
20 22 78742128
2 82 78741757
2 82 78741004
52 132 78736524
2 82 78736385
78 25 78735746
23 20 78735360
48 79 78734948
56 51 78730426
0 55 78729050
57 49 78726830
93 113 78725755
16 17 78690016
91 40 78675034
82 71 78673113
82 58 78673113
19 13 78672057
19 9 78672057
124 119 78671612
119 124 78671420
3 44 78671254
16 13 78670731
82 44 78665121
16 11 78664200
20 22 78663872
68 128 78661579
120 85 78660163
82 55 78655521
93 113 78654570
2 58 78654328
2 58 78654245
26 71 78651418
26 71 78651372
1 126 78649895
71 26 78649804
10 22 78648254
49 57 78639793
19 22 78636109
2 3 78594052
2 44 78594052
91 111 78591361
22 10 78587546
112 113 78586779
82 37 78586287
82 55 78586287
82 71 78583079
19 13 78581404
44 94 78581101
61 108 78580431
23 20 78575290
82 2 78574102
78 111 78573871
17 13 78573682
13 14 78572714
25 57 78569132
120 37 78566387
49 1 78564998
113 93 78563750
58 0 78563197
58 0 78563001
0 58 78559882
10 22 78559020
44 81 78558621
93 81 78554914
8 13 78553083
13 11 78552421
23 20 78475222
55 82 78394082
112 123 78330455
112 108 78330455
91 40 78326700
120 85 78323755
23 20 78323699
111 78 78323368
8 13 78322425
91 49 78320991
8 17 78320224
93 113 78319467
58 44 78319145
93 113 78315583
2 44 78309258
106 73 78308661
93 113 78307605
112 93 78306084
111 95 78305906
38 36 78305178
85 112 78301219
78 37 78299138
78 55 78298980
2 55 78296247
78 111 78295687
95 111 78293275
112 113 78245696
13 17 78244250
91 95 78243059
131 55 78241131
78 111 78240655
131 55 78240183
8 16 78238702
37 131 78234271
93 112 78233464
120 85 78227051
120 124 78227051
85 120 78225619
25 49 78212628
11 14 78211844
93 113 78209833
29 111 78204804
111 129 78202746
97 99 78160545
37 131 78157095
13 11 78156021
13 17 78156021
120 124 78154463
120 85 78153196
120 85 78148234
85 120 78147800
36 53 78147679
20 22 78147510
85 78 78146592
25 52 78144978
20 22 78144028
19 9 78138470
8 12 78134183
95 53 78133212
52 41 78132585
103 94 78131284
71 82 78130318
2 82 78129350
82 2 78125699
91 49 78125483
2 82 78125414
13 14 78123246
13 16 78123246
18 106 78121826
20 18 78121518
40 83 78120733
2 55 78076653
112 93 78068574
91 83 78066352
125 34 78065072
44 131 78064792
82 58 78062130
1 21 78060726
8 17 78058516
82 71 78057649
82 37 78057649
3 0 78057240
45 69 78056683
52 41 78051513
69 134 78050944
82 71 78050078
82 58 78050078
8 17 78047340
1 21 78045006
41 97 78041914
113 112 78038064
29 91 78036835
20 22 78034850
112 123 77989746
112 93 77988471
90 117 77985901
90 86 77985901
112 93 77983182
112 113 77983182
91 83 77981811
5 70 77980678
9 17 77980317
93 113 77979978
97 53 77977628
112 85 77975801
112 123 77975667
82 37 77975332
11 16 77970340
3 131 77967773
6 12 77965420
112 85 77963869
2 82 77961804
17 23 77956128
90 102 77954576
85 120 77954347
85 112 77954316
120 51 77953694
120 56 77953694
120 85 77953694
85 120 77951423
93 5 77949892
85 120 77946969
86 65 77908364
13 14 77898619
25 42 77894997
25 101 77894997
25 85 77894997
25 122 77894997
25 101 77894723
25 85 77894723
25 122 77894723
25 101 77894078
25 136 77894078
25 85 77894078
25 122 77894078
25 52 77882212
25 38 77882212
25 36 77882212
25 111 77826431
104 123 77802553
111 36 77792090
58 82 77721828
58 44 77721828
92 66 77721361
92 87 77719978
0 3 77718494
89 53 77718443
6 15 77718213
2 55 77717677
93 113 77717149
81 55 77716803
25 56 77716751
25 43 77716751
25 101 77716751
129 81 77715807
82 0 77713665
82 0 77712959
27 26 77708088
85 42 77707902
97 96 77707459
13 14 77705224
91 49 77704785
2 82 77704359
2 82 77704035
36 25 77696199
120 25 77696146
93 112 77692278
11 17 77691326
92 130 77690211
1 47 77688095
97 91 77685704
80 131 77684290
123 73 77654797
91 95 77638326
91 40 77638326
58 82 77635790
120 124 77635625
3 0 77631418
90 135 77631064
90 117 77631064
20 23 77630642
85 112 77629937
112 93 77629451
82 58 77629072
66 87 77626322
132 52 77624746
129 107 77623792
81 129 77622966
82 58 77622105
78 55 77622039
16 17 77621414
112 93 77619135
93 112 77619116
93 112 77618514
9 20 77611108
81 94 77609456
14 10 77609207
22 33 77608768
131 55 77607325
33 17 77605417
129 107 77604248
2 82 77603960
81 85 77601613
85 81 77601516
81 123 77601422
2 82 77601157
18 22 77599933
81 123 77556759
93 113 77554876
86 90 77554560
129 106 77551799
49 126 77550271
22 105 77549019
23 20 77546581
9 19 77545888
44 2 77545633
14 13 77544840
86 102 77543760
58 0 77541294
2 82 77535047
22 105 77528693
64 87 77527873
2 78 77527545
23 20 77527483
23 13 77523730
40 48 77522671
112 85 77521827
85 120 77518574
23 17 77518367
27 134 77510545
55 131 77465684
2 44 77464532
13 16 77461251
91 111 77460945
66 87 77460536
112 123 77459701
57 25 77459106
17 13 77453802
0 82 77451792
2 0 77451288
0 55 77446964
129 81 77444791
124 37 77441687
6 13 77436901
91 49 77436624
11 13 77427221
81 73 77426781
20 23 77425517
111 79 77395817
112 93 77380326
25 56 77379563
25 57 77379563
104 105 77376049
104 61 77376049
104 81 77376049
104 107 77376049
25 42 77373032
25 101 77373032
25 57 77373032
88 123 77372645
14 13 77370488
113 93 77369972
75 25 77365585
36 25 77364582
131 37 77364486
14 13 77363838
132 46 77363560
18 22 77363352
83 78 77362155
78 83 77362088
3 55 77361681
3 44 77361681
14 13 77361279
129 77 77360647
93 113 77360314
91 97 77360111
13 16 77351977
13 17 77351591
93 113 77351351
25 24 77351220
57 25 77350887
120 93 77350347
23 13 77350032
131 80 77349956
2 82 77347457
0 2 77346495
93 113 77344131
96 97 77342251
111 83 77337071
105 5 77277575
112 93 77178142
14 20 77130840
112 123 77121306
112 113 77121306
91 95 77113163
91 111 77113163
14 16 77113156
14 13 77112855
14 20 77112855
90 65 77112767
90 86 77112767
120 85 77109860
0 2 77108491
120 85 77106533
0 44 77106517
78 55 77102330
56 51 77094907
113 123 77094397
8 14 77092111
8 11 77092111
90 117 77092064
90 86 77092064
23 20 77089594
112 93 77085131
11 8 77084251
11 16 77084251
120 85 77083310
2 82 77083081
58 55 77033690
13 14 77030994
90 135 77030176
91 40 77029827
91 79 77029827
106 123 77026826
13 16 77026801
51 75 77019536
113 123 77017709
13 23 77008498
105 94 77005645
23 14 77004081
23 20 77003776
37 85 76999409
11 15 76997421
51 56 76992771
93 81 76958132
93 113 76958132
70 71 76945625
91 95 76942048
91 79 76942048
90 117 76940513
90 102 76940513
132 46 76939289
132 7 76939289
132 78 76939289
9 19 76936703
62 42 76936638
3 2 76933722
9 33 76932983
3 58 76932233
131 37 76929529
56 42 76921836
25 42 76921534
25 122 76920803
25 85 76919399
25 42 76918749
25 57 76918749
14 20 76914294
124 56 76914134
25 85 76913908
57 25 76911449
37 124 76859835
91 83 76858299
19 9 76856405
13 17 76855883
112 93 76854535
112 123 76854535
2 44 76852791
14 23 76850567
44 0 76850563
44 58 76850563
96 97 76850377
22 105 76850100
1 21 76849847
37 85 76849119
112 93 76848852
3 44 76848019
2 82 76845387
25 57 76844231
100 59 76843902
6 22 76843630
28 100 76843434
22 13 76836033
22 17 76836033
105 73 76830234
120 124 76828787
120 37 76827687
2 3 76824843
33 20 76824354
41 97 76821456
91 83 76770830
88 36 76766203
29 91 76762028
120 37 76759618
97 49 76755880
25 43 76754700
119 56 76748558
2 55 76747569
117 65 76747521
117 130 76747521
117 86 76747521
14 13 76746667
14 12 76746667
26 81 76746208
78 2 76744857
13 11 76744012
13 16 76744012
25 42 76743825
2 82 76737653
19 9 76734078
5 105 76682829
42 43 76574076
19 9 76510325
97 136 76509239
91 111 76508642
136 51 76504108
136 43 76504108
136 109 76504108
136 85 76504108
136 24 76504108
92 66 76503435
117 90 76502795
87 90 76496280
90 86 76495809
100 59 76492069
112 5 76488766
25 85 76488287
85 25 76485939
14 13 76484405
25 57 76482328
11 8 76482166
25 75 76480925
93 113 76478546
85 112 76474675
13 11 76427202
13 16 76427202
97 49 76426585
97 49 76424412
13 6 76421677
66 92 76419319
125 25 76412553
3 58 76411512
112 93 76407003
112 123 76407003
78 37 76405047
78 124 76405047
2 82 76403588
91 40 76402432
82 3 76397793
122 125 76397119
19 9 76396430
112 93 76363146
25 56 76354018
25 42 76354018
91 95 76341434
91 40 76341434
13 17 76338210
70 81 76335141
120 55 76335027
40 111 76334987
40 35 76334987
93 112 76333882
37 120 76331699
8 23 76331480
80 131 76329435
38 25 76329320
112 123 76327083
23 20 76326572
33 9 76324665
19 9 76323500
93 112 76323206
38 25 76321123
112 93 76318791
92 66 76316391
129 81 76316110
56 25 76315237
119 56 76313095
119 124 76313095
122 25 76310978
112 93 76310905
6 17 76310824
25 42 76310392
25 57 76310392
112 113 76309540
9 33 76308081
19 9 76305663
25 43 76301692
25 57 76301692
25 85 76301692
25 122 76301692
93 81 76259020
93 112 76256903
93 112 76256542
2 82 76255834
123 43 76247739
95 40 76244159
29 91 76240929
8 23 76239246
131 78 76239170
40 111 76234120
15 11 76231500
8 17 76230258
33 17 76229850
23 8 76226457
131 55 76226394
112 93 76226166
112 123 76226166
112 113 76225990
1 38 76221893
2 82 76218835
9 18 76217370
53 36 76216772
112 85 76170086
78 85 76169398
13 16 76166764
91 95 76165920
91 111 76165920
91 40 76165920
14 13 76165654
13 6 76165079
2 78 76161770
113 123 76161173
58 0 76160813
23 17 76159813
93 113 76159508
120 124 76158201
44 82 76157803
81 73 76155700
83 111 76154068
70 105 76151736
13 15 76151467
105 22 76147968
112 93 76146391
26 107 76144723
69 27 76142342
69 134 76142342
69 32 76142342
0 3 76141174
93 113 76139400
93 113 76138600
44 82 76137894
2 78 76137025
85 120 76134238
2 78 76132829
2 82 76131356
112 93 76054360
23 20 75983166
55 58 75971160
58 0 75906946
91 95 75906219
91 40 75906219
3 58 75905180
120 37 75905072
120 85 75904141
123 113 75903587
23 20 75902503
23 20 75901273
23 20 75901167
88 27 75901017
88 68 75901017
88 95 75901017
88 51 75901017
88 115 75901017
88 7 75901017
88 40 75901017
88 137 75901017
88 42 75901017
88 79 75901017
88 97 75901017
120 37 75900313
88 106 75898479
88 70 75897386
88 123 75897386
113 106 75896843
0 55 75893497
113 93 75892157
11 14 75882345
93 113 75829747
58 44 75823070
91 95 75821526
91 40 75821526
91 83 75821526
20 23 75819733
125 55 75806213
125 57 75806213
125 48 75806213
93 113 75780747
93 113 75780689
62 56 75744686
86 102 75742129
86 72 75739333
2 44 75732069
86 72 75731329
86 117 75728533
19 11 75727662
19 9 75727662
12 9 75726049
78 131 75725995
112 113 75724088
0 3 75721612
0 44 75721612
23 20 75720267
90 102 75718522
23 8 75718103
25 136 75717877
58 2 75712965
0 82 75711774
111 78 75710511
15 13 75709146
119 56 75708492
13 16 75666619
88 107 75652610
124 120 75647840
25 75 75646279
25 101 75646279
25 57 75646279
124 55 75645922
91 111 75645175
112 73 75644776
0 44 75644227
25 62 75643550
25 62 75643391
23 17 75641678
13 14 75641550
25 122 75634270
41 97 75626565
25 62 75626002
78 55 75625536
2 82 75623921
0 3 75618635
25 56 75614469
25 122 75614469
111 78 75614287
25 121 75611155
13 14 75580769
62 51 75574953
62 42 75574953
123 94 75568994
112 93 75568695
14 17 75561532
9 8 75558956
9 23 75558956
112 93 75554938
124 85 75554590
17 13 75554233
17 16 75554233
124 119 75553224
28 59 75552044
84 42 75548238
2 82 75547999
2 82 75545827
107 89 75544536
90 102 75539661
90 86 75539661
20 23 75539186
112 123 75538492
23 17 75535774
112 93 75535396
29 73 75535050
2 82 75532795
8 23 75531538
119 56 75531300
90 72 75531252
23 8 75530984
104 70 75529744
85 124 75529439
90 135 75528890
70 104 75528875
93 112 75526318
91 111 75301683
92 66 75300453
19 9 75299565
100 59 75291459
78 85 75290703
85 120 75289671
81 85 75288774
57 25 75288755
33 18 75288512
131 80 75288123
100 28 75287581
80 131 75287575
85 25 75287261
25 41 75285948
25 51 75285948
25 43 75285948
25 57 75285948
78 111 75282953
26 28 75280975
0 44 75280543
112 113 75279206
5 70 75278406
58 82 75274597
58 44 75274597
131 80 75273563
23 20 75271176
23 17 75270706
80 131 75269743
91 95 75220830
91 79 75220830
91 83 75220830
9 19 75217758
112 93 75215397
112 73 75215397
66 114 75215156
100 59 75212053
85 120 75206705
80 55 75205305
117 130 75204332
13 8 75204231
82 0 75204165
112 93 75202658
112 81 75202012
13 8 75201885
22 9 75195723
82 55 75187746
25 43 75187159
25 122 75187159
78 55 75186832
25 56 75186677
25 121 75186677
25 122 75186677
43 25 75186562
78 55 75185552
78 55 75184824
82 55 75183047
81 28 75182245
81 53 75182245
81 111 75182245
81 30 75182245
81 25 75182245
81 26 75182245
20 23 75178078
81 26 75145364
91 111 75131609
112 93 75123177
131 55 75121361
113 112 75120309
131 37 75120079
8 13 75114574
2 44 75106448
90 92 75105737
44 58 75102767
22 20 75101508
55 78 75100551
85 81 75095658
121 43 75094620
20 23 75093990
97 96 75043278
91 111 75042507
91 40 75042507
11 13 75039382
25 41 75037398
25 85 75037398
35 49 75021183
82 71 75020647
9 22 75020103
9 22 75018647
5 71 75016134
40 95 75012856
40 29 75012856
40 111 75012856
40 83 75012856
123 106 75012635
33 22 75009330
25 43 74974838
112 93 74953643
13 16 74952048
70 94 74951275
112 93 74950534
112 123 74950534
28 100 74941699
28 100 74941698
33 23 74939744
78 55 74934866
113 93 74931795
113 123 74931795
112 113 74930324
112 93 74925373
112 113 74925373
19 9 74918328
15 19 74917980
15 9 74917980
72 90 74916353
13 11 74871477
13 8 74870409
100 59 74692423
112 93 74689224
112 123 74689224
18 106 74687425
52 41 74683341
112 113 74683270
82 58 74682776
13 17 74681122
26 60 74681027
26 31 74681027
112 93 74677155
112 85 74677155
70 22 74674066
129 73 74665740
13 16 74662614
85 120 74661408
44 82 74607847
44 3 74607847
90 65 74607144
90 86 74607144
22 17 74605328
18 73 74602693
112 93 74601215
112 93 74600348
112 81 74600348
78 55 74600025
125 122 74598328
112 93 74597531
112 81 74597531
112 113 74597531
85 25 74595356
112 85 74595034
13 12 74594773
85 112 74593449
97 41 74588718
11 13 74587170
11 14 74587170
82 3 74587031
112 113 74586094
5 70 74580179
5 105 74580179
13 12 74527614
13 23 74527614
131 119 74513080
1 35 74512280
25 43 74508871
25 57 74508871
58 95 74506977
58 111 74506977
13 16 74506245
112 93 74503415
119 37 74503340
112 123 74501189
20 23 74498389
20 23 74497447
85 25 74496680
25 109 74496237
13 8 74492334
90 72 74490922
90 102 74490922
85 120 74490917
8 16 74490282
19 9 74483090
22 19 74438257
111 40 74430742
111 29 74430545
35 30 74427916
75 57 74427915
75 25 74427915
112 113 74427554
120 37 74425904
3 44 74425855
44 2 74424334
44 0 74424334
44 3 74424334
25 57 74418105
90 135 74414358
112 17 74413780
25 121 74413491
62 42 74410123
113 81 74405973
33 20 74405689
15 19 74397260
112 85 74359341
25 41 74346874
25 51 74346874
112 81 74343909
112 113 74343909
112 81 74334860
112 5 74334860
13 17 74325641
45 137 74325239
13 11 74324798
68 32 74323866
112 93 74321153
93 81 74316483
93 112 74316272
93 112 74315750
82 55 74087523
111 78 74086025
112 5 74081282
112 113 74080795
58 2 74074676
93 26 74073991
89 28 74073834
89 31 74073834
11 13 74065686
11 8 74065686
11 17 74065686
37 131 74064856
120 37 74064771
112 93 74062029
78 25 74059069
112 93 74004753
112 113 74004753
120 85 74003045
2 44 74002927
90 117 74001862
120 85 73997547
120 85 73997017
26 27 73996212
26 98 73996212
26 76 73996212
26 30 73996212
45 68 73992003
45 137 73992003
41 115 73988341
41 97 73988341
71 44 73987517
125 41 73981804
125 122 73981804
125 48 73981804
20 23 73980596
25 75 73976103
25 42 73976103
25 57 73976103
25 121 73976103
25 136 73976103
25 85 73976103
5 123 73975731
5 113 73975731
2 44 73973633
2 44 73973603
123 73 73966823
13 14 73922278
19 8 73920639
131 119 73920295
112 123 73918527
112 93 73914971
100 59 73914372
82 58 73910249
131 37 73905064
45 137 73902118
5 70 73897212
93 113 73892579
68 32 73889641
44 3 73875161
44 58 73875161
113 93 73870047
123 18 73818249
3 82 73798878
3 58 73798878
19 9 73752447
26 28 73746720
112 93 73744424
93 112 73742391
25 56 73735079
88 107 73731014
5 112 73729431
5 113 73729431
44 2 73724965
44 0 73724965
44 58 73724965
44 88 73718932
15 17 73713990
113 123 73711944
19 9 73706548
82 0 73479066
137 68 73478497
100 59 73472391
78 55 73465672
25 136 73460758
78 55 73459327
8 13 73456691
8 11 73456691
11 13 73456220
112 93 73451040
113 123 73397990
125 36 73392913
25 41 73382960
25 75 73382960
25 101 73382960
26 76 73378389
112 93 73370779
25 75 73368155
25 57 73368155
111 36 73364920
87 66 73329344
26 113 73318429
120 85 73313974
49 97 73307157
93 112 73294882
62 51 73291709
113 123 73288177
93 112 73286669
112 123 73286338
112 78 73286185
131 119 73285095
68 32 73282895
93 113 73281428
85 112 73231178
85 78 73231178
25 42 73223433
25 57 73223433
25 136 73223433
93 113 73211638
85 112 73210042
85 25 73210042
131 37 73198450
44 2 72884012
100 59 72868174
93 71 72864227
44 2 72860610
9 19 72860232
112 93 72857621
112 123 72857621
123 9 72847871
93 123 72806409
66 87 72798204
94 105 72792749
82 58 72791674
82 44 72791674
62 60 72779371
93 113 72774275
28 100 72770139
62 77 72708929
25 75 72700689
25 43 72700689
25 136 72700689
15 23 72695372
119 124 72688035
119 124 72687386
73 70 72643562
123 103 72625146
112 93 72618966
18 106 72615103
18 20 72615103
78 85 72610083
112 93 72609805
62 53 72607017
25 41 72605670
25 52 72605670
25 7 72605670
25 43 72605670
62 53 72598594
62 53 72598372
120 85 72597359
93 123 72596756
78 85 72592841
35 49 72588468
20 23 72584588
112 93 72547147
66 84 72545630
85 120 72538103
19 15 72535456
82 55 72530763
125 41 72528162
125 57 72528162
125 122 72528162
112 93 72524531
112 113 72524531
113 123 72509959
104 107 72498850
93 113 72448317
106 33 72356464
106 81 72356464
13 11 72342657
13 11 72342221
13 8 72341705
104 70 72277462
104 73 72277462
104 107 72277462
82 131 72268632
113 123 72264825
11 13 72261405
123 103 72260260
113 123 72247020
112 113 72246956
106 88 72243689
20 23 72240662
13 17 72207791
111 95 72179701
106 52 72176245
106 30 72176245
106 129 72176245
106 101 72176245
106 121 72176245
106 18 72176245
129 73 72172367
112 93 72114072
25 121 72104836
18 20 72102041
92 74 72100857
112 113 72089818
131 37 72086501
131 80 72086501
30 26 72086079
25 51 72080640
25 56 72080640
49 1 72076310
15 17 72068466
112 81 72031122
25 75 72019612
25 57 72019612
25 122 72019612
25 56 72019077
25 42 72019077
104 105 72006541
49 97 71999616
52 81 71997664
44 3 71991285
9 19 71986989
15 19 71983752
103 129 71981737
77 64 71934779
26 28 71934740
37 131 71934585
131 120 71931422
117 114 71928199
111 78 71926892
131 119 71924232
112 93 71920110
15 19 71914244
103 88 71909350
13 17 71857656
87 92 71754761
93 113 71652472
26 28 71648883
13 17 71641482
93 113 71636986
66 114 71577139
131 37 71574745
71 44 71558913
111 78 71504459
111 78 71503890
111 78 71503584
82 58 71499107
70 131 71417393
70 37 71417393
70 4 71417393
17 11 71409614
82 44 71398714
8 13 71388752
8 9 71388752
88 107 71388698
63 93 71379904
93 113 71378489
123 106 71377377
33 6 71330248
33 13 71330248
33 12 71330248
44 58 71325687
2 82 71324192
123 106 71322210
78 37 71316756
13 17 71309006
71 4 71305323
17 13 71303610
25 75 71300242
93 113 71236385
52 115 71066281
3 0 71060212
3 58 71060212
131 37 71056021
2 44 71054933
25 51 71048347
25 75 71048347
25 101 71048347
25 121 71048347
131 3 71044480
93 113 70985475
81 46 70984156
100 28 70983302
100 59 70983302
13 17 70980196
100 28 70975756
13 11 70973459
13 17 70973459
62 35 70970587
123 93 70962101
93 112 70948033
100 59 70892207
70 71 70892074
78 55 70890843
93 113 70868194
44 58 70866175
117 74 70799836
25 56 70796097
25 75 70795110
112 93 70784830
141 29 70779192
141 17 70779192
117 90 70722653
74 92 70716083
131 53 70714492
103 81 70711600
111 29 70707702
78 55 70694483
8 9 70689480
8 17 70689480
139 128 70628304
139 134 70628304
139 45 70628304
139 68 70624491
139 93 70624491
22 13 70461224
19 9 70460072
70 5 70456462
6 13 70454358
6 13 70447530
22 17 70446998
22 17 70442993
5 70 70431785
5 105 70431785
19 9 70430655
19 17 70430655
13 11 70392843
13 8 70392376
13 8 70391934
93 113 70372014
93 139 70368419
19 9 70361914
103 13 70361244
82 58 70351205
82 58 70350480
13 103 70348488
93 73 70291572
113 123 70286161
123 113 70286019
141 103 70284850
141 88 70284850
141 18 70284850
103 13 70282773
90 135 70280400
141 43 70279138
113 112 70274879
92 66 70269815
92 74 70269815
92 87 70269815
37 85 70268278
103 129 70263345
82 0 70262686
82 58 70262686
82 44 70262686
13 8 70258751
37 85 70201512
25 51 70189442
25 75 70189442
25 43 70189442
25 136 70189442
19 9 70177963
112 113 70154760
25 51 70116991
25 101 70116991
25 122 70116991
81 27 70116642
81 111 70116642
11 17 70110572
78 37 70107420
6 23 70092768
25 51 70092606
25 136 70092606
139 59 70091651
139 100 70091651
13 11 70088531
25 75 70088395
25 43 70088395
25 136 70088395
25 122 70088395
112 113 70082340
112 81 70072800
112 113 70072800
5 70 70007425
131 55 69858676
16 13 69856011
95 40 69854153
13 17 69852823
13 11 69852681
22 17 69836243
6 13 69834618
55 78 69771615
78 55 69764456
82 3 69764211
111 78 69762205
111 78 69761897
112 22 69751380
112 9 69751380
112 17 69751380
112 73 69749653
123 113 69738367
9 112 69736740
43 121 69679276
43 25 69679028
44 82 69664169
44 0 69664169
107 73 69654297
19 12 69584009
43 42 69568640
139 112 69550920
111 83 69506816
6 13 69488118
6 17 69488118
112 113 69486780
15 19 69486628
92 74 69483451
112 113 69480480
15 13 69474169
100 59 69472421
112 73 69422220
112 81 69318040
112 73 69301320
19 15 69253012
107 73 69231274
11 8 69229779
11 17 69229779
112 113 69157200
131 37 69147821
8 13 69146589
131 115 69143403
25 51 69074460
70 73 69066088
70 3 69058307
112 113 69057360
82 107 69056162
82 58 69056162
82 44 69056162
43 36 69051369
139 100 68992469
49 91 68991952
95 91 68991388
69 128 68990070
37 120 68988085
85 25 68979780
68 137 68967950
13 11 68966045
13 17 68966045
8 13 68961468
85 142 68943780
22 112 68924400
4 71 68909667
25 75 68905690
25 121 68905690
112 85 68894029
117 130 68889256
129 141 68888299
25 42 68887862
25 136 68887862
112 113 68887500
112 17 68887500
131 52 68881744
43 36 68876257
112 85 68875980
112 81 68665440
112 85 68648048
112 73 68647482
13 8 68640753
13 11 68640753
112 81 68629440
95 111 68612470
82 0 68558418
82 3 68558418
82 0 68556368
129 141 68545689
70 37 68535062
70 4 68535062
70 5 68535062
43 36 68524649
68 45 68457310
68 137 68457310
30 36 68439481
112 113 68404020
49 97 68394431
139 62 68378040
139 45 68378040
43 57 68351206
113 112 68349720
112 73 68329200
112 81 68311251
112 73 68293200
112 113 68287740
15 19 68268405
112 81 68244600
72 92 68219583
112 113 68208780
112 73 68208600
112 113 68176680
112 113 68056440
113 81 68055480
113 73 68055420
113 81 68055420
113 73 68054940
113 112 68020560
112 113 68020440
68 137 68019130
112 113 68011260
113 112 68010900
112 113 68008080
112 113 67965720
66 87 67962416
112 113 67953780
19 9 67946673
78 85 67939370
44 3 67934708
113 112 67932300
82 2 67785062
68 128 67767519
26 28 67763132
6 8 67760973
8 17 67758281
88 81 67719120
78 55 67700733
111 78 67697950
90 109 67697915
90 87 67697915
112 113 67697460
111 78 67697228
139 60 67696243
19 9 67691254
13 8 67672512
26 81 67671550
35 77 67669710
3 82 67665675
3 2 67665675
3 0 67665675
3 58 67665675
102 92 67617883
111 29 67434568
11 8 67414642
15 8 67412953
131 37 67347938
82 2 67341134
78 55 67332121
36 80 67258387
36 133 67258387
66 109 67246488
92 66 67193434
113 112 67166400
68 137 67153873
139 69 67149544
139 134 67149544
20 33 67073580
81 73 67073510
111 52 67059917
81 29 67055460
19 9 67015200
112 113 66877260
1 126 66828174
139 59 66815059
11 8 66805788
13 11 66802195
19 9 66761940
139 137 66744339
131 37 66739294
112 113 66733800
112 113 66732300
112 85 66729060
112 9 66729060
55 37 66654301
131 55 66653001
112 113 66646260
43 42 66640931
139 112 66640620
15 13 66638361
15 17 66638361
13 11 66637810
139 137 66567868
131 4 66565838
100 63 66565218
115 37 66561383
112 17 66554880
5 71 66545130
139 62 66544465
139 45 66544465
11 8 66457401
11 17 66457401
19 9 66419160
71 5 66381394
139 59 66207821
139 137 66207821
139 60 66207821
139 100 66207644
139 60 66206184
112 113 66181320
19 15 66070380
105 70 66055442
105 106 66055442
77 35 66030643
26 27 65973640
49 91 65968349
49 97 65968349
19 9 65959260
35 111 65938297
72 90 65936411
111 61 65883957
71 145 65880060
113 112 65763600
112 113 65761620
112 113 65758440
7 143 65609859
145 3 65597640
91 95 65541739
91 79 65541739
91 83 65541739
82 2 65518560
82 58 65518560
1 126 65517064
116 73 65510533
116 35 65510445
0 55 65507760
61 73 65490780
82 2 65490180
29 81 65455446
125 36 65431077
116 62 65423897
2 82 65417100
2 82 65413080
2 82 65412900
145 2 65409120
15 19 65369400
13 11 65362595
3 2 65339700
145 3 65338200
136 122 65329613
3 58 65326320
143 131 65314500
4 71 65308860
15 13 65279700
91 111 65279005
92 130 65275220
85 37 65272320
29 81 65265551
26 62 65262471
26 36 65262471
26 30 65262361
136 62 65262182
48 126 65251956
48 39 65251956
0 3 65243940
0 58 65243940
144 131 65240040
58 2 65234880
144 143 65230620
91 111 65024184
143 80 65008503
138 38 65005921
37 120 65005200
37 78 65002860
11 13 64989756
11 8 64989756
11 17 64989756
3 55 64979940
3 58 64979940
58 3 64969380
91 95 64935855
143 144 64934220
112 113 64919820
112 113 64915320
15 19 64912260
116 73 64907915
116 81 64898221
58 82 64883700
26 30 64855048
37 85 64850800
95 50 64846892
37 85 64832760
2 82 64823580
1 138 64823160
116 107 64821077
0 3 64820160
116 73 64816071
112 113 64815120
113 112 64810320
145 2 64801860
107 73 64799280
85 37 64765200
29 129 64753686
112 113 64752780
2 145 64744920
29 30 64736203
30 29 64736144
61 81 64733040
2 82 64729140
116 27 64728947
116 30 64728947
116 25 64728947
0 2 64727640
71 145 64721940
112 113 64718460
37 78 64638180
29 27 64407329
13 11 64393856
50 95 64320310
136 25 64316547
37 85 64309860
131 38 64307292
2 55 64303860
78 37 64301760
111 91 64291908
131 38 64289280
0 2 64285500
2 82 64282860
131 144 64280160
4 90 64277100
18 17 64252980
1 53 64227241
112 113 64213320
112 113 64182060
68 45 64166580
91 95 64157509
91 83 64157509
18 33 64144440
18 13 64144440
18 8 64144440
116 28 64139216
116 52 64139216
116 53 64139216
116 47 64139216
116 132 64139216
116 137 64139216
116 21 64139216
116 43 64139216
116 125 64139216
116 109 64139216
116 60 64139216
116 25 64139216
116 83 64139216
116 84 64139216
116 136 64139216
111 40 64138630
52 41 64135724
52 115 64135724
91 40 64133579
145 71 64130040
125 36 64119054
112 113 64114500
131 143 64113120
37 78 64112160
145 3 64110840
145 71 64110240
18 8 64108440
145 2 64108440
88 29 64069915
37 85 64067759
0 2 64067220
37 85 64064160
1 21 64063343
145 2 64053240
37 85 64046187
2 0 64045920
143 131 64043580
112 113 64036800
0 58 64030140
0 3 64029600
0 145 64029600
112 113 64025400
0 55 64025340
0 145 64025340
86 135 63860943
112 113 63793620
112 113 63792540
112 24 63791854
112 9 63791854
21 1 63788835
57 41 63787025
143 131 63786720
58 82 63782940
3 2 63779820
3 145 63779820
112 17 63773820
37 120 63724680
37 85 63721080
37 85 63720000
18 17 63715860
113 105 63707160
113 81 63707160
113 107 63707160
2 3 63689880
3 0 63688440
143 78 63678060
2 3 63676080
37 85 63655920
37 120 63640320
13 11 63639714
13 17 63638827
2 145 63628020
3 145 63622620
37 85 63619920
58 82 63616020
2 55 63608700
0 55 63591240
0 2 63591240
76 60 63590580
119 37 63587160
95 91 63556620
17 8 63539735
37 85 63539580
58 82 63529860
58 82 63523200
2 55 63522600
112 113 63514680
37 120 63512340
90 4 63508800
112 17 63508500
131 37 63503460
112 113 63457140
112 17 63453660
37 120 63450780
61 81 63445440
116 29 63432300
131 119 63421140
78 85 63419760
113 112 63285360
111 83 63203160
112 106 63198300
121 50 63193492
29 81 63192900
78 37 63187020
78 37 63185340
131 143 63184440
112 113 63177420
0 58 63174900
58 0 63174180
62 42 63168240
111 79 63167160
57 41 63166980
58 95 63160800
49 38 63117660
132 52 63115636
11 6 63103074
37 85 63101340
112 113 63101340
126 1 63085980
0 58 63079800
1 53 63078600
145 2 63070380
111 78 63039720
111 78 63017700
58 82 63014640
71 145 63006300
131 144 63004740
131 37 63004320
111 78 62953080
116 73 62936380
112 113 62933040
85 37 62931480
112 113 62922600
55 2 62912520
4 71 62907180
58 3 62905500
57 51 62899860
18 33 62872500
18 22 62872500
81 4 62856780
121 42 62839391
116 84 62824776
116 38 62824776
61 81 62819700
58 82 62819580
58 111 62819460
145 2 62812200
57 139 62606580
11 17 62573010
57 41 62572740
57 139 62572020
111 78 62557140
112 113 62554800
91 95 62554560
111 78 62554260
120 56 62503980
25 51 62432040
25 42 62432040
1 21 62429520
116 52 62424560
116 84 62424128
116 85 62424128
116 81 62422995
116 85 62422995
116 38 62422995
1 126 62421960
1 21 62421960
136 25 62409600
55 131 62400420
37 85 62387220
71 145 62383920
136 139 62347740
112 113 62332140
104 113 62324280
58 82 62322540
58 3 62322540
120 85 62321520
92 117 62311080
120 147 62307240
37 131 62305380
131 143 62296500
0 3 62291700
74 130 62284620
104 113 62282700
81 28 62266560
106 141 62260320
22 11 62255500
81 35 62248602
81 38 62248602
81 36 62248602
1 49 62243640
116 29 62241793
4 90 62240940
116 81 62239665
116 81 62239446
3 145 62236080
58 82 62235180
73 81 62228460
143 144 62225940
72 135 62159580
92 130 62024220
113 81 61998120
20 23 61982621
1 138 61979820
113 81 61976280
58 144 61974660
0 2 61968600
112 113 61967820
11 6 61966432
11 8 61966432
120 37 61963920
112 113 61962780
57 56 61960320
41 57 61953180
90 4 61942260
25 57 61907580
25 139 61907580
139 11 61905233
139 17 61902859
112 113 61892280
112 113 61892100
22 17 61891607
116 113 61887591
139 6 61885425
139 8 61885425
139 17 61885425
131 144 61869900
112 113 61867920
116 111 61824118
116 111 61821938
139 6 61813974
139 8 61811610
3 2 61809300
112 113 61808100
4 144 61808100
3 2 61807080
94 71 61803720
40 111 61798740
40 79 61798740
145 2 61787160
0 3 61771680
0 145 61771680
1 138 61735500
58 82 61718400
122 51 61711440
112 139 61707540
116 73 61700214
2 0 61691640
145 2 61687020
145 3 61687020
38 138 61655040
38 48 61655040
116 85 61652033
38 21 61650660
78 2 61635060
58 82 61626660
112 113 61625580
38 1 61619040
38 126 61619040
38 21 61619040
38 138 61619040
38 39 61619040
116 111 61617088
111 83 61615560
38 1 61614660
38 21 61614660
38 146 61614660
38 138 61614660
145 82 61614240
145 0 61614240
145 3 61614240
116 85 61574096
11 6 61372904
3 0 61371660
3 145 61371660
2 0 61353480
57 41 61349520
145 2 61341840
143 144 61341540
143 144 61341120
87 84 61334580
141 33 61321860
141 20 61321860
1 21 61318020
1 38 61318020
111 83 61300860
37 85 61271940
112 113 61268520
0 2 61264620
37 85 61256100
88 81 61231500
8 139 61215484
131 78 61210080
78 143 61209060
23 17 61193334
143 131 61187640
145 71 61186200
0 55 61176540
131 143 61174080
3 145 61167000
139 122 61138380
72 65 61125600
112 113 61112640
0 145 61088100
18 32 61077420
92 74 61069500
55 143 61066500
55 131 61066500
145 0 61018560
145 3 61015800
145 58 61015800
17 6 61014499
145 0 61010040
85 37 61005480
112 17 61004760
2 0 61001820
3 55 60997740
3 58 60997740
120 37 60997440
92 130 60799800
145 0 60761700
145 3 60761700
145 58 60761700
139 15 60759180
139 8 60759180
139 11 60759180
139 6 60759111
11 6 60756496
11 17 60756496
0 145 60753540
58 82 60748320
112 113 60741240
87 84 60737100
92 66 60706320
37 85 60672960
143 144 60655860
57 41 60655800
57 25 60644340
145 0 60581640
112 139 60576720
143 78 60572700
6 11 60508832
113 112 60499200
112 139 60497700
112 139 60496800
57 41 60493020
3 2 60488460
3 58 60488460
143 144 60482400
4 90 60477000
52 115 60452287
112 113 60427260
37 85 60425100
71 145 60417840
58 2 60414000
58 145 60414000
112 113 60399840
2 0 60390000
81 53 60341400
112 113 60265860
105 14 60161485
11 6 60153336
11 17 60153336
1 21 60151800
111 40 60147000
111 83 60147000
143 78 60146880
112 113 60143640
112 113 60142800
112 139 60138180
37 119 60136860
78 2 60078660
0 145 60075060
145 2 60073380
145 58 60073380
3 0 60066000
3 58 60066000
57 56 60065220
143 144 60050100
2 78 60048360
112 113 60010560
112 113 60010380
112 113 60009960
88 81 59996460
2 145 59992020
2 0 59989020
83 40 59982780
55 143 59974920
113 112 59968920
22 6 59902320
143 144 59897700
116 77 59893622
0 2 59890320
0 145 59890320
111 78 59886000
131 144 59884140
58 82 59878500
143 78 59877300
111 78 59870940
57 25 59869980
55 143 59823000
112 113 59816460
38 146 59812140
88 81 59587620
78 143 59568660
112 113 59559360
92 130 59553420
95 40 59549940
131 3 59549820
40 83 59545740
40 111 59540400
117 109 59539560
112 113 59532960
131 55 59532120
95 79 59529780
95 83 59529780
131 78 59505240
117 92 59469540
95 91 59463060
58 82 59460300
131 37 59459700
37 85 59443920
2 0 59443440
2 58 59443440
2 145 59443440
143 131 59435340
78 55 59398020
55 143 59383860
22 18 59381880
22 139 59381880
143 131 59378340
85 112 59377080
58 2 59357400
3 58 59354520
139 136 59329500
81 53 59306160
143 55 59300760
2 3 59290740
139 11 59290366
139 17 59290366
119 120 59276460
58 2 59274180
22 17 59271660
120 37 59265180
22 9 59264340
22 17 59264340
0 58 59263680
15 11 59216376
11 139 59208589
117 66 59208120
55 143 59203440
2 0 59203260
37 131 59203200
0 2 59202900
22 139 59195520
57 41 59179380
57 75 59179380
57 122 59179380
22 9 59141100
112 113 59105580
112 6 58958040
6 15 58954471
6 8 58954471
6 139 58954471
58 82 58954020
92 109 58951260
22 139 58949220
22 6 58948980
11 6 58948337
11 8 58948337
92 117 58939920
112 17 58938060
95 79 58937280
148 149 58930680
112 113 58930260
149 113 58928220
149 90 58928220
92 149 58918140
94 81 58900020
22 139 58869720
112 113 58863900
85 120 58863600
58 95 58859460
58 111 58859460
92 117 58851720
92 117 58847040
144 131 58843440
145 2 58838040
2 3 58837800
148 149 58837500
92 66 58834800
116 73 58789946
116 111 58788680
2 3 58780200
148 149 58776840
139 11 58773309
139 17 58773309
58 2 58762980
71 58 58761060
112 113 58754100
112 113 58753560
22 139 58712580
22 17 58711500
57 51 58697580
57 25 58697580
112 113 58697580
57 147 58697580
57 122 58697580
131 144 58691220
58 3 58690680
2 145 58684620
112 113 58683240
57 41 58679400
145 3 58670760
145 58 58670760
145 2 58669020
145 0 58668720
145 58 58668720
112 149 58619040
37 131 58605660
37 131 58605600
38 47 58605540
81 53 58603200
112 113 58590960
112 113 58581960
117 92 58578240
94 81 58393500
131 144 58345500
116 81 58339405
58 111 58339020
71 58 58259820
145 2 58258200
1 47 58257240
112 22 58256220
145 0 58238280
0 2 58236600
0 2 58235880
0 2 58233660
25 142 58191960
58 2 58180380
81 29 58176829
144 58 58167120
117 86 58157700
131 55 58152480
116 81 58107677
11 6 58098991
37 120 58095180
37 85 58095180
143 131 58094700
78 143 58091220
131 144 58090380
144 131 58081620
3 55 58076160
3 0 58076160
3 58 58076160
145 2 58075680
92 149 58075620
2 3 58075320
2 145 58069260
112 113 58065000
25 139 58063500
112 113 58062600
25 122 58057620
143 78 58054320
8 17 58023769
11 6 57994801
143 144 57991320
112 113 57981840
112 113 57978660
149 24 57975180
58 3 57973500
92 149 57972420
22 20 57969240
88 81 57783180
22 17 57741120
22 139 57741120
37 120 57739200
3 55 57737220
3 2 57737220
0 3 57731640
66 117 57725820
117 87 57725220
22 139 57656940
2 0 57654960
131 55 57653880
131 143 57648840
22 13 57645120
112 113 57638520
131 143 57634980
112 113 57634260
112 113 57634140
2 145 57626280
112 17 57576780
112 139 57576780
58 82 57571380
112 113 57571020
131 55 57546900
131 143 57544380
0 2 57542280
58 82 57540420
145 3 57539340
145 58 57539340
2 145 57539340
117 114 57481800
112 113 57481140
66 117 57470400
112 113 57461880
58 145 57461400
58 82 57454920
95 40 57451680
111 73 57449760
117 109 57399120
92 109 57397860
22 33 57394560
22 6 57394560
22 17 57394560
114 117 57385800
58 0 57377700
58 3 57377700
58 145 57377700
112 113 57376140
131 144 57370260
37 131 57367980
116 85 57320533
25 122 57225900
107 9 57152802
131 55 57121500
58 3 57103800
149 42 57052680
149 107 57052680
149 24 57052680
145 2 57050040
145 0 57050040
58 144 57045960
2 0 57041340
2 145 57034860
57 41 57026820
57 41 57025440
117 66 57023760
55 3 57022800
2 0 57021600
0 2 57020520
117 109 56966640
117 87 56966640
131 143 56965800
57 41 56963880
57 139 56962620
22 112 56953800
117 114 56944200
38 146 56934720
112 113 56889600
112 113 56881440
116 85 56873376
112 24 56856180
0 2 56854920
58 2 56851140
58 0 56851140
25 136 56815680
58 82 56794680
9 17 56785027
2 0 56775780
0 2 56775360
145 3 56772060
37 120 56764800
111 83 56710980
22 15 56557368
22 11 56557368
139 6 56554978
139 17 56546916
20 23 56538840
0 3 56532960
112 24 56532420
112 113 56528160
57 51 56526240
112 113 56512260
2 58 56505000
139 22 56447199
37 85 56439060
112 24 56434980
112 24 56433540
92 117 56426520
116 111 56386856
112 113 56380800
112 113 56380680
8 139 56360760
143 144 56355540
0 3 56342400
116 85 56299910
116 73 56299626
139 17 56286300
116 85 56279737
104 113 56278500
149 107 56268840
112 24 56268300
120 37 56252640
117 109 56247720
139 6 56243100
116 85 56216367
116 111 56184769
55 0 56155500
22 139 55953540
112 113 55943460
112 113 55942740
117 109 55928640
117 114 55928640
37 85 55915380
37 120 55907460
120 37 55900320
120 85 55900320
91 83 55888920
79 88 55867740
79 139 55867740
17 6 55855320
17 9 55855320
2 58 55840560
37 120 55834320
79 40 55831620
58 55 55831500
149 148 55829520
149 113 55829520
149 24 55829520
79 81 55828140
149 148 55827360
149 107 55827360
149 24 55827360
111 29 55826160
2 0 55819440
58 0 55813860
143 131 55812660
131 143 55755540
47 110 55749540
92 66 55747020
131 143 55745280
21 1 55734840
112 113 55717860
112 24 55717860
58 4 55666920
2 58 55665360
58 2 55665120
57 139 55661520
47 110 55652160
2 58 55641360
117 140 55577940
0 55 55573920
145 0 55570500
58 3 55570260
112 24 55569360
0 2 55560120
148 63 55549800
148 72 55549800
148 130 55549800
148 102 55549800
148 86 55549800
38 126 55548780
72 102 55498920
72 90 55498920
112 113 55422480
22 9 55324980
22 17 55324980
2 3 55322820
112 113 55301160
112 24 55301160
112 113 55300980
91 111 55292100
111 91 55291740
58 82 55236300
112 113 55229880
2 0 55227240
2 3 55227240
57 41 55221960
0 2 55218060
149 113 55214040
149 107 55214040
112 113 55212480
112 113 55166220
117 109 55148880
117 114 55148880
117 24 55148880
2 55 55145400
2 3 55144920
116 111 55141307
2 145 55137600
2 145 55122300
139 11 55079640
22 113 55066920
25 57 55066800
22 6 55066440
117 24 55058220
112 113 55051080
139 11 55036440
116 77 54992292
58 82 54981600
111 95 54978240
112 113 54976380
25 139 54967320
2 3 54960360
58 145 54954720
1 21 54953760
112 113 54953700
22 139 54892440
140 130 54845580
149 25 54757380
88 49 54720000
2 0 54713760
79 111 54710160
2 0 54694860
22 19 54691380
22 139 54685320
92 130 54683580
112 24 54637920
91 139 54636240
149 42 54630600
58 0 54628380
131 144 54611040
149 148 54603360
149 107 54603360
149 24 54603360
0 2 54601740
0 2 54600600
22 9 54566580
58 3 54544980
112 113 54543480
112 24 54543480
112 113 54543360
91 95 54538740
2 3 54534360
91 111 54514920
107 88 54498660
117 102 54456480
117 102 54453000
112 113 54450960
22 6 54449520
25 142 54423780
25 139 54393840
2 55 54378240
73 111 54356580
11 8 54136080
112 149 54121920
112 113 54115080
112 24 54115080
0 145 54112740
58 82 54108000
148 149 54106680
148 25 54106680
92 117 54099420
11 6 54092880
112 113 54023400
112 113 54022380
136 57 54010080
136 139 54010080
112 113 54006720
112 24 54006720
112 113 54000900
112 24 54000900
22 17 53996340
22 139 53996340
22 33 53994780
91 40 53993280
11 6 53974200
111 29 53943840
2 58 53943000
58 0 53938200
11 6 53931000
2 145 53930160
139 91 53926980
112 113 53917920
111 95 53914860
2 0 53858640
58 3 53854380
112 24 53854200
139 112 53852460
2 0 53850480
2 3 53845620
92 149 53832960
112 24 53832060
111 73 53784600
88 81 53757120
25 57 53754060
22 6 53753100
22 17 53753100
22 139 53753100
38 25 53738280
38 48 53738280
99 139 53729040
112 24 53658180
112 113 53616960
74 66 53526000
22 20 53505720
58 0 53481180
22 9 53425860
9 112 53408940
112 113 53404500
149 112 53314860
112 113 53272980
143 144 53239920
47 110 53234580
22 17 53137320
113 112 53067000
112 24 52913880
2 3 52905720
117 102 52894920
131 143 52894680
131 143 52886880
143 144 52818660
6 11 52813740
22 11 52810320
111 95 52810260
41 57 52805280
88 81 52735260
25 57 52639140
58 29 52616880
112 149 52578180
2 3 52563840
78 143 52557960
78 143 52551240
9 112 52549920
2 58 52538940
41 57 52272060
92 130 52269240
117 66 52219080
117 109 52219080
117 87 52219080
58 82 52215660
139 6 52205820
112 113 52191300
58 82 52187520
112 24 52137660
41 57 52124520
113 112 52121460
112 24 52113180
112 24 52109880
57 41 52106040
112 24 52105560
58 2 52041120
2 0 52033860
92 87 52029540
113 112 52018320
11 6 52012800
11 17 52012800
58 29 52012320
22 19 51965880
37 120 51691380
40 91 51679920
112 113 51677040
25 142 51624900
2 58 51612240
2 0 51581340
2 0 51577440
2 58 51577440
58 82 51523380
68 137 51522360
111 95 51514140
68 137 51510180
58 82 51505140
2 58 51493260
25 122 51489780
113 112 51452220
21 1 51415320
112 148 51414240
22 139 51078180
92 87 51073140
2 0 51065340
117 114 51007380
117 24 51006420
112 148 50988660
112 113 50979540
112 148 50979180
2 3 50922540
57 41 50912040
112 113 50909820
6 11 50906280
2 3 50904660
112 113 50900820
112 149 50900640
58 2 50897640
2 0 50886540
2 3 50886540
37 120 50836440
58 82 50831400
57 56 50817600
88 107 50810100
58 29 50739720
58 81 50739720
149 112 50736540
112 148 50730900
85 143 50715180
113 141 50550720
113 112 50472540
73 111 50453880
47 138 50393520
47 48 50393520
148 72 50378520
148 92 50378520
112 113 50378220
37 12 50342700
112 113 50320920
104 33 50315820
104 73 50315820
104 107 50315820
104 20 50315820
37 120 50311080
92 66 50310540
92 66 50308920
62 42 50303400
112 113 50300940
9 8 50296380
18 9 50296020
104 33 50291820
104 61 50291820
104 107 50291820
104 20 50291820
104 18 50291820
9 8 50291760
9 18 50291760
9 17 50291760
112 113 50288940
148 63 50283600
148 109 50283600
148 87 50283600
81 94 50280900
2 55 50230080
9 22 50220000
20 33 50219520
104 107 50217600
104 107 50217540
104 18 50217540
112 9 50217180
3 78 50207820
8 17 50204940
112 113 50204220
56 51 50200440
56 57 50200440
56 25 50200440
9 22 50199060
2 0 50199000
0 2 50197860
55 143 50142780
37 120 50142600
8 17 50136900
20 23 50135100
149 24 50129100
22 20 50120880
149 109 50120580
149 24 50120580
149 87 50120580
37 120 50119800
68 76 50119680
68 45 50119680
68 137 50119020
149 113 50115540
0 3 50112780
0 58 50112780
2 3 50111700
17 11 49875660
49 75 49874220
139 17 49870860
58 3 49867260
92 117 49858320
9 33 49856880
9 18 49856880
58 29 49852140
112 149 49772460
0 2 49769880
19 22 49714500
58 71 49712760
139 17 49686000
58 144 49680060
139 8 49679580
41 57 49678200
149 112 49677900
58 82 49618560
22 17 49618080
139 17 49617660
58 2 49616640
41 143 49612620
149 71 49597080
0 145 49590720
58 2 49590540
9 8 49554420
9 12 49554420
148 149 49527480
41 57 49525140
8 139 49517700
143 131 49510680
2 58 49507380
17 22 49505940
22 17 49501800
139 79 49473420
139 79 49472940
139 79 49472400
112 24 49285260
81 73 49274100
58 144 49272360
0 55 49270380
0 145 49270380
104 33 49267740
104 141 49267740
104 106 49267740
104 81 49267740
104 107 49267740
104 20 49267740
8 22 49266720
139 79 49259340
8 11 49256280
9 139 49250940
4 94 49248840
68 137 49245600
120 37 49243860
2 3 49179240
58 82 49174140
0 55 49171500
112 113 49170120
17 139 49168080
139 41 49100460
68 137 49092240
23 20 49086840
23 18 49086840
112 149 49081140
112 149 49080720
58 0 49075380
25 136 49038420
25 136 49037520
149 112 49004700
149 109 49004700
112 149 49003380
2 58 49003260
112 113 49002240
9 33 49001940
9 18 49001940
112 113 49001520
113 112 48996960
11 17 48994020
149 66 48993420
6 22 48989820
58 145 48987720
22 17 48987120
111 83 48932580
92 87 48925860
88 81 48917460
58 81 48915900
2 58 48898140
2 145 48898140
22 139 48852180
114 140 48837120
74 140 48797700
2 58 48495360
139 22 48480420
112 149 48477120
112 113 48471900
113 112 48464340
149 112 48403920
22 20 48403740
149 24 48401280
112 149 48386760
117 114 48383400
112 113 48325260
22 139 48323820
112 24 48320940
132 41 48314220
68 45 48313980
68 137 48313980
22 6 48305700
22 139 48305700
92 140 48302100
11 8 48295380
11 17 48295380
68 45 48294000
68 137 48294000
22 9 48246720
148 112 48063780
148 113 48063780
145 2 48058680
56 42 48049140
91 95 48047520
148 78 48047340
57 41 48043440
139 17 47981640
58 144 47976480
0 2 47970720
71 145 47970000
112 148 47965500
112 149 47964780
0 2 47962380
0 3 47961360
145 2 47958900
57 41 47957220
92 66 47951220
58 82 47951160
148 112 47949000
2 58 47947680
2 145 47947680
112 113 47902680
58 0 47890380
58 3 47890380
58 0 47889480
58 3 47889480
6 22 47883480
58 2 47879460
136 139 47877840
2 0 47875860
81 58 47862300
58 3 47861520
139 95 47832060
58 82 47807940
117 66 47807700
117 84 47807700
117 114 47807700
58 82 47805180
58 145 47801040
57 122 47799120
138 1 47794980
61 88 47793300
61 58 47793300
81 94 47793000
0 2 47789940
58 0 47785200
112 149 47783640
82 58 47781120
68 137 47779620
2 0 47777940
37 120 47725740
92 66 47718120
58 0 47714520
58 81 47713140
143 144 47712600
9 22 47709840
112 149 47696460
58 111 47691660
38 111 47635740
82 58 47450880
2 0 47432760
9 112 47429340
111 91 47370420
58 94 47360520
143 55 47348580
6 11 47344800
37 1 47295240
11 6 47284440
47 110 47284260
148 64 47282040
148 74 47282040
148 117 47282040
15 11 47258460
68 137 47207340
139 6 47201400
145 3 47195880
8 6 47191320
148 149 47189580
112 149 47178420
112 113 47178420
139 136 47170560
58 144 47115480
112 149 47113080
58 81 47111700
85 143 47111640
139 112 47106060
112 149 47093640
149 112 47092440
6 11 47089680
25 136 47044440
112 149 46943520
58 82 46858740
58 144 46858740
2 145 46857360
58 0 46856820
139 79 46850100
112 149 46847880
85 143 46846800
0 2 46837140
149 112 46829700
149 112 46773300
37 120 46773300
2 145 46770840
2 58 46770660
139 136 46764600
58 29 46761600
58 0 46754880
139 17 46747800
41 57 46744440
148 112 46735980
112 148 46684440
58 82 46682700
0 3 46677480
0 145 46677480
112 113 46669800
0 58 46652280
58 144 46597800
58 29 46596900
58 82 46592100
82 58 46591920
148 63 46585200
148 149 46585200
148 87 46585200
148 90 46585200
58 3 46580220
143 131 46570800
8 11 46570680
131 144 46570140
41 57 46565640
41 57 46564440
22 33 46506480
22 139 46506480
145 71 46501920
144 58 46499880
37 120 46486380
0 2 46484820
41 57 46483800
143 144 46482840
37 120 46482600
0 2 46252680
149 113 46246320
139 136 46239000
149 113 46235160
113 112 46232100
9 22 46228320
9 149 46228320
9 18 46228320
11 6 46224420
58 82 46222440
58 144 46222440
71 145 46164240
58 82 46162560
58 29 46160160
2 0 46151880
149 112 46151700
148 149 46142820
2 3 46141680
58 82 46134240
148 112 46071660
111 83 46044420
112 113 45999120
111 29 45992160
112 17 45977100
2 58 45974880
57 49 45972300
57 139 45972300
38 40 45895800
149 24 45888300
58 2 45883980
2 0 45874680
111 29 45824160
112 149 45641220
112 113 45641220
58 0 45637080
58 2 45636120
58 0 45636120
112 113 45633240
2 0 45628080
112 149 45556260
58 144 45539820
2 111 45538080
58 3 45531600
58 82 45527040
88 141 45491700
37 120 45480060
1 21 45471120
22 9 45462960
58 82 45456600
57 56 45451560
148 112 45450480
2 58 45444900
58 3 45381600
58 2 45374520
58 144 45372420
38 146 45370020
38 48 45370020
41 57 45362460
112 149 45311220
112 113 45311220
139 9 45298800
58 3 45288660
139 9 45210840
0 55 45040980
0 145 45040980
149 24 45036540
55 3 45019380
22 17 45019320
143 131 45017820
112 149 45016860
11 139 45008340
112 139 44948100
112 149 44941680
112 113 44941680
41 57 44935080
58 2 44930640
38 79 44914920
38 25 44914920
143 58 44869440
149 24 44855400
58 82 44839860
95 139 44838300
112 113 44786100
4 71 44772720
149 71 44759280
41 57 44754840
1 138 44693700
111 40 44689320
58 77 44671500
81 29 44667780
58 144 44666760
38 21 44610600
1 138 44589060
23 20 44423940
1 138 44422380
139 112 44340540
139 8 44340540
149 24 44339040
112 139 44338800
139 95 44270520
58 82 44264100
41 57 44249880
112 113 44235420
25 51 44196420
58 144 44177700
58 3 44168880
111 95 44165820
120 37 44159760
120 37 44147100
58 82 44093220
28 137 44088960
2 0 44081940
149 24 44061000
112 113 43835940
111 29 43831620
1 21 43827660
149 24 43813080
58 144 43743120
112 113 43730460
41 57 43728360
131 143 43720080
2 3 43718880
2 145 43718880
58 2 43716720
58 0 43716720
58 2 43666260
58 2 43665720
57 56 43645680
58 2 43630320
41 57 43628280
58 2 43577580
58 82 43570140
58 144 43570140
2 0 43550880
4 2 43544700
1 21 43542480
37 131 43486140
2 0 43472220
1 21 43468920
1 138 43468920
120 37 43458300
112 113 43240620
139 136 43223340
139 8 43219080
1 138 43203600
58 144 43194780
1 138 43193220
139 11 43141020
131 143 43137660
41 57 43122720
37 119 43116660
2 58 43114800
38 131 43037940
146 25 42970680
82 58 42970380
131 120 42957480
139 8 42948960
139 17 42948960
131 144 42947160
58 82 42939120
119 37 42876180
58 2 42871320
6 19 42867060
2 58 42860760
2 58 42619500
8 11 42601440
2 3 42595140
148 149 42594300
58 82 42537000
58 144 42537000
139 6 42536820
57 122 42533640
112 24 42469740
2 3 42456060
112 149 42428880
139 136 42421620
58 84 42339240
58 144 42334620
57 25 42330420
37 139 42285000
131 143 42271740
139 136 42270240
139 136 42268680
25 122 42202620
131 144 42018660
149 24 42015540
149 112 42006360
149 112 42004560
22 6 42003720
112 113 41998560
58 82 41995500
149 113 41995260
57 41 41993160
148 112 41983500
149 112 41942340
60 76 41921520
58 111 41919960
57 41 41906940
0 2 41905200
2 58 41851980
2 0 41851080
112 63 41850540
112 149 41850540
1 21 41837760
58 2 41825880
57 41 41824440
41 57 41751000
112 149 41747880
9 8 41745660
22 11 41745000
22 17 41745000
41 146 41737140
37 120 41416320
58 82 41409480
139 19 41403420
139 11 41403420
139 9 41403420
112 149 41401740
112 113 41400180
41 146 41393340
146 41 41392620
112 113 41327280
125 142 41315460
125 57 41315460
125 25 41315460
112 24 41315460
1 47 41314320
139 136 41301180
149 148 41239020
1 38 41229360
1 138 41219220
38 146 41217480
9 33 41215260
9 19 41215260
71 145 41211120
2 4 41208420
149 113 41183040
139 17 41155200
6 11 41148840
1 21 41145780
1 34 41145780
149 112 41140620
112 113 41130060
91 95 41129940
22 6 41127900
22 139 41127900
145 2 41121780
4 126 41063280
58 144 41063040
22 139 41048880
139 95 41038560
111 38 40966920
58 144 40810860
2 3 40804500
1 21 40801500
1 138 40776780
41 57 40775400
6 11 40699860
1 21 40693500
145 2 40690020
58 82 40639740
2 0 40636500
2 4 40636320
131 144 40627500
38 1 40617900
38 138 40617900
38 48 40617900
38 48 40617600
58 0 40615080
2 3 40546980
68 76 40546620
148 149 40537500
41 57 40535280
58 144 40519920
149 64 40490400
149 148 40490400
57 41 40454340
58 145 40449360
131 144 40441740
58 2 40434420
58 71 40434180
88 75 40207380
41 57 40185360
131 37 40175760
131 120 40121880
58 71 40118940
58 3 40116240
149 84 40106640
149 87 40106640
11 6 40103520
139 17 40096800
58 144 40089180
112 113 40034520
38 25 40026060
25 42 40012620
58 3 40004580
58 144 39945420
58 3 39943740
58 82 39932520
58 82 39931860
58 144 39931680
32 18 39918600
22 8 39754020
112 113 39606180
61 98 39568620
61 81 39568620
139 17 39515100
145 58 39502800
1 21 39489780
58 82 39482880
88 75 39418980
88 99 39418980
58 81 39405600
111 61 39404760
58 144 39340860
58 145 39327360
2 3 39314040
112 113 39261360
58 71 39246960
57 41 39245040
41 57 39244980
57 41 39234660
11 9 39223500
145 58 38975220
145 58 38975100
81 29 38963580
62 35 38900880
62 35 38900640
17 139 38893740
58 144 38879100
9 11 38802960
58 144 38792400
58 2 38720820
58 3 38720820
58 82 38719380
58 144 38719380
142 122 38710380
58 71 38649660
58 144 38649660
60 28 38645700
57 41 38645640
143 144 38643600
8 17 38643120
144 143 38642700
142 122 38640600
58 82 38640060
58 3 38629620
9 113 38573460
9 12 38573460
58 2 38389800
22 6 38381040
1 21 38353980
1 138 38353980
145 2 38303520
11 8 38293380
57 41 38279520
22 139 38273340
1 138 38268240
58 82 38218020
139 9 38213820
139 22 38202000
139 6 38193060
139 11 38193060
41 57 38190360
111 61 38181840
2 3 38132640
22 139 38132400
57 56 38123400
2 58 38113740
58 82 38103960
58 71 38102940
1 21 38044680
1 34 38044500
1 138 38044500
58 3 38042940
22 139 37974720
145 2 37842300
58 144 37781220
139 17 37755840
1 21 37754460
139 11 37746660
139 8 37704780
57 51 37675620
9 22 37593360
58 82 37580700
22 9 37504920
6 11 37420320
58 82 37178100
58 144 37178100
1 138 37145220
81 29 37093260
82 58 37092480
58 71 37090740
22 6 37075860
131 37 37068000
131 143 37065540
131 144 37065540
58 81 37006320
91 95 36989520
131 144 36988020
22 9 36975360
25 57 36923160
58 145 36920040
41 57 36899040
145 144 36839880
139 17 36831600
145 3 36573540
145 3 36555660
145 3 36547560
145 3 36545340
139 6 36409560
139 17 36409560
58 145 36403560
58 81 36400980
111 95 36397080
58 3 36396000
99 91 36392520
58 71 36385800
145 2 36371580
1 21 36367740
73 81 35958000
41 57 35953920
58 2 35937840
38 1 35935320
145 3 35866260
145 58 35866080
145 71 35865960
58 3 35864280
58 71 35863500
145 2 35863380
22 17 35792040
58 3 35791980
58 145 35791980
139 6 35777640
145 58 35708820
41 57 35694720
58 2 35685840
1 138 35682720
2 58 35611500
58 2 35611380
2 58 35611140
22 20 35367360
131 143 35364480
37 139 35360340
1 138 35356080
145 2 35280480
145 3 35276220
139 17 35267880
58 82 35266200
58 20 35266020
58 82 35193360
58 144 35193360
58 143 35180460
58 82 35180460
131 143 35106180
58 144 35103180
145 2 35084880
2 145 35080140
58 82 35019780
58 82 35018700
58 144 35012940
9 113 35008260
22 17 35007420
22 17 35001420
145 3 35000520
2 3 34998120
2 145 34997520
22 17 34995600
145 144 34991820
58 71 34990440
145 71 34757280
113 112 34756500
145 3 34756200
145 58 34756200
57 51 34738800
57 25 34738800
145 2 34732680
145 144 34732680
111 61 34727460
58 71 34676220
58 82 34676220
145 58 34667520
58 71 34660680
2 145 34659540
58 3 34646520
58 144 34593000
2 3 34580280
58 71 34561440
58 82 34561440
58 144 34561440
142 57 34555620
112 139 34503780
145 2 34502940
2 145 34486860
2 3 34420680
2 58 34420680
145 2 34413900
145 3 34413720
58 71 34156200
58 81 34153380
58 71 34152840
37 120 34150260
145 2 34148820
145 2 34042020
58 144 33988080
2 145 33985800
145 2 33983280
145 2 33969480
2 145 33904500
58 145 33872160
58 71 33812460
58 82 33812460
88 81 33811320
1 21 33806520
34 131 33806460
145 2 33804360
2 145 33801840
58 71 33553920
2 145 33526740
2 145 33469140
37 120 33444180
58 2 33437580
58 145 33437580
2 3 33378180
2 3 33364140
145 2 33272400
145 58 33265260
145 3 33264720
145 2 33264300
22 6 32934780
58 144 32861880
131 144 32842860
58 145 32836260
9 13 32789760
9 19 32789760
145 3 32778480
2 145 32741280
58 144 32687460
58 144 32652960
145 3 32602500
145 3 32570640
58 144 32342700
145 3 32338020
22 139 32336220
22 6 32325060
22 17 32325060
145 2 32315820
145 3 32258760
58 145 32246940
22 17 32234700
145 2 32228820
145 3 32228820
2 145 32227680
139 9 32166120
145 58 32163240
145 58 32158920
81 29 32106420
2 58 32084100
62 35 32083620
62 57 32083620
62 25 32083620
145 3 32083260
139 19 32079660
145 3 32076900
2 3 32054940
58 71 31997880
58 2 31993800
145 3 31979160
41 57 31962540
144 58 31725120
145 58 31657500
145 3 31656300
145 3 31655280
2 145 31654500
22 139 31653540
58 71 31647480
58 82 31647480
37 126 31646280
37 139 31644480
145 58 31632000
22 9 31621020
58 81 31553460
58 82 31535460
58 2 31463280
58 145 31463280
145 2 31455540
112 17 31397280
112 139 31397280
22 9 31375920
88 81 31369200
58 82 31135380
2 58 31125060
58 145 31098960
58 71 31049280
145 2 31047240
22 9 31044420
58 145 31020060
145 3 31015200
58 145 31014960
1 21 31009500
58 145 30951060
58 71 30928680
22 139 30876720
58 145 30868080
139 22 30846780
22 139 30844440
145 81 30794880
145 3 30785820
146 111 30781500
145 3 30775980
58 145 30768180
145 3 30530040
1 34 30506460
1 138 30506460
81 145 30505920
149 113 30497220
131 143 30415800
58 145 30408660
58 145 30403920
58 145 30357180
2 58 30340200
2 145 30340200
145 2 30340140
145 2 30331020
145 2 30275520
58 82 30265920
58 82 30262140
131 34 30259740
22 6 30239940
58 145 30238440
1 21 30232140
3 2 30177300
58 2 30172500
58 144 30172500
1 21 30165720
1 34 30146040
2 58 29911020
2 145 29911020
131 143 29892360
22 9 29832600
61 141 29812800
2 82 29807700
22 139 29732400
145 82 29731800
82 58 29722560
145 144 29668260
145 2 29643900
145 58 29642880
131 144 29568180
2 3 29565420
2 145 29549100
145 2 29310600
131 145 29309940
145 2 29296680
145 2 29234340
3 145 29224800
145 2 29224680
3 2 29223960
2 145 29203860
145 2 29201160
145 144 29144100
41 57 29137680
2 145 29047020
58 145 29046960
131 144 29046540
145 2 29036940
3 58 29033640
145 3 28967820
139 17 28778880
139 136 28618080
3 82 28454880
3 58 28454880
139 112 28451460
58 145 28448940
37 132 28446300
2 145 28423980
58 71 28371180
139 17 28358460
145 2 28356840
145 2 28344300
82 3 28025340
139 41 28007100
139 57 28001460
111 83 27939300
82 2 27829560
58 144 27815700
139 136 27756540
22 139 27747240
1 34 27740100
1 138 27727200
22 9 27505020
37 139 27493320
81 73 27422100
81 107 27422100
22 6 27416820
1 138 27415800
58 2 27404700
58 3 27404700
58 145 27404700
139 37 27404580
58 2 27388260
58 144 27386820
58 3 27302100
1 38 27222540
2 145 27127860
2 3 27127260
2 58 27127260
58 71 26901120
58 81 26892660
2 82 26890560
58 71 26875200
22 139 26781720
88 107 26637840
2 58 26620860
41 57 26553180
2 82 26552100
58 71 26541840
22 139 26528640
58 71 26291100
139 8 26264580
58 71 26263200
1 38 26257080
58 145 26199960
58 82 26198580
1 126 26192280
139 8 26182560
58 145 26097300
58 144 26037960
139 9 26037480
139 17 26037480
139 8 26027040
22 6 26013900
2 3 26005200
1 21 25999200
58 71 25950480
58 71 25949820
58 144 25936380
145 82 25931100
3 2 25928040
3 2 25927080
2 3 25922460
1 38 25594860
139 8 25590300
58 82 25518600
58 3 25518600
9 20 25494840
1 38 25483920
2 3 25419660
22 6 25416240
22 8 25403640
22 17 25403640
58 144 25399860
1 21 25399020
1 138 25399020
81 98 25346580
81 111 25346580
81 146 25346580
145 58 25325040
22 6 25083120
58 3 25053300
9 12 24907860
58 144 24884280
37 139 24880920
58 71 24396060
58 144 24396060
58 145 24371220
58 144 24363360
2 145 24200340
58 145 24192600
58 145 24126780
58 71 23869740
58 82 23867460
58 3 23867460
58 145 23867460
41 57 23782500
22 139 23677020
2 3 23499180
2 58 23498820
22 17 23246160
58 2 23244420
58 71 23240220
22 6 23152620
58 144 23098620
41 57 23008680
2 82 22980420
2 3 22980420
139 22 22921740
22 139 22914960
1 138 22637460
58 3 22558080
22 17 22553880
22 139 22553880
58 71 22490580
71 73 22403280
22 139 22390680
2 145 22376160
22 139 22375620
149 113 22372980
2 82 22291080
58 71 22289340
1 21 21985440
58 144 21974280
2 145 21890340
58 77 21874740
2 3 21769620
58 71 21713760
41 57 21362340
58 82 21349260
22 17 21338760
1 21 21288240
22 9 21284220
58 71 21281580
41 57 21254880
22 139 21251940
58 71 21251340
58 144 21251340
58 144 21184440
22 6 21169500
22 17 21169500
58 71 21111720
41 57 21101160
58 71 21096780
58 2 21096780
2 82 21088020
41 57 20820480
58 71 20734980
139 17 20664000
58 71 20594880
139 6 20575620
22 139 20574120
22 139 20566260
88 73 20153700
1 138 20134560
1 38 20090040
1 138 19959480
1 21 19955640
1 21 19895520
1 38 19895520
1 21 19893420
1 138 19888800
71 73 19886280
139 22 19872000
1 38 19559760
22 139 19462080
2 3 19454640
2 82 19453920
139 8 19357860
82 71 19295940
88 41 19034880
58 144 19006740
2 71 19006260
58 71 18923760
22 9 18917940
37 143 18853560
2 145 18747900
58 144 18747360
58 71 18340260
58 144 18340260
58 144 18339840
58 3 18168600
58 144 18162780
2 145 17029140
58 145 16606020
2 3 16254300
2 82 15739680
2 145 15231480
2 82 14436420
2 3 14172300
2 82 13839000
145 2 13324920
58 71 12876180
58 144 12876180
58 145 12629460
2 82 12359760
2 58 12358740
2 145 12292680
2 3 12287520
58 145 11420580
2 145 11177160
58 145 11152560
2 82 11071920
58 82 10910160
58 3 10827540
2 3 10820820
2 82 10558800
58 82 10482540
58 145 10454400
58 2 10386600
2 3 10379280
2 145 10379280
2 3 10379040
2 3 10376880
58 145 10277880
2 145 9847500
58 2 9847080
2 3 9603660
58 82 9243720
58 145 8124240
58 2 7957440
58 3 7957440
2 82 7949760
2 82 7515840
37 139 7459620
2 145 7170960
2 3 6756600
58 71 6739260
58 145 6674220
2 82 6317880
58 82 5720100
58 145 5720100
2 58 5030820
2 145 5030820
2 82 4848120
2 82 4846800
37 139 4234980
37 139 3306420
37 139 3204840
2 145 3044880
2 145 2966940
58 82 1897980
58 145 1827660
2 82 1497480
2 82 1226460
58 3 881160
37 145 40860
58 82 0
