13 11 90673667
13 11 90671879
13 11 90671846
13 11 90671832
13 11 90671818
13 11 90671794
11 13 90399389
11 13 90395748
13 11 90241911
13 11 90142424
11 13 89789208
13 11 89472341
11 13 89469150
6 13 89219026
6 11 89219026
11 13 89189628
13 11 89186457
11 13 89184708
6 13 89114664
13 11 88951540
13 11 88867878
11 6 88601015
11 13 88600899
6 13 88600678
6 11 88600678
6 13 88596433
11 13 88582509
26 27 88532323
26 30 88532323
13 11 88510669
11 13 87974539
13 6 87731158
6 13 87731155
6 11 87722032
13 11 87283426
11 13 87283420
26 27 87198824
26 27 87104661
49 55 87022899
49 35 87022899
49 42 87022899
49 57 87022899
11 13 86767156
11 13 86703155
13 11 86694164
30 27 86679590
26 27 86616462
89 27 86615316
89 26 86615140
81 27 86610963
81 70 86610963
81 73 86610963
81 30 86610963
81 26 86610963
81 89 86610963
62 42 86603536
49 42 86602272
81 27 86596563
81 70 86596563
81 73 86596563
81 30 86596563
81 26 86596563
81 89 86596563
81 27 86550104
81 73 86550104
81 30 86550104
81 26 86550104
26 70 86546943
26 73 86546943
26 81 86546943
26 27 86542849
26 30 86542849
81 70 86539725
81 55 86539725
81 82 86539725
81 58 86539725
81 73 86538453
81 27 86535704
81 73 86535704
81 30 86535704
81 26 86535704
26 89 86515040
89 26 86514965
6 13 86514625
11 13 86509768
42 49 86505799
81 73 86457418
4 37 86446199
49 42 86441567
81 70 86426742
81 73 86426742
68 30 86421699
26 81 86420995
81 70 86419873
81 73 86371994
81 26 86371793
81 70 86371521
81 73 86281242
26 73 86280708
26 81 86280708
81 70 86275512
81 73 86254108
81 26 86254108
81 26 86201553
26 81 86200166
81 26 86200015
26 81 86199676
81 70 86196287
81 73 86196287
81 26 86196287
81 89 86196287
81 73 86196162
13 11 86189099
26 73 86179338
26 89 86179338
81 73 86167602
11 13 86165421
11 13 86164759
26 62 86115188
26 27 86115188
26 30 86115188
13 11 86102928
6 13 86102778
6 11 86102778
26 27 86094440
30 70 86091694
62 64 86083100
68 62 86082685
68 76 86082685
26 30 86075311
57 49 86072942
26 27 86009067
70 81 85936465
70 81 85935156
26 98 85926202
13 11 85909082
35 62 85908451
26 89 85903061
81 73 85894174
81 70 85893486
81 70 85892517
70 81 85847490
26 30 85841417
26 30 85841230
30 27 85838991
30 98 85838991
62 64 85819571
13 11 85816276
81 73 85808322
81 26 85808322
26 73 85772033
26 81 85772033
81 70 85655022
70 81 85583906
13 11 85570946
13 11 85494240
103 81 85477179
13 11 85475335
81 103 85472290
103 81 85471992
11 13 85470904
13 11 85470319
30 73 85467483
81 73 85465459
81 103 85464976
103 81 85394480
62 64 85385854
104 70 85326926
104 73 85326926
104 106 85326926
81 73 85314259
81 26 85314259
4 82 85304575
11 13 85298019
13 11 85297346
26 81 85290623
26 73 85243167
26 81 85243167
26 73 85242542
26 81 85242542
81 73 85242353
81 26 85242353
81 73 85240813
81 26 85240813
81 73 85235184
26 30 85126110
30 26 85125507
26 27 85048048
26 98 85048048
26 30 85048048
81 73 84983761
81 26 84983761
81 73 84982269
81 26 84982269
26 81 84979035
11 13 84969350
103 98 84965495
81 73 84956597
62 64 84956231
111 95 84955731
13 11 84953499
13 11 84947325
11 13 84945340
89 49 84903771
81 103 84898778
26 81 84896877
49 89 84877868
89 49 84873772
49 99 84872301
30 68 84871504
99 49 84866713
104 70 84811762
104 73 84811762
104 106 84811762
26 73 84804966
26 81 84804966
104 70 84803774
104 73 84803774
104 106 84803774
6 13 84803766
26 73 84799961
26 89 84798599
26 27 84793890
26 76 84793890
26 30 84793890
26 89 84793890
95 111 84788431
95 111 84787920
89 68 84785178
81 73 84781773
26 81 84724726
81 111 84710016
58 95 84708969
58 111 84708969
6 13 84634352
6 13 84621742
13 11 84621049
81 26 84467843
81 26 84453106
81 26 84453084
81 26 84453066
81 26 84379256
104 70 84375788
104 73 84375788
104 106 84375788
104 70 84369530
104 73 84369530
104 106 84369530
104 70 84367795
104 73 84367795
104 106 84367795
11 13 84353707
62 64 84347715
62 64 84345327
11 13 84344619
104 70 84280283
104 73 84280283
104 106 84280283
13 11 84275629
30 27 84269145
70 73 84268343
70 81 84268343
81 70 84268243
11 13 84265643
13 11 84260938
89 66 84194630
26 81 84191615
81 73 84190806
89 66 84180230
104 70 84176069
104 73 84176069
104 106 84176069
81 70 84116591
81 111 84116591
81 26 84116591
81 89 84116591
26 81 84098745
98 81 84092038
98 89 84092038
62 35 84091573
62 42 84091573
70 81 84089953
81 70 84085282
89 81 84027500
13 11 84026877
68 26 84021462
81 98 84020260
6 13 84020054
104 70 84019464
104 73 84019464
104 106 84019464
89 98 84017961
26 68 84014068
30 26 84013617
104 70 83993921
104 73 83993921
104 106 83993921
26 73 83952212
26 81 83952212
81 26 83834372
104 70 83764727
104 73 83764727
104 106 83764727
11 13 83747743
13 11 83741000
62 68 83676265
68 62 83675897
62 68 83674655
30 27 83661921
81 70 83603809
81 111 83603809
81 26 83603809
81 70 83601482
13 11 83568345
26 27 83431026
26 98 83431026
26 30 83431026
26 27 83430365
26 98 83430365
26 30 83430365
104 70 83415524
104 73 83415524
104 106 83415524
81 70 83410003
81 111 83410003
81 26 83410003
81 89 83410003
81 70 83397184
26 27 83320328
26 30 83320328
26 89 83320328
13 22 83157851
13 11 83156915
82 81 83153161
81 82 83151487
119 120 83147051
82 81 83146003
119 120 83144807
119 120 83142259
11 13 83138043
11 13 83137309
81 111 83079062
81 26 83079062
11 13 83069774
37 55 83060235
81 73 83006817
119 120 82973564
4 5 82972407
26 27 82796547
26 27 82616767
26 30 82616767
11 13 82542337
11 13 82540554
13 11 82460532
81 73 82392592
58 95 82386051
58 111 82386051
89 27 82376790
58 82 82372189
95 111 82363778
95 55 82363613
95 55 82363575
95 55 82363539
68 27 82265069
104 70 82207419
104 73 82207419
104 123 82207419
104 106 82207419
6 13 82200192
11 13 81949328
11 13 81943851
120 119 81928610
119 120 81862366
120 119 81860778
120 119 81860679
62 64 81851481
120 119 81850304
22 4 81849429
11 13 81849009
81 27 81848963
81 70 81848963
81 98 81848963
81 111 81848963
81 30 81848963
81 109 81848963
81 26 81848963
120 119 81848475
120 119 81847501
4 22 81846977
125 55 81842223
125 57 81842223
13 11 81788767
30 62 81750983
62 30 81692156
11 13 81692137
111 95 81598776
13 11 81587933
81 27 81586854
81 70 81586854
81 73 81586854
81 98 81586854
81 111 81586854
81 30 81586854
81 26 81586854
55 95 81329732
55 111 81329732
123 70 81318189
123 5 81318189
4 37 81276914
58 95 81254422
58 111 81254422
11 13 81253938
11 13 81244163
49 42 81231515
49 101 81231515
49 57 81231515
123 81 81173662
123 70 81166320
123 73 81166320
123 81 81166320
30 26 81156258
6 11 81094702
123 81 81087237
111 95 81086588
81 123 81086156
58 82 81085864
58 95 81078773
58 111 81078773
6 11 81070175
58 95 81064280
58 111 81064280
58 95 81064242
58 111 81064242
111 95 81061998
11 13 81003248
111 95 81002340
79 95 80984556
81 123 80977667
49 42 80973387
49 101 80973387
49 57 80973387
106 70 80920573
4 37 80809769
68 45 80742653
95 111 80737394
120 37 80724817
11 13 80723329
11 13 80722904
11 13 80722118
62 35 80718805
58 95 80716613
58 111 80716613
68 76 80652048
58 95 80651641
58 111 80651641
58 95 80650768
58 111 80650768
62 42 80645543
13 11 80639849
11 13 80639632
35 126 80639101
62 42 80636614
111 95 80630087
62 42 80630008
57 101 80565388
111 95 80559363
70 81 80548176
81 106 80495033
5 70 80481088
81 55 80472168
37 120 80470257
37 81 80462046
13 11 80461956
82 55 80457853
82 58 80457853
82 55 80400499
82 55 80399950
6 11 80399083
55 82 80395730
82 55 80386728
95 111 80380500
82 55 80379945
62 42 80378916
95 111 80371346
49 42 80367252
49 101 80367252
49 57 80367252
70 81 80310797
81 37 80304183
49 42 80128801
49 101 80128801
49 120 80128801
49 57 80128801
120 49 79951576
11 13 79945912
11 13 79943077
82 55 79940311
82 58 79940311
82 55 79940097
82 58 79940097
123 73 79894582
123 106 79894582
49 101 79894264
49 57 79894264
123 73 79886872
123 106 79886872
123 104 79886872
37 70 79876584
82 55 79874320
82 58 79874320
82 37 79858988
82 55 79858988
82 58 79858988
76 68 79844397
58 82 79797122
82 37 79797117
82 55 79797117
82 58 79797117
6 13 79787195
123 73 79783907
123 106 79783907
49 120 79769613
55 81 79606383
81 123 79545084
22 13 79539242
123 73 79536116
123 81 79536116
123 73 79534603
123 106 79534603
123 104 79534603
82 37 79532574
82 55 79532574
82 58 79532574
123 73 79529498
123 106 79529498
95 111 79528068
11 13 79519221
11 13 79517909
11 13 79517766
120 49 79515646
55 82 79514985
49 62 79514677
49 120 79514677
49 109 79514677
55 82 79455335
82 55 79452450
82 37 79448723
82 55 79448723
82 58 79448723
95 111 79448001
82 58 79444184
70 5 79440127
81 73 79438860
123 73 79438484
123 106 79438484
123 104 79438484
13 11 79434426
120 119 79422482
11 13 79417646
81 73 79368533
6 13 79361721
6 13 79360509
6 11 79358867
26 89 79357506
123 106 79355296
123 73 79353588
123 106 79353588
123 104 79353588
58 82 79338845
55 37 79329420
13 11 79283577
82 55 79269883
123 104 79261114
111 81 79252918
70 5 79249974
82 55 79247479
49 42 79244333
49 101 79244333
49 57 79244333
82 58 79194125
82 55 79192919
111 95 79179035
82 55 79178951
68 45 79177292
70 37 79171641
70 4 79171641
70 82 79171641
70 58 79171641
70 5 79171641
82 55 79170262
82 58 79170262
82 55 79170175
82 58 79170175
68 27 79169972
68 69 79169972
68 45 79169972
120 119 79166010
13 11 79165987
123 104 79165968
104 123 79153823
13 6 78896853
6 13 78847210
55 82 78842603
82 55 78839775
95 111 78838138
49 42 78810930
49 57 78810930
81 27 78764963
81 98 78764963
81 111 78764963
81 30 78764963
81 26 78764963
82 37 78760156
82 55 78760156
82 58 78760156
35 111 78757064
35 42 78757064
95 111 78756289
6 11 78755959
6 11 78755050
111 81 78735158
57 49 78727711
57 49 78726830
35 62 78724167
82 55 78673253
82 37 78673113
82 55 78673113
82 58 78673113
82 37 78667348
82 55 78667348
82 58 78667348
82 58 78665121
95 111 78663828
26 27 78662004
68 69 78661579
82 55 78655521
82 58 78655521
26 69 78651418
82 55 78647120
49 42 78639793
49 101 78639793
49 57 78639793
49 42 78639787
82 37 78586287
82 55 78586287
82 58 78586287
55 82 78582770
55 82 78579419
82 37 78574102
82 55 78574102
82 58 78574102
82 58 78573836
123 106 78571776
120 37 78566387
119 120 78564958
13 11 78561389
81 73 78552945
13 11 78552421
55 82 78410804
58 82 78402935
55 82 78394082
58 95 78317937
58 111 78317937
11 13 78311446
106 73 78308661
106 123 78308661
111 95 78306326
111 95 78305906
111 95 78305897
95 111 78295322
95 111 78293275
120 119 78227051
82 37 78220049
82 55 78220049
82 58 78220049
58 95 78219888
58 111 78219888
111 95 78218918
95 111 78218560
123 73 78169528
123 106 78169528
13 11 78156021
82 37 78152871
82 55 78152871
82 58 78152871
58 95 78146441
58 111 78146441
82 37 78131053
82 55 78131053
82 58 78131053
58 95 78128807
58 111 78128807
82 55 78127288
82 37 78125699
82 55 78125699
82 58 78125699
82 58 78123966
13 11 78123246
49 126 78120760
49 35 78120760
37 55 78070833
125 55 78065072
82 55 78062309
82 58 78062309
82 58 78062130
82 37 78057649
82 58 78057649
45 69 78056683
69 134 78050944
82 37 78050078
82 58 78050078
82 58 78041817
111 95 78031521
58 82 77981349
5 70 77980678
5 81 77980678
37 120 77980178
58 82 77978498
55 58 77977755
106 123 77976855
82 37 77975332
58 82 77973991
70 5 77971694
11 13 77970340
6 13 77965420
13 11 77898619
104 123 77802553
81 73 77798021
58 82 77721828
89 26 77718443
81 55 77716803
70 5 77713828
82 58 77712959
5 70 77709615
27 26 77708088
123 104 77706510
5 70 77699978
5 70 77697040
11 13 77691326
11 13 77689423
11 13 77686683
123 73 77654797
58 82 77635790
101 57 77630124
58 82 77629643
82 58 77629072
82 58 77628243
58 82 77627882
57 125 77623830
82 58 77622105
81 73 77612939
6 11 77605529
81 123 77601422
62 64 77599103
123 73 77562028
123 106 77562028
81 123 77556759
49 126 77550271
81 111 77531883
62 42 77531116
22 5 77528693
13 11 77519975
6 106 77516779
6 13 77515354
27 134 77510545
27 26 77510545
22 5 77464020
13 11 77461251
22 5 77454991
22 5 77454635
6 13 77436901
11 13 77427221
81 73 77426781
111 79 77395817
104 70 77376049
104 73 77376049
104 123 77376049
104 106 77376049
104 81 77376049
13 6 77362300
37 120 77361918
98 89 77360327
5 70 77359977
70 5 77359465
6 13 77357208
13 11 77351977
13 6 77351208
120 37 77348600
58 82 77345475
6 13 77340083
111 95 77337071
111 79 77337071
123 73 77275014
123 106 77275014
123 73 77109062
26 4 77102280
82 55 77090301
82 58 77090301
11 13 77085496
120 119 77084303
11 13 77084251
120 119 77084046
58 55 77033690
13 11 77030994
13 11 77030873
95 111 77029380
111 95 77028818
106 123 77026826
13 11 76999918
37 120 76999409
11 6 76997421
70 5 76945625
62 42 76936758
62 42 76936638
37 55 76934662
89 27 76914286
37 120 76860896
37 120 76859835
13 11 76855970
37 120 76849119
13 11 76848862
37 120 76848782
120 37 76845781
22 13 76844902
6 22 76843630
6 13 76843630
22 13 76837609
22 6 76836033
22 13 76836033
57 109 76829336
37 120 76828500
120 37 76827687
13 11 76827011
37 120 76777039
120 37 76759618
26 81 76757260
37 120 76756484
81 26 76756377
120 37 76755046
120 119 76749224
26 81 76746208
13 11 76744012
120 37 76742572
137 68 76737980
26 27 76606490
26 81 76606490
120 37 76505283
120 119 76502356
137 68 76496443
69 27 76491221
11 13 76482166
104 106 76477136
13 11 76427202
13 6 76421677
125 55 76412553
125 57 76412553
111 95 76406433
58 55 76403381
55 58 76401792
111 95 76400575
111 79 76400575
58 55 76395510
13 22 76338210
81 70 76335407
70 81 76335141
120 55 76335027
37 120 76334828
22 13 76333648
37 120 76331699
120 37 76331234
120 55 76331234
58 55 76323881
58 82 76323881
123 106 76320434
119 120 76313095
4 37 76310932
6 13 76310824
68 45 76242934
68 137 76242934
13 11 76166208
13 11 76165744
13 6 76165573
13 6 76165079
81 70 76161440
81 26 76161440
58 82 76160813
58 55 76156583
37 120 76156121
81 73 76155700
6 13 76154555
6 13 76154357
13 11 76151467
26 30 76144723
26 89 76144723
69 27 76142342
69 134 76142342
111 95 76129246
111 79 76129246
13 6 76059671
26 89 76001605
55 58 75971160
120 37 75905072
37 120 75901899
120 37 75900313
37 120 75895024
11 13 75882345
81 73 75815106
70 37 75812122
70 4 75812122
58 95 75806678
58 111 75806678
125 55 75806213
125 57 75806213
81 73 75804987
62 42 75744686
58 95 75720133
58 111 75720133
58 82 75712965
57 62 75701803
68 137 75648444
119 37 75644070
119 120 75644070
82 55 75644061
66 109 75634992
111 95 75634756
111 79 75634756
70 5 75621178
62 42 75574953
37 120 75556876
22 70 75552738
37 120 75549020
104 70 75529744
70 104 75528875
104 70 75520980
137 68 75489054
37 120 75302017
6 13 75291242
68 45 75280057
68 137 75280057
57 62 75279897
5 70 75278406
26 27 75275158
26 30 75275158
58 82 75274597
26 89 75274007
11 13 75272559
26 89 75270070
37 120 75218027
55 119 75213195
42 103 75211346
11 13 75205377
13 11 75204823
82 55 75204165
82 58 75204165
82 55 75187746
82 55 75183047
123 106 75182499
81 27 75182245
81 98 75182245
81 111 75182245
81 35 75182245
81 30 75182245
81 42 75182245
81 79 75182245
81 26 75182245
81 26 75179992
26 81 75175998
81 27 75145364
81 26 75145364
26 27 75143453
26 81 75143453
81 27 75110828
81 98 75110828
81 111 75110828
81 30 75110828
81 120 75110828
81 26 75110828
123 73 75042982
123 106 75042982
13 11 75040249
11 13 75039382
62 42 75030822
35 49 75024866
35 49 75021183
123 106 75012635
123 106 75008789
123 73 75007828
13 11 74957683
13 11 74952048
70 5 74951275
69 45 74920476
62 42 74880393
13 11 74871477
64 35 74692609
11 13 74685461
82 58 74682776
26 27 74681027
26 76 74681027
26 30 74681027
69 27 74678524
11 13 74677998
70 22 74674066
22 70 74673115
82 55 74664356
13 11 74662614
22 13 74605328
125 55 74598328
125 57 74598328
13 22 74594773
11 13 74587170
82 58 74587031
5 70 74580179
120 37 74580058
62 42 74526293
123 104 74517727
58 95 74506977
58 111 74506977
13 11 74506245
120 119 74504176
119 120 74503533
119 37 74503340
13 22 74492334
111 95 74430545
111 79 74430545
35 30 74427916
120 37 74425904
120 119 74425715
62 42 74410123
26 89 74409783
62 42 74409146
13 11 74406558
26 81 74363841
58 95 74341398
58 111 74341398
58 26 74341398
45 68 74328342
45 137 74328342
26 81 74326996
82 55 74326967
82 58 74326967
103 73 74326330
45 68 74325239
45 137 74325239
13 11 74324798
68 45 74323866
68 137 74323866
13 11 74321380
26 81 74183060
26 81 74168050
82 55 74087523
37 120 74085787
81 26 74083033
58 95 74074676
58 111 74074676
58 26 74074676
89 27 74073834
89 30 74073834
89 26 74073834
11 13 74065686
120 37 74064771
111 95 74057171
26 27 73996212
26 98 73996212
26 76 73996212
26 30 73996212
45 68 73992003
45 137 73992003
95 111 73982354
125 55 73981804
125 57 73981804
119 37 73979889
119 120 73979889
5 123 73975731
5 70 73974053
5 123 73971870
123 73 73966823
123 73 73935601
82 58 73910249
120 37 73909567
45 137 73902118
5 70 73897212
120 119 73895585
120 37 73894941
68 45 73889641
68 137 73889641
73 81 73840694
123 73 73839573
123 81 73839573
123 70 73818249
123 73 73818249
123 81 73818249
6 13 73733024
6 11 73733024
68 45 73722363
68 137 73722363
82 55 73479066
82 58 73479066
137 68 73478497
137 68 73471052
89 81 73459945
89 26 73459945
11 13 73456220
13 11 73408078
13 11 73404813
120 119 73391587
6 13 73379134
26 27 73378389
26 76 73378389
26 30 73378389
26 98 73318704
120 37 73304719
62 42 73291709
62 57 73291709
68 137 73290444
68 45 73282895
68 137 73282895
68 45 73280496
68 137 73280496
13 11 73278064
62 42 73208325
123 73 73207268
11 13 73141301
73 123 73130229
73 106 73130229
82 55 72791674
82 58 72791674
62 76 72779371
82 55 72773748
82 55 72773492
81 70 72710132
70 73 72708303
6 13 72675502
6 11 72675502
62 125 72667884
73 70 72643562
123 103 72625146
37 120 72622403
68 137 72610441
137 68 72609032
62 125 72607596
125 62 72607123
26 81 72603262
125 55 72596965
62 57 72596865
62 57 72594102
103 73 72593295
13 103 72592683
35 49 72589465
30 73 72588906
35 49 72588468
22 13 72586768
68 45 72536205
68 137 72536205
82 55 72530763
125 55 72528162
125 57 72528162
30 68 72525609
103 123 72503800
104 70 72498850
104 73 72498850
104 123 72498850
104 106 72498850
104 81 72498850
5 70 72415300
5 70 72412309
106 70 72356464
106 73 72356464
106 103 72356464
106 123 72356464
106 81 72356464
13 11 72342657
13 11 72342221
13 11 72342108
13 11 72340244
104 70 72277462
104 73 72277462
104 123 72277462
104 106 72277462
104 81 72277462
11 13 72261405
123 103 72260260
26 27 72254038
106 103 72243689
103 73 72243293
13 11 72209322
103 123 72191744
123 26 72190538
111 95 72179701
106 64 72176245
106 27 72176245
106 68 72176245
106 95 72176245
106 73 72176245
106 98 72176245
106 123 72176245
106 111 72176245
106 30 72176245
106 137 72176245
106 49 72176245
106 101 72176245
106 81 72176245
106 120 72176245
106 57 72176245
106 26 72176245
106 99 72176245
106 104 72176245
106 89 72176245
70 123 72175952
68 45 72101746
68 137 72101746
30 26 72086079
82 55 72084087
70 73 72015787
70 123 72015787
104 70 72006541
104 73 72006541
104 123 72006541
104 106 72006541
104 81 72006541
82 55 72005128
137 68 71987079
111 95 71985495
111 79 71985495
123 73 71927613
123 104 71916937
111 95 71911580
111 79 71911580
111 95 71908595
123 104 71906145
123 104 71761118
123 106 71727718
123 106 71681333
26 27 71648883
26 98 71648883
26 30 71648883
11 13 71647603
6 13 71645146
6 11 71645146
68 45 71644113
95 111 71636384
82 58 71575284
68 137 71571339
68 137 71571006
82 58 71499107
62 42 71473293
134 62 71472746
134 98 71472746
134 30 71472746
123 104 71463238
123 106 71458022
70 37 71417393
70 4 71417393
70 82 71417393
70 58 71417393
70 5 71417393
82 55 71410699
11 13 71407657
30 26 71399081
82 58 71398714
82 58 71397717
13 11 71384418
13 11 71383483
123 73 71377377
123 106 71377377
123 81 71377377
123 73 71322210
123 106 71322210
82 55 71311477
37 120 71311172
123 106 71257316
82 55 71066432
82 55 71062659
6 13 71056991
6 13 71042435
6 11 71042435
11 13 71037687
35 62 71035882
81 125 70984156
11 13 70973776
13 11 70973459
62 35 70970587
70 37 70892074
70 4 70892074
70 5 70892074
68 45 70885323
68 137 70885323
123 106 70877537
26 27 70812034
73 81 70805505
103 58 70804170
26 111 70791353
82 55 70783726
35 55 70777700
103 26 70775883
26 27 70725973
26 111 70725472
103 73 70723448
82 58 70719688
103 81 70711600
70 5 70709575
30 27 70701464
22 13 70461224
70 5 70456462
6 13 70454358
13 6 70454092
13 22 70451675
11 13 70449782
6 13 70448155
6 13 70447530
6 11 70447530
103 73 70445300
13 11 70433732
13 11 70433698
5 70 70431785
5 22 70431022
13 11 70392843
13 11 70390346
13 11 70376039
119 37 70365515
13 103 70361606
103 13 70361244
82 58 70351205
82 58 70350480
13 103 70348488
13 11 70287813
103 13 70282773
82 58 70262686
13 11 70258751
82 55 70202785
82 55 70202609
26 27 70178057
26 27 70168815
81 27 70116642
81 70 70116642
81 98 70116642
81 111 70116642
81 30 70116642
81 120 70116642
81 26 70116642
11 13 70110572
13 11 70106076
6 13 70090524
6 11 70090524
13 11 70088531
11 13 70085777
5 70 70007425
111 95 69853245
13 11 69852681
55 37 69849236
22 13 69836243
6 13 69834618
6 11 69834618
13 11 69833122
95 111 69753166
82 58 69745961
123 104 69738855
104 123 69662953
123 104 69656566
123 104 69651325
123 106 69603608
82 58 69575262
62 30 69568680
13 11 69511350
111 95 69506816
95 111 69503932
6 13 69488118
11 13 69229779
35 125 69229571
26 81 69224490
68 62 69222144
68 76 69222144
68 137 69222144
68 45 69135535
68 137 69135535
37 120 69078905
26 30 69071490
125 55 69068901
70 73 69066088
70 37 69058307
70 4 69058307
70 82 69058307
70 58 69058307
70 5 69058307
82 55 69056162
82 58 69056162
111 26 69045568
95 111 69044422
69 45 68990070
37 120 68988085
68 45 68967950
68 137 68967950
13 11 68966045
68 45 68908093
68 137 68908093
13 6 68642798
13 11 68640753
6 13 68640590
6 11 68640590
95 111 68612470
82 55 68558418
82 58 68558418
82 58 68556368
81 27 68556337
81 70 68556337
81 26 68556337
70 37 68535062
70 4 68535062
70 5 68535062
95 111 68526863
68 45 68457310
68 137 68457310
95 111 68440910
95 111 68353372
37 120 68304017
95 111 68300396
95 111 68294417
95 111 68287347
55 37 68020769
68 137 68019130
13 11 68014090
11 13 68013186
30 68 67944500
26 68 67926475
26 30 67926475
26 27 67763132
26 98 67763132
26 30 67763132
6 11 67760973
26 81 67752138
26 81 67692711
13 11 67672512
26 81 67671550
11 13 67414642
55 37 67414382
82 55 67407849
82 55 67342001
5 70 67332122
37 120 67329595
26 89 67324786
137 68 67314846
26 81 67268187
66 109 67246488
82 55 67237518
68 137 67153873
81 73 67091460
81 70 67073510
81 73 67073510
13 11 67072917
81 73 67055460
69 45 66814730
26 98 66811358
11 13 66805788
11 13 66805037
13 11 66802195
103 73 66658398
55 37 66654301
26 27 66651682
82 58 66639109
13 11 66637810
13 11 66482170
37 120 66479679
30 27 66470389
11 13 66457401
111 73 66046265
13 11 66026219
111 73 66019908
26 27 65973640
26 134 65973640
26 30 65966389
13 11 65965018
35 111 65938297
13 11 65611148
145 82 65603400
144 55 65602380
145 82 65597640
11 13 65595519
82 58 65518560
26 30 65450352
30 26 65448446
26 103 65428178
13 11 65418676
4 144 65409660
6 13 65364052
6 11 65364052
13 11 65362595
82 58 65316120
13 11 65280768
26 62 65262471
26 30 65262361
111 95 65258866
6 11 65252628
69 45 65250755
37 120 65041200
26 62 65014453
26 30 65014453
37 120 65005200
11 13 64989756
82 58 64885020
58 82 64883700
26 30 64855048
26 27 64854910
26 30 64854910
119 37 64852080
119 120 64852080
120 37 64844220
119 37 64812480
119 120 64812480
120 37 64804620
6 11 64738704
26 76 64721886
26 30 64721886
58 82 64713720
11 13 64402612
13 11 64393856
13 11 64323701
111 95 64291908
111 95 64217700
68 45 64166580
68 137 64166580
37 120 64162080
68 45 64130580
68 137 64130580
37 120 64126080
81 73 64122360
58 82 64049940
58 82 63782940
37 120 63725580
37 120 63724680
58 82 63701700
22 145 63701700
37 120 63689580
37 120 63688680
37 120 63640320
13 11 63639714
13 11 63638827
58 82 63616020
58 82 63611700
37 120 63604320
68 45 63596460
68 137 63596460
68 45 63594240
68 137 63594240
76 134 63590700
76 62 63590580
119 37 63588840
119 37 63587160
58 82 63529860
58 82 63523200
145 58 63521640
37 120 63512340
4 144 63501000
4 144 63500760
37 120 63450900
37 120 63450780
58 82 63435060
62 42 63204240
111 79 63203160
58 82 63174180
62 42 63168240
111 79 63167160
119 37 63163980
119 120 63163980
55 111 63163380
58 95 63160800
58 111 63160800
120 37 63159960
111 95 63103860
11 6 63103074
58 82 63102120
37 120 63101340
37 120 63096120
58 82 63093720
11 6 63087946
11 13 63087946
111 95 63067860
58 82 63014640
58 95 63004440
58 111 63004440
58 82 62925000
45 68 62921700
45 68 62885700
81 73 62856780
81 4 62856780
58 82 62839260
13 11 62827334
58 82 62819580
58 95 62819460
58 111 62819460
58 82 62818020
68 45 62816220
68 137 62816220
11 6 62573010
58 82 62322540
58 145 62322540
58 82 62321160
81 27 62266560
81 111 62266560
81 35 62266560
22 6 62255500
22 11 62255500
81 27 62248602
81 111 62248602
81 35 62248602
58 82 62235180
73 81 62228460
120 37 62222220
58 144 61974660
11 6 61966432
120 37 61964100
120 37 61963920
58 82 61957380
22 11 61891607
58 82 61891080
120 37 61870260
4 144 61808100
58 82 61802940
37 120 61781460
144 55 61778580
37 120 61721640
37 120 61718640
58 82 61718400
37 120 61707120
37 55 61692360
145 58 61687020
58 82 61633740
58 82 61632060
58 82 61626660
58 145 61626660
145 58 61617600
145 58 61617300
58 55 61617180
145 82 61614240
145 58 61614240
58 55 61603860
98 81 61397400
11 6 61395194
11 6 61372904
58 82 61367580
145 58 61282560
37 120 61281480
58 82 61278360
58 82 61254960
145 58 61175700
6 22 61128899
6 11 61128899
58 82 61112760
120 37 61103760
58 145 61100040
37 120 61066680
37 120 61030680
58 82 61026300
58 82 61024440
145 58 61018560
145 58 61015800
145 58 61010040
145 58 60999180
120 37 60997440
145 58 60761700
11 6 60756496
58 82 60748320
58 82 60681600
111 95 60665640
58 82 60599760
58 82 60582900
145 58 60582660
145 58 60581640
6 11 60508832
58 82 60508620
111 95 60472800
58 82 60415980
58 145 60414000
58 95 60393480
58 111 60393480
6 11 60367144
6 11 60158435
11 6 60153336
37 120 60136860
37 119 60136860
145 58 60073380
37 120 59981760
37 119 59981760
111 95 59969220
57 142 59953080
22 6 59902320
37 120 59894220
37 119 59894220
119 37 59892180
119 120 59892180
58 82 59878500
73 81 59829420
58 82 59815920
58 82 59787780
6 11 59566354
11 6 59553837
58 95 59550060
58 111 59550060
126 37 59543580
37 126 59534520
95 111 59529780
95 79 59529780
22 6 59529180
58 82 59460300
58 145 59453940
145 58 59448780
82 58 59438760
58 82 59438340
22 104 59381880
37 95 59360880
58 145 59357400
58 82 59291760
58 145 59290140
37 126 59285160
119 37 59276460
119 120 59276460
120 37 59265180
58 95 59264340
58 111 59264340
58 82 59264340
11 6 59208589
111 95 59200200
37 120 59196660
57 142 59179380
6 11 58956326
6 11 58954471
58 82 58954020
58 145 58953960
22 6 58948980
11 6 58948337
58 95 58945680
58 111 58945680
95 79 58937280
149 66 58928220
58 82 58867620
58 95 58859460
58 111 58859460
82 58 58854480
58 145 58852260
145 58 58851420
37 120 58791060
58 82 58780260
58 95 58779600
58 111 58779600
58 145 58762980
111 95 58758480
58 111 58751880
58 81 58751880
58 82 58751700
57 142 58697580
57 42 58697580
58 95 58685460
58 111 58685460
145 58 58670760
145 58 58669020
145 58 58668720
57 142 58657980
57 42 58657980
81 58 58610220
58 81 58609800
58 82 58607520
58 95 58602300
58 111 58602300
120 37 58579200
11 6 58344970
37 126 58340040
58 111 58339020
111 146 58226460
6 11 58203438
37 120 58194780
58 82 58177200
58 82 58172880
144 58 58167120
58 144 58165440
37 120 58163820
11 6 58098991
37 120 58095180
145 58 58085880
58 82 58000620
11 6 57994801
58 145 57986400
66 149 57977580
149 42 57975180
149 42 57972180
58 82 57744360
37 120 57739200
126 37 57738660
58 82 57713400
22 13 57645120
37 120 57637860
58 82 57571380
37 120 57564900
58 145 57555480
145 58 57552120
58 82 57540420
145 58 57539340
111 73 57465480
58 145 57461400
58 82 57454920
37 120 57454680
111 73 57449760
37 120 57396420
37 119 57396420
22 6 57394560
66 149 57383760
58 145 57377700
58 145 57377640
37 120 57371520
119 37 57364320
58 82 57139740
119 37 57133140
119 120 57133140
126 37 57129900
58 145 57103800
58 82 57055140
149 42 57052680
58 145 57050220
145 58 57050040
58 144 57045960
120 37 57036600
37 120 57023340
58 82 56965860
37 120 56946000
37 120 56939040
6 11 56896708
111 95 56885160
58 82 56880300
37 120 56870640
37 120 56855040
120 37 56852820
58 145 56851140
145 58 56849100
120 37 56848380
58 82 56794680
145 58 56772060
37 120 56764800
22 6 56557368
22 11 56557368
42 81 56552460
11 6 56531016
57 142 56526240
57 42 56526240
37 126 56525040
37 120 56520900
37 120 56509620
58 82 56504760
58 82 56448780
37 120 56439060
37 120 56436900
66 149 56436300
37 120 56435160
120 37 56428860
120 37 56418300
58 82 56360820
37 120 56351760
57 64 56344920
57 64 56343900
58 82 56275320
149 42 56268840
120 37 56252640
120 37 56252160
22 6 55953540
22 11 55953540
37 120 55915380
37 120 55907460
120 37 55902960
120 37 55900320
120 37 55897980
11 6 55875240
79 111 55867740
79 81 55867740
79 146 55867740
120 37 55839360
37 120 55834320
149 42 55832280
11 6 55832040
79 111 55831620
58 55 55831500
149 42 55829520
79 111 55828140
79 81 55828140
79 146 55828140
149 42 55827360
149 42 55813980
58 145 55813860
22 6 55753860
37 120 55734480
58 145 55668540
58 4 55666920
4 58 55665360
58 145 55663860
58 82 55653360
58 82 55652340
145 58 55570500
58 145 55570260
58 144 55555800
58 82 55326000
126 37 55323360
111 95 55291740
58 82 55236300
22 6 55234860
149 42 55214040
58 82 55151940
58 82 55144440
58 144 55140000
22 6 55066440
22 37 55065900
22 6 55065900
111 95 55041420
58 82 54981600
111 95 54978240
111 79 54963180
79 111 54962640
58 144 54955260
58 145 54954720
58 145 54953460
58 82 54949560
58 145 54949560
149 42 54757380
11 6 54740280
99 35 54717600
79 111 54710160
11 6 54697080
149 42 54630600
58 145 54628380
22 120 54624000
22 6 54623100
37 120 54608940
58 82 54606840
149 42 54603360
58 145 54544980
58 95 54531900
58 111 54531900
58 82 54519780
58 145 54516900
58 82 54456660
22 6 54449520
149 42 54429300
37 58 54376920
11 6 54371520
111 73 54369540
22 6 54359820
73 111 54356580
58 144 54348180
120 37 54347880
11 6 54136080
58 82 54114000
58 82 54112860
58 82 54108000
58 55 54104160
11 6 54092880
58 82 54085380
58 82 54001020
22 6 53996340
22 6 53994060
11 6 53974200
6 11 53962500
111 73 53943720
58 55 53942820
58 145 53938200
58 145 53935500
11 6 53931000
6 11 53919300
111 95 53914860
58 82 53912460
11 6 53865000
58 145 53854380
58 145 53847540
58 82 53826840
11 6 53821800
111 73 53784600
111 146 53784600
22 120 53763720
22 6 53753100
81 98 53751000
58 82 53504580
11 6 53498640
58 81 53428380
79 111 53419620
58 82 53406900
58 82 53398320
58 82 53323500
58 82 53318880
149 73 53314860
58 82 53221620
68 76 53219100
68 45 53219100
68 137 53219100
22 6 53137320
6 11 52813740
22 11 52810320
111 95 52810260
58 82 52731360
58 82 52717860
58 82 52644660
58 81 52616880
58 82 52291500
58 82 52291440
6 11 52216500
58 82 52215660
58 145 52203660
58 145 52199220
58 82 52187520
111 95 52123500
64 142 52117080
142 64 52114080
58 145 52100340
73 111 52096380
111 73 52094820
58 82 52039920
11 6 52012800
58 81 52012320
58 82 52011060
120 37 52010100
37 120 51691380
58 82 51608220
22 6 51579420
58 82 51523380
68 76 51522360
68 45 51522360
68 137 51522360
111 95 51514140
68 137 51510180
58 82 51505320
58 82 51505140
120 37 51490380
111 95 51444480
22 6 51064560
6 11 50990520
58 82 50918040
58 82 50916720
57 64 50914320
11 6 50912340
37 120 50907960
6 11 50906280
6 11 50906160
120 37 50889600
120 37 50888520
37 120 50836440
120 37 50831580
58 82 50831400
37 120 50826360
22 6 50825280
37 120 50822400
58 82 50802660
58 81 50739720
37 120 50737800
73 81 50718480
37 120 50718420
120 37 50714940
58 82 50488320
37 120 50487720
37 120 50487660
58 81 50475360
58 81 50475180
37 120 50465760
73 111 50453880
58 145 50375760
104 73 50315820
104 106 50315820
104 81 50315820
104 73 50315700
104 106 50315700
104 81 50315700
37 120 50315400
58 81 50312760
37 120 50311080
120 37 50309640
62 42 50303400
111 73 50296200
104 73 50291820
104 106 50291820
104 81 50291820
58 82 50284560
58 144 50284560
120 37 50282040
37 120 50229000
104 73 50217600
104 106 50217600
104 81 50217600
104 73 50217540
104 106 50217540
104 81 50217540
104 73 50217480
104 106 50217480
104 81 50217480
134 62 50212440
81 73 50212320
149 66 50196480
149 109 50196480
22 6 50195160
58 82 50145360
58 144 50145360
37 120 50142600
37 120 50135820
149 66 50129100
149 109 50129100
149 66 50120580
149 109 50120580
149 66 50120160
149 109 50120160
37 120 50119800
68 76 50119680
68 45 50119680
68 137 50119680
68 76 50119020
68 45 50119020
68 137 50119020
37 120 49880220
58 145 49867260
58 81 49852140
11 6 49848780
81 98 49791060
111 73 49787100
111 81 49787100
120 37 49771560
82 58 49769640
81 73 49710840
37 120 49682760
58 82 49680060
58 144 49680060
104 73 49676100
58 82 49618560
82 58 49618020
58 82 49616640
58 82 49590660
58 144 49590660
66 149 49533900
11 6 49523040
6 11 49522140
82 58 49504440
81 73 49274100
58 82 49272360
58 144 49272360
104 73 49267740
104 106 49267740
104 81 49267740
68 45 49257660
6 11 49255380
11 6 49251300
68 76 49245600
68 45 49245600
68 137 49245600
120 37 49243860
58 82 49188060
58 144 49188060
58 82 49174140
58 144 49174140
120 37 49161120
37 120 49109280
22 6 49101180
58 82 49100820
58 144 49100820
68 76 49092240
68 45 49092240
68 137 49092240
58 145 49075380
81 73 49019700
145 4 49010820
149 109 49004700
4 145 49000260
81 73 48998760
81 73 48997260
11 6 48994020
149 66 48993420
149 109 48993420
22 6 48990360
6 22 48989820
22 6 48989040
58 145 48987720
22 6 48987120
58 82 48930480
82 58 48930180
58 82 48927000
58 144 48927000
58 81 48915900
120 37 48913380
58 81 48909540
4 145 48484500
145 4 48479640
22 6 48403740
68 45 48388860
68 76 48387780
68 45 48387780
68 137 48387780
68 76 48377820
68 45 48377820
68 137 48377820
68 76 48313980
68 45 48313980
68 137 48313980
22 6 48305700
99 35 48305400
82 58 48300720
120 37 48297660
11 6 48295380
6 11 48295020
68 76 48294000
68 45 48294000
68 137 48294000
68 45 48292320
68 76 48291720
68 45 48291720
68 137 48291720
58 82 48214920
58 144 48214920
58 82 47976480
58 144 47976480
11 6 47974860
99 95 47970300
58 81 47966280
58 82 47951160
58 82 47890380
82 58 47889900
58 82 47889480
6 22 47883480
58 82 47879700
58 144 47879700
81 58 47862300
58 82 47807940
58 82 47806440
58 144 47806440
126 37 47805600
58 82 47805180
82 58 47805060
58 145 47801040
81 58 47793000
68 76 47783220
68 45 47783220
68 137 47783220
58 145 47782560
68 76 47781720
68 45 47781720
68 137 47781720
58 82 47781300
82 58 47781120
68 76 47779620
68 45 47779620
68 137 47779620
58 82 47779560
82 58 47779440
58 82 47774040
37 120 47725740
37 120 47724960
81 73 47720520
58 82 47720520
58 144 47720520
58 81 47720460
81 73 47715120
82 58 47714880
58 82 47714520
58 145 47714520
58 81 47713140
58 81 47711760
58 82 47707980
58 144 47707980
37 120 47698500
57 64 47697720
58 82 47692680
58 82 47692260
58 95 47691660
58 111 47691660
99 49 47689920
58 82 47453220
58 144 47453220
82 58 47450880
58 82 47432220
58 144 47432220
58 81 47367900
11 6 47361360
6 11 47344800
6 11 47343420
58 82 47293140
58 144 47293140
11 6 47284440
68 76 47207340
68 45 47207340
68 137 47207340
58 82 47197620
58 144 47197620
58 145 47192940
58 82 47192160
58 144 47192160
57 64 47189280
57 64 47188260
57 64 47185980
149 64 47172660
58 82 47115480
58 144 47115480
58 81 47111700
120 37 47093340
6 11 47089680
58 82 46858740
58 144 46858740
58 145 46856820
58 82 46855620
58 82 46855560
82 58 46855320
11 6 46853160
37 120 46843800
37 120 46835640
37 120 46773300
120 37 46768500
58 82 46768440
58 144 46768440
58 81 46761600
13 6 46757460
13 11 46757460
120 37 46741800
58 82 46682700
58 144 46682700
37 120 46679400
13 11 46671840
58 82 46597800
58 144 46597800
126 37 46594680
58 82 46592100
82 58 46591920
58 145 46580220
11 6 46577340
37 120 46572240
58 82 46568640
58 82 46510620
58 144 46510620
144 58 46499880
11 13 46497540
37 120 46486380
58 82 46483560
37 120 46482600
120 37 46481880
58 82 46252380
58 144 46252380
58 145 46247460
120 37 46242780
37 120 46241100
37 120 46240740
58 82 46229340
58 144 46229340
11 6 46227300
11 6 46224420
58 82 46222440
58 144 46222440
58 82 46162560
58 144 46162560
58 81 46160160
58 82 46151160
58 144 46151160
37 120 46145160
120 37 46141440
58 81 46138440
58 82 46134240
58 144 46134240
58 82 46081680
58 144 46081680
58 82 46074180
58 144 46074180
120 37 46070280
120 37 46069020
144 58 46052580
13 6 46051740
13 11 46051740
58 144 45992040
22 6 45984420
58 82 45984240
58 144 45984240
58 145 45983880
58 81 45974940
57 49 45972300
57 49 45968760
119 37 45966360
119 120 45966360
37 120 45903180
58 82 45901140
58 144 45901140
58 82 45892500
58 144 45892500
37 120 45892080
37 120 45885540
58 145 45636120
37 120 45624420
149 64 45556380
37 120 45555360
22 13 45550800
58 82 45539820
58 144 45539820
58 145 45531600
58 82 45527040
58 144 45527040
37 120 45480060
58 82 45456600
58 144 45456600
81 58 45453780
58 81 45453660
81 58 45450420
58 81 45443760
81 58 45390660
58 82 45381600
82 58 45381420
58 82 45381240
58 145 45374520
58 82 45372420
58 144 45372420
22 13 45356700
58 82 45297240
58 144 45297240
58 82 45296880
58 144 45296880
58 145 45288660
99 49 45272460
58 144 45042300
55 58 45019380
22 6 45019320
55 58 45015420
58 145 44930640
58 82 44925900
58 144 44925900
58 82 44841000
82 58 44840160
58 82 44839860
58 82 44787300
58 144 44787300
82 58 44780040
58 82 44779320
82 58 44779020
81 73 44755380
58 82 44749140
58 144 44749140
22 13 44694840
58 27 44671500
58 82 44666760
58 144 44666760
58 82 44666400
58 144 44666400
120 37 44264340
58 82 44264100
58 144 44264100
111 35 44261460
146 79 44179980
58 82 44177700
58 144 44177700
58 82 44172660
58 145 44172480
82 58 44172300
58 144 44168880
111 95 44165820
120 37 44159760
120 119 44159760
120 37 44154600
120 37 44147280
120 37 44147100
146 111 44093520
58 82 44093220
58 144 44093220
111 79 44073540
37 120 44070660
120 37 44064420
58 82 43825380
58 144 43825380
58 145 43802640
111 95 43748880
58 82 43743120
58 144 43743120
58 145 43716720
58 82 43658700
58 144 43658700
58 145 43630320
58 145 43577580
58 82 43570140
58 144 43570140
73 81 43493700
120 37 43487400
58 82 43483440
58 144 43483440
137 68 43459200
120 37 43458300
58 82 43226340
58 144 43226340
82 58 43219620
58 82 43217580
62 35 43196100
58 82 43194780
58 144 43194780
37 119 43116660
58 82 43051380
58 144 43051380
58 82 42970920
82 58 42970380
58 82 42970020
58 82 42964740
58 144 42964740
120 37 42945720
120 119 42945720
58 82 42939120
58 144 42939120
58 82 42882720
58 144 42882720
57 64 42881100
111 73 42877500
119 37 42876180
119 120 42876180
58 82 42620640
58 144 42620640
111 81 42540900
58 82 42537000
58 144 42537000
111 81 42533820
79 146 42530880
58 82 42447480
58 144 42447480
11 6 42446460
57 64 42435060
58 82 42420780
82 58 42367740
58 82 42367140
58 82 42366780
58 82 42366480
58 144 42366480
82 58 42343380
58 82 42342360
58 27 42339240
58 82 42334620
58 144 42334620
58 82 42334020
58 144 42334020
120 37 42275280
137 68 42251580
11 6 42012660
144 58 42010740
22 6 42003780
22 6 42003720
58 82 41995500
58 144 41995500
58 82 41988780
58 144 41988780
58 111 41919960
58 144 41907720
22 6 41899680
58 82 41846220
58 144 41846220
82 58 41844660
58 145 41825880
58 82 41757840
58 144 41757840
22 6 41745000
22 11 41745000
37 120 41416320
58 82 41409480
58 144 41409480
58 82 41383560
58 144 41383560
125 142 41315460
125 57 41315460
125 146 41315460
120 37 41313660
22 6 41304360
58 82 41237400
58 144 41237400
58 145 41225940
58 82 41150880
58 144 41150880
6 11 41148840
22 6 41140260
22 6 41127900
4 126 41063280
58 82 41063040
58 144 41063040
58 145 41062080
137 68 40981860
137 45 40981860
58 82 40810860
58 144 40810860
58 82 40720980
58 144 40720980
11 6 40702680
6 11 40699860
58 82 40639740
58 144 40639740
58 82 40607820
58 82 40605180
58 144 40605180
68 76 40546620
68 45 40546620
68 137 40546620
58 82 40519920
58 144 40519920
111 95 40513020
149 64 40490400
58 145 40449360
111 79 40447320
111 146 40447320
120 37 40444560
58 82 40434180
58 144 40434180
82 58 40177920
58 82 40118940
58 144 40118940
58 144 40114620
58 144 40112400
58 145 40109160
11 6 40103520
111 81 40103400
58 82 40089180
58 144 40089180
58 82 40031820
58 144 40031820
58 82 39945420
58 144 39945420
58 145 39945360
58 145 39942240
58 82 39936780
82 58 39933900
58 82 39932520
58 82 39931860
58 144 39931860
58 82 39931680
58 144 39931680
58 82 39510480
58 144 39510480
145 58 39502800
58 82 39482880
58 144 39482880
11 6 39409860
58 81 39405600
145 58 39403980
11 6 39402720
111 73 39342420
58 82 39340860
58 144 39340860
58 145 39327360
13 6 39310320
13 11 39310320
58 82 39309840
58 144 39309840
58 81 39232620
37 120 38996340
37 120 38994480
58 145 38994420
58 82 38994300
58 144 38994300
145 58 38975460
145 58 38975280
145 58 38975220
145 58 38975100
58 81 38968320
58 145 38965740
22 6 38910360
58 82 38905560
58 144 38905560
22 6 38901420
22 6 38900940
62 35 38900880
62 35 38900640
58 144 38879100
62 35 38873340
58 82 38820660
58 144 38820660
6 11 38819580
120 37 38818260
6 11 38814960
58 145 38809500
58 82 38792400
58 144 38792400
145 58 38731080
58 145 38720820
144 58 38720640
58 82 38719380
58 144 38719380
81 58 38715780
58 81 38715540
82 58 38715060
81 58 38714760
58 81 38714580
58 82 38714580
58 144 38714580
58 144 38712840
58 82 38649660
58 144 38649660
22 6 38644320
58 144 38643900
144 58 38642700
58 82 38640060
58 144 38640060
58 145 38629620
57 64 38623800
58 145 38389800
22 6 38381040
58 82 38376120
58 144 38376120
58 82 38361420
58 144 38361420
11 6 38301360
11 6 38293200
81 58 38278680
81 58 38278620
58 81 38275860
58 81 38275740
58 82 38218020
58 144 38218020
58 82 38131320
58 144 38131320
58 82 38103960
58 144 38103960
58 82 38102940
58 144 38102940
58 145 38042940
58 82 38041980
58 144 38041980
58 82 37781220
58 144 37781220
137 76 37704480
58 82 37699020
58 144 37699020
95 58 37676460
58 82 37614120
58 144 37614120
58 145 37598160
145 58 37596420
82 58 37591860
58 81 37583700
58 82 37581240
58 144 37581240
58 82 37580700
58 144 37580700
11 6 37518960
57 64 37502040
6 11 37420320
111 95 37184400
58 82 37178100
58 144 37178100
145 58 37171020
58 145 37170000
58 81 37097820
58 82 37097280
82 58 37094460
58 82 37093620
82 58 37093500
58 82 37092960
82 58 37092480
144 58 37090920
58 82 37090740
58 144 37090740
22 6 37075860
58 81 37013160
58 81 37009920
58 81 37007460
58 81 37006920
58 81 37006320
58 81 37004220
58 82 37002120
58 144 37002120
81 58 37000980
81 58 36994920
81 58 36994860
58 82 36983940
58 144 36983940
145 58 36929040
58 82 36922560
58 144 36922560
58 145 36920040
58 145 36907080
58 144 36893820
145 58 36892020
58 82 36890820
58 144 36890820
145 58 36840780
145 144 36839880
22 6 36825120
22 6 36821400
145 58 36812700
145 58 36811500
145 58 36577320
58 82 36568020
58 144 36568020
58 145 36566340
58 145 36546300
58 81 36486660
58 82 36486300
58 144 36486300
81 58 36483900
58 81 36481680
58 82 36469680
58 144 36469680
6 11 36460980
145 58 36406200
58 145 36405720
58 145 36405300
145 58 36405060
58 145 36403740
58 145 36403560
58 81 36400980
57 64 36397920
111 95 36397080
58 145 36396000
99 95 36392520
99 49 36392520
145 58 36390840
58 82 36385800
58 144 36385800
58 145 35971920
81 58 35968440
58 145 35960940
22 6 35959380
73 81 35958000
58 145 35950980
58 145 35948220
145 58 35946780
145 58 35945820
145 58 35944920
58 145 35943900
144 58 35942040
58 145 35939040
58 144 35937900
58 145 35937840
58 82 35937420
58 144 35937420
145 144 35886660
145 58 35886660
144 58 35871360
145 58 35866260
145 144 35866080
145 58 35866080
145 144 35865960
145 58 35865960
58 145 35864280
58 82 35863500
58 144 35863500
58 82 35862720
58 144 35862720
145 58 35862180
58 81 35860320
58 81 35857800
81 58 35855640
58 81 35855580
58 144 35796120
144 58 35795940
58 82 35794680
58 144 35794680
22 6 35792040
58 145 35791980
145 58 35779260
58 144 35774700
58 82 35713140
58 144 35713140
145 58 35708820
137 76 35685600
58 82 35625540
58 144 35625540
58 82 35611200
58 82 35365200
58 144 35365200
58 82 35363820
58 82 35358000
58 82 35344860
58 144 35344860
11 6 35336760
11 6 35335800
145 82 35281140
82 58 35269140
22 6 35266440
58 82 35266200
82 58 35263920
58 145 35249820
58 82 35194380
82 58 35193600
58 82 35193360
58 144 35193360
58 82 35192640
82 58 35184000
58 82 35180460
58 144 35180460
58 145 35180460
58 81 35117160
104 73 35103360
58 82 35103180
58 144 35103180
58 145 35075100
58 82 35019780
58 144 35019780
58 82 35018700
58 144 35012940
22 6 35007420
145 58 35000520
22 6 34995600
145 144 34991820
58 82 34990440
58 144 34990440
145 82 34756200
145 58 34756200
58 145 34739580
57 64 34739100
57 142 34738800
57 64 34736880
145 58 34736700
145 144 34732680
99 49 34691340
58 82 34676220
58 144 34676220
58 145 34667820
145 144 34667520
145 58 34667520
58 145 34646520
58 82 34593000
58 144 34593000
58 145 34585080
57 64 34566720
145 58 34564920
58 82 34561440
58 144 34561440
145 58 34559220
58 145 34558260
58 145 34558200
142 57 34555620
145 58 34507440
57 64 34493640
145 58 34413720
145 58 34395900
145 58 34395840
58 82 34156200
58 144 34156200
58 81 34153680
58 81 34153620
81 58 34153500
58 81 34153380
58 82 34152840
58 144 34152840
37 120 34151340
37 120 34150260
145 58 34129620
58 145 34129140
58 82 34127340
58 144 34127340
145 58 34070220
58 82 33988080
58 144 33988080
145 58 33983280
37 120 33980880
58 145 33970560
37 120 33964800
58 82 33896460
58 144 33896460
58 145 33872160
73 81 33870120
58 145 33867780
58 82 33812460
58 144 33812460
58 145 33558840
145 144 33555420
58 82 33553920
58 144 33553920
58 81 33542760
58 144 33468960
58 82 33465660
58 144 33465660
58 145 33464760
58 145 33456780
145 58 33453600
62 35 33449940
37 120 33444180
58 145 33442080
58 145 33437580
58 82 33435600
58 144 33435600
58 81 33357420
58 145 33357420
58 82 33299340
58 144 33299340
146 81 33290040
58 145 33266220
145 58 33265260
144 58 33263940
58 81 32946840
58 82 32941500
58 144 32941500
22 6 32934780
58 81 32934660
22 6 32934240
58 82 32861880
58 144 32861880
58 144 32861040
58 145 32836260
146 81 32834340
145 58 32829360
58 82 32778360
58 144 32778360
58 82 32687460
58 144 32687460
145 58 32659140
22 6 32657700
58 145 32653140
58 82 32652960
58 144 32652960
58 82 32342700
58 144 32342700
145 58 32338020
58 145 32333100
22 6 32325060
145 58 32315820
58 145 32246940
145 58 32237640
22 6 32234700
145 58 32172600
145 58 32163240
145 58 32158920
58 82 32083740
58 144 32083740
62 35 32083620
62 42 32083620
62 57 32083620
58 144 32069040
58 82 31997880
58 144 31997880
58 145 31997820
145 58 31734600
145 58 31731120
82 58 31730760
58 144 31725720
144 58 31725120
58 82 31705620
145 58 31657500
58 82 31647480
58 144 31647480
37 126 31646280
145 58 31643460
58 145 31642740
58 145 31640760
145 58 31633560
145 58 31632000
145 58 31624680
58 82 31560660
58 144 31560660
58 82 31556580
58 144 31556580
58 81 31553460
146 81 31545600
145 58 31543380
58 82 31535460
58 144 31535460
82 58 31463760
58 82 31463280
58 145 31463280
145 58 31455540
58 82 31446000
58 144 31446000
145 144 31394760
58 82 31135380
58 144 31135380
58 145 31098960
58 82 31049280
58 144 31049280
145 58 31047240
58 145 31020600
58 145 31020060
58 145 31018740
58 82 31015860
58 81 31015800
58 145 31015800
145 58 31015260
58 145 31014960
58 82 31012560
58 82 31012020
58 144 31012020
58 145 30955860
58 145 30955260
58 145 30951060
58 145 30946980
145 58 30938340
145 144 30938100
58 145 30933660
58 82 30928680
58 144 30928680
58 82 30872340
62 35 30872040
82 58 30869760
58 145 30868080
58 145 30864420
58 145 30862500
145 81 30794880
145 58 30792180
146 111 30781500
58 82 30778320
58 82 30774180
58 145 30768180
58 145 30763500
145 82 30519120
81 145 30505920
145 81 30501180
37 120 30497520
145 58 30414180
58 145 30408840
58 145 30408660
58 82 30408360
58 145 30403920
58 145 30359820
58 145 30357180
145 58 30345540
145 58 30345480
58 82 30344640
145 58 30340140
145 58 30336060
145 58 30331020
58 145 30322320
145 58 30275520
145 58 30273300
58 145 30268020
58 145 30266520
58 82 30265920
58 82 30262140
58 82 30256560
82 58 30255540
22 6 30239940
58 145 30238440
58 82 30172500
58 144 30172500
144 58 30172500
58 145 30172500
58 82 29892720
58 145 29892720
145 58 29842440
145 58 29841060
22 6 29833620
144 58 29832480
22 6 29832060
58 82 29746920
58 145 29746920
82 58 29745840
82 145 29745840
145 82 29731800
145 58 29731800
145 144 29723040
82 58 29722560
82 145 29722560
145 144 29668260
58 145 29651520
58 145 29650080
145 58 29644380
22 6 29644260
145 58 29643900
145 58 29642880
145 82 29642820
145 144 29634000
145 58 29548020
145 58 29224680
145 144 29144100
145 58 29137320
111 95 29058540
58 145 29046960
145 58 29046600
22 6 29038440
145 58 29036940
58 145 29035860
145 144 28964100
145 144 28954920
58 145 28951800
146 79 28593840
145 144 28524300
145 82 28522260
58 145 28512000
58 145 28448940
145 82 28437060
145 82 28436580
145 82 28436400
58 145 28425120
22 6 28421880
58 144 28371180
145 82 28344300
145 58 28344300
58 82 28343760
58 145 28343760
82 58 28101360
82 58 28074840
82 145 28074840
58 144 28070820
82 58 28025340
82 145 28025340
58 144 27987000
58 82 27932880
58 144 27846660
82 145 27829560
58 144 27815700
58 144 27813960
22 6 27742380
58 144 27735780
58 145 27735780
81 73 27422100
81 106 27422100
22 6 27416820
58 82 27404700
58 145 27404700
58 82 27396480
58 145 27396480
58 82 27388260
58 145 27388260
58 144 27386820
58 82 27302100
58 145 27302100
58 145 27243060
58 27 27223260
58 144 27213240
58 144 26901120
58 81 26892660
58 82 26892660
58 145 26892660
58 144 26875200
22 6 26866980
146 111 26807220
146 111 26801100
22 6 26800080
58 144 26639100
58 144 26553900
58 145 26544060
58 82 26541840
58 145 26541840
58 144 26291100
58 145 26288580
145 58 26288400
58 144 26263200
58 82 26203140
58 145 26203140
58 145 26202900
58 145 26199960
58 82 26198580
58 144 26176440
58 81 26097300
58 145 26097300
58 144 26037960
22 6 26013900
58 81 26009940
58 145 26009940
58 144 25950480
58 144 25949820
58 144 25936380
145 82 25931520
145 58 25931520
145 82 25931100
58 27 25675320
58 82 25675320
58 144 25658580
58 145 25593180
58 144 25571760
58 82 25518600
58 145 25518600
58 144 25486200
22 6 25416240
22 6 25403640
58 144 25399860
81 73 25346580
81 98 25346580
81 111 25346580
81 35 25346580
81 146 25346580
58 81 25332240
58 145 25332240
145 82 25325040
145 58 25325040
22 6 25083840
22 6 25083120
22 6 25082520
58 82 25053300
58 145 25053300
58 82 24986160
82 58 24971340
58 144 24884280
37 22 24807540
81 73 24796680
81 73 24795660
58 144 24475980
58 145 24467880
58 144 24396060
58 144 24383160
58 145 24380460
58 145 24371220
58 144 24363360
58 145 24303660
58 82 24278160
58 145 24277020
58 145 24220560
62 35 24211560
58 82 24192600
58 144 24192600
58 145 24192600
58 144 24132780
58 145 24126780
81 73 23874600
58 144 23869740
58 82 23867460
58 145 23867460
58 82 23867340
58 144 23843880
58 144 23701200
22 6 23675700
62 35 23611260
145 81 23603100
145 81 23595480
58 82 23586360
145 81 23533500
58 144 23271540
58 81 23266920
22 6 23246160
58 82 23244840
58 144 23240220
22 6 23177880
22 6 23152620
58 144 23098620
58 144 23010120
58 144 22923900
22 6 22914960
22 6 22635720
58 144 22579020
58 82 22558080
58 145 22558080
58 144 22490580
58 82 22488720
58 145 22488720
58 144 22484100
58 144 22481820
58 144 22385760
58 144 22376520
58 144 22289340
58 144 21974280
58 144 21883200
58 145 21791400
58 82 21786600
58 145 21786600
58 144 21713760
58 144 21453600
58 144 21368400
58 82 21350040
58 82 21349260
58 145 21349260
58 144 21281580
58 144 21274320
37 126 21268380
58 144 21251340
62 42 21188940
58 144 21184440
22 6 21169500
58 144 21111720
58 144 20850420
58 144 20761920
58 144 20734980
82 58 20656680
82 145 20656680
22 58 20646180
58 144 20594880
58 82 20069220
58 144 20064300
58 82 19961280
58 145 19961280
22 13 19376640
22 13 19376280
58 144 19295400
58 144 19039020
58 144 19006740
58 144 18926580
58 144 18867960
58 145 18843600
58 144 18777900
58 144 18747360
58 144 18666600
58 144 18665280
58 144 18430740
58 144 18340260
58 144 18339840
58 145 18329160
58 144 18314760
58 144 18249840
58 144 18240120
58 82 18168600
58 144 18163440
58 144 18162780
58 144 18157620
58 144 18157320
82 58 16954620
58 82 16608120
58 145 16608120
58 145 16606020
58 81 15836160
58 82 15321540
145 82 15216420
145 58 15216420
58 81 14198760
58 82 14103240
58 145 13825560
37 22 13573620
58 145 13497180
37 22 13492140
58 81 13423260
82 58 13413900
37 22 12964440
37 22 12898440
58 81 12876180
58 144 12876180
81 58 12827940
58 145 12632520
58 82 12629460
58 145 12629460
58 145 12178620
58 145 11667960
58 145 11579700
58 82 11424660
58 145 11424660
58 145 11420580
37 22 11413740
58 145 11411340
58 82 11152560
58 145 11152560
58 145 11057520
58 82 10910160
58 82 10827540
58 144 10827540
58 145 10827540
58 82 10544340
58 145 10544340
58 145 10543380
58 82 10482540
58 81 10480860
37 22 10476420
58 145 10454400
58 145 10364400
58 145 10277880
58 144 9950040
58 144 9791040
58 82 9683100
58 145 9683100
58 82 9681480
58 82 9594240
58 82 9593340
58 145 9593340
58 145 9351120
58 82 9351000
58 82 9243720
58 81 9191940
58 82 9163380
58 81 9159480
58 82 8485500
58 145 8485500
58 82 8124240
58 145 8124240
58 145 8048520
58 82 7957440
58 145 7957440
58 82 6909180
58 145 6674220
81 73 6325860
58 82 5720100
58 145 5720100
81 73 5029500
58 82 4956540
58 145 4956540
58 82 4859220
58 145 4859220
58 145 2596860
58 145 1996260
58 145 1993320
58 82 1897980
58 145 1897980
58 82 1827660
58 145 1827660
58 82 1488960
58 145 1488960
58 145 1403340
58 82 1309800
58 145 1309800
58 82 1302660
58 145 1302660
58 82 1146780
37 145 40860
58 82 0
