13 9 90673802
13 11 90673667
13 11 90671879
13 11 90671846
13 11 90671832
13 11 90671818
13 11 90671794
11 9 90669065
15 11 90647173
15 9 90647173
13 9 90415126
9 13 90408688
13 9 90404005
13 17 90403288
11 15 90400159
11 13 90399389
11 13 90395748
11 17 90395748
13 17 90393524
18 11 90392693
18 9 90342780
13 17 90329722
15 13 90306360
15 13 90300256
13 11 90241911
13 17 90164867
13 17 90156049
15 13 90150043
15 11 90150043
13 11 90142424
13 17 90142424
15 13 90041449
15 11 90041449
15 17 90041449
17 15 90039853
15 9 90039850
15 17 90039850
11 15 89805863
17 11 89789210
11 13 89789208
11 17 89789208
13 17 89528744
13 17 89528282
17 13 89486493
17 13 89472410
13 11 89472341
11 13 89469150
13 17 89200545
13 17 89191867
11 13 89189628
13 11 89186457
11 13 89184708
11 17 89184708
15 13 89006102
15 11 89006102
13 11 88951540
13 17 88951540
13 11 88867878
15 9 88852288
11 13 88600899
13 17 88586499
17 13 88585821
17 13 88584870
17 11 88584870
17 18 88584870
17 13 88583229
17 11 88583229
11 13 88582509
11 17 88582509
17 13 88582336
13 17 88581998
17 13 88581385
17 11 88581385
13 11 88510669
17 11 88432223
13 17 88423071
13 17 88422518
11 33 88409390
34 7 88328288
35 36 88257513
11 13 87974539
11 17 87974539
35 21 87734436
35 38 87734436
35 21 87723913
35 38 87723913
13 15 87708649
15 13 87708644
15 11 87708644
15 17 87708644
35 21 87378987
35 38 87378987
18 9 87317189
7 41 87312143
9 18 87310435
13 11 87283426
11 13 87283420
11 17 87283420
38 46 87205072
38 35 87205072
38 21 87205072
46 35 87131901
46 38 87131901
46 36 87131901
13 17 87055515
38 46 87029626
38 35 87029626
38 21 87029626
38 46 87026083
38 35 87026083
38 21 87026083
38 46 87022132
38 35 87022132
38 21 87022132
15 13 87018506
15 11 87018506
15 17 87018506
13 17 86773362
11 13 86767156
11 17 86767156
11 13 86703155
11 15 86696531
41 7 86694676
13 11 86694164
36 38 86677659
88 81 86620802
88 89 86620802
90 65 86619818
90 74 86619818
90 86 86619818
89 27 86615316
81 27 86610963
81 93 86610963
81 70 86610963
81 73 86610963
81 85 86610963
81 88 86610963
81 36 86610963
81 89 86610963
94 36 86605061
81 27 86596563
81 93 86596563
81 70 86596563
81 73 86596563
81 85 86596563
81 88 86596563
81 36 86596563
81 89 86596563
36 56 86594455
81 27 86550104
81 73 86550104
81 85 86550104
81 36 86550104
81 70 86539725
81 73 86538453
81 27 86535704
81 73 86535704
81 85 86535704
81 36 86535704
0 27 86535196
0 89 86535196
94 70 86532076
89 88 86529016
41 57 86526648
41 57 86526522
41 57 86526285
41 57 86525713
57 41 86522444
36 94 86512688
11 13 86509768
11 17 86509768
0 27 86505768
0 89 86505768
81 73 86457418
38 35 86450498
13 17 86444926
88 89 86437598
88 81 86437330
38 35 86433920
88 89 86433149
36 38 86427685
81 70 86426742
81 73 86426742
57 41 86425196
81 70 86419873
81 88 86418788
81 88 86417987
15 13 86412786
15 11 86412786
15 17 86412786
81 93 86373691
81 73 86371994
81 93 86371521
81 70 86371521
93 70 86356736
93 81 86356736
81 73 86281242
81 93 86275512
81 70 86275512
81 73 86254108
81 93 86196287
81 70 86196287
81 73 86196287
81 85 86196287
81 88 86196287
81 38 86196287
81 36 86196287
81 89 86196287
81 73 86196162
93 70 86189894
93 81 86189894
13 11 86189099
13 17 86189099
81 93 86185323
89 88 86183448
36 96 86182408
93 9 86180911
9 93 86180067
96 36 86178295
36 96 86177367
96 36 86177308
13 17 86169990
93 73 86169976
93 81 86169976
81 73 86167602
36 38 86166119
11 13 86165421
11 17 86165421
11 13 86164759
38 35 86163260
88 89 86103683
13 11 86102928
38 46 86093918
38 35 86093918
38 21 86093918
38 46 86093707
38 35 86093707
38 21 86093707
13 17 86086977
0 27 86086157
0 89 86086157
93 70 86073430
57 75 86072942
35 38 86010023
90 65 86009240
90 74 86009240
90 86 86009240
36 38 86000677
57 41 85995987
57 56 85995987
38 36 85994087
38 88 85993620
38 89 85993620
13 17 85992009
0 27 85989633
0 89 85989633
93 70 85986855
70 81 85936465
70 93 85935156
70 81 85935156
56 36 85925379
56 36 85917113
46 35 85914961
56 36 85910822
13 11 85909082
13 17 85909082
89 88 85902601
81 73 85894174
81 93 85893564
81 70 85893486
81 70 85892517
65 74 85868026
65 74 85853626
70 81 85847490
13 17 85838660
38 35 85833793
93 81 85833134
96 36 85827208
36 96 85823413
35 38 85820538
96 36 85818690
41 57 85817869
13 15 85816331
13 11 85816276
81 73 85808322
81 36 85808322
15 13 85805357
15 17 85805357
81 70 85655022
70 81 85583906
13 11 85570946
13 17 85494995
13 11 85494240
13 17 85494240
81 85 85477658
103 81 85477179
13 11 85475335
13 17 85475335
81 103 85472290
103 81 85471992
11 13 85470904
11 17 85470904
13 11 85470319
81 73 85465459
81 103 85464976
13 17 85408694
103 81 85394480
104 70 85326926
104 73 85326926
104 88 85326926
104 18 85326926
104 108 85326926
38 46 85324484
38 35 85324484
38 21 85324484
17 13 85318645
13 17 85315698
81 73 85314259
81 36 85314259
15 11 85308487
11 13 85298019
13 11 85297346
15 13 85289472
15 9 85289472
15 17 85289472
36 73 85254077
36 81 85254077
81 73 85242353
81 36 85242353
81 73 85240813
81 36 85240813
81 36 85238453
81 73 85235184
81 93 85220635
93 81 85145460
81 93 85128782
81 73 84983761
81 36 84983761
81 73 84982269
81 36 84982269
11 13 84969350
11 17 84969350
93 110 84967139
110 93 84961439
13 17 84961362
81 73 84956597
13 11 84953499
17 13 84953049
17 11 84953049
13 17 84951367
13 15 84947325
13 11 84947325
11 13 84945340
11 17 84945340
15 13 84944028
81 103 84898778
13 17 84892516
13 17 84891174
110 93 84882422
110 93 84882203
41 57 84877257
41 57 84873134
104 70 84811762
104 73 84811762
104 18 84811762
104 108 84811762
93 70 84809776
93 73 84809776
93 81 84809776
93 113 84809776
104 70 84803774
104 73 84803774
104 88 84803774
104 18 84803774
104 108 84803774
17 13 84803355
81 73 84781773
93 81 84722134
13 17 84700572
17 13 84634141
13 17 84634117
17 13 84631302
13 11 84621049
13 17 84611776
17 13 84610563
13 17 84610187
15 13 84607913
15 13 84598861
81 36 84467843
88 89 84434179
81 88 84379444
104 70 84375788
104 73 84375788
104 88 84375788
104 18 84375788
104 108 84375788
17 13 84375707
13 17 84374619
13 17 84374128
104 70 84369530
104 73 84369530
104 88 84369530
104 18 84369530
104 108 84369530
104 70 84367795
104 73 84367795
104 18 84367795
104 108 84367795
108 113 84360723
108 88 84360723
11 13 84353707
11 17 84353707
96 36 84351369
96 36 84351286
81 93 84349661
35 38 84348928
108 88 84346718
38 81 84345130
11 13 84344619
11 17 84344619
88 108 84298200
88 81 84297106
88 108 84296485
89 0 84291439
93 81 84282855
41 115 84282834
104 70 84280283
104 73 84280283
104 88 84280283
104 18 84280283
104 108 84280283
13 11 84275629
70 73 84268343
70 81 84268343
81 70 84268243
11 13 84265643
17 13 84261017
13 11 84260938
13 17 84260938
13 17 84256514
13 17 84200258
81 73 84190806
113 93 84179971
113 81 84179971
113 108 84179971
104 70 84176069
104 73 84176069
104 88 84176069
104 18 84176069
104 108 84176069
93 81 84172181
81 93 84116591
81 70 84116591
81 85 84116591
81 88 84116591
81 38 84116591
81 36 84116591
81 89 84116591
13 17 84115661
93 81 84111211
13 17 84104485
81 88 84093517
70 81 84089953
13 17 84087443
81 70 84085282
81 108 84085212
89 0 84031145
81 85 84030673
89 81 84027500
13 17 84027022
13 11 84026877
104 70 84019464
104 73 84019464
104 18 84019464
104 108 84019464
81 88 84018897
13 17 84006029
13 17 84005266
13 17 84004543
13 17 84004512
13 33 84002218
13 17 84002218
41 57 84000365
13 17 84000092
104 70 83993921
104 73 83993921
104 18 83993921
104 108 83993921
88 81 83830802
81 94 83828545
93 81 83767106
104 70 83764727
104 73 83764727
104 18 83764727
104 108 83764727
81 93 83764400
93 81 83764300
13 17 83763558
13 17 83763279
81 85 83761729
81 88 83761729
81 85 83759108
115 41 83747856
11 13 83747743
11 17 83747743
38 35 83745165
81 85 83744089
81 88 83744089
81 88 83743628
88 81 83742984
13 11 83741000
81 88 83740139
93 81 83738982
81 36 83689881
88 81 83689031
85 38 83686450
85 36 83686450
88 81 83685822
13 33 83683796
13 18 83683796
13 17 83683796
81 36 83679597
93 81 83676579
81 88 83675964
41 7 83675804
38 35 83675063
81 36 83673480
81 36 83668778
81 88 83655495
81 88 83605076
88 81 83604604
81 88 83603863
81 93 83603809
81 70 83603809
81 85 83603809
81 88 83603809
81 38 83603809
81 36 83603809
81 88 83601515
81 70 83601482
88 81 83600732
88 81 83591472
81 88 83587653
81 88 83584799
81 93 83584120
90 65 83578044
90 86 83578044
88 73 83576378
81 88 83576375
88 81 83575751
90 65 83575560
90 86 83575560
81 93 83571783
90 65 83571549
90 86 83571549
90 118 83571549
93 81 83568855
13 11 83568345
93 27 83568067
81 88 83566001
104 70 83415524
104 73 83415524
104 18 83415524
104 108 83415524
94 70 83414254
90 65 83412342
90 86 83412342
90 118 83412342
81 93 83410003
81 70 83410003
81 85 83410003
81 88 83410003
81 38 83410003
81 36 83410003
81 89 83410003
81 88 83407251
81 88 83399339
94 81 83397741
94 81 83397670
81 94 83397218
81 70 83397184
94 81 83396660
33 17 83391806
13 17 83157851
13 11 83156915
81 36 83152695
81 88 83152590
11 13 83138043
11 13 83137309
11 17 83137309
81 93 83079062
81 85 83079062
81 38 83079062
81 36 83079062
11 13 83069774
13 17 83057349
33 9 83054731
33 17 83054731
13 17 83048563
81 73 83006817
94 81 82997050
13 17 82966897
13 17 82965996
94 81 82804888
17 13 82543506
11 13 82542337
11 13 82540554
11 17 82540554
93 123 82463979
88 81 82461739
13 11 82460532
33 17 82455307
123 93 82453219
113 93 82450334
27 93 82449591
81 88 82392783
81 73 82392592
94 81 82390573
88 81 82389495
33 17 82385703
93 113 82380483
89 27 82376790
13 33 82367498
41 57 82364111
41 96 82363833
35 46 82363674
35 38 82363674
93 27 82318759
13 17 82305869
15 13 82251153
17 13 82214524
104 70 82207419
104 73 82207419
104 123 82207419
104 18 82207419
104 108 82207419
13 17 82196335
13 17 82196042
13 17 82196012
13 17 82195973
13 17 82195937
41 57 82191299
27 93 82186010
93 27 82185847
93 110 82185847
93 27 82181969
88 81 81958198
17 13 81949773
17 11 81949773
11 13 81949328
11 13 81943851
11 17 81943851
88 81 81941541
89 88 81869740
11 13 81849009
11 17 81849009
81 27 81848963
81 70 81848963
81 109 81848963
81 85 81848963
81 24 81848963
81 88 81848963
81 38 81848963
81 36 81848963
15 13 81848238
13 33 81844335
13 17 81844335
13 11 81788767
13 17 81788767
38 46 81770773
38 35 81770773
17 13 81765828
17 11 81765828
11 9 81762501
11 17 81762501
11 9 81758950
9 11 81757537
11 9 81755352
11 17 81755352
93 110 81700088
11 13 81692137
93 113 81681949
13 33 81667931
9 33 81664714
13 17 81589921
13 11 81587933
81 27 81586854
81 70 81586854
81 73 81586854
81 85 81586854
81 88 81586854
81 38 81586854
81 36 81586854
81 108 81586854
93 113 81586506
113 93 81584563
88 81 81582759
81 88 81528982
81 88 81372801
93 113 81353040
108 73 81342409
88 81 81328871
9 33 81327920
9 18 81327920
33 73 81325683
33 18 81325683
123 70 81318189
81 36 81316887
81 88 81276967
33 18 81265512
33 18 81259797
11 13 81253938
11 17 81253938
11 13 81244163
88 81 81188771
35 38 81174439
123 81 81173662
38 46 81169389
38 35 81169389
123 70 81166320
123 73 81166320
123 81 81166320
123 18 81166320
123 108 81166320
93 123 81157294
93 113 81157294
93 123 81149699
93 81 81149699
93 81 81148403
81 93 81148253
93 113 81103347
93 108 81099204
93 108 81092562
93 81 81088793
9 33 81087394
123 81 81087237
9 18 81086267
81 93 81086156
81 123 81086156
81 36 81084123
33 18 81065839
81 36 81062131
81 36 81060513
11 13 81003248
46 35 80985842
81 123 80977667
33 18 80972688
93 113 80971742
93 113 80931607
93 113 80931402
93 113 80821194
9 33 80755635
113 93 80745838
113 123 80745838
11 13 80723329
11 13 80722904
11 17 80722904
11 13 80722118
11 17 80722118
94 88 80655967
94 88 80655939
46 35 80640696
13 11 80639849
13 17 80639849
11 13 80639632
39 35 80639457
35 46 80639101
35 38 80639101
33 18 80638959
9 33 80631183
70 81 80548176
41 7 80541730
94 88 80498397
89 88 80488733
57 41 80486871
57 75 80486138
13 17 80480018
13 17 80474907
81 85 80472168
123 113 80469104
13 11 80461956
38 46 80396396
38 46 80396339
11 17 80393679
113 93 80386768
17 11 80380086
41 57 80376431
17 11 80374451
113 93 80373754
113 81 80373754
81 93 80372720
81 113 80372720
113 93 80369684
113 81 80369684
70 81 80310797
17 11 80202159
33 17 79967947
93 113 79967365
39 35 79953545
11 13 79945912
11 17 79945912
113 93 79943532
11 13 79943077
11 17 79943077
113 93 79942011
11 9 79941443
11 17 79941443
11 15 79940077
9 11 79940001
113 93 79939873
113 123 79939873
123 73 79894582
94 123 79887220
123 94 79887219
123 73 79886872
123 104 79886872
9 15 79883913
113 93 79876131
93 113 79874676
93 81 79871097
93 113 79871097
57 75 79869572
93 113 79869042
46 83 79868884
35 39 79868463
17 13 79862076
46 83 79860455
93 113 79857201
9 33 79856935
113 93 79856606
113 123 79856606
17 13 79855195
113 93 79850291
113 123 79850291
93 113 79847762
113 93 79844385
113 123 79844385
113 81 79844385
113 108 79844385
88 81 79813571
81 88 79811450
113 93 79804284
93 113 79800294
13 17 79795704
41 57 79788923
41 7 79788511
41 115 79788386
123 73 79783907
93 113 79782588
41 115 79779007
115 41 79778892
41 115 79778805
115 41 79778687
33 18 79776837
93 113 79775416
17 13 79774079
93 113 79772750
88 81 79771380
113 93 79771225
81 88 79769465
17 33 79767928
17 13 79767928
39 46 79764752
94 70 79698564
94 70 79689373
15 13 79610093
15 9 79610093
15 17 79610093
81 123 79545084
113 81 79541642
93 113 79540857
13 17 79536464
123 73 79536116
123 81 79536116
123 73 79534603
123 104 79534603
123 73 79529498
113 73 79528966
113 81 79528966
113 108 79528966
41 75 79523428
41 115 79523012
41 7 79523012
11 13 79519221
11 17 79519221
11 13 79517909
11 15 79517766
11 13 79517766
11 17 79517766
113 93 79515825
113 123 79515825
33 18 79515669
93 113 79500968
18 73 79453598
93 113 79445938
17 13 79442563
13 17 79441080
70 94 79440127
81 73 79438860
123 73 79438484
123 104 79438484
9 15 79436221
88 38 79435573
88 36 79435573
13 11 79434426
13 17 79433940
113 93 79427264
85 93 79424092
93 113 79419250
11 15 79417646
11 13 79417646
81 73 79368533
123 113 79366222
13 17 79365388
110 93 79365003
13 17 79364486
13 17 79355384
123 73 79353588
123 104 79353588
17 13 79352599
73 133 79352266
33 18 79350226
41 57 79344658
13 17 79342352
113 93 79340611
113 123 79340611
18 73 79331192
93 123 79330027
93 113 79330027
93 113 79329462
13 11 79283577
13 17 79283577
94 70 79283563
13 17 79281725
13 17 79278461
133 73 79274976
113 93 79274304
93 113 79270580
75 57 79261261
123 104 79261114
88 89 79260711
46 133 79259462
38 36 79258084
70 94 79249974
93 113 79249249
57 41 79246123
93 113 79244633
41 115 79243493
115 41 79186010
70 94 79171641
70 0 79171641
13 11 79165987
123 104 79165968
17 13 79164372
7 41 79163694
93 113 79157829
104 123 79153823
88 73 79096823
123 113 78932428
88 73 78930452
33 9 78921328
93 113 78919143
93 9 78919040
93 113 78914454
93 113 78910425
93 81 78909743
93 113 78909743
93 113 78909646
93 113 78908917
93 113 78899306
113 123 78898707
93 113 78898437
123 108 78845242
94 81 78843829
41 57 78842060
93 113 78834840
93 113 78833032
57 41 78827668
41 57 78827194
108 73 78825228
93 113 78824878
57 41 78822855
41 57 78822437
41 57 78821595
93 113 78810930
81 27 78764963
81 85 78764963
81 38 78764963
81 36 78764963
18 9 78761927
18 33 78759904
18 9 78759904
38 35 78757317
35 83 78757064
35 85 78757064
35 38 78757064
35 39 78757064
93 113 78750976
93 113 78749015
93 113 78743419
33 18 78734254
103 18 78731902
9 15 78729955
93 113 78726152
93 113 78725755
93 113 78669697
9 13 78666865
93 113 78654570
108 81 78590979
93 113 78587075
93 113 78586447
93 113 78580656
93 113 78578755
57 41 78576823
41 57 78575189
17 13 78573682
13 17 78572982
39 35 78572365
113 93 78563750
113 123 78563750
13 11 78561389
93 81 78554914
81 73 78552945
81 108 78552945
13 11 78552421
93 113 78323221
93 113 78319467
93 113 78315583
11 13 78311446
11 17 78311446
93 113 78309263
113 93 78308071
93 113 78307605
38 36 78305178
57 41 78304516
57 41 78304137
57 41 78303825
41 57 78302458
33 9 78299994
17 13 78296644
93 113 78252978
93 113 78252771
93 113 78249313
93 123 78246603
93 113 78246603
13 17 78244250
93 113 78236118
15 13 78231758
94 103 78222351
93 113 78209833
123 73 78169528
13 11 78156021
13 17 78156021
93 113 78146438
57 41 78139177
94 103 78135314
103 94 78132010
103 94 78131284
13 11 78123246
113 93 78122156
113 123 78122156
93 113 78065744
93 113 78064955
7 41 78057012
115 41 78056009
41 57 78041914
113 93 78038064
113 123 78038064
33 18 78037374
90 65 77985901
90 86 77985901
113 93 77980607
113 123 77980607
9 33 77980317
9 13 77980317
9 17 77980317
93 113 77979978
93 113 77977032
93 113 77976294
17 13 77975293
11 13 77970340
11 17 77970340
15 9 77967703
90 65 77954576
90 86 77954576
113 123 77952285
93 113 77949892
93 113 77949394
86 65 77922764
86 65 77908364
13 11 77898619
104 123 77802553
81 73 77798021
88 89 77724776
88 81 77724501
89 88 77718443
93 113 77717149
33 17 77711408
113 93 77710791
113 123 77710791
85 35 77707902
123 104 77706510
46 81 77704427
74 90 77703471
93 113 77696987
36 38 77696199
93 113 77694644
11 13 77691326
11 17 77691326
11 13 77689423
11 13 77686683
11 17 77686683
9 123 77686665
123 73 77654797
90 65 77631064
90 86 77631064
38 46 77630966
46 38 77629807
93 113 77629781
13 17 77621104
93 103 77620614
81 73 77612939
7 41 77612752
93 113 77611767
9 33 77611649
93 123 77610840
81 94 77609456
33 17 77605417
81 85 77601679
81 85 77601613
85 81 77601516
81 123 77601422
18 33 77599933
18 17 77599933
93 123 77599100
93 113 77598783
93 113 77598782
123 113 77564163
123 73 77562028
81 123 77556759
93 113 77554876
86 65 77554560
86 90 77554560
93 113 77553403
81 85 77551262
86 65 77543760
86 90 77543760
18 33 77537896
46 73 77521018
13 17 77520232
13 17 77520214
13 11 77519975
13 17 77519975
13 17 77519650
15 13 77511055
13 11 77461251
93 113 77456892
17 13 77453802
113 93 77437617
11 13 77427221
88 123 77426883
81 73 77426781
90 65 77382200
90 86 77382200
104 70 77376049
104 73 77376049
104 123 77376049
104 81 77376049
104 18 77376049
88 123 77372645
35 38 77371080
113 93 77369972
113 123 77369972
109 24 77365020
36 38 77364582
18 33 77363352
93 113 77360314
13 11 77351977
13 17 77351591
17 13 77351423
93 113 77351351
13 17 77351290
113 93 77346280
93 113 77344935
93 113 77344299
113 93 77344254
93 113 77344131
17 13 77343211
123 73 77275014
90 65 77112767
90 86 77112767
90 65 77110271
90 86 77110271
123 73 77109062
113 93 77105298
113 123 77105298
93 113 77094416
113 123 77094397
90 65 77092064
90 86 77092064
85 81 77090173
93 113 77086332
11 13 77085496
11 13 77084251
11 17 77084251
13 11 77030994
13 11 77030873
90 65 77030176
90 86 77030176
75 57 77024855
15 13 77022156
113 93 77018655
113 123 77017709
13 11 76999918
11 15 76997421
93 81 76958132
93 113 76958132
113 93 76941714
90 65 76940513
90 86 76940513
113 93 76934803
113 123 76934803
9 33 76932983
57 41 76923885
83 46 76922468
113 93 76920358
113 123 76917441
93 113 76916476
89 27 76914286
113 123 76905858
90 65 76862019
90 86 76862019
13 11 76855970
13 17 76855883
113 123 76855022
13 11 76848862
113 123 76840239
90 65 76837164
90 86 76837164
57 109 76829336
13 11 76827011
41 57 76821456
81 113 76771685
113 81 76767138
88 36 76766203
75 56 76744277
75 57 76744277
13 11 76744012
15 9 76732891
123 18 76511597
81 85 76509938
93 113 76501006
93 113 76500412
93 123 76498412
93 113 76498412
93 113 76498260
13 17 76497086
90 65 76495809
90 86 76495809
11 13 76482166
11 17 76482166
93 113 76479155
93 113 76478546
93 113 76478480
18 73 76476431
85 35 76474729
13 11 76427202
88 36 76411863
35 39 76404639
93 123 76401399
93 113 76401399
93 113 76390625
9 33 76390233
93 113 76389388
93 113 76345034
93 113 76344313
13 17 76338210
81 70 76335407
70 81 76335141
33 9 76334424
9 33 76332130
123 93 76330003
123 113 76330003
56 24 76328953
123 93 76325291
123 113 76325291
33 9 76324665
93 113 76323206
13 17 76322709
123 93 76322698
123 113 76322698
38 36 76321123
88 75 76320476
88 115 76320476
9 18 76308710
9 33 76308081
81 85 76307681
123 113 76304315
9 33 76295447
93 81 76259020
93 113 76259020
93 113 76257337
93 113 76256903
81 94 76237859
93 113 76236428
15 11 76231500
33 17 76229850
33 18 76229781
113 123 76218103
9 18 76217370
13 11 76166208
13 11 76165744
81 70 76161440
81 88 76161440
113 123 76161173
38 36 76160199
93 113 76159508
9 15 76159399
85 81 76157063
81 73 76155700
13 17 76152300
13 15 76151467
13 11 76151467
13 9 76151467
13 17 76151467
9 15 76148346
93 113 76139400
93 113 76138779
93 113 76138600
93 113 76132546
113 123 76132168
93 113 76131763
81 88 76131584
15 9 76127569
88 123 75908971
123 88 75904761
123 113 75903725
123 113 75903587
88 27 75901017
88 41 75901017
88 46 75901017
88 56 75901017
88 115 75901017
88 7 75901017
88 81 75901017
88 83 75901017
88 38 75901017
88 36 75901017
88 133 75901017
88 89 75901017
88 70 75897386
88 73 75897386
88 123 75897386
88 81 75897386
88 18 75897386
113 93 75892157
113 73 75892157
113 123 75892157
113 81 75892157
11 13 75882345
11 17 75882345
93 113 75881447
93 113 75871588
93 113 75871585
93 113 75829747
93 113 75829260
17 13 75817116
81 33 75815106
81 73 75815106
81 88 75815106
81 73 75804987
93 113 75800660
35 39 75783637
93 113 75782711
93 113 75782018
93 113 75780747
93 113 75780689
86 65 75742129
86 90 75742129
86 65 75739333
86 90 75739333
86 65 75731329
86 90 75731329
86 65 75728533
86 90 75728533
93 113 75724494
56 24 75721079
90 65 75718522
90 86 75718522
88 104 75710150
15 13 75709146
113 93 75708626
113 123 75708626
17 13 75703836
13 17 75666227
93 113 75659817
93 113 75654926
88 103 75652610
41 57 75632833
41 57 75626565
70 94 75621178
123 94 75568994
9 13 75558956
9 11 75558956
85 81 75558186
81 85 75557973
17 13 75554233
17 11 75554233
85 81 75550046
33 18 75547649
90 65 75539661
90 86 75539661
90 65 75531252
90 86 75531252
104 70 75529744
90 65 75528890
90 86 75528890
70 104 75528875
93 113 75526463
123 93 75526346
123 113 75526346
93 113 75526318
104 70 75520980
93 113 75372416
81 85 75288774
33 18 75288512
85 81 75284759
17 13 75279036
57 41 75275587
11 13 75272559
11 17 75272559
13 17 75269275
41 57 75268816
13 17 75211814
11 13 75205377
13 11 75204823
41 57 75188862
113 73 75188745
113 81 75188745
13 17 75186736
113 93 75185315
33 18 75184641
113 123 75183862
81 27 75182245
81 46 75182245
81 35 75182245
81 83 75182245
81 85 75182245
81 38 75182245
81 36 75182245
15 13 75177197
81 27 75145364
11 15 75125166
113 93 75120309
113 123 75120309
81 27 75110828
81 85 75110828
81 38 75110828
81 36 75110828
88 81 75109741
90 65 75105737
90 74 75105737
90 86 75105737
113 70 75103547
88 81 75102731
85 81 75099344
81 85 75095830
81 88 75095767
85 81 75095658
81 94 75094954
88 81 75049722
88 103 75049215
123 73 75042982
13 11 75040249
11 33 75039382
11 13 75039382
11 17 75039382
33 18 75027836
113 123 75026828
33 17 75009330
33 17 75008667
123 113 75007983
123 73 75007828
13 11 74957683
13 11 74952048
70 94 74951275
33 17 74939744
113 93 74931795
113 123 74931795
113 123 74927428
13 17 74926121
15 9 74917980
13 11 74871477
13 17 74871477
15 13 74842594
15 17 74842594
11 13 74685461
11 17 74685461
13 17 74681122
11 13 74677998
13 11 74662614
13 17 74662614
113 93 74607880
113 123 74607880
90 65 74607144
90 86 74607144
18 73 74602693
18 123 74602693
13 33 74594773
13 17 74594773
11 13 74587170
9 15 74585484
13 17 74527614
123 104 74517727
33 17 74513029
13 11 74506245
93 113 74504677
13 17 74492334
93 113 74490973
90 65 74490922
90 86 74490922
113 81 74490336
93 113 74489251
93 113 74431582
75 57 74427915
90 65 74414358
90 86 74414358
13 17 74412448
13 11 74406558
113 81 74406064
113 81 74405973
123 113 74404982
123 113 74401953
93 113 74355167
103 73 74326330
13 17 74325641
13 11 74324798
13 11 74321380
113 93 74318505
113 123 74318505
93 81 74316483
93 113 74316483
93 123 74316272
93 81 74084568
93 113 74084568
89 27 74073834
9 33 74073288
93 113 74072767
11 13 74065686
11 17 74065686
90 65 74001862
90 86 74001862
81 88 74000481
41 115 73988341
41 7 73988341
41 57 73988341
15 11 73974727
123 73 73966823
123 73 73935601
13 17 73923330
93 113 73893312
93 113 73892579
113 93 73870047
73 81 73840694
123 73 73839573
123 81 73839573
70 94 73837033
123 70 73818249
123 73 73818249
123 81 73818249
123 18 73818249
93 113 73742478
93 113 73732216
15 13 73713990
15 17 73713990
113 123 73711944
13 17 73708635
93 113 73674357
94 123 73488630
89 81 73459945
89 88 73459945
11 13 73456220
11 17 73456220
13 11 73408078
13 17 73408078
13 11 73404813
88 81 73402948
113 93 73397990
113 123 73397990
93 113 73396094
93 113 73395503
93 113 73383178
93 113 73382998
88 89 73327339
88 89 73326061
93 123 73314328
93 113 73314328
93 123 73307607
93 81 73307607
93 113 73307607
93 113 73300084
113 123 73288177
93 113 73285304
93 123 73282297
93 113 73282297
93 113 73281428
13 11 73278064
93 113 73236506
93 123 73218440
93 113 73218440
93 113 73211638
93 113 73210939
113 123 73210673
123 73 73207268
11 13 73141301
11 17 73141301
73 123 73130229
18 33 72872056
18 9 72872056
113 93 72868405
123 9 72847871
123 18 72847871
123 93 72846585
123 113 72846585
93 113 72809361
93 113 72807043
93 123 72806409
93 113 72806409
94 123 72792749
93 113 72787811
93 113 72781495
15 11 72780803
93 113 72780328
13 17 72779476
57 75 72779360
93 113 72776944
93 113 72775550
93 113 72774768
93 113 72774275
81 70 72710132
70 73 72708303
13 15 72698133
15 13 72695372
15 17 72695372
93 113 72692370
15 11 72673352
73 70 72643562
123 103 72625146
93 70 72622978
93 123 72622978
93 113 72622978
18 33 72615103
18 73 72615103
18 9 72615103
93 113 72614821
15 13 72599136
15 17 72599136
93 123 72596756
93 81 72596756
93 113 72596756
103 73 72593295
13 103 72592683
93 123 72592241
93 81 72592241
93 113 72592241
113 123 72525080
113 123 72509959
113 123 72509302
123 113 72509039
103 123 72503800
75 85 72502148
104 70 72498850
104 73 72498850
104 123 72498850
104 81 72498850
104 18 72498850
113 123 72459315
93 123 72448317
93 113 72448317
93 113 72447620
13 17 72349987
13 11 72342657
13 11 72342221
13 11 72342108
13 15 72340244
13 11 72340244
13 17 72340244
104 70 72277462
104 73 72277462
104 123 72277462
104 81 72277462
104 18 72277462
35 83 72272776
123 113 72271029
123 18 72271029
93 113 72266193
113 123 72264825
11 13 72261405
11 17 72261405
123 103 72260260
113 93 72247020
113 123 72247020
103 73 72243293
123 113 72243015
13 11 72209322
13 17 72207791
103 123 72191744
70 123 72175952
93 113 72159260
113 93 72154906
113 123 72154906
93 113 72153955
15 13 72068466
15 9 72068466
15 17 72068466
15 13 72065997
93 81 72023395
93 113 72022190
70 73 72015787
70 123 72015787
104 70 72006541
104 73 72006541
104 123 72006541
104 81 72006541
104 18 72006541
93 123 72002471
93 113 72002471
93 113 71993329
15 13 71983752
15 9 71983752
15 17 71983752
123 73 71927613
123 104 71916937
15 13 71914244
15 9 71914244
15 17 71914244
103 88 71909350
123 104 71906145
93 113 71905967
15 13 71902080
15 9 71902080
15 17 71902080
15 9 71896416
15 17 71896416
93 113 71895929
13 17 71857656
123 93 71823841
123 113 71823841
123 104 71761118
93 123 71652472
93 113 71652472
11 13 71647603
11 17 71647603
13 17 71641482
93 113 71636986
93 113 71592024
13 17 71586765
33 13 71494729
33 11 71494729
33 17 71494729
93 113 71477777
93 113 71471157
123 104 71463238
70 94 71417393
70 0 71417393
17 11 71409614
11 13 71407657
11 17 71407657
13 11 71384418
13 11 71383483
63 93 71379904
93 70 71378489
93 123 71378489
93 113 71378489
123 73 71377377
123 81 71377377
123 18 71377377
35 38 71332006
33 13 71330248
33 11 71330248
33 17 71330248
123 73 71322210
38 35 71322201
13 17 71315701
93 113 71313781
13 17 71309238
13 17 71309006
17 13 71303610
123 113 71296864
93 113 71243845
93 113 71242316
93 113 71242029
93 123 71241996
93 113 71236385
93 113 71235759
93 113 71234275
85 81 71051459
11 13 71037687
11 17 71037687
93 113 71033587
93 123 70986367
93 113 70986367
93 113 70985475
93 123 70985118
81 46 70984156
13 17 70980196
11 13 70973776
13 11 70973459
13 17 70973459
93 63 70972704
93 123 70968656
123 93 70962101
13 9 70956141
13 9 70953975
13 17 70953292
70 94 70892074
93 113 70868194
93 63 70860569
13 17 70809629
73 81 70805505
123 113 70768301
103 73 70723448
103 81 70711600
73 88 70695335
11 13 70449782
11 17 70449782
103 73 70445300
35 38 70438541
13 11 70433732
13 11 70433698
13 11 70392843
13 17 70391604
13 17 70391310
13 11 70390346
13 11 70376039
13 17 70376039
93 113 70372014
17 13 70371806
93 113 70368419
13 103 70361606
103 13 70361244
13 103 70348488
93 70 70291572
93 73 70291572
93 123 70291572
93 113 70291572
57 75 70289596
13 11 70287813
113 123 70286161
123 113 70286019
123 113 70284339
103 13 70282773
90 65 70280400
90 86 70280400
113 93 70260981
113 123 70260981
13 11 70258751
13 17 70258751
86 90 70236974
15 9 70206481
13 17 70180680
81 27 70116642
81 70 70116642
81 85 70116642
81 38 70116642
81 36 70116642
11 13 70110572
11 17 70110572
13 17 70110283
13 11 70106076
13 11 70088531
11 13 70085777
93 113 70081719
13 9 69853554
13 17 69853427
13 9 69852882
13 17 69852823
13 11 69852681
13 17 69834971
13 11 69833122
123 104 69738855
123 93 69738367
123 113 69738367
104 123 69662953
123 104 69656566
123 104 69651325
123 113 69651170
123 113 69603608
13 11 69511350
13 17 69486716
15 11 69486628
13 17 69485007
13 17 69483434
13 17 69483118
123 113 69478898
15 13 69474169
15 9 69474169
15 17 69474169
93 81 69250803
11 13 69229779
11 17 69229779
70 73 69066088
70 94 69058307
70 0 69058307
13 11 68966045
13 17 68966045
15 11 68890887
104 113 68881717
13 11 68640753
81 27 68556337
81 70 68556337
70 94 68535062
88 81 68481227
113 73 68055480
113 81 68055480
113 73 68055420
113 81 68055420
113 73 68054940
113 81 68054940
113 73 68037485
113 81 68037485
113 73 68037453
113 81 68037453
13 11 68014090
11 13 68013186
11 17 68013186
88 81 67952160
85 81 67948680
88 81 67719120
90 74 67697915
90 109 67697915
88 81 67686780
13 11 67672512
15 13 67422523
11 13 67414642
11 17 67414642
104 113 67366380
104 113 67330380
36 34 67258387
36 133 67258387
81 73 67091460
81 113 67091460
41 57 67089450
81 70 67073510
81 73 67073510
81 113 67073510
13 11 67072917
81 73 67055460
81 113 67055460
11 13 66805788
11 17 66805788
11 13 66805037
13 11 66802195
90 74 66725412
74 90 66725058
88 81 66685740
103 73 66658398
15 13 66638361
15 17 66638361
13 11 66637810
18 13 66634258
18 11 66634258
18 17 66634258
13 11 66482170
11 13 66457401
11 17 66457401
13 11 66026219
13 11 65965018
13 17 65965018
13 11 65611148
11 13 65595519
11 17 65595519
13 11 65418676
15 13 65369400
13 11 65362595
13 11 65280768
15 13 65279700
11 13 64989756
11 17 64989756
57 41 64740076
57 56 64740076
15 9 64738860
15 9 64424160
11 13 64402612
11 17 64402612
13 11 64393856
13 11 64323701
57 41 64308634
18 33 64252980
18 9 64252980
18 17 64252980
41 7 64212063
18 33 64144440
18 13 64144440
18 17 64144440
81 73 64122360
18 33 64108440
18 13 64108440
18 17 64108440
57 41 63787025
7 41 63784127
7 41 63719801
18 17 63715860
113 73 63707160
113 81 63707160
113 18 63707160
113 73 63689214
113 81 63689214
113 18 63689214
13 11 63639714
13 11 63638827
13 17 63638827
18 33 63547500
18 9 63547500
18 17 63547500
17 13 63539735
17 11 63539735
57 41 63202980
57 41 63201660
57 41 63199500
36 38 63180938
57 41 63166980
57 41 63165660
57 41 63163500
18 33 63113040
11 13 63087946
11 17 63087946
41 115 63019235
57 56 62875260
18 33 62872500
18 9 62872500
18 17 62872500
115 41 62856973
81 73 62856780
57 56 62839260
13 11 62827334
57 41 62608740
57 41 62608020
57 41 62606580
57 41 62601720
11 17 62573010
57 41 62572740
57 41 62572020
57 41 62570580
57 41 62565720
9 81 62506920
9 81 62446620
113 73 62430720
113 81 62430720
57 56 62426160
57 56 62390160
18 9 62349180
104 113 62329080
18 33 62324280
104 113 62324280
18 9 62313180
18 33 62288280
104 113 62282700
81 27 62266560
81 35 62266560
81 85 62266560
81 38 62266560
81 27 62248602
81 35 62248602
81 85 62248602
81 38 62248602
81 36 62248602
104 113 62237820
73 81 62228460
113 81 61998120
57 56 61996320
57 41 61992300
57 41 61989720
104 113 61984680
104 113 61983900
113 73 61976280
113 81 61976280
104 113 61972080
11 17 61966432
113 81 61962120
57 56 61960320
57 41 61956300
57 41 61953720
41 57 61953180
9 18 61951860
18 9 61889160
57 41 61726800
57 56 61726800
57 41 61690800
57 56 61690800
88 81 61660860
38 21 61655040
38 146 61655040
38 39 61655040
38 21 61650660
38 146 61650660
38 39 61650660
88 81 61624860
38 21 61619040
38 146 61619040
38 39 61619040
38 21 61614660
38 146 61614660
38 39 61614660
11 17 61395194
88 81 61393620
57 41 61385520
11 17 61372904
88 81 61357620
57 41 61349520
18 17 61251240
88 81 61231500
88 81 61195500
17 11 61014499
18 33 61004700
18 17 61004700
57 56 60997620
11 17 60756496
57 41 60674340
57 41 60656760
57 41 60655800
88 81 60607080
88 81 60605400
88 81 60571080
88 81 60569400
17 11 60499728
57 41 60493020
57 56 60493020
57 41 60415440
41 57 60415260
41 57 60401640
11 17 60153336
57 56 60065220
88 81 60032460
88 81 59996460
57 41 59953080
57 75 59953080
73 81 59829420
38 146 59812140
88 81 59587620
88 81 59580660
9 13 59553840
9 149 59553840
9 113 59553840
9 18 59553840
9 17 59553840
11 17 59553837
88 81 59548020
88 81 59541060
57 41 59445780
57 41 59442480
57 56 59378220
57 56 59362200
18 88 59328300
18 38 59328300
57 41 59293380
15 11 59216376
11 17 59208589
57 41 59179380
57 75 59179380
11 17 58948337
113 149 58947000
149 113 58928220
149 24 58928220
149 9 58928220
149 90 58928220
94 81 58900020
57 56 58753200
57 41 58697580
57 41 58679400
41 57 58674120
57 41 58657980
41 57 58605000
94 73 58393500
94 81 58393500
11 17 58344970
149 113 58260000
11 17 57994801
149 113 57975180
149 24 57975180
149 113 57972180
149 24 57972180
88 81 57783180
88 81 57746820
88 81 57743580
38 21 57727200
38 146 57727200
57 41 57563940
149 113 57052680
149 24 57052680
88 73 57035040
57 41 57029700
41 57 57029040
57 41 57026820
41 57 57025680
57 41 57025440
57 41 56963880
57 41 56962620
38 21 56934720
38 146 56934720
9 33 56785027
9 17 56785027
11 17 56531016
41 57 56504760
57 56 56445720
149 113 56416680
57 41 56355660
104 113 56278500
149 113 56268840
149 24 56268840
41 57 56246520
11 17 55875240
17 9 55855320
149 113 55832280
11 17 55832040
149 113 55829520
149 24 55829520
149 113 55827360
149 24 55827360
149 113 55813980
149 24 55813980
57 41 55661520
57 56 55655040
57 56 55654860
57 41 55646100
57 41 55645980
41 57 55563000
57 41 55562160
41 57 55558680
9 113 55322940
57 41 55222380
57 56 55222380
41 56 55222380
41 57 55222380
57 41 55221960
57 56 55221960
41 56 55221600
41 57 55221600
149 113 55214040
149 24 55214040
41 57 55147080
41 57 55118160
88 81 55074240
41 57 55032720
113 149 54948000
149 113 54757380
149 24 54757380
11 17 54740280
11 17 54697080
149 113 54630600
149 24 54630600
88 73 54607320
149 113 54603360
149 24 54603360
11 15 54557940
11 15 54514740
41 57 54448620
57 41 54445800
41 57 54445320
57 41 54445020
149 113 54429300
149 24 54429300
11 17 54136080
11 17 54092880
41 57 54089100
81 88 54083640
57 56 54006600
41 57 53994720
11 17 53865000
11 17 53821800
88 81 53757120
88 81 53753820
81 88 53751000
81 88 53750100
81 88 53749500
38 146 53738280
11 17 53498640
41 57 53402100
57 41 53401980
149 73 53314860
149 113 53314860
149 24 53314860
149 9 53314860
57 56 53242800
88 81 52924020
57 41 52810140
41 57 52805280
88 81 52735260
41 57 52710180
149 90 52709460
57 41 52554600
57 56 52554600
9 113 52549920
41 57 52272060
9 18 52208760
9 17 52208760
57 41 52189020
41 57 52125720
41 57 52124820
41 57 52124520
57 41 52124040
41 57 52123260
41 57 52123140
57 41 52111260
41 57 52107240
57 41 52106040
41 57 52095720
113 104 52018980
88 81 52014480
11 17 52012800
41 57 50979540
57 41 50912040
41 57 50911320
57 56 50817600
88 73 50810100
88 81 50810100
149 24 50741700
149 113 50740080
149 9 50740080
149 24 50736540
73 81 50718480
113 73 50550720
113 81 50550720
88 81 50491680
104 33 50315820
104 73 50315820
104 81 50315820
104 18 50315820
104 33 50315700
104 73 50315700
104 81 50315700
104 18 50315700
149 24 50297820
9 18 50296380
9 17 50296380
18 9 50296020
104 33 50291820
104 73 50291820
104 81 50291820
104 18 50291820
9 18 50291760
9 17 50291760
81 94 50280900
9 33 50220000
9 18 50220000
104 33 50217600
104 73 50217600
104 81 50217600
104 18 50217600
104 33 50217540
104 73 50217540
104 81 50217540
104 18 50217540
104 33 50217480
104 73 50217480
104 81 50217480
104 18 50217480
113 149 50214240
81 73 50212320
81 88 50212320
133 34 50202360
149 113 50201700
56 57 50200440
9 33 50199060
9 18 50199060
9 17 50199060
149 109 50196480
149 109 50129100
149 24 50129100
149 9 50129100
149 109 50120580
149 24 50120580
149 109 50120160
149 24 50116620
149 113 50115540
17 11 49875660
18 9 49861140
9 33 49856880
9 18 49856880
9 17 49856880
18 9 49847880
18 9 49846440
88 81 49799760
81 88 49791060
57 41 49790280
81 73 49710840
41 57 49701840
9 33 49687440
9 18 49687440
9 17 49687440
41 57 49685460
57 41 49685220
41 57 49678200
104 73 49676100
9 33 49620180
9 18 49620180
9 18 49613400
9 33 49554420
9 18 49554420
9 17 49554420
41 57 49533540
41 57 49525140
81 73 49274100
149 24 49270500
104 33 49267740
104 73 49267740
104 81 49267740
104 18 49267740
9 17 49260180
18 33 49245600
41 57 49101240
88 81 49022940
81 73 49019700
57 56 49009740
57 41 49005720
149 109 49004700
149 24 49004700
9 33 49001940
9 18 49001940
9 17 49001940
81 73 48998760
81 73 48997260
11 17 48994020
149 109 48993420
149 24 48993420
41 57 48987360
88 81 48931440
88 81 48917460
149 113 48912840
149 24 48912840
74 140 48797700
11 17 48478620
149 113 48403920
149 24 48403920
149 113 48401280
149 24 48401280
88 85 48325080
88 81 48324720
18 9 48303120
11 17 48295380
56 57 48049140
57 41 48043440
41 57 48034980
57 41 47957220
41 57 47892900
41 57 47871300
81 94 47862300
41 57 47860500
94 81 47830440
57 41 47799120
57 56 47799120
81 94 47793000
81 73 47720520
81 73 47715120
41 57 47714460
18 73 47711040
57 75 47710800
57 41 47706660
57 56 47706660
149 63 47457180
149 113 47457180
149 24 47457180
149 113 47375520
149 24 47375520
9 17 47361840
15 11 47258460
149 24 47199060
149 113 47172660
88 73 47118960
41 57 47112900
41 57 47090400
149 113 46773300
149 24 46773300
13 11 46757460
41 57 46744440
41 57 46675680
13 11 46671840
41 57 46660320
41 57 46659240
41 57 46573740
41 57 46565880
41 57 46565640
41 57 46564440
11 13 46497540
41 57 46487700
41 57 46487520
41 57 46486140
41 57 46483800
149 113 46246320
149 24 46246320
149 113 46235160
113 149 46232100
9 13 46228320
9 149 46228320
9 113 46228320
9 18 46228320
9 17 46228320
149 113 46227660
11 17 46224420
149 113 46156020
149 24 46075740
13 11 46051740
57 41 45972300
57 56 45972300
57 41 45968760
57 56 45968760
149 24 45888300
81 88 45884280
57 41 45882660
57 56 45882660
149 24 45876180
41 57 45874740
149 24 45641460
149 113 45637560
41 57 45614880
41 57 45559440
149 63 45556380
149 113 45556380
149 24 45556380
41 57 45537720
38 146 45471900
149 24 45464400
149 24 45452100
57 56 45451560
149 24 45450600
149 24 45377160
38 146 45370020
38 146 45369900
41 57 45362460
149 113 45362160
149 24 45362160
41 57 45356160
149 24 45302640
149 24 45302580
57 56 45276420
149 24 45036540
149 24 45014580
57 41 44954880
41 57 44953980
57 41 44947800
41 57 44935080
38 83 44914920
38 146 44914920
149 24 44855400
41 57 44841300
41 57 44768580
57 24 44760900
57 41 44757300
81 73 44755380
81 88 44755380
41 57 44754840
38 21 44610600
41 57 44419140
149 113 44344080
149 113 44339040
149 24 44339040
41 57 44249880
149 113 44233620
146 38 44093520
57 41 44069220
41 57 44067960
149 113 44061300
149 63 44061000
149 113 44061000
149 24 44061000
149 24 43813080
41 57 43743600
41 57 43728360
41 57 43719660
57 41 43645680
57 56 43645680
41 57 43645080
41 146 43642080
41 57 43628280
73 81 43493700
17 11 43482300
41 57 43473180
41 57 43461780
41 57 43132980
41 57 43123980
41 57 43122720
57 56 43116540
41 57 43027320
41 57 43022700
41 57 42949500
41 57 42872460
57 41 42871620
41 57 42871020
57 56 42857820
149 24 42607800
57 41 42533640
57 56 42533640
149 63 42512520
149 24 42512520
41 75 42451680
41 57 42437580
57 41 42419460
41 57 42418500
63 149 42281400
41 146 42255480
57 56 42246420
104 113 42238560
149 90 42021720
149 24 42015540
149 113 42006360
149 63 41995260
149 113 41995260
149 24 41995260
57 41 41993160
9 113 41933220
57 41 41909340
57 41 41909160
41 57 41907240
41 57 41907180
57 41 41906940
41 57 41843760
57 41 41824440
41 57 41822640
149 113 41815860
149 24 41768520
41 57 41757420
57 41 41757060
41 57 41754960
41 57 41753460
41 57 41751000
9 11 41745660
9 17 41745660
146 41 41738460
41 146 41737140
41 57 41729280
41 57 41729220
41 57 41726880
41 146 41393340
146 41 41392620
41 146 41388120
41 57 41308740
41 57 41293800
149 24 41239020
149 113 41222340
38 83 41217480
38 146 41217480
9 33 41215260
9 15 41215260
9 13 41215260
9 11 41215260
9 18 41215260
9 17 41215260
41 57 41213160
149 113 41183040
149 24 41183040
149 24 41140860
41 57 41056740
57 41 41043960
113 104 40809480
57 56 40789080
41 57 40775400
41 57 40689780
41 57 40687320
88 81 40619940
38 21 40617900
38 83 40617600
38 146 40617600
38 21 40617300
41 57 40535280
57 41 40456440
57 41 40454340
73 38 40454160
57 41 40440240
41 57 40438500
41 57 40437300
41 57 40432440
41 57 40374180
88 75 40207380
15 11 40197000
41 57 40185360
57 41 40180680
41 57 40179960
149 24 40107180
149 24 40106640
41 57 40099740
38 83 40026060
38 146 40026060
149 113 40016640
57 41 39941520
57 56 39941520
38 146 39934500
38 83 39859560
57 56 39832500
57 41 39832320
41 57 39829740
41 57 39828540
57 41 39828180
57 41 39827280
41 57 39826380
41 57 39589140
57 56 39573480
41 57 39563880
41 57 39504960
88 75 39418980
13 11 39310320
13 17 39310320
57 41 39249000
41 57 39248880
57 41 39247560
41 57 39247440
57 41 39245940
57 41 39245040
41 57 39244980
41 57 39237900
57 41 39234660
41 57 39234240
41 57 39229440
11 9 39223500
17 11 38893740
57 41 38882280
41 57 38876700
9 15 38802960
9 13 38802960
9 11 38802960
9 18 38802960
41 57 38787600
57 41 38645640
57 56 38645640
57 41 38642520
57 56 38642520
57 56 38638140
9 13 38573460
9 149 38573460
9 113 38573460
9 18 38573460
9 17 38573460
133 34 38384160
11 17 38301360
57 41 38279520
57 41 38191980
41 57 38190360
57 41 38184720
57 56 38123400
149 113 38099340
41 57 37769340
41 57 37768320
41 57 37677480
57 41 37675620
57 56 37675620
41 57 37595940
9 18 37593360
9 17 37593360
57 41 37588320
57 24 37502040
149 24 37429560
38 81 37007100
41 57 37005420
57 41 37005240
41 57 37004580
41 57 36999060
41 57 36900300
41 57 36899040
41 57 36490920
57 56 36471660
41 57 36369780
41 57 35961660
57 41 35961360
41 57 35961000
41 57 35960700
73 81 35958000
41 57 35953920
41 57 35784120
41 57 35765760
41 57 35694720
57 41 35685660
104 73 35103360
9 113 35008260
9 18 35008260
113 149 34756500
57 56 34738800
41 57 34738800
41 57 34489440
41 57 34488840
57 41 34389180
81 88 34382580
41 57 34056300
41 57 34052760
57 41 33961740
73 81 33870120
88 81 33811320
41 57 33357420
146 81 33290040
146 81 32834340
9 13 32789760
9 149 32789760
9 113 32789760
9 18 32789760
9 17 32789760
41 57 32571420
41 57 31962540
146 81 31545600
9 113 31473900
88 81 31369200
41 57 31354860
41 57 30752760
149 113 30497220
41 57 30150240
41 57 29137680
41 57 28949220
41 57 28359660
41 57 28333320
41 57 27997380
41 57 27729300
41 57 27728880
81 73 27422100
41 57 27408900
41 57 27404280
41 57 27304620
41 57 27135240
41 57 27129720
88 73 26636280
38 21 26618040
41 57 26608140
41 57 26553180
41 57 26538300
41 57 26292240
9 18 25494840
9 17 25494840
88 73 25423500
81 73 25346580
81 35 25346580
81 146 25346580
81 38 25346580
41 57 25323720
9 18 24907860
81 73 24796680
81 73 24795660
81 73 23874600
41 57 23782500
88 73 23101440
41 57 23090880
41 57 23008680
41 57 23006160
149 113 22983180
41 57 22914420
41 57 22463820
149 113 22372980
41 57 21362340
41 57 21254880
94 33 21172920
41 57 21105480
41 57 21101160
88 81 20852520
41 57 20820480
88 41 20153700
88 73 20153700
88 56 20153700
41 57 19869840
88 41 19034880
41 57 18680700
149 113 18332580
149 113 18259800
149 113 18227340
149 113 17491440
104 18 8380200
81 73 6325860
81 73 5029500
