0 3 98277034
3 4 97580951
3 5 97580951
1 2 97318911
4 1 96208528
0 2 94536423
4 1 90910852
1 4 90822888
1 4 90747232
8 9 90676891
13 14 90675072
13 14 90675017
13 14 90674878
13 14 90674853
13 14 90674823
13 14 90657092
1 4 90653863
15 11 90647173
8 14 90408061
8 9 90408061
0 3 90398430
1 7 90396937
11 16 90395748
18 14 90392693
1 4 90334704
0 2 90331835
13 17 90329722
15 16 90309615
1 7 90309170
15 13 90306360
12 15 90239740
4 2 90227549
13 17 90156049
15 16 90150043
3 2 90131564
19 17 89811203
11 16 89789208
1 20 89731765
2 3 89726208
1 4 89718715
2 3 89704385
7 1 89701063
1 4 89644253
7 4 89630117
0 2 89623042
1 7 89612644
17 8 89548148
10 13 89473036
10 12 89473036
17 13 89472410
13 8 89472341
11 16 89469150
14 13 89458878
6 10 89216360
2 0 89213457
2 3 89213457
8 13 89209692
1 4 89208330
13 17 89200545
24 25 89192459
11 8 89184708
11 17 89184708
1 21 89181598
1 21 89180657
1 7 89121932
8 15 89120075
2 3 89042626
1 7 89019955
2 3 89016522
1 21 89011041
19 9 89004356
13 8 88951540
13 17 88951540
11 14 88933902
13 16 88867878
19 9 88867739
1 4 88866031
3 2 88846088
8 9 88840505
14 11 88837878
13 8 88607282
11 6 88601015
6 11 88600678
17 13 88584870
17 18 88584870
17 11 88581385
26 27 88532323
26 31 88532323
13 14 88510669
1 4 88499619
9 19 88496960
2 0 88419516
6 15 88417822
1 4 88352355
1 4 88351892
17 8 88348935
8 17 88345725
17 8 88338911
8 17 88321590
8 17 88263859
4 1 88250949
23 8 88245879
23 8 88243700
8 23 88243575
19 13 88006415
19 8 88006415
19 9 88005786
1 4 87982533
1 4 87981495
9 19 87974688
11 16 87974539
8 17 87917530
0 3 87906644
16 14 87745230
16 10 87745230
35 38 87734436
13 15 87708649
6 15 87397941
17 6 87396834
2 0 87391888
14 15 87387803
17 8 87380836
3 2 87378017
2 3 87375266
9 19 87367950
9 19 87310435
17 8 87298222
17 16 87298222
11 14 87283793
11 13 87283420
11 8 87283420
11 17 87283420
8 17 87227241
8 23 87227241
10 14 87217028
20 23 87132253
46 35 87131901
20 9 87129267
20 23 87129267
23 9 87129043
23 9 87125442
8 13 87111567
12 8 87050971
49 43 87022899
13 19 86796411
19 9 86794527
20 23 86780934
13 17 86773362
11 16 86767156
14 13 86708120
20 8 86700979
10 13 86693841
10 12 86693841
20 8 86685832
20 23 86680591
30 60 86679590
61 27 86640157
61 59 86640157
61 51 86640157
61 52 86640157
61 72 86640157
61 55 86640157
61 75 86640157
61 77 86640157
61 78 86640157
61 84 86640157
61 44 86640157
61 69 86625757
61 46 86625757
61 54 86625757
61 57 86625757
61 83 86625757
61 85 86625757
61 36 86625757
61 58 86625757
88 81 86620802
90 72 86619818
90 74 86619818
61 26 86619549
92 66 86619374
29 91 86615389
89 26 86615140
61 81 86612324
81 28 86610963
81 93 86610963
81 71 86610963
81 84 86610963
61 38 86607847
61 77 86605149
40 29 86600978
81 85 86596563
3 2 86595239
3 0 86595239
49 96 86593345
61 73 86556305
81 73 86550104
81 30 86550104
81 43 86550104
81 60 86550104
81 25 86550104
26 70 86546943
26 30 86542849
61 77 86541905
81 70 86539725
81 55 86539725
77 62 86537452
81 25 86535704
81 44 86535704
2 3 86534290
94 70 86532076
41 57 86526522
30 44 86519521
0 66 86518244
6 13 86514625
11 17 86509768
40 39 86508055
20 12 86507007
1 4 86505935
42 49 86505799
0 71 86505768
0 30 86505768
1 21 86503428
81 73 86457418
38 35 86450498
71 58 86448387
71 44 86448387
13 17 86444926
49 51 86441567
49 43 86441567
38 35 86433920
36 53 86427956
36 54 86427956
36 43 86427685
81 61 86427082
57 41 86425196
36 53 86423497
36 53 86423491
36 80 86423393
14 8 86420670
8 14 86419740
82 3 86418822
81 88 86417987
26 73 86280708
81 93 86275512
71 37 86265309
71 26 86265309
81 44 86254411
81 73 86254108
81 26 86201553
26 81 86200166
81 93 86196287
81 85 86196287
81 89 86196287
81 73 86196162
13 11 86189099
13 17 86189099
26 89 86179338
92 66 86176262
93 26 86169976
81 73 86167602
36 52 86166119
36 25 86166119
11 13 86165421
11 14 86165421
11 16 86165421
13 16 86165332
92 66 86163383
92 87 86163383
96 97 86159081
97 96 86159013
2 0 86103796
88 89 86103683
6 14 86102778
2 0 86100603
0 66 86100078
0 26 86100078
36 61 86097833
38 47 86093707
97 96 86093253
0 27 86086157
0 30 86086157
0 89 86086157
62 64 86083100
14 11 86082945
14 11 86080299
28 26 86079328
76 28 86078348
36 26 86070464
97 91 86069646
26 93 86012109
93 26 86010242
90 74 86009240
90 86 86009240
30 60 86005320
97 49 86003714
93 28 86001535
0 66 86000691
0 26 86000691
10 12 86000643
14 8 85996722
13 17 85992009
93 28 85989930
26 93 85989679
0 98 85989633
0 89 85989633
36 61 85988762
93 71 85986855
1 21 85986140
67 90 85973154
67 90 85947717
25 43 85945301
25 38 85945301
97 96 85931821
49 78 85928500
0 66 85925518
92 87 85923686
92 87 85909286
89 88 85902601
81 93 85893564
81 70 85892517
70 81 85847490
93 28 85845780
93 28 85844659
26 93 85841530
26 30 85841230
30 27 85838991
30 25 85838991
30 38 85838991
97 96 85838260
58 3 85836692
97 25 85834645
13 14 85834634
93 81 85833134
97 96 85826516
36 96 85823413
96 97 85818618
96 97 85818586
81 73 85808322
81 26 85808322
96 97 85580924
19 9 85580044
66 92 85574893
96 97 85563782
0 26 85510054
81 103 85472290
103 81 85471992
11 8 85470904
77 62 85468400
38 25 85404756
25 36 85403049
103 81 85394480
10 13 85393740
10 17 85393740
62 77 85385854
0 26 85335502
0 87 85335502
104 108 85326926
25 56 85324057
13 17 85315698
81 44 85313794
11 14 85298019
15 13 85289472
109 84 85249565
81 36 85242353
81 36 85240813
81 36 85238453
81 93 85220635
81 93 85128782
26 30 85126110
87 66 84993761
0 66 84993197
0 26 84993197
81 36 84983761
81 36 84982269
10 14 84979478
10 12 84979478
26 81 84979035
8 13 84970397
8 17 84970397
12 10 84969430
11 16 84969350
11 17 84969350
12 11 84969198
61 106 84968741
97 96 84968504
97 49 84967279
103 98 84965495
13 16 84953499
13 11 84947325
11 17 84945340
0 71 84907671
0 37 84907671
0 2 84907671
89 49 84903771
2 0 84894587
13 17 84892516
13 17 84891174
87 66 84885750
25 36 84883187
10 12 84867349
9 12 84864911
0 66 84820190
0 71 84820190
0 3 84820190
0 44 84820190
104 105 84811762
104 61 84811762
104 108 84811762
93 73 84809776
104 108 84803774
6 13 84803766
6 12 84803766
26 73 84799961
26 89 84798599
96 97 84795390
40 111 84785354
40 83 84785354
89 68 84785178
12 10 84778311
3 0 84776313
26 81 84724726
4 2 84722167
49 97 84709071
58 95 84708969
49 91 84702574
25 36 84700411
59 100 84693929
0 71 84648246
6 15 84634352
17 6 84631302
0 37 84629378
80 46 84621358
13 14 84621049
13 11 84621049
13 14 84612698
14 8 84612162
9 12 84611631
13 17 84610187
49 97 84608002
15 13 84607913
38 47 84607080
19 15 84600616
19 13 84600616
19 16 84597519
19 9 84597519
19 14 84543684
0 66 84383393
0 4 84383393
104 88 84375788
13 17 84374128
104 106 84369530
96 97 84369314
115 52 84368734
104 108 84367795
11 8 84353707
81 44 84351581
96 36 84351369
97 25 84349981
97 49 84346851
88 81 84297106
89 0 84291439
97 49 84283010
93 81 84282855
81 116 84281435
104 106 84280283
104 18 84280283
104 108 84280283
49 96 84279976
13 16 84275629
19 16 84273966
74 72 84273829
70 81 84268343
0 3 84265643
13 10 84264375
91 95 84263749
10 14 84263510
17 13 84261017
13 16 84260938
14 13 84260502
9 19 84257774
82 3 84203026
3 82 84197506
26 81 84191615
49 97 84184230
104 106 84176069
104 107 84176069
104 18 84176069
0 37 84123152
0 4 84123152
0 3 84123152
81 70 84116591
81 111 84116591
81 36 84116591
81 89 84116591
13 17 84115661
26 71 84094266
49 91 84091172
49 97 84091172
81 108 84085212
81 44 84030673
13 11 84026877
49 97 84023861
68 26 84021462
104 107 84019464
104 108 84019464
81 88 84018897
26 68 84014068
49 25 84003917
13 14 84002626
104 70 83993921
104 61 83993921
104 18 83993921
88 81 83830802
104 105 83764727
104 18 83764727
13 17 83763279
81 107 83761729
81 88 83761729
97 96 83757435
49 97 83756151
49 96 83756023
0 3 83753427
13 14 83741000
13 16 83741000
81 88 83740139
44 81 83690196
85 111 83686450
85 36 83686450
13 33 83683796
3 2 83681536
2 3 83680443
62 68 83676265
41 7 83675804
97 96 83674904
97 49 83674904
81 36 83673480
81 36 83668778
19 15 83662832
52 41 83662086
49 91 83659403
81 88 83655495
86 72 83619369
88 81 83604604
81 52 83603809
81 38 83603809
0 71 83603438
44 81 83601866
81 44 83601482
18 106 83599226
38 25 83590812
41 50 83588231
66 92 83586040
90 72 83578044
88 73 83576378
90 72 83575560
90 117 83571549
90 102 83571549
90 118 83571549
49 97 83570664
71 81 83568517
13 16 83568488
13 11 83568345
93 27 83568067
81 71 83567176
81 107 83566001
26 31 83431026
19 15 83416476
104 105 83415524
104 61 83415524
104 18 83415524
20 33 83414792
90 72 83412342
81 52 83410003
81 43 83410003
81 38 83410003
81 89 83410003
81 88 83407251
94 81 83397670
96 97 83396751
97 96 83396699
33 17 83391806
20 17 83158265
13 22 83157851
13 10 83157851
13 10 83156915
10 13 83156530
10 20 83156530
81 82 83151487
19 33 83144562
20 33 83139314
11 8 83137309
11 14 83137309
0 71 83089472
0 26 83089472
0 2 83089472
0 3 83089472
81 77 83079062
81 36 83079062
10 11 83078539
0 71 83065583
25 77 83064111
25 75 83052645
25 42 83052645
25 101 83052645
3 0 82973662
4 5 82972407
26 27 82796547
26 30 82616767
11 13 82540554
93 123 82463979
0 3 82455377
94 81 82390573
124 120 82384511
41 96 82363833
35 46 82363674
95 55 82363613
122 56 82355960
44 81 82309698
13 17 82305869
49 91 82274600
49 97 82274600
97 91 82274399
49 91 82273582
97 41 82271279
33 20 82269340
23 18 82216221
104 105 82207419
104 123 82207419
104 106 82207419
104 107 82207419
124 78 82204650
78 124 82204528
112 11 82191598
71 26 82016328
66 87 81948626
120 124 81943584
120 85 81943524
40 95 81931096
91 49 81863878
119 120 81862366
97 91 81854824
97 49 81854824
49 91 81852634
22 4 81849429
81 109 81848963
120 119 81848475
122 121 81848103
0 82 81843426
125 25 81842223
125 122 81842223
8 17 81838631
112 93 81772159
112 123 81767892
17 8 81765828
9 23 81762753
93 112 81760491
120 124 81760392
93 71 81759544
9 11 81757537
10 22 81754888
77 64 81678132
19 9 81674369
13 10 81670479
10 16 81613116
85 25 81612892
8 33 81608314
78 37 81593178
13 8 81590118
98 32 81589564
13 14 81587933
40 79 81587670
40 83 81587670
81 98 81586854
81 111 81586854
81 36 81586854
81 108 81586854
81 88 81528982
97 49 81357787
20 16 81333639
20 10 81333639
55 111 81329732
88 81 81328871
9 20 81327920
33 73 81325683
33 18 81325683
14 10 81323037
14 17 81323037
14 12 81323037
25 81 81318636
123 5 81318189
81 25 81276813
112 113 81267967
112 113 81265099
33 20 81263688
91 95 81261175
33 18 81259797
97 41 81259137
97 75 81259137
97 57 81259137
78 100 81250346
11 13 81244163
49 51 81231515
49 75 81231515
49 101 81231515
123 70 81166320
123 105 81166320
93 123 81157294
93 113 81157294
58 82 81085864
58 95 81078773
58 111 81078773
98 32 81078407
19 13 81067910
33 18 81065839
58 44 81064280
81 36 81062131
40 95 81056168
19 20 81056049
97 21 81020376
97 127 81020376
91 95 81012296
91 79 81012296
11 8 81003248
11 16 81003248
11 10 81003248
81 123 80977667
10 12 80975304
40 95 80974636
49 43 80973387
49 25 80973387
93 113 80931607
106 70 80920573
85 55 80917748
29 81 80893131
93 113 80821194
9 19 80755569
113 112 80745838
11 13 80722118
11 17 80722118
62 35 80718805
58 44 80716613
61 70 80714180
61 81 80714180
91 111 80665227
91 83 80661137
124 120 80657700
94 88 80655967
94 88 80655939
92 66 80655150
40 79 80654247
10 22 80652060
10 13 80652060
10 19 80652060
43 42 80650184
92 87 80640750
13 11 80639849
35 38 80639101
33 22 80638959
33 20 80638959
129 81 80634165
9 19 80631183
2 71 80577666
2 26 80577666
91 83 80575423
25 101 80557033
10 11 80555906
13 14 80547416
94 88 80498397
20 22 80489875
4 71 80489476
78 111 80489335
91 83 80488177
71 81 80484889
91 40 80483779
20 33 80480808
19 13 80476081
0 44 80473899
37 131 80468042
20 9 80463968
20 23 80462994
22 20 80462929
81 44 80461526
10 14 80458801
81 107 80454684
129 70 80453043
20 23 80450031
92 87 80411462
111 78 80405420
10 14 80401793
23 17 80401667
91 111 80400360
91 40 80400360
91 79 80400360
23 20 80400000
23 20 80399319
18 23 80397961
23 20 80397813
1 21 80397457
92 87 80397062
49 97 80394415
11 20 80393679
6 23 80393637
82 55 80386728
20 23 80385412
25 49 80384155
25 56 80383276
112 93 80382788
37 78 80381905
95 111 80380500
17 11 80380086
82 71 80379945
8 23 80378574
20 23 80374611
105 104 80374504
23 20 80374464
17 11 80374451
11 20 80368624
49 75 80367252
111 29 80324813
20 11 80208879
20 23 80208879
33 20 80159942
20 33 80136969
49 75 80128801
49 57 80128801
112 93 79968068
2 44 79962777
20 17 79961691
20 23 79961691
9 20 79961004
78 111 79959572
112 93 79958780
78 25 79955720
20 22 79953139
0 55 79952432
82 71 79951917
20 9 79947160
11 17 79943077
120 124 79942336
124 85 79941679
82 0 79940311
82 2 79940097
82 0 79940097
82 58 79940097
82 44 79940097
9 23 79940001
113 123 79939873
111 38 79937366
123 106 79894582
49 51 79894264
49 101 79894264
66 87 79890820
123 73 79886872
91 111 79886487
91 83 79886487
25 75 79886377
25 56 79886377
25 43 79886377
25 49 79886377
25 101 79886377
58 44 79885754
44 3 79885697
10 8 79883105
101 25 79882385
101 85 79882385
9 19 79877181
20 33 79876200
82 44 79874320
93 81 79871097
93 113 79871097
57 75 79869572
46 83 79868884
25 51 79866990
25 56 79866990
25 101 79866990
25 121 79866990
8 10 79863378
8 17 79863378
10 13 79862304
10 8 79862304
10 12 79862304
17 13 79862076
23 20 79860342
17 23 79858643
9 33 79856935
17 10 79855195
78 85 79853599
20 33 79853498
111 91 79853133
122 25 79849827
29 111 79847397
29 38 79847397
113 93 79844385
112 113 79807228
91 95 79805276
93 113 79800294
25 49 79798919
25 51 79798118
25 101 79798118
25 121 79798118
58 82 79797122
82 71 79797117
82 58 79797117
19 9 79796107
2 0 79794582
61 18 79794451
61 81 79790051
61 18 79790051
78 101 79789202
78 85 79789202
41 50 79788386
25 51 79788050
124 119 79781432
41 115 79779007
41 115 79778805
115 41 79778687
85 120 79776806
2 82 79776287
112 93 79776158
111 78 79775928
93 112 79774737
17 22 79774079
17 13 79774079
58 3 79773579
20 22 79773390
20 9 79773390
93 113 79772750
112 113 79771636
112 93 79770895
20 23 79770788
112 113 79770395
49 120 79769613
10 12 79769561
83 40 79769213
17 33 79767928
78 111 79765300
19 9 79760370
94 70 79698564
20 23 79681162
14 10 79540155
14 17 79540155
13 10 79536464
123 104 79534603
8 10 79533213
82 37 79532574
82 55 79532574
123 73 79529498
113 73 79528966
113 81 79528966
95 111 79528068
41 75 79523428
41 7 79523012
41 97 79523012
11 17 79519221
11 16 79517909
124 119 79515149
55 82 79514985
49 78 79514677
49 85 79514677
49 24 79514677
40 91 79514369
37 78 79506826
25 43 79467614
55 82 79455335
19 15 79451435
82 71 79448723
93 113 79445938
132 73 79442656
111 78 79442648
17 13 79442563
16 8 79441015
70 44 79440127
25 101 79439591
8 13 79438728
123 73 79438484
23 17 79436690
88 36 79435573
13 11 79434426
13 17 79433940
20 23 79430949
52 41 79430776
13 14 79430242
120 85 79429308
28 100 79428537
120 85 79425491
120 124 79425491
37 131 79424776
93 112 79420873
11 13 79417646
97 38 79367623
97 48 79367623
93 112 79365428
129 73 79365316
6 13 79361721
6 17 79361721
6 8 79360509
97 91 79356492
132 46 79356486
3 58 79355277
123 73 79353588
73 133 79352266
25 57 79350960
112 93 79349137
124 120 79347087
119 56 79345979
71 82 79345540
23 20 79345367
126 38 79345231
82 71 79344609
71 82 79344007
28 89 79340691
113 112 79340611
14 11 79340409
17 10 79340011
58 82 79338845
2 0 79338606
91 49 79335132
97 91 79335054
10 16 79334042
20 23 79333207
42 43 79332238
20 22 79330145
28 93 79328058
13 14 79283577
97 35 79281939
97 39 79281939
97 35 79280961
81 80 79278944
91 83 79277841
25 62 79274691
40 29 79274087
120 85 79272179
23 17 79269992
82 55 79269883
112 93 79267393
78 37 79265862
40 79 79262019
40 29 79260216
40 79 79260216
49 121 79259713
97 96 79259356
97 49 79259260
131 3 79259153
0 2 79257875
0 3 79257875
0 58 79257875
23 17 79256557
112 113 79255364
46 111 79255273
111 81 79252918
2 0 79250630
93 113 79249249
132 79 79248365
61 18 79245441
61 81 79244892
61 18 79244892
49 43 79244333
49 42 79244333
49 121 79244333
97 47 79195684
97 35 79195684
10 13 79188387
25 49 79183791
112 93 79183298
20 23 79179134
25 36 79175418
70 37 79171641
70 4 79171641
70 82 79171641
70 94 79171641
70 0 79171641
82 2 79170262
82 3 79170262
82 58 79170262
82 0 79170175
68 69 79169972
119 56 79168266
119 124 79168266
17 8 79164372
120 85 79163714
49 25 79159407
93 112 79159387
61 18 79158031
20 18 79095916
66 87 78932927
66 92 78932927
88 61 78930452
1 126 78923349
23 20 78920987
93 9 78919040
20 22 78918495
131 37 78911330
131 124 78911330
93 113 78910425
93 113 78908917
20 22 78903812
93 113 78898437
123 108 78845242
91 83 78843914
91 95 78843878
91 111 78843878
55 82 78842603
23 20 78842145
41 57 78842060
97 41 78839948
82 55 78839775
95 111 78838138
40 111 78835416
40 79 78835416
93 113 78833032
3 82 78830691
112 93 78827589
49 43 78810930
49 25 78810930
81 111 78764963
61 33 78763814
61 70 78763814
61 104 78763814
61 108 78763814
82 58 78760156
18 33 78759904
18 20 78759904
91 95 78758059
111 83 78756450
78 85 78752790
93 113 78749015
20 22 78743044
20 23 78738693
78 101 78735746
78 25 78735746
8 17 78735737
33 18 78734254
103 18 78731902
20 23 78731662
9 15 78729955
2 58 78729789
0 3 78729050
19 22 78727271
29 91 78727269
93 113 78725755
40 35 78723404
40 79 78722611
16 13 78690016
91 79 78675034
82 2 78673113
19 13 78672057
19 9 78672057
82 131 78671749
119 124 78671420
16 8 78670731
120 124 78668675
120 124 78665601
82 3 78665121
82 58 78665121
16 17 78664200
2 58 78661822
2 58 78661729
71 69 78660352
120 124 78660163
78 111 78656325
82 2 78655521
2 58 78654328
50 41 78653084
112 93 78652879
10 22 78648254
100 59 78648221
20 23 78646817
49 122 78639787
19 9 78636109
2 3 78594052
2 58 78594052
91 95 78591361
91 40 78591361
91 79 78591361
108 81 78590979
93 113 78586447
82 2 78586287
20 23 78578907
112 85 78574623
13 17 78572982
39 35 78572365
25 57 78569132
120 124 78566970
119 120 78564958
113 93 78563750
58 0 78563197
58 0 78563146
58 0 78563016
44 81 78561666
97 96 78560967
0 58 78559882
81 44 78558794
85 31 78556302
97 49 78554728
55 82 78394082
112 93 78330455
112 123 78330455
112 93 78328321
2 55 78323443
111 78 78323368
8 13 78322425
91 97 78320991
25 75 78320201
25 121 78320201
58 44 78319082
44 2 78313724
14 13 78313142
132 41 78311870
11 13 78311446
11 14 78311446
129 107 78309401
111 95 78306326
112 93 78306084
112 85 78306084
111 95 78305897
85 120 78298841
2 55 78296247
95 111 78295322
95 111 78293275
93 113 78252771
13 8 78245143
13 17 78244250
91 40 78243059
8 16 78238702
93 113 78236118
19 13 78231409
113 112 78227303
85 120 78225619
94 103 78222351
82 55 78220049
58 111 78219888
79 29 78219001
95 111 78218560
53 95 78213537
1 21 78213186
25 49 78212628
72 90 78207225
105 70 78157670
23 33 78149655
100 59 78148253
58 44 78146441
20 22 78144833
25 85 78144801
112 85 78139357
95 53 78134470
8 17 78134183
103 94 78131284
25 52 78127518
82 55 78127288
82 71 78125699
111 53 78124981
13 11 78123246
113 93 78122156
113 123 78122156
20 18 78121518
49 46 78120760
49 21 78120760
66 87 78082445
2 55 78076653
97 99 78073826
93 113 78065744
93 112 78064981
93 112 78062522
3 2 78057240
66 92 78055819
20 18 78052979
82 37 78050078
41 97 78041914
82 58 78041817
17 8 78041543
97 99 77986650
90 117 77985901
126 1 77984169
91 83 77981811
5 105 77980678
5 107 77980678
113 123 77980607
97 53 77977628
106 123 77976855
82 2 77975332
40 95 77974328
14 11 77970341
3 131 77967773
44 94 77966536
6 13 77965420
6 12 77965420
2 82 77961804
120 124 77957017
96 97 77956693
17 23 77956128
90 135 77954576
90 86 77954576
85 112 77954316
120 124 77953694
19 13 77952768
93 113 77949892
93 5 77949892
20 23 77947210
20 22 77944597
19 9 77943595
25 122 77894997
25 56 77894078
25 52 77882212
86 135 77783744
88 49 77724776
88 89 77724776
58 3 77721828
58 44 77721828
92 87 77721361
92 74 77719978
0 3 77718494
25 42 77716751
25 101 77716751
25 121 77716751
25 136 77716751
120 56 77716496
129 81 77715642
70 5 77713828
85 120 77713007
82 3 77712959
70 44 77712376
120 85 77711633
113 93 77710791
5 70 77709615
14 8 77708078
123 104 77706510
85 120 77703818
117 74 77703472
74 90 77703471
5 70 77697040
36 111 77696199
36 38 77696199
1 126 77696168
80 131 77695157
131 37 77691059
92 130 77690211
80 131 77684290
43 52 77631874
90 65 77631064
90 102 77631064
90 86 77631064
20 23 77630642
91 49 77630543
101 56 77630124
85 112 77629937
58 82 77629643
82 58 77628243
58 82 77627882
132 52 77624746
82 58 77622105
93 112 77620073
9 33 77611649
14 10 77609207
129 107 77606292
8 13 77606057
33 17 77605417
112 93 77604784
81 85 77601679
81 85 77601613
18 33 77599933
18 17 77599933
123 106 77562028
81 123 77556759
93 113 77554876
86 135 77554560
86 72 77554560
9 19 77553553
93 113 77553403
105 17 77550332
22 33 77549019
20 23 77545904
9 19 77545888
44 2 77545633
86 65 77543760
86 102 77543760
14 13 77540623
58 0 77535237
23 13 77533366
13 23 77531884
81 29 77531508
62 42 77531116
62 31 77531116
22 5 77528693
40 111 77522671
40 83 77522671
46 73 77521018
112 85 77520604
13 14 77519975
13 11 77519975
13 16 77519975
85 120 77518574
85 112 77516837
2 3 77464532
112 93 77464269
22 105 77464020
13 14 77461251
112 93 77460715
112 5 77459701
22 5 77454635
23 20 77453687
0 2 77451792
0 58 77451792
0 82 77451304
42 43 77450080
44 94 77447461
0 55 77446964
129 81 77444791
37 131 77443859
6 13 77436901
91 97 77436624
124 120 77434873
90 65 77382200
90 86 77382200
25 42 77379563
25 57 77379563
25 122 77379563
104 61 77376049
25 75 77373032
25 42 77373032
25 57 77373032
4 71 77370813
14 13 77370488
113 112 77369972
2 3 77367826
112 113 77367717
36 111 77364582
36 38 77364582
0 82 77364485
0 58 77364485
58 0 77364437
3 82 77361681
3 44 77361681
112 93 77361084
46 111 77360610
94 5 77360118
91 97 77360111
0 58 77359848
112 93 77359824
70 44 77359465
23 33 77359181
23 17 77359181
6 13 77357208
98 28 77354779
13 14 77351977
13 11 77351977
13 6 77351208
120 93 77350347
120 37 77348600
2 82 77347457
2 0 77346541
58 82 77345475
93 113 77344299
29 111 77337836
66 87 77284129
55 78 77188592
13 14 77186619
13 12 77185901
112 93 77178142
112 85 77121306
91 111 77113163
91 79 77113163
14 10 77112855
90 72 77112767
90 102 77110271
123 105 77109928
0 58 77108491
0 58 77106517
113 93 77105298
113 123 77105298
75 51 77102862
8 16 77092111
90 135 77092064
82 55 77090301
82 3 77090301
112 123 77085131
11 16 77084251
112 93 77046621
51 56 77038755
13 11 77030994
13 14 77030873
13 11 77030873
91 40 77029827
58 0 77028770
23 20 77027419
35 48 77023215
75 51 77021305
51 75 77019536
13 23 77008498
37 124 77007089
89 91 77005187
105 106 77005079
131 80 77003443
13 14 76999918
29 40 76997900
33 20 76996804
56 51 76992729
20 33 76990889
70 71 76945625
70 5 76945625
2 0 76944220
91 40 76942048
37 85 76941249
90 72 76940513
90 86 76940513
112 93 76935335
113 123 76934803
55 78 76934613
3 55 76932233
3 82 76932233
131 37 76928322
83 46 76922468
56 42 76921836
56 25 76921667
25 75 76920803
25 43 76920803
25 42 76920803
25 57 76920803
25 75 76918749
25 122 76918749
113 123 76917441
85 25 76916275
14 20 76914294
112 93 76912942
122 125 76907251
20 13 76906030
37 85 76860896
37 124 76860896
37 85 76859835
37 124 76859835
91 79 76858299
113 123 76855022
23 17 76853391
37 120 76849119
25 43 76844231
100 59 76843902
13 14 76840241
90 72 76837164
22 16 76836033
23 20 76834901
82 2 76833543
29 81 76830018
120 124 76828787
29 81 76828776
37 120 76828500
13 14 76827011
78 55 76825300
41 97 76821456
81 113 76771685
131 80 76771122
20 23 76771113
91 95 76770830
91 111 76770830
112 93 76768068
113 81 76767138
112 113 76766042
120 56 76763732
122 101 76762277
26 71 76762132
37 120 76756484
25 42 76754700
25 57 76754700
120 119 76749224
14 17 76746667
25 85 76744892
75 56 76744277
75 25 76744277
2 82 76737834
2 82 76737653
49 97 76735774
15 9 76732891
5 94 76680877
26 27 76606490
42 43 76574076
42 25 76574076
91 95 76508642
120 37 76505283
136 91 76504108
136 51 76504108
136 79 76504108
136 85 76504108
117 90 76502795
42 25 76501212
85 43 76494602
25 43 76488855
19 9 76483723
25 75 76482328
25 43 76482328
25 57 76482328
25 136 76482328
11 13 76482166
25 75 76480925
25 56 76480925
25 42 76480925
93 113 76478480
18 73 76476431
13 14 76427202
97 91 76426585
13 19 76421695
125 57 76412553
125 25 76412553
125 36 76412553
88 36 76411863
3 55 76411512
3 44 76411512
112 123 76407003
78 111 76406300
78 114 76405047
91 40 76402406
92 117 76402161
55 58 76401792
93 112 76401459
2 82 76400579
111 83 76400575
122 125 76397119
2 82 76394750
93 112 76389388
93 5 76389388
25 56 76354018
91 95 76337562
120 55 76335027
40 35 76334987
40 48 76334987
9 33 76332130
8 23 76331480
13 14 76330351
129 111 76329965
92 66 76327191
92 87 76327191
23 17 76326572
25 38 76324491
58 2 76323881
58 0 76323881
19 11 76323500
93 5 76323206
88 55 76320476
33 20 76315805
122 25 76310978
25 75 76310392
25 101 76310392
81 85 76307681
19 13 76305663
123 113 76304315
93 5 76257159
3 2 76252737
91 111 76251463
91 79 76251463
123 43 76247739
131 78 76239170
112 93 76227971
23 8 76226457
23 33 76226424
112 93 76225990
112 113 76225990
112 85 76170086
13 16 76166208
91 40 76165920
91 83 76165920
14 13 76165654
13 6 76165573
13 6 76165079
78 2 76161478
81 26 76161440
38 36 76160199
93 113 76159508
58 0 76156583
58 44 76156210
13 8 76153863
80 53 76152423
13 16 76151467
13 17 76151467
105 70 76147968
112 123 76146391
0 82 76143564
0 3 76141122
93 112 76139796
0 2 76138256
23 20 76137959
2 78 76137106
2 78 76137025
78 2 76132790
111 40 76129246
19 9 76127566
13 6 76059671
112 123 76054360
93 112 76051277
26 89 76001605
91 95 75906219
3 82 75905180
123 113 75903587
58 0 75903345
37 120 75901899
23 20 75901167
88 95 75901017
88 59 75901017
88 51 75901017
88 55 75901017
88 132 75901017
88 101 75901017
88 38 75901017
88 106 75898479
88 129 75897386
88 20 75897386
0 2 75893497
3 2 75882885
11 8 75882345
91 111 75821526
78 25 75819789
131 37 75819208
23 20 75813471
25 85 75811155
58 95 75806678
125 51 75806213
125 57 75806213
125 122 75806213
23 20 75800223
93 113 75782711
62 51 75744686
86 102 75742129
86 65 75739333
86 72 75739333
23 20 75735441
32 106 75728623
19 13 75727662
19 9 75727662
131 55 75726652
131 78 75726652
93 113 75724494
0 2 75721612
0 44 75721612
23 20 75720267
58 111 75720133
90 135 75718522
90 72 75718522
90 102 75718522
90 86 75718522
23 8 75718103
58 2 75712965
0 3 75711774
78 111 75710249
37 85 75706584
44 70 75704010
112 93 75702264
112 113 75702264
44 2 75657141
88 103 75652610
25 75 75646279
25 121 75646279
124 55 75645922
112 93 75644776
112 81 75644776
25 62 75643391
23 17 75641678
20 23 75640485
112 123 75637060
111 29 75634756
25 42 75634270
25 57 75634270
25 121 75634270
25 85 75634270
25 122 75634270
70 71 75621178
70 5 75621178
112 93 75619334
0 55 75618635
0 3 75618635
0 58 75618635
2 44 75615099
25 75 75614469
25 57 75614469
25 136 75614469
25 85 75614469
25 122 75614469
78 111 75613838
25 57 75611155
25 122 75611155
19 9 75561000
9 13 75558956
112 93 75555174
112 93 75554938
17 8 75554233
19 9 75552356
84 42 75548238
33 18 75547649
44 2 75542468
90 135 75539661
90 72 75539661
84 42 75537438
129 73 75536693
112 113 75535396
29 73 75535050
2 82 75534689
55 2 75531845
23 8 75530984
90 72 75528890
70 104 75528875
2 82 75527876
85 124 75526779
93 112 75526318
19 9 75524330
59 100 75459157
112 113 75366585
97 96 75303510
91 111 75301683
91 83 75301683
0 58 75294914
111 78 75294768
44 70 75293096
82 2 75291899
6 13 75291242
131 80 75288123
80 131 75287575
25 75 75285948
25 42 75285948
25 122 75285948
25 43 75284374
111 78 75283433
25 136 75281817
0 58 75280543
68 45 75280057
17 12 75279036
3 58 75278112
12 14 75275939
26 28 75275158
26 60 75275158
26 31 75275158
58 44 75274597
11 17 75272559
23 20 75271176
23 17 75270706
113 112 75268079
87 66 75224657
112 123 75221073
37 120 75218027
19 9 75215567
112 73 75215397
100 26 75211419
23 17 75209613
26 84 75209389
8 13 75204626
82 2 75204165
82 44 75204165
112 123 75202756
112 113 75202658
112 93 75202012
22 19 75195723
22 9 75195723
89 50 75195582
105 5 75193812
25 51 75187159
25 43 75187159
25 136 75187159
25 109 75186755
13 17 75186736
25 51 75186677
25 122 75186677
78 55 75185552
81 27 75182245
81 43 75182245
81 83 75182245
81 38 75182245
28 76 75178186
28 100 75178186
81 27 75145364
112 93 75128917
11 15 75125166
112 93 75123177
20 23 75121580
131 55 75121361
131 80 75120918
105 22 75114585
81 27 75110828
81 29 75110828
81 30 75110828
78 55 75107793
90 74 75105737
90 92 75105737
112 113 75105324
2 3 75104973
112 123 75103390
44 58 75102767
112 113 75099149
81 85 75095830
29 79 75095398
2 3 75046031
123 73 75042982
123 106 75042982
91 40 75042507
25 56 75037398
25 121 75037398
124 56 75028725
55 131 75027082
124 120 75026395
66 87 75022053
112 123 75017982
44 2 75015175
129 73 75015093
40 83 75012856
56 25 75003217
56 136 75003217
25 43 74974838
25 101 74974148
66 92 74956499
131 80 74954371
136 25 74954038
112 113 74953643
100 59 74953349
70 71 74951275
112 93 74950534
28 76 74941698
14 13 74931808
14 16 74931808
14 13 74931745
112 113 74930324
131 80 74926068
20 23 74919214
19 15 74917636
13 8 74870409
112 113 74693715
100 59 74691472
112 113 74690518
100 59 74689873
100 28 74688738
92 74 74687221
11 17 74685461
52 7 74683341
82 58 74682776
111 78 74682425
26 28 74681027
26 31 74681027
19 22 74679766
112 85 74677422
112 85 74677155
70 22 74674066
19 9 74665531
105 22 74611062
105 5 74611062
2 0 74609259
44 82 74607847
44 2 74607847
112 113 74606727
22 33 74605328
22 13 74605328
112 93 74600618
112 113 74600618
125 51 74598328
125 55 74598328
125 57 74598328
125 25 74598328
13 8 74595190
13 22 74594773
120 124 74589448
97 41 74588718
11 13 74587170
112 113 74586094
19 9 74579934
62 42 74526293
123 104 74517727
8 19 74514769
131 119 74513080
1 49 74512280
84 109 74511763
92 114 74510296
25 75 74508871
25 101 74508871
25 122 74508871
58 44 74506977
20 23 74498389
136 24 74494376
93 113 74490973
19 9 74490779
8 13 74490282
8 14 74490282
8 16 74490282
19 9 74484349
37 131 74439903
112 93 74439862
112 113 74435110
93 113 74431582
111 83 74430545
119 56 74429336
112 113 74427338
120 119 74425715
44 58 74424334
84 25 74421878
25 101 74418105
25 136 74418105
90 86 74414358
25 42 74413491
25 121 74413491
25 85 74413491
131 37 74409881
13 11 74406558
113 81 74406064
113 81 74405973
113 26 74405973
85 120 74404587
112 93 74356723
112 123 74356723
25 57 74346874
25 136 74346874
25 122 74346874
112 113 74343909
58 44 74341398
112 93 74334860
112 24 74334860
20 23 74330736
45 68 74328342
26 81 74326996
103 73 74326330
93 81 74316483
93 112 74316272
93 112 74315750
19 9 74311315
111 52 74309050
93 81 74084568
93 113 74084568
112 93 74080795
112 123 74080795
112 81 74080795
66 92 74077167
58 95 74074676
93 112 74073502
112 113 74073259
11 13 74065686
11 8 74065686
11 14 74065686
37 131 74064856
120 37 74064771
112 93 74062029
85 78 74059094
26 100 74011406
100 59 74005776
120 124 74005286
112 123 74004753
112 113 74004753
2 44 74002927
26 76 73996212
100 28 73996001
41 115 73988341
78 82 73982491
125 55 73981804
125 57 73981804
78 55 73979950
119 131 73979889
119 37 73979889
119 120 73979889
78 85 73979012
111 129 73976450
25 51 73976103
25 56 73976103
25 101 73976103
25 136 73976103
2 44 73975817
5 113 73975731
78 55 73974049
2 44 73973886
5 123 73971870
20 23 73918066
82 3 73910249
132 81 73905677
131 119 73905064
120 37 73894941
100 76 73894612
43 38 73885802
25 42 73881932
25 136 73881932
73 81 73840694
70 94 73837033
123 107 73818249
113 112 73803130
3 2 73798878
19 9 73752447
26 28 73746720
112 93 73742501
93 112 73742478
112 123 73740913
25 51 73735079
25 43 73735079
25 42 73735079
88 107 73731014
44 58 73724965
8 15 73723591
68 45 73722363
15 13 73713990
15 8 73713990
93 113 73674357
8 15 73486963
8 13 73486963
82 2 73479066
82 0 73479066
82 58 73479066
82 44 73479066
100 59 73472391
137 68 73471052
78 55 73465672
20 23 73464546
25 51 73460758
25 136 73460758
25 122 73460758
2 82 73458057
2 78 73457779
112 93 73449274
13 11 73408078
93 113 73396094
8 13 73393622
125 36 73392913
25 43 73382960
25 57 73382960
93 139 73382588
6 13 73379134
82 2 73370548
125 41 73367226
69 128 73360566
26 98 73318704
93 112 73314328
93 123 73314328
93 123 73307607
93 113 73307607
49 97 73307157
62 51 73291709
62 42 73291709
93 112 73288005
112 93 73286400
68 137 73282895
93 123 73282297
68 45 73280496
68 32 73280496
85 78 73231178
131 119 73224842
85 55 73210929
85 78 73210929
25 56 73208037
25 101 73208037
25 57 73208037
15 19 73199639
73 106 73130229
112 93 73117950
112 93 73116371
112 93 73024651
44 2 72884313
44 2 72884241
112 93 72882125
66 87 72879984
112 93 72879907
19 9 72873504
18 33 72872056
18 20 72872056
44 58 72871080
66 87 72871005
44 70 72860610
44 2 72860610
112 123 72857621
112 81 72857621
112 113 72857621
123 9 72847871
13 8 72795265
43 25 72782998
15 11 72780803
93 113 72776944
13 8 72773600
112 123 72772526
28 100 72770139
78 2 72768012
15 6 72766820
81 112 72710132
131 115 72709491
70 73 72708303
62 77 72707459
25 56 72700689
13 15 72698133
15 23 72695372
93 112 72692370
119 124 72688035
119 56 72687386
6 8 72675502
6 11 72675502
77 64 72674229
112 93 72648265
73 129 72647414
112 113 72625987
123 103 72625146
93 70 72622978
93 113 72622978
93 5 72622978
18 73 72615103
93 112 72614821
62 125 72607596
125 62 72607123
62 53 72607017
131 82 72603112
62 53 72599261
93 81 72596756
62 57 72594102
119 56 72593118
93 112 72592241
93 123 72592241
22 13 72586768
112 123 72547147
66 84 72545630
85 78 72538103
85 120 72538103
25 109 72537401
68 45 72536205
19 15 72535456
125 57 72528162
125 36 72528162
125 48 72528162
30 68 72525609
18 20 72515112
123 113 72509039
112 93 72507971
103 123 72503800
75 85 72502148
104 105 72498850
93 123 72448317
93 5 72442871
5 70 72415300
106 33 72356464
13 15 72340244
104 73 72277462
104 129 72277462
104 61 72277462
19 9 72272747
93 5 72266780
78 85 72265638
11 13 72261405
123 112 72255164
113 123 72247020
112 81 72246956
106 43 72243689
123 113 72243015
78 75 72188417
106 63 72176245
106 68 72176245
106 98 72176245
106 137 72176245
106 129 72176245
106 120 72176245
106 57 72176245
106 97 72176245
106 104 72176245
106 38 72176245
44 82 72160871
113 112 72154906
20 23 72150844
66 87 72120199
18 107 72102041
131 80 72086501
78 55 72082347
25 57 72080640
25 121 72080640
25 122 72080640
15 19 72068466
15 9 72068466
15 13 72065997
112 113 72031122
112 93 72023325
25 42 72019612
25 43 72019077
25 121 72019077
112 93 72007819
104 73 72006541
104 105 72006541
49 91 71999616
52 81 71997664
131 78 71995120
25 75 71994567
25 121 71994567
78 131 71991191
111 95 71985495
111 79 71985495
15 13 71983752
131 119 71949420
26 28 71934740
37 131 71934585
55 131 71925006
70 105 71907054
15 19 71902080
2 58 71901572
13 17 71857656
87 66 71754761
26 27 71648883
11 13 71647603
68 45 71644113
93 113 71636986
87 92 71604580
13 17 71586765
44 58 71556062
29 40 71554772
33 8 71494729
33 11 71494729
93 113 71477777
93 113 71471157
70 37 71417393
70 10 71417393
82 58 71397717
8 15 71388752
8 19 71388752
8 12 71388752
13 11 71384418
0 44 71383102
93 123 71378489
33 17 71330248
44 58 71325687
123 73 71322210
78 37 71316756
37 131 71305281
25 42 71300242
25 101 71300242
93 112 71242316
93 113 71242316
93 123 71241996
3 44 71060212
82 2 71057192
100 28 71053871
85 112 71047331
131 3 71044480
6 8 71042435
112 123 70988410
93 113 70986367
93 113 70985475
100 28 70975756
123 93 70962101
123 112 70962101
78 55 70956882
13 9 70956141
112 93 70955235
93 112 70948287
112 5 70898700
70 71 70892074
70 2 70892074
5 105 70882647
93 113 70868194
44 82 70868126
44 58 70868126
49 1 70867650
49 1 70863985
93 112 70863233
93 112 70860755
20 23 70857265
112 123 70809592
71 70 70806949
103 44 70804170
25 75 70796097
25 56 70796097
25 43 70796097
25 57 70795110
25 121 70795110
141 85 70779192
141 9 70779192
141 17 70779192
35 55 70777700
35 77 70776934
26 27 70725973
117 90 70722653
117 92 70722653
78 2 70711528
19 9 70709471
78 55 70707367
77 64 70706364
8 9 70689480
8 12 70689480
139 62 70628304
139 68 70624491
139 93 70621670
139 137 70621670
139 60 70621670
19 9 70460072
6 13 70454358
13 6 70454092
6 8 70447530
35 38 70438541
5 105 70431785
13 11 70376039
13 17 70376039
19 15 70374461
17 13 70371806
93 113 70368419
131 55 70368340
19 9 70361914
13 103 70361606
103 13 70361244
78 55 70347908
93 112 70291572
93 5 70291572
13 11 70287813
113 112 70286161
113 123 70286161
123 113 70286019
141 33 70284850
141 73 70284850
141 103 70284850
141 106 70284850
141 81 70284850
141 107 70284850
141 88 70284850
123 112 70284339
90 117 70280400
141 43 70279138
141 81 70279138
25 101 70276100
25 122 70276100
113 112 70274879
92 74 70274184
92 66 70269815
92 87 70269815
82 3 70262686
78 55 70261759
13 11 70258751
13 17 70258751
15 9 70206481
131 37 70199710
25 51 70189442
25 43 70189442
78 55 70177122
112 113 70154820
112 113 70152600
112 113 70120073
77 64 70118522
25 75 70116991
25 43 70116991
81 111 70116642
81 120 70116642
139 69 70116458
37 78 70102427
25 43 70092606
25 136 70092606
18 141 70092560
112 113 70090802
25 42 70088395
20 23 70085812
19 9 70079699
112 81 70072800
13 8 69923781
95 40 69854153
111 78 69853952
111 95 69853245
111 78 69853220
55 37 69849236
92 130 69844720
13 8 69836750
22 20 69836243
22 9 69836243
22 18 69836243
97 91 69832040
9 112 69771660
78 55 69764456
82 3 69764211
112 9 69753720
95 111 69753166
112 81 69749653
112 113 69733380
112 30 69691796
112 25 69673740
112 84 69673740
44 58 69664169
139 112 69586920
19 12 69584009
117 74 69580827
117 130 69580827
131 115 69578991
82 58 69575262
139 93 69570998
139 59 69570998
112 113 69568980
43 42 69568640
100 28 69566638
111 83 69506816
15 8 69474169
112 93 69440248
112 73 69440248
112 113 69422220
112 93 69319375
19 15 69253012
139 26 69225226
68 62 69222144
44 82 69168681
82 2 69151419
73 107 69147844
117 74 69143725
43 42 69137471
112 113 69094260
25 101 69074460
25 57 69074460
26 113 69071490
70 131 69058307
70 71 69058307
112 113 69057900
100 92 69039559
85 112 68997240
139 59 68992469
112 113 68992440
69 32 68990070
43 42 68986840
131 37 68982477
112 85 68961060
112 85 68894029
25 56 68887862
25 57 68887862
25 136 68887862
25 122 68887862
104 141 68881717
104 113 68881717
112 113 68880060
43 36 68876257
112 85 68875980
112 43 68647482
13 6 68642798
112 73 68629440
112 113 68629440
44 70 68629292
8 13 68624202
8 17 68624202
82 0 68556368
81 27 68556337
81 26 68556337
70 71 68535062
136 95 68469130
78 55 68458943
43 85 68450320
5 112 68443135
5 112 68442203
95 111 68440910
30 36 68439379
112 113 68435760
112 113 68399760
112 113 68399580
49 91 68394431
139 62 68378040
139 128 68378040
9 20 68377742
78 55 68362930
100 28 68354267
112 113 68349600
37 120 68304017
112 113 68302980
112 113 68287380
72 92 68219583
113 73 68055480
113 81 68055480
113 81 68055420
112 113 68044080
113 81 68037485
113 73 68037453
112 113 68020440
112 113 68019720
68 137 68019130
78 85 68018635
13 11 68014090
112 113 68010540
19 13 67946673
44 3 67934708
82 2 67785062
19 9 67783248
92 87 67782868
35 77 67781192
82 2 67780817
78 55 67776214
137 100 67775510
68 128 67767519
26 30 67763132
26 31 67763132
88 81 67719120
111 78 67697228
111 78 67696869
139 100 67696243
82 2 67412244
82 55 67407849
112 113 67401240
131 37 67347938
26 89 67324786
137 68 67314846
36 53 67259844
36 133 67258387
66 74 67246488
100 28 67235080
85 37 67231599
82 2 67183551
68 100 67153873
139 128 67149544
81 29 67091460
41 57 67089450
20 33 67073580
81 70 67073510
81 71 67073510
81 29 67073510
13 11 67072917
111 43 67059917
111 36 67059917
26 20 67058057
81 73 67055460
19 9 67015200
112 113 66875940
139 59 66815059
139 100 66815059
11 13 66805037
112 113 66745800
139 100 66744339
139 59 66741846
66 87 66738209
66 92 66738209
112 9 66729060
112 17 66729060
112 85 66726960
112 17 66726960
90 74 66725412
103 73 66658398
43 42 66640931
15 13 66638361
15 8 66638361
13 11 66637810
43 112 66634951
139 137 66567868
139 100 66567868
112 113 66557340
112 22 66554880
139 69 66544465
139 134 66544465
100 59 66496837
92 90 66488979
13 11 66482170
130 90 66469317
92 130 66219420
139 100 66211978
139 60 66211978
139 59 66207821
139 137 66207821
139 59 66207644
139 100 66207644
97 96 66202099
97 41 66202099
143 144 66094860
143 131 66093300
13 11 66026219
111 73 66019908
143 131 66015660
13 11 65965018
143 78 65939280
131 78 65858400
112 113 65758440
91 83 65624344
40 79 65605137
144 55 65602380
144 143 65598360
11 13 65595519
11 8 65595519
1 49 65590692
19 13 65556540
72 135 65548613
91 111 65541739
128 69 65531835
82 2 65518560
82 58 65518560
116 73 65510533
0 82 65507760
0 2 65507760
0 58 65507760
145 2 65500140
145 2 65498700
71 145 65489580
58 0 65486940
19 9 65470620
71 145 65456400
81 29 65455238
116 26 65448908
125 36 65431077
116 62 65423897
145 2 65423340
71 145 65419620
143 144 65403900
6 8 65364052
98 29 65358790
116 73 65339710
3 2 65339700
3 0 65339700
3 145 65339700
44 81 65338380
18 20 65334284
2 82 65326320
0 55 65317260
0 2 65317260
53 81 65284804
92 130 65275220
85 37 65272320
44 18 65266537
2 3 65263560
2 82 65263380
2 82 65263320
26 36 65262471
48 138 65251956
48 39 65251956
0 3 65245200
0 58 65245200
0 3 65243940
0 58 65243940
111 61 65242854
144 131 65240100
0 3 65236080
0 58 65236080
144 143 65230620
71 4 65201160
37 120 65041200
91 40 65024184
103 141 65019888
37 85 65015735
143 80 65008503
36 53 65004087
37 78 65003040
37 85 64997700
11 13 64989756
11 17 64989756
85 37 64988400
72 92 64983420
112 113 64980420
3 2 64979940
3 82 64978620
3 58 64978620
4 71 64976820
58 3 64969380
2 58 64968900
37 85 64942380
37 85 64941560
91 40 64935855
91 79 64935855
112 113 64918440
112 113 64914480
145 2 64905120
82 3 64885020
82 58 64885020
37 85 64868760
26 27 64854910
37 85 64852980
131 37 64846140
85 37 64835100
0 55 64826400
0 2 64820160
116 107 64816071
112 113 64815120
113 112 64810320
37 85 64765620
85 37 64765200
111 129 64758055
15 8 64754340
112 113 64752780
2 145 64744920
112 113 64742820
2 3 64740720
112 113 64739100
29 30 64736203
61 81 64733040
125 54 64732363
85 37 64729200
116 27 64728947
116 36 64728947
0 58 64727640
58 3 64713720
145 3 64712400
91 40 64414626
29 98 64407329
29 61 64407329
29 38 64407329
11 8 64402612
13 11 64323701
113 112 64309980
37 85 64309860
131 38 64307292
3 58 64300500
131 55 64289280
0 82 64285800
0 2 64285500
4 90 64277100
18 9 64252980
66 87 64250604
66 92 64239804
1 53 64227241
37 78 64225440
41 52 64212063
145 2 64209660
91 79 64157509
71 145 64154400
18 17 64144440
116 62 64139216
116 68 64139216
116 28 64139216
116 52 64139216
116 54 64139216
116 56 64139216
116 42 64139216
116 34 64139216
116 136 64139216
116 138 64139216
52 115 64135724
91 111 64133579
0 58 64130760
36 52 64129897
1 21 64126246
37 78 64112160
18 22 64108440
85 37 64104360
85 37 64099860
37 85 64067759
37 85 64064160
112 113 64057140
143 78 64053780
28 59 64052220
37 85 64046187
143 131 64043580
97 75 64038934
112 113 64036800
0 55 64029600
0 2 64029600
0 3 64025340
131 143 64023780
21 1 63788835
3 2 63779820
3 58 63779820
112 24 63773820
37 120 63724680
113 98 63720463
18 17 63715860
57 122 63714383
37 85 63702004
22 105 63701700
58 82 63701700
37 120 63689580
113 73 63689214
3 58 63688440
58 3 63687480
37 85 63685080
13 11 63639714
13 8 63638827
13 17 63638827
2 0 63628020
2 3 63628020
3 0 63622620
3 145 63622620
37 85 63619920
2 55 63608700
2 3 63592020
2 58 63592020
2 145 63592020
0 55 63591240
0 3 63591240
0 145 63591240
76 62 63590580
119 131 63587160
95 91 63556620
79 40 63549420
18 20 63547500
18 17 63547500
62 60 63538800
78 37 63536100
58 82 63529860
3 2 63523500
58 82 63523200
145 2 63521640
79 40 63513420
37 120 63512340
90 4 63508800
112 13 63508500
136 139 63466200
112 113 63449580
136 62 63448080
73 107 63446280
61 81 63445440
78 37 63438000
4 71 63428580
145 71 63428220
131 143 63425820
131 119 63421140
78 37 63419760
145 2 63252060
62 42 63204240
57 41 63202980
29 81 63192900
0 58 63174900
58 3 63174180
62 31 63168420
62 42 63168240
57 41 63166980
119 120 63163980
57 41 63163500
126 1 63121980
49 38 63117660
132 52 63115636
95 91 63104220
11 13 63087946
0 2 63079800
1 138 63078600
111 78 63039540
131 143 63031548
62 60 63027540
1 21 63016620
132 52 63012647
112 113 63011160
58 111 63004440
111 78 63003540
37 85 62987100
1 21 62980620
111 78 62951160
112 113 62933040
111 78 62915760
111 78 62914980
49 38 62913180
58 0 62905500
37 85 62905200
136 139 62856900
121 42 62849137
112 113 62846280
116 84 62824776
116 36 62824776
68 45 62816220
68 32 62816220
145 2 62812200
57 139 62608020
111 40 62590740
111 78 62590260
136 139 62589180
57 41 62572740
57 139 62570580
91 40 62554560
120 85 62503980
9 81 62446620
116 28 62424560
116 52 62424560
116 38 62424560
116 52 62424128
116 36 62424128
116 27 62422995
116 98 62422995
116 81 62422995
37 85 62391600
85 37 62389140
37 85 62387220
136 139 62347740
112 113 62324580
112 104 62324340
18 33 62324280
104 113 62324280
85 37 62318760
18 9 62313180
90 4 62309040
120 51 62307240
145 2 62303100
90 4 62302620
0 55 62291700
0 3 62291700
0 145 62291700
136 109 62267340
81 111 62266560
81 35 62266560
81 38 62248602
116 29 62241793
2 145 62240760
116 73 62239446
72 74 62238660
104 112 62237820
3 58 62236080
112 104 62232960
104 141 62224320
3 2 62223180
143 120 62211780
71 145 62127780
138 38 61990800
136 121 61984346
20 23 61982621
112 113 61972680
4 90 61972380
0 3 61968600
112 113 61967820
120 37 61963920
113 81 61962120
18 20 61942920
113 112 61942260
105 22 61909797
25 109 61907760
25 142 61907580
139 6 61902859
139 17 61902859
116 113 61887591
4 90 61886820
139 11 61885425
116 73 61879493
117 66 61871700
117 24 61871700
40 111 61834740
40 83 61834740
4 71 61828500
116 111 61824118
139 8 61813974
3 2 61809300
4 71 61808100
92 117 61797000
104 112 61796520
2 3 61792080
112 113 61790100
0 55 61785840
0 2 61771680
0 58 61771680
1 138 61735500
40 95 61731780
40 83 61731780
122 142 61711440
112 113 61707300
131 143 61695900
57 139 61690800
145 2 61687020
145 0 61687020
145 3 61687020
145 58 61687020
88 81 61660860
38 146 61655040
38 138 61655040
38 39 61655040
116 85 61652033
111 83 61651560
38 21 61650660
58 82 61633740
0 58 61629540
58 145 61626660
38 1 61619040
38 126 61619040
38 146 61619040
145 0 61617300
38 1 61614660
145 58 61614240
4 90 61613940
131 55 61612740
116 85 61574096
116 73 61573623
85 37 61432560
11 17 61395194
11 139 61395194
88 81 61393620
131 55 61372500
3 58 61371660
3 145 61371660
117 63 61371360
2 55 61369560
3 2 61363020
112 113 61355340
112 113 61354320
113 112 61351920
57 41 61349520
145 2 61341840
141 81 61321860
78 143 61299900
1 21 61282020
1 38 61282020
0 145 61279920
2 0 61271640
0 2 61264620
18 17 61251240
78 55 61212360
131 143 61210080
131 78 61210080
23 20 61193334
23 17 61193334
0 2 61176540
0 58 61176540
145 2 61174260
3 2 61167000
6 11 61128899
72 65 61125600
145 2 61111140
143 78 61107180
116 62 61105436
122 56 61100580
122 42 61100580
122 139 61100580
58 145 61100040
143 144 61089720
0 2 61088100
92 74 61069500
55 78 61066500
37 85 61049520
37 85 61026960
145 3 61015800
2 0 61011000
145 2 61008540
18 20 61004700
2 0 61001820
57 139 60999120
3 2 60997740
120 37 60997440
92 130 60799800
145 2 60761700
145 3 60761700
139 15 60759180
139 19 60759180
139 11 60759180
0 58 60753540
37 85 60748260
2 0 60743640
112 113 60741240
87 24 60737100
37 85 60719280
92 66 60706320
58 82 60681600
85 37 60677460
139 22 60671109
57 41 60656760
2 3 60649140
3 55 60587040
3 2 60587040
3 58 60587040
111 78 60585600
145 2 60581640
2 3 60570960
111 83 60562140
37 85 60540720
58 82 60508620
131 144 60495540
3 145 60488460
143 144 60482400
111 83 60472980
111 95 60472800
139 11 60438983
132 78 60430140
71 145 60417840
112 113 60414480
112 139 60407160
37 85 60397920
112 113 60396540
0 58 60161640
6 8 60158435
131 55 60151200
1 21 60151140
131 78 60150900
111 40 60147000
112 113 60143040
113 112 60141900
0 2 60140040
55 78 60131760
143 144 60131580
25 81 60130080
2 145 60078120
2 0 60077280
0 3 60075060
105 141 60072898
112 113 60067080
112 113 60053640
2 0 60046200
78 2 60045060
78 143 60044040
111 61 60040980
37 119 59981760
55 143 59975400
66 117 59970720
1 138 59967480
0 2 59961300
113 112 59954760
38 122 59906100
144 2 59903820
22 17 59902320
119 120 59892180
0 2 59890320
0 145 59890320
111 78 59886000
131 143 59884140
58 82 59878500
73 81 59829420
112 113 59822940
112 113 59816460
55 131 59811840
55 78 59808360
71 94 59793780
61 81 59793420
116 77 59761653
6 8 59566354
6 19 59566354
9 17 59553840
11 6 59553837
11 8 59553837
58 95 59550060
40 95 59545740
40 111 59540400
95 79 59529780
22 6 59529180
37 85 59527200
95 40 59463060
37 85 59462400
58 82 59460300
145 58 59448780
37 85 59443920
55 78 59415180
55 131 59383980
55 143 59383860
22 9 59381880
22 17 59381880
139 6 59379573
143 78 59379540
143 55 59378340
57 56 59378220
116 73 59372475
0 2 59366100
0 3 59366100
0 58 59366100
0 145 59366100
112 113 59359140
58 2 59357400
58 3 59357400
139 11 59307960
55 131 59306580
55 131 59306220
139 17 59302576
143 55 59300760
143 78 59300760
58 82 59291760
58 2 59290140
119 37 59276460
22 139 59264340
0 3 59263680
55 131 59262900
139 136 59216520
2 0 59203260
37 85 59198640
143 131 59196360
117 92 59186760
57 75 59179380
143 131 59176980
112 113 59105580
112 17 58958040
6 8 58956326
112 113 58955580
92 66 58951260
92 109 58951260
92 24 58951260
92 87 58951260
22 139 58949220
0 2 58948920
0 58 58948920
58 111 58945680
117 130 58941540
92 117 58939920
112 9 58938060
112 139 58938060
113 112 58937580
22 139 58931460
149 148 58928220
92 114 58918140
143 78 58864140
144 143 58862760
145 2 58854480
144 131 58852860
117 92 58851780
131 144 58846440
112 113 58776840
2 58 58771860
112 149 58756800
112 113 58753740
57 42 58697580
57 139 58697580
57 41 58679400
41 57 58674120
112 113 58667820
57 41 58657980
57 42 58657980
57 122 58657980
53 81 58642440
112 149 58619040
58 81 58609800
38 47 58605540
131 144 58345500
11 6 58344970
112 113 58328400
112 24 58326060
145 2 58258200
112 17 58256220
8 6 58253942
145 0 58253520
145 2 58238280
117 140 58231440
25 42 58191960
25 57 58191960
25 122 58191960
81 29 58176829
2 58 58176480
143 78 58174080
58 82 58172880
112 113 58164960
116 81 58162792
117 86 58157700
112 149 58153140
112 113 58090020
145 58 58085880
144 131 58081620
3 55 58076160
92 149 58075620
2 3 58075320
113 112 58069140
112 113 58069140
112 113 58062600
117 24 58061340
25 142 58057620
58 82 58000620
143 144 57991320
3 0 57990840
3 2 57989340
3 58 57989340
25 122 57981540
66 149 57977580
149 42 57975180
149 113 57975180
22 9 57969240
1 47 57823080
1 21 57819240
3 2 57737220
3 145 57737220
3 58 57731340
2 78 57663780
143 78 57656760
2 0 57654960
131 55 57653880
117 66 57648180
117 114 57648180
2 145 57626280
139 6 57587556
139 11 57587556
112 113 57577440
112 113 57576900
58 82 57571380
145 0 57552120
2 145 57489120
112 113 57481140
142 25 57475860
117 66 57463740
112 24 57461880
58 82 57454920
83 40 57452520
92 109 57397860
58 71 57381180
58 2 57377700
79 25 57377280
3 145 57376980
113 112 57376500
2 145 57368580
117 87 57367560
117 66 57366900
119 37 57364320
116 85 57320533
25 57 57225900
112 24 57147300
58 82 57139740
119 120 57133140
55 2 57131400
126 37 57129900
131 55 57121500
3 2 57113340
58 2 57103800
58 3 57103800
58 145 57103800
58 82 57055140
149 113 57052680
25 111 57050040
117 84 57048660
117 87 57048660
92 117 57045300
2 0 57041340
120 37 57036600
145 2 57034860
57 41 57029700
41 139 57029040
0 2 57025740
57 41 57025440
0 2 57025260
55 2 57022800
55 3 57022800
85 78 57022500
112 113 56975220
61 111 56966700
117 114 56966640
2 145 56964480
57 41 56963880
2 145 56963760
2 145 56963640
57 41 56962620
57 139 56962620
112 139 56962320
112 113 56962200
117 109 56944200
37 120 56939040
38 48 56934720
112 113 56889600
112 113 56871840
57 121 56866980
145 2 56849100
145 3 56849100
143 78 56846940
112 113 56790480
9 6 56785027
112 113 56783640
116 111 56779451
145 2 56772060
145 0 56772060
145 3 56772060
112 113 56700540
112 113 56699880
22 19 56557368
22 11 56557368
22 17 56557368
139 17 56554978
42 81 56552460
38 47 56530260
58 29 56530020
57 51 56526240
2 3 56523000
41 57 56504760
116 62 56477518
0 3 56439600
37 85 56439060
112 113 56439000
112 24 56439000
66 149 56436300
37 120 56435160
112 113 56434980
112 113 56431440
92 117 56426520
2 0 56420220
149 112 56416680
117 92 56414820
112 113 56380800
8 139 56360760
57 41 56355660
117 92 56353920
57 64 56343900
0 58 56342400
0 2 56333100
0 55 56329260
139 6 56286300
112 113 56280060
112 104 56279340
131 143 56273460
112 113 56253420
139 6 56243100
22 11 55953540
22 9 55953540
112 113 55943580
112 113 55943340
117 109 55928640
117 87 55928640
131 55 55910280
37 120 55907460
99 139 55900740
91 111 55888920
91 83 55888920
112 113 55843080
2 0 55841460
55 2 55839600
111 29 55833180
78 55 55832580
149 112 55832280
149 42 55832280
11 17 55832040
111 29 55829520
149 25 55829520
149 107 55829520
79 111 55828140
79 146 55828140
79 139 55828140
149 25 55827360
2 58 55819500
112 22 55814340
112 139 55814340
149 42 55813980
112 22 55812960
22 17 55812480
22 139 55812480
113 112 55802580
22 6 55753860
22 139 55753860
0 55 55749180
131 143 55745280
112 24 55744560
91 139 55742820
112 113 55734540
112 139 55730640
112 113 55717860
25 136 55693500
112 141 55673220
58 2 55665120
58 2 55663860
58 3 55663860
47 110 55652280
47 110 55652160
112 24 55646640
99 91 55639380
2 3 55638420
111 91 55635540
2 145 55591440
111 83 55584000
117 109 55578960
117 140 55577940
112 113 55577400
145 0 55570500
58 2 55570260
58 3 55560120
41 57 55558680
148 109 55549800
148 140 55549800
148 92 55549800
38 126 55548780
72 102 55498920
72 86 55498920
112 113 55422480
22 9 55324980
2 0 55322820
2 145 55322820
120 78 55318260
120 85 55318260
2 0 55306860
22 6 55234860
112 113 55229880
41 56 55221600
112 113 55221540
0 55 55218060
149 113 55214040
149 107 55214040
58 82 55151940
117 114 55148880
41 57 55147080
2 0 55144920
2 3 55144920
1 138 55144020
112 24 55087560
112 104 55072080
2 0 55070160
2 3 55070160
22 9 55066920
113 112 55051380
121 56 55043880
1 21 54977220
112 24 54976380
113 112 54973740
2 0 54960360
2 58 54960360
112 24 54953700
116 111 54924882
112 113 54829020
149 113 54757380
11 17 54740280
99 35 54717600
79 139 54710160
11 8 54697080
2 0 54694860
22 20 54685320
22 23 54685320
149 24 54630600
58 0 54628380
58 3 54628380
22 120 54624000
37 120 54608940
149 107 54603360
0 145 54601740
0 55 54600600
0 145 54600600
116 85 54552714
112 113 54543480
112 24 54543480
91 139 54538020
1 138 54533580
117 66 54531900
58 111 54531900
117 84 54531900
117 87 54531900
58 82 54519780
58 2 54516900
58 3 54516900
91 111 54516540
91 111 54514920
112 113 54513120
117 102 54456480
117 102 54453000
22 9 54449520
22 17 54449520
41 57 54448620
1 21 54446160
41 57 54445320
149 25 54429300
25 51 54423780
37 58 54376920
145 3 54359520
73 111 54356580
145 3 54351840
112 113 54301140
112 149 54121920
58 82 54114000
0 2 54112740
0 145 54112740
148 113 54106680
112 24 54093240
41 57 54089100
139 112 54085620
112 113 54023400
112 24 54012060
136 41 54010080
136 56 54010080
136 42 54010080
136 25 54010080
58 82 54001020
58 3 53999760
22 139 53996340
91 40 53993280
111 29 53943840
2 58 53943000
58 0 53938200
58 145 53935500
58 0 53923080
112 24 53921100
25 136 53873160
112 24 53861400
58 0 53854380
112 113 53854200
139 112 53852460
2 3 53852340
2 3 53845620
11 6 53821800
111 146 53784600
113 112 53769720
112 24 53757720
88 81 53757120
81 88 53750100
112 113 53658180
112 9 53657940
112 139 53657940
112 24 53657760
58 82 53504580
57 25 53500380
143 122 53497980
58 2 53482500
22 9 53425860
9 112 53408940
58 82 53398320
149 73 53314860
149 112 53314860
112 113 53272980
112 24 53272980
57 56 53242800
57 139 53242800
57 122 53242800
143 144 53239920
58 82 53221620
68 76 53219100
68 137 53219100
22 139 53137320
113 112 53067000
4 71 53045160
112 113 52913880
112 24 52913580
117 102 52896000
131 143 52894680
55 143 52871160
22 17 52810320
2 145 52806480
112 24 52796640
131 55 52723380
41 57 52710180
55 131 52704300
112 113 52664940
2 0 52638060
143 122 52621620
143 78 52615860
112 113 52590120
131 143 52302840
2 0 52273320
41 57 52272060
0 145 52267620
117 84 52219080
6 11 52216500
58 82 52215660
139 11 52205820
112 113 52205460
58 145 52203660
58 145 52199220
58 82 52187520
41 57 52125720
41 57 52124520
111 95 52123500
112 113 52113180
41 57 52107240
112 24 52105560
58 145 52100340
92 117 52029540
11 6 52012800
120 37 52010100
22 19 51965880
112 113 51766680
112 24 51766680
22 19 51719460
112 113 51677040
2 0 51612840
22 6 51579420
112 24 51535800
22 19 51519240
120 37 51490380
25 142 51489780
25 147 51489780
111 95 51444480
112 149 51442680
112 113 51442680
112 113 51414840
112 149 51414240
22 17 51078180
2 0 51065340
117 114 51007380
117 66 51006420
117 109 51006420
117 84 51006420
6 11 50990520
112 149 50988660
41 57 50979540
112 113 50979540
2 0 50922540
112 149 50917560
57 41 50912040
112 24 50909520
37 120 50907960
112 148 50900820
112 149 50900820
112 113 50900820
22 33 50892240
22 18 50892240
22 17 50892240
120 37 50888520
85 143 50882940
112 148 50839020
113 112 50837640
2 0 50832780
2 3 50832780
2 145 50832780
37 120 50826360
112 9 50813760
112 113 50812920
88 141 50810100
88 81 50810100
58 82 50802660
112 113 50752500
149 112 50740080
149 113 50740080
58 81 50739720
112 148 50731380
73 81 50718480
22 139 50715900
85 143 50715180
120 37 50714940
72 117 50710140
113 81 50550720
88 81 50491680
58 82 50488320
22 17 50453340
22 139 50453340
47 1 50393520
47 21 50393520
47 48 50393520
112 149 50393100
148 66 50389860
148 114 50389860
148 92 50389860
1 138 50389620
148 66 50378520
148 74 50378520
148 117 50378520
148 130 50378520
58 145 50375760
37 12 50342700
25 56 50330220
104 107 50315820
104 20 50315820
104 61 50315700
104 18 50315700
58 0 50314140
20 23 50312160
120 37 50309640
112 113 50300940
112 24 50296860
18 9 50296020
104 106 50291820
104 81 50291820
112 113 50290140
2 0 50288220
2 55 50288100
148 72 50283600
148 130 50283600
148 109 50283600
148 24 50283600
148 90 50283600
112 113 50232780
2 55 50230080
9 33 50220000
9 22 50220000
104 73 50217600
104 141 50217600
104 33 50217540
104 141 50217540
20 23 50215920
20 23 50212920
81 73 50212320
113 142 50207700
113 112 50204160
9 17 50199060
149 84 50196480
0 2 50196240
22 6 50195160
37 120 50142600
23 20 50141580
92 117 50138280
37 120 50135820
20 23 50135100
148 112 50134560
149 109 50129100
112 113 50121120
149 66 50120580
149 87 50120580
37 120 50119800
112 113 50115180
58 2 50113020
0 3 50112780
0 145 50112780
17 11 49875660
139 8 49870860
58 2 49867260
9 18 49856880
11 6 49848780
57 41 49790280
120 37 49771560
0 2 49769880
139 9 49768320
92 87 49695660
41 143 49694940
9 22 49687440
9 18 49687440
9 17 49687440
8 19 49686720
139 8 49686000
2 0 49681380
58 82 49680060
149 112 49677900
9 33 49620180
9 18 49620180
58 2 49618560
82 3 49618020
82 58 49618020
9 22 49613400
41 143 49612620
8 17 49607160
8 11 49607040
0 145 49590720
58 82 49590660
9 22 49554420
9 17 49554420
9 12 49554420
92 66 49534620
41 57 49533540
1 21 49529160
1 21 49527660
148 149 49527480
8 11 49522860
2 0 49522140
8 139 49517700
2 58 49508100
2 58 49507380
139 79 49472940
24 112 49433760
112 113 49284480
112 149 49277040
0 2 49270380
0 58 49270380
0 145 49270380
104 33 49267740
104 73 49267740
104 81 49267740
11 6 49251300
9 139 49250940
68 76 49245600
68 45 49245600
8 17 49185720
58 0 49182960
1 21 49181940
112 113 49180860
112 113 49175880
148 113 49172400
112 149 49170120
139 8 49165020
1 21 49160580
17 22 49157640
22 6 49101180
58 82 49100820
58 144 49100820
139 41 49100460
2 3 49097520
139 22 49093920
68 137 49092240
23 20 49086840
58 3 49075380
17 22 49073460
25 136 49037940
57 56 49009740
57 41 49005720
149 84 49004700
112 149 49003740
112 149 49003380
2 58 49003260
9 33 49001940
9 12 49001940
61 81 48999420
81 73 48998760
58 2 48998160
85 120 48997560
149 66 48993420
149 24 48993420
2 3 48991740
22 6 48990360
58 2 48987720
58 145 48987720
139 136 48984060
38 1 48939240
22 139 48933240
92 66 48925860
58 2 48925080
58 29 48915900
58 29 48909540
58 81 48909540
2 0 48898140
112 139 48502860
2 58 48495360
149 112 48481440
107 73 48479880
20 23 48478740
139 22 48476400
112 113 48471900
20 23 48461040
22 17 48403740
149 148 48402840
22 139 48402180
149 112 48401280
148 112 48394920
148 112 48390000
148 149 48390000
139 17 48388500
68 76 48387780
139 22 48386460
68 45 48377820
112 113 48325260
112 149 48320940
112 24 48320940
112 113 48315180
132 41 48314220
38 25 48307320
22 139 48305700
22 9 48303180
92 140 48302100
82 58 48300720
120 37 48297660
11 17 48295380
68 76 48294000
22 9 48246720
1 21 48222720
58 82 48214920
140 102 48084720
56 122 48049140
148 64 48047340
58 144 47976480
0 2 47970720
99 95 47970300
58 81 47966280
112 149 47964780
0 55 47961360
0 2 47961360
0 3 47961360
148 112 47958180
112 113 47901840
58 82 47890380
58 2 47889780
58 3 47889480
6 22 47883480
136 139 47877840
41 132 47871300
58 144 47806440
58 3 47795340
61 58 47793300
57 122 47788560
58 3 47785200
68 137 47783220
58 0 47782560
58 145 47782560
112 113 47782440
68 45 47779620
140 102 47743920
81 61 47720520
58 81 47720460
131 143 47720100
58 2 47714520
58 0 47714520
9 139 47709840
57 56 47706660
112 149 47696460
58 2 47696400
148 112 47457120
143 144 47456940
112 149 47446560
58 82 47432220
112 113 47384640
149 113 47375520
149 24 47375520
58 29 47367900
58 81 47367900
61 141 47366880
61 106 47366880
139 112 47365380
143 55 47349000
0 2 47344260
22 17 47342220
58 82 47293140
0 2 47288220
47 110 47284260
148 74 47282040
139 22 47269620
22 139 47269200
148 112 47265420
122 142 47264700
15 11 47258460
68 76 47207340
149 112 47200380
58 82 47197620
58 0 47192940
58 144 47192160
8 11 47191320
112 113 47190480
148 112 47189580
148 149 47189580
57 64 47188260
92 102 47170260
92 102 47168940
25 57 47135340
112 149 47122800
139 9 47116800
58 29 47111700
58 81 47111700
85 143 47111640
149 112 47107620
85 143 47096580
120 37 47093340
149 112 47086320
58 144 46858740
58 3 46856820
58 145 46856820
139 79 46850100
112 149 46847880
2 58 46844220
37 120 46835640
149 113 46773300
2 0 46770660
2 58 46770660
2 145 46770660
58 144 46768440
149 112 46767240
58 29 46761600
91 95 46760460
47 110 46756380
58 0 46754880
139 95 46753080
139 95 46746120
143 131 46744440
41 57 46744440
91 95 46738680
112 42 46694400
139 136 46669980
131 144 46661700
111 29 46659000
58 82 46597800
58 144 46597800
126 37 46594680
148 117 46585200
148 24 46585200
148 92 46585200
122 25 46583340
2 58 46580160
131 143 46570140
22 9 46570140
41 57 46565880
58 0 46505640
11 13 46497540
145 71 46487100
0 58 46484820
0 55 46252680
0 3 46252680
58 82 46252380
120 37 46242780
139 136 46237860
113 112 46232100
9 12 46228320
11 6 46227300
61 107 46221720
61 18 46221720
71 145 46164240
2 145 46164060
0 3 46148520
148 112 46142820
2 3 46141680
2 145 46141680
58 29 46138440
58 81 46138440
58 144 46074180
120 37 46070280
8 6 46069380
38 138 46063920
38 48 46063920
38 138 46063740
139 136 46062540
112 149 46061580
2 58 46058880
13 6 46051740
2 0 46049820
112 149 45994440
58 144 45984240
57 41 45972300
57 49 45972300
1 21 45970020
57 49 45968760
143 144 45968340
1 48 45894180
149 24 45888300
37 120 45885540
149 24 45876180
0 2 45875820
149 24 45641460
2 58 45627420
112 113 45624540
112 149 45556260
22 139 45543960
58 2 45531600
58 145 45531600
58 82 45527040
58 144 45527040
1 21 45471120
22 9 45462960
22 18 45462960
149 24 45452100
148 112 45450480
2 58 45444900
58 145 45374520
107 88 45366720
41 57 45362460
112 113 45311220
149 24 45302580
58 144 45297240
95 139 45281580
58 0 45279060
0 3 45040980
0 55 45037980
0 58 45037980
112 149 45023460
143 131 45022080
22 17 45019320
57 41 44954880
112 149 44948400
38 47 44941320
0 2 44938800
95 139 44937540
58 3 44930640
58 145 44930640
112 149 44928840
143 58 44857440
95 91 44838300
112 113 44786100
112 113 44783220
57 24 44760900
57 41 44757300
1 138 44693880
111 40 44689320
149 112 44679180
112 148 44417520
139 6 44340540
112 149 44289900
111 35 44261460
2 3 44257860
2 58 44257860
2 145 44257860
25 57 44196420
58 82 44177700
58 144 44177700
58 2 44172480
2 58 44147880
58 144 44093220
111 83 44073540
111 29 43831620
58 82 43825380
131 143 43821540
22 9 43808040
112 149 43806840
38 48 43797540
2 0 43748580
131 144 43747200
41 57 43728360
112 139 43723860
58 2 43720740
2 0 43718880
58 3 43716720
58 145 43716720
2 111 43666740
131 143 43641480
58 145 43630320
2 0 43553520
2 0 43541220
73 29 43493700
120 37 43487400
112 139 43486560
37 131 43486140
58 82 43483440
17 6 43482300
2 0 43473420
1 34 43468920
58 144 43226340
58 2 43215000
6 17 43205520
58 82 43194780
58 144 43194780
126 48 43148760
139 11 43141020
91 139 43114800
126 38 43109520
126 48 43109520
58 82 43051380
38 131 43037940
131 143 43032720
131 38 43027500
2 3 43027500
2 58 43027500
2 145 43027500
41 57 43027320
41 57 43022700
146 25 42970680
131 120 42968760
139 136 42951660
41 57 42949500
139 17 42948960
120 37 42945720
120 119 42945720
38 131 42940620
58 2 42885480
58 82 42882720
58 2 42882420
139 6 42881400
2 58 42879600
111 73 42877500
6 19 42867060
139 136 42864720
57 56 42857820
58 2 42853260
58 82 42620640
2 58 42619500
2 3 42594960
148 149 42594300
112 149 42529200
41 75 42451680
139 136 42421620
1 21 42421020
58 82 42420780
82 58 42367740
38 132 42347280
139 136 42339480
58 27 42339240
58 71 42339240
58 144 42334020
57 25 42330420
25 136 42298680
120 37 42275280
131 144 42271740
139 136 42268680
0 2 42256440
41 146 42255480
137 68 42251580
2 3 42248580
25 136 42203400
149 112 42024060
149 112 42006360
22 6 42003780
112 113 42003360
112 113 41998740
58 82 41995500
149 63 41995260
149 112 41995260
149 113 41995260
58 143 41991360
112 113 41929200
112 24 41929200
58 111 41919960
112 148 41918460
148 112 41911020
148 149 41910120
57 41 41909340
71 145 41905980
0 58 41905200
112 113 41860560
58 2 41825880
58 0 41825880
58 3 41825880
58 82 41757840
57 41 41757060
112 149 41747880
9 139 41745660
146 41 41738460
41 146 41737140
58 2 41732640
0 2 41729700
139 9 41403420
112 113 41401740
139 136 41380920
112 113 41327280
125 41 41315460
125 51 41315460
125 57 41315460
125 38 41315460
125 48 41315460
1 38 41314320
120 37 41313660
22 6 41304360
1 125 41298120
145 2 41295600
149 84 41239020
1 138 41234160
139 136 41227620
38 111 41217480
112 149 41217480
9 22 41215260
9 18 41215260
9 139 41215260
41 57 41213160
20 13 41173440
58 82 41150880
112 149 41150760
112 113 41148840
1 138 41145780
112 149 41130240
91 95 41129940
111 29 41129220
22 139 41127900
145 2 41121780
58 2 41062080
22 139 41048880
57 41 41043960
57 56 40789080
58 82 40720980
11 6 40702680
139 22 40696140
22 139 40696020
1 21 40693500
55 34 40689240
58 144 40639740
131 120 40636740
143 37 40631460
142 122 40618800
38 132 40617600
38 83 40617600
38 1 40617300
38 21 40617300
2 3 40546980
148 112 40537500
41 57 40535280
2 0 40521540
0 2 40520160
58 144 40519920
111 95 40513020
57 41 40456440
57 41 40454340
1 21 40452780
8 6 40451700
58 2 40449360
111 79 40447320
111 146 40447320
120 37 40444560
131 144 40441740
57 41 40440240
41 57 40437300
58 82 40434180
58 144 40434180
88 49 40207380
131 144 40198980
15 139 40197000
41 57 40185360
41 57 40179960
145 3 40178220
58 71 40118940
58 3 40109160
41 57 40099740
60 76 40098480
139 17 40096800
58 144 40089180
38 48 40026060
58 2 40017180
111 29 40012860
58 3 40004580
58 2 39945360
58 3 39945360
58 82 39936780
8 6 39932520
8 11 39932520
8 17 39932520
58 144 39931680
0 2 39912840
57 41 39828180
41 57 39826380
22 17 39758280
22 139 39758280
22 139 39754020
112 113 39606180
139 9 39588300
61 29 39568620
41 57 39504960
145 58 39502800
131 144 39492840
1 21 39489780
88 99 39418980
58 3 39417780
38 48 39405420
145 58 39403980
11 6 39402720
58 3 39327360
13 17 39310320
58 144 39309840
41 57 39248880
41 57 39234240
58 2 39229080
58 2 39227880
71 58 39226800
11 9 39223500
2 58 39222600
145 58 38975220
58 81 38968320
58 3 38965740
58 144 38905560
22 139 38901420
22 139 38900940
139 11 38886840
111 83 38872620
58 144 38820660
6 11 38814960
9 19 38802960
9 11 38802960
9 12 38802960
58 82 38792400
2 58 38728140
58 81 38715540
58 82 38714580
58 144 38714580
142 122 38710380
58 71 38649660
58 82 38649660
29 58 38646540
60 28 38645700
57 41 38642520
57 56 38642520
58 144 38640060
58 145 38389800
22 17 38381040
58 71 38376120
58 144 38376120
11 8 38293380
11 6 38293200
8 11 38289180
22 139 38273340
2 145 38222340
58 144 38218020
139 9 38213820
139 22 38202000
139 17 38202000
41 57 38190360
57 41 38184720
111 61 38181840
2 3 38132640
58 144 38131320
58 82 38103960
1 21 38044680
1 138 38044680
1 138 38044500
2 145 38018580
139 6 37755840
139 17 37755840
139 11 37704780
139 17 37704780
58 144 37699020
57 56 37675620
57 122 37675620
145 2 37673820
58 71 37614120
58 82 37614120
145 58 37596420
9 22 37593360
58 71 37581240
58 144 37580700
11 6 37518960
111 29 37518240
22 139 37504920
111 61 37434540
149 148 37429560
1 126 37404720
111 139 37184400
58 3 37170000
58 82 37097280
82 58 37094460
82 58 37092480
58 82 37090740
22 6 37075860
22 17 37075860
131 37 37068000
131 143 37065540
58 81 37013160
58 81 37006920
57 41 37005240
139 11 36988620
145 3 36914820
58 145 36907080
139 17 36831600
2 145 36804900
145 3 36545340
145 3 36545220
131 48 36490020
58 144 36486300
58 81 36481680
145 2 36467940
131 144 36465420
139 17 36409560
58 81 36400980
58 145 36396000
99 95 36392520
99 49 36392520
41 57 36369780
57 41 35961360
41 57 35953920
145 58 35946780
58 82 35937420
145 3 35886660
131 144 35871540
145 144 35866080
145 58 35865960
145 2 35863380
58 71 35862720
111 61 35799000
58 144 35796120
58 71 35794680
22 6 35792040
22 139 35792040
145 58 35779260
139 6 35777640
139 9 35777640
2 79 35704560
58 2 35685960
1 138 35682720
2 3 35616060
1 21 35592300
58 82 35365200
131 143 35364480
58 82 35344860
2 3 35341980
145 2 35281140
2 3 35276520
1 138 35267280
58 2 35249820
58 81 35117160
2 145 35080140
9 18 35008260
145 3 35000520
2 3 34998120
145 3 34993860
22 139 34990020
145 82 34756200
145 2 34756200
145 3 34756200
131 3 34752960
2 145 34751700
58 145 34739580
57 25 34738800
57 147 34738800
57 64 34736880
145 144 34732680
58 145 34667820
112 139 34665660
58 84 34594020
58 71 34593000
2 3 34581540
145 58 34564920
58 2 34562220
58 82 34561440
58 145 34558260
142 122 34555620
145 3 34507440
145 58 34507440
145 2 34502760
57 64 34493640
41 57 34489440
2 3 34486860
2 58 34486860
2 145 34418160
145 2 34413900
81 58 34153500
145 2 34148820
58 2 34137000
58 145 34129140
41 57 34052760
145 2 34042020
145 2 33983280
2 145 33980460
37 120 33964800
58 3 33888060
145 2 33867180
2 145 33864420
2 3 33806820
2 145 33781980
58 2 33558840
131 34 33550020
58 2 33529380
2 3 33526740
2 145 33526740
58 3 33463260
58 2 33456780
145 2 33443640
145 2 33440880
58 82 33435600
2 3 33378180
2 58 33378180
41 57 33357420
58 71 33299340
145 2 33272400
145 2 33264300
22 9 32936760
22 17 32936760
22 6 32934240
22 139 32926620
145 3 32865660
58 2 32836260
9 12 32789760
145 2 32743260
58 82 32687460
145 2 32675340
22 17 32657700
2 58 32655240
145 3 32602500
145 2 32591580
145 3 32589420
58 82 32342700
22 20 32322720
2 145 32319060
145 2 32315820
145 2 32258760
145 3 32258760
145 58 32237640
145 3 32229300
145 3 32228820
145 58 32172600
139 6 32166120
139 17 32166120
145 2 32159040
139 9 32147460
139 17 32147460
131 144 32080740
58 144 32069040
2 58 32057160
139 17 31983780
145 3 31979160
145 2 31978980
145 3 31739280
139 9 31736640
145 2 31731540
145 2 31731120
58 144 31725720
131 34 31725600
58 82 31705620
145 2 31655280
2 58 31654500
22 17 31653540
145 2 31633560
22 9 31621020
58 71 31560660
58 144 31535460
145 3 31481100
58 2 31463280
145 58 31455540
112 139 31397280
145 3 31388100
58 2 31134900
2 58 31125060
145 3 31108860
58 82 31049280
58 144 31049280
22 9 31044420
1 21 31039860
58 145 31020060
58 81 31015800
58 145 31015800
145 58 31015260
145 71 31014660
58 145 30955260
58 71 30928680
58 82 30928680
2 3 30850380
145 2 30848880
145 2 30848160
139 22 30846780
2 58 30843900
145 3 30775980
131 34 30415800
37 139 30414660
37 139 30414000
58 82 30408360
58 145 30403920
2 145 30340200
58 145 30322320
145 58 30275520
58 145 30266520
2 58 30265380
58 82 30262140
22 6 30239940
3 82 30177300
58 145 30172500
1 34 30165720
1 138 30156180
41 57 30150240
1 138 30146040
2 58 29911020
2 145 29894460
145 58 29842440
144 58 29832480
61 141 29812800
3 82 29810760
3 58 29810760
58 3 29746920
82 58 29745840
60 77 29743200
145 144 29668260
58 145 29651520
145 2 29643900
139 136 29641260
22 139 29575500
2 145 29549100
111 29 29311620
145 2 29311140
3 82 29224800
3 2 29224800
3 58 29224800
3 145 29224800
145 58 29224680
3 82 29223960
3 58 29207280
145 144 29144100
145 58 29046600
37 132 29044140
145 2 29036940
145 2 29032560
2 82 28978080
145 3 28967820
145 144 28954920
51 56 28700460
3 58 28454880
139 112 28451460
112 139 28451100
37 132 28447620
145 82 28437060
1 138 28430940
41 57 28359660
145 2 28356840
58 145 28343760
139 136 28081680
82 58 28074840
82 145 28074840
139 57 28007100
41 57 27997380
58 82 27932880
58 144 27846660
2 3 27844920
1 21 27840180
22 9 27505020
81 73 27422100
81 141 27422100
81 107 27422100
1 138 27415800
22 139 27414060
58 82 27404700
58 3 27404700
58 145 27404700
58 82 27396480
58 82 27388260
1 38 27222540
41 57 27135240
2 145 27127860
2 3 27127260
1 138 26871240
22 6 26866980
1 38 26782440
1 138 26779740
58 144 26639100
88 73 26636280
2 3 26620860
2 145 26620860
38 1 26618040
38 21 26618040
58 71 26553900
58 145 26544060
58 2 26541840
58 145 26541840
22 139 26528640
1 38 26526120
58 145 26288580
2 3 26273940
2 3 26263080
58 2 26203140
58 145 26203140
1 126 26192280
1 38 26192280
2 82 26185020
58 71 26176440
2 3 26005200
58 71 25949820
59 58 25944960
58 144 25936380
145 3 25931520
145 58 25931520
145 82 25931100
139 6 25928160
2 3 25922460
58 82 25675320
1 138 25592340
139 6 25590300
139 8 25590300
9 22 25494840
9 139 25494840
88 73 25423500
3 2 25408320
81 98 25346580
81 61 25346580
2 145 25339380
58 145 25332240
145 82 25325040
145 3 25325040
41 57 25323720
22 139 25071600
82 58 24971340
9 139 24907860
58 71 24884280
139 17 24881100
37 139 24880920
37 22 24807540
37 139 24807540
1 38 24799200
81 61 24796680
58 145 24467880
58 3 24192600
58 71 24132780
2 82 24127440
58 145 24126780
58 2 23868600
58 82 23867340
58 144 23843880
58 71 23701200
58 144 23701200
139 17 23700000
2 82 23606760
2 3 23503620
139 22 23247660
58 82 23244840
88 61 23101440
2 3 23093040
2 3 23081160
41 57 23008680
58 71 22923900
1 21 22919640
22 139 22915740
1 47 22904400
22 6 22635720
58 144 22579020
141 63 22561800
141 98 22561800
58 144 22385760
22 9 22303920
2 82 22291080
2 82 22038600
58 71 21974280
58 144 21974280
58 144 21883200
58 77 21874740
58 3 21786600
58 145 21786600
2 82 21769620
58 71 21713760
22 139 21713160
58 84 21690780
58 71 21453600
58 144 21453600
139 22 21427920
41 57 21362340
58 3 21349260
2 3 21348240
2 82 21343440
1 21 21288240
22 9 21284220
37 126 21268380
71 73 21190860
22 17 21187560
22 17 21175560
58 71 21111720
41 57 21101160
58 71 20850420
1 21 20761800
58 71 20594880
2 145 20584680
88 119 20153700
58 82 20069220
1 21 20048340
1 138 19986180
1 21 19959480
1 138 19957080
1 21 19915200
1 38 19893420
1 138 19891860
1 138 19889400
1 21 19888020
1 21 19884840
1 138 19879860
1 21 19878840
139 22 19872060
41 57 19869840
1 21 19570140
22 13 19376640
22 9 19004400
58 71 18867960
58 144 18867960
2 82 18855660
2 71 18850740
58 2 18843600
58 145 18843600
71 27 18747060
58 144 18665280
58 71 18340260
58 71 18339840
82 2 18241140
149 113 18227340
58 3 18168600
58 2 17741280
58 3 17657400
149 71 17491440
58 82 16608120
58 2 16608120
58 145 16606020
2 3 16008120
82 2 15229140
145 82 15216420
58 2 14615220
2 111 14455140
2 3 14432520
58 81 14198760
2 82 13839000
2 3 13821840
58 71 12876180
58 144 12876180
58 145 12632520
58 82 12629460
58 145 12629460
2 82 12359760
2 3 12359760
2 145 12292680
58 2 11152560
2 3 10820820
58 3 10544340
58 145 10544340
37 143 10391340
2 145 10379280
2 58 10376880
2 145 10376880
2 82 10294680
2 58 10280520
2 3 9962520
58 144 9950040
2 82 9797640
2 3 9688980
58 82 9683100
58 145 9593340
58 82 9243720
58 2 8485500
58 2 8124240
58 3 8124240
2 3 7956480
2 82 7515840
2 82 7272360
2 82 6745440
2 82 6317880
2 82 6316140
58 82 5720100
2 3 5030820
58 82 4956540
58 3 4859220
2 145 4848120
2 82 4846800
37 139 3057180
37 139 2962380
58 145 2596860
2 82 1822260
58 3 1488960
58 145 1488960
58 82 1302660
2 58 109020
58 82 0
