8 14 90408061
18 8 90392693
18 14 90392693
8 23 89120075
14 8 88837878
8 14 88602540
8 23 88599790
34 7 88328288
23 8 88245879
8 23 88245691
23 8 88243700
8 23 88243575
23 8 88243341
23 8 87994063
37 7 87893184
8 23 87810470
7 37 87810444
23 8 87720978
8 23 87720978
23 8 87716991
8 23 87393371
8 23 87380512
8 23 87377373
7 41 87312143
8 23 87227425
8 23 87227241
7 37 87221559
8 23 87111665
23 8 86712048
41 7 86694676
8 23 86686546
90 65 86619818
90 74 86619818
0 28 86535196
0 71 86535196
0 37 86518244
14 8 86506486
0 28 86505768
0 71 86505768
71 37 86448387
71 82 86448387
71 58 86448387
71 44 86448387
0 37 86425186
8 14 86420716
14 8 86420670
8 14 86419740
71 37 86265309
71 82 86265309
71 58 86265309
71 44 86265309
0 37 86100078
0 28 86086157
0 71 86086157
62 64 86083100
90 65 86009240
90 74 86009240
0 37 86000691
14 8 85996722
0 28 85989633
0 71 85989633
0 37 85925518
65 74 85868026
65 74 85853626
62 64 85819571
0 37 85595718
0 37 85510054
62 64 85385854
0 71 85335502
0 37 85335502
0 44 85335502
104 73 85326926
104 18 85326926
104 108 85326926
0 71 84993197
0 37 84993197
0 44 84993197
8 33 84970397
8 23 84970397
62 64 84956231
111 95 84955731
0 71 84907671
0 37 84907671
0 44 84907671
0 71 84820190
0 37 84820190
0 44 84820190
104 73 84811762
104 18 84811762
104 108 84811762
104 73 84803774
104 18 84803774
104 108 84803774
95 111 84788431
95 111 84787920
58 95 84708969
58 111 84708969
0 71 84648246
0 37 84648246
0 44 84648246
0 37 84629378
14 8 84612162
0 71 84383393
0 37 84383393
0 44 84383393
104 73 84375788
104 18 84375788
104 108 84375788
104 73 84369530
104 18 84369530
104 108 84369530
104 73 84367795
104 18 84367795
104 108 84367795
62 64 84347715
62 64 84345327
41 50 84282834
41 115 84282834
104 73 84280283
104 18 84280283
104 108 84280283
91 95 84263749
95 91 84262795
82 0 84203026
91 95 84182902
104 73 84176069
104 18 84176069
104 108 84176069
0 71 84123152
0 37 84123152
0 44 84123152
104 73 84019464
104 18 84019464
104 108 84019464
47 37 84018554
104 73 83993921
104 18 83993921
104 108 83993921
104 73 83764727
104 18 83764727
104 108 83764727
0 71 83753427
50 41 83747945
115 41 83747856
41 7 83675804
111 91 83663515
50 41 83662273
0 71 83603438
41 50 83588231
90 65 83578044
90 65 83575560
90 65 83571549
90 117 83571549
90 118 83571549
104 73 83415524
104 18 83415524
104 108 83415524
90 65 83412342
90 117 83412342
90 118 83412342
0 71 83089472
0 71 83065583
0 82 82455377
58 0 82449057
58 95 82386051
58 111 82386051
58 44 82386051
58 82 82372189
95 111 82363778
44 71 82309698
23 18 82216221
104 73 82207419
104 18 82207419
104 108 82207419
124 37 82204650
37 0 81856087
0 37 81855561
62 64 81851481
0 82 81843426
0 58 81843426
125 41 81842223
0 71 81684790
8 33 81608314
111 95 81598776
108 73 81342409
33 73 81325683
33 18 81325683
33 18 81265512
91 95 81261175
91 111 81261175
33 18 81259797
58 95 81254422
58 111 81254422
58 44 81254422
91 95 81095353
91 111 81095353
111 95 81086588
58 82 81085864
58 0 81085864
58 95 81078773
58 111 81078773
58 44 81078773
33 18 81065839
58 95 81064280
58 111 81064280
58 44 81064280
58 95 81064242
58 111 81064242
58 44 81064242
111 95 81061998
71 44 81016376
91 95 81012296
91 111 81012296
111 95 81002340
33 18 80972688
44 58 80936738
95 111 80737394
115 50 80732527
58 95 80716613
58 111 80716613
58 44 80716613
91 95 80665227
91 111 80665227
91 95 80661137
91 111 80661137
58 95 80651641
58 111 80651641
58 95 80650768
58 111 80650768
58 44 80650768
33 18 80638959
111 95 80630087
91 95 80575423
91 111 80575423
111 95 80559363
41 50 80541730
41 7 80541730
91 95 80488177
91 111 80488177
0 82 80479593
0 58 80479593
0 44 80479593
44 71 80475026
0 82 80473899
0 58 80473899
0 44 80473899
37 131 80471612
37 131 80468042
8 23 80463058
82 0 80457853
82 58 80457853
82 44 80457853
91 95 80400360
91 111 80400360
18 23 80397961
95 111 80380500
82 71 80379945
8 23 80378574
95 111 80371346
23 8 80368916
91 95 79975238
91 111 79975238
82 71 79961881
58 0 79952434
0 82 79952432
0 58 79952432
0 44 79952432
82 71 79951917
82 0 79940311
82 58 79940311
82 44 79940311
82 0 79940097
82 58 79940097
82 44 79940097
91 95 79886487
91 111 79886487
58 44 79885754
44 82 79885697
44 0 79885697
44 58 79885697
82 0 79874320
82 58 79874320
82 44 79874320
82 71 79858988
82 37 79858988
82 58 79858988
91 111 79853146
111 91 79853133
91 95 79805276
91 111 79805276
58 82 79797122
82 71 79797117
82 37 79797117
82 58 79797117
41 7 79788511
41 50 79788386
41 115 79788386
23 18 79786797
0 131 79781101
41 115 79779007
115 41 79778892
41 115 79778805
115 41 79778687
33 18 79776837
82 71 79532574
82 37 79532574
82 58 79532574
95 111 79528068
41 75 79523428
41 115 79523012
41 7 79523012
33 18 79515669
18 73 79453598
82 71 79448723
82 37 79448723
82 58 79448723
95 111 79448001
82 58 79444184
132 73 79442656
73 132 79440246
8 14 79438728
14 8 79435710
132 73 79430386
94 44 79427938
37 131 79424776
0 82 79422479
0 58 79422479
0 44 79422479
91 111 79365665
37 131 79365100
131 37 79358646
132 41 79356486
132 115 79356486
33 18 79350226
71 82 79345540
82 71 79344609
71 82 79344007
14 8 79340409
37 131 79340313
58 82 79338845
18 73 79331192
91 95 79277841
91 111 79277841
54 73 79274430
8 23 79264501
50 7 79262129
0 82 79257875
0 58 79257875
0 44 79257875
0 82 79254198
0 58 79254198
0 44 79254198
132 41 79251825
41 115 79243493
82 58 79194125
115 41 79186010
111 95 79179035
82 0 79170262
82 58 79170262
82 44 79170262
82 0 79170175
82 58 79170175
82 44 79170175
7 41 79163694
91 95 78930713
91 111 78930713
37 124 78923522
44 58 78914150
58 44 78913105
131 37 78911330
131 124 78911330
82 71 78844586
91 95 78843914
91 111 78843914
91 95 78843878
91 111 78843878
91 95 78843804
91 111 78843804
131 37 78843095
58 71 78842555
95 111 78838138
108 73 78825228
124 37 78824231
124 131 78823971
131 37 78823014
131 124 78823014
58 0 78810606
44 58 78765019
44 58 78763708
44 58 78762908
82 71 78760156
82 37 78760156
82 58 78760156
18 33 78759904
91 95 78758059
91 111 78758059
95 111 78756289
23 33 78753675
33 18 78734254
8 23 78733339
71 44 78732479
103 18 78731902
0 82 78729050
0 58 78729050
0 44 78729050
0 44 78727627
91 95 78675034
91 111 78675034
82 71 78673113
82 37 78673113
82 58 78673113
8 23 78672380
82 131 78671749
82 71 78667348
82 37 78667348
82 58 78667348
82 0 78665121
82 58 78665121
82 44 78665121
95 111 78663828
71 69 78660352
82 0 78655521
82 58 78655521
82 44 78655521
50 41 78653084
23 18 78649816
71 69 78649804
91 95 78591361
91 111 78591361
82 71 78586287
82 37 78586287
82 58 78586287
82 71 78583079
44 94 78581101
58 0 78578029
0 58 78575882
82 71 78574102
82 37 78574102
82 58 78574102
82 58 78573836
34 54 78569168
58 0 78563197
58 0 78563146
58 0 78563016
58 0 78563001
44 94 78561011
0 58 78559882
58 82 78402935
91 95 78326700
91 111 78326700
58 44 78319145
58 71 78319082
58 44 78319082
58 95 78317937
58 111 78317937
44 58 78315463
132 41 78311870
111 95 78306326
111 95 78305906
111 95 78305897
18 23 78298100
95 111 78295322
95 111 78293275
91 95 78243059
91 111 78243059
44 71 78238824
37 131 78234271
44 71 78227916
58 0 78224011
94 103 78222351
82 71 78220049
82 37 78220049
82 58 78220049
58 95 78219888
58 111 78219888
58 0 78219854
111 95 78218918
95 111 78218560
131 37 78158721
37 131 78157095
91 95 78155222
91 111 78155222
82 71 78152871
82 37 78152871
82 58 78152871
23 33 78149655
58 95 78146441
58 111 78146441
58 44 78146441
94 103 78135314
44 58 78132959
103 94 78132010
103 94 78131284
82 71 78131053
82 37 78131053
82 58 78131053
71 82 78130374
71 82 78130318
58 95 78128807
58 111 78128807
58 44 78128807
58 0 78125901
82 71 78125699
82 37 78125699
82 58 78125699
58 0 78124184
82 58 78123966
91 95 78066352
91 111 78066352
125 34 78065072
44 131 78064951
44 71 78064951
44 58 78064951
44 131 78064792
44 71 78064792
44 58 78064792
131 37 78063432
82 58 78062309
82 131 78062130
82 58 78062130
82 71 78057649
82 37 78057649
82 58 78057649
7 41 78057012
82 131 78056068
115 50 78056009
115 41 78056009
82 71 78050078
82 37 78050078
82 58 78050078
8 23 78047340
44 58 78044410
0 58 78042063
82 58 78041817
33 18 78037374
111 95 78031521
90 65 77985901
90 117 77985901
91 95 77981811
91 111 77981811
58 82 77981349
58 0 77980191
58 131 77978498
58 82 77978498
82 37 77975332
58 82 77973991
94 44 77966794
44 94 77966536
90 65 77954576
90 117 77954576
58 82 77721828
58 0 77721828
58 44 77721828
0 82 77718494
82 0 77713665
82 0 77712959
82 58 77712959
82 44 77712959
14 8 77708078
117 74 77703472
74 117 77703471
74 90 77703471
131 37 77691059
91 95 77638326
91 111 77638326
58 44 77636669
58 82 77635790
90 65 77631064
90 117 77631064
58 82 77629643
23 8 77629105
82 58 77629072
82 58 77628243
58 82 77627882
82 58 77622105
0 82 77620575
7 41 77612752
131 37 77607325
18 33 77599933
62 64 77599103
58 0 77541294
18 33 77537896
58 0 77535237
64 90 77527873
91 95 77460945
91 111 77460945
58 44 77453487
23 33 77452551
23 33 77452098
0 82 77451792
0 58 77451792
0 44 77451792
0 82 77451304
0 58 77451304
0 44 77451304
44 94 77447461
37 131 77443859
37 124 77443859
124 37 77441687
90 65 77382200
90 117 77382200
104 73 77376049
104 18 77376049
131 37 77372500
91 95 77370893
91 111 77370893
37 131 77365680
131 37 77364486
0 82 77364485
0 58 77364485
0 44 77364485
58 0 77364437
18 33 77363352
0 82 77359848
0 58 77359848
0 44 77359848
23 33 77359181
131 37 77352620
0 82 77346495
0 58 77346495
0 44 77346495
82 44 77345566
58 82 77345475
44 82 77345250
111 95 77337071
91 95 77113163
91 111 77113163
90 65 77112767
90 117 77112767
90 65 77110271
90 117 77110271
0 82 77108491
0 58 77108491
0 44 77108491
0 82 77106517
0 58 77106517
0 44 77106517
8 14 77092111
90 65 77092064
90 117 77092064
82 0 77090301
82 58 77090301
82 44 77090301
90 65 77030176
90 117 77030176
91 95 77029827
91 111 77029827
37 124 77029737
95 111 77029380
111 95 77028818
58 0 77028770
37 124 77007089
23 33 77006424
23 14 77004081
44 58 77004067
37 124 77002930
124 37 77000794
82 0 77000722
37 131 76946369
91 95 76942048
91 111 76942048
90 65 76940513
90 117 76940513
132 50 76939289
132 41 76939289
132 115 76939289
132 7 76939289
37 124 76934662
131 37 76929529
131 37 76928322
37 131 76920677
124 37 76920176
124 37 76918765
90 65 76862019
90 117 76862019
37 124 76860896
37 124 76859835
131 37 76858626
91 95 76858299
91 111 76858299
82 44 76852060
14 23 76850567
44 82 76850563
44 0 76850563
44 58 76850563
58 0 76848459
0 44 76843526
23 33 76838005
90 65 76837164
90 117 76837164
44 0 76837122
91 95 76770830
91 111 76770830
58 0 76755210
58 44 76748319
117 65 76747521
117 90 76747521
14 23 76746667
91 95 76508642
91 111 76508642
117 90 76502795
90 65 76495809
90 117 76495809
18 73 76476431
91 95 76425385
91 111 76425385
125 41 76412553
111 95 76406433
111 95 76400575
91 95 76341434
91 111 76341434
91 95 76337562
91 111 76337562
111 47 76334537
82 44 76331501
8 23 76331480
131 37 76328661
23 33 76326572
58 82 76323881
58 0 76323881
58 44 76323881
91 95 76251463
91 111 76251463
23 8 76244179
37 131 76239932
8 23 76239246
8 23 76235960
8 23 76230258
33 18 76229781
23 8 76226457
23 33 76226424
37 131 76226293
91 95 76165920
91 111 76165920
23 8 76164596
58 82 76160813
58 0 76160813
44 82 76157803
58 0 76156583
58 44 76156210
0 82 76143564
82 44 76138448
44 82 76137894
111 95 76129246
58 0 75906977
58 0 75906946
91 95 75906219
91 111 75906219
58 0 75903345
0 82 75893497
0 58 75893497
0 44 75893497
44 0 75830014
44 58 75830014
58 44 75823070
91 95 75821526
91 111 75821526
131 37 75819208
131 37 75814874
58 95 75806678
58 111 75806678
58 44 75806678
125 41 75806213
58 0 75796566
91 95 75729835
91 111 75729835
71 44 75727203
0 58 75726192
0 82 75721612
0 58 75721612
0 44 75721612
58 95 75720133
58 111 75720133
58 44 75720133
90 65 75718522
90 117 75718522
23 8 75718103
50 41 75717462
8 23 75714624
58 82 75712965
58 0 75712965
58 44 75712965
0 82 75711774
0 58 75711774
91 95 75645175
91 111 75645175
0 44 75644227
71 28 75640372
58 44 75636262
111 95 75634756
0 82 75618635
0 58 75618635
0 44 75618635
91 95 75561201
91 111 75561201
124 37 75553224
44 82 75552855
82 44 75549786
33 18 75547649
90 65 75539661
90 117 75539661
111 91 75537397
8 23 75531538
90 65 75531252
90 117 75531252
23 8 75530984
90 65 75528890
90 117 75528890
91 95 75301683
91 111 75301683
0 58 75294914
33 18 75288512
0 82 75280543
0 58 75280543
0 44 75280543
111 47 75280288
58 82 75274597
58 0 75274597
58 44 75274597
91 95 75220830
91 111 75220830
44 82 75219665
44 0 75219665
44 58 75219665
117 74 75204332
82 0 75204165
82 58 75204165
82 44 75204165
131 37 75191895
33 18 75184641
91 95 75131609
91 111 75131609
131 37 75120079
111 91 75119087
90 65 75105737
90 74 75105737
90 117 75105737
44 58 75102767
44 58 75102619
8 33 75102487
91 95 75042507
91 111 75042507
33 18 75027836
82 71 75020647
33 23 74939744
82 58 74682776
44 82 74607847
44 0 74607847
44 58 74607847
90 65 74607144
90 117 74607144
18 73 74602693
125 41 74598328
82 58 74587031
58 44 74519951
58 44 74508351
58 95 74506977
58 111 74506977
58 44 74506977
90 65 74490922
90 117 74490922
8 14 74490282
37 131 74439903
111 95 74430545
0 44 74427586
82 44 74426010
44 82 74424334
44 0 74424334
44 58 74424334
90 65 74414358
90 117 74414358
37 124 74410076
131 37 74409881
58 95 74341398
58 111 74341398
58 44 74341398
82 0 74326967
82 58 74326967
82 44 74326967
103 73 74326330
125 54 74322553
131 37 74089254
82 0 74088069
58 95 74074676
58 111 74074676
58 44 74074676
37 131 74064856
111 95 74057171
90 65 74001862
90 117 74001862
41 50 73988341
41 115 73988341
41 132 73988341
41 7 73988341
71 44 73987517
95 111 73982354
125 41 73981804
58 44 73976880
131 37 73920295
82 0 73910249
82 58 73910249
82 44 73910249
131 37 73905064
71 44 73894916
125 41 73888856
44 82 73875161
44 0 73875161
44 58 73875161
44 71 73725927
44 82 73724965
44 0 73724965
44 58 73724965
37 131 73721159
82 0 73479066
82 58 73479066
82 44 73479066
131 37 73457610
125 41 73367226
131 37 73315408
37 131 73309503
131 37 73198450
18 33 72872056
44 58 72871080
44 82 72860610
44 0 72860610
44 58 72860610
82 0 72791674
82 58 72791674
82 44 72791674
131 115 72709491
62 125 72667884
37 131 72625744
37 131 72622403
18 33 72615103
18 73 72615103
62 125 72607596
125 62 72607123
131 82 72603112
103 73 72593295
125 41 72528162
104 73 72498850
104 18 72498850
104 73 72277462
104 18 72277462
131 37 72273107
131 37 72272544
131 37 72268669
82 131 72268632
103 73 72243293
111 95 72179701
44 82 72160884
44 82 72160871
44 82 72105619
131 37 72086501
131 37 72019920
104 73 72006541
104 18 72006541
111 95 71985495
37 131 71934585
111 95 71911580
111 95 71908595
131 37 71648671
95 111 71636384
82 58 71575284
131 37 71574745
44 58 71559782
71 44 71558913
44 58 71556062
82 58 71499107
33 8 71494729
131 37 71475440
131 37 71406806
82 0 71398714
82 58 71398714
82 44 71398714
82 58 71397717
82 44 71386906
0 44 71383102
33 8 71330248
44 82 71325687
44 0 71325687
44 58 71325687
37 131 71311172
131 37 71306211
37 131 71305281
131 37 71299568
44 58 71243693
131 37 71067493
131 37 71056021
131 37 70890522
44 82 70868126
44 0 70868126
44 58 70868126
44 58 70866175
103 58 70804170
103 44 70804170
117 74 70799836
103 73 70723448
117 90 70722653
82 58 70719688
37 131 70710099
103 73 70445300
82 58 70351205
82 58 70350480
131 37 70281515
90 65 70280400
90 117 70280400
131 37 70266522
82 0 70262686
82 58 70262686
82 44 70262686
131 37 70199710
111 95 69853245
95 111 69753166
44 58 69747888
82 58 69745961
44 82 69664169
44 0 69664169
44 58 69664169
117 74 69580827
131 115 69578991
82 58 69575262
111 95 69506816
95 111 69503932
44 82 69483144
44 0 69483144
44 58 69483144
131 37 69248919
44 94 69232378
37 131 69224758
44 82 69168681
37 131 69149504
131 37 69147821
117 74 69143725
131 115 69143403
125 34 69068901
82 0 69056162
82 58 69056162
82 44 69056162
95 111 69044422
95 91 68991388
111 91 68990612
131 37 68982477
131 37 68981693
117 74 68889256
117 90 68889256
44 94 68878310
95 111 68612470
82 131 68563657
82 0 68558418
82 58 68558418
82 44 68558418
82 0 68556368
82 58 68556368
95 111 68526863
82 0 68474031
131 37 68449099
95 111 68440910
95 111 68353372
95 111 68300396
95 111 68294417
95 111 68287347
90 74 67697915
82 0 67684630
131 37 67347938
111 132 67059917
131 37 66739294
90 74 66725412
74 90 66725058
103 73 66658398
131 37 66653001
82 58 66639109
18 8 66634258
37 115 66575736
115 37 66561383
131 37 66545129
111 73 66046265
111 73 66019908
91 95 65624344
91 111 65624344
116 73 65616821
116 73 65591400
116 73 65589407
91 95 65541739
91 111 65541739
82 58 65518560
116 73 65510533
0 82 65507760
0 58 65507760
58 71 65486940
58 0 65486940
125 34 65431077
116 62 65423897
116 73 65339710
116 73 65339265
131 144 65325360
58 44 65321100
0 82 65317260
0 58 65317260
82 0 65316120
82 58 65316120
91 95 65279005
91 111 65279005
44 18 65266537
111 95 65258866
116 73 65246882
0 82 65245200
0 58 65245200
0 82 65243940
0 58 65243940
131 144 65242320
144 131 65240100
144 131 65240040
0 82 65236080
0 58 65236080
131 37 65034960
91 95 65024184
91 111 65024184
131 37 64998960
34 125 64998859
131 0 64981260
91 95 64935855
91 111 64935855
116 73 64920248
116 73 64907915
95 91 64901235
82 0 64885020
82 58 64885020
58 82 64883700
58 0 64883700
131 37 64861860
50 95 64846908
95 50 64846892
131 37 64846140
37 131 64839360
0 82 64826400
0 58 64826400
0 82 64820160
0 58 64820160
116 73 64816071
37 131 64803360
125 54 64732363
125 34 64732363
116 28 64728947
116 132 64728947
116 111 64728947
0 82 64727640
0 58 64727640
0 82 64719960
0 58 64719960
58 82 64713720
58 0 64713720
91 95 64414626
91 111 64414626
95 50 64321800
50 95 64320310
111 95 64291908
111 91 64291908
0 82 64285800
0 58 64285800
0 82 64285500
0 58 64285500
131 144 64280160
18 33 64252980
131 144 64225920
111 95 64217700
41 132 64212063
41 7 64212063
74 117 64159025
91 95 64157509
91 111 64157509
18 33 64144440
18 8 64144440
116 62 64139216
116 28 64139216
116 41 64139216
116 54 64139216
116 47 64139216
116 132 64139216
116 7 64139216
116 111 64139216
116 21 64139216
116 34 64139216
116 125 64139216
116 90 64139216
116 127 64139216
95 91 64134250
91 95 64133579
91 111 64133579
95 91 64133365
91 95 64133255
91 111 64133255
0 82 64130760
0 58 64130760
18 33 64108440
18 8 64108440
71 58 64084800
37 131 64064400
58 82 64049940
71 58 64048800
0 58 64030140
0 58 64029600
37 131 64028400
131 37 64026840
0 58 64025340
37 131 63798660
7 41 63784127
58 82 63782940
37 131 63762660
7 41 63719801
58 82 63701700
58 0 63687480
58 82 63616020
58 82 63611700
0 58 63591240
95 91 63556620
95 91 63549180
18 33 63547500
95 91 63538668
95 91 63531194
58 82 63529860
58 82 63523200
37 71 63510720
131 37 63503460
131 37 63444720
58 82 63435060
0 58 63174900
58 82 63174180
58 0 63174180
37 131 63172020
58 95 63160800
58 111 63160800
18 33 63113040
95 91 63104220
111 95 63103860
58 82 63102120
58 82 63093720
131 144 63088560
0 58 63079800
131 144 63077940
95 91 63068220
111 95 63067860
41 115 63019235
58 82 63014640
131 144 63004740
58 95 63004440
131 37 63004440
58 111 63004440
131 37 63004320
116 73 62936380
58 82 62925000
58 0 62905500
18 33 62872500
115 41 62856973
58 82 62839260
116 28 62824776
116 111 62824776
58 82 62819580
58 95 62819460
58 111 62819460
58 82 62818020
91 95 62554560
116 28 62424560
116 132 62424560
116 111 62424560
116 28 62424128
116 111 62424128
116 28 62422995
116 111 62422995
117 63 62404440
18 33 62324280
0 58 62322660
58 82 62322540
58 0 62322540
58 82 62321160
37 131 62305380
0 58 62291700
18 33 62288280
116 73 62239446
116 18 62239085
58 82 62235180
144 131 62234280
37 131 62212860
58 71 61974660
58 144 61974660
131 144 61970160
0 58 61968600
58 82 61957380
58 82 61891080
116 73 61879493
117 74 61871700
131 144 61869900
116 111 61824118
116 111 61821938
94 71 61803720
117 63 61803060
58 82 61802940
0 58 61785840
0 58 61771680
58 82 61718400
37 131 61709700
116 73 61700214
131 144 61695900
58 82 61633740
58 82 61632060
0 58 61629540
58 82 61626660
58 0 61626660
58 0 61621380
116 73 61617088
116 111 61617088
116 73 61573623
117 63 61371360
58 82 61367580
0 58 61279920
58 82 61278360
58 0 61255740
58 82 61254960
23 8 61193334
0 58 61176540
58 82 61112760
37 131 61108020
116 62 61105436
117 63 61089660
0 58 61088100
58 82 61026300
58 82 61024440
18 33 61004700
117 90 60759120
117 90 60759000
0 58 60753540
58 82 60748320
58 82 60681600
111 95 60665640
58 82 60599760
58 82 60582900
116 73 60577931
58 82 60508620
131 144 60502980
131 37 60502920
131 144 60495540
131 144 60494820
131 144 60486180
37 131 60485220
131 37 60484620
111 95 60472800
132 41 60437220
58 82 60415980
58 0 60414000
58 0 60393720
58 95 60393480
58 111 60393480
0 58 60161640
41 132 60155460
0 58 60075060
111 95 59969220
131 144 59884140
58 82 59878500
58 0 59878500
58 0 59877480
58 82 59815920
131 37 59810220
71 94 59797500
71 94 59793780
58 82 59787780
116 73 59566491
94 71 59551980
58 95 59550060
58 111 59550060
126 37 59543580
37 126 59534520
0 58 59530500
95 111 59529780
95 91 59463060
58 82 59460300
131 37 59459700
37 131 59447460
131 144 59447040
82 58 59438760
58 82 59438340
116 73 59372475
0 58 59366100
37 95 59360880
91 95 59358420
0 58 59357880
58 0 59357400
37 131 59294400
58 82 59291760
58 0 59290140
37 126 59285160
131 37 59283060
131 37 59276940
58 95 59264340
58 111 59264340
58 82 59264340
0 58 59263680
37 131 59203200
0 58 59202900
111 95 59200200
111 91 59200200
144 131 59177520
131 144 58954380
58 82 58954020
58 0 58951200
0 58 58948920
58 95 58945680
58 111 58945680
95 91 58937280
149 90 58928220
58 82 58867620
58 95 58859460
58 111 58859460
82 58 58854480
144 131 58852860
131 144 58846440
144 131 58843440
131 144 58842120
116 73 58789946
116 111 58788680
95 91 58781220
58 82 58780260
58 95 58779600
58 111 58779600
95 91 58774560
58 0 58773480
95 91 58772700
71 58 58761060
111 95 58758480
58 111 58751880
58 82 58751700
131 144 58691220
58 95 58685460
58 111 58685460
131 37 58676760
58 82 58607520
37 131 58605660
37 131 58605600
37 131 58605480
58 95 58602300
58 111 58602300
71 58 58434360
94 73 58393500
131 144 58345500
37 126 58340040
58 0 58339740
0 58 58339380
58 0 58339200
58 111 58339020
58 71 58264980
71 58 58259820
58 0 58234380
117 74 58231440
117 140 58231440
125 34 58227960
111 146 58226460
58 82 58177200
58 82 58172880
144 58 58167120
58 144 58165440
116 73 58161593
144 131 58149420
131 144 58090380
144 131 58081620
144 131 58080840
58 0 58001280
58 82 58000620
58 82 57744360
126 37 57738660
0 58 57731640
71 94 57725520
58 82 57713400
58 82 57571380
58 82 57540420
111 73 57465480
58 82 57454920
111 73 57449760
58 71 57381180
58 0 57377700
58 0 57377640
131 144 57370260
37 131 57367980
58 82 57139740
126 37 57129900
131 144 57121500
58 0 57103800
58 82 57055140
58 144 57045960
58 0 57038880
131 144 57029160
58 82 56965860
111 95 56885160
58 82 56880300
91 95 56867460
95 91 56851740
58 0 56851140
95 91 56850480
58 82 56794680
116 111 56789795
116 111 56779451
142 47 56773500
91 95 56767320
116 111 56734500
0 58 56532960
37 126 56525040
41 132 56504760
58 82 56504760
116 62 56477518
58 82 56448780
0 58 56439600
116 111 56386856
58 82 56360820
58 0 56345700
0 58 56342400
131 144 56338440
0 58 56329260
116 73 56299626
58 82 56275320
116 73 56187220
116 111 56184769
116 73 56183434
0 58 55925340
91 95 55888920
91 111 55888920
58 0 55813860
37 131 55757940
0 58 55752780
58 0 55733100
111 91 55721160
58 0 55668540
58 71 55663860
58 0 55663860
58 82 55653360
58 82 55652340
111 91 55635540
117 140 55577940
58 0 55570260
58 144 55555800
0 58 55555260
58 82 55326000
126 37 55323360
91 111 55307340
111 91 55307160
91 111 55292100
111 95 55291740
111 91 55291740
58 82 55236300
0 58 55218060
58 82 55151940
58 82 55144440
116 132 55141307
116 111 55141307
58 144 55140000
91 111 55131240
111 95 55041420
58 82 54981600
111 95 54978240
131 144 54958380
58 144 54955260
58 82 54949560
116 111 54924882
131 144 54691140
116 73 54657066
58 0 54628380
131 144 54611040
58 82 54606840
0 58 54601740
0 58 54600600
58 0 54544980
91 95 54538740
58 95 54531900
58 111 54531900
91 111 54524340
111 91 54523860
58 82 54519780
58 0 54516900
91 111 54516540
111 91 54515820
91 111 54514920
111 91 54514620
91 111 54512340
82 71 54458520
58 82 54456660
117 90 54452640
117 90 54451920
37 58 54376920
111 73 54369540
73 111 54356580
58 144 54348180
58 82 54114000
58 82 54112860
0 58 54112740
58 82 54108000
58 82 54085380
58 82 54001020
58 0 53999760
111 73 53943720
58 0 53938200
58 0 53923500
58 0 53923080
111 95 53914860
58 82 53912460
58 0 53854380
58 82 53826840
111 73 53784600
111 146 53784600
58 82 53504580
58 0 53481180
58 0 53419920
58 82 53406900
58 82 53398320
58 82 53323500
58 82 53318880
149 73 53314860
91 95 53226420
58 82 53221620
111 95 52810260
58 82 52731360
58 82 52717860
149 90 52709460
58 82 52644660
58 0 52557780
58 82 52291500
58 82 52291440
0 58 52267620
58 82 52215660
58 0 52204860
58 0 52203660
58 0 52199220
58 82 52187520
111 95 52123500
64 142 52117080
142 64 52114080
73 111 52096380
111 73 52094820
58 82 52039920
58 82 52011060
37 131 51609780
58 82 51608220
58 82 51523380
111 95 51514140
58 82 51505320
58 82 51505140
111 95 51444480
131 37 50992080
58 0 50978040
58 0 50977620
58 82 50918040
58 82 50916720
58 82 50831400
58 82 50802660
58 82 50488320
142 47 50474520
73 111 50453880
47 21 50393520
47 146 50393520
58 0 50375760
104 33 50315820
104 73 50315820
104 18 50315820
104 33 50315700
104 73 50315700
104 18 50315700
58 0 50314140
111 73 50296200
104 33 50291820
104 73 50291820
104 18 50291820
58 82 50284560
58 144 50284560
104 33 50217600
104 73 50217600
104 18 50217600
104 33 50217540
104 73 50217540
104 18 50217540
104 33 50217480
104 73 50217480
104 18 50217480
0 58 50197860
58 82 50145360
58 144 50145360
0 58 50112780
0 58 50109240
94 71 49879320
58 0 49867260
111 73 49787100
0 58 49769880
82 58 49769640
111 132 49752420
58 71 49712760
131 144 49710180
71 94 49701960
94 71 49701180
71 94 49699800
58 82 49680060
58 144 49680060
104 73 49676100
94 71 49645740
58 82 49618560
58 0 49618560
82 0 49618020
82 58 49618020
58 82 49616640
58 0 49616640
149 71 49600500
149 71 49597080
0 58 49590720
58 82 49590660
58 144 49590660
0 58 49529760
149 71 49521960
82 58 49504440
58 82 49272360
58 144 49272360
0 58 49270380
104 33 49267740
104 73 49267740
104 18 49267740
18 33 49245600
58 82 49188060
58 144 49188060
58 0 49182960
58 82 49174140
58 144 49174140
0 58 49171500
58 82 49100820
58 144 49100820
23 18 49086840
131 144 49085880
58 0 49075380
58 0 48998160
58 0 48987720
58 0 48986460
58 82 48930480
82 58 48930180
58 82 48927000
58 144 48927000
74 140 48797700
126 21 48379560
132 41 48314220
82 58 48300720
58 82 48214920
58 144 48214920
91 95 48047520
91 95 48043800
58 82 47976480
58 144 47976480
0 58 47962380
0 58 47961360
58 82 47951160
91 95 47891460
58 82 47890380
58 0 47890380
82 0 47889900
82 58 47889900
58 82 47889480
58 0 47889480
58 82 47879700
58 144 47879700
41 132 47871300
94 58 47830440
58 82 47807940
58 82 47806440
58 144 47806440
126 37 47805600
58 82 47805180
82 58 47805060
58 0 47801040
58 0 47795340
58 0 47785200
58 0 47782560
58 82 47781300
82 58 47781120
58 82 47779560
82 58 47779440
58 82 47774040
58 82 47720520
58 144 47720520
82 58 47714880
58 82 47714520
58 0 47714520
41 132 47714460
94 71 47712180
18 73 47711040
58 82 47707980
58 144 47707980
58 82 47692680
58 82 47692260
58 95 47691660
58 111 47691660
149 63 47457180
58 82 47453220
58 144 47453220
82 58 47450880
94 58 47442300
0 58 47440260
18 23 47438460
58 82 47432220
58 144 47432220
111 91 47370420
58 94 47360520
0 58 47344260
58 82 47293140
58 144 47293140
91 95 47198280
58 82 47197620
58 144 47197620
58 0 47192940
58 82 47192160
58 144 47192160
149 64 47172660
58 82 47115480
58 144 47115480
111 91 47027760
58 82 46858740
58 144 46858740
58 0 46856820
58 82 46855620
58 82 46855560
82 58 46855320
0 58 46837140
58 82 46768440
58 144 46768440
91 95 46760460
58 0 46754880
0 58 46743840
91 95 46738680
95 91 46736760
58 82 46682700
58 144 46682700
0 58 46677480
131 144 46661700
0 58 46652280
95 91 46618260
58 82 46597800
58 144 46597800
126 37 46594680
58 82 46592100
58 0 46592100
82 0 46591920
82 58 46591920
58 0 46580220
131 144 46570140
58 82 46568640
58 82 46510620
58 144 46510620
58 0 46505640
144 58 46499880
0 58 46484820
58 82 46483560
0 58 46252680
58 82 46252380
58 144 46252380
58 0 46247460
0 58 46239960
131 144 46229580
58 82 46229340
58 144 46229340
58 82 46222440
58 144 46222440
58 82 46162560
58 144 46162560
58 82 46151160
58 144 46151160
0 58 46148520
58 82 46134240
58 144 46134240
58 82 46081680
58 144 46081680
58 82 46074180
58 144 46074180
144 58 46052580
58 144 45992040
58 82 45984240
58 144 45984240
58 0 45983880
95 91 45961380
58 82 45901140
58 144 45901140
58 82 45892500
58 144 45892500
58 0 45637080
58 0 45636120
149 63 45556380
149 64 45556380
58 82 45539820
58 144 45539820
58 0 45531600
58 82 45527040
58 144 45527040
131 37 45466860
58 82 45456600
58 144 45456600
58 82 45381600
58 0 45381600
82 0 45381420
82 58 45381420
58 82 45381240
58 0 45381240
0 58 45380100
58 0 45374520
58 82 45372420
58 144 45372420
131 144 45369780
58 82 45297240
58 144 45297240
58 82 45296880
58 144 45296880
58 0 45288660
95 91 45281580
58 0 45279060
91 95 45214560
91 95 45214020
58 144 45042300
0 58 45040980
0 58 45037980
0 58 44938800
58 0 44930640
58 82 44925900
58 144 44925900
0 58 44845440
58 82 44841000
82 58 44840160
58 82 44839860
95 91 44838300
58 82 44787300
58 144 44787300
82 58 44780040
58 82 44779320
82 58 44779020
149 71 44759280
58 82 44749140
58 144 44749140
131 144 44669340
0 58 44668140
58 82 44666760
58 144 44666760
58 82 44666400
58 144 44666400
58 82 44264100
58 144 44264100
58 82 44177700
58 144 44177700
58 82 44172660
58 0 44172480
82 58 44172300
58 144 44168880
111 95 44165820
146 111 44093520
58 82 44093220
58 144 44093220
0 58 44064420
149 63 44061000
58 82 43825380
58 144 43825380
58 0 43802640
111 95 43748880
111 91 43748880
131 144 43747200
58 82 43743120
58 144 43743120
58 0 43719720
111 132 43717020
58 0 43716720
58 82 43658700
58 144 43658700
131 144 43649340
41 146 43642080
58 0 43630320
58 0 43577580
58 82 43570140
58 144 43570140
37 131 43486140
58 82 43483440
58 144 43483440
58 82 43226340
58 144 43226340
82 0 43219620
82 58 43219620
58 82 43217580
58 0 43217580
58 82 43194780
58 144 43194780
131 144 43137660
58 82 43051380
58 144 43051380
131 144 43032720
58 82 42970920
82 58 42970380
58 82 42970020
58 82 42964740
58 144 42964740
131 144 42947160
58 82 42939120
58 144 42939120
58 82 42882720
58 144 42882720
111 73 42877500
58 82 42620640
58 144 42620640
58 0 42620580
58 82 42537000
58 144 42537000
149 63 42512520
41 75 42451680
58 82 42447480
58 144 42447480
58 82 42420780
82 58 42367740
58 82 42367140
58 82 42366780
58 82 42366480
58 144 42366480
82 58 42343380
58 82 42342360
58 71 42339240
58 82 42334620
58 144 42334620
58 82 42334020
58 144 42334020
63 149 42281400
149 71 42274200
131 144 42271740
0 58 42256440
41 146 42255480
149 90 42021720
131 144 42018660
144 58 42010740
131 144 42004500
58 82 41995500
58 144 41995500
149 63 41995260
58 82 41988780
58 144 41988780
58 111 41919960
58 144 41907720
0 58 41905200
58 82 41846220
58 144 41846220
82 58 41844660
0 58 41837040
58 0 41825880
58 82 41757840
58 144 41757840
146 41 41738460
41 146 41737140
58 82 41409480
58 144 41409480
41 146 41393340
146 41 41392620
41 146 41388120
58 82 41383560
58 144 41383560
125 41 41315460
125 142 41315460
125 146 41315460
41 125 41298000
58 82 41237400
58 144 41237400
58 0 41225940
58 82 41150880
58 144 41150880
91 95 41129940
37 132 41068920
132 37 41067180
58 82 41063040
58 144 41063040
58 0 41062080
58 82 40810860
58 144 40810860
58 82 40720980
58 144 40720980
58 82 40639740
58 144 40639740
131 144 40627500
131 144 40626420
58 0 40615080
58 82 40607820
58 82 40605180
58 144 40605180
131 144 40551300
58 0 40536900
58 71 40519920
58 82 40519920
58 144 40519920
111 95 40513020
149 64 40490400
131 144 40451820
58 0 40449360
111 146 40447320
131 144 40441740
58 71 40434180
58 82 40434180
58 144 40434180
131 144 40198980
131 37 40179120
82 58 40177920
131 37 40175760
58 71 40118940
58 82 40118940
58 144 40118940
58 144 40114620
58 144 40112400
58 0 40109160
58 71 40089180
58 82 40089180
58 144 40089180
58 71 40031820
58 82 40031820
58 144 40031820
58 0 40017180
58 0 40004580
58 71 39945420
58 82 39945420
58 144 39945420
58 0 39945360
58 0 39943740
58 82 39936780
82 58 39933900
58 82 39932520
58 71 39931860
58 82 39931860
58 144 39931860
58 71 39931680
58 82 39931680
58 144 39931680
0 58 39912840
131 144 39838740
58 71 39510480
58 82 39510480
58 144 39510480
131 144 39492840
58 71 39482880
58 82 39482880
58 144 39482880
111 73 39342420
58 71 39340860
58 82 39340860
58 144 39340860
131 144 39314040
58 71 39309840
58 82 39309840
58 144 39309840
58 71 39246960
71 58 39226800
37 94 38996340
37 94 38994480
58 71 38994300
58 82 38994300
58 144 38994300
58 71 38905560
58 82 38905560
58 144 38905560
58 144 38879100
58 71 38820660
58 82 38820660
58 144 38820660
58 71 38792400
58 82 38792400
58 144 38792400
144 58 38720640
58 71 38719380
58 82 38719380
58 144 38719380
82 58 38715060
58 71 38714580
58 82 38714580
58 144 38714580
58 144 38712840
58 71 38649660
58 82 38649660
58 144 38649660
58 144 38643900
144 58 38642700
58 71 38640060
58 82 38640060
58 144 38640060
131 144 38391300
58 71 38376120
58 82 38376120
58 144 38376120
58 71 38361420
58 82 38361420
58 144 38361420
58 71 38218020
58 82 38218020
58 144 38218020
58 71 38131320
58 82 38131320
58 144 38131320
58 71 38103960
58 82 38103960
58 144 38103960
58 71 38102940
58 82 38102940
58 144 38102940
58 71 38041980
58 82 38041980
58 144 38041980
58 71 37781220
58 82 37781220
58 144 37781220
58 71 37699020
58 82 37699020
58 144 37699020
95 58 37676460
58 71 37614120
58 82 37614120
58 144 37614120
82 58 37591860
58 71 37581240
58 82 37581240
58 144 37581240
58 71 37580700
58 82 37580700
58 144 37580700
149 71 37429560
111 95 37184400
58 71 37178100
58 82 37178100
58 144 37178100
58 82 37097280
82 58 37094460
58 82 37093620
82 58 37093500
58 82 37092960
82 58 37092480
144 58 37090920
58 71 37090740
58 82 37090740
58 144 37090740
131 37 37068000
131 144 37065540
58 71 37002120
58 82 37002120
58 144 37002120
91 95 36989520
131 144 36988020
91 95 36987780
58 71 36983940
58 82 36983940
58 144 36983940
58 71 36922560
58 82 36922560
58 144 36922560
58 144 36893820
58 71 36890820
58 82 36890820
58 144 36890820
58 71 36568020
58 82 36568020
58 144 36568020
58 71 36486300
58 82 36486300
58 144 36486300
58 71 36469680
58 82 36469680
58 144 36469680
131 144 36465420
111 95 36397080
58 71 36385800
58 82 36385800
58 144 36385800
91 95 36372720
144 58 35942040
58 144 35937900
58 71 35937420
58 82 35937420
58 144 35937420
131 144 35871660
131 144 35871540
144 58 35871360
58 71 35863500
58 82 35863500
58 144 35863500
58 71 35862720
58 82 35862720
58 144 35862720
131 34 35797020
58 144 35796120
144 58 35795940
58 71 35794680
58 82 35794680
58 144 35794680
58 144 35774700
58 71 35713140
58 82 35713140
58 144 35713140
131 144 35709240
58 71 35625540
58 82 35625540
58 144 35625540
58 82 35611200
58 71 35365200
58 82 35365200
58 144 35365200
131 144 35364480
58 82 35363820
58 82 35358000
58 71 35344860
58 82 35344860
58 144 35344860
82 58 35269140
58 82 35266200
82 58 35263920
58 82 35194380
82 58 35193600
58 71 35193360
58 82 35193360
58 144 35193360
58 82 35192640
82 58 35184000
58 71 35180460
58 82 35180460
58 144 35180460
131 144 35169960
131 144 35106180
104 73 35103360
58 71 35103180
58 82 35103180
58 144 35103180
58 71 35019780
58 82 35019780
58 144 35019780
58 82 35018700
58 144 35012940
58 71 34990440
58 82 34990440
58 144 34990440
131 144 34752960
131 144 34750980
58 71 34676220
58 82 34676220
58 144 34676220
58 71 34660680
58 71 34593000
58 82 34593000
58 144 34593000
58 71 34561440
58 82 34561440
58 144 34561440
58 71 34156200
58 82 34156200
58 144 34156200
58 71 34152840
58 82 34152840
58 144 34152840
58 71 34127340
58 82 34127340
58 144 34127340
58 71 33988080
58 82 33988080
58 144 33988080
131 34 33976680
131 144 33959940
58 71 33896460
58 82 33896460
58 144 33896460
131 144 33896220
131 144 33883020
58 71 33812460
58 82 33812460
58 144 33812460
34 131 33806460
58 71 33553920
58 82 33553920
58 144 33553920
131 34 33550020
58 144 33468960
58 71 33465660
58 82 33465660
58 144 33465660
131 144 33446400
58 71 33435600
58 82 33435600
58 144 33435600
131 144 33360720
58 71 33299340
58 82 33299340
58 144 33299340
144 58 33263940
58 71 32941500
58 82 32941500
58 144 32941500
58 71 32861880
58 82 32861880
58 144 32861880
58 144 32861040
131 144 32848380
131 144 32842860
58 71 32778360
58 82 32778360
58 144 32778360
58 71 32687460
58 82 32687460
58 144 32687460
58 71 32652960
58 82 32652960
58 144 32652960
111 116 32597760
58 71 32342700
58 82 32342700
58 144 32342700
131 144 32226900
58 71 32083740
58 82 32083740
58 144 32083740
131 144 32080740
58 144 32069040
58 71 31997880
58 82 31997880
58 144 31997880
34 131 31979220
82 58 31730760
58 144 31725720
131 34 31725600
144 58 31725120
34 131 31717680
131 34 31712220
58 82 31705620
58 71 31647480
58 82 31647480
58 144 31647480
37 126 31646280
58 71 31560660
58 82 31560660
58 144 31560660
58 71 31556580
58 82 31556580
58 144 31556580
58 71 31535460
58 82 31535460
58 144 31535460
82 58 31463760
58 82 31463280
58 71 31446000
58 82 31446000
58 144 31446000
58 71 31135380
58 82 31135380
58 144 31135380
58 71 31049280
58 82 31049280
58 144 31049280
58 82 31015860
58 82 31012560
58 71 31012020
58 82 31012020
58 144 31012020
131 82 30946740
131 34 30931980
58 71 30928680
58 82 30928680
58 144 30928680
58 82 30872340
82 58 30869760
146 111 30781500
58 82 30778320
58 82 30774180
131 34 30428640
34 131 30428220
131 34 30415800
58 82 30408360
58 82 30344640
58 82 30265920
58 82 30262140
131 34 30259740
58 82 30256560
82 58 30255540
58 82 30172500
58 144 30172500
144 58 30172500
58 82 29892720
131 144 29892360
144 58 29832480
58 82 29746920
82 58 29745840
82 58 29722560
131 144 29665560
131 144 29577180
131 144 29568180
131 144 29311260
41 132 29213880
131 144 29134740
111 95 29058540
131 144 29046540
37 132 29044140
37 132 28447620
37 132 28446300
58 71 28371180
58 144 28371180
58 82 28343760
82 58 28101360
82 58 28074840
58 71 28070820
58 144 28070820
82 58 28025340
58 71 27987000
58 144 27987000
58 82 27932880
58 71 27846660
58 144 27846660
58 144 27815700
58 71 27813960
58 144 27813960
58 144 27735780
58 82 27404700
58 82 27396480
58 82 27388260
58 71 27386820
58 144 27386820
58 82 27302100
58 71 27213240
58 144 27213240
58 71 26901120
58 144 26901120
58 82 26892660
58 71 26875200
58 144 26875200
146 111 26807220
146 111 26801100
58 71 26639100
58 144 26639100
58 71 26553900
58 144 26553900
58 71 26541840
58 82 26541840
58 71 26291100
58 144 26291100
58 71 26263200
58 144 26263200
58 82 26203140
58 82 26198580
58 71 26176440
58 144 26176440
58 71 26037960
58 144 26037960
58 71 25950480
58 144 25950480
58 71 25949820
58 144 25949820
58 71 25936380
58 144 25936380
58 82 25675320
58 71 25658580
58 144 25658580
58 71 25571760
58 144 25571760
58 82 25518600
58 71 25486200
58 144 25486200
58 71 25399860
58 144 25399860
58 82 25053300
58 82 24986160
82 58 24971340
58 71 24884280
58 144 24884280
58 71 24475980
58 144 24475980
58 71 24396060
58 144 24396060
58 144 24383160
58 71 24363360
58 144 24363360
58 82 24278160
58 82 24192600
58 144 24192600
58 71 24132780
58 144 24132780
58 71 23869740
58 144 23869740
58 82 23867460
58 82 23867340
58 71 23843880
58 144 23843880
58 71 23701200
58 144 23701200
58 82 23586360
58 71 23271540
58 144 23271540
58 82 23244840
58 71 23240220
58 144 23240220
58 71 23098620
58 144 23098620
58 71 23010120
58 144 23010120
58 71 22923900
58 144 22923900
58 71 22579020
58 144 22579020
37 132 22568640
58 82 22558080
58 71 22490580
58 144 22490580
58 82 22488720
58 144 22484100
58 144 22481820
71 73 22403280
58 71 22385760
58 144 22385760
58 71 22376520
58 144 22376520
58 71 22289340
58 144 22289340
58 71 21974280
58 144 21974280
58 71 21883200
58 144 21883200
58 82 21786600
58 71 21713760
58 144 21713760
58 71 21453600
58 144 21453600
58 71 21368400
58 144 21368400
58 82 21350040
58 82 21349260
58 71 21281580
58 144 21281580
58 71 21274320
58 144 21274320
37 126 21268380
58 71 21251340
58 144 21251340
71 73 21190860
58 144 21184440
94 33 21172920
58 71 21111720
58 144 21111720
58 71 21096780
58 71 20850420
58 144 20850420
58 71 20761920
58 144 20761920
71 73 20742660
58 71 20734980
58 144 20734980
82 58 20656680
58 71 20594880
58 144 20594880
58 82 20069220
58 71 20064300
58 144 20064300
58 82 19961280
71 73 19886280
82 71 19295940
58 71 19295400
58 144 19295400
58 71 19039020
58 144 19039020
58 71 19006740
58 144 19006740
58 71 18926580
58 144 18926580
58 71 18923760
58 71 18867960
58 144 18867960
37 132 18837900
58 71 18777900
58 144 18777900
58 144 18747360
58 144 18666600
58 71 18665280
58 144 18665280
58 71 18430740
58 144 18430740
58 71 18340260
58 144 18340260
58 71 18339840
58 144 18339840
58 71 18314760
58 144 18314760
149 71 18259800
58 144 18249840
58 144 18240120
58 82 18168600
58 144 18163440
58 144 18162780
58 144 18157620
58 144 18157320
149 71 17491440
82 58 16954620
58 82 16608120
58 82 15321540
58 82 14103240
58 71 14017680
82 58 13413900
58 71 12876180
58 144 12876180
58 82 12629460
58 82 11424660
58 82 11152560
58 82 10910160
58 131 10827540
58 71 10827540
58 82 10827540
58 144 10827540
58 82 10544340
58 82 10482540
58 144 9950040
58 144 9791040
58 82 9683100
58 82 9681480
58 82 9594240
58 82 9593340
58 82 9351000
58 82 9243720
58 82 9163380
58 82 8485500
58 71 8481720
104 18 8380200
58 82 8124240
58 82 7957440
58 82 6909180
58 71 6739260
58 82 5720100
58 82 4956540
58 82 4859220
58 82 1897980
58 82 1827660
58 82 1488960
58 82 1309800
58 82 1302660
58 82 1146780
58 82 0
