2 82 12359880
2 82 12359760
2 3 12359760
2 58 12359760
2 145 12359760
2 58 12358740
2 145 12292680
2 145 12291960
2 3 12287520
2 82 12267420
2 82 12212580
2 82 12193200
2 82 12184860
2 82 12180900
58 145 12178620
3 2 12018240
58 145 11667960
58 145 11579700
58 82 11424660
58 2 11424660
58 3 11424660
58 145 11424660
58 145 11420580
37 22 11413740
58 145 11411340
2 145 11177160
58 82 11152560
58 2 11152560
58 3 11152560
58 145 11152560
2 82 11071920
2 3 11071920
58 145 11057520
2 82 10970160
2 82 10920720
58 82 10910160
58 143 10827540
58 131 10827540
58 71 10827540
58 82 10827540
58 2 10827540
58 144 10827540
58 3 10827540
58 145 10827540
2 145 10822740
2 3 10820820
2 82 10558800
58 82 10544340
58 2 10544340
58 3 10544340
58 145 10544340
58 145 10543380
58 82 10482540
58 2 10482540
58 81 10480860
37 22 10476420
2 145 10454880
58 145 10454400
37 143 10391340
58 2 10386600
2 82 10380540
2 3 10380540
2 145 10379760
2 82 10379280
2 3 10379280
2 58 10379280
2 145 10379280
2 82 10379040
2 3 10379040
2 82 10376880
2 3 10376880
2 58 10376880
2 145 10376880
2 82 10367820
58 2 10364400
58 145 10364400
58 2 10294980
2 82 10294680
2 3 10294680
2 58 10294680
2 145 10294680
3 2 10286280
2 145 10282080
2 3 10280880
58 2 10280820
2 82 10280520
2 3 10280520
2 58 10280520
2 145 10280520
58 2 10277880
58 145 10277880
58 2 9964020
2 3 9962520
2 58 9951780
58 2 9950040
58 144 9950040
3 2 9879360
2 58 9869640
2 145 9853200
58 2 9852780
2 58 9850320
2 82 9847500
2 3 9847500
2 58 9847500
2 145 9847500
58 2 9847080
2 82 9797640
2 3 9797640
2 145 9797460
58 2 9791040
58 144 9791040
58 2 9790560
2 58 9786480
58 2 9786120
2 82 9708180
2 3 9691860
2 3 9688980
58 82 9683100
58 2 9683100
58 3 9683100
58 145 9683100
58 82 9681480
58 3 9681480
2 82 9677400
3 2 9609540
3 2 9607500
2 3 9603660
58 82 9594240
58 3 9594240
58 82 9593340
58 2 9593340
58 3 9593340
58 145 9593340
3 2 9360840
58 2 9351120
58 145 9351120
58 82 9351000
58 3 9351000
58 3 9350340
2 3 9245100
58 82 9243720
2 145 9242340
58 81 9191940
58 82 9163380
58 3 9163380
58 81 9159480
2 145 9105780
3 2 9101340
2 3 9013740
58 2 8658480
58 82 8485500
58 2 8485500
58 3 8485500
58 145 8485500
58 71 8481720
104 141 8380200
104 18 8380200
58 82 8124240
58 2 8124240
58 3 8124240
58 145 8124240
58 2 8063580
2 3 8062440
58 145 8048520
2 82 8035860
2 3 8035860
2 58 8035860
2 145 8035860
2 3 7965720
58 82 7957440
58 2 7957440
58 3 7957440
58 145 7957440
2 3 7956480
2 82 7949760
2 3 7949760
2 82 7868340
2 82 7515840
37 139 7459620
38 2 7286340
2 82 7272360
2 82 7265040
2 82 7201440
2 82 7176720
2 145 7170960
58 82 6909180
2 3 6756600
2 82 6745440
58 71 6739260
2 82 6739260
2 82 6737100
58 145 6674220
2 3 6650400
81 73 6325860
2 82 6317880
2 82 6317760
2 82 6316140
58 82 5720100
58 2 5720100
58 3 5720100
58 145 5720100
3 2 5703480
2 82 5030820
2 3 5030820
2 58 5030820
2 145 5030820
81 73 5029500
58 82 4956540
58 2 4956540
58 3 4956540
58 145 4956540
58 82 4859220
58 2 4859220
58 3 4859220
58 145 4859220
2 82 4848120
2 3 4848120
2 58 4848120
2 145 4848120
2 82 4846800
2 82 4404180
37 139 4241580
37 139 4236240
37 139 4234980
37 139 4147200
37 139 3306420
2 145 3218400
37 139 3204840
37 139 3057180
2 145 3044880
2 145 2966940
37 139 2962380
