3 0 97580951
4 1 95492565
3 5 94641220
0 2 94536423
1 7 93959039
4 1 93870592
1 4 91341592
7 1 91264681
1 7 90849111
1 4 90834448
10 6 90675787
12 10 90673209
13 14 90672343
13 11 90671846
15 14 90647173
15 11 90647173
8 11 90408061
8 9 90408061
11 13 90399389
0 3 90398430
11 13 90395748
18 11 90392693
15 13 90300256
13 16 90241911
13 14 90164928
13 11 90142424
3 2 90131564
15 13 90041449
19 13 89811203
6 17 89799204
11 16 89789208
1 4 89736961
1 7 89707267
1 4 89632374
0 2 89623042
1 21 89614837
2 3 89556805
17 13 89486493
10 8 89473036
13 11 89472341
22 9 89362671
6 13 89219026
6 8 89219026
2 3 89213457
13 17 89200545
12 10 89200087
3 2 89197321
23 13 89192033
10 11 89191061
6 17 89187198
13 14 89186457
13 16 89186457
8 11 89184710
1 21 89180657
8 23 89120075
1 21 89117925
6 17 89114664
2 3 89102062
11 14 89097407
20 9 89057040
1 21 89026162
2 3 89016522
2 3 89010733
15 19 89006102
11 14 88933902
2 3 88933658
19 9 88926589
13 11 88867878
14 13 88865811
1 7 88863244
15 8 88852288
8 17 88603407
11 6 88601015
8 23 88599790
6 14 88596433
13 17 88586499
17 13 88585821
17 8 88583229
17 11 88583229
17 16 88583229
17 12 88583229
13 17 88581998
1 4 88579133
26 28 88532323
26 29 88532323
26 31 88532323
19 13 88523527
19 9 88521055
0 2 88501744
16 13 88493328
1 7 88493137
17 10 88432223
19 13 88415537
1 7 88351892
19 9 88345786
8 17 88345725
17 8 88338911
8 17 88327302
8 17 88321590
8 17 88245691
23 8 88243700
23 8 88243341
2 0 88237396
19 8 88006415
2 0 87998044
14 13 87981599
9 20 87979486
19 14 87974405
14 16 87910506
0 2 87906644
1 21 87816324
16 13 87745230
16 10 87745230
8 17 87739395
35 38 87734436
35 38 87723913
23 8 87716991
23 20 87716991
22 17 87716800
15 11 87708644
8 17 87393371
2 3 87391888
16 8 87390094
8 16 87377373
2 0 87375266
9 19 87298788
2 0 87294875
42 43 87289171
8 17 87227425
8 17 87227241
45 32 87223766
38 46 87205072
19 14 87202241
20 9 87132253
46 48 87131901
23 20 87125442
8 13 87111567
26 27 87104661
38 46 87029626
38 21 87029626
49 50 87022899
49 51 87022899
49 54 87022899
49 55 87022899
49 35 87022899
49 42 87022899
49 25 87022899
49 39 87022899
13 10 86793608
20 23 86780934
13 16 86694164
10 13 86693841
30 31 86679590
30 36 86679590
36 52 86677659
61 63 86640157
61 69 86640157
61 70 86640157
61 72 86640157
61 29 86640157
61 30 86640157
61 43 86640157
61 80 86640157
61 83 86640157
61 44 86640157
61 65 86625757
61 66 86625757
61 71 86625757
61 51 86625757
61 72 86625757
61 53 86625757
61 74 86625757
61 56 86625757
61 43 86625757
61 58 86625757
61 44 86625757
49 36 86619593
61 36 86619549
89 27 86615316
81 43 86610963
81 25 86610963
81 26 86610963
81 88 86610963
61 38 86607847
77 62 86605341
77 64 86605341
61 81 86605149
49 36 86602717
40 95 86598730
81 60 86596563
81 25 86596563
81 84 86596563
81 36 86596563
49 91 86593345
49 97 86592351
61 84 86556305
61 85 86556305
81 77 86550104
81 43 86550104
26 73 86546943
26 29 86542849
26 31 86542849
61 28 86541905
61 30 86541905
61 43 86541905
61 84 86541905
61 26 86541905
61 26 86541288
81 73 86535704
81 77 86535704
81 60 86535704
81 44 86535704
0 27 86535196
0 30 86535196
0 89 86535196
2 0 86534290
94 5 86532076
0 2 86520338
0 66 86518244
0 4 86518244
0 26 86518244
36 94 86512688
43 49 86510442
20 12 86507007
20 23 86507007
14 13 86506486
14 11 86506486
14 16 86506486
42 49 86505799
0 26 86505768
30 44 86502417
38 35 86450498
71 82 86448387
71 44 86448387
88 81 86437330
36 54 86427956
36 25 86427685
57 41 86425196
13 19 86423437
36 53 86423393
8 14 86420716
82 3 86418822
19 9 86413765
15 13 86412786
81 93 86373691
81 44 86373691
26 73 86280708
26 81 86200166
81 38 86196287
81 36 86196287
99 96 86189321
96 36 86177308
92 87 86176262
93 71 86169976
93 73 86169976
36 25 86166119
36 38 86166119
11 14 86165421
11 16 86165421
16 13 86159888
16 11 86159888
16 17 86159888
1 7 86157110
2 0 86103796
0 87 86100078
36 61 86098068
100 28 86097957
100 76 86097957
1 7 86097721
38 47 86093918
38 46 86093707
0 26 86086157
62 64 86083100
14 13 86080299
14 16 86080299
26 100 86077924
26 30 86075311
93 28 86074781
93 70 86073430
84 25 86029715
26 28 86016001
25 57 86012490
25 36 86012490
26 93 86012109
93 26 86010242
11 16 86009896
97 96 86009628
90 74 86009240
90 102 86009240
26 31 86009067
26 93 86008792
91 96 86005890
30 60 86005320
93 44 86001535
0 66 86000691
0 2 86000691
14 8 85996722
14 11 85996722
14 16 85996722
38 36 85994087
38 89 85993620
61 38 85993489
93 28 85989930
26 28 85989679
26 93 85989679
1 21 85986140
9 19 85986129
67 90 85947717
3 0 85927691
78 49 85926940
0 37 85925518
0 3 85925518
56 36 85925379
25 84 85917154
0 2 85912314
13 14 85909082
35 62 85908451
19 11 85906570
97 96 85902087
0 2 85899295
81 93 85893564
65 74 85853626
93 28 85845780
26 93 85841530
25 97 85835194
97 49 85834884
25 39 85834703
96 97 85832979
77 64 85827968
40 79 85821865
41 57 85817869
13 15 85816331
96 97 85814884
81 73 85808322
81 26 85808322
0 87 85595718
8 12 85557051
0 87 85510054
13 16 85494995
13 17 85494995
13 11 85494240
97 96 85476004
13 16 85472234
81 44 85471936
13 14 85470319
12 23 85468733
23 13 85413955
13 17 85408694
97 96 85407658
25 36 85403049
10 12 85393740
0 66 85335502
0 71 85335502
0 2 85335502
0 44 85335502
104 73 85326926
104 61 85326926
104 107 85326926
38 47 85324484
38 35 85324484
38 21 85324484
25 56 85324057
25 42 85324057
25 101 85324057
25 57 85324057
25 85 85324057
81 36 85314259
13 14 85314136
15 11 85308487
17 8 85305015
77 62 85300353
60 30 85292749
15 17 85289472
109 84 85249565
26 73 85243167
26 73 85242542
81 73 85240813
81 36 85240813
81 93 85220635
30 26 85125507
26 27 85048048
26 31 85048048
0 37 84993197
0 26 84993197
0 87 84993197
26 81 84979035
11 10 84977136
2 4 84973076
13 10 84970240
61 106 84968741
13 17 84961362
62 64 84956231
107 81 84953754
17 13 84953049
13 17 84951367
13 16 84947325
11 17 84945340
15 12 84944028
0 71 84907671
0 2 84907671
2 0 84894587
13 10 84894227
87 66 84885893
87 66 84885685
110 93 84882422
110 93 84882203
89 49 84873772
10 12 84867349
0 37 84820190
0 3 84820190
0 44 84820190
104 73 84811762
104 105 84811762
93 81 84809776
104 70 84803774
104 61 84803774
104 108 84803774
6 13 84803766
6 12 84803766
17 13 84803355
26 36 84799961
66 87 84799477
49 25 84798479
26 27 84793890
95 40 84788431
49 96 84709071
58 95 84708969
3 2 84708577
58 2 84707951
49 91 84702574
25 36 84700411
0 37 84648246
0 3 84648246
6 13 84634352
17 6 84631302
6 13 84621742
6 12 84621742
87 66 84621312
14 16 84612162
4 2 84612093
9 12 84611631
13 12 84610187
15 19 84607913
19 15 84600616
19 13 84600616
19 15 84597519
19 14 84597519
0 2 84383393
104 18 84375788
104 108 84375788
17 13 84375707
13 17 84374619
104 70 84369530
104 106 84369530
104 18 84369530
104 108 84369530
104 73 84367795
104 105 84367795
104 107 84367795
12 9 84366032
13 10 84355364
13 23 84355364
49 91 84353118
96 36 84351369
25 97 84350759
62 77 84345327
38 81 84345130
49 91 84343458
88 81 84297106
19 9 84293127
1 38 84283183
104 70 84280283
49 96 84279976
19 15 84273966
70 73 84268343
70 105 84268343
0 3 84264844
91 95 84263749
9 19 84257774
13 17 84256514
4 2 84198897
87 66 84194434
10 11 84191147
81 73 84190806
49 25 84184359
49 97 84184230
91 95 84182902
49 96 84182879
113 93 84179971
113 81 84179971
113 108 84179971
0 4 84123152
0 26 84123152
0 2 84123152
0 87 84123152
0 44 84123152
81 85 84116591
81 88 84116591
81 38 84116591
52 41 84108192
81 107 84093517
62 35 84091573
81 85 84030673
49 97 84023223
68 71 84021462
104 106 84019464
104 61 84019464
104 18 84019464
49 25 84015547
97 96 84015345
49 97 84014747
26 68 84014068
30 26 84013617
19 9 84007643
11 112 84004704
13 17 84004543
81 25 83999777
104 108 83993921
81 94 83828545
81 44 83774509
93 81 83767106
104 105 83764727
104 18 83764727
104 108 83764727
93 81 83764300
81 85 83761729
49 97 83756151
0 66 83753427
115 41 83747856
81 107 83744089
88 81 83742984
13 14 83741000
81 88 83740139
81 71 83689881
88 81 83689031
85 52 83686450
13 33 83683796
62 68 83676265
62 68 83674655
81 44 83665704
44 81 83663021
52 41 83662086
49 25 83656504
81 52 83603809
81 111 83603809
81 38 83603809
81 36 83603809
0 4 83603438
44 81 83601866
81 70 83601482
41 50 83588231
81 88 83584799
81 88 83576375
78 37 83575951
90 65 83575560
90 72 83575560
81 107 83572337
107 81 83571221
13 14 83568345
93 27 83568067
71 81 83567416
81 71 83567176
20 18 83437338
26 28 83431026
26 27 83430365
8 19 83416479
81 52 83410003
81 26 83410003
81 88 83410003
81 89 83410003
81 29 83407251
103 105 83399808
94 81 83397741
10 13 83161495
13 10 83157851
119 120 83147051
119 120 83142259
20 22 83139314
20 18 83139314
11 13 83138043
0 26 83089472
81 93 83079062
81 85 83079062
25 78 83058255
25 43 83052645
13 17 83048563
4 71 83045485
106 113 82973132
53 34 82971965
13 17 82965996
81 71 82964799
19 20 82955229
81 53 82555036
11 8 82542337
78 37 82467824
97 49 82463293
13 11 82460532
0 82 82455377
113 93 82450334
81 61 82392592
94 81 82390573
112 93 82372463
95 55 82363575
8 19 82361447
85 120 82358984
93 26 82318759
13 16 82305869
49 91 82274600
49 97 82273582
97 96 82271279
17 13 82214524
104 73 82207419
104 108 82207419
13 17 82195973
112 11 82191598
93 28 82180803
88 81 81958198
93 112 81953509
66 92 81949804
17 11 81949773
66 87 81948626
120 124 81943584
88 81 81941541
120 85 81928610
40 95 81927445
120 85 81860679
62 64 81851481
122 125 81849156
11 13 81849009
81 27 81848963
81 43 81848963
81 26 81848963
81 24 81848963
0 3 81843426
125 51 81842223
125 57 81842223
8 19 81838631
8 17 81838631
13 14 81788767
13 10 81788767
112 93 81779867
33 20 81774729
112 93 81772159
17 13 81765828
17 8 81765828
17 14 81765828
17 16 81765828
9 23 81762753
11 9 81762501
112 93 81761740
11 9 81758950
11 17 81755352
89 71 81700758
14 10 81696992
62 30 81692156
0 71 81684790
0 4 81684790
111 83 81684314
93 71 81682104
77 64 81678132
9 12 81667489
10 16 81667453
9 12 81666176
10 16 81613392
10 14 81600881
14 16 81599086
120 85 81596402
98 32 81589564
13 14 81587933
40 83 81587670
81 27 81586854
81 88 81586854
81 36 81586854
81 108 81586854
40 95 81585150
88 81 81582759
97 49 81357787
112 113 81337867
20 13 81333639
20 23 81333639
97 49 81333454
55 111 81329732
88 81 81328871
64 77 81324156
14 17 81323037
19 9 81322626
123 70 81318189
123 105 81318189
81 36 81316887
65 92 81288396
112 113 81267967
33 20 81263688
91 83 81261175
33 18 81259797
40 95 81256088
11 13 81253938
11 17 81253938
10 11 81239708
10 12 81239708
49 56 81231515
49 42 81231515
49 25 81231515
123 81 81173662
38 35 81169389
123 105 81166320
123 18 81166320
14 10 81160377
93 113 81157294
30 26 81156258
81 93 81148253
91 83 81095353
112 93 81093676
9 33 81087394
58 82 81085864
58 111 81078773
120 124 81065533
58 95 81064242
58 44 81064242
100 24 81062957
81 36 81062131
81 36 81060513
40 95 81056168
19 20 81056049
19 9 81056049
97 48 81020376
91 79 81012296
11 8 81003248
11 16 81003248
9 20 80977279
10 12 80975304
49 75 80973387
49 25 80973387
33 22 80972688
33 18 80972688
93 112 80933198
93 113 80931607
22 9 80898234
93 113 80821194
113 123 80745838
68 45 80742653
120 37 80724817
11 8 80722118
11 17 80722118
58 95 80716613
91 83 80661137
19 9 80657777
124 120 80657700
40 95 80654247
10 19 80652060
68 128 80652048
43 42 80650184
112 93 80647818
20 33 80643411
105 70 80641811
92 74 80640750
13 16 80639849
39 35 80639457
33 22 80638959
33 20 80638959
62 25 80636614
2 26 80577666
91 95 80575423
57 51 80565734
25 57 80557033
9 19 80555308
23 20 80554118
20 23 80553984
23 20 80550780
13 8 80547416
81 106 80495033
78 111 80489335
20 33 80480808
0 55 80479593
0 3 80479593
23 20 80478775
20 22 80477895
20 23 80477291
0 82 80473899
37 131 80471612
23 20 80471523
25 101 80470855
38 55 80467846
98 32 80467508
32 98 80463570
8 23 80463058
22 20 80462929
37 81 80462046
13 11 80461956
10 13 80461461
112 93 80460571
23 20 80459732
82 3 80457853
81 107 80454684
23 17 80401667
91 111 80400360
23 20 80400048
6 11 80399083
18 23 80397961
66 92 80397533
23 20 80397207
92 130 80394349
11 20 80393679
11 17 80393679
11 23 80393679
80 131 80391415
78 111 80389241
25 121 80383938
66 74 80383133
37 78 80381905
20 33 80378954
8 23 80378574
20 23 80374416
81 93 80372720
95 111 80371346
23 20 80371184
23 8 80368916
49 56 80367252
111 29 80324813
94 5 80213294
20 8 80208879
20 23 80208879
20 33 80193307
33 20 80138091
20 33 80136969
49 75 80128801
49 42 80128801
49 57 80128801
49 122 80128801
29 111 79964124
20 8 79961691
78 111 79959572
78 101 79955720
78 25 79955720
39 35 79953545
10 12 79953356
11 20 79950251
8 11 79945914
11 8 79945912
11 16 79945912
23 20 79943822
11 17 79943077
93 26 79941515
82 2 79940311
82 44 79940311
113 112 79939873
113 123 79939873
111 38 79937366
10 16 79937137
85 124 79936782
20 23 79934660
123 106 79894582
49 75 79894264
49 57 79894264
49 122 79894264
123 104 79886872
91 95 79886487
91 111 79886487
91 79 79886487
44 3 79885697
10 12 79883105
20 18 79882959
20 33 79882467
101 25 79882385
124 85 79881963
25 49 79874101
33 20 79873919
47 46 79868656
129 73 79868057
25 42 79866990
10 8 79862304
82 2 79858988
30 36 79858734
77 64 79858663
112 113 79857977
113 112 79856606
20 23 79854972
78 25 79853599
49 78 79851740
29 38 79847397
29 48 79847397
76 68 79844397
88 81 79813571
112 113 79807228
91 40 79805276
91 79 79805276
25 75 79799090
25 51 79798118
25 43 79798118
25 122 79798118
82 71 79797117
82 37 79797117
10 13 79795362
10 17 79795362
25 75 79788050
30 36 79786142
122 25 79783273
78 25 79782907
25 78 79778404
78 111 79776294
2 82 79776287
94 5 79776114
93 112 79775464
93 113 79775416
17 22 79774079
17 10 79774079
20 23 79772945
4 71 79772231
112 93 79771385
88 81 79771380
113 112 79771379
112 93 79770895
112 113 79770395
81 88 79769465
111 78 79765727
20 18 79711969
94 70 79698564
94 70 79689373
81 123 79545084
22 17 79539242
61 18 79539222
123 73 79536116
123 106 79534603
3 44 79533832
82 58 79532574
10 12 79528663
41 75 79523428
41 7 79523012
11 8 79519221
11 13 79517909
11 16 79517909
124 119 79515149
129 73 79513721
92 66 79507235
37 78 79506826
43 73 79506659
93 113 79500968
25 43 79467614
19 9 79452271
19 15 79451435
82 58 79448723
66 117 79448337
95 111 79448001
14 13 79445107
17 13 79442563
13 17 79441080
16 8 79441015
73 132 79440246
105 94 79439592
25 78 79439591
123 105 79438484
97 91 79438166
97 49 79438166
94 105 79436910
14 13 79435710
14 8 79435710
23 17 79435627
28 26 79432589
71 81 79432555
49 56 79431319
52 132 79431024
124 85 79424876
120 124 79422482
0 55 79422479
97 126 79367623
91 111 79365665
13 17 79365388
110 93 79365003
6 8 79361721
6 13 79360509
131 37 79358646
3 44 79356854
132 52 79356486
3 82 79355277
120 85 79354355
123 73 79353588
123 105 79353588
123 106 79353588
17 13 79352599
40 29 79345577
126 38 79345231
28 89 79340691
14 8 79340409
91 97 79335132
97 91 79335054
22 20 79333623
18 73 79331192
93 123 79330027
93 28 79329710
13 16 79283577
97 1 79281939
97 126 79281939
97 127 79281939
97 48 79281939
92 130 79280795
133 73 79274976
17 23 79274494
62 25 79274491
25 62 79274371
120 85 79272179
97 49 79269643
50 7 79262129
40 79 79261560
40 83 79261560
40 111 79260216
40 79 79260216
38 36 79258084
23 17 79256557
111 81 79252918
61 108 79245441
61 18 79244892
49 122 79244333
91 40 79196984
97 46 79195684
97 35 79195684
112 113 79195052
22 10 79187318
25 49 79183791
107 81 79183342
111 95 79179035
2 0 79178756
40 79 79176344
70 71 79171641
70 10 79171641
70 3 79171641
70 44 79171641
82 55 79170262
68 27 79169972
68 45 79169972
17 23 79169285
19 9 79168291
20 10 79167698
96 97 79167654
120 119 79166010
13 16 79165987
28 26 79164619
49 25 79159407
66 87 78932927
91 40 78930713
33 20 78930516
121 49 78924456
121 49 78924260
1 126 78923349
20 23 78921514
23 20 78920987
93 9 78919040
93 81 78909743
93 113 78909743
93 113 78909646
105 70 78909451
2 58 78907274
131 55 78906042
20 22 78903812
113 123 78898707
92 87 78850308
6 13 78847210
6 12 78847210
91 95 78843914
91 40 78843914
91 40 78843878
91 83 78843878
91 40 78843804
97 41 78839948
82 55 78839775
57 25 78838297
112 93 78837319
112 113 78837319
3 82 78830691
3 58 78830691
3 44 78830691
112 93 78827589
41 57 78827194
40 83 78826524
124 37 78824231
124 131 78823971
131 37 78823014
57 41 78822855
20 6 78821736
20 23 78821736
25 42 78815806
49 51 78810930
49 43 78810930
49 42 78810930
49 122 78810930
20 33 78765878
81 30 78764963
61 70 78763814
61 107 78763814
82 71 78760156
18 33 78759904
38 35 78757317
35 111 78757064
35 83 78757064
35 39 78757064
6 15 78755959
6 11 78755959
61 123 78754737
61 129 78754737
66 87 78753905
93 112 78743533
49 121 78737990
2 82 78736385
2 0 78736385
78 85 78735746
20 23 78731662
56 51 78730426
0 2 78729050
0 3 78729050
28 100 78728796
2 58 78728793
40 29 78722611
91 95 78675034
91 79 78675034
82 55 78673113
16 13 78670731
29 91 78670043
120 85 78668675
26 71 78668186
82 37 78667348
16 17 78664200
78 85 78661945
2 58 78661822
2 44 78661729
68 128 78661579
68 100 78661579
112 93 78660806
120 85 78660163
2 58 78656216
82 44 78655521
26 71 78651418
71 69 78649804
80 131 78649741
10 22 78648254
82 55 78647120
8 17 78645004
49 56 78639793
49 122 78639793
26 71 78639744
19 22 78636109
19 9 78636109
32 31 78633990
2 82 78594052
2 0 78594052
2 44 78594052
2 44 78591417
91 95 78591361
91 40 78591361
91 83 78591361
22 10 78587546
93 112 78587075
82 55 78586287
82 2 78586287
112 93 78581862
55 82 78579419
58 0 78578029
82 37 78574102
82 2 78574102
120 124 78573263
25 57 78569132
25 122 78569132
120 124 78566970
120 37 78566387
13 8 78565337
113 112 78563750
44 81 78561666
20 33 78561501
0 58 78559882
13 16 78552421
20 22 78549021
20 23 78507194
123 105 78491842
20 22 78480969
58 82 78402935
112 93 78330455
112 93 78328321
91 95 78326700
93 112 78324936
78 111 78323384
111 78 78323368
8 13 78322425
58 111 78317937
14 13 78313142
132 52 78311870
11 13 78311446
11 14 78311446
2 44 78309258
106 73 78308661
122 125 78306556
122 125 78305953
111 95 78305897
57 41 78304137
78 85 78298851
85 120 78298841
53 81 78297602
111 78 78295540
78 111 78295427
93 113 78249313
93 113 78246603
112 93 78245696
13 8 78245143
1 35 78245108
131 55 78240183
37 131 78234271
113 112 78227303
112 113 78219009
53 95 78213537
111 129 78202746
13 14 78156021
91 79 78155222
82 37 78152871
23 33 78149655
85 120 78147800
93 113 78146438
25 52 78144978
120 85 78144375
20 22 78144028
112 93 78140722
100 59 78140552
85 112 78138670
19 9 78138470
8 13 78134183
53 95 78133065
52 41 78132585
103 94 78132010
82 71 78131053
19 15 78129720
58 95 78128807
82 55 78127288
13 14 78123246
13 16 78123246
49 1 78120760
49 46 78120760
49 47 78120760
20 22 78115433
66 87 78082445
2 55 78076653
97 99 78074323
93 112 78068492
91 40 78066352
18 20 78066199
44 71 78064951
44 58 78064792
8 13 78058516
82 58 78057649
3 82 78057240
115 41 78056009
66 92 78055819
91 49 78054985
82 37 78050078
82 2 78050078
82 58 78050078
8 23 78047340
8 16 78047029
1 126 78045006
1 21 78045006
41 57 78041914
4 71 78030259
112 113 77988471
97 99 77987022
90 117 77985901
91 40 77981811
91 79 77981811
5 107 77980678
58 0 77980191
107 106 77978759
58 131 77978498
93 113 77976294
82 2 77975332
40 95 77974328
61 81 77971671
11 16 77970340
20 22 77967198
85 112 77967198
1 127 77966866
44 94 77966536
112 85 77964334
25 111 77963267
23 17 77958036
90 135 77954576
90 117 77954576
23 17 77954482
120 51 77953694
120 56 77953694
112 5 77952850
19 9 77952768
85 120 77951423
19 9 77943595
25 121 77894997
25 85 77894997
25 85 77894723
25 111 77882212
81 73 77798021
129 81 77786010
58 82 77721828
58 2 77721828
58 44 77721828
92 66 77721361
92 66 77719978
89 53 77718443
6 15 77718213
25 43 77716751
25 122 77716751
124 56 77716503
70 44 77713828
82 2 77713665
120 85 77712769
33 17 77711408
27 26 77708088
85 42 77707902
97 96 77707459
112 93 77706066
13 14 77705224
46 81 77704427
117 74 77703472
129 107 77697366
36 38 77696199
120 124 77696146
44 2 77694021
2 82 77693280
120 85 77691705
11 13 77691326
11 8 77691326
131 37 77691059
2 44 77688822
1 47 77688095
9 123 77686665
91 40 77638326
91 83 77638326
8 9 77635858
120 56 77635625
43 52 77631874
90 65 77631064
46 38 77629807
93 113 77629781
112 93 77629451
58 82 77627882
66 87 77626322
129 107 77623792
78 55 77622039
66 92 77621440
81 73 77612939
85 120 77609738
22 33 77608768
107 129 77606158
81 85 77601679
81 123 77601422
123 113 77564163
9 20 77559730
81 123 77556759
86 135 77554560
86 72 77554560
9 19 77553553
93 5 77553217
49 47 77550271
22 105 77549019
44 2 77545633
100 59 77540537
18 22 77537896
2 82 77535047
23 13 77533366
13 23 77531884
29 81 77530438
22 12 77529037
64 87 77527873
42 25 77527332
23 11 77523730
112 113 77521657
124 56 77518414
27 26 77510545
112 93 77466914
112 85 77461674
91 95 77460945
66 92 77460536
93 112 77459890
112 123 77459701
112 113 77459701
100 59 77459431
17 13 77453802
58 44 77453487
0 2 77451792
0 58 77451792
20 18 77444942
37 124 77443859
124 37 77441687
112 113 77435379
120 124 77432776
88 123 77426883
20 23 77425517
20 23 77424809
25 121 77379563
104 129 77376049
104 61 77376049
25 136 77373032
131 37 77372500
91 95 77370893
91 40 77370893
91 83 77370893
113 93 77369972
113 112 77369972
52 46 77364901
0 3 77364485
55 131 77362288
3 55 77361681
1 133 77361618
77 129 77361242
129 77 77360647
46 111 77360610
98 89 77360327
0 58 77359848
0 44 77359848
23 17 77359181
6 13 77357208
13 11 77351977
13 17 77351591
13 6 77351208
57 25 77350887
120 124 77350347
23 17 77348093
2 82 77347457
58 82 77345475
97 41 77344940
93 113 77344131
17 13 77343211
57 124 77341453
80 131 77339709
29 111 77337836
111 95 77337071
19 9 77311244
22 33 77286776
66 87 77284129
105 5 77277575
123 73 77275014
123 105 77275014
112 113 77178142
91 111 77113163
91 83 77113163
90 72 77112767
90 72 77110271
90 86 77110271
123 73 77109062
0 2 77108491
0 44 77108491
0 55 77106517
0 58 77106517
8 16 77092111
90 135 77092064
82 2 77090301
97 53 77089705
112 123 77085131
11 13 77084251
11 17 77084251
51 56 77038755
13 16 77030994
113 93 77018655
20 23 77013648
105 106 77005079
105 94 77005079
23 20 77003776
82 0 77000722
13 14 76999918
37 85 76999409
93 113 76958132
70 71 76945625
70 44 76945625
91 95 76942048
113 93 76941714
37 85 76941249
90 135 76940513
112 93 76940217
132 41 76939289
132 46 76939289
132 52 76939289
132 115 76939289
62 42 76936758
124 85 76936090
124 120 76936023
9 22 76935563
113 93 76934803
25 53 76934653
9 33 76932983
20 33 76932008
43 25 76924773
57 41 76923885
83 46 76922468
56 42 76921836
25 56 76921726
56 25 76921667
25 42 76921534
25 56 76920803
83 111 76920405
112 85 76919174
129 73 76918358
113 123 76917441
93 113 76916476
25 57 76907399
90 135 76862019
90 102 76862019
37 124 76860896
37 120 76859835
37 85 76859835
1 21 76852695
96 97 76850377
22 10 76850100
29 91 76850091
37 85 76849119
2 82 76845387
25 122 76844231
2 3 76843637
6 19 76843630
28 100 76843432
100 28 76842884
13 14 76840241
23 20 76838005
22 16 76837609
90 86 76837164
85 120 76836528
22 6 76836033
22 17 76836033
2 82 76832757
124 120 76831374
29 81 76830018
81 29 76827361
13 14 76827011
13 16 76827011
33 20 76824354
37 85 76777039
81 113 76771685
91 40 76770830
120 56 76763732
120 124 76763541
26 81 76757260
37 120 76756484
81 26 76756377
97 125 76755880
25 101 76754700
25 57 76754700
25 121 76754700
25 136 76754700
93 112 76749459
93 112 76748806
58 44 76748319
117 86 76747521
117 90 76747521
29 91 76747020
14 13 76746667
14 12 76746667
75 56 76744277
13 14 76744012
2 82 76737834
49 91 76735774
15 19 76732891
42 121 76574076
123 18 76511597
91 111 76508642
91 79 76508642
120 85 76507882
136 75 76504108
136 43 76504108
136 85 76504108
136 36 76504108
136 122 76504108
92 87 76503435
29 81 76501489
42 25 76501212
93 123 76498412
90 135 76495809
25 121 76488855
25 85 76488287
14 13 76482394
122 57 76482389
25 75 76482328
25 56 76482328
25 43 76482328
25 121 76482328
25 85 76482328
11 16 76482166
25 43 76480925
25 101 76480925
25 121 76480925
25 136 76480925
25 85 76480925
93 112 76478632
104 106 76477136
13 19 76421695
0 55 76420080
125 41 76412553
125 25 76412553
3 82 76411512
3 58 76411512
112 93 76407003
111 95 76406433
78 37 76405047
2 82 76403588
92 66 76402161
111 40 76400575
111 79 76400575
85 120 76400449
2 44 76399858
2 82 76395262
9 19 76390503
93 113 76389388
25 111 76354018
93 113 76345034
91 111 76337562
81 70 76335407
40 35 76334987
40 83 76334987
37 120 76334828
33 9 76334424
111 129 76334211
93 5 76333451
8 23 76331480
56 24 76328953
112 123 76327083
23 17 76326572
58 82 76323881
19 13 76323500
19 11 76323500
19 9 76323500
112 113 76323256
93 113 76323206
88 75 76320476
123 106 76320434
112 93 76318876
112 93 76318791
92 66 76316391
106 32 76314256
2 3 76311008
6 17 76310824
25 43 76310392
25 122 76310392
12 22 76309606
112 93 76257175
93 112 76256542
3 82 76252737
3 2 76252737
3 44 76252737
91 79 76251463
13 16 76248008
123 43 76247739
23 13 76244179
95 40 76244159
68 137 76242934
112 93 76238497
112 113 76238497
81 94 76237859
40 111 76234120
13 8 76228636
112 113 76227971
23 13 76226457
23 33 76226424
112 93 76226166
112 123 76226166
112 113 76226166
112 113 76225990
1 38 76221893
2 82 76218835
83 111 76215428
112 93 76190041
111 129 76169425
78 85 76169398
13 14 76166208
91 95 76165920
13 14 76165744
13 6 76165573
81 53 76161440
81 26 76161440
9 15 76159399
82 2 76159287
85 81 76157063
37 120 76156121
2 3 76155654
6 12 76154357
80 53 76152423
70 105 76151736
13 19 76151467
13 17 76151467
13 12 76151467
105 70 76147968
0 55 76141174
93 113 76139400
19 9 76139229
93 113 76138779
85 120 76134238
93 113 76132546
0 2 76131739
2 82 76131356
19 9 76129157
112 123 76054360
112 93 76052951
26 89 76001605
55 58 75971160
88 123 75908971
58 0 75906977
58 0 75906946
3 44 75905180
123 88 75904761
120 85 75902952
88 95 75901017
88 91 75901017
88 55 75901017
88 56 75901017
88 45 75901017
88 42 75901017
88 79 75901017
88 125 75901017
88 97 75901017
88 32 75901017
88 48 75901017
88 73 75897386
88 18 75897386
78 2 75893527
0 44 75893497
20 23 75885320
11 16 75882345
11 17 75882345
93 113 75871588
58 44 75823070
131 37 75819208
17 13 75817116
81 33 75815106
70 71 75812122
125 41 75806213
125 57 75806213
125 25 75806213
125 38 75806213
125 122 75806213
125 48 75806213
93 113 75800660
35 39 75783637
93 113 75780747
62 56 75744686
62 42 75744686
112 113 75733314
86 65 75731329
86 72 75731329
91 95 75729835
32 106 75728623
97 49 75728585
86 65 75728533
86 72 75728533
86 102 75728533
93 113 75724494
0 44 75721612
56 24 75721079
90 72 75718522
8 23 75714624
58 2 75712965
113 93 75708626
113 112 75708626
119 56 75708492
119 124 75708492
78 55 75705936
78 111 75702081
13 17 75666227
93 113 75659817
124 120 75647840
25 51 75646279
25 75 75646279
25 57 75646279
112 81 75644776
0 44 75644227
112 93 75644117
112 113 75644117
13 14 75641550
82 2 75640613
112 113 75637060
25 51 75634395
25 121 75634395
25 42 75634270
25 57 75634270
2 44 75630801
70 71 75621178
70 5 75621178
112 93 75619334
78 55 75618651
0 2 75618635
0 3 75618635
0 58 75618635
25 43 75614469
25 101 75614469
25 121 75614469
25 56 75611155
13 8 75580596
13 14 75579522
62 56 75574953
62 121 75574953
62 25 75574953
112 113 75566907
2 0 75562780
14 17 75561532
9 8 75558956
93 112 75558942
85 81 75558186
81 85 75557973
37 120 75556876
85 124 75554977
17 16 75554233
124 37 75553224
23 20 75552402
85 81 75550046
90 135 75539661
2 82 75538985
112 93 75538492
25 57 75536612
112 93 75535396
112 113 75535396
2 82 75534689
121 136 75534376
55 2 75531845
55 0 75531845
3 58 75531750
8 23 75531538
90 135 75531252
90 117 75531252
23 8 75530984
90 102 75528890
93 113 75526318
59 100 75459157
112 113 75448717
112 93 75366585
121 42 75359944
91 83 75301683
80 55 75292701
81 85 75288774
41 52 75286442
25 51 75285948
111 78 75283433
25 136 75281817
11 12 75281458
57 62 75279897
26 28 75275158
26 30 75275158
26 31 75275158
58 44 75274597
11 14 75272559
11 16 75272559
23 17 75270706
41 57 75268816
112 93 75221073
91 83 75220830
44 2 75219665
44 3 75219665
19 9 75215567
112 113 75215397
66 87 75215156
55 119 75213195
42 103 75211346
117 130 75208811
74 92 75206831
13 11 75204823
82 55 75204165
82 44 75204165
112 93 75202012
112 123 75202012
112 113 75202012
13 8 75201885
105 5 75193843
41 97 75188862
113 73 75188745
113 81 75188745
12 17 75187713
25 41 75187159
25 57 75187159
25 84 75186755
25 24 75186755
13 17 75186736
13 12 75186736
25 51 75186677
25 75 75186677
25 43 75186677
25 57 75186677
25 85 75186677
43 42 75186562
43 25 75186562
78 55 75185552
78 55 75184476
81 111 75182245
81 25 75182245
81 26 75182245
15 13 75177197
26 81 75175998
11 15 75125166
66 84 75124971
15 6 75123675
113 112 75120309
131 37 75120079
112 93 75117830
112 5 75117830
13 8 75113927
29 98 75111325
81 52 75110828
81 30 75110828
81 25 75110828
78 55 75110341
2 3 75108069
90 72 75105737
90 87 75105737
88 81 75102731
22 33 75101508
85 81 75099344
112 93 75099149
112 113 75099149
92 74 75098296
81 94 75094954
20 23 75093990
88 81 75049722
123 106 75042982
91 95 75042507
91 111 75042507
91 40 75042507
25 51 75037398
25 75 75037398
25 43 75037398
25 57 75037398
55 131 75027082
113 123 75026828
35 49 75024866
66 87 75022053
66 92 75022053
112 123 75017982
71 5 75016230
2 44 75016033
44 2 75015175
129 73 75015093
40 79 75012856
2 44 75011487
33 22 75009330
33 22 75008667
56 25 75003217
25 85 74974333
2 44 74959154
66 92 74956499
131 80 74954371
136 56 74954038
112 93 74953643
112 93 74952431
112 123 74952431
12 23 74948241
33 17 74939744
131 80 74926068
26 36 74922278
20 23 74919214
15 19 74917980
62 42 74880393
13 14 74871477
112 123 74693360
112 93 74690518
112 113 74690518
100 59 74689873
100 28 74688738
11 13 74685461
11 16 74685461
11 17 74685461
52 41 74683341
82 58 74682776
26 60 74681027
26 31 74681027
19 22 74679766
129 73 74665740
2 58 74609259
44 0 74607847
22 13 74605328
22 18 74605328
112 113 74600618
125 25 74598328
125 38 74598328
125 122 74598328
112 93 74597531
85 120 74595260
13 8 74595190
13 22 74594773
13 14 74594773
13 17 74594773
112 123 74593512
85 43 74591931
112 93 74591621
120 85 74589448
97 96 74588718
112 93 74586094
2 44 74586068
0 55 74585234
0 2 74585234
112 113 74583713
112 93 74544514
13 23 74527614
58 44 74519951
78 75 74513397
131 119 74513080
25 56 74508871
13 16 74506245
93 113 74504677
119 120 74503533
93 5 74503353
20 23 74498389
22 18 74498204
25 109 74496237
111 40 74494053
13 22 74492334
13 8 74492334
90 86 74490922
8 16 74490282
93 113 74489251
72 86 74445437
37 131 74439903
112 93 74439862
112 113 74438958
13 14 74436778
13 16 74436778
13 8 74436671
75 57 74427915
0 44 74427586
112 113 74427554
32 134 74426063
3 44 74425855
120 124 74425715
25 41 74418105
25 121 74418105
90 135 74414358
90 86 74414358
112 17 74413780
25 51 74413491
25 101 74413491
37 124 74410076
85 120 74404587
55 78 74403114
123 113 74401953
112 113 74343909
20 23 74343830
19 15 74338952
112 81 74334860
112 113 74334860
112 93 74331010
45 137 74328342
26 81 74326996
45 68 74325239
13 11 74324798
13 16 74324798
68 32 74323866
113 112 74318505
26 81 74183060
26 81 74168050
112 73 74157954
112 123 74157954
66 87 74077167
19 9 74075614
43 25 74074826
58 2 74074676
89 30 74073834
93 112 74073502
112 81 74073259
112 113 74073259
19 15 74068707
11 17 74065686
78 85 74059246
85 78 74059094
111 95 74057171
44 2 74046105
26 27 73996212
26 28 73996212
26 98 73996212
26 60 73996212
45 137 73992003
41 50 73988341
41 115 73988341
71 4 73987517
5 113 73983320
78 82 73982491
125 36 73981804
25 56 73976103
25 57 73976103
25 121 73976103
5 113 73975731
78 55 73974049
2 44 73973886
5 123 73971870
19 9 73967686
123 73 73966823
123 73 73935601
20 23 73918066
82 2 73910249
82 58 73910249
82 44 73910249
131 119 73905064
112 123 73900027
93 113 73892579
43 38 73885802
25 75 73881932
25 101 73881932
113 93 73870047
70 94 73837033
113 112 73803130
100 59 73802326
112 93 73744424
112 113 73744424
112 93 73742501
93 112 73742478
93 112 73742391
78 25 73735752
25 121 73735079
25 136 73735079
93 113 73732216
88 107 73731014
5 112 73729431
28 100 73728290
8 13 73723591
68 137 73722363
44 88 73718932
113 123 73711944
112 113 73627686
112 93 73538225
82 0 73479066
82 3 73479066
82 58 73479066
20 23 73464546
25 121 73460758
25 122 73460758
2 82 73458057
11 13 73456220
112 93 73451040
20 17 73449382
112 113 73449274
13 11 73404813
8 11 73393622
25 42 73382960
25 122 73382960
93 112 73382084
26 60 73378389
26 31 73378389
82 2 73370548
25 43 73368155
25 57 73368155
26 93 73318429
131 37 73315408
93 112 73314328
93 113 73314328
120 37 73304719
112 85 73286185
131 119 73285095
93 113 73282297
93 113 73281428
68 32 73280496
25 51 73223433
25 56 73223433
93 113 73211638
25 75 73208037
25 56 73208037
25 57 73208037
25 121 73208037
25 122 73208037
20 23 73189703
73 106 73130229
112 81 73117950
112 93 73116371
112 123 73024651
112 113 73024651
44 2 72884260
18 9 72872056
44 70 72871080
100 59 72868174
93 71 72864227
44 70 72860610
44 3 72860610
112 81 72857621
112 113 72857621
100 59 72854956
123 18 72847871
93 123 72806409
66 87 72798204
87 66 72796997
94 105 72792749
94 123 72792749
82 55 72791674
93 113 72787811
15 11 72780803
93 112 72774275
82 55 72773492
112 123 72772526
15 6 72766820
131 115 72709491
62 77 72707459
25 51 72700689
25 57 72700689
25 122 72700689
93 112 72692370
119 56 72688035
13 8 72685603
73 129 72647414
112 113 72625987
123 103 72625146
93 5 72622978
37 120 72622403
112 93 72618966
18 73 72615103
78 55 72610083
112 113 72609805
20 23 72609364
25 7 72605670
25 101 72605670
25 121 72605670
26 81 72603262
62 53 72599261
125 53 72598907
120 85 72597359
93 113 72596756
97 96 72596727
62 53 72595593
62 57 72594102
103 73 72593295
78 55 72592611
93 123 72592241
93 81 72592241
113 112 72591939
112 93 72547147
112 81 72547147
112 113 72547147
66 84 72545630
112 5 72542462
25 24 72537401
82 55 72530763
125 57 72528162
125 122 72528162
112 93 72526898
19 9 72525098
113 123 72525080
93 112 72523741
18 20 72515112
112 93 72507971
104 73 72498850
104 129 72498850
104 61 72498850
104 18 72498850
93 123 72448317
93 113 72448317
106 73 72356464
106 107 72356464
106 20 72356464
104 106 72277462
104 129 72277462
104 61 72277462
113 112 72276492
131 37 72272544
131 55 72272544
123 18 72271029
123 112 72255164
113 93 72247020
113 123 72247020
106 113 72243689
103 73 72243293
106 64 72176245
106 33 72176245
106 68 72176245
106 91 72176245
106 123 72176245
106 129 72176245
106 57 72176245
106 121 72176245
106 26 72176245
106 32 72176245
106 20 72176245
82 3 72160078
112 81 72114072
18 20 72102041
92 74 72100857
30 26 72086079
78 55 72082347
25 75 72080640
25 56 72080640
25 43 72080640
25 42 72080640
49 1 72076310
15 9 72068466
112 81 72031122
25 75 72019612
25 43 72019612
25 121 72019612
25 101 72019077
25 121 72019077
25 122 72019077
70 123 72015787
93 123 72002471
49 97 71999616
9 19 71986989
111 95 71985495
111 40 71985495
103 129 71981737
131 119 71929175
15 19 71914244
15 9 71914244
111 29 71911580
123 104 71906145
15 19 71902080
15 9 71902080
15 19 71896416
11 8 71647603
6 13 71645146
93 113 71636986
87 66 71604580
93 113 71592024
60 26 71577736
82 58 71575284
68 137 71571339
68 137 71571006
111 78 71503890
33 11 71494729
134 98 71472746
123 106 71458022
70 58 71417393
131 37 71406806
82 58 71397717
8 19 71388752
8 11 71388752
111 78 71386750
43 54 71380263
93 113 71378489
33 6 71330248
33 12 71330248
44 0 71325687
44 3 71325687
44 58 71325687
37 120 71311172
131 37 71306211
71 4 71305323
25 42 71300242
25 121 71300242
131 37 71299568
93 113 71236385
82 55 71066432
3 44 71060212
131 37 71056021
85 81 71051459
85 25 71036808
93 113 70986367
81 125 70984156
13 17 70980196
11 13 70973776
13 17 70973459
78 55 70965534
123 93 70962101
78 55 70956882
93 112 70955352
13 17 70953292
93 112 70948033
112 123 70898700
78 55 70890843
44 0 70868126
49 1 70867650
93 5 70860569
20 23 70857265
112 123 70815388
104 112 70806504
73 81 70805505
25 101 70795110
25 122 70795110
26 111 70791353
82 55 70783726
117 92 70722653
78 2 70711528
70 5 70709575
43 121 70702325
30 27 70701464
97 96 70699817
73 88 70695335
8 13 70689480
139 134 70628304
139 45 70628304
139 137 70621670
19 9 70460072
13 8 70450914
11 17 70449782
87 66 70449128
6 8 70447530
22 9 70446998
22 17 70446998
22 33 70442993
5 22 70431022
13 8 70391934
13 17 70376039
19 15 70374461
119 37 70365515
103 13 70361244
82 58 70350480
20 23 70340522
13 8 70288173
141 73 70284850
141 103 70284850
141 18 70284850
103 13 70282773
90 102 70280400
141 103 70279138
141 113 70279138
141 18 70279138
25 42 70276100
25 101 70276100
25 57 70276100
113 112 70274879
92 87 70269815
82 2 70265231
103 129 70263345
139 85 70262811
113 112 70260981
86 66 70236974
82 55 70202785
37 85 70201512
103 129 70200290
25 75 70189442
30 36 70184207
112 113 70154820
25 75 70116991
25 57 70116991
25 122 70116991
81 120 70116642
139 93 70116458
139 69 70116458
11 17 70110572
78 55 70109466
43 121 70106155
112 113 70102020
129 141 70098133
112 113 70094520
25 57 70092606
25 136 70092606
139 93 70091651
112 81 70090802
25 75 70088395
25 57 70088395
112 113 70082340
13 8 69923781
92 66 69865854
13 9 69853554
13 9 69852882
22 33 69844532
55 78 69842119
22 33 69836243
22 18 69836243
13 17 69834971
6 11 69834618
13 8 69833253
97 49 69832040
9 112 69772740
55 78 69771615
20 23 69769509
78 55 69764456
112 22 69751380
112 9 69751380
112 73 69749653
112 81 69749653
112 5 69749653
123 93 69738367
123 113 69738367
9 112 69736740
43 85 69735359
112 73 69731640
112 113 69731640
112 27 69691796
112 30 69691796
112 43 69691796
112 25 69691796
43 25 69679028
112 81 69673740
78 37 69658118
117 74 69580827
112 81 69557700
13 11 69511350
111 83 69506816
95 111 69503932
6 13 69488118
112 113 69486780
13 17 69486716
13 17 69483118
15 19 69474169
112 81 69422220
112 73 69319375
112 81 69318040
112 81 69300000
112 113 69260160
100 59 69239820
68 128 69238488
44 94 69232378
11 8 69229779
35 125 69229571
112 93 69227325
26 81 69224490
113 112 69177900
44 82 69168681
37 131 69149504
8 11 69146589
131 78 69146511
68 32 69135535
113 112 69120780
112 141 69076101
25 121 69074460
25 136 69074460
125 55 69068901
70 73 69066088
70 58 69058307
112 141 69058080
40 111 69049922
112 113 68992440
95 91 68991388
69 32 68990070
85 25 68979780
112 85 68979118
70 44 68974528
8 11 68961468
85 112 68961240
85 112 68943780
4 71 68909667
68 45 68908093
97 91 68900537
97 49 68900537
25 101 68887862
25 85 68887862
112 17 68887500
104 141 68881717
112 43 68647482
6 8 68640590
8 13 68624202
8 17 68624202
95 111 68612470
82 131 68563657
82 3 68558418
71 4 68539193
112 113 68535720
70 71 68535062
70 5 68535062
88 81 68481227
68 45 68457310
100 59 68452281
30 36 68439661
49 97 68394431
19 15 68387944
43 121 68378695
112 113 68378640
139 69 68378040
139 128 68378040
112 113 68368020
100 28 68354809
100 28 68354267
43 121 68351206
113 112 68349720
112 113 68349600
113 112 68336700
112 113 68302980
95 111 68300396
95 111 68294417
112 113 68287380
112 113 68266980
112 73 68208600
113 73 68054940
112 113 68046540
113 73 68037485
113 112 68020560
112 113 68019720
78 85 68018635
13 11 68014090
11 8 68013186
11 17 68013186
112 113 68010540
112 113 68002500
66 87 67962234
26 68 67926475
26 30 67926475
92 87 67782868
26 28 67763132
26 98 67763132
100 59 67761073
8 17 67758281
26 81 67752138
88 81 67719120
90 74 67697915
90 109 67697915
19 9 67694793
88 81 67686780
82 0 67684630
74 92 67683124
13 11 67672512
3 44 67665675
132 81 67442640
11 17 67414642
15 8 67412953
82 2 67412244
82 55 67407849
82 55 67342001
26 81 67268187
36 53 67258387
36 55 67258387
82 2 67250316
78 25 67247259
66 109 67246488
82 55 67237518
113 112 67166400
112 113 67139160
37 85 67094956
85 37 67091837
81 73 67091460
111 52 67059917
111 43 67059917
81 73 67055460
19 9 67015200
112 113 66858180
82 2 66804309
139 112 66788220
66 87 66738209
112 85 66726960
100 90 66713741
103 73 66658398
112 113 66646260
112 139 66639660
43 112 66634951
139 60 66577181
139 100 66567868
97 75 66548864
139 69 66544465
139 45 66544465
92 90 66488979
112 113 66463860
19 9 66419160
19 9 66418140
92 74 66219420
139 137 66211978
139 59 66207821
139 137 66207644
139 60 66207644
139 59 66206184
143 144 66094860
84 27 66056190
26 134 65973640
13 17 65965018
19 15 65959260
19 9 65959260
35 111 65938297
72 90 65936411
55 131 65787347
91 40 65624344
91 79 65624344
91 83 65624344
7 143 65609859
17 20 65599154
144 143 65598360
49 38 65597487
143 131 65569980
82 58 65518560
1 126 65517064
116 73 65510533
0 55 65507760
2 55 65507520
82 2 65490180
58 71 65486940
58 2 65486940
26 30 65450352
30 26 65448446
125 34 65431077
125 36 65431077
145 2 65423340
112 113 65416140
4 90 65397780
29 81 65364605
13 11 65362595
40 95 65356010
81 29 65348078
116 73 65339710
3 55 65339700
3 58 65339700
3 145 65339700
116 73 65339265
18 20 65334284
145 3 65331960
82 2 65327100
2 82 65326320
3 58 65326320
58 3 65325900
82 58 65316120
53 81 65284804
114 24 65283060
15 19 65279700
91 95 65279005
91 79 65279005
91 83 65279005
85 37 65272320
88 26 65268646
2 82 65263380
69 32 65250755
29 81 65247540
0 82 65245200
0 2 65245200
0 58 65243940
131 144 65242320
0 2 65236080
145 0 65233980
143 144 65231220
19 9 65037780
37 85 65033700
37 78 65002860
37 85 64997700
11 8 64989756
78 37 64989180
3 0 64979940
3 82 64978620
37 85 64959540
91 111 64935855
37 85 64923540
112 113 64919820
112 113 64918440
145 71 64905360
112 113 64890180
112 113 64888140
37 85 64868760
50 95 64846908
0 55 64826400
0 82 64820160
0 2 64820160
112 113 64815120
112 113 64810980
85 37 64808460
37 131 64803360
145 2 64801860
145 0 64800780
85 37 64799100
85 37 64767300
82 2 64765620
1 21 64743119
57 56 64740076
112 113 64739400
29 30 64736168
30 29 64736144
112 113 64733220
125 54 64732363
116 28 64728947
116 111 64728947
116 81 64728947
116 25 64728947
116 38 64728947
136 25 64724718
71 145 64721940
26 28 64721886
26 76 64721886
26 30 64721886
26 31 64721886
0 82 64719960
2 58 64717500
58 82 64713720
58 0 64713720
29 38 64407329
37 85 64345860
113 112 64309980
138 1 64303959
78 37 64301760
78 85 64301760
111 83 64291733
2 82 64289880
131 38 64289280
0 2 64285500
0 58 64285500
131 144 64280160
145 2 64279140
145 2 64278960
4 90 64277100
18 22 64252980
18 17 64252980
66 74 64250604
66 87 64250604
66 87 64239804
66 92 64239804
1 53 64227241
104 112 64223160
112 104 64217820
90 4 64213980
112 104 64213080
41 52 64212063
85 37 64200600
68 45 64166580
18 33 64144440
116 68 64139216
116 98 64139216
116 47 64139216
116 7 64139216
116 109 64139216
116 84 64139216
116 38 64139216
116 36 64139216
116 127 64139216
111 40 64138630
111 83 64138630
0 2 64130760
1 53 64126246
1 21 64126246
90 4 64125120
97 75 64123526
81 73 64122360
81 29 64122360
112 113 64121220
112 113 64120500
43 25 64119404
37 85 64112160
145 71 64110240
18 13 64108440
145 2 64108440
88 29 64069915
37 78 64064160
1 39 64063343
116 77 64062468
112 113 64060500
37 85 64049700
2 0 64045920
111 83 64033769
0 2 64031220
0 3 64030140
0 2 64029600
37 85 64028160
131 37 64026840
0 3 64025340
0 145 64025340
131 143 64023780
86 135 63860943
37 131 63798660
131 119 63794280
143 131 63786720
115 52 63785576
7 41 63784127
58 82 63782940
112 85 63773820
112 113 63773820
18 17 63715860
113 18 63707160
22 145 63701700
37 85 63685080
37 85 63684000
37 85 63655920
116 81 63631935
2 3 63628020
2 145 63628020
3 0 63622620
37 85 63619920
37 78 63609720
2 58 63592020
0 2 63591240
0 58 63591240
71 145 63588000
71 110 63559920
95 91 63556620
18 33 63547500
18 20 63547500
37 85 63539580
78 37 63536100
2 0 63526680
58 2 63522540
112 113 63514680
37 71 63510720
4 71 63509520
112 13 63508500
107 73 63461091
112 113 63458580
112 9 63453660
62 136 63448560
37 78 63447180
131 37 63444720
112 113 63438240
58 82 63435060
57 25 63432540
116 29 63432300
131 143 63425820
2 58 63422940
113 112 63285360
57 41 63202980
57 41 63201660
79 83 63199920
57 41 63199500
121 50 63194220
112 113 63190380
78 37 63187020
0 58 63174900
57 41 63165660
146 48 63135420
111 83 63125640
132 52 63115636
112 113 63100260
11 17 63087946
113 112 63070260
111 95 63067860
38 138 63033420
131 143 63031548
58 82 63014640
131 144 63004740
58 111 63004440
71 145 63000960
38 138 62997420
111 78 62917080
38 49 62913420
4 71 62913360
49 38 62913180
57 25 62909340
57 51 62899860
71 145 62895180
81 4 62856780
121 42 62849137
121 42 62841588
58 82 62839260
116 27 62824776
116 98 62824776
116 36 62824776
61 81 62819700
68 32 62816220
57 139 62608740
57 139 62608020
57 41 62601720
112 113 62598000
136 25 62595300
111 40 62590740
111 83 62590740
136 139 62589180
112 113 62581440
57 41 62570580
57 41 62565720
112 113 62554800
25 136 62432040
116 27 62424560
116 81 62424560
116 81 62424128
116 85 62424128
116 36 62424128
116 28 62422995
116 77 62422995
1 126 62421960
55 131 62400420
1 21 62393520
1 126 62385960
136 139 62347740
92 74 62334480
121 42 62328680
58 82 62322540
58 2 62322540
58 82 62321160
18 9 62313180
120 85 62307240
37 131 62305380
4 90 62301960
2 3 62300100
2 58 62300100
143 147 62294940
0 3 62291700
0 58 62291700
81 28 62266560
81 38 62266560
22 11 62255500
81 28 62248602
81 35 62248602
81 36 62248602
2 145 62240760
104 113 62237820
3 0 62236080
3 145 62236080
143 144 62225940
104 141 62224320
143 147 62211780
111 83 62208240
92 130 62024220
104 113 61983900
92 130 61973820
131 143 61970160
11 6 61966432
120 37 61963920
112 113 61962780
113 81 61962120
58 82 61957380
57 41 61956300
138 1 61954800
57 41 61953720
9 18 61951860
112 113 61950240
4 90 61947000
139 17 61902859
111 78 61891500
145 0 61879260
112 113 61875720
2 145 61862760
40 83 61834740
116 85 61824118
139 6 61813974
139 11 61813974
139 17 61813974
107 73 61810873
4 71 61808100
112 113 61808100
40 95 61798740
40 83 61798740
104 112 61796520
2 3 61792140
2 3 61792080
0 3 61771680
40 95 61731780
40 83 61731780
58 82 61718400
122 142 61711440
122 56 61711440
122 139 61711440
131 55 61708980
116 81 61700214
2 131 61696800
131 144 61695900
57 41 61690800
145 58 61687020
116 85 61660580
38 1 61655040
38 47 61650660
38 21 61650660
38 48 61650660
88 107 61634460
58 82 61632060
0 3 61629540
0 145 61629540
58 3 61621380
116 129 61617088
116 36 61617088
38 39 61614660
145 0 61614240
61 73 61607760
112 113 61606260
18 20 61599060
112 113 61447860
88 81 61393620
141 20 61391220
11 8 61372904
3 58 61371660
117 63 61371360
2 78 61369740
2 55 61369560
112 113 61365180
2 0 61353480
113 112 61351920
112 113 61348740
143 144 61341120
141 20 61321860
1 21 61318020
131 55 61291413
0 3 61279920
0 145 61279920
112 113 61278120
131 55 61273380
116 81 61273268
112 104 61269180
111 83 61264860
37 85 61256100
23 6 61193334
23 8 61193334
23 11 61193334
112 113 61189920
0 55 61176540
145 58 61175700
139 122 61138380
81 53 61129140
6 22 61128899
72 65 61125600
112 113 61112640
2 58 61106760
116 62 61105436
122 42 61100580
122 25 61100580
143 144 61100580
112 113 61097940
145 71 61092360
0 58 61088100
55 131 61066500
37 85 61036440
55 143 61030500
37 85 61026960
143 131 61025880
58 82 61024440
112 113 61023840
2 145 61022880
71 145 61016880
131 145 61015080
17 11 61014499
2 0 61011000
145 0 61010040
85 37 61006260
112 11 61004760
2 145 61001640
3 55 60997740
3 145 60997740
139 22 60759180
139 8 60759180
139 11 60759111
139 17 60759111
0 145 60753540
58 82 60748320
37 85 60748260
87 24 60737100
143 78 60729300
92 63 60706320
92 66 60706320
92 130 60706320
57 41 60674340
112 113 60661680
143 144 60655860
57 25 60644400
88 29 60633900
88 29 60597900
3 2 60587040
3 145 60587040
145 2 60582660
145 0 60582660
144 2 60573720
2 3 60570960
37 85 60569580
112 113 60521880
6 8 60508832
37 85 60504720
17 6 60499728
17 8 60499728
112 139 60496140
112 113 60490020
3 55 60488460
79 40 60487920
4 90 60477000
52 132 60452287
139 11 60438983
4 90 60428100
112 113 60427980
2 145 60424560
58 0 60414000
85 37 60402540
81 53 60394620
58 0 60393720
6 11 60367144
112 113 60163140
37 119 60136860
55 131 60131760
95 53 60109080
25 42 60094080
25 81 60094080
78 2 60081060
2 145 60078120
2 0 60077280
145 0 60073380
105 141 60072898
47 110 60071340
139 11 60070503
3 58 60066000
57 56 60065220
78 2 60045060
78 143 60044040
88 81 59996460
2 0 59995980
0 2 59988300
0 2 59984580
37 120 59981760
112 113 59967540
113 112 59954760
144 2 59903820
37 120 59894220
37 119 59894220
131 143 59892540
131 143 59884140
58 0 59877480
2 145 59873400
112 148 59821140
38 126 59812200
38 48 59812140
55 143 59811840
22 139 59796060
131 78 59794860
61 81 59793420
58 82 59787780
116 77 59761653
6 139 59566354
9 22 59553840
9 13 59553840
9 20 59553840
11 17 59553837
58 95 59550060
95 40 59549940
131 3 59549820
2 145 59546880
40 95 59545740
126 37 59543580
131 78 59542620
40 95 59540400
117 109 59539560
112 113 59533740
112 113 59531340
131 78 59530380
95 79 59529780
131 78 59527620
78 25 59477400
95 40 59463060
131 37 59459700
37 131 59447460
131 144 59447040
37 85 59443920
2 3 59443440
2 58 59443440
57 41 59442480
58 82 59438340
143 131 59435220
25 85 59397900
55 131 59383980
139 22 59379573
143 78 59379540
57 147 59378220
0 145 59366100
2 3 59355660
29 81 59322660
55 131 59306580
55 143 59306220
139 11 59302405
139 17 59302405
37 131 59294400
139 22 59290366
119 37 59276460
112 113 59268840
58 111 59264340
55 131 59262900
25 56 59229360
0 58 59202900
37 85 59196660
22 17 59195520
145 2 59192460
117 92 59186760
57 142 59179380
143 131 59176980
112 113 59105580
112 9 58958040
6 17 58956326
6 11 58954471
6 139 58954471
58 82 58954020
92 66 58951260
92 117 58951260
92 84 58951260
92 24 58951260
58 0 58951200
58 95 58945680
112 113 58938060
95 91 58937280
22 139 58931460
149 114 58928220
149 113 58928220
94 81 58900020
25 142 58885740
113 112 58870560
1 138 58855680
131 143 58852440
58 145 58852260
117 92 58851780
145 58 58851420
92 117 58847040
116 111 58788680
95 91 58781220
58 95 58779600
112 113 58776840
71 58 58761060
112 113 58755900
112 113 58753740
58 111 58751880
105 94 58712999
61 81 58701180
112 113 58697940
57 42 58697580
57 121 58697580
112 113 58697580
58 111 58685460
142 122 58683000
145 71 58676160
145 3 58670760
145 58 58670760
145 58 58669020
57 147 58657980
81 53 58647240
112 113 58618620
37 131 58605660
37 131 58605480
112 113 58590960
112 113 58590000
81 53 58585620
131 55 58584240
120 37 58579200
117 92 58578240
92 117 58577820
3 0 58576560
3 58 58576560
71 58 58434360
131 144 58345500
58 2 58328580
112 113 58325220
58 71 58264980
112 113 58263960
112 9 58260180
149 112 58260000
145 2 58260000
112 22 58256220
112 17 58256220
145 2 58253520
131 143 58243680
145 2 58240680
145 0 58240680
112 113 58235220
117 74 58231440
125 34 58227960
6 11 58203438
37 85 58194780
25 122 58191960
25 51 58191540
58 2 58180380
58 2 58177200
144 58 58167120
112 149 58153140
131 55 58152480
112 113 58098360
143 144 58094700
145 58 58085880
3 2 58076160
112 113 58069020
25 139 58063500
78 143 58058880
78 85 58058880
92 102 58051800
58 3 58001280
143 144 57991320
58 145 57986400
112 113 57981840
112 113 57980400
149 112 57975180
149 113 57975180
149 107 57972180
2 145 57971280
2 145 57970260
143 144 57966720
1 21 57823080
1 21 57819240
88 81 57743580
3 0 57737220
3 145 57737220
0 2 57733380
0 58 57731640
0 145 57731640
117 87 57729840
131 143 57648840
117 114 57648180
112 113 57638580
37 120 57637860
55 85 57633900
112 113 57633180
111 83 57621360
139 17 57587556
37 120 57564900
58 3 57555480
112 113 57549660
145 0 57539340
117 66 57481800
117 109 57481800
112 113 57481140
112 113 57467880
25 122 57414900
112 113 57399780
117 109 57399120
112 24 57395220
58 71 57381180
58 0 57377700
58 2 57377640
3 55 57376980
3 0 57376980
3 145 57376980
0 2 57369720
37 131 57367980
116 85 57320533
112 24 57294180
112 24 57147300
112 113 57135060
119 37 57133140
112 113 57126000
20 23 57125291
58 0 57103800
145 71 57050040
145 2 57050040
145 3 57050040
117 24 57048660
142 25 57045540
2 0 57038400
88 73 57035040
145 2 57034860
41 139 57029040
92 66 57027960
92 117 57027960
2 0 57021600
2 0 57020400
55 2 57017040
117 114 56966640
112 113 56965560
22 139 56964780
2 145 56964480
2 145 56964300
2 145 56963760
2 0 56963520
57 139 56962620
112 22 56962320
112 139 56962320
38 21 56934720
51 57 56930160
112 113 56890020
112 22 56888640
112 113 56881200
91 95 56867460
57 121 56866980
112 113 56859600
37 120 56855040
2 3 56852160
2 145 56852160
95 91 56851740
58 0 56851140
58 3 56851140
95 91 56850480
145 58 56849100
71 4 56788680
9 6 56785027
145 0 56772060
91 95 56767320
111 83 56710980
22 6 56557368
139 17 56554978
139 6 56546916
139 11 56546916
0 58 56532960
0 145 56532960
57 122 56526240
37 120 56520900
37 120 56509620
91 40 56506140
116 62 56477518
139 22 56447199
22 139 56439180
37 120 56436900
117 92 56436840
117 92 56428500
131 55 56428140
92 117 56426520
1 21 56417160
112 24 56381100
112 24 56380800
112 113 56380680
116 81 56378366
37 120 56351760
58 0 56345700
57 64 56344920
0 3 56342400
131 144 56338440
131 55 56332500
0 55 56329260
116 85 56299910
58 82 56275320
149 112 56268840
149 42 56268840
61 81 56268240
2 0 56254680
112 24 56253420
120 37 56252160
41 57 56246520
2 3 56245140
2 3 56243880
22 11 55953540
22 17 55953540
22 139 55953540
112 113 55942920
112 24 55942740
117 109 55928640
85 37 55908000
85 120 55908000
37 120 55907460
120 85 55900320
112 113 55898520
25 136 55896780
91 111 55888920
91 83 55888920
11 6 55875240
11 17 55875240
79 146 55867740
120 37 55839360
120 85 55839360
149 112 55832280
11 17 55832040
79 111 55831620
149 148 55829520
149 25 55829520
149 107 55829520
79 111 55828140
149 112 55827360
149 148 55827360
149 113 55827360
149 107 55827360
111 29 55826160
112 113 55821900
2 58 55819500
112 139 55814340
25 24 55814040
58 0 55813860
58 3 55813860
143 131 55812660
91 49 55810620
112 113 55810080
112 113 55809540
112 24 55809540
113 112 55802580
0 2 55752780
71 145 55739340
25 51 55693680
25 136 55693500
58 2 55668540
2 3 55665360
4 58 55665360
58 145 55663860
57 56 55655040
38 49 55647360
112 113 55646640
112 24 55646640
22 139 55586100
112 113 55579200
117 109 55578960
145 0 55570500
145 58 55570500
0 2 55560120
2 0 55559580
2 0 55558860
2 3 55558860
2 145 55558860
0 55 55555260
0 145 55555260
148 63 55549800
148 117 55549800
148 78 55549800
148 84 55549800
148 140 55549800
148 114 55549800
148 90 55549800
148 92 55549800
72 140 55498920
112 139 55421640
22 139 55324980
9 22 55322940
9 20 55322940
2 3 55322820
131 143 55314120
117 92 55311480
112 113 55301160
111 95 55291740
111 91 55291740
112 24 55229880
41 56 55222380
0 55 55218060
149 42 55214040
112 113 55212480
41 57 55147080
2 55 55145400
58 82 55144440
2 145 55122300
2 0 55121940
112 104 55072080
2 3 55070160
2 145 55070160
22 139 55066440
111 95 54978240
112 113 54976380
111 79 54963180
2 0 54960360
58 145 54954720
112 24 54953700
113 112 54948000
22 33 54892440
22 139 54892440
25 24 54882120
112 113 54829020
149 24 54757380
11 8 54740280
79 88 54710160
131 143 54706260
11 6 54697080
2 55 54690660
139 6 54672540
91 139 54636240
139 6 54629340
139 17 54629340
58 2 54628380
1 21 54626460
22 17 54625680
1 38 54623760
1 21 54615300
58 82 54606840
149 112 54603360
149 113 54603360
22 9 54602400
22 139 54602400
0 3 54601740
22 9 54566580
112 24 54543480
2 3 54534360
1 138 54533580
117 66 54531900
117 114 54531900
58 2 54516900
58 145 54516900
91 111 54516540
111 91 54514620
91 111 54512340
82 71 54458520
117 102 54456480
117 90 54452640
41 57 54448620
57 41 54445800
57 41 54445020
1 21 54444720
107 88 54437640
149 25 54429300
25 139 54393840
22 139 54359820
112 113 54357000
92 109 54350520
22 139 54288120
58 82 54108000
148 113 54106680
117 92 54102600
112 113 54098280
22 9 54091560
81 88 54083640
136 95 54010080
136 99 54010080
112 24 54001320
22 139 53996340
41 57 53994720
22 139 53994060
58 3 53938200
58 145 53935500
58 0 53923500
112 24 53917920
58 82 53912460
25 122 53873160
25 136 53872560
11 17 53865000
2 58 53857080
58 3 53854380
2 0 53852340
139 112 53851980
2 58 53850060
112 113 53849640
2 3 53845620
92 149 53832960
112 24 53832600
111 146 53784600
88 81 53753820
22 6 53753100
143 78 53750160
143 85 53750160
81 88 53749500
38 111 53738280
112 113 53658180
112 24 53616840
139 11 53506020
22 139 53491620
112 9 53484180
58 2 53482500
22 9 53425860
58 82 53318880
149 113 53314860
149 9 53314860
112 113 53273640
47 110 53234580
22 17 53137320
112 113 52913880
112 113 52913580
55 143 52871160
2 3 52820520
6 8 52813740
22 11 52810320
139 17 52810260
1 126 52809600
112 24 52796640
88 81 52735260
41 57 52710180
55 131 52704300
143 78 52621620
55 143 52607940
143 78 52554840
57 139 52554600
9 112 52549920
47 110 52546320
4 71 52543380
2 58 52538940
81 29 52453020
0 2 52267620
112 113 52223640
117 114 52219080
117 87 52219080
58 82 52215660
9 18 52208760
139 11 52205820
112 113 52205460
58 3 52203660
58 82 52187520
112 113 52137900
41 57 52125720
57 41 52124040
112 113 52113180
112 113 52109220
112 24 52109220
112 113 52105560
40 42 52104420
73 111 52096380
2 0 52044120
112 113 52041660
92 117 52029540
2 0 52021800
112 113 52017000
88 81 52014480
58 29 52012320
2 0 52012200
40 91 51679920
112 113 51677040
2 0 51612240
58 82 51608220
2 145 51577440
112 24 51535800
68 137 51522360
21 1 51511620
68 137 51510180
58 82 51505140
22 9 51500580
120 37 51490380
112 149 51428880
112 139 51414840
117 114 51007380
117 109 51006420
112 148 50988660
112 149 50988660
112 113 50988660
21 1 50982780
58 3 50977620
113 112 50972220
57 64 50914320
57 41 50912040
112 24 50909520
2 3 50907540
112 148 50900820
112 113 50900820
112 113 50900640
120 37 50888520
2 3 50886540
37 143 50835000
2 0 50832780
2 3 50832780
2 145 50832780
22 17 50825280
112 9 50813760
88 49 50811660
22 33 50803860
2 0 50802720
2 3 50802720
37 120 50737800
22 17 50727240
73 81 50718480
37 120 50718420
72 117 50710140
58 82 50488320
2 0 50488140
58 81 50475180
37 120 50465760
73 111 50453880
22 139 50453340
22 139 50402160
47 138 50393520
148 130 50389860
148 102 50389860
148 149 50389860
148 84 50389860
148 86 50389860
1 138 50389620
2 0 50386140
148 63 50378520
148 78 50378520
148 130 50378520
148 84 50378520
143 144 50377860
144 143 50376180
58 3 50375760
117 72 50369460
104 141 50315820
104 61 50315820
104 105 50315700
104 106 50315700
104 18 50315700
58 0 50314140
92 66 50308920
112 24 50299440
149 24 50297820
112 113 50296860
111 73 50296200
18 9 50296020
112 149 50294220
2 3 50294160
104 73 50291820
104 61 50291820
104 20 50291820
9 8 50291760
112 113 50288940
2 55 50288100
2 145 50288100
58 82 50284560
148 66 50283600
148 130 50283600
148 84 50283600
2 3 50280960
20 23 50275500
112 113 50233140
112 24 50227800
29 111 50224440
112 149 50220540
20 33 50219520
104 141 50217600
104 61 50217600
104 81 50217600
104 141 50217540
104 106 50217540
104 18 50217480
112 9 50217180
20 13 50216160
143 55 50213280
134 62 50212440
113 142 50207700
112 148 50206380
8 9 50204940
112 113 50204220
122 125 50201400
56 25 50200440
9 17 50199060
2 0 50199000
0 2 50197860
149 78 50196480
20 23 50191800
58 144 50145360
2 3 50141880
58 2 50140680
8 22 50136900
8 17 50136900
2 58 50132340
58 2 50132160
149 24 50129100
149 112 50128380
2 0 50127120
92 87 50125740
149 84 50120580
149 112 50120160
149 109 50120160
149 87 50120160
68 137 50119680
37 120 49880220
49 75 49874220
58 3 49867260
92 117 49859820
139 11 49858080
58 81 49852140
88 81 49799760
139 17 49788960
112 149 49772460
111 132 49752420
9 139 49726860
19 22 49714500
58 71 49712760
41 57 49701840
37 120 49682760
9 33 49620180
58 2 49618560
22 8 49618080
22 139 49618080
8 6 49607160
8 17 49607160
29 73 49602540
149 71 49597080
58 82 49590660
58 2 49590540
66 149 49533900
6 8 49522140
6 11 49522140
91 49 49518780
143 131 49510680
2 58 49508100
0 2 49507860
82 58 49504440
22 8 49501800
112 113 49277040
81 73 49274100
0 145 49270380
104 81 49267740
104 20 49267740
9 17 49260180
58 0 49182960
113 112 49181220
112 113 49180860
58 144 49174140
148 112 49172400
2 0 49164000
58 3 49101120
58 82 49100820
139 22 49093920
68 76 49092240
58 145 49075380
139 79 49074360
25 136 49038420
88 81 49022940
2 0 49015440
117 92 49014300
2 3 49010580
57 41 49005720
149 112 49004700
9 33 49001940
9 19 49001940
9 20 49001940
9 17 49001940
61 73 48999420
149 109 48993420
58 2 48991500
58 0 48987720
22 139 48987120
117 78 48937500
139 8 48935220
22 139 48933240
0 2 48928920
58 82 48927000
58 81 48915900
120 37 48913380
2 0 48898140
139 22 48480420
107 73 48479880
145 4 48479640
20 23 48478740
112 149 48477120
22 6 48403740
149 24 48401280
55 143 48397440
55 131 48397440
112 149 48386760
117 114 48383400
126 38 48379560
88 81 48324720
38 25 48307320
22 18 48305700
22 139 48305700
68 45 48292320
68 76 48291720
58 144 48214920
112 149 48055140
56 42 48049140
91 95 48047520
148 78 48047340
0 2 47970720
99 91 47970300
99 75 47970300
136 139 47962800
0 55 47962380
0 2 47961360
112 149 47960160
145 2 47958900
145 2 47958000
92 66 47951220
2 0 47947680
2 3 47947680
2 58 47947680
112 148 47901840
144 143 47892360
58 0 47890380
58 2 47889780
58 82 47879700
58 2 47872080
112 113 47869260
20 9 47865840
112 149 47864040
81 29 47862300
41 57 47860500
139 95 47832060
94 58 47830440
58 82 47807940
117 109 47807700
117 87 47807700
82 58 47805060
58 0 47801040
58 145 47801040
81 29 47793000
2 0 47791740
57 122 47788680
58 0 47782560
68 45 47781720
58 82 47781300
2 0 47777940
37 120 47725740
34 143 47718900
92 66 47718120
81 73 47715120
81 61 47715120
94 71 47712180
57 56 47706660
58 2 47696400
58 82 47692680
58 95 47691660
58 83 47691660
149 84 47457180
149 113 47457180
112 149 47384640
0 2 47375400
0 2 47375340
143 34 47367300
11 6 47361360
145 2 47348160
0 3 47344260
148 63 47282040
148 74 47282040
148 78 47282040
148 102 47282040
148 149 47282040
148 112 47265420
148 112 47254740
112 149 47206740
139 17 47201400
58 82 47197620
58 144 47197620
112 113 47195940
145 3 47195880
112 149 47188320
112 149 47178420
139 11 47175540
143 85 47172060
139 136 47170560
92 102 47170260
25 56 47135340
112 149 47122800
58 81 47111700
1 38 47105100
148 149 47094780
120 37 47093340
41 57 47090400
111 91 47027760
112 149 46942740
112 149 46942680
2 3 46857360
58 145 46856820
82 58 46855320
2 3 46851000
139 79 46850100
85 143 46846800
149 113 46773300
149 112 46755360
58 0 46754880
139 9 46747800
143 131 46744440
41 57 46744440
0 145 46743840
0 58 46677480
0 145 46677480
112 113 46662480
41 57 46659240
111 29 46659000
95 91 46618260
126 37 46594680
82 3 46591920
148 109 46585200
148 84 46585200
148 92 46585200
143 131 46583880
122 25 46583340
58 2 46580220
2 145 46580160
145 71 46578660
38 47 46571700
143 131 46570800
143 144 46570800
22 139 46570140
22 33 46506480
71 145 46504380
11 13 46497540
71 145 46490580
145 71 46487100
37 120 46486380
2 0 46485600
2 58 46485600
0 3 46484820
0 145 46484820
58 82 46483560
143 144 46482840
112 113 46346160
0 145 46252680
58 3 46247460
139 136 46239000
139 136 46237860
131 144 46229580
58 144 46229340
9 17 46228320
2 3 46220880
58 144 46162560
58 29 46160160
139 95 46154280
148 149 46142820
58 82 46074180
58 144 46074180
148 112 46071660
148 149 46071660
120 37 46070280
13 8 46051740
13 11 46051740
2 58 46049820
112 113 45999120
22 6 45984420
58 82 45984240
148 112 45979500
22 139 45978120
112 139 45977100
57 139 45972300
1 21 45970020
119 37 45966360
58 144 45901140
1 138 45894180
37 120 45892080
0 2 45885900
57 56 45882660
149 24 45876180
41 57 45874740
111 83 45872100
139 95 45647160
58 0 45637080
58 2 45636120
112 113 45633240
112 113 45624540
2 0 45622020
112 149 45564060
149 113 45556380
37 120 45555360
22 12 45543960
58 82 45539820
58 144 45539820
2 111 45538080
58 2 45533160
58 3 45531600
88 141 45491700
112 149 45483180
149 148 45465600
58 81 45453660
57 56 45451560
25 136 45390600
25 147 45390600
0 2 45388320
58 0 45381240
58 0 45374520
58 3 45374520
58 145 45374520
22 13 45356700
58 144 45297240
95 91 45281580
2 58 45279420
91 95 45214560
139 9 45210840
0 55 45040980
0 2 45040980
0 2 45037980
0 3 45037980
0 58 45037980
149 112 45036720
22 139 45024000
112 149 45022140
22 6 45019320
22 139 45019320
143 131 45017820
55 0 45015420
11 139 45008340
29 58 44957820
1 21 44950800
95 139 44937540
139 17 44936880
58 2 44932560
58 145 44930640
58 144 44925900
38 25 44914920
143 58 44857440
0 58 44845440
82 58 44840160
112 113 44783220
22 13 44694840
1 138 44693700
1 21 44693100
112 113 44685720
0 2 44668140
58 144 44666760
1 21 44589300
112 113 44430240
2 0 44257620
2 0 44255640
2 58 44244180
25 57 44196420
58 144 44177700
58 0 44172480
82 58 44172300
120 37 44159760
2 4 44149260
146 38 44093520
58 144 44093220
2 0 44081940
111 83 44073540
37 120 44070660
112 149 43835940
1 21 43827660
22 17 43808040
38 48 43797540
2 0 43747800
58 82 43743120
58 144 43743120
58 3 43719720
2 3 43718880
2 0 43718700
2 0 43717980
111 132 43717020
131 144 43649340
57 147 43645680
0 2 43643220
131 143 43641480
58 0 43630320
58 3 43630320
58 82 43570140
0 2 43553520
2 0 43550880
112 139 43547640
139 136 43544940
4 0 43544700
58 144 43483440
2 0 43462440
58 0 43217580
6 17 43205520
62 35 43196100
58 2 43195740
58 82 43194780
23 20 43147680
139 6 43141020
37 119 43116660
57 56 43116540
139 17 43033260
2 58 43027500
2 145 43027500
41 57 43027320
146 25 42970680
58 82 42964740
58 2 42961260
139 136 42951660
139 8 42948960
4 2 42939900
58 144 42939120
139 6 42881400
111 73 42877500
139 136 42876300
119 37 42876180
41 57 42871020
139 136 42864720
2 58 42861000
112 113 42624240
149 24 42607800
2 3 42594960
111 81 42533820
57 56 42533640
57 122 42533640
112 113 42469740
112 24 42469740
2 3 42456060
112 149 42428880
2 58 42423780
112 149 42384180
38 132 42347280
82 58 42343380
58 71 42339240
57 25 42330420
63 149 42281400
25 146 42195540
149 112 42006360
149 112 42004560
149 112 41995260
112 148 41941740
9 113 41933220
112 149 41929200
112 24 41929200
60 76 41921520
58 111 41919960
112 148 41918460
113 112 41918220
131 143 41910060
58 144 41846220
82 58 41844660
1 21 41841960
112 6 41838840
0 58 41837040
112 149 41835120
58 2 41825880
58 0 41825880
149 112 41768520
58 144 41757840
149 112 41757060
112 113 41753160
9 6 41745660
9 8 41745660
41 146 41737140
2 0 41731680
0 2 41729700
41 57 41729220
113 112 41489940
139 11 41410440
112 113 41404500
139 8 41403420
139 17 41403420
112 149 41401740
41 146 41388120
58 82 41383560
139 136 41380920
125 142 41315460
125 146 41315460
112 24 41315460
1 125 41298120
145 2 41295600
58 0 41225940
149 112 41222340
149 113 41222340
112 113 41219400
112 149 41217480
9 22 41215260
9 19 41215260
9 17 41215260
71 145 41211120
139 11 41208660
139 17 41208660
145 2 41208180
139 6 41155200
112 149 41148840
6 11 41148840
1 34 41145780
22 6 41140260
112 149 41130360
112 149 41130240
91 95 41129940
22 6 41127900
22 17 41127900
132 37 41067180
137 68 40981860
2 3 40804500
57 56 40789080
1 125 40776780
1 38 40776780
58 144 40720980
11 6 40702680
145 2 40690020
41 57 40689780
58 82 40639740
58 144 40639740
131 120 40636740
2 4 40636320
131 144 40626420
58 82 40607820
2 3 40546980
2 0 40535400
0 2 40520160
57 41 40454340
41 57 40437300
58 71 40434180
2 58 40431420
131 120 40182180
131 37 40179120
145 3 40178220
58 71 40118940
58 144 40118940
58 145 40109160
58 144 40089180
22 12 40029240
149 112 40016640
149 113 40016640
25 42 40012620
58 71 39945420
82 58 39933900
58 144 39931860
58 71 39931680
58 82 39931680
132 38 39839220
131 144 39838740
41 57 39828540
57 56 39573480
61 98 39568620
139 6 39515100
58 71 39510480
1 21 39489780
112 113 39489540
88 75 39418980
88 99 39418980
58 3 39417780
11 6 39409860
112 113 39403620
11 6 39402720
58 3 39316380
58 71 39309840
57 41 39245940
57 41 39234660
58 81 39232620
58 2 39227880
37 94 38996340
58 82 38994300
145 58 38975100
58 81 38968320
58 2 38965740
58 3 38965740
58 145 38965740
22 6 38910360
58 71 38905560
2 145 38894640
17 6 38893740
57 41 38882280
41 57 38876700
139 22 38823240
58 71 38820660
58 144 38820660
9 22 38802960
58 82 38719380
58 144 38714580
58 144 38712840
29 58 38646540
60 77 38645700
8 11 38643120
58 71 38640060
58 82 38640060
9 22 38573460
9 18 38573460
9 17 38573460
58 144 38376120
58 71 38361420
22 139 38357460
11 6 38293200
8 11 38289180
57 41 38279520
58 81 38275740
2 58 38210100
139 22 38202000
139 6 38202000
41 57 38190360
145 2 38137620
58 71 38131320
58 82 38131320
58 71 38103960
58 144 38102940
149 113 38099340
1 21 38044680
1 34 38044500
1 21 38011560
58 82 37781220
41 57 37769340
2 58 37763940
139 6 37755840
1 47 37754460
139 11 37746660
139 6 37704780
139 11 37704780
139 17 37704780
58 82 37699020
57 51 37675620
58 144 37614120
41 57 37595940
82 58 37591860
111 29 37588440
58 71 37580700
58 82 37580700
142 25 37521300
142 122 37521300
11 6 37518960
22 9 37504920
22 139 37504920
57 24 37502040
111 61 37434540
111 139 37184400
145 58 37171020
58 2 37170000
58 145 37170000
1 138 37145220
144 58 37090920
58 71 37090740
58 82 37090740
22 17 37075860
58 81 37006320
41 57 37005420
58 82 37002120
139 9 37000320
91 95 36989520
58 82 36983940
131 143 36978540
25 136 36923160
145 3 36898020
58 144 36893820
111 61 36828540
145 3 36573540
58 144 36568020
145 3 36547560
58 144 36486300
139 6 36409560
139 20 36409560
145 2 36371580
1 138 36367740
81 58 35968440
41 57 35960700
145 3 35952840
145 2 35948580
58 145 35948220
144 58 35871360
145 3 35865960
58 71 35863500
58 71 35862720
58 81 35857800
81 58 35855640
111 61 35799000
58 144 35796120
58 82 35794680
22 17 35792040
22 139 35792040
58 2 35791980
58 2 35791200
145 3 35780760
145 3 35780640
145 58 35779260
2 58 35775960
145 3 35767080
58 144 35713140
145 58 35708820
145 2 35706240
58 82 35625540
23 20 35624100
2 58 35611500
58 82 35611200
145 3 35610540
1 34 35592300
58 71 35365200
142 122 35350260
58 82 35344860
58 144 35344860
11 6 35336760
11 6 35335800
145 3 35276220
146 138 35275560
82 58 35269140
58 145 35249820
145 2 35247660
82 58 35193600
58 82 35193360
82 58 35184000
58 143 35180460
139 6 35176440
139 17 35176440
131 144 35106180
58 82 35103180
1 125 35015220
139 136 35010660
9 18 35008260
22 6 34995600
145 144 34991820
113 112 34756500
131 3 34752960
112 139 34740840
145 144 34732680
99 49 34691340
58 82 34676220
58 2 34646520
57 64 34566720
58 2 34562220
58 82 34561440
145 58 34507440
2 145 34418160
145 3 34413720
2 3 34405200
57 41 34389180
58 82 34156200
58 81 34153380
58 71 34152840
37 120 34151340
145 3 34129620
145 58 34129620
58 3 34129140
41 57 34056300
145 2 34042020
145 3 34041240
29 81 34039200
2 3 33985800
145 3 33983280
131 34 33976680
58 145 33970560
145 2 33969480
58 82 33896460
29 81 33884880
58 2 33872160
58 145 33872160
73 81 33870120
58 145 33867780
145 2 33867180
88 81 33811320
1 21 33807600
2 3 33806820
34 131 33806460
145 2 33783240
58 71 33553920
2 3 33526740
2 58 33526740
2 58 33469140
2 145 33469140
58 144 33468960
58 3 33464760
58 3 33463260
145 3 33453600
62 35 33449940
58 145 33442080
58 2 33437580
58 71 33435600
58 82 33435600
58 144 33435600
2 145 33378180
131 144 33360720
58 82 33299340
58 2 33266220
145 3 33264720
144 58 33263940
2 3 32926260
146 81 32834340
145 58 32829360
9 19 32789760
9 18 32789760
9 139 32789760
58 82 32778360
145 3 32676000
145 3 32675340
145 2 32663100
145 58 32659140
145 3 32570640
58 71 32342700
58 144 32342700
145 2 32338020
139 17 32332800
2 3 32332440
2 145 32319060
145 2 32228820
131 144 32226900
139 22 32166120
139 17 32166120
145 58 32158920
2 58 32084100
62 57 32083620
131 143 32080740
40 32 32080740
58 144 32069040
2 58 32057160
2 3 32054940
58 82 31997880
139 17 31983780
145 2 31973760
41 57 31962540
145 3 31740060
58 2 31708800
58 82 31705620
145 58 31657500
145 3 31655280
22 17 31653540
145 2 31630560
145 58 31624680
145 2 31564020
2 145 31556280
146 81 31545600
58 2 31463280
58 145 31463280
2 58 31446720
1 21 31382940
22 9 31375920
88 81 31369200
145 2 31362660
2 3 31361820
58 71 31135380
58 2 31134900
145 2 31134300
58 144 31049280
145 3 31047240
22 9 31044420
58 145 31020060
58 145 31018740
58 82 31015860
58 145 31015800
145 3 31015200
1 21 31009500
131 82 30946740
145 58 30938340
58 71 30928680
82 58 30869760
145 81 30794880
146 111 30781500
1 21 30506460
149 113 30497220
58 82 30408360
145 58 30345540
145 3 30340140
145 71 30330060
58 145 30322320
145 3 30275520
145 58 30275520
145 58 30273300
58 145 30268020
58 145 30266520
145 3 30254700
3 145 30177300
58 82 30172500
2 94 30155460
1 138 30146040
2 145 29894460
58 82 29892720
58 3 29892720
131 143 29892360
131 144 29892360
145 58 29842440
145 58 29841060
22 9 29832600
144 58 29832480
3 2 29810760
145 58 29731800
1 34 29720340
2 145 29719380
145 58 29644380
22 17 29644260
139 136 29641260
2 145 29547360
111 29 29478180
2 145 29318520
2 58 29229780
1 38 29210520
41 57 29137680
145 58 29137320
111 95 29058540
58 145 29046960
139 22 28972020
145 3 28967820
111 61 28614000
145 144 28524300
145 2 28522260
145 82 28436580
145 82 28436400
58 145 28425120
22 6 28421880
41 57 28359660
145 3 28356840
2 3 28343040
58 2 28338420
82 58 28101360
82 2 28074840
58 71 28070820
82 3 28025340
1 38 28004340
58 71 27987000
2 3 27935640
1 138 27847380
2 145 27847140
1 21 27840180
82 145 27829560
58 144 27815700
58 144 27735780
22 139 27416820
58 82 27404700
58 2 27404700
58 3 27404700
139 37 27404580
58 71 27386820
58 82 27302100
1 138 27243660
2 82 27225360
2 145 27127260
58 71 26901120
58 144 26901120
58 145 26892660
22 17 26866980
146 111 26801100
22 6 26800080
1 38 26782440
22 139 26781720
88 73 26636280
58 145 26544060
58 71 26541840
2 82 26532600
41 57 26292240
58 144 26291100
145 58 26288400
2 3 26286900
2 3 26273700
139 8 26264580
58 144 26263200
58 3 26203140
122 58 26202240
58 82 26198580
1 38 26192280
1 34 26110980
1 38 26110980
22 17 26013900
58 81 26009940
58 144 25949820
59 58 25944960
145 82 25931100
58 71 25658580
1 21 25592340
139 6 25590300
58 71 25571760
58 144 25571760
58 2 25518600
58 145 25518600
9 17 25494840
1 38 25483920
88 73 25423500
22 6 25416240
22 6 25403640
22 17 25403640
58 71 25399860
81 61 25346580
58 145 25332240
145 82 25325040
22 139 25083840
22 17 25083120
22 17 25082520
22 139 25082520
58 82 25053300
58 144 24884280
139 6 24881100
37 139 24807540
1 38 24799200
1 38 24789000
22 139 24281520
58 145 24277020
2 82 24127440
58 145 24126780
2 58 24124020
81 73 23874600
58 71 23869740
58 71 23843880
22 17 23767320
22 6 23675700
2 82 23504460
22 139 23248080
58 82 23244840
58 144 23240220
22 139 23171580
22 6 23152620
2 82 23093040
41 57 23090880
22 9 23088840
58 144 23010120
2 82 22980420
2 3 22980420
22 139 22926420
1 21 22919640
1 138 22904400
58 77 22643940
1 138 22637460
22 17 22635720
37 132 22568640
2 58 22565460
58 3 22488720
58 144 22481820
22 139 22390680
58 71 22385760
58 71 22376520
2 58 22376160
2 82 22038600
2 145 21890340
58 82 21786600
2 82 21769620
58 71 21713760
139 22 21427920
58 71 21368400
58 144 21368400
41 57 21362340
58 3 21349260
58 71 21281580
22 139 21277500
58 144 21274320
1 21 21268440
22 139 21251940
58 71 21251340
71 73 21190860
22 17 21187560
58 144 21184440
22 17 21175560
58 71 20761920
2 82 20737140
139 17 20664000
2 145 20584680
139 6 20575620
139 17 20575620
1 21 20231460
88 119 20153700
1 138 20141340
1 21 20126700
1 138 20126700
1 38 20126700
58 144 20064300
1 21 19895520
1 21 19891920
1 138 19891920
1 21 19889760
1 138 19889340
1 21 19888020
1 138 19887900
1 21 19884840
1 138 19884840
1 138 19879860
1 21 19878960
1 21 19878840
1 138 19878780
1 21 19878600
1 138 19878600
1 21 19877040
1 21 19570140
1 38 19559760
22 139 19461900
22 13 19376640
2 82 19353540
22 9 19220400
88 41 19034880
58 144 19006740
2 71 19006260
37 143 18923340
2 82 18855660
71 27 18747060
41 57 18680700
58 144 18665280
2 145 18352500
2 82 18344340
58 144 18340260
58 144 18339840
58 144 18249840
58 82 18168600
58 144 18162780
58 144 18157320
2 58 17804160
2 82 17365500
58 145 16608120
58 145 16606020
2 3 16008120
58 3 15321540
2 3 14525640
58 81 14198760
2 82 13824060
37 22 13573620
82 58 13413900
145 71 13324920
2 82 13232640
2 82 13223700
37 22 12964440
58 71 12876180
58 81 12876180
58 145 12632520
2 58 12359760
2 58 12358740
2 3 12287520
58 145 11424660
58 145 11420580
58 145 11411340
58 145 11152560
2 82 11071920
58 3 10544340
58 145 10544340
2 3 10379280
2 3 10379040
58 145 10364400
3 2 10286280
2 3 10280520
2 58 9951780
58 2 9852780
2 82 9847500
58 2 9791040
2 3 9688980
3 2 9609540
3 2 9607500
2 3 9603660
58 145 9351120
3 2 9101340
58 82 8485500
58 145 8485500
58 71 8481720
58 82 8124240
2 82 8035860
2 145 8035860
58 145 7957440
2 145 7170960
2 82 6739260
58 145 6674220
2 82 6317880
2 82 6316140
58 82 5720100
3 2 5703480
2 82 5030820
58 2 4859220
2 58 4848120
37 139 4234980
2 145 3218400
2 145 3044880
58 145 1996260
58 145 1993320
58 2 1897980
58 82 1827660
58 145 1827660
37 145 40860
58 82 0
