8 6 90654446
15 16 90647173
8 16 90408061
18 6 90392693
18 8 90392693
18 16 90392693
6 17 90390569
6 12 90390569
15 16 90309615
17 8 90241357
8 17 90240347
12 15 90239740
12 8 90239740
12 17 90239740
15 16 90150043
15 17 90041449
17 15 90039853
15 17 90039850
6 17 89799204
17 8 89548148
8 17 89548143
6 8 89219026
6 16 89219026
6 17 89187198
17 8 89122999
8 15 89120075
6 17 89114664
15 16 89006102
15 8 88852288
8 17 88603407
8 17 88602881
17 8 88602811
8 16 88602540
8 17 88602540
6 8 88600678
6 16 88600678
8 17 88599790
17 18 88584870
6 18 88584282
6 17 88584282
17 8 88583229
17 16 88583229
17 12 88583229
6 15 88417822
17 8 88348935
8 17 88348694
8 17 88348468
17 8 88346917
8 17 88345725
8 17 88339650
17 8 88338911
8 17 88327302
8 17 88321590
8 17 88321538
8 17 88263859
35 36 88257513
8 17 88245691
8 17 87917530
16 17 87745230
16 12 87745230
8 17 87739395
6 12 87731155
6 15 87728721
15 17 87708644
6 15 87397941
17 6 87396834
8 17 87393371
16 8 87390094
17 8 87380836
8 16 87380512
8 17 87380512
8 16 87377373
8 17 87377373
17 6 87308765
6 17 87308518
17 8 87302590
17 16 87302590
17 8 87302530
17 16 87302530
17 8 87298222
17 16 87298222
16 8 87293201
12 44 87283016
8 17 87227425
8 17 87227241
8 17 87125528
8 17 87111567
12 8 87050971
12 16 87050971
49 41 87022899
49 51 87022899
49 53 87022899
49 35 87022899
49 36 87022899
49 39 87022899
15 17 87018506
12 8 86695037
12 16 86695037
30 36 86679590
61 63 86640157
61 64 86640157
61 66 86640157
61 68 86640157
61 28 86640157
61 71 86640157
61 41 86640157
61 51 86640157
61 53 86640157
61 77 86640157
61 35 86640157
61 30 86640157
61 79 86640157
61 36 86640157
61 58 86640157
61 44 86640157
61 39 86640157
61 63 86625757
61 64 86625757
61 66 86625757
61 68 86625757
61 28 86625757
61 71 86625757
61 41 86625757
61 51 86625757
61 53 86625757
61 77 86625757
61 35 86625757
61 30 86625757
61 79 86625757
61 36 86625757
61 58 86625757
61 44 86625757
61 39 86625757
49 36 86619593
61 77 86619549
61 36 86619549
49 36 86619528
92 66 86619374
49 36 86619337
77 64 86605341
61 77 86605149
61 36 86605149
94 36 86605061
92 66 86604974
49 36 86602717
61 28 86556305
61 71 86556305
61 77 86556305
61 30 86556305
61 36 86556305
61 44 86556305
61 28 86541905
61 71 86541905
61 77 86541905
61 30 86541905
61 36 86541905
61 44 86541905
61 36 86541288
61 44 86541288
8 17 86532610
94 5 86532076
66 92 86525477
30 44 86519521
6 12 86514625
36 94 86512688
30 44 86502417
71 58 86448387
71 44 86448387
49 51 86441567
88 49 86433149
61 36 86431270
36 53 86427956
36 53 86423497
36 53 86423491
36 53 86423393
68 30 86421699
15 17 86412786
71 58 86265309
71 44 86265309
61 36 86193813
92 66 86183056
36 61 86177263
92 66 86176262
92 66 86168656
92 66 86163383
92 66 86161862
16 17 86159888
6 17 86102778
36 61 86098068
100 28 86097957
61 36 86097907
36 61 86097833
61 36 86087089
92 66 86079400
61 30 85993489
61 88 85993489
36 61 85988762
8 17 85929120
92 66 85923686
92 66 85909286
30 36 85896708
8 12 85841136
30 28 85838991
30 36 85838991
66 92 85833408
77 64 85827968
30 36 85817337
15 17 85805357
66 92 85574893
8 12 85557051
12 8 85557047
12 17 85557047
77 64 85473925
17 8 85305015
8 17 85304717
77 64 85300353
15 17 85289472
8 33 84970397
8 17 84970397
12 17 84969198
100 28 84956408
15 12 84944028
49 99 84872301
30 68 84871504
99 49 84866713
17 8 84866227
6 12 84803766
12 17 84778311
6 15 84634352
6 8 84634352
17 6 84631302
6 12 84622646
6 12 84621742
108 99 84360723
108 88 84360723
108 88 84346718
88 108 84298200
88 108 84296485
8 16 84263724
12 15 84260114
68 71 84021462
6 12 84020054
66 92 83586040
33 17 83391806
33 17 83054731
53 34 82971965
33 17 82455307
88 71 82453761
58 44 82386051
33 17 82385703
94 5 82377563
8 17 82361447
8 12 82361447
44 71 82309698
6 12 82200192
66 92 81949804
17 16 81949773
30 53 81848366
122 53 81848103
122 121 81848103
121 53 81846803
121 122 81846803
8 17 81838631
8 12 81838631
8 6 81837400
17 8 81765828
17 16 81765828
17 12 81765828
8 17 81695621
66 92 81685155
100 28 81683237
77 64 81678132
122 41 81675121
8 33 81608314
33 18 81325683
64 77 81324156
123 105 81318189
123 5 81318189
33 18 81265512
33 18 81259797
58 44 81254422
39 53 81237063
49 51 81231515
49 121 81231515
49 122 81231515
123 105 81166320
123 18 81166320
123 108 81166320
30 36 81155875
100 28 81152776
66 92 81101925
58 44 81078773
33 18 81065839
58 44 81064280
58 44 81064242
71 44 81016376
49 51 80973387
49 121 80973387
49 122 80973387
33 18 80972688
44 58 80936738
68 128 80742653
58 44 80716613
61 105 80714180
61 123 80714180
61 18 80714180
61 108 80714180
28 100 80713612
92 66 80657242
94 88 80655967
94 88 80655939
92 66 80655150
68 128 80652048
58 44 80650768
92 66 80640750
39 35 80639457
35 126 80639101
33 18 80638959
94 88 80498397
36 53 80490504
8 17 80485533
44 71 80475026
28 100 80468182
8 17 80463058
28 100 80462687
61 18 80407428
61 108 80407428
66 92 80397533
6 8 80393637
6 17 80393637
66 92 80383133
8 17 80378574
49 51 80367252
49 121 80367252
49 122 80367252
94 5 80213294
94 5 80213083
17 12 80202159
49 122 80128801
33 17 79967947
39 35 79953545
123 105 79894582
49 51 79894264
49 121 79894264
49 122 79894264
66 92 79891090
94 123 79887220
123 94 79887219
123 71 79886872
123 105 79886872
123 61 79886872
58 44 79885754
44 58 79885697
35 39 79868463
8 17 79867668
8 17 79867295
8 12 79867295
8 17 79863378
8 12 79863378
30 36 79858734
77 64 79858663
92 66 79858390
61 123 79857952
17 12 79855195
100 28 79847578
61 18 79794451
61 108 79794451
61 18 79790051
61 108 79790051
66 114 79789928
6 12 79787195
30 36 79786142
92 66 79780257
33 18 79776837
94 5 79776114
66 114 79775528
17 12 79774079
17 33 79767928
77 64 79766874
94 5 79628542
15 17 79610093
61 18 79539222
61 108 79539222
123 105 79534603
123 61 79534603
8 16 79533348
8 17 79533213
8 12 79533213
33 18 79515669
49 109 79514677
49 124 79514677
61 18 79510133
61 108 79510133
92 66 79507235
66 117 79448337
66 92 79448337
16 8 79441015
105 94 79439592
123 105 79438484
123 61 79438484
94 105 79436910
88 36 79435573
92 66 79432428
28 100 79428537
94 44 79427938
100 28 79426439
92 66 79363367
6 8 79361721
6 17 79361721
6 8 79360509
6 17 79360509
123 105 79353588
123 61 79353588
33 18 79350226
100 28 79347613
61 18 79340773
61 108 79340773
66 92 79275892
123 61 79261114
49 121 79259713
121 49 79256613
61 18 79245441
61 108 79245441
61 18 79244892
61 108 79244892
49 51 79244333
49 121 79244333
49 122 79244333
28 100 79194475
17 12 79188939
68 128 79177292
123 61 79165968
17 8 79164372
61 18 79159842
61 108 79159842
121 49 79159574
49 121 79159407
61 18 79158031
61 108 79158031
66 117 78932927
66 92 78932927
88 61 78930452
121 49 78924456
121 49 78924260
121 49 78918703
121 49 78918597
92 66 78918194
92 117 78918194
44 58 78914150
58 44 78913105
131 124 78911330
6 12 78847210
123 108 78845242
58 71 78842555
121 49 78832670
49 121 78832602
121 49 78832324
124 131 78823971
131 124 78823014
49 51 78810930
49 122 78810930
44 58 78765019
61 33 78763814
61 105 78763814
61 123 78763814
61 88 78763814
61 18 78763814
61 108 78763814
44 58 78763708
44 58 78762908
18 33 78759904
35 53 78757064
35 39 78757064
6 15 78755959
6 15 78755050
61 33 78754737
61 105 78754737
61 123 78754737
61 88 78754737
61 18 78754737
61 108 78754737
49 121 78751591
49 121 78737990
8 17 78735737
33 18 78734254
71 44 78732479
28 100 78728796
100 28 78725386
16 8 78690016
16 17 78690016
16 8 78670731
16 17 78664200
68 128 78661579
68 100 78661579
8 17 78645004
49 51 78639793
49 122 78639793
49 122 78639787
5 94 78591775
8 17 78590636
44 94 78581101
66 92 78581018
61 18 78580431
61 108 78580431
53 36 78577137
39 35 78572365
44 94 78561011
8 17 78553083
123 105 78491842
8 17 78326287
8 17 78322425
8 17 78320224
58 44 78319145
58 71 78319082
58 44 78319082
44 58 78315463
44 71 78238824
8 16 78238702
8 17 78238702
44 53 78229276
44 71 78227916
123 105 78169528
105 5 78157670
36 53 78147679
58 44 78146441
8 17 78134183
8 12 78134183
44 58 78132959
58 44 78128807
49 126 78120760
49 35 78120760
49 39 78120760
77 36 78066527
44 131 78064951
44 71 78064951
44 58 78064951
44 131 78064792
44 71 78064792
44 58 78064792
8 17 78058516
66 92 78055819
8 17 78047340
8 16 78047093
8 16 78047029
8 17 78047029
44 58 78044410
17 8 78041543
33 18 78037374
100 28 77983537
5 105 77980678
58 131 77978498
61 18 77971671
16 8 77970760
94 44 77966794
44 94 77966536
6 12 77965420
88 49 77724776
88 53 77724501
58 44 77721828
92 66 77721361
92 66 77719978
6 15 77718213
33 17 77711408
5 44 77709615
58 44 77636669
6 17 77634557
66 92 77621440
16 17 77621414
66 92 77621119
71 5 77607613
8 17 77606057
33 17 77605417
18 33 77599933
18 105 77599933
18 17 77599933
105 33 77550332
105 18 77550332
105 17 77550332
49 126 77550271
18 33 77537896
5 105 77528339
28 100 77464629
105 5 77461353
66 92 77460536
17 6 77453802
58 44 77453487
44 94 77447461
6 17 77436901
88 123 77426883
88 123 77372645
18 33 77363352
17 8 77360440
94 5 77360118
105 5 77277575
123 105 77275014
123 105 77109928
8 16 77092111
105 94 77005645
105 94 77005079
44 58 77004067
44 58 76850563
28 100 76843434
28 100 76843432
100 28 76842884
88 36 76766203
100 28 76763773
58 44 76748319
5 105 76682829
5 94 76680877
123 18 76511597
92 66 76503435
117 66 76502795
66 92 76419319
88 36 76411863
35 39 76404639
92 66 76402161
92 117 76402161
8 17 76331480
92 66 76327191
58 44 76323881
92 66 76321215
92 66 76316391
6 17 76310824
8 17 76245001
68 128 76242934
8 17 76230258
33 17 76229850
33 18 76229781
53 36 76216772
124 51 76159529
58 44 76156210
6 12 76154357
88 123 75908971
123 88 75904761
88 68 75901017
88 28 75901017
88 41 75901017
88 51 75901017
88 53 75901017
88 30 75901017
88 49 75901017
88 79 75901017
88 100 75901017
88 36 75901017
88 105 75897386
88 123 75897386
88 18 75897386
12 17 75878088
44 58 75830014
58 44 75823070
8 17 75818150
58 44 75806678
35 39 75783637
71 44 75727203
58 44 75720133
58 44 75712965
17 12 75703836
71 28 75640372
58 44 75636262
66 109 75634992
123 94 75568994
17 8 75554233
17 16 75554233
33 18 75547649
92 66 75300453
6 12 75291242
33 18 75288512
100 28 75287581
17 12 75279036
12 17 75275939
58 44 75274597
44 58 75219665
66 114 75215156
100 28 75213548
100 28 75205091
66 92 75199427
105 5 75193843
105 5 75193812
12 17 75187713
33 18 75184641
28 100 75178186
15 6 75123675
44 58 75102767
44 58 75102619
8 33 75102487
100 63 75099690
100 63 75099595
12 44 75098124
33 18 75027836
35 49 75024866
66 92 75022053
35 49 75021183
71 5 75016230
5 71 75016134
71 5 75015600
33 17 75009330
33 17 75008667
66 92 74956499
28 100 74941699
28 100 74941698
33 17 74939744
15 17 74842594
64 35 74692609
100 28 74688738
105 5 74611062
44 58 74607847
8 15 74604568
8 12 74604568
77 64 74603231
18 123 74602693
5 105 74580179
58 44 74519951
8 12 74514769
33 17 74513029
92 66 74510296
92 114 74510296
58 44 74508351
58 44 74506977
5 105 74498027
8 16 74490282
8 17 74490282
35 30 74427916
44 58 74424334
58 44 74341398
100 28 74315222
5 94 74250753
66 92 74077167
58 44 74074676
105 94 74072240
100 28 73996001
71 44 73987517
58 44 73976880
5 123 73975731
5 123 73971870
71 44 73894916
100 28 73894612
44 58 73875161
123 105 73839573
123 105 73818249
123 18 73818249
6 12 73733024
28 100 73728290
44 71 73725927
44 58 73724965
8 15 73723591
8 17 73723591
44 88 73718932
77 64 73714086
15 8 73713990
15 17 73713990
94 123 73488630
8 15 73486963
8 17 73486963
18 33 72872056
44 58 72871080
100 28 72868174
44 58 72860610
123 18 72847871
94 105 72792749
94 123 72792749
15 6 72780803
88 49 72773883
28 100 72770139
15 6 72766820
100 63 72762086
15 17 72695372
15 6 72681613
6 8 72675502
6 17 72675502
77 64 72674229
15 6 72673352
18 33 72615103
15 17 72599136
35 49 72589465
35 49 72588468
30 68 72525609
123 18 72271029
15 17 72068466
15 17 71983752
77 64 71934779
117 114 71928199
15 17 71914244
15 17 71902080
100 28 71896878
15 17 71896416
6 8 71645146
6 17 71645146
66 114 71577139
44 58 71559782
71 44 71558913
44 58 71556062
33 6 71494729
33 8 71494729
33 17 71494729
33 12 71494729
100 28 71462275
8 15 71388752
8 17 71388752
8 12 71388752
123 105 71377377
123 18 71377377
33 6 71330248
33 8 71330248
33 17 71330248
33 12 71330248
44 58 71325687
44 58 71243693
100 28 71053871
77 64 71048824
6 8 71042435
6 17 71042435
35 77 71036268
100 28 70983302
100 28 70975756
77 64 70884756
100 28 70883467
5 105 70882647
44 58 70868126
44 58 70866175
35 77 70776934
117 92 70722653
131 53 70714492
77 64 70706364
8 15 70689480
8 17 70689480
8 12 70689480
63 5 70451854
6 8 70448155
6 8 70447530
5 105 70431785
71 5 70364836
92 66 70269815
30 36 70184207
100 63 70119684
77 64 70118522
6 8 70090524
92 66 69865854
92 66 69855054
6 8 69834618
6 17 69834618
5 94 69768254
92 66 69757824
44 58 69747888
123 105 69738683
44 58 69664169
100 28 69566638
6 17 69488118
44 58 69483144
15 8 69474169
15 17 69474169
68 128 69238488
44 94 69232378
100 92 69039559
44 94 68878310
6 8 68640590
8 17 68624202
30 36 68540656
30 36 68439661
30 36 68439481
30 36 68439379
30 36 68439208
100 28 68354809
100 28 68354267
92 66 67958123
30 68 67944500
35 77 67781192
68 128 67767519
100 28 67764929
100 68 67761073
6 8 67760973
8 17 67758281
35 77 67669710
15 8 67412953
15 8 67333697
36 53 67259844
36 53 67258387
36 34 67258387
66 109 67246488
66 114 67246488
100 28 67235080
92 66 67193434
68 100 67153873
66 92 66738209
15 8 66638361
15 17 66638361
18 8 66634258
18 17 66634258
100 63 66565218
5 71 66545130
100 68 66496837
77 64 66459596
71 5 66381394
5 71 66321656
77 35 66030643
77 35 66030548
77 64 65957271
100 63 65520030
58 71 65486940
92 66 65452670
6 8 65364052
131 144 65325360
58 44 65321100
44 18 65266537
53 36 65254512
131 144 65242320
144 131 65240100
144 131 65240040
92 66 65013284
36 53 65004087
15 8 64925040
15 8 64754340
131 144 64280160
18 33 64252980
18 17 64252980
66 92 64250604
66 92 64239804
131 144 64225920
18 33 64144440
18 8 64144440
18 17 64144440
18 33 64108440
18 8 64108440
18 17 64108440
71 58 64084800
71 58 64048800
94 105 64039452
18 17 63715860
18 33 63547500
18 17 63547500
17 6 63539735
17 8 63539735
18 33 63113040
18 6 63113040
8 6 63111009
131 144 63088560
131 144 63077940
131 144 63004740
18 33 62872500
18 17 62872500
117 63 62404440
18 33 62324280
92 117 62313480
92 117 62311500
92 117 62311080
18 33 62288280
105 94 62251457
144 131 62234280
58 71 61974660
58 144 61974660
131 144 61970160
117 66 61871700
117 109 61871700
131 144 61869900
94 71 61803720
117 63 61803060
92 117 61797000
122 51 61711440
122 142 61711440
131 144 61695900
117 63 61371360
18 17 61251240
8 6 61215812
8 17 61215812
8 15 61215484
8 6 61215484
8 17 61215484
117 63 61089660
17 6 61014499
18 33 61004700
18 17 61004700
92 63 60706320
92 66 60706320
92 114 60706320
6 8 60508832
131 144 60502980
17 6 60499728
17 8 60499728
131 144 60495540
131 144 60494820
131 144 60486180
6 8 60367144
92 66 60171780
6 8 60158435
66 117 59970720
94 53 59946420
131 144 59884140
71 94 59797500
71 94 59793780
6 15 59566354
6 8 59566354
94 71 59551980
117 109 59541780
117 109 59539560
117 92 59469540
117 92 59455080
131 144 59447040
18 88 59328300
117 66 59208120
92 117 59187960
117 92 59186760
92 117 59186040
117 92 59185680
92 117 59185200
117 92 59180160
144 131 59177520
6 8 58956326
6 17 58956326
6 15 58954471
6 8 58954471
131 144 58954380
92 66 58951260
92 117 58951260
92 109 58951260
117 92 58950360
117 92 58940340
92 117 58939920
149 66 58928220
149 114 58928220
149 92 58928220
92 66 58918140
92 149 58918140
92 114 58918140
144 131 58852860
117 92 58851780
92 117 58851720
117 92 58851420
92 117 58847040
131 144 58846440
144 131 58843440
131 144 58842120
92 66 58834800
92 117 58834800
71 58 58761060
105 94 58712999
131 144 58691220
142 122 58683000
117 92 58578240
92 117 58577820
71 58 58434360
131 144 58345500
58 71 58264980
71 58 58259820
8 6 58253942
8 17 58253942
144 58 58167120
58 144 58165440
144 131 58149420
131 144 58090380
144 131 58081620
144 131 58080840
92 149 58075620
8 6 58023769
8 17 58023769
66 149 57977580
92 149 57972420
117 66 57729840
66 117 57725820
71 94 57725520
117 66 57725220
117 66 57648180
117 109 57648180
117 114 57648180
117 92 57634980
117 66 57481800
117 109 57481800
117 114 57481800
117 66 57470520
66 117 57470400
117 66 57463740
117 66 57399120
117 109 57399120
117 114 57399120
92 109 57397860
114 117 57385800
66 149 57383760
58 71 57381180
131 144 57370260
117 66 57366900
131 144 57121500
117 66 57048660
117 109 57048660
117 114 57048660
92 117 57046020
117 92 57046020
58 144 57045960
142 122 57045540
92 117 57045300
66 117 57029220
131 144 57029160
92 66 57027960
92 117 57027960
117 66 57023760
117 66 56966640
117 109 56966640
117 114 56966640
117 66 56944200
117 109 56944200
117 114 56944200
92 117 56505120
92 117 56500020
117 92 56444820
117 92 56436840
66 149 56436300
15 6 56430813
92 117 56429520
117 92 56428500
92 117 56426520
92 117 56414880
117 92 56414820
117 92 56353920
131 144 56338440
117 109 56247720
117 66 55928640
117 109 55928640
117 114 55928640
117 114 55901580
79 88 55867740
17 6 55855320
79 88 55828140
92 66 55747020
58 71 55663860
117 109 55578960
117 92 55578360
92 117 55578060
117 92 55577280
58 144 55555800
117 92 55311480
117 109 55229760
92 117 55215540
117 66 55148880
117 109 55148880
117 114 55148880
58 144 55140000
131 144 54958380
58 144 54955260
88 49 54720000
99 35 54717600
79 88 54710160
131 144 54691140
131 144 54611040
117 66 54531900
117 109 54531900
117 114 54531900
92 66 54350520
92 109 54350520
58 144 54348180
117 92 54102600
92 117 54099420
92 149 54077340
92 149 54014760
122 121 53931480
88 61 53835480
92 149 53832960
61 88 53770560
149 105 53314860
6 8 52813740
117 66 52219080
117 109 52219080
117 114 52219080
117 66 52218540
117 109 52218540
117 114 52218540
117 66 52128900
117 109 52128900
117 114 52128900
64 142 52117080
142 64 52114080
92 66 52029540
92 117 52029540
117 114 51007380
117 66 51006420
117 109 51006420
117 114 51006420
92 117 51002280
117 92 50885220
88 49 50811660
92 66 50310540
92 66 50308920
92 114 50308920
58 144 50284560
92 66 50221080
92 117 50221080
8 17 50206020
8 17 50204940
149 66 50196480
149 109 50196480
58 144 50145360
92 117 50138280
8 17 50136900
149 66 50129100
149 109 50129100
92 66 50125740
149 66 50120580
149 109 50120580
149 66 50120160
149 109 50120160
94 71 49879320
17 6 49875660
17 8 49875660
92 117 49859820
117 92 49859280
92 117 49858320
58 71 49712760
131 144 49710180
71 94 49701960
94 71 49701180
71 94 49699800
92 66 49695660
92 114 49695660
58 144 49680060
94 71 49645740
8 6 49607160
8 17 49607160
149 71 49600500
149 71 49597080
58 144 49590660
92 66 49534620
66 149 49533900
6 8 49522140
149 71 49521960
8 17 49517700
17 8 49505940
17 8 49502400
58 144 49272360
8 6 49266720
8 17 49266720
8 17 49265700
6 8 49255380
18 33 49245600
58 144 49188060
8 6 49185720
8 17 49185720
58 144 49174140
58 144 49100820
131 144 49085880
17 6 49074660
117 92 49072980
117 92 49014660
117 92 49014300
149 109 49004700
149 66 48993420
149 109 48993420
58 144 48927000
92 66 48925860
117 114 48383400
99 35 48305400
58 144 48214920
122 142 48031560
58 144 47976480
122 142 47961120
92 66 47951220
58 144 47879700
94 58 47830440
117 66 47807700
117 109 47807700
117 114 47807700
58 144 47806440
61 94 47793300
61 88 47793300
61 58 47793300
92 66 47721480
58 144 47720520
92 66 47718120
94 71 47712180
58 144 47707980
99 49 47689920
149 63 47457180
58 144 47453220
94 58 47442300
58 144 47432220
61 105 47366880
61 18 47366880
58 94 47360520
58 144 47293140
122 142 47264700
58 144 47197620
58 144 47192160
8 6 47191320
149 64 47172660
58 144 47115480
58 144 46858740
58 144 46768440
58 144 46682700
131 144 46661700
58 144 46597800
8 15 46570680
8 6 46570680
8 17 46570680
131 144 46570140
58 144 46510620
144 58 46499880
58 144 46252380
131 144 46229580
58 144 46229340
58 144 46222440
61 105 46221720
61 18 46221720
58 144 46162560
58 144 46151160
6 15 46141260
58 144 46134240
58 144 46081680
58 144 46074180
8 6 46069380
8 17 46069380
144 58 46052580
58 144 45992040
58 144 45984240
58 144 45901140
58 144 45892500
149 63 45556380
149 64 45556380
58 144 45539820
58 144 45527040
58 144 45456600
58 144 45372420
131 144 45369780
58 144 45297240
58 144 45296880
99 49 45272460
58 144 45042300
58 144 44925900
58 144 44787300
149 71 44759280
58 144 44749140
58 77 44671500
131 144 44669340
58 144 44666760
58 144 44666400
58 144 44264100
58 144 44177700
58 144 44168880
58 144 44093220
149 63 44061000
58 144 43825380
131 144 43747200
58 144 43743120
58 144 43658700
131 144 43649340
58 144 43570140
58 144 43483440
17 6 43482300
58 144 43226340
6 17 43205520
58 144 43194780
131 144 43137660
58 144 43051380
131 144 43032720
58 144 42964740
131 144 42947160
58 144 42939120
58 144 42882720
58 144 42620640
8 6 42601440
8 17 42601440
58 144 42537000
149 63 42512520
58 144 42447480
58 144 42366480
58 71 42339240
58 77 42339240
58 144 42334620
58 144 42334020
63 149 42281400
149 71 42274200
131 144 42271740
131 144 42018660
144 58 42010740
131 144 42004500
58 144 41995500
149 63 41995260
58 144 41988780
58 144 41907720
71 77 41904240
58 144 41846220
58 144 41757840
58 144 41409480
58 144 41383560
58 144 41237400
58 144 41150880
58 144 41063040
58 144 40810860
58 144 40720980
58 144 40639740
131 144 40627500
131 144 40626420
142 122 40618800
58 144 40605180
131 144 40551300
58 71 40519920
58 144 40519920
149 64 40490400
131 144 40451820
8 6 40451700
8 17 40451700
131 144 40441740
58 71 40434180
58 144 40434180
88 49 40207380
88 99 40207380
131 144 40198980
15 6 40197000
58 71 40118940
58 144 40118940
58 144 40114620
58 144 40112400
58 71 40089180
58 144 40089180
58 71 40031820
58 144 40031820
58 71 39945420
58 144 39945420
131 122 39939660
8 6 39932520
8 17 39932520
58 71 39931860
58 144 39931860
58 71 39931680
58 144 39931680
131 144 39838740
58 71 39510480
58 144 39510480
131 144 39492840
58 71 39482880
58 144 39482880
88 49 39418980
88 99 39418980
58 71 39340860
58 144 39340860
131 144 39314040
58 71 39309840
58 144 39309840
58 71 39246960
71 58 39226800
58 71 38994300
58 144 38994300
58 71 38905560
58 144 38905560
17 6 38893740
58 144 38879100
58 71 38820660
58 144 38820660
58 71 38792400
58 144 38792400
144 58 38720640
58 71 38719380
58 144 38719380
58 71 38714580
58 144 38714580
58 144 38712840
142 122 38710380
58 71 38649660
58 144 38649660
58 144 38643900
8 6 38643120
8 17 38643120
144 58 38642700
142 122 38640600
58 71 38640060
58 144 38640060
131 144 38391300
58 71 38376120
58 144 38376120
58 71 38361420
58 144 38361420
8 6 38289180
8 17 38289180
58 71 38218020
58 144 38218020
58 71 38131320
58 144 38131320
58 71 38103960
58 144 38103960
58 71 38102940
58 144 38102940
58 71 38041980
58 144 38041980
49 34 38034840
58 71 37781220
58 144 37781220
58 71 37699020
58 144 37699020
58 71 37614120
58 144 37614120
122 142 37590360
58 71 37581240
58 144 37581240
58 71 37580700
58 144 37580700
142 122 37521300
149 71 37429560
58 71 37178100
58 144 37178100
142 122 37173840
142 122 37144860
144 58 37090920
58 71 37090740
58 144 37090740
131 144 37065540
58 71 37002120
58 144 37002120
131 144 36988020
58 71 36983940
58 144 36983940
58 71 36922560
58 144 36922560
58 144 36893820
58 71 36890820
58 144 36890820
58 71 36568020
58 144 36568020
58 71 36486300
58 144 36486300
58 71 36469680
58 144 36469680
131 144 36465420
99 49 36392520
58 71 36385800
58 144 36385800
144 58 35942040
58 144 35937900
58 71 35937420
58 144 35937420
131 144 35871660
131 144 35871540
144 58 35871360
58 71 35863500
58 144 35863500
58 71 35862720
58 144 35862720
131 34 35797020
58 144 35796120
144 58 35795940
58 71 35794680
58 144 35794680
58 144 35774700
58 71 35713140
58 144 35713140
131 144 35709240
58 71 35625540
58 144 35625540
58 71 35365200
58 144 35365200
131 144 35364480
142 122 35350260
58 71 35344860
58 144 35344860
58 71 35193360
58 144 35193360
58 71 35180460
58 144 35180460
131 144 35169960
131 144 35106180
58 71 35103180
58 144 35103180
58 71 35019780
58 144 35019780
58 144 35012940
58 71 34990440
58 144 34990440
131 144 34752960
131 144 34750980
99 49 34691340
58 71 34676220
58 144 34676220
58 71 34660680
58 71 34593000
58 144 34593000
58 71 34561440
58 144 34561440
142 122 34555620
142 122 34403280
142 122 34403220
58 71 34156200
58 144 34156200
58 71 34152840
58 144 34152840
58 71 34127340
58 144 34127340
58 71 33988080
58 144 33988080
131 34 33976680
131 144 33959940
58 71 33896460
58 144 33896460
131 144 33896220
131 144 33883020
58 71 33812460
58 144 33812460
34 131 33806460
58 71 33553920
58 144 33553920
131 34 33550020
58 144 33468960
58 71 33465660
58 144 33465660
131 144 33446400
58 71 33435600
58 144 33435600
131 144 33360720
58 71 33299340
58 144 33299340
144 58 33263940
58 71 32941500
58 144 32941500
58 71 32861880
58 144 32861880
58 144 32861040
131 144 32848380
131 144 32842860
58 71 32778360
58 144 32778360
58 71 32687460
58 144 32687460
58 71 32652960
58 144 32652960
58 71 32342700
58 144 32342700
131 144 32226900
58 71 32083740
58 144 32083740
131 144 32080740
58 144 32069040
58 71 31997880
58 144 31997880
34 131 31979220
58 144 31725720
131 34 31725600
144 58 31725120
34 131 31717680
131 34 31712220
58 71 31647480
58 144 31647480
58 71 31560660
58 144 31560660
58 71 31556580
58 144 31556580
58 71 31535460
58 144 31535460
58 71 31446000
58 144 31446000
58 71 31135380
58 144 31135380
58 71 31049280
58 144 31049280
58 71 31012020
58 144 31012020
131 34 30931980
58 71 30928680
58 144 30928680
131 34 30428640
34 131 30428220
131 34 30415800
131 34 30259740
58 144 30172500
144 58 30172500
131 144 29892360
144 58 29832480
131 144 29665560
131 144 29577180
131 144 29568180
131 144 29311260
131 144 29134740
131 144 29046540
58 71 28371180
58 144 28371180
58 71 28070820
58 144 28070820
58 71 27987000
58 144 27987000
58 71 27846660
58 144 27846660
58 144 27815700
58 71 27813960
58 144 27813960
58 144 27735780
58 71 27386820
58 144 27386820
58 77 27223260
58 71 27213240
58 144 27213240
58 71 26901120
58 144 26901120
58 71 26875200
58 144 26875200
58 71 26639100
58 144 26639100
88 61 26636280
58 71 26553900
58 144 26553900
58 71 26541840
58 71 26291100
58 144 26291100
58 71 26263200
58 144 26263200
122 58 26202240
58 71 26176440
58 144 26176440
58 71 26037960
58 144 26037960
58 71 25950480
58 144 25950480
58 71 25949820
58 144 25949820
58 71 25936380
58 144 25936380
58 77 25675320
58 77 25660560
58 71 25658580
58 144 25658580
58 71 25571760
58 144 25571760
58 71 25486200
58 144 25486200
88 61 25423500
58 71 25399860
58 144 25399860
58 71 24884280
58 144 24884280
58 71 24475980
58 144 24475980
58 71 24396060
58 144 24396060
58 144 24383160
58 71 24363360
58 144 24363360
58 144 24192600
58 71 24132780
58 144 24132780
58 71 23869740
58 144 23869740
58 71 23843880
58 144 23843880
58 71 23701200
58 144 23701200
58 71 23271540
58 144 23271540
58 71 23240220
58 144 23240220
88 61 23101440
58 71 23098620
58 144 23098620
58 71 23010120
58 144 23010120
58 71 22923900
58 144 22923900
58 77 22643940
58 71 22579020
58 144 22579020
58 71 22490580
58 144 22490580
88 49 22490400
58 144 22484100
58 144 22481820
58 71 22385760
58 144 22385760
58 71 22376520
58 144 22376520
58 71 22289340
58 144 22289340
58 71 21974280
58 144 21974280
58 71 21883200
58 144 21883200
58 77 21874740
58 71 21713760
58 144 21713760
58 71 21453600
58 144 21453600
58 71 21368400
58 144 21368400
58 71 21281580
58 144 21281580
58 71 21274320
58 144 21274320
58 71 21251340
58 144 21251340
58 144 21184440
94 33 21172920
58 71 21111720
58 144 21111720
58 71 21096780
58 71 20850420
58 144 20850420
58 71 20761920
58 144 20761920
58 71 20734980
58 144 20734980
58 71 20594880
58 144 20594880
88 41 20153700
58 71 20064300
58 144 20064300
58 71 19295400
58 144 19295400
58 71 19039020
58 144 19039020
88 41 19034880
88 49 19034880
58 71 19006740
58 144 19006740
58 71 18926580
58 144 18926580
58 71 18923760
58 71 18867960
58 144 18867960
58 71 18777900
58 144 18777900
58 144 18747360
58 144 18666600
58 71 18665280
58 144 18665280
58 71 18430740
58 144 18430740
58 71 18340260
58 144 18340260
58 71 18339840
58 144 18339840
58 71 18314760
58 144 18314760
149 71 18259800
58 144 18249840
58 144 18240120
58 144 18163440
58 144 18162780
58 144 18157620
58 144 18157320
149 71 17491440
58 88 15836160
58 71 14017680
58 71 12876180
58 144 12876180
58 131 10827540
58 71 10827540
58 144 10827540
58 144 9950040
58 144 9791040
58 71 8481720
58 71 6739260
