8 9 90676891
10 6 90675787
6 9 90669392
8 6 90654446
9 6 90421928
8 9 90408061
19 8 90312397
19 9 89791440
10 8 89473036
6 8 89219026
6 10 89216360
19 9 89177251
8 23 89120075
19 9 89105015
20 9 89057040
19 9 89039736
6 10 89019431
19 9 89004356
6 10 88953876
19 9 88926589
19 9 88867739
8 9 88840505
6 8 88600678
8 20 88599790
8 23 88599790
26 27 88532323
26 28 88532323
26 31 88532323
19 9 88523527
19 9 88521055
9 19 88496960
19 9 88345786
23 8 88245879
8 23 88245691
23 8 88243700
8 23 88243575
23 8 88243341
6 10 88237178
19 8 88006415
19 9 88005786
9 20 87995895
23 8 87994063
23 20 87994063
9 20 87979486
9 19 87974688
19 9 87974405
19 10 87974405
19 9 87966828
20 8 87882665
8 20 87810470
8 23 87810470
20 8 87805277
20 8 87805070
8 20 87802739
23 8 87720978
8 23 87720978
23 8 87716991
23 20 87716991
39 40 87715705
20 19 87393754
20 9 87393754
8 23 87393371
8 23 87380512
8 23 87377373
19 9 87374115
19 9 87369210
9 19 87367950
9 19 87310435
9 20 87310435
9 19 87298788
42 43 87289171
8 23 87227425
8 23 87227241
9 19 87221191
19 9 87221102
26 27 87198824
19 9 87139029
20 9 87132253
20 23 87132253
46 36 87131901
20 9 87130659
20 23 87130659
20 9 87129267
20 23 87129267
23 20 87129043
23 9 87129043
9 20 87127311
9 23 87127311
23 20 87125442
23 9 87125442
20 9 87123336
20 23 87123336
8 23 87111665
26 27 87104661
9 20 87045290
20 9 87042635
19 9 86794527
20 8 86780934
20 23 86780934
19 9 86778071
23 20 86764026
23 8 86712048
23 20 86712048
19 9 86711118
19 9 86710607
20 8 86700979
20 23 86700979
10 8 86693841
8 20 86686546
8 23 86686546
20 8 86685832
20 23 86685832
20 8 86680591
20 23 86680591
36 43 86677659
20 23 86675042
61 50 86640157
61 64 86640157
61 27 86640157
61 67 86640157
61 28 86640157
61 46 86640157
61 54 86640157
61 47 86640157
61 40 86640157
61 77 86640157
61 21 86640157
61 43 86640157
61 42 86640157
61 78 86640157
61 79 86640157
61 26 86640157
61 31 86640157
61 36 86640157
61 39 86640157
61 50 86625757
61 64 86625757
61 27 86625757
61 67 86625757
61 28 86625757
61 46 86625757
61 54 86625757
61 47 86625757
61 40 86625757
61 77 86625757
61 21 86625757
61 43 86625757
61 42 86625757
61 78 86625757
61 79 86625757
61 26 86625757
61 31 86625757
61 36 86625757
61 39 86625757
61 27 86619549
61 77 86619549
61 43 86619549
61 26 86619549
61 36 86619549
26 27 86616462
89 27 86615316
89 77 86615140
89 26 86615140
77 64 86605341
61 27 86605149
61 77 86605149
61 43 86605149
61 26 86605149
61 36 86605149
19 9 86601892
40 79 86600978
61 27 86556305
61 28 86556305
61 77 86556305
61 43 86556305
61 26 86556305
61 36 86556305
26 27 86542849
26 28 86542849
26 61 86542849
26 31 86542849
61 27 86541905
61 28 86541905
61 77 86541905
61 43 86541905
61 26 86541905
61 36 86541905
61 26 86541288
61 36 86541288
26 89 86515040
89 26 86514965
19 9 86508523
40 39 86508055
20 23 86507007
42 43 86505799
19 9 86437959
61 43 86431270
61 36 86431270
36 54 86427956
36 43 86427685
36 54 86423497
36 54 86423491
36 54 86423393
19 9 86413765
61 36 86193813
26 77 86179338
26 89 86179338
36 61 86177263
26 27 86115188
26 28 86115188
19 9 86102919
36 61 86098068
61 36 86097907
36 61 86097833
26 27 86094440
61 36 86087089
28 26 86079328
36 26 86070464
26 28 86016001
26 36 86012257
26 28 86012109
26 27 86009067
26 28 86009067
26 31 86009067
26 28 86008792
61 89 85993489
26 28 85989679
36 61 85988762
9 19 85986129
26 98 85926202
40 39 85907787
26 89 85903061
39 40 85843469
77 64 85827968
40 79 85821865
26 36 85772033
19 9 85580044
19 9 85560757
77 64 85473925
42 36 85399839
77 64 85300353
36 26 85254077
26 36 85243167
26 36 85242542
26 27 85048048
26 28 85048048
26 98 85048048
26 31 85048048
8 33 84970397
8 23 84970397
28 26 84969418
61 106 84968741
103 98 84965495
97 43 84958773
26 28 84896877
26 36 84799961
26 89 84798599
26 27 84793890
26 28 84793890
26 31 84793890
26 89 84793890
19 9 84793580
19 9 84726470
6 8 84634352
6 19 84634352
19 9 84597519
19 9 84596805
19 9 84543684
23 10 84355736
19 9 84293127
9 19 84257774
19 9 84251011
9 19 84170397
19 9 84117962
19 9 84098595
98 89 84092038
89 98 84017961
19 9 84007643
19 9 83589454
19 9 83560007
26 27 83431026
26 28 83431026
26 98 83431026
26 31 83431026
26 27 83430365
26 28 83430365
26 98 83430365
8 19 83416479
19 8 83416476
20 33 83414792
103 105 83399808
33 20 83391222
26 27 83320328
26 89 83320328
19 9 83160415
20 10 83160233
10 20 83160229
20 10 83158265
20 10 83157142
10 20 83156530
19 33 83144562
20 33 83139314
20 9 83139314
20 23 83139314
19 9 83058213
33 9 83054731
19 9 83050698
4 5 82972407
19 33 82955229
19 20 82955229
26 27 82796547
26 27 82616767
89 27 82376790
8 19 82361447
39 40 82273878
40 39 82271629
33 20 82269340
23 20 82216221
19 33 82191539
122 42 81848103
8 19 81840032
8 19 81838631
8 9 81838631
8 6 81837400
8 19 81837165
33 20 81779912
33 20 81774729
9 23 81762753
33 20 81754214
77 64 81678132
19 9 81674369
9 33 81664714
8 33 81608314
40 79 81587670
19 9 81351167
19 9 81338698
20 10 81333639
20 23 81333639
9 33 81327920
9 20 81327920
33 106 81325683
64 77 81324156
19 9 81322626
33 20 81265512
33 20 81263688
9 19 81260682
43 42 81163784
9 33 81087394
19 9 81067994
19 8 81067910
19 10 81067910
6 10 81062557
19 20 81056049
19 9 81056049
19 23 81056049
97 46 81020376
97 21 81020376
97 39 81020376
97 127 81020376
9 20 80977828
9 19 80977279
9 20 80977279
9 23 80977279
19 9 80968152
9 19 80907343
9 20 80823678
9 33 80755635
9 19 80755569
19 9 80751630
115 50 80732527
19 9 80731398
61 105 80714180
61 106 80714180
9 19 80675382
9 19 80675372
19 9 80663827
19 9 80662889
19 9 80657777
40 79 80654247
10 19 80652060
43 42 80650184
20 33 80643411
33 20 80638959
9 33 80631183
9 19 80631183
19 9 80576082
9 19 80557689
9 8 80556538
9 23 80556538
9 19 80555308
20 23 80554608
20 23 80554492
23 20 80554118
20 23 80553984
9 19 80552700
23 20 80550780
23 20 80550739
33 20 80549609
19 10 80549106
20 23 80548058
9 20 80546848
20 23 80546183
20 23 80543093
20 23 80541862
20 9 80489875
20 23 80489875
20 9 80489131
20 23 80489131
20 9 80488828
20 23 80488828
20 33 80480808
20 9 80480808
23 20 80479265
23 20 80479014
23 20 80478828
23 20 80478775
20 23 80478582
20 23 80478212
20 23 80477291
23 20 80476755
20 23 80473589
23 20 80471523
23 20 80470405
20 23 80469887
20 23 80469740
23 20 80467575
20 23 80465077
20 9 80463968
8 23 80463058
20 23 80462994
23 20 80459732
10 8 80458801
20 23 80453926
20 23 80452107
20 23 80450031
23 20 80400048
23 20 80400000
20 23 80399547
20 23 80399512
23 20 80399319
20 23 80399142
23 20 80398435
20 23 80398365
20 23 80398248
23 20 80397813
23 20 80397207
43 54 80395738
92 130 80394349
6 8 80393637
6 20 80393637
6 23 80393637
79 40 80391690
20 9 80389102
20 23 80385412
20 23 80380572
20 33 80378954
8 20 80378574
8 23 80378574
20 23 80377012
23 20 80376804
20 23 80375484
20 23 80374611
23 20 80374464
20 23 80374416
23 20 80371184
23 8 80368916
20 8 80368789
20 23 80368789
9 20 80326220
20 8 80208879
20 23 80208879
20 23 80208417
20 33 80193307
33 20 80159942
20 23 80158938
20 33 80145848
20 23 80145848
33 20 80139001
20 33 80138244
33 20 80138091
20 33 80136969
33 20 79979681
33 20 79967947
8 20 79961694
20 33 79961691
20 8 79961691
20 23 79961691
9 20 79961004
10 8 79953356
10 19 79953356
20 9 79947160
20 23 79947160
20 23 79947138
20 23 79946653
19 9 79944682
23 20 79943822
9 20 79940001
9 23 79940001
10 8 79937137
20 23 79936705
20 23 79934660
20 23 79930547
9 19 79883913
10 8 79883105
20 33 79882467
33 20 79882228
9 19 79881480
9 19 79877181
8 10 79876406
10 8 79876378
20 33 79876200
33 20 79873919
20 23 79869183
9 19 79868918
23 20 79868861
47 46 79868656
20 23 79868624
8 10 79867929
8 19 79867295
8 10 79867295
23 20 79865545
10 8 79865194
23 20 79864034
8 19 79863378
8 10 79863378
20 23 79862880
10 8 79862304
10 19 79862304
23 20 79862063
20 23 79861913
23 20 79860342
10 8 79860174
20 23 79860063
20 23 79859939
23 20 79859894
77 64 79858663
23 20 79858449
9 33 79856935
23 20 79856317
20 23 79854972
20 33 79853498
19 9 79796107
19 9 79795149
19 9 79792552
9 19 79789738
20 33 79773390
20 9 79773390
20 23 79772945
20 23 79770788
20 23 79770485
77 64 79766874
39 46 79764752
19 9 79760370
20 23 79681162
20 23 79627695
19 9 79533882
8 19 79533213
8 10 79533213
20 23 79527656
19 9 79523201
26 31 79453607
19 9 79452271
9 19 79436221
28 26 79432589
28 89 79432589
20 23 79430949
40 79 79415478
20 23 79413494
97 46 79367623
97 21 79367623
97 39 79367623
97 127 79367623
23 20 79366009
6 8 79361721
6 8 79360509
28 89 79359210
26 89 79357506
20 23 79348778
20 23 79346144
23 20 79346025
20 23 79345805
23 20 79345367
28 89 79340691
20 23 79333207
42 43 79332238
20 23 79327104
97 46 79281939
97 47 79281939
97 21 79281939
97 39 79281939
97 127 79281939
92 130 79280795
23 20 79277220
127 106 79265461
8 23 79264501
20 33 79264288
33 20 79263741
40 79 79262019
40 79 79261560
40 79 79260216
43 54 79253422
97 46 79195684
97 47 79195684
97 21 79195684
97 39 79195684
97 127 79195684
28 89 79194475
19 9 79181138
20 23 79179134
40 79 79176344
19 9 79168291
20 10 79167698
20 10 79166368
28 26 79164619
28 89 79164619
33 20 78930516
20 23 78921514
33 9 78921328
23 20 78920987
20 23 78910308
20 23 78898995
20 23 78855236
20 23 78855210
20 23 78853685
23 20 78853560
23 20 78842145
40 103 78835416
40 79 78835416
20 6 78821736
20 23 78821736
20 23 78809376
20 33 78772787
20 33 78765878
61 33 78763814
61 105 78763814
61 106 78763814
61 20 78763814
61 33 78754737
61 105 78754737
61 106 78754737
61 20 78754737
23 33 78753675
23 20 78753675
23 9 78753675
19 9 78748326
20 33 78743044
20 23 78738693
20 23 78735396
23 20 78735360
8 23 78733339
20 23 78731662
9 19 78729955
40 39 78728369
19 9 78727271
19 9 78726771
40 79 78722611
23 20 78674355
19 9 78674007
8 23 78672380
19 9 78672057
19 9 78671515
9 19 78666865
26 27 78662004
23 20 78649816
20 23 78646817
23 20 78643882
20 23 78643209
19 9 78636109
20 23 78578907
23 20 78575290
34 54 78569168
23 20 78564619
20 33 78561501
19 9 78551486
20 23 78507194
23 20 78475222
23 20 78425601
23 20 78424795
23 20 78395668
23 20 78323699
106 105 78308661
33 9 78299994
19 9 78243673
19 9 78231409
40 79 78226703
105 5 78157670
23 33 78149655
19 9 78138470
8 19 78134183
8 9 78134183
40 39 78067702
77 36 78066527
115 50 78056009
8 23 78047340
5 105 77980678
9 33 77980317
23 20 77980255
19 9 77952768
20 23 77947210
19 9 77943595
89 26 77718443
23 20 77710915
27 26 77708088
92 130 77690211
8 9 77635858
20 23 77630642
23 20 77630570
23 8 77629105
9 19 77616762
9 33 77611649
9 20 77611108
9 23 77611108
9 20 77601989
9 20 77559730
9 19 77553553
105 33 77550332
23 20 77546581
9 19 77545943
20 23 77545904
9 19 77545888
26 28 77531328
5 105 77528339
23 20 77527483
23 20 77523730
6 106 77516779
6 23 77515354
27 26 77510545
27 31 77510545
28 89 77465118
105 5 77461353
23 20 77453687
20 23 77453633
20 23 77453576
23 33 77452551
23 20 77452551
23 33 77452098
23 20 77452098
42 43 77450080
20 23 77425517
20 23 77424809
98 89 77360327
23 33 77359181
6 23 77357208
98 28 77354779
19 9 77311244
105 5 77277575
26 4 77102280
23 20 77089594
23 20 77031202
23 20 77031124
23 20 77027419
23 20 77020766
20 23 77013648
23 20 77008873
23 33 77006424
23 20 77006424
89 28 77005797
23 20 77005316
105 106 77005079
23 20 77004081
23 20 77003776
33 20 76996804
20 23 76995906
20 23 76994949
20 33 76990889
9 19 76936703
9 33 76932983
20 33 76932008
43 42 76924773
89 27 76914286
19 9 76856405
6 19 76843630
23 33 76838005
23 20 76838005
23 20 76834975
23 20 76834901
105 106 76830234
33 20 76824354
23 20 76771469
20 23 76771113
26 28 76762132
97 36 76755880
19 9 76734078
19 9 76733287
5 105 76682829
26 27 76606490
42 43 76574076
19 9 76510325
40 79 76487023
19 9 76483723
19 9 76396430
9 19 76390503
9 33 76390233
23 20 76338514
33 9 76334424
9 33 76332130
8 23 76331480
23 33 76326572
23 20 76326572
23 9 76326572
33 9 76324665
19 9 76323500
33 20 76315805
40 79 76312395
9 33 76308081
9 19 76308081
19 9 76305663
9 33 76295447
23 20 76253460
23 8 76244179
19 9 76243869
20 23 76241887
8 23 76239246
8 23 76235960
8 23 76230258
23 8 76226457
23 33 76226424
23 20 76168556
23 20 76168278
20 23 76167899
23 8 76164596
9 19 76159399
9 19 76148346
26 89 76144723
19 33 76139874
19 9 76139229
23 20 76137959
20 23 76129534
19 9 76129157
19 9 76127566
26 89 76001605
23 20 75985389
23 20 75983166
23 20 75976685
23 20 75976488
23 20 75902503
23 20 75901273
23 20 75901167
20 23 75897905
20 23 75885320
20 23 75819733
23 20 75813471
23 20 75800223
23 20 75735441
19 9 75727662
23 20 75720267
23 8 75718103
8 23 75714624
20 23 75640485
23 20 75629489
23 20 75626989
23 20 75621116
9 19 75615599
19 9 75561000
20 23 75559702
9 8 75558956
9 19 75558956
9 23 75558956
23 20 75552869
23 20 75552402
19 9 75552356
19 9 75545887
20 23 75539186
23 20 75533944
8 23 75531538
23 8 75530984
19 9 75524330
19 9 75524118
19 9 75299565
20 23 75294807
19 9 75286643
26 28 75285045
26 28 75284661
26 28 75280975
26 27 75275158
26 28 75275158
26 31 75275158
26 89 75274007
23 20 75271176
26 89 75270070
9 19 75217758
19 9 75215567
19 9 75215003
42 103 75211346
9 19 75204789
19 9 75202108
89 50 75195582
105 5 75193843
105 5 75193812
20 23 75191671
43 42 75186562
20 23 75178078
20 23 75177252
20 23 75177025
26 27 75143453
20 23 75121580
20 23 75117711
19 9 75111937
8 33 75102487
20 33 75101878
20 23 75093990
20 23 75091438
40 79 75012856
19 8 74943846
33 20 74939744
33 23 74939744
8 19 74932175
26 36 74922278
20 23 74920348
20 33 74919999
20 23 74919999
20 23 74919214
19 9 74918328
26 28 74682294
26 27 74681027
26 28 74681027
26 31 74681027
19 9 74665531
105 5 74611062
8 19 74604568
77 64 74603231
33 20 74592637
9 19 74585484
5 105 74580179
19 9 74579934
23 20 74526583
20 23 74519259
8 19 74514769
19 9 74507940
20 23 74498389
5 105 74498027
20 23 74497447
19 9 74490779
19 9 74484349
19 9 74483204
19 9 74483090
26 89 74409783
33 20 74405689
19 9 74354991
19 9 74352611
20 23 74343830
19 9 74338952
20 23 74338592
20 23 74330791
20 23 74330736
19 9 74311315
19 9 74075614
43 42 74074826
89 27 74073834
89 28 74073834
89 26 74073834
89 31 74073834
9 33 74073288
9 19 74073288
20 23 74071416
26 28 74011406
26 27 73996212
26 28 73996212
26 98 73996212
26 31 73996212
20 23 73980596
20 23 73980481
19 9 73967686
19 8 73920639
20 23 73918066
20 23 73917612
20 23 73894223
19 9 73752447
26 28 73746720
20 23 73742166
77 64 73714086
19 9 73706548
20 23 73464546
89 26 73459945
20 33 73449382
20 23 73449382
26 27 73378389
26 28 73378389
26 31 73378389
26 98 73318704
20 23 73190340
20 23 73189703
19 9 72877015
19 9 72873504
9 19 72860232
6 8 72675502
77 64 72674229
20 23 72609364
20 23 72584588
19 9 72535133
19 9 72525098
130 92 72513873
106 33 72356464
106 105 72356464
106 103 72356464
106 43 72356464
106 20 72356464
19 9 72272747
19 9 72268007
43 122 72254303
26 27 72254038
106 103 72243689
106 43 72243689
20 23 72240662
20 23 72239478
43 5 72183392
106 50 72176245
106 64 72176245
106 27 72176245
106 33 72176245
106 28 72176245
106 98 72176245
106 105 72176245
106 77 72176245
106 43 72176245
106 120 72176245
106 97 72176245
106 140 72176245
106 26 72176245
106 20 72176245
106 36 72176245
106 39 72176245
106 89 72176245
20 23 72150844
20 23 72072902
9 19 71986989
27 31 71985646
77 64 71934779
26 28 71934740
78 43 71902639
20 23 71894918
26 27 71648883
26 28 71648883
26 98 71648883
26 31 71648883
6 8 71645146
20 23 71634398
33 6 71494729
33 8 71494729
78 120 71408635
8 19 71388752
8 9 71388752
43 54 71380263
33 6 71330248
33 8 71330248
77 64 71048824
6 8 71042435
77 64 70884756
5 105 70882647
20 23 70857265
26 27 70812034
103 26 70775883
26 27 70725973
19 9 70709471
77 64 70706364
8 19 70689480
8 9 70689480
19 9 70460072
6 8 70448155
6 8 70447530
5 105 70431785
19 9 70430655
19 9 70376857
19 9 70374461
19 9 70362389
19 9 70361914
20 23 70340522
20 23 70273702
26 27 70178057
19 9 70177963
20 23 70177857
26 27 70168815
77 64 70118522
20 33 70096702
19 9 70092931
6 23 70092768
6 8 70090524
20 23 70085812
19 9 70079699
9 19 69854052
20 23 69852692
92 130 69844720
6 8 69834618
20 23 69769509
19 9 69596106
43 42 69568640
43 42 69568365
19 8 69253012
19 9 69253012
43 42 69137471
19 9 69080676
19 9 69064428
43 36 69051369
19 9 68997600
19 9 68997169
43 42 68986840
19 9 68888237
43 36 68876257
6 8 68640590
19 9 68567845
43 36 68524649
43 42 68441381
9 20 68377742
19 8 67947451
19 9 67947451
19 8 67946673
19 9 67946673
19 9 67783248
26 27 67763132
26 28 67763132
26 98 67763132
26 31 67763132
6 8 67760973
19 9 67694793
19 9 67691254
92 130 67451062
92 130 67443763
26 89 67324786
36 54 67258387
36 34 67258387
92 130 67193434
20 33 67073580
26 20 67058057
19 9 67015200
92 130 66836321
26 98 66811358
19 9 66761940
92 130 66662992
26 27 66651682
43 42 66640931
92 130 66488979
77 64 66459596
19 9 66419160
19 9 66418140
92 130 66219420
105 106 66055442
26 27 65973640
19 9 65959260
77 64 65957271
40 79 65605137
19 8 65556540
19 9 65556540
19 23 65556540
19 8 65550960
19 9 65470800
19 9 65470620
92 130 65452670
26 103 65428178
4 144 65409660
6 8 65364052
40 79 65357823
40 79 65356010
92 130 65275220
26 36 65262471
19 9 65037780
26 27 64854910
26 28 64770341
19 9 64762740
26 28 64721886
26 31 64721886
79 40 63549420
79 40 63513420
4 144 63501000
4 144 63500760
8 6 63111009
92 130 62334720
47 110 62313180
92 130 62024220
20 23 61982621
92 130 61973820
122 78 61962480
122 78 61962420
92 130 61845480
40 79 61834740
4 144 61808100
40 79 61798740
92 130 61795080
40 79 61731780
122 42 61711440
20 23 61389996
20 23 61385793
8 6 61215812
8 6 61215484
23 6 61193334
23 8 61193334
23 20 61193334
122 42 61100580
92 130 60799800
92 130 60749400
92 130 60706320
20 23 60671356
6 8 60508832
79 40 60487920
20 23 60427708
6 8 60367144
6 9 60367144
6 8 60158435
105 106 60072898
47 110 60071340
47 110 60071160
92 130 60004320
47 110 59896020
47 110 59895360
6 8 59566354
6 19 59566354
9 19 59553840
9 149 59553840
9 20 59553840
92 130 59553420
40 79 59545740
40 79 59540400
20 23 58967057
6 8 58956326
6 8 58954471
6 19 58954471
149 78 58928220
149 9 58928220
149 92 58928220
92 130 58918140
92 149 58918140
47 110 58682940
8 6 58253942
92 149 58075620
8 6 58023769
149 42 57975180
92 149 57972420
149 42 57972180
20 23 57665627
20 23 57381195
20 23 57125291
149 42 57052680
9 33 56785027
9 6 56785027
47 110 56775420
20 23 56538840
20 23 56280780
149 42 56268840
20 23 55852620
149 42 55832280
79 40 55831620
149 42 55829520
149 42 55827360
149 42 55813980
47 110 55749540
47 110 55748640
47 110 55747860
92 130 55747020
47 110 55652280
47 110 55652160
9 20 55322940
120 78 55318260
149 42 55214040
140 130 54845580
140 92 54845580
149 42 54757380
92 130 54683580
149 42 54630600
149 42 54603360
149 42 54429300
92 130 54350520
92 149 54077340
92 149 54014760
92 149 53832960
92 130 53390940
149 105 53314860
149 9 53314860
47 110 53234580
6 8 52813740
47 110 52546320
47 110 52545780
92 130 52269960
92 130 52269240
40 42 52104420
149 9 50740080
47 21 50393520
20 23 50312160
20 33 50311620
92 130 50308920
9 8 50296380
9 8 50291760
20 23 50275500
20 23 50259360
9 33 50220000
20 33 50219520
20 23 50216160
20 23 50215920
20 23 50213820
20 23 50212920
8 9 50206020
8 9 50204940
9 33 50199060
149 78 50196480
20 23 50191800
23 20 50141580
20 23 50135100
149 9 50129100
9 33 49856880
19 8 49714500
92 130 49695660
9 33 49687440
8 19 49686720
9 33 49620180
9 20 49620180
8 6 49607160
9 33 49554420
9 8 49554420
23 20 49525080
6 8 49522140
8 6 49266720
47 110 49263840
47 110 49263600
6 8 49255380
8 6 49185720
23 20 49086840
23 9 49086840
23 20 49019880
145 4 49010820
149 78 49004700
9 33 49001940
9 19 49001940
9 20 49001940
4 145 49000260
149 78 48993420
4 145 48484500
145 4 48479640
20 23 48478740
20 23 48477960
20 23 48461040
92 140 48302100
92 140 48291780
20 9 47865840
20 23 47859300
61 105 47366880
61 106 47366880
47 110 47284260
8 6 47191320
149 64 47172660
47 110 46756380
8 6 46570680
33 20 46564320
47 110 46244100
23 20 46228440
9 19 46228320
9 149 46228320
9 20 46228320
61 105 46221720
61 106 46221720
8 6 46069380
149 64 45556380
47 110 44942040
23 20 44423940
47 110 44250480
105 106 44105040
23 20 43147680
6 19 42867060
8 6 42601440
9 6 41745660
9 8 41745660
9 33 41215260
9 6 41215260
9 8 41215260
9 19 41215260
9 20 41215260
149 64 40490400
8 6 40451700
8 6 39932520
61 98 39568620
6 19 39403260
9 6 38802960
9 8 38802960
9 19 38802960
9 20 38802960
8 6 38643120
9 19 38573460
9 149 38573460
9 20 38573460
8 6 38289180
9 19 37593360
9 20 37593360
145 144 36839880
145 144 35886660
145 144 35866080
145 144 35865960
23 20 35624100
145 144 34991820
145 144 34732680
145 144 34667520
145 144 33555420
9 19 32789760
9 149 32789760
9 20 32789760
145 144 31394760
145 144 30938100
61 98 29812800
145 144 29723040
145 144 29668260
145 144 29634000
145 144 29144100
145 144 28964100
145 144 28954920
145 144 28524300
9 19 25494840
9 20 25494840
9 19 24907860
9 20 24907860
