3 2 97580951
3 0 97580951
4 1 96208528
4 1 95492565
3 2 94641220
0 4 94390069
0 2 94390069
4 1 93870592
4 1 93771773
1 4 91022831
4 1 90912162
4 1 90840040
1 4 90834448
1 4 90747410
4 7 90747384
13 14 90675072
13 14 90674917
13 14 90674823
13 14 90674722
12 10 90673209
13 11 90671879
13 11 90671818
13 14 90657092
15 16 90647173
8 16 90408061
1 7 90400624
11 13 90399389
18 8 90392693
18 14 90392693
0 2 90331835
19 8 90312397
1 7 90302028
12 15 90239740
12 17 90239740
13 8 90142424
13 14 90142424
13 11 90142424
15 17 90041449
17 11 89789210
9 12 89703129
7 1 89701063
7 4 89630117
1 7 89612644
2 3 89556805
2 3 89549746
15 10 89531510
11 16 89469150
11 10 89469150
13 14 89463392
6 8 89219026
6 10 89216360
13 17 89200545
14 13 89187933
8 11 89184710
11 14 89184708
1 21 89180657
17 8 89122999
1 7 89121932
8 15 89120075
6 13 89114664
20 9 89057040
19 9 89039736
1 21 89011041
15 16 89006102
19 9 89004356
13 8 88951540
13 14 88951540
13 11 88951540
11 14 88933902
1 7 88863244
14 6 88861222
3 2 88846088
8 17 88602881
17 8 88602811
8 13 88602540
17 13 88585821
17 11 88584870
6 17 88584282
17 8 88583229
17 11 88583229
11 16 88582509
13 17 88581998
1 4 88579133
26 28 88532323
19 9 88521055
13 11 88510669
0 3 88501744
1 7 88493137
1 4 88493137
1 7 88434179
1 4 88434179
17 10 88432223
13 17 88423071
19 13 88415537
1 7 88351892
17 8 88348935
8 17 88348468
34 7 88328288
23 17 88245879
12 9 88240541
6 10 88237178
19 17 88006415
1 4 87982533
1 4 87981495
9 19 87974688
8 11 87974543
11 16 87974539
11 17 87974539
19 15 87974405
0 3 87906644
37 7 87893184
20 8 87882665
1 21 87816324
8 20 87810470
4 1 87747374
16 12 87745230
35 21 87734436
6 11 87722032
23 20 87716991
6 15 87397941
20 19 87393754
8 17 87393371
35 21 87378987
35 38 87378987
3 2 87378017
8 16 87377373
8 23 87377373
9 19 87367950
18 9 87317189
17 6 87308765
17 8 87298222
11 13 87283420
12 44 87283016
8 17 87227241
1 21 87213611
38 21 87205072
22 9 87133931
3 2 87132490
20 9 87130659
20 23 87130659
20 9 87129267
20 23 87129267
3 2 87128765
9 20 87127311
13 16 87120744
13 16 87112850
8 17 87111567
13 17 87055515
12 8 87050971
49 54 87022899
49 35 87022899
49 43 87022899
49 39 87022899
38 47 87022132
15 13 87018506
20 8 86780934
20 17 86780934
23 20 86712048
19 9 86710607
14 13 86708120
20 8 86700979
10 8 86693841
8 20 86686546
20 8 86680591
36 52 86677659
36 38 86677659
61 50 86640157
61 62 86640157
61 65 86640157
61 68 86640157
61 69 86640157
61 71 86640157
61 41 86640157
61 46 86640157
61 51 86640157
61 47 86640157
61 29 86640157
61 42 86640157
61 79 86640157
61 57 86640157
61 25 86640157
61 84 86640157
61 85 86640157
61 63 86625757
61 68 86625757
61 70 86625757
61 73 86625757
61 40 86625757
61 35 86625757
61 30 86625757
61 78 86625757
61 80 86625757
61 82 86625757
61 85 86625757
61 27 86619549
61 52 86619549
61 81 86619549
81 88 86610963
81 36 86610963
81 89 86610963
91 29 86607690
77 64 86605341
61 26 86605149
81 28 86596563
81 93 86596563
81 52 86596563
81 25 86596563
3 2 86595239
61 85 86556305
26 73 86546943
26 93 86542978
61 77 86541905
61 81 86541288
61 26 86541288
81 82 86539725
81 44 86539725
66 87 86539407
81 61 86535744
81 71 86535704
81 73 86535704
81 60 86535704
81 85 86535704
81 36 86535704
13 14 86535204
0 71 86535196
89 88 86529016
66 92 86525477
0 4 86518244
0 3 86518244
26 89 86515040
6 13 86514625
40 39 86508055
20 17 86507007
20 12 86507007
14 11 86506486
1 4 86506139
0 27 86505768
0 89 86505768
81 61 86457418
38 35 86450498
71 58 86448387
25 49 86447323
49 43 86441567
61 36 86431270
19 13 86426843
36 53 86423497
36 80 86423497
81 88 86417987
15 13 86412786
81 70 86371521
67 90 86270708
71 58 86265309
93 81 86189894
13 17 86189099
92 87 86183056
93 9 86180911
96 36 86178295
93 71 86169976
14 13 86169200
13 16 86165332
44 81 86162275
59 60 86161907
16 13 86159888
16 11 86159888
1 7 86157110
84 63 86112501
19 15 86105354
19 9 86102919
6 14 86102778
6 11 86102778
0 66 86100078
0 3 86100078
36 61 86097833
38 46 86093707
38 47 86092267
14 16 86082945
93 28 86080940
14 13 86080299
14 11 86080299
92 66 86079400
26 100 86077924
26 30 86075311
93 26 86073430
49 91 86073285
97 96 86072522
97 91 86069646
25 57 86012490
35 38 86010023
90 67 86009240
90 72 86009240
90 102 86009240
26 27 86009067
26 28 86008792
91 97 86005890
0 2 86000691
28 93 86000050
14 13 85996722
38 36 85994087
13 17 85992009
0 26 85989633
93 70 85986855
9 19 85986129
25 43 85945301
70 71 85935156
14 13 85931149
14 10 85931149
56 36 85917113
25 84 85916670
0 3 85912314
92 87 85909286
13 16 85909082
97 96 85902087
2 0 85900754
0 2 85899295
25 30 85863060
39 95 85843469
30 43 85838991
49 96 85838962
97 96 85838260
93 81 85833134
4 3 85832879
49 97 85831469
96 97 85830195
77 62 85827465
35 38 85820538
62 77 85819571
96 97 85818618
96 97 85818586
97 41 85818248
30 36 85817337
96 97 85814884
81 70 85655022
13 11 85570946
0 26 85510054
13 14 85494240
0 2 85486925
81 85 85477658
13 11 85475335
13 16 85475335
77 64 85473925
13 10 85471949
13 16 85471047
13 16 85470319
81 103 85464976
96 97 85412598
25 38 85403049
10 14 85393740
0 66 85335502
0 2 85335502
104 106 85326926
104 18 85326926
25 101 85324057
25 85 85324057
17 13 85318645
15 11 85308487
4 82 85304575
49 96 85300462
77 62 85300353
92 90 85298333
11 13 85298019
60 30 85292749
26 81 85290623
36 81 85254077
26 73 85242542
81 73 85242353
81 26 85240813
93 81 85145460
26 30 85126110
26 98 85048048
26 30 85048048
0 4 84993197
10 11 84977375
11 10 84977136
87 66 84974456
8 13 84970397
8 17 84970397
11 17 84969350
12 10 84969198
13 12 84967849
25 36 84967254
110 93 84961439
97 49 84958773
97 49 84958550
81 73 84956597
13 17 84951367
0 37 84907671
2 0 84894587
13 17 84891174
25 36 84883187
110 112 84882422
41 57 84877257
89 49 84873772
9 12 84864911
104 18 84811762
93 113 84809776
26 81 84804966
104 73 84803774
104 106 84803774
104 18 84803774
26 36 84799961
96 97 84795390
26 89 84793890
1 21 84777274
97 49 84709232
49 96 84709071
97 49 84707644
97 49 84704932
0 4 84648246
0 44 84648246
6 15 84634352
13 17 84634117
80 46 84621358
54 53 84620891
14 16 84612162
17 13 84610563
97 96 84608587
19 15 84600616
15 13 84598861
19 13 84597519
19 11 84597519
19 9 84596805
65 67 84570506
19 11 84543684
19 16 84543684
88 89 84434179
0 3 84383393
81 88 84379444
104 73 84375788
104 106 84375788
104 88 84375788
104 70 84369530
104 106 84369530
104 18 84369530
23 13 84356534
12 23 84356487
13 23 84355364
11 13 84353707
11 14 84353707
49 97 84353118
3 0 84352334
81 44 84351581
96 36 84351286
25 97 84350759
97 49 84346851
11 8 84344619
88 108 84298200
88 81 84297106
44 81 84291450
91 49 84287615
1 38 84283183
97 96 84283010
97 49 84283010
104 106 84280283
104 88 84280283
49 91 84279976
13 14 84275629
74 72 84273829
70 73 84268343
81 70 84268243
11 13 84265643
91 95 84263749
8 16 84263724
13 8 84260938
12 15 84260114
3 4 84258383
82 0 84203026
82 3 84203026
13 14 84200258
82 3 84194931
26 81 84191615
10 13 84191147
10 11 84191147
49 91 84182879
104 88 84176069
104 18 84176069
0 37 84123152
81 70 84116591
81 25 84116591
81 26 84116591
81 89 84116591
26 81 84098745
19 9 84098595
112 93 84096976
52 81 84095967
26 93 84094266
62 85 84091573
81 70 84085282
26 71 84027720
6 12 84020054
104 106 84019464
104 107 84019464
104 108 84019464
81 88 84018897
97 96 84015345
19 9 84007643
13 17 84004543
13 17 84004512
13 33 84002218
81 25 83999777
107 104 83998973
104 107 83993921
88 81 83830802
81 44 83774882
93 81 83767106
104 106 83764727
104 61 83764727
81 93 83764400
93 81 83764300
97 49 83757555
0 66 83753427
0 26 83753427
0 2 83753427
115 41 83747856
11 14 83747743
81 85 83744089
81 88 83744089
13 11 83741000
13 20 83683796
13 18 83683796
49 97 83681626
81 71 83679597
68 62 83675897
41 7 83675804
97 96 83674904
44 81 83663021
50 41 83662273
30 27 83661921
49 25 83656504
49 25 83655389
49 97 83653543
81 70 83603809
0 66 83603438
66 92 83586040
13 23 83584843
23 13 83584133
78 37 83575951
107 29 83571221
49 97 83570664
13 11 83568345
93 27 83568067
81 71 83567555
20 18 83437338
26 27 83431026
26 28 83431026
26 31 83431026
26 28 83430365
26 30 83430365
8 19 83416479
104 73 83415524
104 107 83415524
90 65 83412342
90 67 83412342
81 111 83410003
81 26 83410003
81 88 83410003
81 38 83410003
81 89 83410003
81 29 83407251
94 81 83397670
33 17 83391806
33 20 83391222
26 27 83320328
26 0 83320328
10 13 83160229
13 17 83157851
20 22 83157142
20 13 83157142
10 13 83156530
81 82 83151487
119 120 83147051
20 33 83139314
20 22 83139314
20 23 83139314
10 11 83138804
0 66 83089472
0 2 83082663
81 93 83079062
81 52 83079062
81 111 83079062
10 13 83078539
0 26 83067480
33 9 83054731
25 121 83052645
25 85 83052645
25 122 83052645
94 81 82997050
3 0 82973662
81 71 82964799
120 85 82962966
19 22 82955229
11 17 82540554
78 25 82536905
93 112 82479254
0 82 82455377
33 17 82455307
81 61 82393569
81 61 82392592
58 111 82386051
58 82 82372189
49 91 82366454
41 96 82363833
35 46 82363674
35 38 82363674
8 19 82361447
122 56 82355960
86 102 82288807
97 49 82274399
97 96 82271279
68 27 82265069
104 70 82207419
104 107 82207419
104 108 82207419
6 13 82200192
13 17 82195973
13 17 82195937
107 55 82192621
112 11 82191598
112 85 82191598
41 57 82191299
40 29 82185347
14 13 82180671
26 71 81965296
88 81 81958198
93 112 81953509
17 11 81949773
17 16 81949773
11 13 81949328
11 17 81943851
88 81 81941541
40 95 81927445
120 119 81860778
120 119 81860679
97 91 81854824
22 4 81849429
11 13 81849009
11 14 81849009
11 16 81849009
11 17 81849009
81 30 81848963
81 85 81848963
81 107 81848963
81 38 81848963
120 119 81848475
15 14 81848238
120 85 81844936
125 51 81842223
125 25 81842223
125 48 81842223
13 14 81788767
13 11 81788767
13 17 81788767
112 93 81761740
14 13 81756563
13 8 81753891
30 62 81750983
93 110 81700088
109 87 81688077
66 92 81685155
10 11 81678614
97 41 81672552
22 33 81671559
10 16 81667453
12 9 81666399
85 101 81663846
37 85 81613828
10 16 81613392
111 95 81598776
120 85 81595562
13 8 81590118
13 17 81589921
13 8 81587933
13 11 81587933
13 16 81587933
81 111 81586854
81 25 81586854
93 113 81586506
40 111 81585780
120 124 81584921
9 33 81327920
33 73 81325683
14 12 81323037
123 70 81318189
81 25 81276813
112 113 81267967
33 20 81263688
97 75 81259137
58 111 81254422
11 8 81253938
78 100 81250346
10 13 81239708
10 11 81239708
39 53 81237063
49 122 81231515
38 35 81169389
123 107 81166320
14 10 81160377
66 92 81101925
91 95 81095353
107 108 81094529
112 113 81094233
93 112 81093575
93 108 81092562
58 0 81085864
93 112 81078842
6 11 81070175
58 44 81064242
100 24 81062957
40 95 81056168
97 126 81020376
97 35 81020376
97 38 81020376
97 96 81016892
91 111 81012296
91 40 81012296
9 20 80977828
81 123 80977667
9 23 80977279
49 43 80973387
49 57 80973387
49 122 80973387
33 18 80972688
25 49 80969651
19 9 80968152
44 81 80936738
93 112 80933198
93 113 80931607
29 73 80893131
29 81 80893131
9 33 80755635
9 19 80755569
112 113 80749624
113 93 80745838
97 49 80738811
58 95 80716613
61 106 80714180
28 100 80713612
9 19 80675372
91 83 80665227
91 111 80661137
91 40 80661137
92 66 80657242
94 88 80655939
92 87 80655150
10 19 80652060
68 128 80652048
58 44 80650768
20 18 80643411
13 11 80639849
13 16 80639849
11 13 80639632
11 14 80639632
81 129 80639351
129 81 80638448
62 42 80636614
37 85 80579469
2 71 80577666
111 78 80559376
25 101 80557033
25 85 80557033
10 11 80555906
41 97 80541079
20 23 80489875
4 71 80489476
20 23 80489131
20 9 80488828
91 83 80488177
57 75 80486138
8 17 80485533
56 25 80484405
20 33 80480808
13 17 80480018
0 3 80479593
19 15 80476081
19 11 80476081
0 2 80473899
0 3 80473899
17 23 80473785
81 85 80472168
20 18 80470030
123 113 80469104
38 55 80467846
22 20 80465425
20 22 80463968
8 23 80463058
13 11 80461956
81 44 80461526
10 13 80461461
10 13 80458801
82 3 80457853
82 58 80457853
129 70 80453043
82 55 80400499
23 20 80400048
82 55 80399950
20 23 80399547
20 23 80399142
29 79 80399069
20 23 80398365
66 90 80397533
23 20 80397207
38 46 80396396
78 111 80389241
20 23 80380572
20 33 80378954
20 17 80378954
8 23 80378574
20 23 80375484
81 113 80372720
49 75 80367252
49 57 80367252
9 20 80326220
111 29 80324813
20 23 80208879
20 33 80193307
33 20 80159942
33 20 80139001
49 75 80128801
91 83 79975238
112 93 79968490
82 71 79961881
0 82 79952432
0 3 79952432
11 20 79950251
11 14 79945912
38 126 79945483
120 124 79942336
11 20 79941443
11 9 79941443
82 55 79940311
82 2 79940311
82 0 79940097
82 3 79940097
113 112 79939873
10 16 79937137
85 124 79936782
78 49 79935999
49 56 79894264
49 121 79894264
66 87 79890820
94 123 79887220
123 94 79887219
91 40 79886487
25 57 79886377
25 121 79886377
9 19 79883913
10 17 79883105
20 33 79882467
101 25 79882385
37 70 79876584
82 58 79874320
82 44 79874320
20 22 79873289
93 113 79869042
46 83 79868884
20 23 79868624
129 73 79868057
8 19 79867295
8 10 79867295
25 51 79866990
25 75 79866990
10 13 79862304
10 19 79862304
10 17 79862304
23 20 79862063
20 23 79860063
82 71 79858988
93 113 79857201
113 93 79856606
17 13 79855195
49 78 79851740
29 111 79847397
29 38 79847397
76 68 79844397
113 81 79844385
88 81 79813571
91 40 79805276
82 58 79797117
10 17 79795362
61 108 79794451
61 81 79790051
66 114 79789928
78 101 79789202
25 51 79788050
25 75 79788050
122 25 79783273
2 0 79781916
0 80 79781101
25 101 79778404
94 5 79776114
10 12 79776016
111 78 79775928
93 112 79774737
17 22 79774079
58 3 79773579
20 33 79773390
4 71 79772231
17 10 79772043
112 93 79771385
113 93 79771225
49 120 79769613
17 33 79767928
111 78 79765498
78 111 79764189
113 81 79541642
22 13 79539242
13 19 79536464
13 17 79536464
13 12 79536464
123 73 79536116
123 106 79534603
19 9 79533882
3 82 79533832
3 58 79533832
107 73 79533571
8 13 79533213
8 17 79533213
82 58 79532574
113 106 79528966
113 81 79528966
113 26 79528966
113 108 79528966
41 97 79523012
78 49 79519356
11 16 79519221
11 16 79517909
11 17 79517766
113 123 79515825
55 0 79514985
40 91 79514369
120 85 79512412
38 126 79509744
93 113 79500968
82 55 79452450
19 9 79452271
19 15 79451435
66 90 79448337
95 111 79448001
57 122 79446963
131 55 79446893
14 13 79446288
111 78 79442648
123 104 79438484
81 71 79436174
23 17 79435852
71 81 79432555
56 49 79431050
52 46 79431024
111 78 79430239
28 100 79428537
94 44 79427938
124 85 79424876
120 85 79424342
85 93 79424092
120 124 79422482
0 3 79422479
80 81 79422207
11 10 79417646
97 21 79367623
131 55 79367187
123 113 79366222
6 13 79361721
28 89 79359210
131 37 79358646
26 89 79357506
120 85 79357315
3 0 79356854
97 49 79356492
132 115 79356486
3 2 79355277
3 44 79355277
112 93 79350468
119 124 79346746
119 56 79346088
119 56 79345979
119 124 79345979
2 0 79344994
41 57 79344658
28 89 79340691
14 8 79340409
37 131 79340313
58 82 79338845
91 97 79335132
20 23 79333207
42 43 79332238
49 97 79330962
18 20 79330212
93 113 79330027
93 113 79329462
55 78 79329420
13 11 79283577
97 1 79281939
97 21 79281939
97 39 79281939
92 130 79280795
81 80 79278944
23 17 79269992
120 85 79265631
127 106 79265461
97 91 79264753
40 29 79261560
88 89 79260711
46 133 79259462
0 3 79257875
17 23 79256860
0 55 79254198
2 82 79252107
132 38 79251825
2 0 79250630
70 5 79249974
93 113 79249249
61 81 79244892
49 51 79244333
49 56 79244333
49 43 79244333
97 35 79195684
97 38 79195684
97 127 79195684
20 22 79194973
28 100 79194475
112 113 79192129
17 10 79188939
10 13 79188387
19 9 79181138
111 95 79179035
25 36 79178461
70 3 79171641
70 5 79171641
46 52 79171106
82 55 79170262
82 3 79170262
82 2 79170175
119 124 79168266
126 38 79168255
96 49 79167654
28 89 79164619
17 8 79164372
120 85 79163714
49 25 79159407
61 108 79158031
93 112 79157983
29 52 79156968
20 18 79095916
66 117 78932927
66 90 78932927
20 22 78932692
123 113 78932428
88 61 78930452
29 79 78923346
33 9 78921328
93 113 78919143
121 49 78918703
92 66 78918194
92 117 78918194
93 112 78911596
131 37 78911330
93 113 78910425
93 81 78909743
105 70 78909451
2 58 78907274
13 6 78896853
87 92 78849647
6 13 78847210
112 113 78845853
123 108 78845242
91 83 78843914
91 95 78843878
91 40 78843878
91 111 78843804
91 83 78843804
23 20 78842145
41 97 78842060
95 111 78838138
112 93 78837319
93 113 78834840
93 113 78833032
3 82 78830691
40 83 78826524
112 93 78826268
124 131 78823971
131 37 78823014
131 55 78818553
49 122 78810930
66 87 78776415
20 33 78765878
44 58 78765019
81 77 78764963
81 43 78764963
81 85 78764963
81 38 78764963
81 36 78764963
61 123 78763814
61 129 78763814
61 107 78763814
61 20 78763814
61 104 78763814
61 18 78763814
61 108 78763814
18 9 78761927
91 95 78758059
91 83 78758059
35 83 78757064
35 38 78757064
35 48 78757064
95 111 78756289
61 33 78754737
61 18 78754737
23 9 78753675
66 87 78753664
78 85 78752790
105 70 78751225
93 113 78749015
131 55 78746663
93 113 78743419
20 22 78743044
20 22 78742128
2 82 78741757
111 83 78736859
20 23 78735396
8 23 78733339
56 51 78730426
2 58 78728793
0 44 78727627
95 53 78726851
40 95 78722611
40 111 78722611
19 9 78674007
119 124 78672285
19 13 78672057
19 9 78672057
82 58 78667348
9 19 78666865
82 2 78665121
16 13 78664200
16 11 78664200
68 128 78661579
22 20 78660640
120 85 78660163
82 2 78655521
97 96 78646918
49 51 78639793
49 56 78639793
49 42 78639787
49 122 78639787
20 18 78594809
2 82 78594052
2 0 78594052
2 3 78594052
2 44 78591417
1 49 78584169
61 108 78580431
85 112 78574523
82 55 78574102
82 58 78574102
78 111 78573871
17 13 78573682
25 101 78569132
13 11 78561389
8 17 78553083
85 112 78552982
81 108 78552945
20 22 78549021
55 82 78394082
92 87 78342813
112 113 78330455
91 95 78326700
93 112 78324936
120 85 78323755
23 20 78323699
8 13 78322425
8 13 78320224
58 71 78319082
58 44 78319082
101 122 78319059
58 111 78317937
93 112 78314679
44 2 78313724
93 113 78309263
111 95 78305906
18 23 78298100
53 81 78297602
93 113 78252978
93 112 78246603
93 123 78246603
112 123 78245696
1 49 78245108
91 79 78243059
112 113 78242085
112 113 78241176
78 111 78240655
8 16 78238702
8 17 78238702
78 55 78231968
44 71 78227916
40 79 78226703
85 120 78225619
94 103 78222351
82 37 78220049
58 95 78219888
58 111 78219888
58 0 78219854
112 123 78219009
112 113 78219009
95 111 78218560
55 85 78216046
14 13 78215932
111 129 78202746
123 105 78169528
13 16 78156021
91 79 78155222
82 71 78152871
82 55 78152871
82 58 78152871
53 95 78152194
120 85 78148234
58 95 78146441
85 25 78146133
25 85 78144801
120 85 78144472
100 59 78140552
112 85 78139357
85 25 78139071
29 79 78136030
94 103 78135314
44 58 78132959
103 94 78132010
58 44 78128807
95 53 78128076
82 55 78127288
82 55 78125699
111 53 78124981
82 58 78123966
13 8 78123306
13 16 78123246
2 82 78123145
113 93 78122156
49 21 78120760
49 39 78120760
40 95 78120733
40 111 78120733
20 22 78115433
66 87 78082445
97 99 78073826
93 112 78068492
40 39 78067702
77 36 78066527
91 95 78066352
91 111 78066352
91 83 78066352
44 131 78064792
44 71 78064792
23 17 78060922
82 58 78057649
3 58 78057240
52 41 78051513
69 134 78050944
82 71 78050078
8 17 78047340
97 41 78042032
17 23 78041702
113 112 78038064
29 91 78036835
20 22 78034850
112 113 77988471
90 135 77985901
90 102 77985901
126 1 77984169
91 40 77981811
5 70 77980678
5 81 77980678
113 123 77980607
37 85 77980178
93 113 77979978
97 53 77976302
112 93 77975801
112 113 77975667
82 37 77975332
14 11 77970341
20 22 77967198
25 111 77963267
131 3 77962237
112 123 77960265
82 2 77957149
96 97 77956693
112 85 77955125
90 72 77954576
90 117 77954576
90 102 77954576
23 17 77954482
120 51 77953694
120 56 77953694
120 25 77953694
112 113 77952850
19 13 77952768
19 9 77952768
93 5 77949892
93 112 77949394
85 120 77946969
19 9 77943595
86 65 77922764
86 65 77908364
25 101 77894997
25 121 77894997
25 42 77894723
25 101 77894723
25 52 77882212
58 3 77721828
58 44 77721828
92 66 77721361
92 66 77719978
92 87 77719978
89 26 77718443
25 56 77716751
25 101 77716751
25 57 77716751
25 121 77716751
129 81 77715807
14 13 77714934
70 5 77713828
85 120 77713007
82 0 77712959
85 120 77703818
117 74 77703472
74 130 77703471
74 90 77703471
5 70 77699978
36 52 77696199
93 5 77694813
93 113 77694644
11 13 77689423
11 17 77686683
131 80 77635159
90 102 77631064
58 82 77629643
93 112 77629377
131 55 77625475
100 59 77624369
29 91 77624199
81 129 77622966
43 38 77622027
100 59 77620365
25 36 77619265
112 93 77619135
7 41 77612752
85 120 77609738
14 20 77609207
71 5 77607613
131 55 77607325
129 107 77606292
112 113 77605155
129 73 77604248
2 82 77603960
9 20 77601989
81 123 77601422
62 77 77599103
93 113 77598783
93 113 77598782
9 20 77559730
86 135 77554560
86 90 77554560
9 19 77553553
93 5 77553217
129 106 77551799
49 47 77550271
22 105 77549019
22 17 77549019
44 2 77545633
129 73 77539950
2 3 77539192
129 107 77536989
58 0 77535237
2 82 77535047
13 14 77532996
64 87 77527873
23 13 77523730
40 48 77522671
13 17 77520214
13 14 77519975
13 11 77519975
85 120 77518574
124 56 77518414
6 106 77516779
28 89 77465118
13 16 77461251
14 16 77461243
112 93 77460715
112 5 77459701
100 59 77459431
57 25 77459106
93 112 77456986
120 85 77456114
23 20 77453687
20 23 77453576
58 2 77453487
23 20 77452551
0 2 77451304
17 23 77448164
81 129 77444763
112 93 77437797
113 93 77437617
111 83 77437144
6 13 77436901
6 17 77436901
112 93 77435379
124 120 77434873
0 55 77431224
81 73 77426781
1 21 77425789
20 23 77424809
25 42 77379563
25 101 77379563
25 136 77379563
25 85 77379563
104 106 77376049
104 61 77376049
104 81 77376049
25 75 77373032
25 101 77373032
25 121 77373032
25 85 77373032
88 123 77372645
91 95 77370893
91 111 77370893
113 93 77369972
113 112 77369972
25 78 77365221
109 84 77365020
36 111 77364582
131 37 77364486
0 55 77364485
0 3 77364485
0 44 77364485
14 13 77363838
18 33 77363352
13 6 77362300
55 131 77362288
83 78 77362155
78 83 77362088
112 93 77361932
3 2 77361681
0 82 77359848
0 44 77359848
70 71 77359465
131 37 77352620
13 11 77351977
25 109 77351220
23 13 77350032
97 41 77344940
113 93 77344254
111 95 77337071
111 40 77337071
19 9 77311244
123 106 77275014
13 12 77185901
13 8 77185529
112 123 77178817
112 113 77178817
14 20 77130840
14 17 77130840
112 113 77121306
90 65 77112767
2 78 77112281
120 85 77109860
120 85 77106533
0 55 77106517
0 3 77106517
113 93 77105298
26 4 77102280
75 25 77102124
90 117 77092064
90 102 77092064
82 2 77090301
82 0 77090301
120 85 77089074
11 17 77084251
13 16 77030994
13 11 77030873
13 16 77030873
90 65 77030176
111 95 77028818
58 0 77028770
23 20 77027419
106 113 77026826
0 3 77023999
124 119 77010841
23 20 77008873
23 33 77006424
23 20 77004081
37 124 77002930
100 59 77001534
13 14 76999918
51 56 76992771
20 33 76990889
37 131 76946369
70 44 76945625
91 40 76942048
90 135 76940513
132 46 76939289
132 7 76939289
55 78 76934613
3 2 76933722
9 33 76932983
112 93 76931249
43 42 76924773
25 101 76920803
25 122 76920803
113 93 76920358
112 85 76919174
25 101 76918749
93 113 76916476
14 17 76914294
57 25 76911449
90 102 76862019
90 86 76862019
37 120 76860896
91 40 76858299
112 93 76857326
13 17 76855883
2 44 76852791
1 21 76852695
14 13 76850567
44 2 76850563
44 3 76850563
29 91 76850091
112 93 76848852
2 44 76848244
25 75 76844231
25 57 76844231
25 136 76844231
25 85 76844231
100 59 76843902
6 22 76843630
6 13 76843630
28 100 76843432
78 55 76839469
2 3 76838238
23 33 76838005
90 72 76837164
23 20 76834901
2 82 76834041
13 14 76827011
3 2 76824714
41 57 76821456
25 78 76788124
81 113 76771685
113 81 76767138
23 22 76764013
122 101 76762277
26 28 76762132
120 37 76759618
23 22 76758996
81 26 76756377
97 49 76755880
25 56 76754700
25 42 76754700
25 101 76754700
25 57 76754700
120 85 76754068
112 93 76748887
93 112 76748806
58 44 76748319
2 55 76747569
2 78 76747569
117 86 76747521
29 91 76747020
75 56 76744277
13 11 76744012
19 9 76734078
19 9 76733287
15 9 76732891
5 105 76682829
26 81 76606490
42 43 76574076
120 124 76507413
136 43 76504108
136 85 76504108
117 66 76502795
117 87 76502795
137 68 76496443
90 135 76495809
25 101 76488855
25 122 76488855
112 5 76488766
85 25 76485939
14 13 76482394
122 136 76482389
25 75 76482328
25 136 76482328
93 113 76479155
93 113 76478546
91 111 76425385
125 41 76412553
125 55 76412553
125 122 76412553
3 2 76411512
3 44 76411512
112 93 76407003
78 111 76406300
111 29 76400575
85 120 76400449
82 3 76397793
25 51 76354018
25 56 76354018
25 122 76354018
93 113 76345034
81 70 76335407
70 81 76335141
33 9 76334424
111 129 76334211
22 13 76333648
22 12 76333648
93 5 76333451
82 3 76331501
8 23 76331480
120 55 76331234
123 113 76330003
23 33 76326572
123 93 76325291
19 15 76323500
13 17 76322709
123 113 76322698
38 25 76321123
38 36 76321123
88 115 76320476
112 93 76318876
56 25 76317512
129 81 76316110
4 37 76310932
112 93 76310905
25 101 76310392
112 113 76309540
9 19 76308081
123 113 76304315
25 101 76301692
25 85 76301692
25 122 76301692
93 113 76257337
93 5 76257159
93 112 76256542
62 85 76254071
3 82 76252737
3 2 76252737
40 111 76249327
123 43 76247739
71 4 76233824
33 18 76229781
112 93 76227971
112 113 76227971
23 13 76226457
131 55 76226394
37 131 76226293
112 123 76226166
112 113 76225990
1 38 76221893
129 111 76218503
2 44 76218072
112 85 76170086
23 20 76168278
20 23 76167899
13 11 76166208
13 14 76165744
13 6 76165573
2 78 76161770
131 120 76158613
120 124 76158201
85 81 76157063
82 2 76156980
13 17 76152300
70 105 76151736
13 16 76151587
13 15 76151467
13 14 76151467
13 17 76151467
13 12 76151467
12 9 76149258
26 107 76144723
69 32 76142342
78 2 76140980
19 33 76139874
93 113 76139400
93 113 76138779
2 78 76137106
82 2 76135707
81 88 76131584
2 82 76131356
20 88 76129534
93 112 76060684
112 123 76054360
112 93 76052725
23 20 75976488
13 8 75926711
58 0 75906977
3 58 75905180
120 37 75905072
120 85 75904141
120 85 75902952
88 59 75901017
88 76 75901017
88 7 75901017
88 111 75901017
88 30 75901017
88 137 75901017
88 43 75901017
112 113 75900398
112 5 75898388
20 23 75897905
37 120 75895024
0 55 75893497
0 82 75893497
113 81 75892157
11 13 75882345
11 16 75882345
11 17 75882345
78 25 75819789
20 23 75819733
131 37 75819208
17 13 75817116
81 33 75815106
81 129 75815106
131 37 75814874
70 37 75812122
125 55 75806213
125 38 75806213
23 20 75800223
29 91 75784352
62 51 75744686
62 25 75744686
86 65 75742129
86 117 75742129
86 72 75739333
2 44 75732069
86 72 75731329
86 90 75731329
91 95 75729835
91 111 75729835
86 90 75728533
19 11 75727662
19 9 75727662
71 44 75727203
131 78 75726652
78 55 75725995
93 112 75724893
25 78 75724579
103 107 75721873
56 24 75721079
58 111 75720133
90 135 75718522
58 0 75712965
14 16 75711867
0 82 75711774
0 58 75711774
78 111 75710249
111 78 75710021
131 55 75709627
113 112 75708626
119 124 75708492
55 78 75704464
57 62 75701803
13 16 75666619
25 122 75646279
112 123 75644776
112 81 75644776
112 113 75644117
82 2 75640613
20 23 75640485
71 28 75640372
66 109 75634992
25 51 75634270
25 42 75634270
25 101 75634270
78 85 75633099
2 44 75630801
2 82 75630323
41 97 75626565
78 55 75625536
112 93 75623964
112 113 75623964
112 5 75622185
78 55 75618651
2 44 75615015
25 51 75614469
25 75 75614469
81 53 75613135
8 13 75612671
25 56 75611155
25 56 75580805
13 8 75580596
123 94 75568994
112 123 75568695
112 93 75566907
14 17 75561532
91 40 75561201
19 9 75561000
9 11 75558956
85 81 75558186
81 85 75557973
3 44 75556955
112 123 75554938
124 119 75554720
17 8 75554233
17 11 75554233
124 37 75553224
23 20 75552869
2 82 75545827
90 72 75539661
129 73 75536693
112 93 75535396
112 113 75535396
121 136 75534376
3 44 75531750
90 72 75531252
90 65 75528890
90 72 75528890
112 123 75448717
121 42 75365289
97 96 75303510
78 111 75294833
81 85 75288774
57 25 75288755
119 56 75287948
85 25 75287261
25 56 75285948
78 111 75282953
0 82 75280543
0 3 75280543
112 93 75279206
131 55 75277997
12 13 75275939
26 31 75275158
58 3 75274597
23 20 75271176
73 129 75269995
80 131 75269743
41 57 75268816
87 66 75224657
91 79 75220830
44 3 75219665
112 123 75215397
112 113 75215397
100 28 75213548
55 119 75213195
100 26 75211419
117 130 75208811
13 11 75204823
82 55 75204165
82 3 75204165
112 113 75202012
13 8 75201885
22 19 75195723
22 18 75195723
89 50 75195582
20 23 75191671
9 12 75190775
41 97 75188862
113 81 75188745
25 41 75187159
25 101 75187159
25 24 75186755
13 17 75186736
43 25 75186562
113 93 75185315
78 55 75184824
81 53 75182245
81 83 75182245
81 26 75179992
20 23 75177252
15 13 75177197
26 81 75143453
91 111 75131609
112 113 75128917
15 6 75123675
112 93 75123177
131 80 75120918
112 123 75117830
112 113 75117830
112 5 75117830
13 8 75113927
81 43 75110828
81 38 75110828
100 59 75109935
2 44 75106473
2 44 75106448
3 2 75105892
90 86 75105737
112 113 75105324
112 93 75103390
8 22 75102487
20 33 75101878
112 113 75099149
78 55 75097473
85 120 75095414
124 56 75045219
91 79 75042507
11 13 75039382
11 17 75039382
25 136 75037398
25 122 75037398
62 42 75030822
33 18 75027836
55 131 75027082
113 123 75026828
121 25 75026334
1 126 75022829
112 113 75017982
5 71 75016134
129 73 75015093
2 44 75011487
33 22 75008667
123 113 75007983
56 25 75003217
25 101 74974148
13 11 74957683
112 123 74953643
13 14 74952048
70 5 74951275
129 107 74946150
111 78 74944084
124 119 74935549
8 13 74932175
113 93 74931795
113 123 74931795
112 113 74930324
112 93 74925373
20 33 74919999
13 8 74870409
15 17 74842594
112 113 74697380
112 93 74690518
112 113 74690518
100 59 74689873
18 106 74687425
52 41 74683341
52 7 74683341
26 60 74681027
112 85 74677155
85 43 74674388
105 22 74673558
13 14 74662614
100 59 74607940
113 123 74607880
44 82 74607847
90 117 74607144
90 102 74607144
8 15 74604568
8 12 74604568
18 73 74602693
112 93 74601215
112 123 74601215
112 113 74600618
112 81 74600348
125 41 74598328
125 51 74598328
112 93 74597531
112 123 74597531
13 8 74595190
112 85 74595034
13 20 74594773
13 17 74594773
112 123 74593512
112 113 74593512
120 85 74589448
120 124 74589448
11 8 74587170
11 16 74587170
82 3 74587031
112 93 74586094
112 73 74583713
13 23 74527614
23 20 74526583
62 42 74526293
124 120 74519723
20 23 74519259
120 85 74518741
123 104 74517727
78 75 74513397
1 35 74512280
112 93 74509471
25 75 74508871
58 111 74506977
13 16 74506245
120 119 74504176
119 120 74503533
25 84 74496237
62 25 74494700
13 22 74492334
13 8 74492334
93 113 74490973
113 81 74490336
8 11 74490282
19 9 74484349
37 131 74439903
124 56 74437158
124 119 74437158
111 79 74430545
75 51 74427915
44 3 74424334
25 41 74418105
112 17 74413780
25 51 74413491
25 56 74413491
25 85 74413491
13 17 74412448
131 37 74409881
55 78 74403114
93 113 74355167
19 9 74354991
19 15 74352786
25 41 74346874
25 51 74346874
25 101 74346874
25 85 74346874
112 81 74343909
58 111 74341398
112 63 74334860
112 93 74334860
82 58 74326967
13 14 74324798
125 54 74322553
93 81 74316483
93 112 74316272
111 52 74309050
5 94 74250753
112 81 74157954
112 113 74157954
131 37 74089254
82 0 74088069
82 55 74087523
111 78 74086025
93 81 74084568
81 26 74083033
112 123 74081282
112 113 74081282
112 123 74080795
58 111 74074676
58 2 74074676
89 31 74073834
9 19 74073288
125 36 74070723
19 15 74068707
37 131 74064856
85 120 74058600
44 2 74046105
120 85 74005286
120 124 74005286
112 123 74004753
90 65 74001862
81 129 74000481
131 80 73999451
120 85 73997611
100 28 73996001
45 128 73992003
41 50 73988341
41 97 73988341
71 4 73987517
5 113 73983320
95 111 73982354
55 78 73981911
125 51 73981804
125 55 73981804
125 57 73981804
125 48 73981804
20 23 73980596
119 37 73979889
131 80 73976971
58 44 73976880
25 43 73976103
25 57 73976103
5 113 73975731
78 55 73974049
2 44 73973603
5 123 73971870
123 73 73966823
123 73 73935601
19 13 73920639
131 119 73920295
112 93 73914971
82 58 73910249
132 52 73905677
112 123 73900027
120 37 73894941
25 57 73881932
44 3 73875161
113 93 73870047
123 81 73839573
70 94 73837033
123 81 73818249
123 107 73818249
113 112 73803130
3 82 73798878
112 113 73749124
112 113 73740619
25 51 73735079
25 101 73735079
25 122 73735079
6 13 73733024
6 11 73733024
93 113 73732216
112 113 73730451
44 71 73725927
68 32 73722363
112 93 73538225
94 123 73488630
82 55 73479066
82 2 73479066
82 3 73479066
78 55 73465672
20 23 73464546
25 56 73460758
8 13 73456691
11 17 73456220
112 113 73451447
112 113 73449274
113 123 73397990
100 59 73396706
93 113 73396094
25 57 73382960
25 136 73382960
6 13 73379134
53 81 73377119
25 75 73368155
25 101 73368155
69 128 73360566
93 123 73314328
93 5 73314328
120 85 73313974
120 85 73313577
37 131 73309503
49 97 73307157
62 42 73291709
93 112 73286669
93 113 73285304
93 113 73282297
93 112 73282171
13 11 73278064
93 112 73236506
93 112 73233440
85 112 73231178
25 56 73223433
25 42 73223433
25 122 73223433
113 112 73210673
25 75 73208037
25 57 73208037
25 136 73208037
20 23 73189703
93 112 73139563
112 123 73117950
112 123 73116371
112 113 73024651
44 2 72884012
66 87 72879984
44 70 72871080
66 87 72871005
100 28 72868174
9 19 72860232
112 93 72857621
112 123 72857621
123 113 72846585
93 113 72807043
87 66 72796997
13 8 72795265
82 44 72791674
93 113 72781495
15 11 72780803
62 60 72779371
93 113 72774275
44 81 72769604
81 70 72710132
131 115 72709491
62 77 72708929
62 77 72707459
66 84 72704943
25 56 72700689
25 43 72700689
93 113 72692370
6 11 72675502
6 17 72675502
15 11 72673352
37 120 72622403
112 110 72618966
18 20 72615103
137 68 72609032
25 51 72605670
25 75 72605670
25 43 72605670
120 85 72600851
62 53 72599261
15 23 72599136
62 53 72598594
93 81 72596756
119 56 72593118
78 85 72592841
93 123 72592241
93 81 72592241
35 49 72589465
35 49 72588468
112 123 72547147
112 93 72544054
112 113 72543632
19 9 72535133
82 55 72530763
125 57 72528162
30 68 72525609
112 113 72524531
93 112 72523741
113 123 72509302
112 93 72508448
104 70 72498850
104 106 72498850
104 81 72498850
93 5 72442871
5 93 72415416
106 70 72356464
106 105 72356464
106 129 72356464
106 113 72356464
106 107 72356464
13 17 72349987
13 11 72342221
13 17 72340244
104 70 72277462
104 105 72277462
35 83 72272776
19 9 72272747
131 37 72268669
93 112 72266398
93 5 72266398
11 8 72261405
11 17 72261405
123 112 72255164
43 122 72254303
123 113 72243015
103 123 72191744
106 63 72176245
106 27 72176245
106 95 72176245
106 75 72176245
106 77 72176245
106 43 72176245
106 81 72176245
106 121 72176245
106 25 72176245
106 97 72176245
106 136 72176245
106 107 72176245
106 38 72176245
44 82 72160884
113 112 72155290
113 112 72154906
25 121 72104836
112 93 72089818
131 37 72086501
25 75 72080640
25 121 72080640
25 122 72080640
15 17 72068466
25 75 72019612
70 123 72015787
104 73 72006541
112 93 72002880
25 56 71994567
25 121 71994567
93 5 71987426
9 19 71986989
27 31 71985646
15 13 71983752
131 120 71949420
26 100 71934740
123 73 71927613
55 78 71925006
123 104 71916937
15 19 71914244
2 58 71901572
100 59 71896878
15 17 71896416
13 17 71857656
123 113 71823841
87 92 71754761
123 106 71727718
26 27 71648883
26 30 71648883
93 113 71636986
20 23 71634398
66 90 71577139
82 58 71575284
68 137 71571006
71 44 71558913
44 58 71556062
111 78 71503969
44 4 71485198
134 98 71472746
70 10 71417393
70 3 71417393
70 44 71417393
131 37 71406806
82 3 71398714
13 8 71397254
8 12 71388752
49 97 71382744
43 54 71380263
93 123 71378489
33 13 71330248
44 82 71325687
44 58 71325687
123 73 71322210
25 101 71300242
25 57 71300242
131 37 71299568
93 113 71242029
82 55 71066432
52 115 71066281
82 55 71062659
3 2 71060212
111 78 71056633
131 37 71056021
131 120 71056021
78 37 71054536
131 3 71044480
35 62 71035882
112 113 70988410
81 31 70984156
13 11 70973459
62 35 70970587
93 112 70955352
93 112 70947837
100 59 70892207
70 94 70892074
93 112 70863233
93 63 70860569
93 5 70860569
20 23 70857265
112 123 70809592
112 113 70809592
25 57 70796097
25 122 70796097
25 75 70795110
25 43 70795110
112 93 70784830
112 123 70784830
35 77 70776934
82 58 70719688
43 121 70702325
78 55 70694483
8 15 70689480
139 128 70628304
139 93 70624491
139 59 70621670
13 6 70454092
13 22 70451675
6 8 70448155
6 8 70447530
13 11 70433698
5 22 70431022
13 8 70392376
13 17 70391604
19 9 70376857
13 11 70376039
19 22 70374461
19 9 70374461
17 13 70371806
93 113 70368419
71 5 70364836
93 73 70291572
93 5 70291572
141 70 70284850
141 73 70284850
141 123 70284850
141 81 70284850
141 107 70284850
123 113 70284339
103 13 70282773
131 120 70280491
141 70 70279138
141 73 70279138
141 105 70279138
141 129 70279138
141 81 70279138
141 113 70279138
25 56 70276100
92 66 70269815
82 0 70262686
82 3 70262686
82 58 70262686
113 112 70260981
13 8 70258751
13 17 70258751
82 55 70202785
82 55 70202609
103 129 70200290
25 75 70189442
25 56 70189442
25 122 70189442
82 2 70188991
112 113 70183920
112 113 70154760
100 63 70119684
81 98 70116642
81 111 70116642
81 43 70116642
81 26 70116642
139 62 70116458
139 128 70116458
11 8 70110572
82 2 70109722
92 74 70109141
13 11 70106076
37 78 70102427
25 51 70092606
25 56 70092606
25 57 70092606
25 136 70092606
25 122 70092606
18 141 70092560
6 11 70090524
25 56 70088395
25 42 70088395
25 57 70088395
11 13 70085777
112 113 70084800
93 113 70081719
43 51 70081012
112 113 70077420
112 81 70072800
25 85 70026953
25 85 70024732
131 55 69858676
95 40 69854153
95 29 69847875
92 74 69844720
22 33 69836243
22 20 69836243
22 18 69836243
6 13 69834618
6 17 69834618
13 11 69833122
9 112 69772740
9 112 69771660
111 78 69762205
112 73 69731640
112 28 69691796
43 121 69679276
107 73 69654297
123 113 69651170
112 93 69604532
112 123 69604532
123 113 69603608
19 9 69596106
112 113 69593700
82 58 69575262
139 60 69572790
139 60 69570998
43 42 69568365
43 25 69568365
112 113 69557700
111 83 69506816
15 19 69486628
13 17 69485007
44 3 69483144
13 17 69483118
112 113 69477240
15 19 69474169
15 9 69474169
112 93 69440248
112 73 69440248
112 81 69319375
112 113 69311040
112 81 69301320
44 2 69245653
44 2 69243079
44 94 69232378
35 125 69229571
139 93 69225226
139 59 69225226
139 60 69225226
68 31 69222144
112 113 69211860
82 2 69151419
100 59 69148662
8 13 69146589
117 74 69143725
117 130 69143725
131 115 69143403
43 25 69137471
94 129 69137378
68 45 69135535
25 43 69074460
25 101 69074460
25 136 69074460
25 122 69074460
26 139 69071490
70 73 69066088
19 9 69064428
112 113 69057900
95 111 69044422
112 113 68997300
49 97 68991952
43 42 68986840
43 25 68986840
131 37 68982477
70 71 68974528
68 32 68967950
85 112 68961240
22 112 68924400
26 139 68912449
117 130 68889256
117 90 68889256
25 43 68887862
25 42 68887862
112 113 68887500
112 17 68887500
131 52 68881744
104 113 68881717
112 81 68647482
112 113 68647482
6 13 68640590
6 8 68640590
6 11 68640590
112 81 68629440
112 113 68629440
81 27 68556337
71 70 68555513
70 71 68553550
112 113 68535720
70 37 68535062
70 4 68535062
70 5 68535062
82 2 68475172
78 55 68472877
112 113 68461680
68 137 68457310
43 85 68450320
131 37 68449099
112 113 68448360
30 36 68439661
30 36 68439208
19 15 68387944
43 57 68351206
113 112 68349720
112 113 68349600
112 113 68342640
113 112 68336700
112 113 68329200
112 113 68323380
44 2 68308986
95 111 68300396
112 113 68293200
112 113 68287740
95 111 68287347
112 113 68273520
15 19 68268405
112 81 68244600
112 113 68212680
112 73 68208600
112 113 68176680
113 73 68054940
112 113 68044080
112 113 68043660
112 113 68038920
112 113 68038500
113 81 68037453
113 112 68020560
112 113 68019720
11 8 68013186
11 17 68013186
113 112 68010900
112 113 68008080
112 113 68002920
112 113 68002500
66 87 67962416
112 113 67953780
19 9 67947451
19 8 67946673
78 85 67938353
26 68 67926475
92 87 67782868
84 109 67782324
137 100 67775510
100 28 67764929
6 8 67760973
8 17 67758281
112 113 67749120
112 113 67733460
78 55 67700733
90 84 67697915
112 113 67697460
139 100 67696243
74 130 67683124
74 92 67683124
13 8 67672512
3 58 67665675
11 17 67414642
15 8 67412953
82 55 67342001
104 113 67330380
26 81 67268187
36 55 67258387
36 34 67258387
82 55 67237518
100 59 67235080
85 37 67231599
82 2 67183551
139 45 67149544
81 71 67091460
41 57 67089450
43 56 67087457
20 33 67073580
81 70 67073510
111 36 67059917
26 20 67058057
81 113 67055460
139 137 66815059
139 100 66815059
69 45 66814730
139 112 66788220
19 9 66761940
2 50 66751256
139 59 66744339
139 137 66744339
66 87 66738209
66 92 66738209
112 113 66732300
112 9 66729060
100 90 66713741
92 130 66662992
112 113 66646260
82 58 66639109
15 17 66638361
18 13 66634258
139 137 66577181
139 60 66577181
139 137 66567868
112 22 66554880
97 41 66548864
5 71 66545130
139 134 66544465
100 137 66496837
92 130 66488979
92 90 66488979
112 113 66470400
77 64 66459596
71 5 66381394
5 71 66321656
139 100 66207644
143 144 66177960
143 144 66094920
84 27 66056190
105 106 66055442
77 35 66030643
49 96 65968349
49 97 65968349
71 145 65844060
112 113 65761620
91 40 65624344
13 11 65611148
40 79 65605137
17 20 65599154
49 38 65597487
11 13 65595519
11 17 65595519
143 131 65569980
19 13 65556540
19 8 65556540
19 23 65556540
91 111 65541739
91 40 65541739
91 79 65541739
82 58 65518560
116 73 65510533
116 35 65510445
71 145 65489580
58 71 65486940
71 145 65456400
92 66 65452670
71 145 65420400
13 11 65418676
2 82 65412900
145 3 65412780
4 131 65409660
145 2 65409120
98 29 65358790
40 79 65356010
82 2 65327100
2 82 65326320
58 3 65325900
143 144 65322960
0 82 65317260
0 3 65317260
145 2 65316240
82 58 65316120
2 3 65315220
92 130 65275220
2 82 65263320
26 62 65262471
48 39 65251956
69 128 65250755
29 73 65247540
0 3 65245200
131 144 65242320
0 2 65236080
145 0 65233980
37 78 65039040
85 37 65024400
26 30 65014453
92 66 65013284
1 138 65000874
82 2 64994340
85 37 64988400
3 58 64979940
3 82 64978620
3 0 64978620
15 8 64925040
37 85 64923540
112 113 64915260
37 85 64906380
61 81 64902900
116 81 64898221
112 113 64890180
58 82 64883700
120 37 64844220
37 85 64841820
37 85 64832760
0 58 64826400
2 82 64823580
119 120 64812480
112 113 64810980
37 85 64805820
82 2 64765620
29 129 64753686
1 21 64743119
15 9 64738860
112 113 64733700
125 53 64732363
125 54 64732363
116 132 64728947
116 30 64728947
0 3 64727640
71 145 64721940
26 30 64721886
26 31 64721886
112 113 64720620
2 82 64717500
2 58 64717500
58 0 64713720
91 95 64414626
91 83 64414626
29 111 64407329
29 30 64407329
29 61 64407329
29 85 64407329
29 38 64407329
50 95 64320310
136 95 64308931
131 143 64308660
111 95 64291908
2 82 64289940
0 55 64285800
66 87 64250604
66 92 64250604
131 144 64225920
37 78 64225440
112 113 64224960
104 112 64223160
41 132 64212063
145 2 64209660
91 111 64157509
116 52 64139216
116 56 64139216
116 7 64139216
116 101 64139216
116 125 64139216
116 57 64139216
116 25 64139216
116 87 64139216
116 90 64139216
116 127 64139216
91 111 64133579
95 91 64133365
91 111 64133255
4 71 64132500
0 3 64130760
0 58 64130760
68 137 64130580
1 21 64126246
97 75 64123526
112 113 64120500
37 78 64112160
145 3 64110840
18 13 64108440
85 37 64104360
131 4 64073940
37 85 64067759
1 21 64063343
1 39 64063343
143 78 64053780
145 2 64053180
116 85 64052557
28 59 64052220
37 85 64049700
2 0 64045920
143 131 64043580
4 131 64038180
85 37 64036980
37 85 64034400
111 83 64033769
0 145 64029600
112 113 64025400
0 3 64025340
0 58 64025340
112 17 64024800
112 113 63793620
21 1 63788835
58 82 63782940
3 58 63779820
4 90 63776820
112 113 63773820
143 144 63770760
37 85 63720000
113 105 63707160
113 107 63707160
113 18 63707160
37 85 63702004
58 82 63701700
1 126 63681900
2 3 63676080
13 8 63639714
13 11 63638827
37 85 63619920
58 82 63616020
145 71 63606720
68 45 63594240
76 60 63590580
71 145 63588000
71 110 63559920
95 91 63556620
112 104 63543300
17 13 63539735
17 8 63539735
78 37 63536100
58 82 63529860
71 110 63523920
2 55 63523860
145 2 63521640
79 40 63513420
90 4 63508800
78 37 63508140
37 78 63508020
136 139 63466200
62 60 63463680
136 62 63448080
37 78 63447180
112 113 63438240
85 37 63436809
4 71 63428580
145 71 63428220
78 85 63426480
145 2 63252060
62 42 63204240
57 41 63202980
121 50 63193492
78 37 63184920
36 38 63180938
62 42 63168240
111 79 63167160
55 111 63163380
58 111 63160800
37 120 63096120
11 6 63087946
11 8 63087946
112 113 63082380
0 58 63079800
145 2 63070380
111 95 63067860
111 78 63039720
131 55 63013500
1 21 63005880
131 37 63004320
71 145 63000960
111 78 62962800
111 78 62951760
111 78 62951160
49 38 62949180
111 78 62948340
112 113 62931000
111 78 62926800
4 71 62913360
55 2 62912520
58 2 62905500
57 51 62899860
18 9 62872500
121 42 62849137
57 56 62839260
58 82 62839260
116 85 62824776
116 36 62824776
68 137 62816220
68 32 62816220
112 113 62598000
111 40 62590740
136 139 62589180
57 139 62570580
57 139 62565720
112 113 62554800
91 95 62554560
9 81 62506920
25 51 62432040
25 42 62432040
116 52 62424128
116 35 62424128
116 88 62424128
116 36 62422995
61 113 62396220
1 126 62385960
18 9 62349180
121 42 62328680
111 83 62325840
116 77 62324162
58 82 62322540
58 2 62322540
92 117 62311080
120 51 62307240
120 25 62307240
120 147 62307240
4 90 62301960
143 120 62294940
143 147 62294940
22 17 62255500
105 94 62251457
81 52 62248602
81 85 62248602
2 145 62240760
116 73 62239446
72 102 62238660
3 2 62236080
58 82 62235180
112 104 62232960
73 81 62228460
121 25 62227666
143 147 62211780
1 49 62207640
57 56 61996320
57 41 61992300
104 113 61983900
20 17 61982621
20 23 61982621
58 71 61974660
92 130 61973820
112 113 61972680
104 112 61972080
0 55 61968600
0 3 61968600
113 112 61967940
11 8 61966432
113 81 61962120
25 51 61907100
139 11 61902859
4 90 61894560
4 90 61887120
139 11 61885425
116 73 61879493
117 109 61871700
2 145 61862760
117 102 61856820
40 79 61834740
40 83 61834740
116 111 61824118
116 85 61824118
116 111 61821938
139 6 61813974
139 11 61811610
3 2 61807080
94 71 61803720
40 79 61798740
145 2 61787160
2 145 61781820
1 21 61771860
40 95 61731780
40 83 61731780
57 56 61726800
122 56 61711440
122 42 61711440
37 120 61707120
116 73 61700214
88 81 61660860
116 85 61660580
38 1 61655040
38 146 61655040
38 126 61650660
88 107 61634460
0 55 61629540
58 145 61626660
58 0 61621380
38 146 61619040
38 138 61619040
145 58 61617600
38 47 61614660
38 126 61614660
38 146 61614660
145 82 61614240
145 0 61614240
145 3 61614240
4 90 61613940
37 85 61607880
78 2 61599060
78 2 61403640
98 81 61397400
143 78 61396560
3 55 61371660
3 58 61371660
20 141 61370700
78 2 61367640
145 2 61341420
143 144 61341120
141 73 61321860
141 20 61321860
1 38 61318020
1 38 61282020
0 2 61279920
37 85 61271940
2 0 61271640
112 113 61269180
112 22 61268460
112 9 61268460
58 82 61254960
1 21 61253820
1 38 61253820
18 17 61251240
88 81 61231500
78 55 61212360
78 143 61209060
23 20 61193334
0 2 61176540
0 145 61176540
145 0 61175700
131 78 61174080
139 122 61138380
57 121 61137060
72 65 61125600
143 78 61107180
120 37 61103760
122 42 61100580
145 71 61092360
117 63 61089660
18 32 61077420
55 143 61066500
55 131 61066500
37 85 61036440
55 143 61030500
55 131 61030500
37 85 61026960
145 0 61018560
145 3 61018560
145 58 61015800
17 6 61014499
2 0 61011000
145 0 61010040
18 20 61004700
144 2 61002720
145 58 60999180
3 55 60997740
3 2 60997740
120 37 60997440
145 58 60761700
139 22 60759180
139 9 60759180
117 90 60759000
0 2 60753540
2 0 60743640
112 113 60741240
143 85 60709260
57 41 60674340
139 6 60671109
139 17 60671109
57 41 60656760
143 131 60656460
143 144 60655860
88 29 60633900
3 2 60587040
3 145 60587040
145 3 60582660
2 0 60582120
144 2 60573720
112 113 60571560
88 81 60571080
4 90 60505740
17 139 60499728
37 85 60480120
85 37 60474000
111 40 60472980
111 95 60472800
139 6 60438983
132 41 60437220
4 90 60428100
112 113 60427260
91 40 60426780
91 83 60426780
37 85 60425100
37 85 60417720
58 82 60415980
112 113 60414480
85 37 60402540
112 113 60399840
112 113 60396540
81 53 60377400
6 8 60367144
6 11 60367144
111 78 60353280
71 145 60336060
112 113 60265860
105 14 60161485
6 11 60158435
41 132 60155460
131 143 60151200
112 113 60150180
112 113 60142800
131 55 60138540
55 131 60131760
25 81 60130080
0 2 60075060
0 3 60075060
144 2 60074880
145 0 60073380
145 3 60073380
105 141 60072898
4 90 60071160
139 6 60070503
139 11 60070503
112 113 60067080
3 55 60066000
3 2 60066000
143 144 60050100
0 2 60047400
2 0 60046200
78 143 60044040
112 113 60010380
0 2 59991120
0 2 59984580
55 143 59974920
113 112 59968920
0 2 59961300
57 41 59953080
88 141 59914860
47 110 59896020
131 144 59884140
143 78 59877300
2 145 59873400
2 145 59872020
57 25 59869980
55 131 59811840
143 144 59806440
131 78 59794860
2 0 59789040
131 78 59589720
78 143 59568660
116 73 59566491
92 130 59553420
40 79 59545740
40 83 59545740
117 109 59539560
112 113 59533740
112 113 59531340
95 79 59529780
131 78 59527620
0 2 59522280
95 91 59463060
117 92 59455080
2 0 59443440
58 82 59438340
85 37 59436420
55 78 59415180
25 85 59397900
55 131 59383860
143 78 59379540
85 112 59377080
116 73 59372475
116 85 59372475
0 55 59366100
0 2 59366100
0 58 59366100
0 145 59366100
2 3 59357340
55 143 59351640
18 29 59328300
55 131 59306580
139 6 59302405
58 145 59290140
131 37 59283060
81 53 59266560
58 82 59264340
0 3 59263680
55 131 59262900
25 56 59229360
11 6 59208589
11 17 59208589
11 139 59208589
117 92 59186760
117 92 59180160
22 17 59141100
112 6 58958040
112 9 58958040
6 11 58956326
6 17 58956326
6 8 58954471
6 139 58954471
58 82 58954020
92 66 58951260
0 2 58948920
0 58 58948920
11 6 58948337
11 17 58948337
117 92 58940340
112 139 58938060
22 9 58931460
149 112 58928220
149 78 58928220
149 90 58928220
149 92 58928220
25 122 58885740
58 95 58859460
144 131 58852860
117 92 58851420
112 113 58842420
92 117 58834800
37 120 58791060
2 3 58780200
58 95 58779600
58 111 58779600
148 149 58776840
139 17 58773309
2 58 58771860
111 95 58758480
112 113 58753740
112 113 58753440
2 145 58750440
112 113 58703520
61 81 58701180
57 41 58697580
131 143 58691220
25 51 58689660
58 95 58685460
47 110 58682940
145 0 58670760
145 0 58669020
145 58 58669020
145 0 58668720
145 3 58668720
111 83 58657980
57 136 58657980
81 53 58642800
25 122 58623060
112 149 58619040
107 73 58614840
2 0 58613640
58 95 58602300
148 149 58585320
131 55 58584240
112 113 58581960
120 37 58579200
94 81 58393500
58 0 58339200
112 113 58332360
112 113 58329840
112 113 58328640
112 149 58328400
112 113 58260180
149 112 58260000
145 0 58258200
112 22 58256220
125 34 58227960
37 120 58194780
25 51 58191960
25 142 58191960
2 58 58179900
81 29 58176829
78 143 58171320
78 143 58168260
112 113 58167300
112 113 58164960
1 138 58152540
144 143 58149420
116 81 58107677
11 6 58098991
143 78 58095900
78 143 58091220
131 143 58090380
3 55 58076160
3 2 58076160
112 104 58062960
71 145 58000260
11 6 57994801
3 58 57990840
3 55 57989340
3 0 57989340
58 2 57986400
58 145 57986400
112 113 57981840
149 112 57975180
149 25 57975180
1 21 57819240
112 113 57811140
88 81 57746820
22 17 57742320
37 120 57739200
3 55 57737220
3 58 57737220
3 58 57731340
38 21 57727200
66 117 57725820
2 3 57659280
143 78 57656820
117 109 57648180
117 24 57648180
22 13 57645120
112 113 57638580
131 143 57634980
117 92 57634980
139 17 57587556
58 82 57571380
82 2 57480660
142 25 57475860
112 113 57462240
112 24 57462240
58 145 57461400
58 3 57460260
112 113 57399780
37 119 57396420
112 113 57395220
22 6 57394560
58 2 57377700
58 0 57377640
3 2 57376980
3 145 57376980
113 112 57373080
131 143 57370260
0 2 57369720
117 87 57366900
126 37 57129900
21 1 57118260
112 113 57115020
143 144 57114180
58 3 57103800
58 2 57102720
149 113 57052680
58 145 57050220
145 3 57050040
0 2 57049080
142 25 57045540
143 131 57032760
41 139 57029040
55 3 57022800
2 3 57020580
38 48 57017760
112 113 56970960
112 24 56965560
2 145 56964300
2 145 56963700
2 0 56963520
57 139 56962620
112 139 56962320
112 17 56961120
58 3 56954340
22 112 56953800
37 120 56946000
112 149 56945280
112 113 56945280
51 25 56930280
111 29 56885460
58 2 56874900
116 85 56873376
37 120 56870640
91 40 56858640
0 2 56853780
2 58 56852160
2 145 56852160
95 91 56851740
58 0 56851140
2 145 56850180
145 3 56849100
145 58 56849100
25 136 56815680
116 111 56789795
71 4 56788680
112 113 56788680
112 113 56783640
131 55 56780520
2 0 56775780
111 83 56710980
112 113 56700540
112 113 56699880
22 9 56557368
38 47 56530020
112 24 56528160
92 117 56505120
41 132 56504760
85 120 56500740
2 0 56447520
139 6 56447199
37 120 56439060
58 2 56436660
112 113 56431440
131 55 56428140
120 37 56418300
117 92 56414820
8 11 56403960
112 24 56381100
112 113 56380800
112 113 56380680
116 81 56378366
143 144 56355540
117 92 56353920
37 120 56351760
57 64 56344920
0 2 56333100
131 55 56332500
0 2 56329260
139 11 56286300
112 24 56283120
112 24 56280360
104 113 56278500
112 104 56275860
131 143 56273460
149 107 56268840
149 24 56268840
61 29 56268240
112 113 56253420
120 37 56252640
145 2 56250720
99 139 56245140
116 111 56184769
22 139 56164080
112 24 55942740
85 120 55908000
120 85 55900320
25 136 55896780
11 17 55875240
79 88 55867740
17 22 55855320
17 9 55855320
112 104 55848420
55 2 55839600
120 37 55839360
149 113 55832280
149 107 55832280
11 8 55832040
149 42 55829520
149 148 55829520
149 107 55829520
79 38 55828140
149 42 55827360
149 25 55827360
149 113 55827360
112 24 55821900
2 58 55819500
149 42 55813980
22 112 55813920
58 145 55813860
112 22 55812960
112 139 55812960
143 131 55812660
22 139 55812480
112 113 55810080
112 113 55809420
131 143 55755540
22 9 55753860
92 130 55747020
112 113 55744560
112 24 55726560
2 0 55670400
58 145 55668540
58 71 55663860
58 3 55663860
131 55 55659960
58 82 55652340
131 55 55649220
112 24 55646640
57 139 55646100
2 58 55641360
111 91 55635540
22 139 55586100
111 83 55584000
131 143 55581480
112 113 55575720
0 55 55573920
145 58 55570500
58 3 55570260
112 113 55569540
57 41 55562160
2 145 55558860
58 144 55555800
0 3 55555260
148 84 55549800
148 92 55549800
99 91 55542960
112 24 55422480
112 113 55311600
91 111 55307340
2 0 55306860
112 24 55301160
22 6 55234860
112 113 55231500
117 84 55229760
2 58 55227240
58 2 55223160
41 56 55221600
22 139 55215180
149 148 55214040
112 113 55212480
2 0 55211040
2 145 55137600
2 145 55122300
112 24 55087560
112 104 55072080
2 3 55070160
2 58 55070160
22 9 55066920
25 57 55066800
2 0 55065180
112 113 55054800
113 112 55051380
121 56 55043880
58 82 54981600
111 95 54978240
1 21 54977220
113 112 54973500
131 144 54958380
58 145 54954720
1 21 54953940
112 24 54953700
58 145 54953460
99 91 54943380
116 111 54924882
111 83 54906480
22 139 54892440
25 24 54882120
140 130 54845580
112 113 54829020
112 24 54829020
149 148 54757380
149 24 54757380
143 131 54708300
131 144 54691140
2 0 54689820
92 130 54683580
139 17 54672540
2 145 54639780
112 113 54637920
61 81 54630780
112 113 54628320
2 0 54625800
22 17 54625680
1 38 54623760
22 20 54623100
149 148 54603360
149 25 54603360
149 107 54603360
22 9 54566580
58 145 54544980
112 113 54543360
2 3 54534360
117 84 54531900
91 111 54524340
58 0 54516900
91 111 54516540
91 111 54514920
22 20 54462840
22 23 54462840
41 57 54445320
57 41 54445020
2 58 54439380
149 113 54429300
143 131 54424560
25 42 54423780
2 55 54378240
145 3 54359520
112 113 54357000
73 111 54356580
112 113 54115080
58 82 54112860
0 2 54112740
0 145 54112740
148 113 54106680
117 92 54102600
92 117 54099420
112 113 54093240
139 112 54085620
2 58 54030300
2 145 54030300
136 91 54010080
136 56 54010080
112 24 54006720
112 24 54000900
41 57 53994720
22 139 53994060
58 55 53942820
58 2 53942820
58 2 53938200
58 0 53938200
112 113 53935920
58 2 53935500
112 113 53935200
2 58 53919540
112 113 53917920
25 122 53873160
25 57 53871480
2 0 53858640
112 113 53854200
112 139 53852160
112 113 53843820
88 61 53835480
112 113 53832600
22 6 53753100
143 78 53750160
99 91 53729040
112 113 53658900
112 24 53658900
112 113 53657760
112 113 53616420
139 11 53506020
22 20 53505720
11 8 53498640
22 12 53491620
112 113 53482680
58 81 53428380
22 17 53425860
58 82 53406900
2 3 53399460
58 82 53323500
91 95 53226420
68 76 53219100
68 45 53219100
22 17 53137320
22 139 53137320
4 71 53045160
2 3 52905720
143 144 52900500
2 145 52815180
6 11 52813740
22 11 52810320
22 139 52810320
139 9 52810260
139 17 52810260
112 113 52796220
143 131 52725780
111 29 52723440
55 131 52704300
143 78 52618500
55 131 52612560
55 143 52607940
47 110 52545780
122 25 52541640
131 143 52302840
139 11 52290000
139 11 52277400
112 113 52223640
117 66 52219080
117 109 52219080
117 84 52218540
117 87 52218540
113 112 52209660
9 112 52208760
112 24 52205460
58 0 52204860
58 0 52203660
58 145 52203660
58 2 52199220
58 3 52199220
58 145 52199220
117 109 52128900
117 114 52128900
117 87 52128900
57 41 52124040
112 24 52109880
112 113 52109520
112 113 52109220
112 24 52109220
40 53 52104420
58 145 52100340
111 73 52094820
2 0 52044120
92 66 52029540
112 113 52017000
113 112 52014300
58 81 52012320
22 19 51719460
37 120 51691380
112 113 51677040
25 51 51624900
25 147 51624900
25 122 51624900
2 0 51612240
37 131 51609780
22 6 51579420
2 145 51577440
91 49 51515160
21 1 51511620
58 82 51505140
1 125 51502560
22 9 51500580
22 139 51500580
111 95 51444480
112 149 51442680
112 113 51442680
112 17 51414840
112 149 51414240
21 1 51070200
2 0 51065340
6 11 50990520
112 148 50988660
112 113 50988660
113 112 50972220
112 148 50928540
112 149 50928540
58 82 50918040
11 6 50912340
57 41 50912040
37 120 50907960
112 113 50900640
22 17 50892240
85 143 50882940
113 112 50838120
22 17 50825280
57 56 50817600
88 49 50811660
88 73 50810100
88 81 50810100
2 3 50802720
112 148 50731380
22 33 50727240
73 81 50718480
2 3 50715540
113 141 50550720
113 81 50550720
58 82 50488320
113 112 50472540
37 120 50465760
73 111 50453880
47 1 50393520
47 146 50393520
131 143 50393040
148 78 50389860
148 74 50378520
148 149 50378520
148 84 50378520
148 24 50378520
148 92 50378520
112 149 50378220
143 144 50377860
126 40 50368800
104 73 50315820
104 105 50315820
104 106 50315820
104 105 50315700
37 120 50315400
58 81 50312760
92 130 50308920
112 149 50299440
9 8 50296380
112 113 50290140
112 113 50288940
2 58 50288100
148 117 50283600
148 130 50283600
148 84 50283600
148 114 50283600
112 113 50233140
92 66 50221080
112 149 50220540
20 33 50219520
104 141 50217600
104 106 50217600
104 61 50217600
104 107 50217600
104 73 50217480
104 105 50217480
104 141 50217480
104 107 50217480
113 149 50214240
81 88 50212320
112 149 50212200
55 143 50208600
8 17 50204940
112 139 50204640
149 113 50201700
56 51 50200440
56 42 50200440
149 112 50200260
9 33 50199060
9 18 50199060
9 17 50199060
0 2 50197860
22 17 50194560
92 117 50138280
1 126 50135640
148 112 50134560
149 24 50129100
2 0 50127120
139 91 50126640
92 87 50125740
112 149 50123700
112 149 50121120
149 66 50120160
68 76 50119680
149 112 50118720
0 2 50110500
37 120 49880220
17 11 49875660
17 139 49875660
139 6 49870860
58 2 49867260
58 145 49867260
112 113 49864860
18 9 49861140
92 117 49859820
9 18 49856880
58 81 49852140
11 6 49848780
0 58 49769880
82 58 49769640
24 112 49768980
41 57 49701840
92 66 49695660
92 130 49695660
22 139 49621860
58 82 49618560
82 2 49618020
58 2 49616640
8 11 49607040
29 81 49602540
2 3 49595280
0 145 49590720
9 17 49554420
9 12 49554420
1 21 49529160
41 57 49525140
23 20 49525080
2 0 49522140
8 22 49517700
17 8 49505940
17 139 49505940
17 22 49502400
112 113 49284480
17 139 49268760
104 73 49267740
8 22 49266720
8 17 49266720
8 139 49266720
8 22 49265700
47 110 49263600
68 45 49245600
120 37 49243860
112 113 49197840
8 17 49185720
1 21 49181940
113 112 49181220
112 113 49181160
112 113 49180860
113 112 49174080
148 112 49172400
0 55 49171500
0 3 49171500
112 113 49168320
2 0 49164000
58 2 49096380
131 144 49085880
112 149 49081140
112 113 49080720
17 22 49074660
117 92 49072980
25 136 49037520
81 73 49019700
58 2 49015980
2 58 49014420
2 3 49004880
149 109 49004700
2 58 49003260
9 22 49001940
9 19 49001940
9 18 49001940
9 139 49001940
9 12 49001940
112 113 49001520
58 2 48998160
85 120 48997560
40 38 48993840
22 17 48987120
58 0 48986460
2 3 48985200
139 136 48928860
58 82 48927000
92 66 48925860
58 29 48915900
58 81 48909540
2 0 48898140
2 145 48898140
74 102 48797700
74 140 48797700
112 149 48493980
112 113 48493980
20 23 48478740
113 112 48477360
112 113 48477120
139 22 48476400
20 23 48461040
113 112 48420660
112 149 48411000
22 20 48403740
22 17 48403740
149 148 48402840
22 139 48402180
149 112 48401280
55 131 48397440
148 24 48394920
148 149 48390000
68 45 48388860
139 33 48388500
112 113 48386820
68 137 48377820
112 24 48331800
112 113 48327540
88 85 48325080
88 81 48324720
68 137 48313980
112 113 48299700
11 8 48295380
68 45 48292320
22 139 48243900
58 144 48214920
148 113 48063780
56 25 48049140
57 41 48043440
139 17 47981640
112 149 47964780
2 145 47964360
0 2 47961360
0 58 47961360
145 2 47958900
145 2 47957940
58 3 47951280
92 87 47951220
2 3 47947680
112 113 47902680
58 82 47890380
6 22 47883480
58 144 47879700
112 24 47866920
112 113 47863320
81 29 47862300
81 58 47862300
58 82 47805180
61 88 47793300
81 29 47793000
81 58 47793000
2 0 47791740
58 0 47785200
112 148 47783640
112 113 47783640
112 113 47782440
82 58 47781120
68 137 47779620
58 82 47779560
82 58 47779440
2 0 47777940
143 34 47772780
37 120 47725740
92 66 47721480
81 73 47720520
81 61 47720520
58 82 47720520
58 81 47720460
58 3 47714520
94 71 47712180
57 75 47710800
57 56 47706660
57 64 47697720
58 82 47692260
38 132 47641500
149 63 47457180
148 112 47457120
148 149 47457120
0 3 47440260
1 21 47438820
112 139 47369460
61 141 47366880
9 17 47361840
0 2 47344260
0 3 47344260
148 72 47282040
148 112 47282040
148 109 47282040
148 140 47282040
148 24 47282040
112 148 47272980
37 1 47269380
22 139 47269200
68 137 47207340
112 149 47206740
149 148 47206500
112 149 47206440
139 6 47201400
91 95 47198280
58 144 47197620
112 149 47195940
58 2 47192940
58 3 47192940
57 64 47185980
112 149 47178420
92 102 47170260
88 73 47118960
139 9 47116800
58 82 47115480
58 144 47115480
41 57 47112900
85 143 47111640
149 112 47107620
112 149 47102640
112 113 47102640
112 149 47097660
120 37 47093340
41 57 47090400
6 11 47089680
2 58 46857360
2 145 46857360
58 82 46855560
139 22 46848540
139 9 46847100
143 37 46845720
2 58 46844220
112 149 46838880
0 58 46837140
139 9 46835580
2 3 46826880
22 20 46825440
149 24 46773300
2 58 46770660
120 37 46768500
58 144 46768440
149 112 46767240
139 136 46764600
13 8 46757460
149 112 46755360
139 17 46747800
0 55 46743840
0 2 46743840
0 3 46743840
148 112 46735980
58 144 46682700
41 57 46675680
13 11 46671840
41 57 46660320
112 113 46596780
126 37 46594680
122 25 46583340
145 71 46578660
41 57 46573740
37 120 46572240
38 47 46571700
8 15 46570680
131 143 46570140
22 139 46570140
58 82 46568640
41 57 46565640
139 136 46564800
41 57 46564440
71 145 46504380
145 71 46501920
71 145 46490580
145 2 46487340
145 71 46487100
0 2 46484820
0 3 46484820
143 144 46482840
120 37 46481880
0 58 46252680
58 2 46247460
58 0 46247460
37 120 46240740
139 136 46239000
139 136 46237860
149 112 46235160
58 144 46229340
9 18 46228320
11 8 46224420
58 82 46222440
61 141 46221720
61 106 46221720
61 107 46221720
61 18 46221720
2 3 46220880
71 145 46164240
1 47 46163280
2 0 46151880
2 3 46151880
58 82 46151160
0 3 46148520
148 112 46142820
120 37 46141440
139 112 46139280
58 29 46138440
58 82 46081680
149 24 46075740
8 22 46069380
120 37 46069020
112 149 46061580
13 11 46051740
111 83 46044420
149 112 45973200
1 21 45970020
57 56 45968760
57 49 45968760
37 120 45903180
1 21 45894180
1 138 45894180
58 144 45892500
2 0 45878940
0 2 45875820
111 83 45872100
111 29 45824160
139 95 45647160
144 143 45639780
149 113 45637560
58 3 45637080
58 2 45636120
2 58 45627420
2 58 45625680
2 0 45622020
149 64 45556380
149 113 45556380
112 149 45550140
22 9 45543960
2 111 45538080
58 82 45527040
88 141 45491700
38 146 45471900
1 21 45471120
149 24 45464400
22 33 45462960
22 18 45462960
112 148 45459000
25 136 45458760
58 82 45456600
58 144 45456600
57 56 45451560
58 81 45443760
25 51 45390600
25 136 45390600
58 3 45381600
82 0 45381420
82 58 45381420
58 82 45381240
0 58 45380100
0 145 45380100
58 0 45374520
58 145 45374520
38 48 45370020
112 113 45363660
22 13 45356700
112 113 45311220
149 24 45302640
2 58 45279420
58 0 45279060
58 2 45278940
0 3 45040980
0 145 45040980
0 2 45037980
149 112 45036540
55 3 45015420
149 112 45014580
149 24 45014580
11 139 45008340
47 110 44942040
112 149 44941680
95 139 44937540
58 2 44930640
58 0 44930640
58 145 44930640
58 144 44925900
0 2 44845440
95 91 44838300
112 113 44783220
1 138 44773860
41 57 44768580
57 41 44757300
41 57 44754840
22 13 44694840
112 113 44685720
131 143 44669340
58 144 44666760
58 82 44666400
58 144 44666400
38 1 44610600
23 20 44423940
41 57 44419140
4 2 44321640
120 37 44264340
2 58 44255460
41 57 44249880
25 51 44196420
58 82 44172660
1 21 44152980
2 4 44149260
120 37 44147280
112 113 44096940
58 144 44093220
2 0 44081940
111 83 44073540
37 120 44070660
0 145 44064420
149 113 44061300
149 113 44061000
149 24 44061000
112 149 43835940
112 113 43835940
112 149 43806840
58 0 43802640
2 0 43748580
131 143 43746120
58 82 43743120
131 143 43720080
71 113 43718520
2 0 43718100
111 132 43717020
131 144 43649340
2 0 43644060
0 2 43639800
139 136 43638720
58 0 43630320
58 3 43630320
58 145 43577580
58 2 43565520
58 2 43565460
2 0 43550880
139 136 43544940
1 138 43542480
112 139 43486560
37 131 43486140
139 112 43486020
2 0 43473420
1 21 43463760
1 138 43463760
22 139 43461660
58 82 43226340
139 8 43219080
62 35 43196100
126 48 43148760
139 6 43141020
57 56 43116540
91 139 43114800
58 2 43039620
58 82 42970920
131 120 42968760
139 136 42951660
139 6 42948960
139 8 42948960
139 17 42948960
58 144 42939120
41 57 42871020
2 58 42619500
8 11 42601440
22 139 42590340
58 82 42537000
139 11 42536820
79 146 42530880
112 149 42529440
149 63 42512520
11 6 42446460
112 113 42443700
57 41 42419460
112 149 42384180
58 77 42339240
58 144 42334620
143 58 42331680
57 25 42330420
120 37 42275280
131 144 42271740
0 58 42256440
25 136 42203580
25 51 42195180
131 144 42004500
22 6 42003780
112 113 41998560
58 144 41995500
149 112 41995260
57 41 41993160
112 148 41941740
112 113 41929200
58 111 41919960
57 41 41909340
41 57 41907180
0 58 41905200
57 25 41898540
112 63 41850540
112 149 41850540
58 82 41846220
58 144 41846220
58 2 41825880
41 57 41822640
149 112 41768520
112 22 41763780
58 144 41757840
41 57 41753460
112 149 41747880
1 138 41730720
41 57 41726880
112 113 41417220
139 11 41403420
139 17 41403420
112 113 41401740
146 41 41392620
1 138 41380800
112 149 41341200
125 142 41315460
125 25 41315460
125 147 41315460
1 138 41314320
1 38 41314320
22 17 41304360
139 136 41301180
1 125 41298120
41 125 41298000
149 24 41239020
1 38 41229360
149 112 41222340
112 113 41219400
38 79 41217480
9 11 41215260
9 20 41215260
9 139 41215260
9 12 41215260
71 145 41211120
111 29 41205420
20 13 41173440
1 21 41145780
1 34 41145780
1 138 41145780
112 113 41130060
111 29 41129220
22 17 41127900
4 126 41063280
58 3 41062080
137 68 40981860
137 45 40981860
58 82 40810860
113 104 40809480
58 144 40639740
2 0 40636500
143 37 40631460
145 2 40625160
38 21 40617900
38 138 40617900
38 48 40617900
58 82 40605180
58 144 40605180
57 122 40599900
148 112 40537500
41 57 40535280
58 71 40519920
58 82 40519920
57 41 40456440
58 2 40449360
58 3 40449360
131 144 40441740
41 57 40437300
2 0 40433340
88 55 40207380
88 75 40207380
15 6 40197000
15 11 40197000
41 57 40185360
2 3 40115580
58 0 40109160
58 145 40109160
111 29 40103400
58 71 40089180
120 143 40085700
112 113 40034520
22 9 40029240
58 2 40017180
58 0 40017180
58 3 39942240
57 41 39941520
57 122 39941520
58 82 39936780
2 3 39934680
58 82 39932520
38 111 39859560
57 56 39832500
22 17 39758280
58 71 39510480
58 82 39510480
58 144 39510480
41 57 39504960
112 113 39489540
11 6 39409860
58 81 39405600
58 71 39340860
58 3 39316380
131 144 39314040
2 3 39314040
13 8 39310320
13 11 39310320
57 41 39247560
58 71 39246960
57 41 39245940
58 29 39232620
58 3 39229560
2 3 39222600
37 120 38996340
37 120 38994480
37 94 38994480
145 58 38975100
58 81 38968320
58 82 38820660
9 15 38802960
9 8 38802960
9 11 38802960
9 18 38802960
111 83 38788560
139 9 38723160
58 2 38720820
81 58 38715780
58 81 38714580
143 58 38714460
58 143 38712840
58 71 38649660
58 144 38649660
60 77 38645700
58 82 38640060
58 145 38629620
9 22 38573460
9 149 38573460
9 20 38573460
9 139 38573460
9 12 38573460
133 34 38384160
1 21 38353980
11 17 38301360
8 11 38289180
81 58 38278680
58 81 38275740
58 71 38131320
58 71 38103960
58 82 38102940
2 58 38046120
1 34 38044500
58 3 38042940
58 145 38042940
58 71 38041980
145 2 37842300
58 82 37781220
41 57 37768320
139 17 37755840
139 11 37746660
139 17 37704780
58 144 37699020
139 11 37684740
58 144 37614120
145 58 37596420
145 2 37596300
57 41 37588320
58 81 37583700
58 82 37581240
58 71 37580700
57 64 37502040
149 24 37429560
1 126 37404720
58 2 37170000
142 122 37144860
58 81 37097820
58 82 37097280
82 58 37093500
58 82 37090740
22 139 37076160
131 37 37068000
131 143 37065540
58 81 37007460
41 57 37005420
57 41 37005240
139 17 37000320
112 9 36926520
112 139 36926520
25 51 36923160
25 57 36923160
25 136 36923160
58 82 36922560
145 3 36914820
41 57 36900300
145 3 36898020
58 144 36893820
145 58 36892020
111 61 36828540
22 17 36825120
22 17 36821400
145 58 36812700
145 3 36577440
145 58 36577320
145 3 36573540
145 3 36555660
58 145 36546300
145 2 36545220
81 58 36483900
58 81 36481680
139 20 36409560
145 58 36406200
58 145 36403740
131 143 36398820
99 49 36392520
99 139 36392520
91 95 36372720
1 21 36367740
111 29 36365760
57 41 35961360
111 29 35957460
58 145 35950980
145 58 35945820
145 58 35944920
58 144 35937900
58 71 35937420
145 144 35886660
145 58 35886660
145 3 35884500
1 21 35879880
131 144 35871660
131 144 35871540
58 145 35864280
58 144 35863500
58 144 35862720
131 34 35797020
58 144 35796120
22 6 35792040
145 58 35779260
139 17 35777640
58 144 35774700
145 2 35706240
1 138 35682720
58 144 35625540
58 2 35611740
1 21 35592300
1 34 35592300
58 82 35365200
131 143 35364480
25 24 35353320
145 2 35281140
145 3 35276220
139 19 35267880
145 2 35265660
145 2 35247660
82 58 35184000
139 9 35176440
131 143 35106180
131 144 35106180
9 18 35008260
2 58 34998120
2 145 34997880
145 2 34993380
58 144 34990440
22 139 34990020
145 2 34756200
145 2 34753080
131 144 34750980
57 25 34738800
57 122 34738800
145 2 34732680
145 58 34667520
58 71 34660680
58 2 34648920
145 58 34564920
145 2 34502940
2 58 34486860
2 58 34420680
142 122 34403280
2 145 34402200
145 58 34395840
57 41 34389180
81 88 34382580
58 71 34152840
58 3 34129140
58 71 34127340
41 57 34056300
41 57 34052760
145 2 34042020
29 81 34039200
58 82 33988080
58 144 33988080
145 58 33983280
2 145 33980460
131 34 33976680
58 71 33896460
131 144 33883020
58 2 33872160
145 2 33867180
58 71 33812460
58 144 33812460
88 81 33811320
145 2 33783240
2 3 33545940
2 58 33526740
2 145 33469140
58 144 33465660
58 3 33463260
145 58 33453600
58 145 33442080
145 2 33440880
58 2 33437580
58 82 33299340
58 144 33299340
146 81 33290040
58 2 33266220
145 2 33264300
58 71 32941500
2 3 32926260
145 3 32865660
145 2 32852220
58 3 32836260
9 18 32789760
145 3 32778480
2 3 32688120
58 144 32687460
22 6 32657700
58 145 32653140
145 3 32602500
111 107 32597760
145 2 32591580
145 3 32591580
41 57 32571420
58 144 32342700
145 3 32338020
139 17 32332800
2 3 32332440
22 20 32322720
145 2 32258760
22 9 32257560
2 145 32249400
58 145 32246940
131 144 32226900
139 9 32166120
145 2 32159040
139 9 32147460
58 82 32083740
131 144 32080740
1 21 32064780
58 145 31997820
58 2 31994040
58 2 31993800
145 3 31979160
145 2 31978800
81 29 31968000
2 3 31967880
145 58 31734600
58 144 31725720
131 34 31712220
145 3 31656300
2 3 31654500
22 17 31653540
58 82 31647480
145 2 31631100
145 2 31630560
145 2 31626300
145 58 31624680
145 2 31564020
58 71 31556580
58 81 31553460
2 145 31548720
1 21 31548300
145 2 31458420
112 139 31397280
145 2 31381980
145 2 31362660
58 71 31135380
2 58 31125060
145 3 31108140
145 3 31047240
2 3 31021440
58 3 31018740
58 145 31018740
58 82 31015860
145 58 31015260
58 145 31014960
145 71 31014660
58 71 30928680
145 3 30877860
145 3 30876060
1 138 30870900
58 145 30868080
145 3 30852540
2 58 30850380
2 58 30843900
139 22 30773520
58 145 30768180
145 3 30758220
41 57 30752760
1 21 30506460
1 34 30506460
145 81 30501180
3 2 30434640
3 58 30434640
1 21 30426480
58 145 30403920
58 3 30359820
58 2 30357180
58 3 30357180
58 145 30357180
145 3 30336060
145 58 30336060
145 3 30331020
58 82 30256560
58 82 30172500
58 144 30172500
58 3 30172500
1 21 30165720
1 138 30156180
1 34 30146040
144 58 29832480
22 6 29832060
3 82 29810760
58 82 29746920
82 2 29745840
82 58 29745840
145 82 29731800
82 2 29722560
1 34 29720340
2 3 29663760
145 58 29643900
145 82 29642820
139 136 29641260
2 145 29634480
145 144 29634000
2 82 29579520
131 144 29568180
139 17 29567700
2 145 29549100
22 139 29382420
111 29 29311620
131 145 29309940
145 2 29296680
3 82 29224800
145 2 29224680
3 2 29207280
3 58 29033640
139 22 28972020
145 144 28964100
145 2 28522260
58 145 28512000
3 58 28454880
37 132 28447620
139 17 28358460
145 2 28344300
145 3 28344300
58 2 28343760
58 3 28343760
58 145 28343760
2 3 28343040
82 58 28101360
139 136 28081680
82 2 28074840
82 145 28074840
58 144 28070820
139 57 28007100
1 138 28004340
1 38 28004340
139 41 28001460
1 38 27994740
1 21 27898620
58 71 27846660
1 21 27840180
1 138 27745320
22 6 27742380
58 145 27735780
41 57 27728880
1 38 27468060
41 57 27408900
58 82 27404700
58 3 27404700
41 57 27404280
58 82 27388260
2 82 27306180
58 2 27302100
58 145 27302100
139 8 27231600
2 145 27217200
2 82 27127260
58 82 26892660
1 138 26868660
22 17 26866980
146 111 26807220
22 139 26781720
2 3 26620860
41 57 26608140
58 71 26553900
58 144 26553900
2 82 26552100
58 145 26544060
41 57 26292240
58 71 26291100
2 3 26273700
1 38 26257140
1 38 26257080
2 3 26187060
2 3 26176800
139 9 26037480
58 81 26009940
58 145 26009940
58 144 25949820
2 145 25949580
58 71 25936380
145 3 25931520
58 84 25675320
58 145 25593180
139 17 25590300
58 144 25571760
58 3 25518600
9 18 25494840
58 144 25486200
22 17 25416240
22 17 25403640
2 145 25339380
22 6 25082520
58 3 25053300
139 6 24881100
139 17 24881100
37 139 24880920
37 22 24807540
37 139 24807540
81 73 24795660
1 21 24544740
58 71 24475980
58 144 24396060
58 144 24363360
22 139 24281520
58 82 24278160
58 82 24192600
58 144 24132780
2 58 24124020
2 82 24121560
58 2 23867460
58 145 23867460
2 82 23864220
22 139 23862000
41 57 23782500
58 144 23701200
139 17 23700000
1 38 23690820
62 35 23611260
2 82 23606760
2 3 23503620
2 58 23498820
22 139 23248080
58 144 23098620
139 8 22998600
22 139 22926420
139 22 22921740
1 21 22918140
22 17 22914960
41 57 22914420
2 82 22662780
2 82 22662600
58 145 22558080
22 17 22553880
58 71 22490580
2 82 22464840
2 3 22464840
58 144 22289340
2 82 22038600
58 144 21883200
139 17 21803100
58 82 21786600
2 82 21769620
2 3 21769620
2 145 21453300
58 2 21349260
58 145 21349260
2 3 21348240
2 82 21343440
58 71 21281580
58 144 21274320
41 57 21254880
58 144 21251340
62 42 21188940
58 71 21096780
58 71 20761920
1 21 20761800
71 73 20742660
82 2 20656680
1 38 20599560
58 71 20594880
2 145 20584680
22 139 20573040
58 82 20069220
1 21 19955640
1 38 19895520
1 21 19891920
1 138 19891920
1 21 19888020
1 21 19884840
1 138 19879860
1 21 19878960
1 138 19878960
1 138 19878900
1 21 19878840
1 138 19878840
1 21 19877040
1 38 19529160
2 3 19454640
2 38 19385460
139 8 19357860
58 71 19295400
2 82 19278900
2 82 19278840
88 139 19034880
22 9 19004400
37 143 18923340
58 71 18867960
2 82 18855660
58 145 18843600
58 144 18777900
58 144 18747360
71 27 18747060
58 144 18666600
58 71 18665280
58 144 18665280
58 71 18340260
58 144 18340260
58 145 18329160
58 144 18163440
58 144 18157620
2 82 17369220
2 131 17365380
2 82 16867080
2 82 16851840
2 58 16254300
58 88 15836160
2 82 15739680
2 82 15378600
58 82 15321540
2 145 15239520
2 145 15231480
2 3 14525640
2 111 14455140
2 3 14432520
2 58 14197440
2 82 14183580
58 82 14103240
2 82 14082480
2 82 13839000
37 22 13573620
58 81 13423260
145 2 13324740
3 2 13249680
2 82 13232640
2 3 13227240
58 144 12876180
3 2 12619620
2 82 12267420
58 145 12178620
58 2 11424660
58 2 11152560
58 2 10827540
58 3 10827540
2 145 10822740
58 3 10544340
58 2 10386600
2 82 10380540
2 3 10379040
2 3 10376880
58 2 10364400
2 145 10280520
58 145 10277880
2 3 9962520
2 145 9847500
58 82 9683100
58 145 9593340
58 2 9351120
58 145 9351120
2 3 9245100
58 71 8481720
58 2 8063580
2 3 8035860
58 145 7957440
2 82 7949760
37 139 7459620
2 82 7176720
58 145 6674220
58 3 4956540
58 145 4956540
58 2 4859220
58 145 4859220
2 82 4848120
2 3 4848120
2 58 4848120
2 145 4848120
2 82 4404180
37 139 4241580
37 139 4236240
37 139 3204840
58 145 1996260
58 82 1897980
58 3 1827660
2 82 1497480
58 2 1488960
58 145 1403340
58 82 1146780
37 145 40860
58 82 0
