0 3 98277034
3 1 97580951
3 2 97580951
3 0 97580951
0 2 94565223
0 3 94390069
1 7 93959039
1 4 91952961
1 4 91341592
1 4 91022831
1 7 90932784
1 7 90834448
1 4 90761102
1 4 90757811
4 1 90747384
13 14 90673649
12 10 90673209
13 14 90672343
1 7 90657545
1 4 90654437
9 12 90423480
9 13 90408688
8 9 90408061
13 9 90404005
11 15 90400159
0 2 90398430
11 13 90395748
11 17 90395748
18 8 90392693
19 15 90312397
15 13 90306360
15 13 90300256
1 7 90247898
8 17 90240347
12 13 90239740
15 17 90039850
19 9 89791440
17 11 89789210
11 16 89789208
1 4 89732261
12 9 89703537
1 7 89644253
13 17 89528744
17 13 89486493
10 8 89473036
11 16 89469150
2 3 89466121
6 11 89219026
8 13 89209692
6 17 89187198
11 13 89184708
17 8 89122999
4 1 89030101
1 21 89025876
1 7 89019955
6 10 88953876
13 8 88951540
11 14 88933902
19 9 88926589
13 11 88867878
14 13 88865811
2 3 88855254
15 8 88852288
8 9 88840505
14 6 88837878
14 13 88837878
13 8 88607282
8 11 88602540
8 16 88602540
11 13 88600899
8 17 88599790
8 23 88599790
6 14 88596433
17 11 88584870
17 14 88583229
17 11 88583229
11 13 88582509
11 16 88582509
13 17 88581998
19 14 88523527
19 9 88521055
13 14 88510669
13 11 88510669
1 4 88499043
1 7 88434179
1 4 88434179
2 0 88419788
1 4 88352355
8 17 88327302
1 4 88250796
23 8 88243341
12 9 88240541
0 2 88232156
19 9 88005786
23 17 87994063
1 4 87981495
9 19 87974688
11 8 87974539
20 8 87805277
16 14 87745230
16 10 87745230
6 12 87731155
35 21 87723913
6 11 87722032
13 15 87708649
20 9 87393754
8 23 87393371
14 15 87387803
35 21 87378987
35 38 87378987
8 23 87377373
9 20 87310435
17 6 87308765
17 8 87298222
11 14 87283793
11 13 87283420
11 16 87283420
11 17 87283420
7 37 87221559
10 14 87217028
1 21 87213611
19 13 87202241
46 48 87131901
20 23 87130659
20 23 87129267
9 20 87127311
23 20 87125442
23 9 87125442
13 8 87055515
0 3 87049351
38 35 87029626
49 41 87022899
49 46 87022899
49 35 87022899
49 43 87022899
49 36 87022899
20 8 86780934
19 9 86778071
11 13 86767156
11 17 86767156
23 12 86764026
23 17 86712048
19 9 86710607
14 13 86708120
11 15 86696531
12 23 86695037
13 14 86694164
20 8 86685832
30 31 86679590
36 52 86677659
61 64 86640157
61 67 86640157
61 46 86640157
61 73 86640157
61 47 86640157
61 56 86640157
61 77 86640157
61 80 86640157
61 82 86640157
61 86 86640157
61 87 86640157
61 58 86640157
61 27 86625757
61 68 86625757
61 69 86625757
61 41 86625757
61 46 86625757
61 72 86625757
61 40 86625757
61 35 86625757
61 21 86625757
61 26 86625757
88 81 86620802
88 89 86620802
90 72 86619818
61 52 86619549
61 26 86619549
49 36 86619528
49 36 86619337
81 61 86612768
81 71 86610963
81 73 86610963
81 44 86610963
94 36 86605061
40 83 86600978
81 71 86596563
81 30 86596563
81 60 86596563
81 88 86596563
3 2 86595239
49 91 86593345
61 60 86556305
81 52 86550104
81 60 86550104
81 44 86550104
26 81 86546943
26 27 86542849
26 28 86542849
26 61 86542849
61 77 86541905
61 43 86541905
61 81 86541905
61 26 86541905
61 81 86541288
81 55 86539725
66 87 86539407
81 43 86535704
13 14 86535204
1 7 86534730
8 17 86532610
94 5 86532076
41 57 86526648
0 2 86518244
0 87 86518244
1 4 86518159
40 39 86508055
14 8 86506486
14 16 86506486
14 17 86506486
0 30 86505768
0 26 86505768
71 70 86448387
71 37 86448387
71 81 86448387
71 82 86448387
71 26 86448387
13 17 86444926
49 51 86441567
38 47 86433920
61 43 86431270
36 53 86427956
19 13 86426843
0 2 86425186
36 54 86423497
8 14 86420716
14 8 86420670
19 9 86413765
81 93 86373691
81 73 86371994
81 26 86371793
81 93 86371521
81 93 86275512
81 70 86275512
67 90 86270708
81 52 86196287
81 25 86196287
81 73 86196162
93 81 86189894
81 93 86185323
92 66 86183056
96 36 86178295
13 17 86169990
81 73 86167602
11 14 86165421
13 16 86165332
59 60 86161907
92 87 86161862
16 14 86159888
97 96 86159013
84 63 86112501
100 76 86097957
61 36 86097907
38 35 86093918
97 96 86093253
38 47 86092267
36 25 86091907
0 27 86086157
14 16 86082945
26 100 86077924
28 76 86077796
26 30 86075311
97 96 86073879
93 28 86073430
57 75 86072942
97 96 86072522
26 93 86022436
25 56 86012490
25 101 86012490
93 28 86010242
90 65 86009240
26 27 86009067
26 31 86009067
30 60 86005399
52 50 86004328
97 49 86003714
49 96 86001920
38 52 85998390
57 56 85995987
38 30 85993620
38 89 85993620
61 30 85993489
61 38 85993489
93 28 85986855
93 71 85986855
87 66 85950101
25 36 85945301
70 71 85935156
14 10 85931149
78 49 85928332
3 0 85927691
0 66 85925518
0 4 85925518
92 66 85923686
92 87 85923686
25 84 85916670
56 36 85910822
95 83 85903585
26 89 85903061
97 96 85902087
65 74 85853626
93 28 85845780
26 30 85841230
8 12 85841136
30 43 85838991
49 96 85838962
97 96 85838260
13 14 85834634
93 81 85833134
49 97 85831469
77 62 85827465
96 97 85819607
81 73 85808322
81 26 85808322
15 17 85805357
26 81 85772033
25 36 85601473
70 81 85583906
19 9 85560757
8 12 85557051
12 13 85557047
87 66 85496783
13 11 85494240
13 16 85494240
13 17 85494240
0 2 85486925
13 8 85475335
13 16 85475335
11 14 85470904
81 103 85464976
23 12 85413955
13 17 85408694
97 96 85407658
25 38 85403049
42 36 85399839
62 77 85385854
0 3 85385291
0 2 85335502
104 106 85326926
104 107 85326926
104 88 85326926
38 46 85324484
25 43 85324057
25 101 85324057
81 36 85314259
13 14 85314136
10 14 85306193
11 14 85298019
11 16 85298019
36 26 85254077
81 44 85252777
26 81 85243167
26 36 85243167
26 81 85242542
26 36 85242542
26 27 85048048
26 98 85048048
26 30 85048048
0 37 84993197
0 87 84993197
0 3 84993197
81 26 84983761
81 36 84983761
10 12 84979478
8 17 84970397
11 17 84969350
12 11 84969198
61 106 84968741
97 49 84968504
97 96 84967279
93 110 84967139
103 98 84965495
81 107 84958927
36 25 84957958
62 64 84956231
13 14 84953499
2 0 84953098
17 13 84953049
13 17 84951367
0 71 84907671
0 4 84907671
0 2 84907671
0 87 84907671
0 3 84907671
87 66 84885685
110 112 84882422
110 93 84882203
110 112 84882203
30 60 84871504
10 12 84867349
17 8 84866227
0 71 84820190
104 61 84803774
17 13 84803355
97 25 84798517
96 97 84795390
26 27 84793890
26 31 84793890
95 111 84788431
40 111 84785354
89 68 84785178
9 12 84782748
93 81 84722134
97 49 84709232
25 97 84694530
97 25 84694420
59 100 84693929
0 66 84648246
0 37 84629378
6 12 84622646
13 14 84612698
14 11 84612162
14 16 84612162
4 2 84612093
19 15 84600616
19 13 84600616
15 13 84598861
19 15 84598594
19 13 84597846
19 14 84543684
19 9 84543684
0 66 84383393
104 73 84375788
104 61 84375788
104 88 84375788
17 13 84375707
104 18 84369530
104 70 84367795
104 73 84367795
104 107 84367795
104 108 84367795
96 91 84365092
97 91 84364171
28 59 84357618
12 13 84356487
13 10 84355364
11 8 84353707
49 96 84353118
96 36 84351286
11 17 84344619
49 97 84343319
88 81 84297106
88 108 84296485
1 38 84283183
52 38 84281768
81 116 84281435
104 61 84280283
49 96 84279976
19 15 84273966
11 13 84265643
0 3 84264844
13 10 84264375
95 91 84262795
13 8 84260938
49 96 84256182
3 82 84197506
87 66 84194828
49 97 84184230
113 112 84179971
10 13 84176082
104 105 84176069
104 61 84176069
104 88 84176069
93 81 84172181
0 3 84123152
0 44 84123152
81 93 84116591
81 52 84116591
81 111 84116591
81 107 84116591
81 88 84116591
81 38 84116591
93 81 84111211
52 50 84108192
13 14 84104485
26 81 84098745
19 9 84098595
26 93 84094266
26 71 84094266
81 107 84093517
62 85 84091573
70 81 84089953
13 11 84026877
13 16 84026877
6 12 84020054
104 73 84019464
104 106 84019464
49 96 84007797
19 9 84007643
13 17 84005266
13 20 84002218
13 17 84000092
104 70 83993921
104 105 83993921
88 81 83830802
104 106 83764727
97 49 83757435
0 66 83753427
11 8 83747743
81 85 83744089
81 88 83743628
13 14 83741000
81 88 83740139
93 71 83738982
85 52 83686450
85 38 83686450
88 81 83685822
13 17 83683796
49 97 83681626
3 2 83681536
81 71 83679597
97 96 83674904
19 15 83662832
19 13 83662832
30 27 83661921
97 49 83660462
81 88 83655495
49 91 83653543
49 97 83653543
81 88 83603863
81 93 83603809
81 77 83603809
81 25 83603809
0 26 83603438
44 81 83602216
81 44 83601482
13 23 83584843
81 88 83584799
23 13 83584133
90 72 83578044
90 86 83578044
88 73 83576378
88 81 83575751
90 86 83575560
49 97 83574731
81 29 83572337
107 81 83571221
13 16 83568488
13 11 83568345
93 71 83568067
81 107 83566001
20 18 83437338
26 27 83431026
26 71 83430365
19 11 83416476
104 105 83415524
104 107 83415524
104 18 83415524
90 65 83412342
90 118 83412342
81 25 83410003
81 88 83407251
81 88 83399339
81 107 83395099
33 17 83391806
33 20 83391222
107 81 83313787
10 11 83160797
20 13 83158265
20 10 83158265
13 20 83157851
13 11 83156915
10 13 83156530
10 20 83156530
81 44 83152590
119 120 83144807
20 17 83139314
19 15 83131128
0 71 83089472
0 4 83089472
0 26 83089472
81 52 83079062
81 43 83079062
81 25 83079062
81 85 83079062
81 26 83079062
10 11 83078539
81 61 83072850
13 17 83057349
33 9 83054731
25 75 83052645
25 43 83052645
25 42 83052645
4 71 83045485
106 113 82973132
4 5 82972407
97 91 82964286
97 49 82964286
94 81 82804888
11 13 82540554
11 23 82538450
93 123 82463979
97 91 82463293
13 14 82460482
4 71 82460197
33 17 82455307
16 11 82394177
81 88 82392783
88 81 82389495
58 95 82386051
52 81 82380929
58 82 82372189
49 97 82368002
41 57 82364111
35 48 82363674
95 55 82363613
8 13 82361447
8 19 82361447
122 56 82355960
93 27 82318759
13 16 82305869
13 17 82305869
40 39 82271629
97 41 82271279
68 27 82265069
104 107 82207419
104 18 82207419
78 37 82204528
6 13 82200192
13 17 82196042
13 17 82195937
107 55 82192621
19 33 82191539
41 57 82191299
27 93 82186010
93 27 82181969
14 10 82180671
14 17 82180671
26 71 81965296
28 93 81952189
66 92 81949804
17 14 81949773
11 13 81943851
11 14 81943851
120 124 81943584
120 85 81943524
88 81 81941541
93 66 81938460
40 95 81927445
89 88 81869740
49 91 81857562
37 0 81856087
49 91 81852634
120 85 81850304
122 125 81849156
11 14 81849009
81 27 81848963
81 77 81848963
81 109 81848963
81 24 81848963
81 38 81848963
81 53 81848045
13 33 81844335
0 82 81843426
125 48 81842223
8 13 81839962
8 17 81838631
8 12 81838631
33 20 81779912
40 95 81774994
33 20 81774729
93 112 81774273
38 48 81770773
17 16 81765828
17 10 81765828
112 93 81761740
93 112 81760491
120 124 81760392
33 22 81756252
89 71 81700758
8 13 81695621
66 92 81685155
19 9 81674369
22 20 81671559
9 12 81667489
111 83 81598776
120 85 81595562
13 17 81589921
13 11 81587933
81 26 81586854
81 107 81586854
37 78 81582647
20 13 81333639
55 95 81329732
9 20 81327920
14 17 81323037
123 105 81318189
4 37 81276914
33 18 81265512
112 113 81265099
91 83 81261175
97 96 81259137
58 44 81254422
11 13 81253938
11 13 81244163
10 13 81239708
10 11 81239708
10 17 81239708
88 81 81188771
35 38 81174439
78 111 81170300
38 48 81169389
123 81 81166320
123 107 81166320
123 18 81166320
91 111 81095353
112 93 81093676
93 108 81092562
93 112 81078842
58 95 81078773
19 9 81067994
120 124 81065533
93 112 81065447
58 111 81064280
40 95 81056168
19 20 81056049
19 23 81056049
97 1 81020376
97 126 81020376
19 13 81007798
11 14 81003248
11 10 81003248
40 95 81000504
78 111 80994306
9 20 80977828
81 123 80977667
49 57 80973387
44 58 80936738
93 113 80931607
9 19 80907343
22 10 80898234
22 17 80898234
19 9 80751630
112 113 80749624
68 45 80742653
97 41 80741614
97 91 80738811
95 111 80737394
11 8 80722118
11 16 80722118
58 111 80716613
91 95 80665227
91 95 80661137
130 74 80660817
19 9 80657777
10 19 80652060
10 14 80652060
58 95 80651641
58 111 80651641
58 95 80650768
58 111 80650768
58 44 80650768
112 93 80647818
62 42 80645543
20 18 80643411
13 16 80639849
13 17 80639849
9 33 80631183
111 95 80630087
62 42 80630008
37 85 80579469
2 26 80577666
91 79 80575423
57 51 80565734
78 85 80560139
111 95 80559363
25 57 80557033
25 121 80557033
9 8 80556538
33 20 80549609
13 14 80547416
20 23 80541862
20 9 80489875
20 23 80489875
4 71 80489476
20 23 80488828
13 23 80488554
91 79 80488177
78 37 80488174
78 111 80488174
57 41 80486871
97 49 80482343
20 9 80480808
0 2 80479593
23 20 80478775
25 56 80478542
0 2 80473899
0 3 80473899
0 44 80473899
81 85 80472168
37 131 80471612
23 20 80470405
37 120 80470257
123 113 80469104
38 55 80467846
8 17 80463058
13 14 80461956
10 8 80458801
82 2 80457853
82 44 80457853
129 70 80453043
20 23 80450031
61 18 80407428
14 10 80401636
82 55 80399950
23 20 80397207
92 87 80397062
38 46 80396396
79 29 80391690
22 20 80390040
25 49 80384155
25 121 80383938
78 37 80383400
66 74 80383133
20 23 80380572
17 11 80380086
20 33 80378954
17 11 80374451
113 93 80373754
81 93 80372720
11 23 80368624
49 75 80367252
49 42 80367252
49 121 80367252
49 25 80367252
20 23 80208417
20 23 80158938
20 17 80145848
20 23 80145848
33 20 80139001
49 42 80128801
49 57 80128801
91 40 79975238
112 22 79968490
112 93 79968068
33 17 79967947
20 17 79961691
78 101 79955720
78 25 79955720
39 35 79953545
10 17 79953356
10 12 79953356
58 0 79952434
82 71 79951917
78 111 79949874
111 78 79949740
23 20 79943822
93 26 79941515
11 23 79941443
0 2 79940597
82 2 79940311
82 58 79940311
82 58 79940097
113 123 79939873
101 78 79937157
123 106 79894582
49 25 79894264
123 105 79886872
25 51 79886377
25 75 79886377
25 121 79886377
25 85 79886377
58 44 79885754
44 3 79885697
10 12 79883105
20 33 79882467
124 85 79881963
10 13 79876378
20 33 79876200
82 55 79874320
25 49 79874101
59 28 79873862
46 83 79868884
25 51 79866990
25 75 79866990
25 101 79866990
8 19 79863378
8 17 79863378
20 23 79862880
23 20 79862063
20 23 79861913
0 2 79861151
46 83 79860455
82 71 79858988
82 37 79858988
82 58 79858988
23 17 79858728
77 64 79858663
93 113 79857201
23 17 79856655
113 93 79856606
113 112 79856606
23 20 79856317
78 25 79853599
113 123 79850291
100 28 79847578
100 59 79847578
88 81 79813571
93 113 79800294
25 122 79799015
25 75 79798118
25 42 79798118
25 57 79798118
25 122 79798118
10 17 79796707
13 17 79795704
61 108 79790051
41 7 79788511
6 12 79787195
92 87 79780257
3 2 79780045
41 115 79778805
78 85 79778038
85 120 79776806
93 112 79774737
58 3 79773579
20 33 79773390
20 23 79770788
112 113 79770395
49 120 79769613
10 17 79769561
10 12 79769561
17 13 79767928
78 111 79765300
113 81 79541642
93 113 79540857
3 82 79533832
8 16 79533348
8 19 79533213
11 13 79519221
11 16 79519221
73 43 79519213
11 14 79517909
11 15 79517766
120 49 79515646
40 91 79514369
129 123 79513339
61 18 79510133
38 126 79509744
92 74 79507235
82 71 79448723
120 85 79448594
66 117 79448337
95 111 79448001
57 122 79446963
14 13 79446288
17 13 79442563
13 17 79441080
73 132 79440246
25 78 79439591
25 85 79439591
8 13 79438728
123 105 79438484
123 106 79438484
23 17 79435652
88 25 79435573
88 38 79435573
28 26 79432589
28 89 79432589
56 49 79431050
2 44 79430943
124 85 79424876
85 93 79424092
120 119 79422482
0 2 79422479
85 112 79379055
97 127 79367623
131 55 79367187
91 111 79365665
37 78 79365100
110 93 79365003
6 13 79360509
6 17 79360509
131 37 79358646
120 85 79357315
3 58 79356854
3 44 79356854
132 41 79356486
17 10 79355731
13 17 79355384
25 51 79350960
25 121 79350960
2 0 79350094
112 93 79349137
100 28 79347613
119 56 79346088
23 20 79346025
2 0 79344994
61 18 79340773
14 11 79340409
37 131 79340313
58 2 79338845
97 49 79335054
20 23 79333207
18 73 79331192
20 23 79327104
13 17 79283577
97 46 79281939
97 35 79281939
13 17 79278461
91 40 79277841
23 20 79277220
25 62 79274691
120 85 79272179
62 25 79271271
93 113 79270580
78 55 79265862
20 22 79262708
50 7 79262129
40 83 79261560
40 95 79260216
40 29 79260216
40 111 79260216
97 91 79259260
103 129 79258473
23 17 79256557
112 113 79255364
43 54 79253422
132 52 79251825
2 0 79250630
93 113 79249249
61 18 79244892
93 113 79244633
49 57 79244333
97 47 79195684
97 35 79195684
97 21 79195684
132 52 79192929
25 49 79183791
107 81 79183342
82 55 79178951
2 0 79178756
25 36 79178461
40 29 79176344
25 36 79175418
70 82 79171641
82 55 79170262
82 2 79170262
82 55 79170175
82 58 79170175
119 124 79168266
126 38 79168255
120 119 79166010
123 104 79165968
17 13 79164372
104 123 79153823
88 73 79096823
66 117 78932927
66 92 78932927
20 22 78929372
1 126 78924428
13 16 78920089
20 22 78918517
97 96 78914716
93 113 78908917
93 112 78900209
113 123 78898707
13 6 78896853
20 22 78854182
2 55 78848495
112 113 78845853
123 108 78845242
91 40 78843914
91 79 78843914
91 83 78843878
91 83 78843804
112 93 78837319
131 55 78833567
53 81 78824275
124 131 78823971
20 6 78821736
20 22 78818956
20 23 78809376
20 18 78807685
105 104 78779746
112 123 78767775
20 33 78765878
81 43 78764963
81 25 78764963
81 26 78764963
61 129 78763814
61 104 78763814
44 58 78762908
82 37 78760156
35 111 78757064
35 40 78757064
35 83 78757064
35 39 78757064
95 111 78756289
6 15 78755959
6 11 78755050
61 123 78754737
61 106 78754737
61 20 78754737
61 104 78754737
23 20 78753675
23 17 78753675
66 87 78753664
105 70 78751225
20 22 78742128
132 52 78741485
2 82 78740947
20 23 78738693
2 82 78736385
2 58 78736385
20 23 78735396
0 3 78729050
0 58 78729050
40 39 78728369
29 91 78727269
95 53 78726851
35 62 78724167
40 79 78722611
40 83 78722611
16 13 78690016
16 17 78690016
19 15 78675482
91 40 78675034
23 20 78674355
82 55 78673253
82 71 78673113
16 13 78670731
26 71 78668186
82 55 78667348
82 2 78667348
16 14 78664200
16 11 78664200
26 27 78662004
78 55 78661945
2 44 78661661
68 100 78661579
25 42 78657337
78 111 78656325
82 78 78655521
82 58 78655521
93 113 78654570
26 69 78651418
71 69 78649804
80 131 78649741
10 22 78648254
82 55 78647120
17 23 78645477
19 22 78636109
32 31 78633990
20 18 78594809
91 95 78591361
91 40 78591361
93 113 78587075
29 91 78582596
19 13 78581404
19 17 78581404
58 3 78578029
82 37 78574102
82 58 78574102
13 14 78572714
25 101 78569132
20 33 78561501
13 11 78561389
97 49 78554728
20 22 78549021
112 93 78475130
112 93 78330455
112 123 78330455
112 108 78330455
91 40 78326700
8 17 78326287
91 49 78320991
58 71 78319082
101 122 78319059
58 95 78317937
93 113 78315583
44 2 78313724
132 41 78311870
11 16 78311446
93 113 78309263
106 105 78308661
113 93 78308071
111 95 78305906
78 85 78298980
78 55 78298851
85 120 78298841
2 55 78296247
78 111 78295427
95 111 78295322
112 113 78245696
1 38 78245108
13 17 78244250
91 95 78243059
91 83 78243059
1 39 78238870
44 71 78238824
120 124 78227051
40 79 78226703
85 120 78225619
82 2 78220049
82 58 78220049
112 123 78219009
111 95 78218918
2 55 78218568
95 111 78218560
55 131 78216046
11 14 78211844
29 111 78204804
111 129 78202746
123 105 78169528
97 99 78160638
105 5 78157670
13 14 78156021
91 40 78155222
91 79 78155222
91 83 78155222
120 85 78153196
82 2 78152871
20 22 78147510
85 78 78146592
58 95 78146441
120 85 78144375
112 85 78138793
19 9 78138470
112 93 78134504
112 93 78133610
112 113 78133610
52 41 78132585
82 71 78131053
53 95 78129799
19 15 78129720
58 95 78128807
112 113 78125094
13 14 78123246
13 11 78123246
113 123 78122156
29 111 78120941
49 21 78120760
49 38 78120760
40 95 78120733
40 111 78120733
111 129 78117084
66 87 78082445
97 99 78074323
42 53 78072332
44 131 78064951
93 112 78062522
82 55 78062309
82 71 78057649
82 2 78057649
82 58 78057649
3 0 78057240
91 49 78054985
100 59 78053112
82 37 78050078
82 58 78050078
8 16 78047093
8 16 78047029
82 58 78041817
33 18 78037374
90 72 77985901
5 70 77980678
5 107 77980678
58 0 77980191
93 113 77979978
107 73 77978759
106 123 77976855
112 113 77975801
1 126 77975290
70 44 77971694
70 5 77971694
131 3 77962237
112 113 77960265
82 2 77957149
129 107 77957117
90 86 77954576
120 85 77954555
23 17 77954482
85 120 77954347
112 93 77952850
112 5 77952850
19 9 77952768
86 65 77908364
25 101 77894997
25 57 77894997
25 43 77894723
25 42 77894723
25 136 77894723
25 122 77894723
25 136 77894078
25 36 77882212
25 111 77826431
81 73 77798021
58 0 77721828
92 66 77721361
93 113 77717149
25 75 77716751
25 43 77716751
25 121 77716751
124 56 77716503
70 44 77713828
70 5 77713828
82 3 77712959
82 58 77712959
29 44 77712660
44 2 77711940
120 85 77711633
5 70 77709615
85 120 77708635
27 26 77708088
93 26 77705594
85 120 77703818
129 107 77703246
129 107 77697366
15 14 77696262
1 126 77696168
120 85 77696146
93 112 77694813
93 5 77694813
32 27 77693912
129 107 77692022
11 13 77691326
11 16 77691326
131 37 77691059
11 13 77689423
80 131 77684290
91 111 77638326
91 40 77638326
120 124 77635625
3 0 77631418
14 13 77630614
101 56 77630124
112 93 77629125
23 8 77629105
29 91 77624199
81 129 77622966
81 107 77616278
81 73 77612939
9 23 77611108
14 17 77609207
129 107 77607059
112 113 77605155
112 93 77604784
129 107 77604248
81 85 77601679
81 85 77601613
2 82 77601157
62 77 77599103
86 72 77554560
86 117 77554560
9 19 77553553
93 5 77553217
22 105 77549019
86 135 77543760
86 117 77543760
100 59 77540537
18 22 77537896
2 82 77535047
124 120 77532053
22 5 77528693
5 105 77528339
2 78 77527545
23 13 77523730
40 83 77522671
112 85 77520604
13 8 77519975
17 23 77519289
15 13 77511055
27 31 77510545
112 93 77466914
2 82 77464532
2 58 77464532
2 44 77464532
26 100 77464267
14 16 77461243
91 95 77460945
91 40 77460945
66 87 77460536
100 59 77459431
112 93 77457530
119 56 77456615
120 85 77456114
17 13 77453802
23 33 77452551
23 17 77452551
0 2 77451304
37 124 77443859
112 93 77437797
6 13 77436901
91 49 77436624
91 97 77436624
112 93 77435379
0 55 77431224
1 21 77425789
20 23 77425517
90 117 77382200
25 43 77379563
104 105 77376049
104 106 77376049
104 81 77376049
104 107 77376049
25 57 77373032
25 121 77373032
91 111 77370893
91 83 77370893
112 123 77367717
37 131 77365680
75 25 77365585
36 52 77364582
0 82 77364485
0 44 77364485
58 0 77364437
18 22 77363352
78 83 77362088
3 0 77361681
94 5 77360118
91 97 77360111
0 55 77359848
0 82 77359848
0 44 77359848
112 123 77359824
70 71 77359465
70 5 77359465
23 17 77359181
112 123 77358741
46 132 77357438
46 111 77357438
6 23 77357208
13 11 77351977
17 13 77351423
25 109 77351220
131 80 77349956
23 17 77348093
12 13 77345894
44 82 77345250
97 41 77344940
57 124 77341453
111 29 77337071
111 79 77337071
66 87 77284129
123 105 77275014
13 8 77185529
14 17 77130840
112 13 77119258
91 111 77113163
91 83 77113163
14 13 77112855
90 102 77110271
0 44 77108491
0 82 77106517
0 44 77106517
132 106 77099744
90 135 77092064
90 117 77092064
90 102 77092064
82 55 77090301
82 3 77090301
11 16 77084251
120 119 77084046
2 82 77083081
23 20 77031202
90 65 77030176
90 102 77030176
91 111 77029827
91 83 77029827
95 111 77029380
111 61 77028693
15 13 77022156
113 93 77018655
113 123 77017709
23 20 77005316
105 94 77005079
23 20 77004081
13 11 76999918
13 16 76999918
14 13 76999031
20 33 76990889
93 81 76958132
37 85 76941249
132 41 76939289
132 7 76939289
9 19 76936703
124 55 76936090
124 85 76936090
112 93 76935335
37 85 76934662
3 82 76932233
3 0 76932233
83 46 76922468
56 25 76921667
25 75 76920803
25 56 76920803
25 42 76920803
25 121 76920803
83 111 76920405
25 42 76918749
25 136 76918749
85 25 76916275
14 13 76914294
14 17 76914294
20 14 76906030
90 86 76862019
37 85 76860896
37 85 76859835
37 124 76859835
14 13 76850567
14 23 76850567
81 129 76849923
22 13 76844902
25 56 76844231
25 42 76844231
25 101 76844231
25 121 76844231
100 59 76843902
6 22 76843630
6 13 76843630
6 19 76843630
2 3 76838238
23 22 76838005
82 2 76833543
2 82 76832843
105 106 76830234
120 124 76828787
37 120 76828500
78 55 76828005
2 3 76824843
2 44 76824843
91 111 76770830
88 36 76766203
100 59 76763773
120 124 76763541
37 120 76756484
37 85 76756484
97 49 76755880
58 0 76755210
120 37 76755046
25 75 76754700
25 56 76754700
25 57 76754700
112 93 76749646
93 112 76749459
119 56 76748558
78 2 76748459
14 13 76746667
26 81 76746208
75 56 76744277
2 82 76737834
129 81 76733174
42 43 76574076
42 121 76574076
13 14 76516287
81 85 76509938
91 95 76508642
136 54 76504108
136 42 76504108
136 57 76504108
136 85 76504108
117 90 76502795
120 124 76502356
42 25 76501212
90 135 76495809
90 72 76495809
90 117 76495809
85 25 76494602
112 93 76492155
25 75 76488855
25 101 76488855
25 136 76488855
25 85 76488287
40 29 76487023
14 13 76484405
25 136 76482328
11 13 76482166
11 17 76482166
25 121 76480925
13 14 76427202
91 111 76425385
91 83 76425385
97 91 76424412
125 51 76412553
125 25 76412553
125 38 76412553
125 122 76412553
3 44 76411512
80 55 76407273
78 37 76405047
78 114 76405047
35 39 76404639
2 82 76403588
91 40 76402432
112 113 76401584
93 112 76401459
111 95 76400575
111 40 76400575
2 44 76399858
82 3 76397793
112 93 76391249
93 112 76389388
25 51 76354018
25 111 76354018
25 57 76354018
25 122 76354018
93 112 76344313
91 111 76341434
91 83 76341434
40 83 76334987
22 17 76333648
13 14 76330351
80 131 76329435
56 24 76328953
112 113 76327083
58 55 76323881
58 3 76323881
58 44 76323881
19 15 76323500
112 93 76323256
123 113 76322698
92 66 76321215
25 56 76317487
92 66 76316391
12 22 76309606
120 85 76308604
9 33 76308081
81 85 76307681
3 58 76252737
3 44 76252737
91 95 76251463
91 40 76251463
40 95 76249327
20 23 76241887
29 91 76240929
131 78 76239170
40 111 76234120
8 17 76230258
8 13 76230044
33 18 76229781
112 93 76228889
112 93 76225990
1 38 76221893
13 11 76166208
13 16 76166208
14 13 76165654
81 88 76161440
58 82 76160813
23 17 76159813
9 15 76159399
82 2 76156980
6 12 76154357
13 8 76153863
112 85 76152035
13 11 76151467
13 16 76151467
12 9 76149258
9 15 76148346
78 2 76140980
19 9 76139229
0 2 76138256
2 78 76137106
85 120 76134238
78 2 76132790
2 82 76132704
2 82 76131356
20 88 76129534
111 83 76129246
15 19 76127569
93 112 76062143
112 93 76054360
23 20 75983166
13 8 75926711
88 123 75908971
58 0 75906977
91 95 75906219
123 88 75904761
88 95 75901017
88 115 75901017
88 132 75901017
88 111 75901017
88 83 75901017
88 138 75901017
88 36 75901017
113 26 75892157
93 113 75871585
44 0 75830014
44 58 75830014
93 113 75829260
91 95 75821526
78 25 75819789
17 13 75817116
81 129 75815106
23 20 75813471
70 37 75812122
70 4 75812122
125 51 75806213
125 57 75806213
125 36 75806213
23 20 75800223
86 72 75742129
86 117 75742129
112 123 75733314
112 113 75733314
86 72 75731329
91 111 75729835
91 40 75729835
71 44 75727203
85 120 75726832
131 55 75726652
131 78 75726652
25 78 75724579
23 20 75720267
58 111 75720133
90 65 75718522
90 72 75718522
90 86 75718522
25 136 75717877
8 23 75714624
58 3 75712965
14 16 75711867
111 78 75710021
113 112 75708626
119 56 75705842
17 22 75703836
17 12 75703836
78 111 75702081
93 113 75654926
68 137 75648444
25 56 75646279
25 42 75646279
91 95 75645175
91 79 75645175
112 113 75644776
112 93 75644117
82 55 75644061
66 84 75634992
25 62 75634395
25 136 75634270
112 85 75629978
41 57 75626565
41 97 75626565
25 62 75626002
70 5 75621178
0 58 75618635
25 56 75614469
78 111 75613838
25 42 75611155
25 42 75580805
13 14 75579650
13 16 75579522
62 121 75574953
2 82 75562780
2 0 75562780
91 40 75561201
19 9 75561000
112 93 75559452
93 112 75559423
111 78 75557431
3 44 75556955
112 93 75555174
112 113 75554938
124 85 75554590
17 14 75554233
112 93 75554197
124 119 75553224
19 9 75545887
90 117 75539661
2 82 75539442
84 42 75537438
23 17 75535774
25 42 75534134
2 82 75532795
2 82 75531494
90 102 75531252
85 124 75529439
70 44 75528875
123 113 75526346
93 113 75526318
112 93 75448717
112 113 75448717
93 113 75372416
121 42 75365289
121 42 75359944
97 96 75303510
92 66 75300453
20 23 75294807
78 111 75294556
44 70 75293096
6 13 75291242
3 58 75288829
25 136 75281817
0 82 75280543
0 2 75280543
0 3 75280543
57 62 75279897
26 27 75275158
26 60 75275158
26 89 75274007
11 13 75272559
23 17 75270706
80 131 75269743
112 123 75221073
91 95 75220830
91 79 75220830
91 83 75220830
84 26 75219790
9 19 75217758
19 9 75215567
112 123 75215397
13 14 75215204
19 9 75215003
100 28 75213548
74 92 75206831
13 16 75204823
9 19 75204789
8 13 75204626
13 8 75204607
71 110 75204275
82 55 75204165
82 2 75204165
82 58 75204165
112 113 75202658
13 14 75202507
19 9 75202108
112 93 75202012
112 73 75202012
112 123 75202012
97 96 75195824
22 9 75195723
112 93 75195524
105 5 75193812
131 37 75191895
12 17 75187713
25 51 75187159
25 75 75187159
25 56 75187159
25 101 75187159
25 57 75187159
25 122 75187159
25 24 75186755
13 14 75186736
13 12 75186736
25 56 75186677
25 101 75186677
25 136 75186677
33 18 75184641
23 17 75183486
81 52 75182245
81 85 75182245
81 26 75182245
91 95 75131609
112 123 75128917
78 55 75124239
113 112 75120309
112 5 75117830
20 23 75117711
13 8 75113927
81 52 75110828
81 120 75110828
100 59 75109935
90 65 75105737
90 66 75105737
112 93 75103390
88 81 75102731
8 33 75102487
55 78 75100551
100 63 75099690
85 81 75099344
92 74 75098296
12 44 75098124
78 55 75097195
85 81 75095658
81 94 75094954
88 103 75049215
2 3 75046031
123 73 75042982
91 111 75042507
120 85 75041423
85 25 75038833
25 43 75037398
25 42 75037398
25 101 75037398
29 79 75028046
33 18 75027836
66 87 75022053
35 49 75021183
75 78 75019354
44 2 75015175
40 111 75012856
33 22 75009330
33 17 75009330
123 106 75008789
112 93 74954528
112 93 74952431
13 14 74952048
28 76 74941698
33 20 74939744
23 17 74932721
14 16 74931808
113 93 74931795
112 93 74925373
13 8 74871477
13 14 74871477
112 93 74697380
131 80 74694073
112 113 74693715
2 44 74693068
112 93 74690518
92 74 74687221
52 7 74683341
26 28 74681027
26 60 74681027
105 22 74673558
2 3 74667749
129 73 74665740
105 5 74611062
113 93 74607880
90 117 74607144
8 13 74604568
8 19 74604568
112 113 74601215
112 93 74600618
112 93 74600348
125 55 74598328
125 36 74598328
125 48 74598328
85 120 74595567
85 120 74595260
13 8 74595190
13 33 74594773
13 17 74594773
97 96 74588718
11 16 74587170
112 93 74583713
112 73 74583713
112 113 74583713
13 23 74527614
58 44 74519951
8 19 74514769
25 51 74508871
25 136 74508871
19 9 74507940
13 11 74506245
119 120 74503533
119 37 74503340
112 113 74501189
20 23 74498389
22 19 74498204
20 23 74497447
13 22 74492334
90 135 74490922
90 102 74490922
8 16 74490282
112 123 74439862
124 120 74437158
13 16 74436778
111 29 74430545
119 56 74429336
75 51 74427915
75 57 74427915
75 25 74427915
120 124 74425715
44 2 74424334
25 41 74418105
25 56 74418105
90 117 74414358
25 41 74413491
13 14 74409372
113 81 74406064
113 81 74405973
85 112 74400479
112 123 74356723
112 113 74356723
19 9 74352611
112 73 74343909
112 123 74343909
58 2 74341398
122 25 74337252
45 68 74328342
13 16 74324022
13 16 74321380
93 81 74316483
93 112 74316272
93 112 74315750
112 93 74157954
131 37 74089254
81 26 74083033
112 93 74081282
112 123 74081282
112 123 74080795
89 31 74073834
93 112 74073502
11 13 74065686
44 2 74064055
78 85 74059246
44 2 74046105
111 52 74020000
112 93 74004753
112 81 74004753
120 85 74003045
90 135 74001862
131 80 73999451
41 57 73988341
71 4 73987517
125 41 73981804
125 122 73981804
119 131 73979889
78 85 73979012
58 44 73976880
111 129 73976450
25 56 73976103
2 44 73975817
5 123 73971870
19 8 73920639
131 37 73920295
112 93 73918527
112 81 73918527
112 93 73915045
82 3 73910249
82 58 73910249
132 52 73905677
131 119 73905064
25 51 73881932
25 42 73881932
25 101 73881932
25 121 73881932
25 85 73881932
44 58 73875161
113 93 73870047
73 81 73840694
123 105 73839573
3 58 73798878
3 44 73798878
112 93 73752321
112 113 73752321
20 23 73742166
68 45 73722363
68 32 73722363
13 17 73708635
112 113 73627686
8 15 73486963
82 2 73479066
137 68 73478497
25 51 73460758
25 56 73460758
89 81 73459945
131 37 73457610
11 13 73456220
20 33 73449382
20 17 73449382
112 113 73449274
13 11 73404813
78 55 73399785
78 75 73395494
93 113 73383178
25 75 73382960
25 136 73382960
6 13 73379134
26 60 73378389
111 78 73374902
78 55 73373671
25 42 73368155
111 36 73364920
88 89 73326061
26 98 73318704
26 93 73318429
93 113 73314328
93 123 73307607
93 81 73307607
49 97 73307157
93 113 73300084
93 71 73295725
93 5 73295725
62 57 73291709
85 112 73291511
68 137 73290444
93 112 73288005
112 93 73286400
112 93 73286029
68 137 73282895
93 113 73281428
8 11 73280809
93 112 73233440
62 42 73208325
25 43 73208037
25 42 73208037
11 8 73141301
112 113 73116371
112 113 73024651
44 2 72884574
44 2 72884528
112 93 72879907
93 71 72864227
44 82 72860610
44 2 72860610
44 3 72860610
112 81 72857621
123 93 72846585
93 113 72809361
66 87 72798204
112 93 72798190
82 55 72791674
82 2 72791674
82 0 72791674
13 17 72779476
81 70 72710132
25 101 72700689
15 17 72695372
93 112 72692370
62 77 72692021
1 138 72689691
119 56 72688035
119 124 72687386
112 93 72681848
112 113 72681848
6 8 72675502
62 125 72667884
112 113 72625987
37 131 72625744
93 113 72622978
37 120 72622403
25 56 72605670
15 17 72599136
15 23 72599136
62 53 72598372
78 55 72592611
35 49 72589465
35 49 72588468
25 109 72537401
78 85 72531762
82 55 72530763
125 57 72528162
125 122 72528162
93 112 72521815
113 123 72509302
123 113 72509039
103 123 72503800
8 13 72503179
104 73 72498850
104 105 72498850
104 107 72498850
104 18 72498850
106 70 72356464
106 123 72356464
106 113 72356464
106 88 72356464
106 18 72356464
13 11 72342657
13 15 72340244
13 17 72340244
104 123 72277462
104 18 72277462
35 83 72272776
131 37 72272544
43 101 72254303
113 93 72247020
106 43 72243689
123 112 72243015
103 123 72191744
106 68 72176245
106 28 72176245
106 52 72176245
106 56 72176245
106 111 72176245
106 30 72176245
106 97 72176245
106 136 72176245
106 20 72176245
44 82 72160871
93 5 72160528
93 113 72159260
66 87 72120150
112 81 72114072
25 51 72080640
25 121 72080640
15 9 72068466
15 13 72065997
93 81 72023395
112 93 72023325
93 113 72022190
25 51 72019612
25 121 72019612
25 75 72019077
70 123 72015787
112 93 72007819
104 123 72006541
104 18 72006541
25 56 71994567
25 136 71994567
93 113 71993329
27 31 71985646
111 29 71985495
100 26 71984655
131 120 71949420
93 112 71942262
93 112 71935111
26 28 71934740
111 78 71926892
15 13 71914244
15 19 71914244
70 105 71907054
15 9 71902080
2 82 71901572
2 58 71901572
15 17 71896416
20 23 71894918
123 106 71727718
11 17 71647603
6 8 71645146
68 45 71644113
93 113 71592024
66 114 71577139
68 137 71571339
29 91 71554772
111 78 71504459
111 78 71503969
134 98 71472746
100 59 71462275
70 131 71417393
70 71 71417393
70 37 71417393
82 44 71398714
96 97 71392593
8 9 71388752
8 17 71388752
8 12 71388752
63 93 71379904
93 113 71378489
123 18 71377377
33 6 71330248
33 13 71330248
44 58 71325687
8 13 71322442
37 120 71311172
13 17 71309238
97 96 71305332
71 4 71305323
25 51 71300242
25 136 71300242
131 37 71299568
93 112 71291446
52 115 71066281
82 55 71062659
111 78 71056633
78 37 71054536
131 3 71044480
6 8 71042435
6 17 71042435
111 78 71041489
112 123 70988410
112 113 70988410
93 113 70986367
81 31 70984156
100 59 70983302
11 13 70973776
93 63 70972704
112 85 70968884
123 112 70962101
13 17 70953292
78 85 70953192
70 71 70892074
78 55 70890843
44 0 70868126
44 58 70866175
123 112 70862218
112 93 70815388
112 104 70809592
71 70 70806949
25 101 70796097
25 121 70796097
25 56 70795110
25 57 70795110
25 121 70795110
112 123 70784830
112 113 70784830
141 93 70779192
141 26 70779192
123 113 70768301
74 92 70716083
103 81 70711600
78 2 70711528
70 5 70709575
78 2 70707367
77 64 70706364
136 109 70704781
111 83 70702644
73 88 70695335
78 55 70694483
13 8 70692722
8 19 70689480
139 62 70628304
139 27 70628304
139 69 70628304
139 45 70628304
13 8 70450914
6 13 70447530
6 8 70447530
103 73 70445300
22 9 70442993
22 17 70442993
5 70 70431785
19 9 70430655
13 11 70392843
13 8 70390346
13 8 70376039
93 113 70372014
93 139 70372014
119 37 70365515
71 5 70364836
13 103 70361606
103 13 70361244
18 141 70355480
82 58 70350480
13 103 70348488
73 141 70313039
57 75 70289596
113 112 70286161
123 112 70286019
141 33 70284850
141 73 70284850
141 129 70284850
141 18 70284850
90 86 70280400
141 70 70279138
141 73 70279138
141 81 70279138
25 42 70276100
25 121 70276100
25 122 70276100
92 74 70274184
92 66 70269815
131 37 70266522
82 58 70262686
82 44 70262686
113 123 70260981
13 8 70258751
13 17 70258751
86 117 70236974
103 129 70200290
25 51 70189442
25 122 70189442
37 78 70176732
112 113 70120073
25 75 70116991
25 101 70116991
25 136 70116991
25 122 70116991
81 111 70116642
81 120 70116642
81 25 70116642
81 38 70116642
81 36 70116642
139 27 70116458
11 13 70110572
82 2 70109722
139 68 70102726
112 113 70102020
13 20 70101552
112 113 70101240
129 141 70098133
112 113 70094520
25 136 70092606
139 93 70091651
139 59 70091651
139 60 70091651
13 11 70088531
25 56 70088395
25 42 70088395
112 113 70084800
43 51 70081012
92 74 69865854
15 19 69859343
92 74 69855054
92 87 69855054
131 101 69853482
78 55 69841917
6 11 69834618
6 17 69834618
13 8 69833253
9 112 69772740
9 112 69771660
82 3 69769266
112 93 69765288
92 66 69757824
95 83 69753166
112 73 69749653
37 85 69748049
123 113 69738367
9 112 69736740
9 112 69735660
112 9 69733380
44 2 69664169
44 58 69664169
37 78 69661317
123 106 69603608
112 81 69593700
117 130 69580827
139 100 69572790
139 60 69570998
62 30 69568680
43 42 69568365
15 19 69561165
95 111 69503932
112 113 69486780
112 113 69477240
15 13 69474169
15 19 69474169
15 9 69474169
112 93 69440248
112 81 69422220
112 113 69422220
112 81 69319375
112 93 69318040
112 81 69318040
19 9 69253012
82 2 69249943
100 59 69239820
139 93 69225226
139 60 69225226
37 131 69224758
68 76 69222144
68 31 69222144
112 81 69209280
112 113 69157200
66 87 69156975
82 2 69151419
131 37 69147821
8 11 69146589
117 74 69143725
117 130 69143725
43 42 69137471
43 121 69137471
112 113 69137220
111 129 69075972
25 51 69074460
25 75 69074460
25 56 69074460
125 55 69068901
19 9 69064428
70 82 69058307
70 2 69058307
70 3 69058307
112 113 69058260
82 107 69056162
100 92 69039559
69 32 68990070
131 37 68982477
131 37 68981693
85 25 68979780
68 45 68967950
13 17 68966045
129 141 68962716
8 13 68961468
112 113 68961300
68 137 68908093
117 74 68889256
22 112 68888400
22 17 68888400
19 9 68888237
25 43 68887862
25 42 68887862
85 112 68882400
104 141 68881717
112 113 68880180
112 81 68665440
112 113 68647482
6 8 68640590
112 85 68630040
8 13 68624202
82 0 68558418
82 58 68556368
81 27 68556337
70 71 68553550
129 141 68545689
112 113 68535720
70 37 68535062
95 111 68526863
82 2 68475172
68 32 68457310
112 113 68438880
112 113 68437860
49 91 68394431
49 97 68394431
112 113 68369040
100 28 68354809
113 112 68349720
112 113 68329200
112 113 68323380
112 113 68293200
112 113 68287380
95 111 68287347
112 113 68176680
112 113 68056440
113 73 68055480
113 73 68054940
113 73 68037453
68 137 68019130
78 85 68018635
13 11 68014090
11 13 68013186
11 8 68013186
112 113 68010540
112 113 68002500
66 87 67962416
66 87 67962234
88 81 67952160
85 81 67948680
19 13 67947451
26 30 67926475
112 113 67917780
112 113 67785120
84 109 67782324
35 77 67781192
82 2 67780817
100 28 67764929
26 27 67763132
100 68 67761073
100 137 67761073
6 11 67760973
112 113 67733460
90 84 67697915
111 78 67697228
26 81 67692711
19 9 67691254
88 81 67686780
13 8 67672512
26 81 67671550
3 0 67665675
3 44 67665675
102 92 67617883
11 13 67414642
131 4 67344278
4 71 67322913
137 68 67314846
100 59 67266366
36 34 67258387
36 133 67258387
66 84 67246488
37 85 67094956
85 55 67091837
82 2 67089527
43 51 67087457
81 73 67073510
111 52 67059917
111 132 67059917
111 43 67059917
26 20 67058057
19 9 67015200
139 59 66815059
19 9 66761940
2 50 66751256
139 59 66744339
139 59 66741846
131 37 66739294
112 113 66732300
112 85 66729060
112 17 66726960
90 74 66725412
88 81 66685740
103 73 66658398
131 37 66653001
82 3 66650362
82 58 66639109
15 13 66638361
15 8 66638361
139 59 66577181
139 137 66577181
139 59 66567868
139 137 66567868
139 100 66567868
139 60 66567868
131 4 66565838
100 63 66565218
115 37 66561383
112 113 66557340
5 71 66545130
139 69 66544465
139 128 66544465
100 137 66496837
92 74 66488979
112 113 66463860
11 8 66457401
19 9 66419160
92 130 66219420
139 59 66211978
139 137 66211978
139 100 66206184
97 96 66202099
111 73 66019908
49 91 65968349
13 11 65965018
111 129 65959415
111 61 65883957
91 111 65624344
13 11 65611148
145 3 65597640
143 131 65569980
91 111 65541739
91 83 65541739
128 69 65531835
100 59 65520513
100 63 65520030
1 126 65517064
0 3 65507760
145 2 65498700
145 3 65498700
82 2 65490180
71 145 65489580
19 9 65470620
71 145 65456460
71 145 65455620
92 66 65452670
92 130 65452670
30 26 65448446
125 34 65431077
145 2 65423340
71 145 65419620
145 2 65409120
112 113 65403000
4 90 65397780
15 19 65369400
81 53 65365502
21 1 65346754
3 2 65339700
3 58 65326320
0 2 65317260
0 3 65317260
53 81 65302800
53 81 65284804
13 11 65280768
15 13 65279700
91 111 65279005
88 26 65268646
48 126 65251956
48 138 65251956
48 38 65251956
2 82 65247840
116 29 65246215
0 2 65245200
0 3 65245200
0 82 65243940
55 2 65243340
131 144 65242320
0 55 65236080
0 3 65236080
58 2 65234880
71 4 65201160
37 78 65039040
92 87 65013284
37 78 65002860
3 82 64979940
3 82 64978620
3 145 64978620
37 85 64942680
91 95 64935855
37 85 64923540
116 73 64920248
2 145 64916580
112 113 64915320
116 73 64907915
37 85 64906380
2 82 64905780
116 81 64898221
82 0 64885020
119 120 64852080
35 29 64842468
37 131 64839360
0 2 64826400
116 107 64821077
0 55 64820160
119 120 64812480
85 37 64811160
85 37 64808460
120 37 64804620
145 0 64800780
15 8 64754340
112 113 64752780
2 3 64744920
113 112 64744680
1 21 64743119
112 113 64736520
125 54 64732363
125 34 64732363
82 2 64729620
85 37 64729200
116 111 64728947
116 30 64728947
116 26 64728947
145 71 64728840
0 2 64727640
71 145 64721940
0 82 64719960
0 2 64719960
2 82 64717500
2 0 64717500
15 19 64424160
29 73 64407329
29 129 64407329
29 81 64407329
145 2 64368540
84 109 64343482
37 85 64327894
131 55 64307292
3 2 64300500
111 95 64291908
111 91 64291908
18 33 64252980
66 92 64250604
113 112 64232700
112 104 64213080
145 2 64209660
58 3 64208040
37 78 64148160
116 62 64139216
116 1 64139216
116 47 64139216
116 134 64139216
116 77 64139216
116 42 64139216
116 84 64139216
116 38 64139216
116 48 64139216
52 7 64135724
95 91 64133365
91 95 64133255
91 40 64133255
4 71 64132500
0 3 64130760
68 32 64130580
37 85 64130183
37 120 64126080
4 90 64123920
112 113 64121220
112 113 64120500
143 131 64114140
143 131 64113960
145 71 64110240
145 2 64107300
37 85 64085700
112 113 64060500
112 113 64057140
145 2 64053240
37 85 64049700
71 58 64048800
121 56 64045073
4 131 64038180
131 4 64037940
0 2 64031220
0 58 64029600
37 131 64028400
112 113 64025400
131 119 63794280
112 113 63792540
112 17 63791854
112 113 63789900
131 55 63787920
57 41 63787025
115 52 63785576
3 55 63779820
3 145 63779820
125 36 63777581
55 2 63776700
112 24 63773820
112 9 63773820
143 144 63770760
112 113 63769380
37 120 63724680
57 122 63714383
113 81 63707160
37 85 63703103
113 106 63689214
113 81 63689214
113 18 63689214
3 58 63688440
37 85 63685080
61 81 63672720
13 8 63639714
13 8 63638827
2 0 63628020
2 145 63628020
71 145 63624000
3 2 63622620
112 113 63600240
2 0 63592020
2 58 63592020
4 71 63591240
0 58 63591240
71 110 63559920
112 104 63543300
17 8 63539735
78 37 63534060
78 111 63526020
37 78 63522300
90 4 63508800
112 113 63453660
112 9 63453660
62 136 63448560
136 62 63448080
37 78 63447180
116 29 63432300
4 71 63428580
78 85 63426480
131 143 63425820
37 78 63420480
62 31 63204420
50 121 63193546
121 50 63193492
121 50 63192807
1 49 63188640
131 4 63185820
78 37 63184920
58 82 63174180
58 2 63174180
62 31 63168240
79 83 63163920
55 111 63163380
120 37 63159960
1 49 63129780
111 83 63125340
18 33 63113040
18 20 63113040
11 6 63103074
37 120 63096120
1 49 63093780
58 82 63093720
11 6 63087946
11 17 63087946
112 113 63084060
49 38 63081660
0 58 63079800
1 53 63078600
113 112 63070260
95 91 63068220
111 78 63039540
138 95 63038220
38 138 62997420
37 85 62987100
111 78 62951760
111 78 62951160
112 113 62933040
112 113 62931000
58 82 62925000
38 49 62913420
49 38 62913180
57 25 62909340
4 71 62907180
58 0 62905500
37 85 62905200
57 51 62899860
85 37 62898960
71 145 62895180
115 41 62856973
81 71 62856780
81 73 62856780
121 42 62841588
116 77 62824776
116 35 62824776
61 81 62819700
58 82 62818020
57 139 62606580
57 41 62601720
111 78 62590260
136 139 62589180
112 113 62581440
112 113 62578800
57 139 62570580
57 41 62565720
111 78 62557140
111 83 62554740
91 95 62554560
91 40 62554560
120 25 62503980
25 78 62498940
25 78 62498640
78 143 62465160
25 42 62432040
113 73 62430720
116 27 62424560
116 28 62424560
116 38 62424560
116 77 62424128
116 81 62424128
116 84 62424128
116 81 62422995
116 85 62422995
1 21 62421960
136 25 62352060
136 139 62347740
92 74 62334840
92 74 62334480
104 113 62329080
116 77 62324162
92 117 62311500
90 4 62309040
120 51 62307240
120 85 62307240
4 90 62306400
37 131 62305380
4 90 62304300
4 90 62302980
90 4 62302620
4 90 62301960
2 58 62300100
18 33 62288280
81 35 62266560
106 141 62260320
22 6 62255500
22 8 62255500
22 11 62255500
22 139 62255500
81 52 62248602
121 42 62248043
111 83 62244240
112 104 62243160
116 73 62239446
3 55 62236080
3 2 62236080
3 58 62236080
104 141 62224320
37 131 62212860
71 145 62208840
72 102 62188260
72 135 62159580
112 104 62047860
92 130 62024220
74 92 62017560
104 113 61983900
112 113 61980600
113 73 61976280
113 81 61976280
4 90 61972380
104 113 61972080
131 144 61970160
112 113 61967820
120 37 61963920
122 78 61962420
138 38 61954800
57 41 61953720
41 57 61953180
25 109 61907760
25 24 61907760
139 22 61902859
112 104 61888920
139 8 61885425
139 17 61885425
113 112 61883520
145 0 61879260
117 109 61871700
117 87 61871700
2 145 61861080
40 83 61834740
116 111 61824118
116 111 61821938
139 11 61813974
139 17 61813974
139 6 61811610
139 8 61811610
107 73 61810873
2 0 61805400
112 104 61802460
40 95 61798740
104 112 61796520
92 130 61795080
2 3 61792140
112 113 61790100
2 3 61784040
112 113 61777260
1 21 61771860
0 2 61771680
105 22 61735832
40 95 61731780
40 79 61731780
40 83 61731780
57 56 61726800
57 122 61726800
37 85 61718640
58 82 61718400
112 113 61715220
122 57 61711440
112 113 61707300
2 0 61686660
38 126 61655040
38 48 61655040
111 40 61651560
38 1 61650660
38 47 61650660
38 48 61650660
121 136 61648820
78 2 61635060
58 82 61633740
0 55 61629540
58 145 61626660
112 113 61625580
58 0 61621380
38 21 61619040
38 146 61619040
38 138 61619040
145 58 61617600
111 83 61615560
38 1 61614660
38 126 61614660
38 146 61614660
38 39 61614660
145 3 61614240
131 55 61612740
37 85 61607880
61 73 61607760
78 2 61599060
112 113 61447860
143 78 61396560
11 17 61395194
88 81 61393620
20 18 61389996
3 2 61371660
117 63 61371360
78 2 61367640
112 113 61355340
143 144 61341120
141 20 61321860
111 83 61300860
145 58 61282560
1 21 61282020
0 3 61279920
0 145 61279920
58 82 61278360
0 2 61275000
116 81 61273268
2 0 61271640
112 9 61268460
1 21 61253820
25 136 61218540
131 143 61210080
91 49 61197000
88 81 61195500
23 6 61193334
23 8 61193334
112 113 61189920
145 71 61186200
0 55 61176540
0 2 61176540
145 0 61175700
145 3 61175700
145 58 61175700
131 78 61174080
3 0 61167000
3 145 61167000
6 22 61128899
116 35 61121159
143 144 61101060
58 2 61100040
112 113 61097940
0 3 61088100
37 85 61049520
40 95 61039440
55 143 61030500
145 0 61015800
145 3 61010040
112 11 61004760
40 95 61003440
85 37 61000320
37 85 60999900
120 37 60997440
139 15 60759180
139 22 60759180
0 3 60753540
92 130 60749400
112 113 60741240
92 130 60706320
37 85 60697800
139 136 60691980
112 113 60661680
57 41 60655800
88 29 60633900
145 58 60581640
116 73 60577931
112 139 60576720
143 78 60572700
2 58 60570960
74 130 60551460
112 113 60521880
37 85 60514620
58 82 60508620
4 90 60506880
4 90 60505740
131 144 60502980
116 81 60502049
112 139 60497700
3 2 60488460
79 40 60487920
4 90 60477000
139 8 60438983
112 113 60427980
91 40 60426780
58 2 60414000
143 144 60407520
112 139 60407160
112 113 60399840
37 85 60397920
112 113 60265860
112 113 60265380
105 14 60161485
1 21 60151800
1 21 60151440
131 78 60150900
112 113 60149100
111 83 60147000
112 113 60143640
55 131 60131760
78 2 60081060
0 2 60075060
0 3 60075060
145 0 60073380
47 110 60071160
4 90 60071160
139 11 60070503
3 2 60066000
3 0 60066000
3 145 60066000
0 2 60065940
88 81 60032460
88 81 59996460
143 78 59993940
0 2 59991120
2 0 59989020
0 2 59988300
66 117 59970720
131 143 59961660
88 141 59914860
116 81 59899334
47 110 59896020
37 119 59894220
131 143 59892540
58 0 59878500
2 145 59872020
55 78 59844360
55 85 59844360
112 113 59822940
112 113 59816460
2 0 59816460
38 126 59812200
55 85 59808360
143 78 59794080
131 78 59589720
78 143 59568660
116 73 59566491
6 11 59566354
112 113 59559600
9 20 59553840
9 12 59553840
94 71 59551980
131 78 59550120
2 145 59546880
40 95 59545740
40 83 59545740
40 95 59540400
40 111 59540400
112 113 59533740
112 113 59531340
0 58 59530500
95 40 59529780
22 33 59529180
78 143 59501760
131 78 59465640
95 91 59463060
95 40 59463060
85 37 59446020
55 143 59383860
55 131 59383860
22 9 59381880
22 139 59381880
143 55 59378340
58 3 59377560
116 81 59372475
116 85 59372475
0 145 59366100
2 3 59350020
139 136 59329500
55 143 59306580
55 143 59306220
55 131 59306220
139 11 59302576
139 11 59302405
143 131 59300760
2 3 59290740
139 22 59290366
58 2 59278980
120 37 59265180
58 111 59264340
58 82 59264340
0 3 59263680
11 6 59208589
0 3 59202900
0 145 59202900
57 142 59179380
112 113 59036340
112 6 58958040
112 9 58958040
112 139 58958040
6 139 58954471
117 92 58940340
22 9 58931460
112 113 58930260
149 114 58928220
149 113 58928220
149 24 58928220
148 149 58926840
92 87 58918140
25 122 58885740
22 139 58869720
112 113 58863900
145 58 58851420
117 92 58851420
92 117 58847040
131 144 58846440
116 111 58788680
2 55 58780860
2 3 58780200
58 95 58779600
95 91 58774560
2 145 58750440
105 141 58713388
105 94 58712999
112 113 58697940
57 51 58697580
57 121 58697580
57 147 58697580
131 143 58691220
131 144 58691220
58 3 58690680
112 139 58690500
2 145 58684620
142 122 58683000
112 113 58670340
145 2 58669020
145 0 58669020
145 0 58668720
112 113 58667820
57 121 58657980
57 25 58657980
57 139 58657980
112 149 58619040
112 113 58618620
58 82 58607520
58 95 58602300
120 37 58579200
11 6 58344970
11 17 58344970
37 126 58340040
112 113 58329840
112 113 58328640
145 2 58260000
112 149 58256220
112 9 58256220
0 2 58235880
25 42 58191960
112 113 58174260
58 82 58172880
78 143 58171320
78 143 58168260
112 113 58163400
116 81 58162792
112 113 58153140
78 143 58091220
131 143 58090380
131 144 58090380
112 113 58089180
131 55 58087740
0 55 58082760
144 131 58080840
3 0 58076160
2 0 58075980
113 112 58069140
112 113 58069140
112 113 58066260
131 85 58065960
112 104 58062960
25 142 58057620
8 17 58023769
58 0 58001280
71 145 58000260
11 8 57994801
143 144 57991320
3 0 57989340
112 113 57981840
25 57 57981540
112 113 57980820
112 113 57979740
112 113 57978660
149 112 57975180
149 42 57975180
58 3 57973500
149 25 57972180
22 19 57971940
143 144 57966720
22 17 57741120
3 145 57737220
0 2 57733380
0 55 57731640
0 2 57731640
0 58 57731640
3 58 57731340
2 3 57659280
2 0 57654960
131 55 57653880
117 84 57648180
22 13 57645120
112 113 57638520
78 143 57624600
143 144 57622740
139 11 57587556
112 139 57576780
58 145 57555480
2 82 57551820
2 145 57539340
117 109 57481800
85 78 57472860
112 113 57467880
58 145 57461400
58 82 57454920
37 120 57454680
25 51 57415080
25 42 57415080
112 24 57399960
37 120 57396420
112 24 57395220
58 71 57381180
58 3 57377700
58 2 57377640
58 0 57377640
79 25 57377280
3 0 57376980
37 120 57371520
131 143 57370260
131 144 57370260
0 2 57369360
117 87 57367560
25 51 57225900
25 136 57225900
112 113 57126000
3 2 57113340
58 3 57103800
58 145 57103800
139 8 57064037
139 11 57064037
149 112 57052680
25 111 57050040
145 0 57050040
145 3 57050040
117 109 57048660
117 84 57048660
88 73 57035040
66 117 57029220
92 87 57027960
57 41 57025440
57 139 57025440
37 120 57023340
55 2 57022800
0 2 57020520
112 113 56970960
117 24 56966640
2 145 56964300
2 145 56963760
57 41 56962620
22 112 56953800
37 120 56946000
117 114 56944200
131 143 56943060
112 113 56940660
38 47 56934720
112 24 56881440
112 113 56881200
58 82 56880300
112 149 56856180
2 58 56852160
58 0 56851140
145 58 56849100
9 33 56785027
9 17 56785027
112 113 56783640
145 3 56772060
145 58 56772060
37 120 56764800
112 24 56699880
22 9 56557368
22 139 56557368
139 17 56546916
20 23 56538840
11 6 56531016
58 29 56530020
57 147 56526240
2 0 56519340
92 117 56500020
139 6 56447199
139 8 56447199
139 17 56447199
2 0 56443020
0 2 56439600
143 131 56438700
37 120 56436900
117 92 56436840
112 113 56431440
92 117 56429520
149 112 56416680
149 113 56416680
8 11 56403960
116 81 56378366
8 11 56360760
37 120 56351760
58 0 56345700
57 64 56343900
99 91 56331960
0 145 56329260
20 23 56280780
112 113 56280360
104 113 56278500
149 42 56268840
112 113 56258220
2 0 56254680
2 3 56245140
2 3 56243880
22 139 56164080
55 0 56155500
22 139 55953540
112 113 55943460
112 113 55943340
117 84 55928640
2 55 55918080
37 120 55907460
120 37 55897980
91 95 55888920
91 40 55888920
79 146 55867740
79 38 55867740
17 22 55855320
20 23 55852620
112 113 55845840
149 107 55829520
79 111 55828140
131 143 55822980
58 145 55813860
112 22 55812960
112 113 55763760
22 6 55753860
0 2 55752780
25 136 55693500
112 141 55673220
58 3 55668540
58 2 55665120
58 2 55663860
57 139 55661520
58 82 55653360
113 112 55647600
22 139 55647300
57 139 55646100
131 143 55581480
112 113 55579200
92 117 55578060
112 113 55575720
111 61 55574220
145 0 55570500
57 139 55562160
0 2 55560120
0 3 55555260
148 74 55549800
148 117 55549800
148 130 55549800
148 149 55549800
148 86 55549800
148 87 55549800
38 126 55548780
99 91 55542960
25 42 55484340
22 139 55324980
126 37 55323360
9 22 55322940
2 0 55322820
2 145 55322820
81 29 55322529
131 143 55314120
91 111 55307340
2 0 55306860
112 113 55299600
92 117 55215540
112 24 55212480
117 109 55148880
117 87 55148880
112 113 55087560
112 24 55087560
2 3 55070160
22 113 55066920
22 6 55066440
22 37 55065900
22 139 55065900
2 3 55065180
116 77 54992292
2 145 54960360
112 113 54953280
2 0 54952500
58 145 54949560
113 112 54948000
99 91 54943380
111 83 54943380
140 130 54845580
112 113 54829020
149 112 54757380
149 42 54757380
149 25 54757380
149 107 54757380
112 149 54730080
112 113 54730080
88 49 54720000
79 88 54710160
11 6 54697080
22 20 54685320
139 17 54672540
2 145 54639780
61 81 54630780
149 112 54630600
149 148 54630600
58 0 54628380
2 0 54625800
131 144 54611040
149 148 54603360
149 107 54603360
149 24 54603360
0 3 54601740
0 55 54600600
0 2 54600600
0 145 54600600
112 113 54543420
112 24 54543360
91 139 54538020
58 95 54531900
117 109 54531900
117 84 54531900
117 87 54531900
111 91 54523860
91 111 54516540
11 15 54514740
112 113 54513120
107 88 54498660
107 88 54480840
107 105 54469800
117 102 54453000
117 90 54452640
112 113 54450960
1 21 54446160
1 21 54444720
2 3 54431580
143 131 54424560
25 139 54393840
22 17 54359820
73 111 54356580
92 87 54350520
112 24 54122940
112 113 54115080
58 82 54112860
0 2 54112740
0 58 54112740
0 145 54112740
148 107 54106680
58 55 54104160
117 92 54102600
58 2 54101160
112 113 54098280
22 139 54093060
11 6 54092880
41 57 54089100
112 24 54022380
136 49 54010080
136 121 54010080
136 25 54010080
136 139 54010080
112 113 54000900
22 6 53996340
22 17 53996340
22 139 53996340
22 139 53996280
22 139 53994060
91 40 53993280
111 29 53944020
58 145 53935500
112 113 53917920
58 2 53912340
143 131 53911320
11 17 53865000
112 24 53861400
112 113 53858100
58 3 53854380
2 3 53852340
2 0 53850480
107 73 53843820
112 113 53843820
112 113 53834940
112 113 53832060
11 6 53821800
143 78 53755260
22 6 53753100
38 146 53738280
99 139 53729040
112 24 53658180
112 9 53657940
112 24 53657760
112 113 53616840
2 58 53503020
11 8 53498640
112 113 53482680
58 2 53482500
58 0 53419920
79 111 53419620
57 41 53401980
58 82 53398320
111 61 53343300
2 55 53341020
149 105 53314860
149 24 53314860
112 149 53273640
112 113 53273640
57 139 53242800
68 45 53219100
25 85 53152260
22 6 53137320
22 17 53137320
112 113 52913880
2 3 52905720
143 144 52900500
2 55 52883460
2 3 52820520
22 11 52810320
22 17 52810320
139 17 52810260
55 131 52809480
2 145 52806480
41 57 52805280
112 113 52793100
58 82 52717860
111 83 52697700
78 143 52557960
122 57 52541640
22 139 52298760
139 11 52277400
2 0 52273320
41 57 52272060
117 84 52219080
117 87 52219080
117 24 52218540
2 0 52214580
9 18 52208760
112 24 52205460
58 0 52203660
58 2 52199220
112 113 52137660
112 113 52135320
117 84 52128900
111 95 52123500
111 40 52123380
112 113 52118760
112 113 52113180
112 24 52113180
112 24 52109220
41 57 52107240
57 41 52106040
112 24 52105560
40 53 52104420
41 57 52095720
111 73 52094820
2 3 52018380
25 51 51624900
25 142 51624900
25 42 51624900
22 6 51579420
2 0 51577440
2 3 51577440
112 24 51535800
68 137 51522360
58 82 51505320
25 51 51489780
25 147 51489780
113 112 51452220
111 95 51444480
21 1 51415320
112 17 51414840
112 139 51414840
22 17 51078180
21 1 51070200
22 6 51064560
117 114 51006420
112 148 50988660
41 57 50979540
58 3 50977620
2 3 50922540
11 6 50912340
57 41 50912040
112 113 50909820
2 3 50907540
6 11 50906160
2 3 50905620
112 149 50900640
22 17 50892240
120 37 50888520
2 0 50886540
2 3 50886540
2 0 50832780
143 85 50832120
58 82 50831400
22 17 50825280
112 9 50813760
88 141 50810100
2 0 50802720
2 3 50802720
22 139 50802660
149 112 50740080
149 113 50740080
112 148 50731380
122 56 50731080
112 148 50730900
22 17 50727240
22 139 50715900
91 139 50714820
88 81 50491680
37 120 50487720
58 29 50475360
58 29 50475180
37 120 50465760
22 139 50453340
22 17 50402160
22 20 50400240
47 1 50393520
47 21 50393520
47 146 50393520
148 72 50389860
148 117 50389860
148 78 50389860
148 130 50389860
148 102 50389860
148 92 50389860
148 63 50378520
148 74 50378520
148 130 50378520
112 113 50378220
144 143 50376180
58 3 50375760
104 73 50315820
104 20 50315820
104 61 50315700
37 120 50315400
37 120 50311080
92 66 50308920
92 114 50308920
9 18 50296380
104 20 50291820
112 113 50291400
112 113 50290140
139 91 50288400
148 63 50283600
148 72 50283600
148 74 50283600
148 117 50283600
120 37 50282040
20 13 50259360
20 23 50259360
113 112 50232060
112 149 50227800
112 113 50227800
104 141 50217600
104 107 50217600
104 105 50217540
104 106 50217540
104 141 50217480
3 78 50207820
112 113 50204220
113 112 50204100
112 113 50203800
9 139 50199060
78 2 50198640
0 3 50197860
0 58 50197860
149 109 50196480
22 6 50195160
22 8 50194560
2 0 50194440
58 144 50145360
8 22 50136900
148 112 50134560
58 2 50132160
112 149 50129640
149 24 50129100
149 87 50129100
112 149 50123700
112 149 50121120
149 66 50120580
149 84 50120160
68 76 50119680
68 45 50119020
149 24 50116620
112 24 50115180
0 2 50112780
2 58 50107740
1 38 49876500
58 2 49867260
9 139 49856880
58 81 49852140
112 113 49788600
58 3 49780620
0 3 49769880
19 8 49714500
58 71 49712760
81 73 49710840
94 71 49701180
2 0 49698960
2 3 49698960
9 17 49687440
8 19 49686720
139 8 49686000
2 0 49681380
139 8 49679580
149 112 49677900
139 57 49618920
58 2 49618560
82 3 49618020
9 18 49613400
8 17 49607160
2 3 49595280
0 58 49590720
0 145 49590720
58 144 49590660
66 149 49533900
148 112 49527480
11 6 49523040
8 11 49522860
6 8 49522140
2 58 49507380
17 139 49505940
117 102 49505160
17 139 49502400
24 112 49433760
112 113 49284480
112 149 49277040
58 82 49272360
0 3 49270380
17 139 49268760
104 81 49267740
104 20 49267740
104 18 49267740
8 17 49265700
68 45 49257660
4 94 49248840
120 37 49243860
112 113 49193340
58 0 49182960
112 113 49180860
112 113 49180440
2 0 49179240
2 3 49179240
2 58 49179240
113 112 49174080
148 112 49172400
112 113 49170120
17 139 49168080
0 2 49165980
120 37 49161120
20 18 49152120
25 136 49122060
41 57 49101240
22 139 49101180
58 82 49100820
139 91 49100460
68 76 49092240
23 18 49086840
81 73 49019700
117 92 49014660
117 92 49014300
149 84 49004700
112 149 49003380
2 58 49003260
4 145 49000260
58 0 48998160
58 3 48998160
85 120 48997560
58 2 48997440
149 66 48993420
149 112 48993420
149 84 48993420
22 6 48990360
58 0 48987720
41 57 48987360
2 0 48985200
139 136 48928860
149 113 48912840
58 29 48909540
2 145 48898140
74 102 48797700
112 139 48502860
11 17 48478620
112 149 48477120
112 113 48472020
112 113 48471960
113 112 48459060
149 112 48403920
149 113 48403920
22 20 48403740
149 148 48402840
149 113 48401280
149 24 48401280
149 148 48393180
68 76 48387780
112 113 48386820
112 149 48386760
139 22 48386460
126 1 48379560
68 45 48377820
68 137 48377820
22 139 48323820
112 24 48320940
68 45 48313980
22 9 48305700
112 113 48299700
120 37 48297660
11 17 48295380
68 45 48294000
68 45 48292320
68 76 48291720
1 21 48222720
140 102 48084720
131 143 48068580
148 113 48063780
56 51 48049140
56 57 48049140
148 64 48047340
148 24 48047340
91 95 48043800
136 139 48042480
139 17 47981640
149 112 47980260
58 82 47976480
0 2 47970720
0 3 47962380
0 55 47961360
122 25 47961120
148 112 47958180
148 112 47949000
58 82 47890380
82 0 47889900
58 82 47889480
58 3 47889480
11 8 47885700
139 17 47884800
0 2 47874780
58 2 47872080
41 57 47871300
112 113 47869260
112 24 47866920
9 22 47863860
58 0 47801040
58 3 47801040
57 122 47799120
138 1 47794980
81 29 47793000
81 94 47793000
2 0 47791740
58 2 47782560
68 76 47781720
68 76 47779620
58 82 47779560
58 82 47774040
37 120 47724960
81 29 47720520
58 2 47714520
41 132 47714460
25 42 47710800
57 41 47706660
112 149 47696460
58 95 47691660
99 49 47689920
149 63 47457180
149 84 47457180
148 112 47457120
148 149 47457120
82 58 47450880
112 149 47446560
18 23 47438460
136 139 47435580
112 149 47384640
149 113 47375520
0 2 47375400
0 2 47375340
58 3 47371620
112 139 47369460
143 34 47367300
61 141 47366880
9 12 47361840
112 9 47360160
47 110 47284260
148 117 47282040
148 140 47282040
1 21 47276040
139 22 47269620
15 11 47258460
148 112 47254740
68 137 47207340
112 149 47206440
139 11 47201400
139 17 47201400
112 113 47195940
11 8 47192460
112 149 47190720
148 149 47189580
112 149 47178420
149 113 47172660
112 149 47122800
139 9 47116800
58 144 47115480
41 57 47112900
139 112 47106060
149 112 47105640
139 136 47104320
112 113 47102640
85 143 47096580
148 149 47094780
58 144 46858740
58 3 46856820
85 143 46854420
2 3 46851000
143 85 46849560
139 9 46847100
143 85 46846080
143 37 46845720
37 120 46843800
2 0 46775160
149 113 46773300
58 144 46768440
149 112 46767240
58 29 46761600
91 95 46760460
13 6 46757460
139 9 46747800
139 95 46746120
41 57 46744440
0 145 46743840
112 148 46684440
0 2 46677480
0 145 46677480
112 149 46675980
112 113 46669800
71 113 46664820
112 113 46662480
0 2 46652280
0 58 46652280
58 82 46597800
126 37 46594680
82 3 46591920
148 74 46585200
148 117 46585200
148 87 46585200
58 145 46580220
38 138 46571700
143 131 46570800
143 144 46570800
8 6 46570680
58 82 46568640
139 136 46564800
22 33 46506480
37 120 46486380
2 58 46485600
0 2 46484820
0 58 46484820
113 112 46354860
0 145 46252680
37 120 46240740
0 58 46239960
131 143 46229580
9 12 46228320
149 113 46227660
11 6 46224420
11 8 46224420
71 145 46164240
2 3 46164060
2 145 46164060
1 47 46163280
2 0 46159620
139 95 46154280
37 120 46145160
2 145 46141680
112 139 46139040
112 149 46134120
58 144 46081680
8 11 46069380
139 136 46062540
112 149 46061580
13 8 46051740
2 58 46049820
112 149 45994440
91 40 45993120
22 6 45984420
112 149 45982140
148 149 45979500
22 139 45978120
112 17 45977100
57 41 45968760
95 91 45961380
37 120 45903180
139 95 45647160
112 113 45641220
58 145 45636120
112 113 45633240
58 2 45626340
112 149 45624540
149 63 45556380
149 24 45556380
2 111 45538080
41 57 45537720
58 0 45531600
88 141 45491700
112 149 45483180
149 24 45452100
148 24 45450480
81 58 45390660
25 42 45390600
25 147 45390600
0 145 45380100
149 24 45377160
38 48 45370020
41 57 45356160
112 149 45311220
2 4 45297900
58 82 45297240
95 139 45281580
91 95 45214560
58 144 45042300
0 3 45040980
0 58 45040980
0 55 45037980
22 139 45024000
112 149 45023460
55 0 45019380
55 3 45019380
22 6 45019320
55 0 45015420
55 58 45015420
139 136 45009540
41 57 44953980
139 11 44948100
112 113 44940300
139 9 44936880
139 17 44936880
41 57 44935080
58 2 44930640
58 0 44930640
58 3 44930640
112 113 44861220
58 82 44787300
71 4 44783520
113 112 44783280
1 21 44773860
57 41 44757300
139 9 44676660
58 84 44671500
0 55 44668140
58 144 44666760
112 148 44417520
139 6 44340540
112 113 44289900
112 113 44237880
148 112 44236200
58 2 44172480
58 0 44172480
2 4 44149260
2 58 44147880
120 37 44147280
105 141 44105040
105 106 44105040
112 113 44096940
111 79 44073540
149 113 44061000
149 24 44061000
58 144 43825380
149 24 43813080
22 9 43808040
22 139 43808040
58 0 43802640
58 3 43802640
2 0 43747800
2 58 43747800
112 139 43723860
2 0 43717980
111 132 43717020
58 145 43716720
0 2 43643220
131 143 43641480
0 2 43639800
58 144 43570140
112 139 43548960
1 138 43542480
73 29 43493700
111 83 43485780
17 6 43482300
41 57 43473180
2 0 43472220
1 34 43468920
2 0 43462440
58 2 43234260
82 58 43219620
1 125 43203600
58 2 43195740
58 82 43194780
58 144 43194780
1 138 43193220
139 17 43141020
131 143 43137660
112 113 43127280
22 8 43117200
126 1 43109520
58 2 43047360
38 131 43037940
139 17 43033260
2 3 43027500
2 145 43027500
139 17 42948960
58 82 42939120
57 41 42871620
41 57 42871020
112 113 42625200
58 0 42620580
139 8 42536820
57 56 42533640
79 146 42530880
145 2 42529260
139 136 42510360
1 21 42502440
112 113 42443700
2 3 42423780
57 41 42419460
112 113 42384180
57 122 42364560
58 84 42339240
58 82 42334620
58 82 42334020
143 58 42331680
120 37 42275280
131 144 42271740
0 2 42256440
0 3 42256440
25 147 42203700
25 136 42203580
131 144 42004500
112 113 42003360
58 82 41995500
149 112 41995260
58 143 41991360
149 112 41942340
28 137 41932080
112 149 41929200
57 41 41909160
58 144 41907720
22 6 41899680
112 63 41850540
112 24 41850540
149 112 41849760
58 2 41825880
58 0 41825880
112 149 41762580
41 57 41757420
112 113 41753160
112 149 41747880
9 22 41745660
22 8 41745000
1 21 41741340
1 138 41730720
41 57 41729220
113 112 41489940
58 82 41409480
139 33 41403420
139 11 41403420
112 149 41401740
112 113 41401740
112 149 41341200
125 146 41315460
1 47 41314320
149 112 41239020
58 144 41237400
1 38 41229360
58 3 41225940
149 113 41222340
112 113 41219400
1 21 41219220
1 138 41219220
9 22 41215260
9 11 41215260
9 17 41215260
71 145 41211120
139 6 41208660
139 11 41208660
149 24 41183040
139 11 41155200
58 82 41150880
112 149 41150760
112 113 41148840
22 6 41127900
22 17 41127900
139 136 41052480
137 68 40981860
58 144 40810860
113 106 40809480
113 104 40809480
1 38 40776780
58 82 40720980
6 11 40699860
139 22 40696140
58 82 40639740
2 0 40636500
143 37 40631460
131 144 40627500
142 122 40618800
38 138 40617900
38 132 40617600
38 21 40617300
58 82 40607820
57 122 40599900
131 144 40551300
81 29 40540080
2 3 40535400
58 71 40519920
111 95 40513020
8 6 40451700
58 2 40449360
58 0 40449360
111 79 40447320
111 146 40447320
41 57 40438500
2 0 40436040
58 82 40434180
0 2 40434120
2 0 40433340
41 57 40374180
131 37 40179120
131 37 40175760
149 24 40107180
139 17 40096800
22 12 40029240
58 0 40017180
58 82 39945420
58 0 39945360
58 3 39945360
58 145 39945360
82 58 39933900
0 3 39912840
0 145 39912840
132 38 39839220
41 57 39828540
22 9 39758280
22 17 39758280
22 139 39758280
22 17 39754020
2 3 39598260
2 3 39578880
61 81 39568620
139 17 39515100
145 58 39502800
1 21 39489780
58 82 39482880
58 3 39417780
22 139 39414180
11 6 39409860
38 25 39405420
11 6 39402720
58 3 39316380
2 3 39310860
13 11 39310320
112 113 39261360
57 41 39249000
41 57 39248880
57 41 39247560
41 57 39247440
41 57 39237900
41 57 39229440
11 9 39223500
37 120 38994480
58 2 38994420
107 88 38993160
145 58 38975460
145 58 38975280
58 29 38968320
58 3 38965740
22 17 38910360
58 144 38905560
22 6 38901420
111 83 38872620
58 71 38820660
58 82 38820660
6 11 38819580
6 139 38819580
58 3 38811900
9 15 38802960
9 6 38802960
9 19 38802960
9 12 38802960
58 71 38792400
58 82 38792400
139 9 38723160
81 58 38715780
58 81 38715540
58 71 38714580
58 81 38714580
143 58 38714460
142 122 38710380
58 71 38649660
29 58 38646540
60 31 38645700
58 144 38643900
57 56 38642520
58 71 38640060
58 82 38640060
58 2 38629620
22 17 38629140
2 3 38627160
9 13 38573460
9 113 38573460
9 12 38573460
58 3 38389800
22 17 38381040
58 82 38376120
1 138 38364780
145 2 38303520
11 6 38301360
11 8 38293380
81 58 38278680
58 81 38275860
58 29 38275740
22 139 38273340
1 21 38268240
1 34 38268240
2 58 38210100
139 17 38202000
139 17 38193060
2 58 38185680
58 29 38132340
58 82 38131320
2 145 38018580
22 9 38017980
22 9 37976160
145 2 37842300
58 2 37760580
1 21 37754460
139 11 37704780
58 82 37699020
139 8 37684740
139 17 37684740
57 41 37675620
57 51 37675620
8 11 37603440
58 145 37598160
58 82 37581240
111 61 37434540
22 139 37430220
149 71 37429560
149 148 37429560
22 139 37426080
82 58 37093500
82 58 37092480
144 58 37090920
58 82 37090740
58 144 37090740
22 139 37076160
58 81 37013160
58 81 37007460
58 81 37006320
58 71 37002120
139 17 37000320
41 57 36999060
91 95 36989520
139 17 36988620
58 144 36983940
22 9 36975360
112 113 36926520
112 139 36926520
25 56 36923160
58 71 36922560
58 82 36922560
58 145 36907080
145 3 36898020
58 71 36890820
22 6 36825120
22 17 36821400
2 145 36804900
145 3 36577440
22 17 36570300
22 139 36570300
145 2 36545220
58 81 36486660
58 81 36481680
131 143 36465420
139 6 36409560
58 145 36405720
58 145 36405300
145 58 36405060
58 145 36403560
2 58 36391260
58 71 36385800
91 95 36372720
145 2 36371580
57 41 35961360
41 57 35960700
41 57 35953920
58 145 35950980
58 145 35948220
145 58 35946780
144 58 35942040
145 71 35886660
145 2 35886660
62 85 35875620
144 58 35871360
145 58 35865960
58 3 35864280
58 82 35863500
58 82 35862720
145 58 35862180
111 61 35799000
58 71 35794680
58 82 35794680
58 144 35794680
22 6 35792040
22 9 35792040
22 139 35792040
41 57 35784120
145 58 35779260
139 6 35777640
2 58 35775960
58 144 35713140
58 71 35625540
58 2 35611380
58 82 35611200
1 21 35592300
131 144 35364480
22 9 35360280
25 24 35353320
58 82 35344860
2 3 35341980
58 2 35249820
131 143 35193540
58 82 35193360
58 2 35180460
58 144 35180460
58 145 35180460
58 81 35117160
2 58 35110680
131 144 35106180
2 58 35075640
58 145 35075100
58 82 35019780
38 48 35019480
2 145 34997880
58 82 34990440
131 3 34752960
2 145 34751700
57 64 34739100
57 25 34738800
22 139 34728180
99 49 34691340
58 71 34676220
145 58 34667520
57 64 34566720
142 57 34555620
145 2 34502760
41 57 34488840
143 37 34486680
2 58 34420680
2 3 34402560
2 145 34402200
58 144 34152840
58 144 34127340
145 2 34041000
58 82 33988080
2 3 33985800
58 145 33970560
2 145 33904500
58 3 33888060
29 81 33884880
2 145 33864420
2 3 33806820
145 2 33804360
58 2 33558840
145 144 33555420
58 144 33553920
2 145 33526740
58 82 33465660
145 71 33453420
131 144 33446400
58 145 33437580
139 6 33404040
2 3 33371700
58 2 33266220
145 3 33264600
2 145 32943120
58 144 32941500
131 144 32842860
9 22 32789760
58 144 32778360
58 82 32687460
145 2 32678580
22 6 32657700
58 145 32653140
145 3 32589420
58 82 32342700
145 2 32338020
22 9 32257380
22 17 32234700
2 3 32233260
145 3 32228820
139 6 32147460
2 58 32084100
58 144 32083740
62 51 32083620
145 3 32083260
131 143 32080740
145 3 32076900
145 2 31978800
2 3 31967880
145 3 31739280
145 3 31731540
145 58 31731120
82 58 31730760
58 144 31725720
34 131 31717680
145 3 31711560
58 82 31705620
145 3 31656300
2 58 31654500
2 145 31654500
22 20 31653540
22 139 31653540
145 58 31633560
145 58 31624680
58 82 31556580
58 144 31556580
58 144 31535460
58 82 31463280
145 2 31458420
145 2 31455540
145 58 31455540
145 2 31381980
145 2 31362660
41 57 31354860
22 17 31127880
145 3 31105980
58 82 31049280
58 145 31020060
58 2 31018740
58 3 31018740
58 81 31015800
58 145 31014960
58 145 30955860
58 145 30946980
145 58 30938340
58 82 30928680
145 3 30877860
2 145 30850380
145 3 30849120
145 2 30848160
22 139 30844440
58 82 30778320
58 82 30774180
58 145 30768180
1 34 30506460
34 131 30428220
131 34 30415800
37 139 30414000
58 145 30403920
2 3 30360360
58 3 30359820
145 3 30340140
145 58 30340140
145 3 30331020
58 82 30256560
145 3 30254700
3 58 30177300
58 144 30172500
131 144 29892360
145 3 29842440
145 2 29842380
145 58 29841060
22 6 29833620
2 82 29807700
58 3 29746920
82 3 29745840
82 145 29745840
60 77 29743200
1 34 29720340
2 145 29719380
145 144 29668260
145 58 29643900
139 136 29641260
139 19 29634120
82 2 29631960
131 144 29577180
131 144 29568180
139 17 29567700
2 145 29549100
2 145 29547360
145 2 29296680
139 15 29232120
2 145 29231100
3 82 29223960
3 58 29207280
131 144 29134740
145 2 29046600
22 17 29038440
3 82 29033640
139 17 28778880
51 56 28700460
111 61 28614000
146 79 28593840
145 3 28452900
58 145 28448940
145 82 28436580
1 38 28434900
58 144 28371180
145 3 28356840
145 58 28344300
2 3 28343040
82 2 28074840
82 145 28074840
82 3 28025340
139 57 28007100
58 144 27987000
2 145 27935640
58 82 27932880
82 2 27829560
2 145 27764280
139 136 27756540
37 139 27747480
2 82 27742800
22 17 27742380
1 21 27740040
1 138 27740040
58 145 27735780
58 82 27404700
58 82 27396480
58 145 27396480
58 144 27386820
41 57 27304620
58 145 27302100
58 145 27243060
2 82 27231060
58 27 27223260
58 71 27213240
2 82 27127260
58 81 26892660
58 82 26892660
2 82 26890560
1 138 26871240
22 17 26866980
146 111 26801100
22 17 26800080
22 139 26781720
1 38 26713440
2 82 26620860
38 1 26618040
41 57 26553180
2 82 26552100
58 71 26541840
2 82 26532600
1 38 26526120
1 126 26524920
58 71 26291100
58 145 26288580
145 2 26288400
2 82 26286900
2 3 26286900
145 71 26276160
139 6 26264580
2 82 26263080
58 2 26203140
58 145 26203140
58 145 26199960
2 3 26187060
2 82 26185020
139 8 26182560
2 3 26176800
1 38 26110980
22 139 26049300
58 144 26037960
22 6 26013900
22 17 26013900
58 81 26009940
58 71 25950480
58 144 25950480
58 71 25936380
145 82 25931520
145 2 25931520
145 3 25931520
139 8 25928160
3 2 25928040
38 1 25911660
58 27 25675320
58 77 25675320
58 145 25593180
1 138 25592340
139 8 25590300
139 17 25590300
58 145 25518600
9 22 25494840
3 2 25408320
1 21 25399020
81 73 25346580
22 6 25083840
22 139 25083840
22 139 25082520
22 139 25071600
82 58 24971340
9 139 24907860
9 12 24907860
58 144 24884280
139 6 24827520
2 58 24794880
2 145 24794880
1 38 24789000
22 139 24751320
58 145 24467880
58 71 24396060
37 139 24210840
2 145 24200340
58 145 24126780
2 3 24121440
58 71 23869740
58 71 23843880
58 71 23701200
1 38 23690820
22 139 23677020
41 139 23246220
22 139 23171580
88 73 23101440
2 3 23093040
2 82 23081160
2 3 23081160
2 58 23081160
58 144 22923900
22 6 22914960
22 17 22914960
2 145 22910100
1 47 22904400
1 38 22904400
2 82 22662780
2 82 22662600
58 77 22643940
58 84 22643940
37 132 22568640
58 2 22488720
2 3 22464840
58 71 22385760
149 113 22372980
22 9 22303920
1 21 21985440
2 145 21947100
58 71 21883200
2 3 21875880
139 17 21803100
58 145 21791400
58 82 21786600
58 2 21786600
58 2 21780120
58 144 21713760
22 139 21437760
41 57 21362340
58 82 21350040
58 3 21350040
22 139 21338760
22 139 21284220
41 57 21254880
22 17 21251940
139 112 21180420
94 33 21172920
58 144 21111720
88 81 20852520
139 17 20664000
22 58 20646180
58 71 20594880
2 82 20584680
1 38 20581500
139 6 20575620
139 17 20575620
22 139 20573040
1 21 20231460
88 56 20153700
88 119 20153700
139 6 20143680
1 47 20141340
1 21 20134560
1 138 20134560
1 38 20126700
1 21 20090040
58 82 20069220
1 21 20053800
1 21 20048340
1 138 20048340
139 8 19972200
58 82 19961280
58 2 19961280
1 138 19959480
1 21 19893420
1 138 19889340
1 138 19888020
1 138 19879020
1 138 19878840
1 138 19878600
41 57 19869840
1 38 19559760
1 38 19529160
22 139 19461420
2 38 19385460
2 71 19374540
82 2 19295940
2 3 19264920
22 9 19220400
88 95 19034880
58 71 19006740
22 9 18950820
37 143 18923340
2 82 18862620
58 145 18843600
37 132 18837900
2 145 18747900
71 27 18747060
58 144 18665280
2 58 18352500
149 113 18332580
149 113 18259800
58 144 18162780
58 144 18157320
58 3 17657400
2 82 16851840
58 82 16608120
58 145 16606020
2 58 16254300
2 145 16008120
58 88 15836160
58 3 15321540
2 3 15239520
145 3 15216420
58 2 14615220
58 81 14198760
2 82 14183580
2 3 14171700
2 82 13839000
2 82 13824060
37 22 13573620
58 145 13497180
145 2 13324920
2 3 13227240
2 82 13223700
58 144 12876180
2 145 12359760
2 58 12358740
58 145 11420580
2 145 11177160
58 3 10544340
58 2 10386600
2 145 10379760
2 58 10379280
2 82 10376880
2 58 10376880
2 82 10367820
58 2 10364400
2 3 10294680
2 3 10280880
58 2 10280820
2 145 10280520
58 145 10277880
2 3 9962520
2 82 9797640
58 2 9791040
2 58 9786480
58 3 9683100
58 82 9681480
58 3 9681480
3 2 9609540
58 82 9593340
58 3 9350340
2 3 9245100
58 3 8485500
58 3 8124240
58 145 8124240
2 3 8062440
2 3 7965720
58 3 7957440
2 82 7176720
58 82 6909180
2 82 6737100
2 82 6317880
58 2 5720100
58 3 5720100
2 145 5030820
58 3 4956540
2 58 4848120
37 139 3057180
58 3 1827660
58 145 1403340
58 3 1302660
2 82 545460
58 82 0
