112 113 66877260
112 113 66875940
112 113 66858180
92 130 66836321
1 126 66828174
112 113 66822180
139 59 66815059
139 137 66815059
139 100 66815059
139 60 66815059
69 128 66814730
69 45 66814730
69 32 66814730
26 98 66811358
11 13 66805788
11 8 66805788
11 17 66805788
11 13 66805037
82 2 66804309
13 11 66802195
139 112 66788220
19 9 66761940
2 50 66751256
112 113 66745800
112 113 66745680
139 59 66744339
139 137 66744339
139 100 66744339
139 60 66744339
139 59 66741846
139 137 66741846
139 100 66741846
139 60 66741846
131 37 66739294
131 55 66739294
66 87 66738209
66 92 66738209
112 113 66733800
112 113 66732300
112 22 66729060
112 85 66729060
112 9 66729060
112 17 66729060
112 22 66726960
112 85 66726960
112 17 66726960
21 1 66726595
90 74 66725412
74 90 66725058
100 90 66713741
88 81 66685740
112 113 66679260
92 130 66662992
43 121 66659341
103 73 66658398
55 131 66654301
55 37 66654301
131 37 66653001
131 55 66653001
26 27 66651682
82 3 66650362
112 113 66646260
112 113 66643260
112 113 66642420
43 56 66642120
43 57 66642120
43 121 66642120
43 56 66641871
43 57 66641871
43 121 66641871
43 42 66640931
139 112 66640620
112 139 66639660
82 58 66639109
15 13 66638361
15 8 66638361
15 17 66638361
13 11 66637810
43 112 66634951
18 13 66634258
18 8 66634258
18 11 66634258
18 17 66634258
100 59 66632104
139 59 66577181
139 137 66577181
139 100 66577181
139 60 66577181
37 115 66575736
25 43 66571329
139 59 66567868
139 137 66567868
139 100 66567868
139 60 66567868
131 4 66565838
100 63 66565218
112 113 66563040
115 37 66561383
112 113 66557340
112 113 66554940
112 22 66554880
112 17 66554880
97 41 66548864
97 75 66548864
5 71 66545130
131 37 66545129
139 62 66544465
139 27 66544465
139 69 66544465
139 128 66544465
139 134 66544465
139 45 66544465
112 113 66534000
100 68 66496837
100 59 66496837
100 137 66496837
92 74 66488979
92 130 66488979
92 90 66488979
13 11 66482170
37 120 66479679
112 113 66470400
30 27 66470389
112 113 66469860
130 90 66469317
112 113 66463860
77 64 66459596
11 13 66457401
11 8 66457401
11 17 66457401
19 9 66419160
19 9 66418140
71 5 66381394
5 71 66321656
92 74 66219420
92 130 66219420
139 59 66211978
139 137 66211978
139 100 66211978
139 60 66211978
139 59 66207821
139 137 66207821
139 100 66207821
139 60 66207821
139 59 66207644
139 137 66207644
139 100 66207644
139 60 66207644
139 59 66206184
139 137 66206184
139 100 66206184
139 60 66206184
97 96 66202099
97 41 66202099
100 59 66201968
112 113 66181320
143 144 66177960
143 131 66105240
143 144 66094920
143 144 66094860
143 131 66093300
19 15 66070380
84 27 66056190
105 22 66055442
105 70 66055442
105 141 66055442
105 106 66055442
100 137 66046799
111 73 66046265
77 35 66030643
77 35 66030548
13 11 66026219
111 73 66019908
143 131 66015660
26 27 65973640
26 134 65973640
49 96 65968349
49 91 65968349
49 97 65968349
26 30 65966389
13 11 65965018
13 17 65965018
84 26 65964626
111 129 65959415
19 15 65959260
19 9 65959260
77 64 65957271
26 84 65954339
49 97 65945048
61 81 65943060
143 78 65939280
35 111 65938297
72 90 65936411
112 113 65926200
111 61 65883957
71 145 65880060
71 145 65875140
131 78 65858400
71 145 65844060
71 145 65839140
55 131 65787347
113 112 65763600
112 113 65761620
112 113 65758440
91 95 65624344
91 111 65624344
91 40 65624344
91 79 65624344
91 83 65624344
116 73 65616821
13 11 65611148
7 143 65609859
40 79 65605137
145 82 65603400
144 55 65602380
17 20 65599154
143 144 65599140
144 143 65598360
145 82 65597640
145 0 65597640
145 3 65597640
49 38 65597487
61 81 65595720
11 13 65595519
11 8 65595519
11 17 65595519
116 73 65591400
1 49 65590692
116 73 65589407
116 35 65589119
143 131 65569980
143 144 65569980
19 15 65556540
19 13 65556540
19 8 65556540
19 9 65556540
19 23 65556540
19 8 65550960
72 135 65548613
91 95 65541739
91 111 65541739
91 40 65541739
91 79 65541739
91 83 65541739
132 52 65533774
128 69 65531835
71 145 65525580
129 29 65520697
100 59 65520513
100 63 65520030
82 2 65518560
82 58 65518560
1 126 65517064
116 73 65510533
116 77 65510445
116 35 65510445
0 55 65507760
0 82 65507760
0 2 65507760
0 3 65507760
0 58 65507760
2 55 65507520
2 55 65505960
113 112 65504820
36 125 65500995
145 2 65500140
145 2 65498700
145 3 65498700
82 2 65494080
61 73 65490780
82 2 65490180
71 145 65489580
0 2 65489160
2 0 65488500
58 71 65486940
58 2 65486940
58 0 65486940
58 3 65486940
19 9 65470800
19 9 65470620
71 145 65456460
71 145 65456400
71 145 65455620
29 81 65455446
81 29 65455238
92 66 65452670
92 74 65452670
92 130 65452670
26 30 65450352
2 82 65449080
116 26 65448908
2 82 65448900
30 26 65448446
125 34 65431077
125 36 65431077
26 103 65428178
145 71 65428140
116 62 65423897
145 2 65423340
71 145 65420460
71 145 65420400
71 145 65419620
13 8 65418676
13 11 65418676
2 82 65417100
112 113 65416140
131 143 65415120
2 82 65413080
2 82 65412900
145 3 65412780
4 131 65409660
4 144 65409660
145 2 65409120
143 144 65403900
112 113 65403120
112 113 65403000
61 73 65402820
4 90 65397780
19 15 65371260
15 13 65369400
15 19 65369400
81 53 65365502
29 81 65364605
6 13 65364052
6 8 65364052
6 11 65364052
13 11 65362595
98 29 65358790
40 79 65357823
40 95 65356010
40 111 65356010
40 79 65356010
81 29 65348078
21 1 65346754
116 73 65339710
3 55 65339700
3 82 65339700
3 2 65339700
3 0 65339700
3 58 65339700
3 145 65339700
116 73 65339265
44 129 65338380
44 81 65338380
145 3 65338200
18 20 65334284
145 3 65331960
145 3 65331480
136 122 65329613
145 0 65328240
145 2 65327760
82 2 65327100
2 82 65326320
3 58 65326320
58 3 65325900
131 144 65325360
143 131 65322960
143 144 65322960
58 44 65321100
0 55 65317260
0 82 65317260
0 2 65317260
0 3 65317260
0 58 65317260
145 2 65316240
82 0 65316120
82 3 65316120
82 58 65316120
2 3 65315220
143 131 65314500
4 71 65308860
53 81 65302800
53 81 65284804
114 24 65283060
13 11 65280768
15 13 65279700
15 19 65279700
91 95 65279005
91 111 65279005
91 40 65279005
91 79 65279005
91 83 65279005
92 130 65275220
85 37 65272320
92 74 65271886
88 26 65268646
44 18 65266537
29 73 65265551
29 81 65265551
2 3 65263560
2 82 65263380
2 82 65263320
26 62 65262471
26 36 65262471
26 30 65262361
136 62 65262182
55 34 65258977
111 95 65258866
111 83 65258866
53 36 65254512
6 11 65252628
48 126 65251956
48 138 65251956
48 38 65251956
48 39 65251956
69 128 65250755
69 45 65250755
69 32 65250755
2 82 65247840
29 73 65247540
29 81 65247540
116 73 65246882
116 107 65246882
116 29 65246215
0 55 65245200
0 82 65245200
0 2 65245200
0 3 65245200
0 58 65245200
0 82 65243940
0 3 65243940
0 58 65243940
55 2 65243340
111 61 65242854
131 144 65242320
144 131 65240100
144 131 65240040
85 37 65236320
0 55 65236080
0 82 65236080
0 2 65236080
0 3 65236080
0 58 65236080
58 2 65234880
145 0 65233980
143 144 65231220
144 143 65230620
71 4 65201160
71 4 65165160
72 90 65113523
37 120 65041200
37 78 65039040
19 9 65037780
131 37 65034960
37 85 65033700
85 37 65024400
91 95 65024184
91 111 65024184
91 40 65024184
91 79 65024184
91 83 65024184
103 141 65019888
129 141 65019077
37 85 65015735
26 62 65014453
26 30 65014453
92 66 65013284
92 87 65013284
1 38 65009386
143 80 65008503
138 38 65005921
37 120 65005200
36 53 65004087
37 78 65003040
37 78 65002860
1 126 65000874
1 138 65000874
131 37 64998960
34 125 64998859
37 85 64997700
82 2 64994340
11 13 64989756
11 8 64989756
11 17 64989756
78 37 64989180
85 37 64988400
72 92 64983420
112 113 64981560
131 0 64981260
112 113 64980420
3 55 64979940
3 82 64979940
3 2 64979940
3 0 64979940
3 58 64979940
3 145 64979940
2 82 64979400
3 55 64978620
3 82 64978620
3 2 64978620
3 0 64978620
3 58 64978620
3 145 64978620
72 135 64978195
4 71 64976820
58 3 64969380
2 58 64968900
37 85 64959540
37 85 64942680
37 85 64942380
37 85 64941560
91 95 64935855
91 111 64935855
91 40 64935855
91 79 64935855
91 83 64935855
143 144 64934220
15 8 64925040
37 85 64923540
7 52 64920587
116 73 64920248
112 113 64919820
112 104 64919820
112 113 64919640
112 104 64918500
112 113 64918440
104 112 64917600
2 145 64916580
112 113 64915320
112 113 64915260
112 113 64914480
15 19 64912260
2 82 64909320
116 73 64907915
37 85 64906680
37 85 64906380
2 82 64905780
145 71 64905360
145 2 64905240
145 2 64905120
61 81 64902900
95 91 64901235
145 2 64898280
116 81 64898221
116 85 64898221
116 26 64898221
112 113 64896360
112 113 64890240
112 113 64890180
112 113 64888140
82 0 64885020
82 3 64885020
82 58 64885020
58 82 64883700
58 0 64883700
58 3 64883700
37 85 64868760
131 37 64861860
26 30 64855048
26 27 64854910
26 30 64854910
37 85 64852980
119 131 64852080
119 37 64852080
119 120 64852080
37 85 64850800
85 37 64847160
50 95 64846908
95 50 64846892
131 37 64846140
85 37 64844460
120 37 64844220
35 29 64842468
37 85 64841820
72 74 64840440
37 131 64839360
85 37 64835100
37 85 64835022
37 85 64832760
0 55 64826400
0 82 64826400
0 2 64826400
0 3 64826400
0 58 64826400
58 2 64826280
37 85 64823825
2 82 64823580
1 138 64823160
116 107 64821077
0 55 64820160
0 82 64820160
0 2 64820160
0 3 64820160
0 58 64820160
107 73 64817300
37 85 64816980
116 73 64816071
116 107 64816071
112 113 64815120
119 131 64812480
119 37 64812480
119 120 64812480
85 37 64811160
112 113 64810980
113 112 64810320
85 37 64808460
37 85 64805820
120 37 64804620
37 131 64803360
145 2 64801860
145 0 64800780
107 73 64799280
85 37 64799100
145 71 64797180
19 12 64777560
26 28 64770341
85 37 64767300
37 85 64765620
82 2 64765620
85 37 64765200
19 9 64762740
111 129 64758055
71 145 64757940
112 113 64756620
15 8 64754340
29 129 64753686
112 113 64752780
112 113 64752480
2 0 64744920
2 3 64744920
2 58 64744920
2 145 64744920
113 112 64744680
1 21 64743119
112 113 64742820
2 3 64740720
57 41 64740076
57 56 64740076
112 113 64739400
112 113 64739100
49 38 64738925
15 9 64738860
6 11 64738704
112 113 64736520
29 30 64736203
29 30 64736168
30 29 64736144
112 113 64733700
113 112 64733280
112 113 64733220
61 81 64733040
125 53 64732363
125 54 64732363
125 34 64732363
125 36 64732363
85 37 64731300
37 85 64729620
82 2 64729620
2 3 64729260
85 37 64729200
2 82 64729140
116 27 64728947
116 28 64728947
116 52 64728947
116 132 64728947
116 111 64728947
116 30 64728947
116 43 64728947
116 81 64728947
116 25 64728947
116 26 64728947
116 38 64728947
116 36 64728947
145 71 64728840
0 55 64727640
0 82 64727640
0 2 64727640
0 3 64727640
0 58 64727640
58 2 64726320
136 25 64724718
145 71 64723320
71 145 64721940
26 28 64721886
26 76 64721886
26 30 64721886
26 60 64721886
26 31 64721886
112 113 64720620
0 55 64719960
0 82 64719960
0 2 64719960
0 3 64719960
0 58 64719960
112 113 64718460
2 82 64717500
2 0 64717500
2 3 64717500
2 58 64717500
58 82 64713720
58 0 64713720
58 3 64713720
145 3 64712400
145 0 64710360
0 2 64709160
37 78 64638180
15 19 64424160
15 9 64424160
91 95 64414626
91 111 64414626
91 40 64414626
91 79 64414626
91 83 64414626
29 27 64407329
29 52 64407329
29 73 64407329
29 98 64407329
29 111 64407329
29 30 64407329
29 43 64407329
29 129 64407329
29 61 64407329
29 81 64407329
29 83 64407329
29 85 64407329
29 38 64407329
29 36 64407329
11 13 64402612
11 8 64402612
11 17 64402612
131 78 64397880
13 11 64393856
136 25 64385697
136 25 64384262
145 3 64380720
145 2 64368540
145 2 64366440
143 144 64358580
37 85 64345860
84 109 64343482
37 85 64327894
13 11 64323701
95 50 64321800
50 95 64320310
116 36 64318911
136 25 64316547
113 112 64309980
37 85 64309860
136 95 64308931
131 143 64308660
57 41 64308634
131 55 64307292
131 38 64307292
145 2 64306680
2 3 64306620
138 1 64303959
2 55 64303860
78 37 64301760
78 85 64301760
3 2 64300500
3 58 64300500
3 145 64300500
85 37 64297140
111 95 64291908
111 91 64291908
111 83 64291733
111 83 64291725
2 82 64289940
2 82 64289880
131 55 64289280
131 38 64289280
0 55 64285800
0 82 64285800
0 2 64285800
0 3 64285800
0 58 64285800
0 55 64285500
0 82 64285500
0 2 64285500
0 3 64285500
0 58 64285500
2 82 64282860
131 144 64280160
145 2 64279380
145 2 64279140
145 2 64278960
4 90 64277100
18 33 64252980
18 22 64252980
18 20 64252980
18 9 64252980
18 17 64252980
66 74 64250604
66 87 64250604
66 92 64250604
66 74 64239804
66 87 64239804
66 92 64239804
113 112 64232700
1 53 64227241
131 144 64225920
37 78 64225440
112 113 64224960
104 112 64223160
107 129 64220032
112 104 64217820
111 95 64217700
104 112 64216980
90 4 64213980
112 113 64213320
112 104 64213080
41 52 64212063
41 132 64212063
41 7 64212063
145 2 64209660
2 3 64208940
58 3 64208040
112 113 64202400
2 82 64202160
85 37 64200600
112 113 64182060
68 45 64166580
68 137 64166580
68 32 64166580
37 120 64162080
74 117 64159025
91 95 64157509
91 111 64157509
91 40 64157509
91 79 64157509
91 83 64157509
71 145 64154400
37 78 64148160
37 85 64148160
112 113 64146060
18 33 64144440
18 22 64144440
18 13 64144440
18 8 64144440
18 17 64144440
116 62 64139216
116 1 64139216
116 27 64139216
116 66 64139216
116 68 64139216
116 28 64139216
116 41 64139216
116 59 64139216
116 46 64139216
116 51 64139216
116 52 64139216
116 53 64139216
116 98 64139216
116 54 64139216
116 47 64139216
116 56 64139216
116 76 64139216
116 132 64139216
116 7 64139216
116 134 64139216
116 111 64139216
116 77 64139216
116 35 64139216
116 137 64139216
116 21 64139216
116 43 64139216
116 42 64139216
116 34 64139216
116 79 64139216
116 101 64139216
116 80 64139216
116 125 64139216
116 57 64139216
116 109 64139216
116 60 64139216
116 25 64139216
116 83 64139216
116 84 64139216
116 136 64139216
116 24 64139216
116 31 64139216
116 138 64139216
116 38 64139216
116 87 64139216
116 90 64139216
116 36 64139216
116 133 64139216
116 122 64139216
116 39 64139216
116 127 64139216
116 48 64139216
111 40 64138630
111 83 64138630
52 41 64135724
52 115 64135724
52 132 64135724
52 7 64135724
95 91 64134250
91 95 64133579
91 111 64133579
91 40 64133579
95 91 64133365
91 95 64133255
91 111 64133255
91 40 64133255
4 71 64132500
0 82 64130760
0 2 64130760
0 3 64130760
0 58 64130760
68 45 64130580
68 137 64130580
68 32 64130580
37 85 64130183
145 71 64130040
36 52 64129897
90 4 64126500
1 53 64126246
1 21 64126246
37 120 64126080
90 4 64125120
4 90 64123920
97 75 64123526
81 73 64122360
81 29 64122360
112 113 64121220
112 113 64120500
43 25 64119404
125 36 64119054
71 145 64118400
112 113 64114500
143 131 64114140
143 131 64113960
0 2 64113840
0 145 64113840
131 143 64113120
37 78 64112160
37 85 64112160
145 3 64110840
145 71 64110240
18 33 64108440
18 22 64108440
18 13 64108440
18 8 64108440
145 2 64108440
18 17 64108440
145 2 64107300
85 37 64104360
85 37 64099860
37 85 64085700
71 58 64084800
131 4 64073940
37 85 64070400
88 29 64069915
37 85 64067759
0 2 64067220
37 131 64064400
37 78 64064160
37 85 64064160
1 21 64063343
1 39 64063343
116 77 64062468
112 113 64060500
112 113 64057140
143 78 64053780
145 2 64053240
145 2 64053180
145 2 64052880
116 85 64052557
28 59 64052220
58 82 64049940
37 85 64049700
71 58 64048800
37 85 64046187
2 0 64045920
121 56 64045073
83 79 64045049
143 131 64043580
94 105 64039452
97 75 64038934
4 131 64038180
131 4 64037940
85 37 64036980
112 113 64036800
112 113 64036440
37 85 64034400
111 83 64033769
143 131 64031460
0 2 64031220
0 55 64030140
0 2 64030140
0 3 64030140
0 58 64030140
0 145 64030140
0 55 64029600
0 2 64029600
0 3 64029600
0 58 64029600
0 145 64029600
37 131 64028400
37 78 64028160
37 85 64028160
131 37 64026840
85 37 64025760
112 113 64025400
0 55 64025340
0 2 64025340
0 3 64025340
0 58 64025340
0 145 64025340
112 17 64024800
131 143 64023780
4 90 64023180
86 135 63860943
131 55 63805932
37 131 63798660
131 119 63794280
112 113 63793620
138 38 63793481
112 113 63792540
112 85 63791854
112 24 63791854
112 9 63791854
112 17 63791854
112 113 63789900
21 1 63788835
131 55 63787920
57 41 63787025
143 131 63786720
115 52 63785576
7 41 63784127
58 82 63782940
3 55 63781320
3 2 63781320
3 0 63781320
3 58 63781320
3 145 63781320
3 55 63779820
3 2 63779820
3 0 63779820
3 58 63779820
3 145 63779820
125 36 63777581
4 90 63776820
55 2 63776700
112 85 63773820
112 113 63773820
112 24 63773820
112 9 63773820
112 17 63773820
143 144 63770760
131 143 63770460
112 113 63769380
37 131 63762660
37 120 63725580
37 120 63724680
37 85 63721080
113 98 63720463
37 85 63720000
7 41 63719801
1 126 63717900
18 17 63715860
57 122 63714383
113 73 63707160
113 105 63707160
113 141 63707160
113 106 63707160
113 81 63707160
113 107 63707160
113 18 63707160
37 85 63703103
113 98 63702420
37 85 63702004
22 71 63701700
22 105 63701700
58 82 63701700
22 145 63701700
2 3 63696240
125 36 63692990
2 3 63689880
37 120 63689580
113 73 63689214
113 141 63689214
113 106 63689214
113 81 63689214
113 107 63689214
113 18 63689214
37 120 63688680
3 55 63688440
3 2 63688440
3 0 63688440
3 58 63688440
3 145 63688440
58 2 63687480
58 0 63687480
58 3 63687480
37 85 63685080
37 85 63684000
1 126 63681900
143 78 63678060
2 3 63676080
61 81 63672720
37 85 63655920
62 85 63643500
145 71 63643260
145 71 63642720
37 120 63640320
13 8 63639714
13 11 63639714
13 8 63638827
13 11 63638827
13 17 63638827
62 85 63635880
116 81 63631935
2 0 63628020
2 3 63628020
2 58 63628020
2 145 63628020
71 145 63624000
3 2 63622620
3 0 63622620
3 58 63622620
3 145 63622620
37 85 63619920
58 82 63616020
58 82 63611700
37 78 63609720
53 97 63609259
2 55 63608700
145 71 63607260
145 71 63606720
37 120 63604320
112 113 63600240
68 45 63596460
68 137 63596460
68 32 63596460
68 45 63594240
68 137 63594240
68 32 63594240
2 0 63592020
2 3 63592020
2 58 63592020
2 145 63592020
4 71 63591240
0 55 63591240
0 2 63591240
0 3 63591240
0 58 63591240
0 145 63591240
76 134 63590700
76 62 63590580
76 60 63590580
119 131 63588840
119 37 63588840
71 145 63588000
119 131 63587160
119 37 63587160
37 85 63575580
71 110 63563760
71 110 63559920
95 91 63556620
79 40 63549420
95 91 63549180
18 33 63547500
18 22 63547500
18 20 63547500
18 9 63547500
18 17 63547500
112 104 63543300
17 6 63539735
17 13 63539735
17 8 63539735
17 11 63539735
37 85 63539580
112 113 63539580
62 60 63538800
95 91 63538668
78 37 63536100
37 78 63536040
78 37 63534060
95 91 63531194
58 82 63529860
71 110 63527760
2 0 63526680
78 111 63526020
71 110 63523920
2 55 63523860
3 2 63523500
58 82 63523200
2 55 63522600
58 2 63522540
37 78 63522300
37 85 63522300
145 2 63521640
145 58 63521640
112 113 63514680
79 40 63513420
37 120 63512340
145 71 63511740
37 71 63510720
4 71 63509520
90 4 63508800
112 113 63508740
112 13 63508500
112 17 63508500
78 37 63508140
37 78 63508020
131 55 63505080
131 37 63503460
131 119 63503460
4 144 63501000
4 144 63500760
18 20 63469080
57 25 63468540
136 139 63466200
62 60 63463680
107 73 63461091
112 113 63458580
112 113 63457140
112 85 63453660
112 113 63453660
112 9 63453660
112 17 63453660
37 120 63450900
37 120 63450780
112 113 63449580
62 136 63448560
136 62 63448080
37 78 63447180
73 107 63446280
131 119 63445920
61 81 63445440
131 37 63444720
131 119 63441240
3 145 63438300
112 113 63438240
78 37 63438000
85 37 63436809
58 82 63435060
57 25 63432540
116 29 63432300
4 71 63428580
145 71 63428220
112 113 63427260
78 37 63426480
78 85 63426480
131 143 63425820
143 131 63423000
131 143 63422940
2 58 63422940
131 119 63421140
37 78 63420480
37 85 63420480
78 37 63419760
78 85 63419760
85 37 63418800
85 78 63418800
113 112 63285360
145 2 63252060
131 4 63221820
62 31 63204420
62 42 63204240
62 31 63204240
111 79 63203160
111 83 63203160
57 41 63202980
57 41 63201660
79 83 63199920
57 41 63199500
112 106 63198300
121 50 63194220
50 121 63193546
121 50 63193492
29 81 63192900
121 50 63192807
112 113 63190380
1 49 63188640
78 37 63187020
37 78 63186180
131 4 63185820
78 37 63185340
78 37 63184920
131 143 63184440
131 120 63183000
131 119 63183000
36 38 63180938
112 113 63177420
0 58 63174900
4 71 63174360
58 82 63174180
58 2 63174180
58 0 63174180
58 3 63174180
37 131 63172020
62 31 63168420
62 42 63168240
62 31 63168240
58 2 63167580
111 79 63167160
111 83 63167160
57 41 63166980
57 41 63165660
119 37 63163980
119 120 63163980
79 83 63163920
57 41 63163500
55 111 63163380
55 38 63163380
112 113 63163200
58 95 63160800
58 111 63160800
120 37 63159960
1 49 63152640
146 48 63135420
1 49 63129780
111 83 63125640
111 83 63125340
126 1 63121980
49 38 63117660
132 52 63115636
1 53 63114600
1 138 63114600
18 33 63113040
18 6 63113040
18 20 63113040
8 6 63111009
95 91 63104220
111 95 63103860
11 6 63103074
58 82 63102120
37 120 63101340
37 85 63101340
112 113 63101340
112 113 63100260
146 48 63099420
37 120 63096120
1 49 63093780
58 82 63093720
111 83 63089640
131 144 63088560
11 6 63087946
11 13 63087946
11 8 63087946
11 17 63087946
112 113 63087780
126 1 63085980
112 113 63084060
112 113 63082380
49 38 63081660
112 113 63080160
0 55 63079800
0 2 63079800
0 3 63079800
0 58 63079800
0 145 63079800
1 53 63078600
1 138 63078600
131 144 63077940
145 2 63070380
113 112 63070260
95 91 63068220
111 95 63067860
1 21 63041880
111 78 63039720
111 78 63039540
138 95 63038220
38 138 63033420
131 143 63031548
62 60 63027540
41 115 63019235
111 78 63017700
1 21 63016620
58 82 63014640
131 143 63013500
131 55 63013500
131 78 63013500
132 52 63012647
112 113 63011160
71 145 63006300
1 21 63005880
131 144 63004740
58 95 63004440
131 37 63004440
58 111 63004440
131 37 63004320
111 78 63003720
111 78 63003540
143 144 63003000
71 145 63000960
38 138 62997420
37 85 62991840
37 85 62987100
37 85 62986200
111 78 62981700
1 21 62980620
111 78 62962800
111 78 62961660
111 78 62953080
111 78 62951760
111 78 62951160
111 78 62950980
38 49 62949420
49 38 62949180
111 78 62948340
57 25 62945340
116 73 62936380
57 51 62935860
112 113 62933040
37 85 62932200
85 37 62931480
112 113 62931000
111 78 62926800
111 78 62925660
58 82 62925000
112 113 62922600
45 68 62921700
111 78 62917080
111 78 62915760
111 78 62915160
111 78 62914980
38 49 62913420
4 71 62913360
49 38 62913180
55 2 62912520
111 78 62912340
57 25 62909340
4 71 62907180
58 2 62905500
58 0 62905500
58 3 62905500
37 85 62905200
57 51 62899860
85 37 62898960
4 71 62898000
145 71 62897820
71 145 62895180
45 68 62885700
57 56 62875260
18 33 62872500
18 22 62872500
18 20 62872500
18 9 62872500
18 17 62872500
1 38 62867220
115 41 62856973
136 139 62856900
81 71 62856780
81 73 62856780
81 4 62856780
81 32 62856780
121 42 62849137
112 113 62846280
121 42 62841588
121 42 62839391
57 56 62839260
58 82 62839260
1 38 62831220
13 11 62827334
116 27 62824776
116 28 62824776
116 52 62824776
116 98 62824776
116 111 62824776
116 77 62824776
116 35 62824776
116 84 62824776
116 85 62824776
116 38 62824776
116 36 62824776
61 81 62819700
58 82 62819580
58 95 62819460
58 111 62819460
58 82 62818020
68 45 62816220
68 137 62816220
68 32 62816220
112 113 62812500
145 2 62812200
112 113 62811480
143 144 62811360
57 41 62608740
57 139 62608740
57 41 62608020
57 139 62608020
57 41 62606580
57 139 62606580
57 41 62601720
57 139 62601720
112 113 62598000
136 25 62595300
111 78 62593140
111 40 62590740
111 83 62590740
111 78 62590260
136 139 62589180
112 113 62581440
74 92 62580612
112 113 62579340
112 113 62578800
11 6 62573010
11 8 62573010
11 17 62573010
57 41 62572740
57 139 62572740
57 41 62572020
57 139 62572020
57 41 62570580
57 139 62570580
57 41 62565720
57 139 62565720
78 143 62558760
78 85 62558760
111 78 62557140
112 113 62554800
111 40 62554740
111 83 62554740
91 95 62554560
91 40 62554560
111 78 62554260
87 66 62530800
25 56 62511780
9 81 62506920
120 56 62503980
120 25 62503980
120 85 62503980
25 78 62498940
25 78 62498640
25 85 62498640
141 120 62487540
141 107 62487540
78 143 62465160
9 81 62446620
25 51 62432040
25 142 62432040
25 42 62432040
25 136 62432040
113 73 62430720
113 81 62430720
1 126 62429520
1 21 62429520
57 56 62426160
116 27 62424560
116 28 62424560
116 52 62424560
116 132 62424560
116 111 62424560
116 81 62424560
116 25 62424560
116 38 62424560
116 36 62424560
116 27 62424128
116 28 62424128
116 52 62424128
116 98 62424128
116 111 62424128
116 77 62424128
116 35 62424128
116 81 62424128
116 84 62424128
116 85 62424128
116 88 62424128
116 38 62424128
116 36 62424128
116 27 62422995
116 28 62422995
116 52 62422995
116 98 62422995
116 111 62422995
116 77 62422995
116 35 62422995
116 81 62422995
116 84 62422995
116 85 62422995
116 38 62422995
116 36 62422995
1 126 62421960
1 21 62421960
136 25 62409600
117 63 62404440
55 143 62400420
55 131 62400420
61 113 62396220
1 126 62393520
1 21 62393520
37 85 62391600
57 56 62390160
85 37 62389140
37 85 62387220
1 126 62385960
1 21 62385960
71 145 62383920
136 25 62352060
18 9 62349180
136 139 62347740
25 136 62340120
92 74 62334840
92 74 62334720
92 130 62334720
92 74 62334480
112 113 62332140
104 112 62329080
104 113 62329080
121 42 62328680
111 40 62325840
111 83 62325840
112 113 62324580
112 104 62324340
18 33 62324280
104 112 62324280
104 113 62324280
116 77 62324162
136 139 62324040
0 58 62322660
58 82 62322540
58 2 62322540
58 0 62322540
58 3 62322540
58 145 62322540
120 25 62321520
120 85 62321520
58 82 62321160
85 37 62318760
139 112 62315940
92 117 62313480
47 110 62313180
18 9 62313180
92 117 62311500
92 117 62311080
90 4 62309040
120 51 62307240
120 56 62307240
120 25 62307240
120 85 62307240
120 147 62307240
4 90 62306400
145 2 62305680
37 131 62305380
4 90 62304300
145 2 62303100
4 90 62302980
4 90 62302860
90 4 62302620
4 90 62301960
2 0 62300100
2 3 62300100
2 58 62300100
2 145 62300100
131 143 62296500
143 120 62294940
143 147 62294940
0 55 62291700
0 2 62291700
0 3 62291700
0 58 62291700
0 145 62291700
111 40 62289840
111 83 62289840
18 33 62288280
74 130 62284620
74 92 62284620
104 113 62282700
136 42 62267340
136 109 62267340
81 27 62266560
81 28 62266560
81 111 62266560
81 35 62266560
81 85 62266560
81 38 62266560
106 141 62260320
22 6 62255500
22 8 62255500
22 11 62255500
22 9 62255500
22 17 62255500
22 139 62255500
105 94 62251457
81 27 62248602
81 28 62248602
81 52 62248602
81 111 62248602
81 35 62248602
81 85 62248602
81 38 62248602
81 36 62248602
121 42 62248043
111 83 62244240
1 49 62243640
112 104 62243160
116 29 62241793
4 90 62240940
2 145 62240760
116 81 62239665
116 73 62239446
116 29 62239446
116 81 62239446
116 18 62239085
72 74 62238660
72 102 62238660
104 112 62237820
104 113 62237820
78 25 62237220
61 81 62236380
3 55 62236080
3 2 62236080
3 0 62236080
3 58 62236080
3 145 62236080
58 82 62235180
144 131 62234280
85 37 62233080
112 104 62232960
73 81 62228460
121 25 62227666
143 144 62225940
104 141 62224320
3 2 62223180
120 37 62222220
37 131 62212860
143 120 62211780
143 147 62211780
71 145 62208840
111 83 62208240
1 49 62207640
72 74 62188260
72 102 62188260
72 135 62159580
71 145 62127780
112 104 62047860
92 74 62024220
92 130 62024220
74 130 62017560
74 92 62017560
1 138 62015820
1 126 62004060
113 81 61998120
57 56 61996320
57 41 61992300
138 1 61990800
138 79 61990800
138 38 61990800
57 41 61989720
104 112 61984680
104 113 61984680
136 121 61984346
104 112 61983900
104 113 61983900
20 17 61982621
20 23 61982621
112 113 61980600
1 138 61979820
112 113 61978680
112 113 61978440
113 73 61976280
113 81 61976280
58 71 61974660
58 144 61974660
92 74 61973820
92 130 61973820
112 113 61972680
4 90 61972380
104 112 61972080
104 113 61972080
131 143 61970160
131 144 61970160
4 90 61969620
0 55 61968600
0 2 61968600
0 3 61968600
0 58 61968600
0 145 61968600
1 126 61968060
113 112 61967940
112 113 61967820
11 6 61966432
11 8 61966432
11 17 61966432
120 37 61964100
120 37 61963920
112 113 61962780
122 78 61962480
122 78 61962420
113 81 61962120
57 56 61960320
58 82 61957380
57 41 61956300
112 113 61956240
143 144 61955100
138 1 61954800
138 79 61954800
138 38 61954800
57 41 61953720
41 57 61953180
9 18 61951860
143 144 61950600
112 113 61950240
112 113 61950060
4 71 61947780
4 90 61947000
18 20 61942920
113 112 61942260
90 4 61942260
4 90 61939500
111 78 61927500
105 22 61909797
25 109 61907760
25 24 61907760
25 142 61907580
25 56 61907580
25 57 61907580
25 147 61907580
25 139 61907580
25 122 61907580
25 51 61907100
139 11 61905233
139 22 61902859
139 6 61902859
139 11 61902859
139 17 61902859
4 90 61894560
112 113 61892280
112 113 61892100
22 11 61891607
22 17 61891607
111 78 61891500
112 113 61891500
58 82 61891080
18 9 61889160
112 104 61888920
116 113 61887591
4 90 61887120
112 139 61887060
4 90 61886820
139 22 61885425
139 6 61885425
139 8 61885425
139 11 61885425
139 17 61885425
113 112 61883520
90 4 61882500
116 73 61879493
145 2 61879260
145 0 61879260
145 3 61879260
112 113 61875720
112 113 61872000
117 66 61871700
117 74 61871700
117 109 61871700
117 84 61871700
117 24 61871700
117 87 61871700
120 37 61870260
120 85 61870260
131 144 61869900
112 113 61867920
112 113 61867080
113 112 61866480
2 145 61862760
2 145 61861080
117 102 61856820
92 130 61845480
40 95 61834740
40 111 61834740
40 79 61834740
40 83 61834740
4 71 61828500
116 111 61824118
116 85 61824118
116 111 61821938
139 6 61813974
139 8 61813974
139 11 61813974
139 17 61813974
139 22 61811610
139 6 61811610
139 8 61811610
139 11 61811610
139 17 61811610
107 73 61810873
3 2 61809300
4 71 61808100
112 113 61808100
4 144 61808100
1 21 61807860
3 2 61807080
2 0 61805400
94 71 61803720
117 63 61803060
58 82 61802940
0 2 61802880
112 113 61802460
112 104 61802460
2 0 61800660
58 29 61800300
145 2 61799940
40 95 61798740
40 111 61798740
40 79 61798740
40 83 61798740
92 117 61797000
104 112 61796520
92 130 61795080
2 0 61792320
2 3 61792140
2 3 61792080
145 2 61791480
2 0 61790940
112 113 61790100
143 144 61789500
145 2 61787160
0 55 61785840
0 2 61785840
0 3 61785840
0 58 61785840
0 145 61785840
2 3 61784040
112 113 61782480
2 145 61781820
37 120 61781460
144 55 61778580
112 113 61777260
25 109 61774200
25 24 61774200
1 21 61771860
0 2 61771680
0 3 61771680
0 58 61771680
0 145 61771680
105 22 61735832
1 138 61735500
40 95 61731780
40 79 61731780
40 83 61731780
131 55 61727039
57 41 61726800
57 56 61726800
57 139 61726800
57 122 61726800
112 113 61723800
88 29 61721797
37 120 61721640
37 85 61721640
37 120 61718640
37 85 61718640
58 82 61718400
34 80 61715622
112 113 61715220
122 51 61711440
122 142 61711440
122 56 61711440
122 42 61711440
122 57 61711440
122 25 61711440
122 136 61711440
122 147 61711440
122 139 61711440
139 112 61710360
143 144 61709820
37 131 61709700
131 55 61708980
112 139 61707540
112 113 61707300
37 120 61707120
139 112 61705560
116 73 61700214
116 81 61700214
1 138 61699500
2 131 61696800
131 143 61695900
131 144 61695900
0 2 61692960
37 55 61692360
2 0 61691640
57 41 61690800
57 56 61690800
57 139 61690800
57 122 61690800
145 2 61687020
145 0 61687020
145 3 61687020
145 58 61687020
2 0 61686660
2 145 61686120
88 81 61660860
116 85 61660580
38 1 61655040
38 47 61655040
38 126 61655040
38 21 61655040
38 146 61655040
38 138 61655040
38 39 61655040
38 48 61655040
116 85 61652033
111 40 61651560
111 83 61651560
38 1 61650660
38 47 61650660
38 126 61650660
38 21 61650660
38 146 61650660
38 138 61650660
38 39 61650660
38 48 61650660
121 136 61648820
107 88 61648113
78 2 61635060
78 2 61635000
88 107 61634460
58 82 61633740
4 90 61632840
58 82 61632060
18 20 61629600
0 55 61629540
0 2 61629540
0 3 61629540
0 58 61629540
0 145 61629540
58 82 61626660
58 2 61626660
58 0 61626660
58 3 61626660
58 145 61626660
112 113 61625580
88 81 61624860
112 113 61624620
58 0 61621380
58 3 61621380
37 85 61619940
38 1 61619040
38 47 61619040
38 126 61619040
38 21 61619040
38 146 61619040
38 138 61619040
38 39 61619040
38 48 61619040
145 2 61617600
145 0 61617600
145 3 61617600
145 58 61617600
145 2 61617300
145 0 61617300
145 3 61617300
145 58 61617300
58 55 61617180
116 73 61617088
116 111 61617088
116 129 61617088
116 81 61617088
116 36 61617088
111 40 61615560
111 83 61615560
38 1 61614660
38 47 61614660
38 126 61614660
38 21 61614660
38 146 61614660
38 138 61614660
38 39 61614660
38 48 61614660
0 2 61614480
145 82 61614240
145 0 61614240
145 3 61614240
145 58 61614240
58 2 61614060
4 90 61613940
145 2 61613820
131 55 61612740
37 85 61607880
112 22 61607820
112 17 61607820
61 73 61607760
112 113 61606260
58 55 61603860
18 20 61599060
78 2 61599060
78 2 61599000
116 85 61574096
116 73 61573623
112 113 61447860
85 37 61432560
78 2 61403640
98 81 61397400
143 78 61396560
11 6 61395194
11 17 61395194
11 139 61395194
11 23 61395194
88 81 61393620
141 20 61391220
20 18 61389996
20 23 61389996
20 23 61385793
57 41 61385520
18 141 61377780
112 113 61373820
11 6 61372904
11 8 61372904
11 17 61372904
131 55 61372500
3 55 61371660
3 2 61371660
3 0 61371660
3 58 61371660
3 145 61371660
117 63 61371360
20 141 61370700
2 78 61369740
2 55 61369560
2 78 61369560
2 145 61368480
78 2 61367640
58 82 61367580
112 113 61365180
3 2 61363020
143 78 61360560
88 81 61357620
112 113 61355340
2 55 61354680
0 2 61354500
112 113 61354320
2 0 61353480
113 112 61351920
57 41 61349520
112 113 61348740
145 2 61341840
143 144 61341540
145 2 61341420
143 144 61341120
87 109 61334580
87 84 61334580
87 24 61334580
141 33 61321860
141 73 61321860
141 81 61321860
141 107 61321860
141 20 61321860
1 21 61318020
1 38 61318020
78 143 61302720
111 40 61300860
111 83 61300860
78 143 61299900
131 55 61291413
1 21 61289820
1 38 61289820
112 113 61286820
2 145 61283400
145 58 61282560
105 22 61282320
1 21 61282020
1 38 61282020
37 120 61281480
145 2 61281480
148 113 61281360
0 55 61279920
0 2 61279920
0 3 61279920
0 58 61279920
0 145 61279920
58 82 61278360
112 113 61278120
0 2 61275000
2 0 61273860
131 55 61273380
116 81 61273268
37 85 61271940
2 0 61271640
112 113 61269180
112 104 61269180
112 113 61268520
112 22 61268460
112 113 61268460
112 9 61268460
112 17 61268460
111 40 61264860
111 83 61264860
0 2 61264620
37 85 61256100
58 0 61255740
58 82 61254960
1 21 61253820
1 38 61253820
18 17 61251240
88 81 61231500
139 136 61230660
25 136 61218540
8 6 61215812
8 11 61215812
8 17 61215812
8 15 61215484
8 6 61215484
8 17 61215484
8 139 61215484
78 55 61212360
131 143 61210080
131 78 61210080
78 143 61209060
78 131 61209060
91 49 61197000
85 37 61195560
88 81 61195500
23 6 61193334
23 8 61193334
23 11 61193334
23 20 61193334
23 17 61193334
131 143 61193220
112 113 61189920
143 131 61187640
143 55 61187640
131 55 61187160
145 71 61186200
0 55 61176540
0 2 61176540
0 3 61176540
0 58 61176540
0 145 61176540
145 2 61175700
145 0 61175700
145 3 61175700
145 58 61175700
145 2 61175400
2 3 61174800
145 2 61174260
131 143 61174080
131 78 61174080
131 143 61173720
131 78 61173720
87 24 61167300
3 55 61167000
3 2 61167000
3 0 61167000
3 58 61167000
3 145 61167000
72 86 61164300
139 122 61138380
57 121 61137060
81 53 61136580
81 53 61129140
6 22 61128899
6 11 61128899
72 65 61125600
116 35 61121159
58 82 61112760
112 113 61112640
145 2 61111620
145 2 61111140
37 131 61108020
143 78 61107180
2 58 61106760
116 62 61105436
120 37 61103760
71 145 61103340
57 121 61101060
143 144 61101060
122 56 61100580
122 42 61100580
122 57 61100580
122 25 61100580
143 144 61100580
122 139 61100580
58 2 61100040
58 145 61100040
112 113 61097940
145 71 61092360
143 144 61089720
117 63 61089660
0 55 61088100
0 2 61088100
0 3 61088100
0 58 61088100
0 145 61088100
145 2 61082760
18 32 61077420
92 74 61069500
37 120 61066680
37 85 61066680
55 143 61066500
55 131 61066500
55 78 61066500
37 85 61062960
37 85 61049520
40 95 61039440
40 83 61039440
37 85 61036680
37 85 61036440
37 85 61035900
57 139 61035120
37 120 61030680
37 85 61030680
55 143 61030500
55 131 61030500
55 78 61030500
37 85 61026960
58 82 61026300
143 131 61025880
58 82 61024440
112 113 61023840
2 145 61022880
2 145 61019160
145 2 61018560
145 0 61018560
145 3 61018560
145 58 61018560
2 145 61018080
113 112 61017480
71 145 61016880
145 2 61015800
145 0 61015800
145 3 61015800
145 58 61015800
131 145 61015080
17 6 61014499
17 11 61014499
37 85 61013520
2 0 61011000
145 2 61010040
145 0 61010040
145 3 61010040
145 58 61010040
145 2 61008540
85 37 61006260
85 37 61005480
112 6 61004760
112 11 61004760
112 17 61004760
112 139 61004760
18 33 61004700
18 20 61004700
18 17 61004700
40 95 61003440
40 83 61003440
144 2 61002720
2 0 61001820
2 3 61001820
2 58 61001820
2 145 61001820
2 145 61001640
37 85 61000680
37 85 61000440
85 37 61000320
37 85 60999900
145 58 60999180
57 139 60999120
85 37 60998400
3 55 60997740
3 2 60997740
3 0 60997740
3 58 60997740
3 145 60997740
57 56 60997620
120 37 60997440
116 113 60943401
92 130 60799800
113 112 60766020
145 2 60761700
145 0 60761700
145 3 60761700
145 58 60761700
139 33 60759180
139 15 60759180
139 22 60759180
139 8 60759180
139 19 60759180
139 11 60759180
139 9 60759180
139 17 60759180
117 90 60759120
139 6 60759111
139 11 60759111
139 17 60759111
117 90 60759000
2 85 60758340
11 6 60756496
11 8 60756496
11 17 60756496
0 55 60753540
0 2 60753540
0 3 60753540
0 58 60753540
0 145 60753540
92 130 60749400
58 82 60748320
37 85 60748260
2 0 60743640
112 113 60741240
87 109 60737100
87 84 60737100
87 24 60737100
143 78 60729300
37 85 60719280
37 85 60718560
143 85 60709260
92 63 60706320
92 66 60706320
92 130 60706320
92 114 60706320
37 85 60697800
139 136 60691980
37 85 60683280
37 85 60682560
58 82 60681600
85 37 60678540
85 37 60677460
57 41 60674340
143 85 60673260
37 85 60672960
20 23 60671356
139 22 60671109
139 6 60671109
139 11 60671109
139 17 60671109
113 112 60667380
111 95 60665640
37 85 60661800
112 113 60661680
57 41 60656760
143 131 60656460
143 144 60655860
57 41 60655800
57 147 60654240
2 3 60649200
2 3 60649140
57 25 60644400
57 25 60644340
88 29 60633900
88 81 60607080
88 81 60605400
58 82 60599760
88 29 60597900
112 113 60597720
112 113 60596160
3 55 60587040
3 2 60587040
3 0 60587040
3 58 60587040
3 145 60587040
111 78 60585600
58 82 60582900
145 2 60582660
145 0 60582660
145 3 60582660
145 58 60582660
2 0 60582120
2 3 60582120
145 2 60581640
145 0 60581640
145 3 60581640
145 58 60581640
116 73 60577931
112 139 60576720
112 113 60574920
144 143 60574500
144 2 60573720
131 143 60573000
143 78 60572700
112 113 60571560
88 81 60571080
111 78 60570960
2 0 60570960
2 3 60570960
2 58 60570960
2 145 60570960
37 85 60569580
88 81 60569400
111 83 60562140
74 130 60551460
37 85 60540720
112 113 60521880
37 85 60514620
112 113 60508860
6 8 60508832
6 11 60508832
58 82 60508620
4 90 60506880
4 90 60505740
37 85 60504720
131 144 60502980
131 37 60502920
116 81 60502049
17 6 60499728
17 8 60499728
17 11 60499728
17 139 60499728
112 113 60499620
113 112 60499200
112 139 60497700
112 139 60496800
112 139 60496140
131 144 60495540
131 144 60494820
57 41 60493020
57 56 60493020
112 113 60490020
3 55 60488460
3 2 60488460
3 0 60488460
3 58 60488460
3 145 60488460
79 40 60487920
131 144 60486180
37 131 60485220
85 37 60484740
131 37 60484620
143 144 60482400
37 85 60482100
144 48 60480480
37 85 60480120
4 90 60477000
85 37 60474000
111 40 60472980
111 83 60472980
111 95 60472800
52 41 60452287
52 115 60452287
52 132 60452287
37 85 60451200
139 6 60438983
139 8 60438983
139 11 60438983
132 41 60437220
81 53 60430620
132 78 60430140
4 90 60428100
112 113 60427980
20 23 60427708
53 81 60427380
112 113 60427260
91 40 60426780
91 83 60426780
37 85 60425100
2 145 60424560
112 113 60421080
71 145 60417840
37 85 60417720
85 37 60416520
58 82 60415980
57 41 60415440
41 57 60415260
37 85 60415200
112 113 60414480
58 2 60414000
58 0 60414000
58 3 60414000
58 145 60414000
112 113 60413460
37 85 60412560
143 144 60407520
112 139 60407160
85 37 60402540
41 57 60401640
71 145 60400620
71 145 60400440
112 113 60399840
37 85 60397920
112 113 60397740
112 113 60396660
112 113 60396540
81 53 60394620
58 0 60393720
58 95 60393480
58 111 60393480
2 0 60390000
2 3 60390000
81 53 60377400
6 8 60367144
6 11 60367144
6 9 60367144
111 78 60353280
81 53 60341400
71 145 60336060
116 77 60275649
112 113 60265860
112 113 60265380
131 78 60186720
92 66 60171780
92 74 60171780
131 55 60163740
112 113 60163140
0 58 60161640
105 14 60161485
6 8 60158435
6 11 60158435
41 132 60155460
11 6 60153336
11 8 60153336
11 17 60153336
1 21 60151800
1 21 60151440
131 143 60151200
131 55 60151200
112 113 60151200
1 21 60151140
143 131 60150900
131 78 60150900
112 113 60150180
112 107 60150180
112 113 60149100
111 40 60147000
111 83 60147000
143 78 60146880
112 113 60143640
112 113 60143520
112 113 60143040
112 113 60142800
113 112 60141900
112 113 60141720
112 139 60141000
0 2 60140040
131 55 60138540
112 139 60138180
37 120 60136860
37 119 60136860
139 112 60133740
55 143 60131760
55 131 60131760
55 78 60131760
143 144 60131580
25 42 60130080
25 81 60130080
95 53 60109080
25 42 60094080
25 81 60094080
78 2 60081060
78 143 60080040
78 2 60078660
2 145 60078120
2 55 60077940
2 0 60077280
112 113 60075060
0 2 60075060
0 3 60075060
0 58 60075060
0 145 60075060
144 2 60074880
145 2 60073380
145 0 60073380
145 3 60073380
145 58 60073380
105 141 60072898
105 106 60072898
4 90 60072420
47 110 60071340
47 110 60071160
4 90 60071160
139 6 60070503
139 11 60070503
112 113 60067080
3 55 60066000
3 2 60066000
3 0 60066000
3 58 60066000
3 145 60066000
0 2 60065940
57 56 60065220
112 113 60064440
112 113 60059340
112 113 60058740
112 113 60053640
143 144 60050100
145 2 60049920
2 78 60048360
0 2 60047400
2 0 60046200
78 2 60045060
78 143 60044040
111 61 60040980
88 81 60032460
143 78 60030240
87 66 60025860
87 66 60022560
87 66 60022140
112 113 60010560
112 113 60010380
112 113 60009960
92 74 60004320
92 130 60004320
88 81 59996460
2 0 59995980
143 78 59993940
2 145 59992020
0 2 59991120
112 113 59990040
2 0 59989020
0 2 59988300
0 2 59984580
83 40 59982780
37 120 59981760
37 119 59981760
143 131 59981580
18 20 59981280
112 113 59981100
112 113 59975580
55 143 59975400
55 131 59975400
55 143 59974920
55 131 59974920
113 112 59974800
112 113 59973360
112 113 59971440
66 117 59970720
112 113 59970360
111 95 59969220
113 112 59968920
112 113 59967540
1 138 59967480
131 143 59961660
0 2 59961300
111 83 59958240
113 112 59954760
57 41 59953080
57 91 59953080
57 142 59953080
57 75 59953080
57 122 59953080
57 25 59952780
94 53 59946420
132 78 59922960
88 141 59914860
38 122 59906100
144 2 59903940
144 2 59903820
2 0 59902560
22 6 59902320
22 17 59902320
116 81 59899334
143 144 59897700
47 110 59896020
47 110 59895360
37 120 59894220
37 119 59894220
116 77 59893622
131 143 59892540
131 55 59892540
119 37 59892180
119 120 59892180
0 2 59890320
0 145 59890320
111 78 59886000
131 143 59884140
131 144 59884140
88 141 59878860
58 82 59878500
58 0 59878500
58 0 59877480
143 78 59877300
2 145 59873400
2 145 59872020
111 78 59870940
143 78 59870520
57 25 59870040
57 25 59869980
55 78 59844360
55 85 59844360
139 56 59833980
139 119 59833980
131 78 59830860
73 81 59829420
55 143 59823000
55 131 59823000
112 113 59822940
112 148 59821140
78 143 59817960
78 85 59817960
112 113 59816460
2 0 59816460
58 82 59815920
38 126 59812200
38 146 59812140
38 48 59812140
55 143 59811840
55 131 59811840
131 37 59810220
55 78 59808360
55 85 59808360
116 77 59808317
143 144 59806440
71 94 59797500
22 139 59796060
131 78 59794860
143 78 59794080
71 94 59793780
61 81 59793420
71 4 59792340
2 0 59789040
58 82 59787780
116 77 59761653
139 9 59757420
131 78 59589720
88 81 59587620
88 81 59580660
131 78 59569980
78 143 59568660
116 73 59566491
116 81 59566491
6 15 59566354
6 8 59566354
6 19 59566354
6 11 59566354
6 139 59566354
112 113 59559600
112 113 59559360
112 113 59559300
112 113 59559180
9 22 59553840
9 13 59553840
9 19 59553840
9 149 59553840
9 113 59553840
9 20 59553840
9 18 59553840
9 17 59553840
9 139 59553840
9 12 59553840
11 6 59553837
11 8 59553837
11 17 59553837
92 130 59553420
94 71 59551980
131 78 59550120
58 95 59550060
58 111 59550060
95 40 59549940
131 3 59549820
88 81 59548020
2 145 59546880
40 95 59545740
40 111 59545740
40 79 59545740
40 83 59545740
126 37 59543580
131 78 59542620
117 109 59541780
88 81 59541060
40 95 59540400
40 111 59540400
40 79 59540400
40 83 59540400
37 85 59539980
117 109 59539560
112 113 59535480
37 126 59534520
112 113 59533740
112 113 59532960
131 55 59532120
112 113 59531340
0 2 59530500
0 3 59530500
0 58 59530500
0 145 59530500
131 78 59530380
95 111 59529780
95 40 59529780
95 79 59529780
95 83 59529780
22 33 59529180
22 6 59529180
22 17 59529180
22 139 59529180
131 78 59527620
37 85 59527200
22 139 59523480
0 2 59522280
131 78 59505240
78 143 59501760
78 143 59477520
78 25 59477400
117 92 59469540
131 78 59465760
131 78 59465640
95 91 59463060
95 40 59463060
37 85 59462400
78 143 59462160
58 82 59460300
131 37 59459700
117 92 59455080
58 145 59453940
95 40 59451540
145 58 59448780
37 131 59447460
131 144 59447040
113 112 59446800
85 37 59446020
57 41 59445780
37 85 59443920
2 0 59443440
2 3 59443440
2 58 59443440
2 145 59443440
57 41 59442480
143 78 59438880
82 58 59438760
58 82 59438340
143 131 59437860
85 37 59436420
143 131 59435340
143 131 59435220
55 78 59415180
78 55 59398020
25 85 59397900
112 139 59395980
112 113 59395620
112 113 59395020
55 143 59383980
55 131 59383980
55 143 59383860
55 131 59383860
22 33 59381880
22 104 59381880
22 9 59381880
22 18 59381880
22 17 59381880
22 139 59381880
37 85 59380260
139 22 59379573
139 6 59379573
139 8 59379573
139 11 59379573
139 17 59379573
143 78 59379540
143 131 59378340
143 55 59378340
57 56 59378220
57 147 59378220
58 3 59377560
85 112 59377080
85 25 59377080
55 78 59375580
116 73 59372475
116 141 59372475
116 106 59372475
116 81 59372475
116 85 59372475
131 143 59371320
0 55 59366100
0 2 59366100
0 3 59366100
0 58 59366100
0 145 59366100
57 147 59362380
57 56 59362200
37 95 59360880
112 113 59359140
91 95 59358420
0 58 59357880
58 2 59357400
58 0 59357400
58 3 59357400
58 145 59357400
2 3 59357340
2 145 59356200
2 3 59355660
3 55 59354520
3 2 59354520
3 0 59354520
3 58 59354520
3 145 59354520
2 145 59353260
55 143 59351640
55 131 59351640
3 2 59351640
2 3 59350020
2 3 59349600
139 136 59329500
18 29 59328300
18 88 59328300
18 38 59328300
29 81 59322660
139 11 59307960
55 143 59306580
55 131 59306580
55 143 59306220
55 131 59306220
81 53 59306160
139 6 59302576
139 11 59302576
139 17 59302576
139 6 59302405
139 11 59302405
139 17 59302405
143 131 59300760
143 55 59300760
143 78 59300760
37 131 59294400
57 41 59293380
58 82 59291760
2 0 59290740
2 3 59290740
139 22 59290366
139 6 59290366
139 11 59290366
139 17 59290366
58 2 59290140
58 0 59290140
58 3 59290140
58 145 59290140
37 126 59285160
131 37 59283060
58 2 59278980
131 37 59276940
119 37 59276460
119 120 59276460
58 2 59274180
22 17 59271660
22 139 59271660
112 113 59268840
81 53 59266560
55 143 59266020
55 131 59266020
120 37 59265180
55 143 59264520
55 131 59264520
58 95 59264340
58 111 59264340
58 82 59264340
22 9 59264340
22 17 59264340
22 139 59264340
0 3 59263680
0 58 59263680
55 143 59262900
55 131 59262900
143 131 59261160
143 55 59261160
143 78 59261160
25 51 59229840
25 56 59229360
139 136 59216520
15 11 59216376
11 6 59208589
11 17 59208589
11 139 59208589
117 66 59208120
55 143 59203440
55 131 59203440
2 0 59203260
37 131 59203200
0 2 59202900
0 3 59202900
0 58 59202900
0 145 59202900
111 95 59200200
111 91 59200200
37 85 59198640
37 120 59196660
37 85 59196660
143 131 59196360
22 17 59195520
22 139 59195520
145 2 59192460
92 117 59187960
131 55 59187780
117 92 59186760
92 117 59186040
117 92 59185680
92 117 59185200
117 92 59180160
57 41 59179380
57 91 59179380
57 142 59179380
57 75 59179380
57 122 59179380
144 131 59177520
143 131 59176980
22 9 59141100
22 17 59141100
112 113 59105580
112 113 59036340
20 23 58967057
112 113 58962180
112 113 58958520
112 148 58958400
112 6 58958040
112 113 58958040
112 9 58958040
112 17 58958040
112 139 58958040
6 8 58956326
6 11 58956326
6 17 58956326
112 113 58955580
6 15 58954471
6 8 58954471
6 19 58954471
6 11 58954471
6 139 58954471
131 144 58954380
58 82 58954020
58 145 58953960
92 66 58951260
92 117 58951260
92 109 58951260
92 84 58951260
92 24 58951260
92 87 58951260
58 0 58951200
117 92 58950360
22 139 58949220
22 6 58948980
0 55 58948920
0 2 58948920
0 3 58948920
0 58 58948920
0 145 58948920
11 6 58948337
11 8 58948337
11 17 58948337
113 112 58947000
113 149 58947000
58 95 58945680
58 111 58945680
117 130 58941540
117 92 58940340
92 117 58939920
112 22 58938060
112 113 58938060
112 9 58938060
112 17 58938060
112 139 58938060
113 112 58937580
95 91 58937280
95 40 58937280
95 79 58937280
112 113 58933860
22 9 58931460
22 139 58931460
112 113 58930800
148 149 58930680
112 113 58930260
112 113 58929120
149 66 58928220
149 112 58928220
149 78 58928220
149 148 58928220
149 84 58928220
149 114 58928220
149 113 58928220
149 24 58928220
149 87 58928220
149 9 58928220
149 90 58928220
149 92 58928220
112 113 58928040
148 149 58926840
3 2 58926840
131 143 58925820
148 149 58924980
148 149 58924080
92 66 58918140
92 130 58918140
92 149 58918140
92 114 58918140
92 87 58918140
94 81 58900020
25 142 58885740
25 122 58885740
113 112 58870560
22 139 58869720
58 82 58867620
143 78 58864140
112 113 58863900
85 37 58863600
85 120 58863600
144 143 58862760
58 95 58859460
58 111 58859460
143 144 58857300
1 138 58855680
145 2 58854480
82 58 58854480
85 37 58853100
144 131 58852860
131 143 58852440
58 145 58852260
117 92 58851780
92 117 58851720
145 58 58851420
117 92 58851420
145 2 58850760
92 117 58847040
131 144 58846440
144 131 58843440
112 113 58842420
131 144 58842120
145 71 58838040
145 2 58838040
2 3 58837860
2 3 58837800
148 149 58837500
92 66 58834800
92 117 58834800
37 120 58791060
116 73 58789946
116 111 58788680
112 113 58784580
112 113 58784400
95 91 58781220
2 55 58780860
2 78 58780860
58 82 58780260
2 3 58780200
58 95 58779600
58 111 58779600
148 149 58776840
112 113 58776840
95 91 58774560
58 0 58773480
139 6 58773309
139 11 58773309
139 17 58773309
95 91 58772700
2 58 58771860
112 71 58770660
131 55 58770060
58 2 58762980
58 145 58762980
71 58 58761060
143 131 58758780
143 131 58758480
111 95 58758480
112 149 58756800
112 113 58756800
112 113 58756560
112 113 58755900
112 113 58754100
112 113 58753740
112 113 58753560
112 113 58753440
57 56 58753200
112 113 58752960
58 111 58751880
58 81 58751880
58 82 58751700
2 145 58750440
1 126 58745520
105 141 58713388
105 94 58712999
22 139 58712580
22 17 58711500
111 83 58709460
112 113 58703520
61 81 58701180
112 113 58697940
57 41 58697580
57 51 58697580
57 142 58697580
57 42 58697580
57 121 58697580
57 25 58697580
57 136 58697580
112 113 58697580
57 147 58697580
57 139 58697580
57 122 58697580
2 145 58692180
131 143 58691220
131 144 58691220
58 2 58690680
58 3 58690680
112 139 58690500
25 51 58689660
58 95 58685460
58 111 58685460
2 145 58684620
112 113 58683240
142 25 58683000
142 122 58683000
47 110 58682940
57 41 58679400
131 37 58676760
145 71 58676160
145 2 58676160
145 2 58674360
41 57 58674120
3 2 58672800
145 2 58670760
145 0 58670760
145 3 58670760
145 58 58670760
112 113 58670340
145 2 58669020
145 0 58669020
145 3 58669020
145 58 58669020
145 2 58668720
145 0 58668720
145 3 58668720
145 58 58668720
112 149 58667820
112 113 58667820
145 2 58663080
57 41 58657980
57 51 58657980
57 142 58657980
57 42 58657980
57 121 58657980
57 25 58657980
111 83 58657980
57 136 58657980
57 147 58657980
57 139 58657980
57 122 58657980
81 53 58647240
81 53 58642800
53 81 58642440
81 53 58625220
25 122 58623060
112 149 58619040
112 113 58619040
112 113 58618620
107 73 58614840
2 0 58613640
81 58 58610220
58 81 58609800
81 53 58607640
58 82 58607520
37 131 58605660
37 131 58605600
38 47 58605540
37 131 58605480
41 57 58605000
112 113 58603980
81 53 58603200
58 95 58602300
58 111 58602300
112 113 58595100
112 149 58591380
112 113 58591380
112 113 58590960
112 113 58590000
81 53 58585620
148 149 58585320
131 55 58584240
112 113 58581960
120 37 58579200
117 92 58578240
92 117 58577820
3 0 58576560
3 58 58576560
71 58 58434360
94 73 58393500
94 81 58393500
131 144 58345500
11 6 58344970
11 8 58344970
11 17 58344970
37 126 58340040
58 0 58339740
116 81 58339405
0 58 58339380
58 0 58339200
58 111 58339020
112 113 58332360
112 113 58329840
112 113 58329720
112 113 58328640
58 2 58328580
112 149 58328400
112 113 58328400
112 113 58326060
112 24 58326060
112 113 58325220
58 71 58264980
112 113 58263960
112 113 58260180
112 9 58260180
149 112 58260000
149 113 58260000
145 2 58260000
145 0 58260000
145 2 58259940
145 0 58259940
71 58 58259820
145 2 58258200
145 0 58258200
1 47 58257240
112 22 58256220
112 149 58256220
112 9 58256220
112 17 58256220
112 139 58256220
8 6 58253942
8 11 58253942
8 17 58253942
145 2 58253520
145 0 58253520
131 143 58243680
145 2 58240680
145 0 58240680
145 2 58238280
145 0 58238280
2 145 58237980
0 2 58236600
0 2 58235880
112 113 58235220
112 113 58234920
78 37 58234500
58 0 58234380
0 2 58233660
117 74 58231440
117 140 58231440
125 34 58227960
111 146 58226460
6 11 58203438
37 120 58194780
37 85 58194780
25 147 58192140
25 51 58191960
25 142 58191960
25 42 58191960
25 57 58191960
25 136 58191960
25 122 58191960
25 51 58191540
25 122 58191240
25 120 58190460
112 24 58186740
112 113 58184700
81 29 58184369
139 11 58182875
58 2 58180380
2 58 58179900
116 35 58178577
58 82 58177200
58 2 58177200
81 29 58176829
2 58 58176480
112 113 58174260
143 78 58174080
112 113 58173960
58 82 58172880
81 29 58172479
78 143 58171320
143 78 58171260
78 143 58168260
112 113 58167300
144 58 58167120
143 131 58166280
58 3 58165920
58 144 58165440
112 113 58164960
149 112 58164720
37 120 58163820
37 85 58163820
112 113 58163400
116 81 58162792
116 73 58161593
117 86 58157700
0 2 58156500
112 113 58153440
112 149 58153140
112 113 58153140
1 138 58152540
131 55 58152480
112 113 58152360
144 143 58149420
144 131 58149420
2 0 58144320
116 81 58107677
11 6 58098991
112 148 58098960
112 113 58098360
143 78 58095900
143 85 58095900
37 120 58095180
37 85 58095180
143 131 58094700
143 144 58094700
78 143 58091220
78 85 58091220
112 113 58090740
131 143 58090380
131 144 58090380
112 113 58090020
112 113 58089180
131 55 58087740
145 58 58085880
0 55 58082760
0 78 58082760
144 131 58081620
144 131 58080840
3 55 58076160
3 2 58076160
3 0 58076160
3 58 58076160
3 145 58076160
2 0 58075980
145 2 58075680
92 149 58075620
2 3 58075320
112 113 58072320
2 145 58069260
113 112 58069140
112 113 58069140
112 113 58069020
2 78 58068300
112 113 58067820
112 113 58066260
131 85 58065960
112 113 58065000
145 2 58064220
25 136 58063500
25 139 58063500
112 113 58063200
112 104 58062960
112 113 58062600
117 24 58061340
78 143 58058880
78 85 58058880
25 142 58057620
25 122 58057620
143 78 58054320
92 102 58051800
8 6 58023769
8 11 58023769
8 17 58023769
78 143 58002600
58 0 58001280
58 3 58001280
58 82 58000620
71 145 58000260
112 149 57999840
143 78 57997740
1 21 57995700
11 6 57994801
11 8 57994801
11 17 57994801
131 143 57993840
143 144 57991320
3 0 57990840
3 58 57990840
3 55 57989340
3 2 57989340
3 0 57989340
3 58 57989340
3 145 57989340
112 113 57987480
58 2 57986400
58 3 57986400
58 145 57986400
112 149 57983580
112 113 57981840
25 142 57981540
25 42 57981540
25 57 57981540
25 136 57981540
25 139 57981540
25 122 57981540
112 113 57980820
112 113 57980400
112 113 57979740
112 113 57979200
112 113 57978660
58 3 57978000
66 149 57977580
149 112 57975180
149 42 57975180
149 25 57975180
149 113 57975180
149 107 57975180
149 24 57975180
58 3 57973500
92 149 57972420
149 112 57972180
149 42 57972180
149 25 57972180
149 113 57972180
149 107 57972180
149 24 57972180
22 19 57971940
2 145 57971280
2 145 57970260
22 33 57969240
22 20 57969240
22 9 57969240
143 144 57966720
1 47 57823080
1 21 57823080
1 47 57819240
1 21 57819240
1 47 57816240
1 21 57816240
1 49 57816240
112 113 57811620
112 113 57811140
112 113 57810960
88 81 57783180
88 81 57746820
58 82 57744360
88 81 57743580
22 33 57742320
22 9 57742320
22 17 57742320
22 17 57741120
22 139 57741120
37 120 57739200
126 37 57738660
3 55 57737220
3 2 57737220
3 0 57737220
3 58 57737220
3 145 57737220
0 2 57733380
0 55 57731640
0 2 57731640
0 3 57731640
0 58 57731640
0 145 57731640
3 55 57731340
3 2 57731340
3 0 57731340
3 58 57731340
3 145 57731340
117 66 57729840
117 87 57729840
38 47 57727200
38 21 57727200
38 146 57727200
38 48 57727200
66 117 57725820
71 94 57725520
117 66 57725220
117 87 57725220
21 1 57721800
38 47 57720900
58 82 57713400
20 23 57665627
2 78 57663780
2 3 57659280
22 139 57656940
143 78 57656820
143 78 57656760
2 0 57654960
131 55 57653880
131 143 57648840
117 66 57648180
117 109 57648180
117 84 57648180
117 114 57648180
117 24 57648180
117 87 57648180
22 13 57645120
112 113 57638580
112 113 57638520
37 120 57637860
37 85 57635520
112 113 57635040
131 143 57634980
117 92 57634980
112 113 57634260
112 113 57634140
55 78 57633900
55 85 57633900
112 113 57633180
111 83 57630000
2 145 57626280
2 0 57626040
78 143 57624600
143 144 57622740
111 83 57621360
25 57 57588180
139 6 57587556
139 8 57587556
139 11 57587556
139 17 57587556
112 113 57577440
112 113 57576900
112 22 57576780
112 17 57576780
112 139 57576780
58 82 57571380
112 113 57571020
112 113 57570000
37 120 57564900
57 41 57563940
4 90 57560280
58 2 57555480
58 3 57555480
58 145 57555480
145 2 57552120
145 0 57552120
145 3 57552120
145 58 57552120
2 82 57551820
112 113 57549660
112 113 57548280
131 55 57546900
131 143 57544380
0 2 57542280
58 82 57540420
145 2 57539340
145 0 57539340
145 3 57539340
145 58 57539340
2 145 57539340
112 113 57494340
2 145 57489120
131 143 57481860
117 66 57481800
117 109 57481800
117 84 57481800
117 114 57481800
117 24 57481800
117 87 57481800
112 113 57481140
82 2 57480660
142 25 57475860
85 78 57472860
117 66 57470520
66 117 57470400
112 113 57467880
61 111 57467760
111 73 57465480
25 139 57464580
117 66 57463740
112 113 57462240
112 24 57462240
112 113 57461880
112 24 57461880
58 145 57461400
58 3 57460260
58 82 57454920
37 120 57454680
22 15 57454320
83 40 57452520
95 40 57451680
95 83 57451680
111 73 57449760
25 51 57415080
25 42 57415080
25 122 57414900
112 113 57404400
112 113 57399960
112 24 57399960
112 113 57399780
112 24 57399780
117 66 57399120
117 109 57399120
117 84 57399120
117 114 57399120
117 24 57399120
117 87 57399120
92 109 57397860
92 84 57397860
92 87 57397860
131 143 57396660
37 120 57396420
37 119 57396420
112 149 57395220
112 113 57395220
112 24 57395220
22 33 57394560
22 15 57394560
22 6 57394560
22 17 57394560
114 117 57385800
66 149 57383760
20 23 57381195
58 71 57381180
58 2 57377700
58 0 57377700
58 3 57377700
58 145 57377700
58 2 57377640
58 0 57377640
58 3 57377640
58 145 57377640
79 25 57377280
3 55 57376980
3 2 57376980
3 0 57376980
3 58 57376980
3 145 57376980
113 112 57376500
112 113 57376140
0 2 57374280
113 112 57373080
113 112 57371700
37 120 57371520
131 143 57370260
131 144 57370260
0 2 57369720
0 2 57369360
2 145 57368580
37 131 57367980
117 87 57367560
2 58 57367020
117 66 57366900
117 87 57366900
119 37 57364320
25 142 57325980
25 147 57325980
25 122 57325980
116 85 57320533
112 113 57294180
112 24 57294180
25 51 57225900
25 142 57225900
25 42 57225900
25 57 57225900
25 136 57225900
25 122 57225900
107 9 57152802
112 113 57147300
112 24 57147300
58 82 57139740
113 112 57136980
112 113 57135060
119 37 57133140
119 120 57133140
55 2 57131400
143 55 57130740
126 37 57129900
112 113 57126000
20 23 57125291
25 79 57124380
131 55 57121500
131 144 57121500
21 1 57118260
112 113 57115020
143 144 57114180
3 2 57113340
2 3 57108420
58 2 57103800
58 0 57103800
58 3 57103800
58 145 57103800
58 2 57102720
113 112 57101580
139 8 57064037
139 11 57064037
58 82 57055140
149 112 57052680
149 42 57052680
149 148 57052680
149 25 57052680
149 113 57052680
149 107 57052680
149 24 57052680
2 145 57051840
58 145 57050220
145 71 57050040
25 111 57050040
145 2 57050040
145 0 57050040
145 3 57050040
145 58 57050040
0 2 57049080
58 2 57049020
117 66 57048660
117 109 57048660
117 84 57048660
117 114 57048660
117 24 57048660
117 87 57048660
92 117 57046020
117 92 57046020
58 144 57045960
142 25 57045540
142 122 57045540
92 117 57045300
2 0 57041340
2 0 57040680
58 0 57038880
2 0 57038400
120 37 57036600
88 73 57035040
145 2 57034860
2 145 57034860
143 131 57032760
57 41 57029700
57 139 57029700
66 117 57029220
131 144 57029160
41 57 57029040
41 139 57029040
92 66 57027960
92 117 57027960
92 87 57027960
57 41 57026820
57 139 57026820
0 2 57026400
0 2 57025740
41 57 57025680
57 41 57025440
57 139 57025440
0 2 57025260
117 66 57023760
37 120 57023340
143 131 57022920
55 2 57022800
55 3 57022800
85 78 57022500
2 0 57021600
2 55 57020580
2 3 57020580
0 2 57020520
2 0 57020460
2 0 57020400
143 131 57017940
38 48 57017760
55 2 57017040
143 144 57017040
55 0 57017040
112 113 56975220
112 113 56970960
61 111 56966700
117 66 56966640
117 109 56966640
117 84 56966640
117 114 56966640
117 24 56966640
117 87 56966640
58 82 56965860
131 143 56965800
112 113 56965560
112 24 56965560
22 139 56964780
2 145 56964480
2 145 56964300
57 41 56963880
57 139 56963880
131 143 56963820
2 145 56963820
2 145 56963760
2 145 56963700
2 145 56963640
2 0 56963520
57 41 56962620
57 139 56962620
112 22 56962320
112 139 56962320
112 113 56962200
112 17 56961120
131 55 56959380
58 3 56954340
22 112 56953800
22 139 56953800
112 113 56950620
37 120 56946000
112 149 56945280
112 113 56945280
117 66 56944200
117 109 56944200
117 84 56944200
117 114 56944200
117 24 56944200
117 87 56944200
131 143 56943060
73 29 56941920
112 113 56940660
37 120 56939040
0 2 56938440
38 47 56934720
38 21 56934720
38 146 56934720
38 48 56934720
51 25 56930280
51 57 56930160
6 11 56896708
112 113 56890020
112 113 56889600
