19 13 90312397
13 16 90241911
13 16 90142424
19 13 89811203
10 13 89473036
13 16 89186457
13 16 88951540
13 16 88867878
26 27 88532323
26 28 88532323
19 13 88523527
10 13 88520978
13 16 88510669
13 16 88496429
16 13 88493328
19 13 88415537
34 7 88328288
35 36 88257513
19 13 88006415
19 10 87974405
16 13 87745230
16 10 87745230
7 41 87312143
10 13 87217028
19 13 87202241
19 16 87202241
26 27 87198824
46 35 87131901
46 36 87131901
13 16 87120744
13 16 87112850
26 27 87104661
13 19 86796411
13 10 86793608
13 10 86695249
41 7 86694676
13 16 86694164
10 13 86693841
36 25 86677659
90 65 86619818
90 72 86619818
90 86 86619818
26 27 86616462
26 73 86546943
26 27 86542849
26 28 86542849
36 80 86427956
36 25 86427685
19 13 86426843
36 80 86423497
36 80 86423491
13 19 86423437
36 80 86423393
82 3 86418822
13 16 86418081
26 73 86280708
26 73 86179338
36 25 86166119
13 16 86165332
16 13 86159888
26 27 86115188
26 28 86115188
13 16 86106324
13 16 86102928
100 28 86097957
26 27 86094440
36 25 86091907
25 36 86091454
13 16 86086977
28 26 86079328
26 100 86077924
36 26 86070464
26 28 86016001
25 42 86012490
25 36 86012490
26 36 86012257
26 28 86012109
90 65 86009240
90 72 86009240
90 86 86009240
26 27 86009067
26 28 86009067
26 28 86008792
26 28 85989679
25 36 85945301
26 98 85926202
46 35 85914961
13 16 85909082
19 13 85893058
25 97 85835194
25 39 85834703
97 25 85834645
97 41 85818248
41 97 85817869
36 25 85816139
26 73 85772033
26 36 85772033
25 36 85601473
13 16 85570946
25 36 85554632
13 16 85494995
13 16 85494240
13 16 85475335
13 16 85472234
13 10 85471949
13 16 85471047
13 16 85470319
25 36 85403049
42 36 85399839
10 13 85393740
25 42 85324057
25 85 85324057
10 13 85306193
36 73 85254077
36 26 85254077
26 73 85243167
26 36 85243167
26 73 85242542
26 36 85242542
26 27 85048048
26 28 85048048
26 98 85048048
10 13 84979478
107 108 84973612
13 10 84970240
28 26 84969418
25 36 84967254
97 25 84958576
97 25 84958550
36 25 84957958
100 28 84956408
13 16 84953499
13 19 84947325
13 16 84947325
26 28 84896877
13 10 84894227
10 13 84894167
25 36 84883187
25 36 84864338
26 73 84804966
26 73 84799961
26 36 84799961
97 25 84798517
25 36 84795144
59 28 84794516
25 97 84794034
26 27 84793890
26 28 84793890
97 25 84714209
25 36 84700411
25 97 84694530
97 25 84694420
59 100 84693929
10 13 84636089
97 25 84624834
80 46 84621358
13 16 84621049
13 19 84612851
19 13 84600616
19 13 84597846
19 13 84597519
19 16 84597519
19 13 84543684
19 16 84543684
97 25 84369596
97 25 84369214
10 13 84366728
108 88 84360723
28 59 84357926
28 59 84357618
13 10 84355364
25 97 84350759
97 25 84349981
108 88 84346718
88 108 84298200
88 108 84296485
41 50 84282834
13 16 84275629
19 13 84273966
19 16 84273966
59 100 84265472
13 10 84264375
10 13 84263510
13 16 84260938
82 3 84203026
3 82 84197506
82 3 84194931
10 13 84191147
10 13 84176082
13 10 84104485
13 16 84026877
13 16 84002626
26 73 83952212
50 41 83747945
13 16 83741000
85 111 83686450
85 25 83686450
85 36 83686450
41 7 83675804
19 13 83662832
50 41 83662273
86 72 83619369
41 50 83588231
90 65 83578044
90 72 83578044
90 86 83578044
13 10 83577308
88 73 83576378
90 65 83575560
90 72 83575560
90 86 83575560
90 65 83571549
90 72 83571549
90 86 83571549
13 16 83568488
13 16 83568345
26 27 83431026
26 28 83431026
26 98 83431026
26 27 83430365
26 28 83430365
26 98 83430365
19 13 83416476
19 16 83416476
90 65 83412342
90 72 83412342
90 86 83412342
26 27 83320328
10 13 83161495
10 13 83160797
10 13 83160229
13 10 83158783
13 10 83157851
13 10 83156915
10 13 83156530
10 13 83138804
10 13 83078539
25 85 83058255
13 16 83057349
25 42 83052645
25 85 83052645
25 122 83052645
26 27 82796547
26 27 82616767
97 41 82365486
41 97 82364111
41 97 82363833
35 46 82363674
16 13 82362529
13 16 82305869
13 16 82272971
13 16 82272923
97 41 82271279
13 16 82178770
122 42 81848103
13 16 81788767
13 10 81788767
10 13 81760725
16 13 81689099
97 41 81683342
100 28 81683237
122 41 81675121
97 41 81672552
13 10 81670479
10 16 81667453
85 122 81663846
25 85 81632818
10 16 81613392
10 16 81613116
85 25 81612892
13 16 81587933
108 73 81342409
97 35 81320320
97 41 81259137
10 13 81239708
123 73 81166320
123 107 81166320
123 108 81166320
100 28 81152776
108 107 81148199
107 108 81094529
19 13 81067910
19 10 81067910
97 46 81020376
97 35 81020376
97 39 81020376
19 13 81007798
46 35 80985842
10 13 80975432
97 41 80741614
28 100 80713612
10 13 80652060
10 19 80652060
46 35 80640696
13 16 80639849
39 35 80639457
35 46 80639101
35 47 80639101
25 42 80557033
25 85 80557033
25 122 80557033
19 10 80549106
41 50 80541730
41 7 80541730
41 97 80541079
19 13 80476081
28 100 80468182
28 100 80462687
13 16 80461956
10 13 80461461
10 13 80458801
82 3 80457853
82 44 80457853
80 131 80391415
97 41 80295504
39 35 79953545
10 13 79953356
10 19 79953356
82 3 79940311
82 44 79940311
82 3 79940097
82 44 79940097
10 13 79937137
10 16 79937137
123 73 79894582
123 106 79894582
123 73 79886872
123 106 79886872
25 42 79886377
25 85 79886377
25 122 79886377
44 82 79885697
44 3 79885697
10 13 79883105
10 13 79876378
82 3 79874320
82 44 79874320
59 28 79873862
47 46 79868656
35 39 79868463
129 73 79868057
25 42 79866990
25 85 79866990
25 122 79866990
10 13 79862304
10 19 79862304
122 25 79849827
100 28 79847578
100 59 79847578
25 122 79799015
25 42 79798118
25 122 79798118
10 13 79795362
41 7 79788511
41 50 79788386
25 42 79788050
25 85 79788050
25 122 79788050
123 73 79783907
123 106 79783907
122 25 79783273
25 85 79778404
10 13 79776016
80 131 79775429
10 13 79769561
39 46 79764752
13 19 79536464
13 10 79536464
123 73 79536116
123 73 79534603
123 106 79534603
3 82 79533832
3 44 79533832
107 73 79533571
123 73 79529498
123 106 79529498
10 13 79528663
41 7 79523012
41 97 79523012
129 73 79513721
129 123 79513339
85 25 79505084
25 36 79450146
16 13 79442731
25 85 79439591
123 73 79438484
123 106 79438484
88 25 79435573
88 36 79435573
28 26 79432589
28 100 79428537
129 73 79427881
100 28 79426439
129 73 79421278
97 35 79368012
97 46 79367623
97 35 79367623
97 39 79367623
131 80 79367426
129 73 79365316
3 82 79356854
3 44 79356854
123 106 79355296
3 82 79355277
3 44 79355277
123 73 79353588
123 106 79353588
25 42 79350960
25 85 79350960
25 122 79350960
100 28 79347613
85 25 79336233
10 16 79334042
122 25 79333495
13 16 79283577
97 46 79281939
97 47 79281939
97 35 79281939
97 39 79281939
97 35 79280961
16 10 79273795
50 7 79262129
131 3 79259153
46 111 79255273
97 46 79195684
97 47 79195684
97 35 79195684
97 39 79195684
28 100 79194475
129 73 79193982
10 13 79188387
107 73 79183342
25 42 79179968
25 36 79178565
25 36 79178461
25 36 79175418
82 3 79170262
82 44 79170262
82 3 79170175
82 44 79170175
13 16 79165987
28 26 79164619
7 41 79163694
88 73 79096823
88 73 78930452
13 16 78920089
13 16 78919261
16 13 78913073
119 85 78901633
72 86 78894127
123 108 78845242
41 97 78842060
100 59 78840130
41 97 78839974
97 41 78839948
41 97 78838874
3 82 78830691
3 44 78830691
108 73 78825228
25 42 78815806
35 111 78757064
35 42 78757064
35 85 78757064
35 39 78757064
28 100 78728796
100 28 78725386
16 13 78690016
129 107 78681314
19 13 78672057
82 131 78671749
3 44 78671254
16 13 78670731
82 3 78665121
82 44 78665121
16 13 78664200
26 27 78662004
25 42 78657337
82 3 78655521
82 44 78655521
50 41 78653084
80 131 78649741
100 59 78648221
100 59 78634529
19 13 78581404
25 85 78575012
39 35 78572365
123 106 78571776
25 42 78569132
25 85 78569132
25 122 78569132
85 25 78567838
13 16 78553679
13 16 78552421
100 59 78320502
100 59 78311311
129 107 78309401
106 73 78308661
106 123 78308661
19 13 78231409
72 90 78207225
111 129 78202746
123 73 78169528
123 106 78169528
13 16 78156021
100 59 78148253
85 25 78146133
25 85 78144801
100 59 78140552
85 25 78139071
100 59 78134920
80 131 78132308
129 107 78129219
13 16 78123246
111 129 78117084
44 131 78064951
44 131 78064792
82 131 78062130
3 82 78057240
3 44 78057240
7 41 78057012
82 131 78056068
100 59 78053112
97 41 78042032
41 97 78041914
90 65 77985901
90 72 77985901
90 86 77985901
100 28 77983537
107 73 77978759
107 106 77978759
106 123 77976855
3 131 77967773
25 111 77963267
131 3 77962237
129 107 77957117
90 65 77954576
90 72 77954576
90 86 77954576
19 13 77952768
86 65 77922764
86 65 77908364
13 16 77898619
25 42 77894997
25 85 77894997
25 122 77894997
25 42 77894723
25 136 77894723
25 85 77894723
25 122 77894723
25 42 77894078
25 136 77894078
25 85 77894078
25 122 77894078
25 111 77882212
25 36 77882212
25 111 77826431
111 25 77792090
111 36 77792090
88 107 77724501
25 42 77716751
25 136 77716751
25 85 77716751
25 122 77716751
82 3 77712959
82 44 77712959
27 26 77708088
85 35 77707902
85 42 77707902
129 107 77703246
129 107 77703059
88 107 77701650
129 107 77697366
36 111 77696199
36 25 77696199
80 131 77695157
129 107 77692022
80 131 77684290
123 73 77654797
131 80 77635159
90 65 77631064
90 72 77631064
90 86 77631064
131 85 77625475
100 59 77624369
129 107 77623792
129 107 77621807
100 59 77620365
25 36 77619265
129 107 77613766
7 41 77612752
129 107 77611022
129 107 77607059
129 107 77606292
107 129 77606158
129 73 77606001
129 107 77606001
129 73 77604248
129 107 77604248
123 73 77562028
123 106 77562028
123 107 77562028
86 65 77554560
86 72 77554560
86 90 77554560
129 106 77551799
129 73 77545959
86 65 77543760
86 72 77543760
86 90 77543760
100 59 77540537
129 73 77539950
129 107 77536989
80 131 77534164
26 28 77531328
42 25 77527332
46 73 77521018
13 16 77519975
27 134 77510545
27 26 77510545
28 100 77464629
26 100 77464267
13 16 77461251
100 59 77459431
88 123 77426883
111 79 77395817
90 65 77382200
90 72 77382200
90 86 77382200
25 42 77379563
25 136 77379563
25 85 77379563
25 122 77379563
25 42 77373032
25 136 77373032
25 85 77373032
25 122 77373032
88 123 77372645
100 59 77370736
100 59 77369212
36 111 77364582
36 25 77364582
3 82 77361681
3 44 77361681
111 46 77361046
46 111 77360610
46 111 77357438
98 28 77354779
13 16 77351977
131 80 77349956
82 44 77345566
44 82 77345250
97 41 77344940
80 131 77339709
111 79 77337071
123 73 77275014
123 106 77275014
131 80 77114645
100 59 77113099
90 65 77112767
90 72 77112767
90 86 77112767
90 65 77110271
90 72 77110271
90 86 77110271
123 73 77109062
90 65 77092064
90 72 77092064
90 86 77092064
82 3 77090301
82 44 77090301
13 16 77030994
13 16 77030873
90 65 77030176
90 72 77030176
90 86 77030176
106 123 77026826
13 16 77026801
100 59 77015829
131 80 77003443
100 59 77001534
13 16 76999918
90 65 76940513
90 72 76940513
90 86 76940513
3 82 76932233
3 44 76932233
25 42 76921534
25 42 76920803
25 136 76920803
25 85 76920803
25 122 76920803
25 85 76919399
25 42 76918749
25 136 76918749
25 85 76918749
25 122 76918749
129 73 76918358
85 25 76916275
131 80 76916273
25 85 76913908
90 65 76862019
90 72 76862019
90 86 76862019
82 44 76852060
44 82 76850563
44 3 76850563
3 44 76848019
25 42 76844231
25 136 76844231
25 85 76844231
25 122 76844231
100 59 76843902
28 100 76843434
28 100 76843432
100 28 76842884
90 65 76837164
90 72 76837164
90 86 76837164
13 16 76827011
41 97 76821456
131 80 76771122
88 36 76766203
100 28 76763773
100 59 76763773
26 28 76762132
97 36 76755880
25 42 76754700
25 136 76754700
25 85 76754700
25 122 76754700
129 73 76746589
25 85 76744892
13 16 76744012
25 42 76743825
26 27 76606490
42 25 76574076
97 136 76509239
136 41 76504108
136 42 76504108
136 79 76504108
136 25 76504108
136 97 76504108
136 85 76504108
136 36 76504108
136 122 76504108
42 25 76501212
90 65 76495809
90 72 76495809
90 86 76495809
85 25 76494602
100 59 76492069
25 42 76488855
25 136 76488855
25 85 76488855
25 122 76488855
25 85 76488287
85 25 76485939
122 25 76482389
122 136 76482389
25 42 76482328
25 136 76482328
25 85 76482328
25 122 76482328
25 42 76480925
25 136 76480925
25 85 76480925
25 122 76480925
85 35 76474729
13 16 76427202
13 19 76421695
13 16 76417540
88 36 76411863
3 82 76411512
3 44 76411512
35 39 76404639
111 79 76400575
82 3 76397793
25 111 76354018
25 42 76354018
25 122 76354018
131 80 76335972
111 47 76334537
111 129 76334211
82 3 76331501
82 44 76331501
129 111 76329965
131 80 76329780
80 131 76329435
19 13 76323500
123 106 76320434
122 25 76310978
25 42 76310392
25 136 76310392
25 85 76310392
25 122 76310392
19 13 76305663
25 41 76301692
25 42 76301692
25 136 76301692
25 85 76301692
25 122 76301692
3 82 76252737
3 44 76252737
13 16 76248008
131 80 76244970
129 111 76218543
129 111 76218503
80 131 76215687
111 129 76169845
111 129 76169425
13 16 76166764
13 16 76166208
13 16 76165744
100 59 76163761
44 82 76157803
131 80 76155619
13 19 76153224
13 16 76151587
13 19 76151467
13 16 76151467
26 107 76144723
82 44 76138448
44 82 76137894
111 79 76129246
88 123 75908971
3 82 75905180
3 44 75905180
123 88 75904761
88 27 75901017
88 28 75901017
88 41 75901017
88 59 75901017
88 46 75901017
88 98 75901017
88 7 75901017
88 134 75901017
88 111 75901017
88 42 75901017
88 79 75901017
88 80 75901017
88 100 75901017
88 97 75901017
88 36 75901017
88 106 75898479
88 73 75897386
88 123 75897386
88 106 75897386
88 129 75897386
88 107 75897386
107 88 75885021
25 85 75811155
35 39 75783637
86 65 75742129
86 72 75742129
86 90 75742129
86 65 75739333
86 72 75739333
86 90 75739333
86 65 75731329
86 72 75731329
86 90 75731329
86 65 75728533
86 72 75728533
86 90 75728533
19 13 75727662
90 65 75718522
90 72 75718522
90 86 75718522
25 136 75717877
50 41 75717462
13 16 75666619
88 107 75652610
25 41 75646279
25 42 75646279
25 136 75646279
25 85 75646279
25 122 75646279
111 79 75634756
25 42 75634395
25 41 75634270
25 42 75634270
25 136 75634270
25 85 75634270
25 122 75634270
41 25 75632833
41 97 75632833
41 97 75626565
107 88 75625143
25 41 75614469
25 42 75614469
25 136 75614469
25 85 75614469
25 122 75614469
25 42 75611155
25 122 75611155
25 42 75580805
13 16 75579650
13 16 75579522
3 44 75556955
44 82 75552855
28 59 75552044
82 44 75549786
90 65 75539661
90 72 75539661
90 86 75539661
129 73 75536693
25 42 75534134
3 82 75531750
3 44 75531750
90 65 75531252
90 72 75531252
90 86 75531252
90 65 75528890
90 72 75528890
90 86 75528890
59 100 75459157
100 59 75291459
131 80 75288123
100 28 75287581
80 131 75287575
85 25 75287261
25 41 75285948
25 42 75285948
25 136 75285948
25 85 75285948
25 122 75285948
26 28 75285045
26 28 75284661
25 136 75281817
26 28 75280975
111 47 75280288
80 131 75275836
26 27 75275158
26 28 75275158
131 80 75273563
73 129 75269995
80 131 75269743
44 82 75219665
44 3 75219665
100 28 75213548
100 59 75212053
100 26 75211419
100 28 75205091
13 16 75204823
82 3 75204165
82 44 75204165
13 16 75202507
16 13 75193785
41 97 75188862
25 41 75187159
25 42 75187159
25 136 75187159
25 85 75187159
25 122 75187159
25 41 75186677
25 42 75186677
25 136 75186677
25 85 75186677
25 122 75186677
123 106 75182499
28 100 75178186
26 27 75143453
131 80 75120918
131 80 75118590
131 80 75116633
100 59 75110731
100 59 75110440
100 59 75109935
90 65 75105737
90 72 75105737
90 86 75105737
123 73 75042982
123 106 75042982
85 25 75038833
25 41 75037398
25 42 75037398
25 136 75037398
25 85 75037398
25 122 75037398
131 80 75028143
80 131 75024097
129 73 75015093
123 106 75012635
123 106 75008789
123 73 75007828
25 85 74974333
131 80 74954371
136 25 74954038
100 59 74953349
100 59 74952631
13 16 74952048
123 107 74947148
129 107 74946150
28 100 74941699
28 100 74941698
131 80 74926068
26 36 74922278
72 90 74916353
13 16 74871477
131 80 74694073
100 59 74692423
100 59 74691472
100 59 74689873
100 28 74688738
26 28 74682294
26 27 74681027
26 28 74681027
129 73 74665740
13 16 74662614
100 59 74607940
44 82 74607847
44 3 74607847
90 65 74607144
90 72 74607144
90 86 74607144
85 25 74595356
97 41 74588718
82 3 74587031
131 119 74513080
25 41 74508871
25 42 74508871
25 136 74508871
25 85 74508871
25 122 74508871
13 16 74506245
131 119 74500386
85 25 74496680
136 25 74494376
90 65 74490922
90 72 74490922
90 86 74490922
72 86 74445437
13 16 74436778
111 79 74430545
82 44 74426010
3 44 74425855
44 82 74424334
44 3 74424334
25 41 74418105
25 42 74418105
25 136 74418105
25 85 74418105
25 122 74418105
90 65 74414358
90 72 74414358
90 86 74414358
25 41 74413491
25 42 74413491
25 136 74413491
25 85 74413491
25 122 74413491
13 16 74409372
13 16 74408522
13 16 74408294
25 41 74346874
25 42 74346874
25 136 74346874
25 85 74346874
25 122 74346874
122 25 74337252
82 3 74326967
82 44 74326967
13 16 74324798
13 16 74324022
13 16 74321380
100 28 74315222
82 3 74088069
100 59 74085985
26 28 74011406
26 100 74011406
100 59 74005776
90 65 74001862
90 72 74001862
90 86 74001862
131 80 73999451
26 27 73996212
26 28 73996212
26 98 73996212
100 28 73996001
41 50 73988341
41 7 73988341
41 97 73988341
119 131 73979889
131 80 73976971
111 129 73976450
25 41 73976103
25 42 73976103
25 136 73976103
25 85 73976103
25 122 73976103
131 80 73975920
123 73 73966823
123 73 73935601
19 13 73920639
131 119 73920295
100 59 73914372
131 119 73914223
82 3 73910249
82 44 73910249
131 119 73905064
131 119 73902966
100 28 73894612
25 41 73881932
25 42 73881932
25 136 73881932
25 85 73881932
25 122 73881932
44 82 73875161
44 3 73875161
123 73 73839573
123 73 73818249
123 129 73818249
123 107 73818249
100 59 73802326
3 82 73798878
3 44 73798878
26 28 73746720
26 100 73746720
25 42 73735079
25 136 73735079
25 122 73735079
88 107 73731014
28 100 73728290
44 82 73724965
44 3 73724965
44 88 73718932
100 59 73480765
82 3 73479066
82 44 73479066
100 59 73472391
25 42 73460758
25 136 73460758
25 122 73460758
100 59 73396706
25 41 73382960
25 42 73382960
25 136 73382960
25 122 73382960
26 27 73378389
26 28 73378389
25 42 73368155
25 136 73368155
25 122 73368155
111 36 73364920
88 107 73326061
73 129 73324334
26 98 73318704
131 119 73285095
131 119 73224842
25 42 73223433
25 136 73223433
25 122 73223433
136 122 73217859
85 25 73210042
25 42 73208037
25 136 73208037
25 122 73208037
123 73 73207268
73 123 73130229
73 106 73130229
100 28 72868174
100 59 72868174
44 82 72860610
44 3 72860610
100 59 72854956
82 3 72791674
82 44 72791674
28 100 72770139
25 42 72700689
25 136 72700689
25 122 72700689
73 129 72647414
25 41 72605670
25 7 72605670
25 42 72605670
25 136 72605670
25 122 72605670
131 82 72603112
106 73 72356464
106 123 72356464
106 129 72356464
106 107 72356464
106 88 72356464
82 131 72268632
26 27 72254038
106 88 72243689
123 26 72190538
106 50 72176245
106 27 72176245
106 28 72176245
106 73 72176245
106 98 72176245
106 123 72176245
106 111 72176245
106 129 72176245
106 25 72176245
106 97 72176245
106 136 72176245
106 85 72176245
106 26 72176245
106 107 72176245
106 88 72176245
106 36 72176245
106 39 72176245
129 73 72172367
129 107 72172367
44 82 72160884
44 82 72160871
82 3 72160078
73 107 72158748
44 82 72105619
131 80 72086501
25 42 72080640
25 136 72080640
25 122 72080640
25 42 72019612
25 136 72019612
25 122 72019612
25 42 72019077
25 136 72019077
25 122 72019077
25 136 71994567
44 3 71991285
82 3 71987496
111 79 71985495
100 26 71984655
131 119 71949420
26 28 71934740
26 100 71934740
131 119 71931422
131 119 71929175
123 73 71927613
131 119 71924232
111 79 71911580
100 28 71896878
100 59 71896878
123 106 71727718
123 106 71681333
26 27 71648883
26 28 71648883
26 98 71648883
44 3 71641975
134 98 71472746
131 119 71471017
100 28 71462275
100 59 71462275
123 106 71458022
131 119 71414044
82 3 71398714
82 44 71398714
88 107 71388698
82 44 71386906
123 73 71377377
123 106 71377377
3 44 71330782
44 82 71325687
44 3 71325687
123 73 71322210
123 106 71322210
25 42 71300242
25 136 71300242
25 122 71300242
100 59 71295411
123 106 71257316
3 82 71060212
3 44 71060212
25 85 71057445
100 28 71053871
25 42 71048347
25 136 71048347
25 122 71048347
131 3 71044480
85 25 71036808
100 28 70983302
100 59 70983302
100 28 70975756
100 59 70892207
100 28 70883467
123 106 70877537
44 82 70868126
44 3 70868126
44 3 70816805
26 27 70812034
73 129 70805505
25 42 70796097
25 136 70796097
25 122 70796097
25 42 70795110
25 136 70795110
25 122 70795110
26 111 70791353
141 85 70779192
141 26 70779192
26 27 70725973
26 111 70725472
73 88 70695335
73 141 70313039
141 73 70284850
141 123 70284850
141 106 70284850
141 129 70284850
141 107 70284850
141 88 70284850
90 65 70280400
90 72 70280400
90 86 70280400
141 73 70279138
141 123 70279138
141 106 70279138
141 129 70279138
141 107 70279138
141 88 70279138
25 42 70276100
25 136 70276100
25 122 70276100
82 3 70262686
82 44 70262686
86 90 70236974
25 42 70189442
25 136 70189442
25 122 70189442
26 27 70178057
26 27 70168815
25 42 70116991
25 136 70116991
25 122 70116991
129 141 70098133
25 42 70092606
25 136 70092606
25 122 70092606
25 42 70088395
25 136 70088395
25 122 70088395
25 85 70026953
25 85 70024732
16 13 69856011
100 59 69770694
82 3 69769266
82 3 69764211
44 82 69664169
44 3 69664169
107 73 69654297
123 106 69603608
100 28 69566638
44 82 69483144
44 3 69483144
100 59 69472421
19 13 69253012
100 59 69239820
107 73 69231274
44 82 69168681
100 59 69148662
73 107 69147844
111 129 69075972
25 42 69074460
25 136 69074460
25 122 69074460
82 107 69056162
82 3 69056162
82 44 69056162
111 26 69045568
85 25 68979780
129 141 68962716
85 25 68943780
129 141 68888299
25 42 68887862
25 136 68887862
25 85 68887862
25 122 68887862
82 131 68563657
82 3 68558418
82 44 68558418
82 3 68556368
129 141 68545689
100 59 68452281
100 28 68354809
100 28 68354267
100 59 68264808
100 59 68008555
19 13 67947451
19 13 67946673
44 3 67934708
100 59 67919309
100 28 67764929
100 59 67764929
26 27 67763132
26 28 67763132
26 98 67763132
100 59 67761073
3 82 67665675
3 44 67665675
100 59 67266366
36 34 67258387
36 80 67258387
100 28 67235080
100 59 67235080
41 97 67089450
111 36 67059917
26 98 66811358
100 90 66713741
26 27 66651682
82 3 66650362
100 59 66632104
97 41 66548864
100 59 66496837
97 41 66202099
100 59 66201968
111 73 66046265
111 73 66019908
26 27 65973640
26 134 65973640
111 129 65959415
35 111 65938297
72 90 65936411
116 73 65616821
116 73 65591400
116 73 65589407
116 35 65589119
19 13 65556540
100 59 65520513
116 73 65510533
116 35 65510445
116 26 65448908
116 73 65339710
3 82 65339700
116 73 65339265
44 129 65338380
136 122 65329613
82 3 65316120
88 26 65268646
26 36 65262471
116 73 65246882
116 107 65246882
72 90 65113523
129 141 65019077
3 82 64979940
3 82 64978620
116 73 64920248
116 73 64907915
116 85 64898221
116 26 64898221
82 3 64885020
26 27 64854910
119 131 64852080
116 107 64821077
107 73 64817300
116 73 64816071
116 107 64816071
119 131 64812480
107 73 64799280
26 28 64770341
111 129 64758055
116 27 64728947
116 28 64728947
116 111 64728947
116 25 64728947
116 26 64728947
116 36 64728947
136 25 64724718
26 28 64721886
136 25 64385697
136 25 64384262
116 36 64318911
136 25 64316547
107 129 64220032
41 7 64212063
116 27 64139216
116 28 64139216
116 41 64139216
116 59 64139216
116 46 64139216
116 98 64139216
116 47 64139216
116 7 64139216
116 134 64139216
116 111 64139216
116 35 64139216
116 42 64139216
116 34 64139216
116 79 64139216
116 80 64139216
116 25 64139216
116 136 64139216
116 90 64139216
116 36 64139216
116 122 64139216
116 39 64139216
116 85 64052557
28 59 64052220
131 119 63794280
7 41 63784127
7 41 63719801
119 131 63588840
119 131 63587160
131 119 63503460
107 73 63461091
73 107 63446280
131 119 63445920
131 119 63441240
131 119 63421140
111 79 63203160
131 119 63183000
111 79 63167160
116 73 62936380
116 27 62824776
116 28 62824776
116 98 62824776
116 111 62824776
116 35 62824776
116 85 62824776
116 36 62824776
136 25 62595300
25 85 62498640
141 107 62487540
25 42 62432040
25 136 62432040
116 27 62424560
116 28 62424560
116 111 62424560
116 25 62424560
116 36 62424560
116 27 62424128
116 28 62424128
116 98 62424128
116 111 62424128
116 35 62424128
116 85 62424128
116 88 62424128
116 36 62424128
116 27 62422995
116 28 62422995
116 98 62422995
116 111 62422995
116 35 62422995
116 85 62422995
116 36 62422995
136 25 62409600
136 25 62352060
25 136 62340120
47 110 62313180
136 42 62267340
106 141 62260320
116 73 62239446
25 147 61907580
25 122 61907580
116 73 61879493
116 111 61824118
116 85 61824118
116 111 61821938
107 73 61810873
34 80 61715622
122 42 61711440
122 25 61711440
122 136 61711440
122 147 61711440
116 73 61700214
116 85 61660580
116 85 61652033
107 88 61648113
88 107 61634460
116 73 61617088
116 111 61617088
116 129 61617088
116 36 61617088
116 85 61574096
116 73 61573623
141 73 61321860
141 107 61321860
25 136 61218540
72 86 61164300
72 65 61125600
116 35 61121159
122 42 61100580
122 25 61100580
116 73 60577931
25 42 60130080
25 42 60094080
47 110 60071340
47 110 60071160
88 141 59914860
47 110 59896020
47 110 59895360
88 141 59878860
116 73 59566491
131 3 59549820
25 85 59397900
85 25 59377080
116 73 59372475
116 141 59372475
116 106 59372475
116 85 59372475
149 90 58928220
25 122 58885740
116 73 58789946
116 111 58788680
47 110 58682940
25 122 58623060
107 73 58614840
25 147 58192140
25 42 58191960
25 136 58191960
25 122 58191960
25 122 58191240
116 35 58178577
116 73 58161593
131 85 58065960
25 136 58063500
25 122 58057620
25 42 57981540
25 136 57981540
25 122 57981540
149 42 57975180
149 25 57975180
149 107 57975180
149 42 57972180
149 25 57972180
149 107 57972180
111 73 57465480
111 73 57449760
25 42 57415080
25 122 57414900
79 25 57377280
25 147 57325980
25 122 57325980
116 85 57320533
25 42 57225900
25 136 57225900
25 122 57225900
25 79 57124380
149 42 57052680
149 25 57052680
149 107 57052680
25 111 57050040
88 73 57035040
116 85 56873376
25 136 56815680
116 111 56789795
116 111 56779451
47 110 56775420
116 111 56734500
116 111 56386856
116 85 56299910
116 73 56299626
116 85 56279737
149 42 56268840
149 25 56268840
149 107 56268840
116 85 56216367
116 73 56187220
116 111 56184769
116 73 56183434
25 136 55896780
79 111 55867740
79 88 55867740
149 42 55832280
149 25 55832280
149 107 55832280
79 111 55831620
149 42 55829520
149 25 55829520
149 107 55829520
79 111 55828140
79 88 55828140
149 42 55827360
149 25 55827360
149 107 55827360
149 42 55813980
149 25 55813980
149 107 55813980
47 110 55749540
47 110 55748640
47 110 55747860
25 136 55693500
47 110 55652280
47 110 55652160
72 86 55498920
72 90 55498920
25 42 55484340
149 42 55214040
149 25 55214040
149 107 55214040
116 85 55141393
116 111 55141307
111 79 54963180
79 111 54962640
116 111 54924882
149 42 54757380
149 25 54757380
149 107 54757380
79 111 54710160
79 88 54710160
116 73 54657066
149 42 54630600
149 25 54630600
149 107 54630600
88 73 54607320
149 42 54603360
149 25 54603360
149 107 54603360
116 85 54552714
107 88 54498660
116 129 54482005
107 88 54480840
107 88 54455460
107 88 54437640
149 42 54429300
149 25 54429300
149 107 54429300
25 42 54423780
25 136 54393840
111 73 54369540
73 111 54356580
136 41 54010080
136 42 54010080
136 25 54010080
136 147 54010080
136 122 54010080
111 73 53943720
25 136 53873160
25 122 53873160
25 136 53872560
107 73 53843820
111 73 53784600
79 111 53419620
149 73 53314860
149 107 53314860
47 110 53234580
25 85 53152260
25 42 52800000
149 90 52709460
47 110 52546320
47 110 52545780
122 25 52541640
73 111 52096380
111 73 52094820
25 136 51964560
25 42 51624900
25 136 51624900
25 147 51624900
25 122 51624900
25 147 51489780
25 122 51489780
88 73 50810100
88 141 50810100
88 107 50810100
73 111 50453880
111 73 50296200
111 73 49787100
107 73 49698480
82 3 49618020
47 110 49263840
47 110 49263600
25 136 49122060
25 136 49121640
25 136 49038420
25 136 49037940
25 136 49037520
107 73 48479880
88 85 48325080
122 25 48031560
122 25 47961120
82 3 47889900
25 42 47710800
47 110 47284260
25 136 47135340
88 73 47118960
25 136 47044440
25 136 47039220
47 110 46756380
82 3 46591920
122 25 46583340
47 110 46244100
88 141 45491700
25 136 45458760
25 42 45390600
25 136 45390600
25 147 45390600
25 122 45390600
82 3 45381420
107 88 45366720
47 110 44942040
25 136 44331300
111 35 44261460
47 110 44250480
25 147 44196420
25 122 44196420
111 79 44073540
25 122 44025060
82 3 43219620
111 73 42877500
25 136 42298680
25 147 42203700
25 136 42203580
25 136 42203400
25 136 42203220
25 122 42202980
25 122 42202620
25 42 42195180
149 90 42021720
73 107 41386260
111 79 40447320
25 42 40012620
131 122 39939660
111 73 39342420
107 88 38993160
25 136 36923160
25 136 36922800
131 34 35797020
25 136 35356860
131 3 34752960
131 3 34653300
25 136 34466100
131 34 33976680
34 131 33806460
88 141 33798480
131 34 33550020
111 141 32597760
111 116 32597760
111 107 32597760
34 131 31979220
131 34 31725600
34 131 31717680
131 34 31712220
131 82 30946740
131 34 30931980
131 34 30428640
34 131 30428220
131 34 30415800
131 34 30259740
3 82 30177300
3 82 29810760
82 3 29745840
82 3 29722560
3 82 29224800
3 82 29223960
3 82 29207280
3 82 29033640
131 3 28455180
3 82 28454880
82 3 28101360
82 3 28074840
82 3 28025340
88 107 26637840
88 73 26636280
88 73 25423500
88 73 23101440
141 98 22561800
82 3 20656680
88 41 20153700
88 73 20153700
88 119 20153700
88 41 19034880
88 136 19034880
