0 1 98277034
0 1 94565223
0 1 94536423
0 1 94390069
18 19 90392693
19 15 90312397
1 20 89731765
15 19 89006102
15 19 88852288
19 15 88523527
19 15 87974405
20 19 87393754
20 18 87393754
30 36 86679590
36 38 86677659
81 70 86610963
81 71 86610963
81 30 86610963
81 84 86610963
81 85 86610963
81 36 86610963
81 89 86610963
81 70 86596563
81 71 86596563
81 30 86596563
81 84 86596563
81 85 86596563
81 36 86596563
81 89 86596563
81 71 86550104
81 30 86550104
81 84 86550104
81 85 86550104
81 36 86550104
81 70 86539725
81 71 86539725
81 55 86539725
81 58 86539725
66 87 86539407
81 71 86535704
81 30 86535704
81 84 86535704
81 85 86535704
81 36 86535704
0 71 86535196
0 30 86535196
0 89 86535196
0 66 86518244
0 87 86518244
0 71 86505768
0 30 86505768
0 89 86505768
71 70 86448387
71 81 86448387
71 58 86448387
19 15 86437413
36 53 86427956
36 54 86427956
36 38 86427685
81 70 86426742
36 53 86423497
36 54 86423497
36 53 86423491
36 54 86423491
36 53 86423393
36 54 86423393
81 70 86419873
81 70 86371521
81 71 86275903
81 70 86275512
71 70 86265309
71 81 86265309
71 58 86265309
81 70 86196287
81 85 86196287
81 38 86196287
81 36 86196287
81 89 86196287
36 38 86166119
84 63 86112501
19 15 86105354
0 66 86100078
0 87 86100078
30 70 86091694
0 71 86086157
0 30 86086157
0 89 86086157
0 66 86000691
0 87 86000691
36 38 86000677
38 36 85994087
38 30 85993620
38 89 85993620
0 71 85989633
0 30 85989633
0 89 85989633
87 66 85950101
70 81 85936465
70 71 85935156
70 81 85935156
78 85 85928332
0 66 85925518
0 87 85925518
30 36 85896708
81 70 85893486
81 70 85892517
70 81 85847490
30 38 85838991
30 36 85838991
30 36 85817337
81 36 85808322
81 70 85655022
0 66 85595718
0 87 85595718
70 81 85583906
66 87 85574514
87 66 85518128
0 66 85510054
0 87 85510054
87 66 85496783
81 85 85477658
0 66 85335502
0 71 85335502
0 87 85335502
104 70 85326926
104 106 85326926
104 18 85326926
81 36 85314259
36 81 85254077
81 36 85242353
81 36 85240813
81 36 85238453
87 66 84993761
0 66 84993197
0 71 84993197
0 87 84993197
81 36 84983761
81 36 84982269
87 66 84974456
0 66 84907671
0 71 84907671
0 87 84907671
87 66 84885893
87 66 84885750
87 66 84885685
0 66 84820190
0 71 84820190
0 87 84820190
104 70 84811762
104 106 84811762
104 18 84811762
104 70 84803774
104 106 84803774
104 18 84803774
66 87 84799477
0 66 84648246
0 71 84648246
0 87 84648246
87 66 84621312
54 53 84620891
15 19 84607913
19 15 84600616
15 19 84598861
19 15 84598594
19 15 84597519
19 15 84543684
81 36 84467843
0 66 84383393
0 71 84383393
0 87 84383393
104 70 84375788
104 106 84375788
104 18 84375788
104 70 84369530
104 106 84369530
104 18 84369530
104 70 84367795
104 106 84367795
104 18 84367795
81 71 84351581
38 1 84345416
38 81 84345130
89 0 84291439
1 38 84283183
41 115 84282834
81 116 84281435
104 70 84280283
104 106 84280283
104 18 84280283
19 15 84273966
70 81 84268343
81 70 84268243
87 66 84194828
89 66 84194630
87 66 84194434
89 66 84180230
104 70 84176069
104 106 84176069
104 18 84176069
0 66 84123152
0 71 84123152
0 87 84123152
81 70 84116591
81 85 84116591
81 38 84116591
81 36 84116591
81 89 84116591
89 71 84101432
70 81 84089953
81 70 84085282
89 0 84031145
81 85 84030673
89 81 84027500
104 70 84019464
104 106 84019464
104 18 84019464
104 70 83993921
104 106 83993921
104 18 83993921
104 70 83764727
104 106 83764727
104 18 83764727
81 85 83761729
81 85 83759108
0 66 83753427
0 71 83753427
0 87 83753427
115 41 83747856
81 85 83744089
81 71 83689881
81 36 83689881
85 38 83686450
85 36 83686450
87 66 83681037
87 66 83680875
81 71 83679597
81 36 83679597
81 36 83673480
87 66 83672164
81 36 83668778
19 15 83662832
81 70 83603809
81 85 83603809
81 38 83603809
81 36 83603809
0 66 83603438
0 71 83603438
0 87 83603438
81 70 83601482
18 106 83599226
81 71 83569690
71 81 83568517
81 71 83567555
71 81 83567416
81 71 83567176
20 18 83437338
19 15 83416476
104 70 83415524
104 106 83415524
104 18 83415524
20 33 83414792
81 70 83410003
81 85 83410003
81 38 83410003
81 36 83410003
81 89 83410003
81 70 83397184
33 20 83391222
81 36 83152695
19 33 83144562
19 18 83144562
20 33 83139314
20 18 83139314
19 15 83131128
0 66 83089472
0 71 83089472
0 87 83089472
81 85 83079062
81 38 83079062
81 36 83079062
0 71 83065583
20 18 83040606
81 71 82964799
19 33 82955229
19 20 82955229
81 53 82555036
78 85 82536905
78 85 82471671
58 0 82449057
81 71 82355658
33 20 82269340
104 70 82207419
104 106 82207419
104 18 82207419
124 78 82204650
78 124 82204528
19 33 82191539
66 87 81948626
53 81 81945861
81 70 81848963
81 30 81848963
81 84 81848963
81 85 81848963
81 38 81848963
81 36 81848963
30 53 81848366
81 53 81848045
0 58 81843426
125 41 81842223
125 51 81842223
125 55 81842223
125 36 81842223
125 48 81842223
33 20 81779912
33 20 81774729
38 48 81770773
33 20 81754214
89 71 81700758
0 71 81684790
81 70 81586854
81 30 81586854
81 84 81586854
81 85 81586854
81 38 81586854
81 36 81586854
33 106 81325683
33 18 81325683
78 124 81323920
81 36 81316887
33 20 81265512
33 18 81265512
33 20 81263688
33 18 81259797
78 124 81250346
78 85 81182394
38 48 81169389
30 36 81155875
87 66 81101866
58 0 81085864
81 36 81084123
87 66 81078574
19 15 81067910
33 18 81065839
81 36 81062131
81 36 81060513
19 20 81056049
71 81 81016376
33 18 80972688
106 70 80920573
85 55 80917748
81 129 80718183
20 33 80643411
20 18 80643411
81 129 80639351
81 129 80639152
33 20 80638959
33 18 80638959
129 81 80638448
129 81 80634165
78 85 80560139
33 20 80549609
70 81 80548176
81 106 80495033
36 53 80490504
71 81 80484889
20 33 80480808
0 55 80479593
0 58 80479593
19 15 80476081
0 55 80473899
0 58 80473899
81 71 80472168
81 55 80472168
81 85 80472168
20 18 80470030
38 55 80467846
129 70 80453043
20 18 80395760
71 81 80390550
20 33 80378954
70 81 80310797
20 33 80193307
33 20 80159942
20 33 80145848
33 20 80139001
20 33 80138244
33 20 80138091
20 33 80136969
33 20 79979681
33 20 79967947
20 33 79961691
78 85 79955720
58 0 79952434
0 55 79952432
0 58 79952432
20 18 79946578
20 18 79946517
124 85 79941679
85 124 79936782
66 87 79890820
20 18 79882959
20 33 79882467
33 20 79882228
20 18 79882086
124 85 79881963
20 33 79876200
33 20 79873919
30 36 79858734
20 18 79855200
78 85 79853599
20 33 79853498
78 85 79789202
41 115 79788386
30 36 79786142
18 20 79783097
78 85 79782907
0 55 79781485
124 119 79781432
85 78 79779286
41 115 79779007
115 41 79778892
41 115 79778805
115 41 79778687
78 85 79778038
33 18 79776837
20 33 79773390
20 18 79711969
55 81 79606383
41 115 79523012
33 18 79515669
124 119 79515149
55 0 79514985
19 15 79451435
66 117 79448337
70 71 79440127
71 81 79437624
81 71 79436174
71 81 79432555
71 81 79429466
55 78 79427626
124 85 79424876
0 55 79422479
0 58 79422479
33 18 79350226
119 124 79346746
119 124 79345979
18 20 79330212
55 78 79329420
20 18 79326754
66 87 79275275
78 55 79265862
127 106 79265461
20 33 79264288
33 20 79263741
20 18 79258477
38 36 79258084
0 55 79257875
0 58 79257875
0 55 79254198
0 58 79254198
70 71 79249974
41 115 79243493
115 41 79186010
70 71 79171641
70 0 79171641
70 58 79171641
119 124 79168266
20 18 79095916
66 117 78932927
66 87 78932927
20 18 78932692
20 18 78931281
33 20 78930516
20 18 78928539
53 81 78912550
124 119 78912067
119 85 78901633
58 71 78842555
53 81 78824275
58 0 78810606
20 18 78807685
66 87 78776415
20 33 78772787
20 33 78765878
20 18 78765878
81 30 78764963
81 84 78764963
81 85 78764963
81 38 78764963
81 36 78764963
18 33 78759904
18 20 78759904
66 87 78753905
66 87 78753664
78 85 78752790
20 33 78743044
78 85 78735746
33 18 78734254
0 55 78729050
0 58 78729050
19 15 78675482
119 124 78672285
124 119 78671612
119 124 78671420
78 55 78661945
78 85 78661945
127 1 78653131
1 127 78649895
78 85 78644495
20 18 78594809
58 0 78578029
53 36 78577137
0 58 78575882
85 78 78574491
124 119 78566548
119 124 78564958
58 0 78563197
58 0 78563146
58 0 78563016
58 0 78563001
20 33 78561501
0 58 78559882
58 71 78319082
38 36 78305178
78 55 78298980
78 85 78298980
78 55 78298851
78 85 78298851
18 20 78298100
53 81 78297602
1 38 78245108
1 48 78245108
78 55 78231968
58 0 78224011
20 18 78223171
58 0 78219854
78 85 78218923
55 85 78216046
85 55 78211417
36 53 78147679
85 78 78146592
19 15 78129720
58 0 78125901
58 0 78124184
18 106 78121826
20 18 78121518
18 20 78121225
66 87 78082445
18 20 78066199
125 55 78065072
115 41 78056009
20 18 78052979
0 58 78042063
124 119 78040239
33 18 78037374
58 0 77980191
55 58 77977755
1 127 77966866
129 81 77786010
58 0 77721828
89 53 77718443
81 55 77716803
124 119 77716503
129 81 77715807
129 81 77715642
36 38 77696199
66 87 77626322
81 129 77622966
81 129 77622809
78 55 77622039
78 85 77622039
119 124 77610860
124 119 77606683
81 85 77601679
81 85 77601613
85 81 77601516
18 33 77599933
89 71 77551823
129 106 77551799
81 85 77551262
58 0 77541294
18 33 77537896
58 0 77535237
78 55 77527937
64 87 77527873
78 55 77518117
78 85 77518117
1 38 77460604
66 87 77460536
0 55 77451792
0 58 77451792
0 55 77451304
0 58 77451304
0 55 77446964
20 18 77444942
129 81 77444791
81 129 77444763
129 81 77443217
0 55 77431224
104 70 77376049
104 106 77376049
104 129 77376049
104 81 77376049
104 18 77376049
36 38 77364582
0 55 77364485
0 58 77364485
58 0 77364437
18 33 77363352
129 70 77362001
0 55 77359848
0 58 77359848
70 71 77359465
0 58 77346495
66 87 77284129
55 78 77188592
0 55 77108491
0 58 77108491
0 55 77106517
0 58 77106517
78 55 77102330
55 36 77099200
85 81 77090173
58 55 77033690
58 0 77028770
124 119 77010841
124 119 77009388
89 91 77005187
33 20 76996804
20 33 76990889
70 71 76945625
124 55 76936090
124 85 76936090
55 78 76934613
20 33 76932008
124 55 76914134
81 129 76849923
58 0 76848459
78 55 76839469
78 55 76828005
78 55 76825300
33 20 76824354
58 0 76755210
119 124 76751530
119 124 76748558
78 55 76748459
19 15 76738259
125 36 76733275
129 81 76733174
15 19 76732891
81 129 76689470
81 85 76509938
117 66 76502795
117 87 76502795
104 106 76477136
0 55 76420080
125 41 76412553
125 51 76412553
125 55 76412553
125 38 76412553
125 36 76412553
125 48 76412553
78 124 76405047
58 55 76403381
55 58 76401792
58 55 76395510
81 70 76335407
70 81 76335141
129 81 76330600
58 55 76323881
58 0 76323881
19 15 76323500
38 36 76321123
129 81 76316110
33 20 76315805
119 124 76313095
81 85 76307681
19 15 76305663
33 18 76229781
1 38 76221893
18 106 76216984
53 36 76216772
78 85 76169398
81 70 76161440
81 53 76161440
58 0 76160813
38 36 76160199
124 51 76159529
85 81 76157063
58 55 76156583
58 0 76156583
0 55 76141174
0 55 76141122
19 33 76139874
15 19 76127569
81 129 76086402
55 0 75971160
55 58 75971160
58 0 75906977
58 0 75906946
58 0 75903345
0 55 75893497
0 58 75893497
81 33 75815106
81 129 75815106
70 71 75812122
125 41 75806213
125 51 75806213
125 55 75806213
125 38 75806213
125 36 75806213
125 48 75806213
58 0 75796566
87 84 75744095
0 55 75726192
0 58 75726192
78 55 75725995
0 58 75721612
85 78 75715194
58 0 75712965
0 58 75711774
78 85 75711032
119 124 75708492
78 55 75705936
119 124 75705842
55 78 75704464
78 55 75702830
124 55 75645922
66 84 75634992
66 87 75634992
78 85 75633099
85 124 75629583
78 55 75625536
53 81 75622617
78 85 75622242
70 71 75621178
78 55 75618651
0 55 75618635
0 58 75618635
81 53 75613135
85 81 75558186
81 85 75557973
85 124 75554977
124 119 75554720
124 85 75554590
124 119 75553224
85 81 75550046
33 18 75547649
55 0 75531845
119 124 75531300
104 70 75529744
85 124 75529439
70 104 75528875
85 124 75526779
104 70 75520980
0 58 75294914
78 85 75290703
81 85 75288774
33 18 75288512
85 81 75284759
0 58 75280543
58 0 75274597
87 66 75224657
66 87 75215156
55 119 75213195
85 78 75206705
78 55 75186832
78 55 75185552
78 55 75184824
33 18 75184641
78 55 75184476
81 53 75182245
81 30 75182245
81 85 75182245
81 38 75182245
81 36 75182245
81 124 75182245
81 48 75182245
66 84 75124971
78 55 75124239
81 30 75110828
81 84 75110828
81 85 75110828
81 38 75110828
81 36 75110828
78 55 75110341
78 55 75107793
20 33 75101878
55 78 75100551
85 81 75099344
78 55 75097473
78 55 75097195
81 85 75095830
85 81 75095658
33 18 75027836
55 78 75027082
124 119 75026395
102 117 75023271
66 87 75022053
70 71 74951275
124 119 74943518
33 20 74939744
124 119 74935549
78 55 74934866
78 85 74924106
20 33 74919999
15 19 74917980
19 15 74917636
18 106 74687425
18 106 74683941
85 124 74610870
78 55 74600025
125 41 74598328
125 51 74598328
125 55 74598328
125 38 74598328
125 36 74598328
125 48 74598328
33 20 74592637
0 55 74585234
124 85 74519723
85 78 74500514
124 119 74437158
119 124 74429336
33 20 74405689
78 55 74405637
55 78 74403114
15 19 74397260
19 15 74352786
19 15 74338952
125 54 74322553
66 87 74077167
89 30 74073834
125 36 74070723
19 15 74068707
78 85 74059246
85 78 74059094
81 129 74000481
41 115 73988341
66 87 73987810
55 78 73981911
125 41 73981804
125 51 73981804
125 55 73981804
125 38 73981804
125 36 73981804
125 48 73981804
78 55 73979950
78 85 73979012
78 55 73974049
125 41 73888856
78 55 73465672
89 81 73459945
78 55 73459327
20 33 73449382
78 55 73399785
125 36 73392913
53 81 73377119
78 55 73373671
125 41 73367226
87 66 73329344
53 81 73296593
85 78 73231178
85 55 73210929
85 78 73210929
15 19 73199639
66 87 72880148
66 87 72879984
18 33 72872056
18 20 72872056
66 87 72871005
66 87 72798204
87 66 72796997
81 70 72710132
66 84 72704943
1 138 72689691
1 48 72689691
119 124 72688035
119 124 72687386
78 55 72615397
78 85 72615397
18 33 72615103
18 106 72615103
18 20 72615103
78 55 72614270
78 55 72610083
78 85 72610083
125 53 72598907
125 55 72596965
78 85 72592841
78 55 72592611
66 84 72545630
85 78 72538103
19 15 72535456
78 85 72531762
125 41 72528162
125 51 72528162
125 55 72528162
125 38 72528162
125 36 72528162
125 48 72528162
78 55 72523856
18 20 72515112
104 70 72498850
104 106 72498850
104 129 72498850
104 81 72498850
104 18 72498850
106 33 72356464
106 70 72356464
106 129 72356464
106 81 72356464
106 20 72356464
106 18 72356464
104 70 72277462
104 106 72277462
104 129 72277462
104 81 72277462
104 18 72277462
78 85 72265638
78 55 72265092
106 63 72176245
106 64 72176245
106 33 72176245
106 91 72176245
106 30 72176245
106 129 72176245
106 81 72176245
106 84 72176245
106 85 72176245
106 20 72176245
106 104 72176245
106 38 72176245
106 36 72176245
106 18 72176245
106 89 72176245
66 87 72120199
66 87 72120150
18 20 72102041
78 55 72082347
15 19 72068466
104 70 72006541
104 106 72006541
104 129 72006541
104 81 72006541
104 18 72006541
78 55 71991625
15 19 71983752
55 78 71925006
15 19 71914244
15 19 71902080
19 15 71901083
78 55 71900134
15 19 71896416
87 66 71754761
87 66 71604580
66 87 71577139
78 55 71567551
134 30 71472746
70 71 71417393
70 0 71417393
70 58 71417393
85 81 71051459
81 125 70984156
78 55 70965534
78 55 70956882
78 85 70953192
70 71 70892074
78 55 70890843
78 55 70875860
71 70 70806949
78 55 70795001
78 55 70790291
78 85 70790206
78 55 70707367
78 55 70694483
87 66 70449128
19 15 70374461
78 55 70347908
78 55 70282609
78 55 70261759
15 19 70206481
30 36 70184207
78 55 70177122
15 19 70164495
81 70 70116642
81 30 70116642
81 84 70116642
81 85 70116642
81 38 70116642
81 36 70116642
78 55 70109466
20 33 70096702
20 18 70096702
15 19 69859343
55 78 69842119
78 55 69841917
55 78 69771615
78 55 69764456
78 55 69680836
15 19 69561165
15 19 69486628
15 19 69474169
19 15 69253012
66 87 69156975
125 55 69068901
70 71 69058307
70 0 69058307
70 58 69058307
70 71 68974528
20 18 68608694
81 70 68556337
71 70 68555513
70 71 68554288
70 71 68553550
30 36 68540656
70 71 68535062
78 55 68472877
71 70 68464654
78 55 68458943
30 36 68439661
30 36 68439481
30 36 68439379
30 36 68439208
19 15 68387944
78 55 68362930
15 19 68268405
78 85 68018635
66 87 67962416
66 87 67962234
85 81 67948680
78 85 67939370
78 85 67938353
78 55 67776214
78 55 67700733
102 117 67617883
78 55 67332147
78 55 67332121
78 55 67329837
36 53 67259844
36 53 67258387
36 54 67258387
36 55 67258387
36 125 67258387
66 84 67246488
66 87 67246488
85 55 67091837
81 71 67091460
20 33 67073580
81 70 67073510
81 71 67073510
81 71 67055460
19 15 66999480
66 87 66738209
19 15 66070380
19 15 65959260
143 78 65939280
71 145 65880060
71 145 65875140
71 145 65844060
71 145 65839140
145 0 65597640
19 15 65556540
71 145 65525580
0 55 65507760
0 58 65507760
36 125 65500995
71 145 65489580
58 71 65486940
58 0 65486940
71 145 65456460
71 145 65456400
71 145 65455620
125 36 65431077
145 71 65428140
71 145 65420460
71 145 65420400
71 145 65419620
19 15 65371260
15 19 65369400
81 53 65365502
18 20 65334284
145 0 65328240
0 55 65317260
0 58 65317260
53 81 65302800
53 81 65284804
15 19 65279700
53 36 65254512
48 138 65251956
48 38 65251956
0 55 65245200
0 58 65245200
0 58 65243940
0 55 65236080
0 58 65236080
145 0 65233980
1 38 65009386
138 38 65005921
36 53 65004087
1 138 65000874
15 19 64912260
145 71 64905360
116 81 64898221
116 85 64898221
58 0 64883700
0 55 64826400
0 58 64826400
1 138 64823160
0 55 64820160
0 58 64820160
145 0 64800780
145 71 64797180
71 145 64757940
125 53 64732363
125 54 64732363
125 36 64732363
116 30 64728947
116 81 64728947
116 38 64728947
116 36 64728947
145 71 64728840
0 55 64727640
0 58 64727640
145 71 64723320
71 145 64721940
0 55 64719960
0 58 64719960
58 0 64713720
145 0 64710360
15 19 64424160
116 36 64318911
138 1 64303959
78 85 64301760
0 55 64285800
0 58 64285800
0 55 64285500
0 58 64285500
18 33 64252980
18 20 64252980
66 87 64250604
66 87 64239804
1 53 64227241
71 145 64154400
18 33 64144440
116 1 64139216
116 66 64139216
116 41 64139216
116 51 64139216
116 53 64139216
116 54 64139216
116 134 64139216
116 125 64139216
116 84 64139216
116 138 64139216
116 38 64139216
116 87 64139216
116 36 64139216
116 127 64139216
116 48 64139216
0 58 64130760
145 71 64130040
1 53 64126246
125 36 64119054
71 145 64118400
0 145 64113840
145 71 64110240
18 33 64108440
71 58 64084800
143 78 64053780
116 85 64052557
71 58 64048800
0 55 64030140
0 58 64030140
0 145 64030140
0 55 64029600
0 58 64029600
0 145 64029600
0 55 64025340
0 58 64025340
0 145 64025340
138 38 63793481
125 36 63777581
125 36 63692990
58 0 63687480
143 78 63678060
145 71 63643260
145 71 63642720
116 81 63631935
71 145 63624000
145 71 63607260
145 71 63606720
0 55 63591240
0 58 63591240
0 145 63591240
71 145 63588000
18 33 63547500
18 20 63547500
145 58 63521640
145 71 63511740
18 20 63469080
145 71 63428220
78 85 63426480
78 85 63419760
85 78 63418800
36 38 63180938
0 58 63174900
58 0 63174180
55 38 63163380
146 48 63135420
1 53 63114600
1 138 63114600
18 33 63113040
18 20 63113040
146 48 63099420
0 55 63079800
0 58 63079800
0 145 63079800
1 53 63078600
1 138 63078600
38 138 63033420
41 115 63019235
71 145 63006300
71 145 63000960
38 138 62997420
58 0 62905500
145 71 62897820
71 145 62895180
18 33 62872500
18 20 62872500
1 38 62867220
115 41 62856973
81 71 62856780
1 38 62831220
116 84 62824776
116 85 62824776
116 38 62824776
116 36 62824776
78 143 62558760
78 85 62558760
87 66 62530800
78 143 62465160
116 81 62424560
116 38 62424560
116 36 62424560
116 81 62424128
116 84 62424128
116 85 62424128
116 38 62424128
116 36 62424128
116 81 62422995
116 84 62422995
116 85 62422995
116 38 62422995
116 36 62422995
117 63 62404440
55 143 62400420
71 145 62383920
18 33 62324280
0 58 62322660
58 0 62322540
58 145 62322540
143 147 62294940
0 55 62291700
0 58 62291700
0 145 62291700
18 33 62288280
81 85 62266560
81 38 62266560
81 85 62248602
81 38 62248602
81 36 62248602
116 81 62239665
116 81 62239446
116 18 62239085
143 147 62211780
71 145 62208840
71 145 62127780
1 138 62015820
138 1 61990800
138 38 61990800
1 138 61979820
58 71 61974660
0 55 61968600
0 58 61968600
0 145 61968600
138 1 61954800
138 38 61954800
18 20 61942920
145 0 61879260
117 66 61871700
117 84 61871700
117 87 61871700
117 102 61856820
116 85 61824118
117 63 61803060
0 55 61785840
0 58 61785840
0 145 61785840
0 58 61771680
0 145 61771680
1 138 61735500
116 81 61700214
1 138 61699500
145 0 61687020
145 58 61687020
116 85 61660580
38 1 61655040
38 146 61655040
38 138 61655040
38 48 61655040
116 85 61652033
38 1 61650660
38 146 61650660
38 138 61650660
38 48 61650660
18 20 61629600
0 55 61629540
0 58 61629540
0 145 61629540
58 0 61626660
58 145 61626660
58 0 61621380
38 1 61619040
38 146 61619040
38 138 61619040
38 48 61619040
145 0 61617600
145 58 61617600
145 0 61617300
145 58 61617300
58 55 61617180
116 129 61617088
116 81 61617088
116 36 61617088
38 1 61614660
38 146 61614660
38 138 61614660
38 48 61614660
145 0 61614240
145 58 61614240
58 55 61603860
18 20 61599060
116 85 61574096
143 78 61396560
20 18 61389996
117 63 61371360
143 78 61360560
87 84 61334580
1 38 61318020
78 143 61302720
78 143 61299900
1 38 61289820
145 58 61282560
1 38 61282020
0 55 61279920
0 58 61279920
0 145 61279920
116 81 61273268
58 0 61255740
1 38 61253820
78 55 61212360
78 143 61209060
143 55 61187640
145 71 61186200
0 55 61176540
0 58 61176540
0 145 61176540
145 0 61175700
145 58 61175700
81 53 61136580
81 53 61129140
143 78 61107180
71 145 61103340
58 145 61100040
145 71 61092360
117 63 61089660
0 55 61088100
0 58 61088100
0 145 61088100
55 143 61066500
55 78 61066500
55 143 61030500
55 78 61030500
145 0 61018560
145 58 61018560
71 145 61016880
145 0 61015800
145 58 61015800
145 0 61010040
145 58 61010040
18 33 61004700
18 20 61004700
145 58 60999180
145 0 60761700
145 58 60761700
0 55 60753540
0 58 60753540
0 145 60753540
87 84 60737100
143 78 60729300
143 85 60709260
143 85 60673260
145 0 60582660
145 58 60582660
145 0 60581640
145 58 60581640
143 78 60572700
116 81 60502049
81 53 60430620
53 81 60427380
71 145 60417840
58 0 60414000
58 145 60414000
71 145 60400620
71 145 60400440
81 53 60394620
58 0 60393720
81 53 60377400
81 53 60341400
71 145 60336060
0 58 60161640
143 78 60146880
55 143 60131760
55 78 60131760
78 143 60080040
0 58 60075060
0 145 60075060
145 0 60073380
145 58 60073380
78 143 60044040
143 78 60030240
87 66 60025860
87 66 60022560
87 66 60022140
143 78 59993940
18 20 59981280
55 143 59975400
55 143 59974920
66 117 59970720
1 138 59967480
116 81 59899334
0 145 59890320
58 0 59878500
58 0 59877480
143 78 59877300
143 78 59870520
55 78 59844360
55 85 59844360
55 143 59823000
78 143 59817960
78 85 59817960
38 146 59812140
38 48 59812140
55 143 59811840
55 78 59808360
55 85 59808360
143 78 59794080
78 143 59568660
116 81 59566491
0 58 59530500
0 145 59530500
78 143 59501760
78 143 59477520
78 143 59462160
58 145 59453940
145 58 59448780
143 78 59438880
55 78 59415180
78 55 59398020
55 143 59383980
55 143 59383860
143 78 59379540
143 55 59378340
55 78 59375580
116 106 59372475
116 81 59372475
116 85 59372475
0 55 59366100
0 58 59366100
0 145 59366100
0 58 59357880
58 0 59357400
58 145 59357400
55 143 59351640
18 38 59328300
55 143 59306580
55 143 59306220
81 53 59306160
143 55 59300760
143 78 59300760
58 0 59290140
58 145 59290140
81 53 59266560
55 143 59266020
55 143 59264520
0 58 59263680
55 143 59262900
143 55 59261160
143 78 59261160
117 66 59208120
55 143 59203440
0 58 59202900
0 145 59202900
58 145 58953960
58 0 58951200
0 55 58948920
0 58 58948920
0 145 58948920
148 149 58930680
149 66 58928220
149 78 58928220
149 148 58928220
149 84 58928220
149 87 58928220
148 149 58926840
148 149 58924980
148 149 58924080
143 78 58864140
1 138 58855680
58 145 58852260
145 58 58851420
145 71 58838040
148 149 58837500
148 149 58776840
58 0 58773480
58 145 58762980
71 58 58761060
58 81 58751880
145 71 58676160
145 0 58670760
145 58 58670760
145 0 58669020
145 58 58669020
145 0 58668720
145 58 58668720
81 53 58647240
81 53 58642800
53 81 58642440
81 53 58625220
81 58 58610220
58 81 58609800
81 53 58607640
81 53 58603200
81 53 58585620
148 149 58585320
71 58 58434360
58 0 58339740
116 81 58339405
0 58 58339380
58 0 58339200
58 71 58264980
145 0 58260000
145 0 58259940
71 58 58259820
145 0 58258200
145 0 58253520
145 0 58240680
145 0 58238280
58 0 58234380
143 78 58174080
78 143 58171320
143 78 58171260
78 143 58168260
116 81 58162792
1 138 58152540
116 81 58107677
143 78 58095900
143 85 58095900
78 143 58091220
78 85 58091220
145 58 58085880
0 55 58082760
0 78 58082760
78 143 58058880
78 85 58058880
143 78 58054320
78 143 58002600
58 0 58001280
71 145 58000260
143 78 57997740
58 145 57986400
66 149 57977580
0 55 57731640
0 58 57731640
0 145 57731640
117 66 57729840
117 87 57729840
38 146 57727200
38 48 57727200
66 117 57725820
117 66 57725220
117 87 57725220
143 78 57656820
143 78 57656760
117 66 57648180
117 84 57648180
117 87 57648180
55 78 57633900
55 85 57633900
78 143 57624600
58 145 57555480
145 0 57552120
145 58 57552120
145 0 57539340
145 58 57539340
117 66 57481800
117 84 57481800
117 87 57481800
85 78 57472860
117 66 57470520
66 117 57470400
117 66 57463740
58 145 57461400
117 66 57399120
117 84 57399120
117 87 57399120
66 149 57383760
58 71 57381180
58 0 57377700
58 145 57377700
58 0 57377640
58 145 57377640
117 87 57367560
117 66 57366900
117 87 57366900
116 85 57320533
143 55 57130740
58 0 57103800
58 145 57103800
149 148 57052680
58 145 57050220
145 71 57050040
145 0 57050040
145 58 57050040
117 66 57048660
117 84 57048660
117 87 57048660
58 0 57038880
66 117 57029220
117 66 57023760
85 78 57022500
38 48 57017760
55 0 57017040
117 66 56966640
117 84 56966640
117 87 56966640
117 66 56944200
117 84 56944200
117 87 56944200
38 146 56934720
38 48 56934720
116 85 56873376
58 0 56851140
58 145 56851140
145 0 56849100
145 58 56849100
143 78 56846940
145 0 56772060
145 58 56772060
143 78 56533800
0 55 56532960
0 58 56532960
0 145 56532960
143 55 56526480
38 1 56501640
0 55 56444880
0 55 56439600
0 58 56439600
0 145 56439600
66 149 56436300
1 38 56425500
116 81 56378366
58 0 56345700
0 58 56342400
0 55 56329260
0 58 56329260
0 145 56329260
116 85 56299910
116 85 56279737
116 85 56216367
55 0 56155500
117 66 55928640
117 84 55928640
117 87 55928640
0 58 55925340
78 55 55832580
58 55 55831500
149 148 55829520
149 148 55827360
149 148 55813980
58 0 55813860
58 145 55813860
0 55 55752780
0 58 55752780
0 145 55752780
0 55 55749180
71 145 55739340
58 0 55733100
58 0 55668540
58 145 55668540
58 71 55663860
58 0 55663860
58 145 55663860
0 55 55573920
145 0 55570500
145 58 55570500
58 0 55570260
58 145 55570260
0 55 55555260
0 58 55555260
0 145 55555260
148 63 55549800
148 66 55549800
148 117 55549800
148 78 55549800
148 102 55549800
148 149 55549800
148 84 55549800
148 87 55549800
117 84 55229760
0 55 55218060
0 58 55218060
0 145 55218060
149 148 55214040
117 66 55148880
117 84 55148880
117 87 55148880
1 138 55144020
116 85 55141393
116 38 55141307
145 0 55119840
58 145 54954720
58 145 54953460
58 145 54949560
149 148 54757380
143 78 54696660
149 148 54630600
58 0 54628380
58 145 54628380
1 38 54623760
149 148 54603360
0 58 54601740
0 145 54601740
0 55 54600600
0 58 54600600
0 145 54600600
116 85 54552714
58 0 54544980
58 145 54544980
1 138 54533580
117 66 54531900
117 84 54531900
117 87 54531900
58 0 54516900
58 145 54516900
116 129 54482005
117 102 54456480
117 102 54453000
143 55 54451080
149 148 54429300
0 58 54112740
0 145 54112740
148 149 54106680
58 55 54104160
58 0 53999760
58 55 53942820
58 0 53938200
58 145 53938200
58 145 53935500
58 0 53923500
58 0 53923080
58 0 53854380
58 145 53854380
58 145 53847540
143 78 53755260
143 78 53750160
143 85 53750160
38 146 53738280
38 48 53738280
58 0 53481180
58 81 53428380
58 0 53419920
143 78 53415300
117 102 53407620
117 102 52896000
117 102 52894920
55 143 52871160
55 143 52809480
55 143 52704300
143 78 52621620
143 78 52618500
58 81 52616880
143 78 52615860
55 143 52612560
55 143 52607940
78 143 52557960
58 0 52557780
143 78 52554840
78 143 52551240
0 58 52267620
0 145 52267620
117 66 52219080
117 84 52219080
117 87 52219080
117 66 52218540
117 84 52218540
117 87 52218540
58 0 52204860
58 0 52203660
58 145 52203660
58 0 52199220
58 145 52199220
117 66 52128900
117 84 52128900
117 87 52128900
0 55 52108020
58 145 52100340
58 81 52012320
1 125 51502560
1 138 51411060
117 66 51006420
117 84 51006420
117 87 51006420
58 0 50978040
58 0 50977620
85 143 50917500
55 143 50905380
85 143 50882940
1 138 50882220
143 85 50832120
58 81 50739720
85 143 50715180
58 81 50475360
58 81 50475180
148 63 50389860
148 66 50389860
148 117 50389860
148 78 50389860
148 102 50389860
148 149 50389860
148 84 50389860
148 87 50389860
1 138 50389620
148 63 50378520
148 66 50378520
148 117 50378520
148 78 50378520
148 102 50378520
148 149 50378520
148 84 50378520
148 87 50378520
58 0 50375760
58 145 50375760
104 33 50315820
104 106 50315820
104 81 50315820
104 20 50315820
104 18 50315820
104 33 50315700
104 106 50315700
104 81 50315700
104 20 50315700
104 18 50315700
58 0 50314140
58 81 50312760
20 33 50311620
104 33 50291820
104 106 50291820
104 81 50291820
104 20 50291820
104 18 50291820
148 63 50283600
148 66 50283600
148 117 50283600
148 78 50283600
148 102 50283600
148 149 50283600
148 84 50283600
148 87 50283600
117 102 50220900
20 33 50219520
104 33 50217600
104 106 50217600
104 81 50217600
104 20 50217600
104 18 50217600
104 33 50217540
104 106 50217540
104 81 50217540
104 20 50217540
104 18 50217540
104 33 50217480
104 106 50217480
104 81 50217480
104 20 50217480
104 18 50217480
143 55 50213280
55 143 50208600
143 55 50204400
0 58 50197860
0 145 50197860
149 66 50196480
149 78 50196480
149 84 50196480
149 87 50196480
20 18 50191500
55 143 50142780
149 66 50129100
149 84 50129100
149 87 50129100
149 66 50120580
149 84 50120580
149 87 50120580
149 66 50120160
149 84 50120160
149 87 50120160
149 148 50116620
0 58 50112780
0 145 50112780
0 58 50109240
0 145 50109240
1 38 49876500
58 0 49867260
58 145 49867260
58 81 49852140
0 58 49769880
0 145 49769880
58 71 49712760
143 41 49697820
41 143 49694940
58 0 49618560
58 0 49616640
41 143 49612620
149 71 49600500
149 71 49597080
0 58 49590720
0 145 49590720
66 149 49533900
0 58 49529760
1 138 49527660
148 149 49527480
149 71 49521960
117 102 49518780
117 102 49505160
0 55 49270380
0 58 49270380
0 145 49270380
104 33 49267740
104 106 49267740
104 81 49267740
104 20 49267740
104 18 49267740
18 33 49245600
58 0 49182960
0 55 49171500
0 58 49171500
0 145 49171500
20 18 49152120
58 0 49075380
58 145 49075380
149 78 49004700
149 84 49004700
58 0 48998160
149 66 48993420
149 78 48993420
149 84 48993420
149 87 48993420
58 0 48987720
58 145 48987720
58 0 48986460
38 1 48939240
117 78 48937500
58 81 48915900
58 81 48909540
20 18 48477960
149 148 48402840
55 143 48397440
149 148 48393180
148 149 48390000
1 138 48222720
148 64 48047340
148 66 48047340
148 78 48047340
148 102 48047340
148 84 48047340
148 87 48047340
71 145 47970000
58 81 47966280
0 55 47962380
0 58 47962380
0 145 47962380
0 55 47961360
0 58 47961360
0 145 47961360
145 71 47959560
58 0 47890380
58 0 47889480
78 117 47869440
81 58 47862300
117 66 47807700
117 84 47807700
117 87 47807700
58 0 47801040
58 145 47801040
58 0 47795340
138 1 47794980
81 58 47793000
58 0 47785200
58 0 47782560
58 145 47782560
58 81 47720460
58 0 47714520
58 145 47714520
58 81 47713140
58 81 47711760
149 63 47457180
149 84 47457180
148 149 47457120
0 58 47440260
18 20 47438460
58 81 47367900
143 55 47349000
143 55 47348580
0 58 47344260
148 63 47282040
148 64 47282040
148 66 47282040
148 117 47282040
148 78 47282040
148 102 47282040
148 149 47282040
148 84 47282040
148 87 47282040
149 148 47206500
58 0 47192940
58 145 47192940
143 85 47191800
148 149 47189580
85 143 47186520
149 64 47172660
143 85 47172060
58 81 47111700
85 143 47111640
1 38 47105100
143 85 47101680
85 143 47096580
148 149 47094780
149 148 47092440
58 0 46856820
58 145 46856820
85 143 46854420
143 85 46851120
143 85 46849560
85 143 46846800
143 85 46846080
0 58 46837140
58 81 46761600
58 0 46754880
1 138 46747620
0 55 46743840
0 58 46743840
0 145 46743840
1 38 46736820
148 149 46735980
0 55 46677480
0 58 46677480
0 145 46677480
0 58 46652280
58 0 46592100
148 63 46585200
148 64 46585200
148 66 46585200
148 117 46585200
148 78 46585200
148 102 46585200
148 149 46585200
148 84 46585200
148 87 46585200
58 0 46580220
58 145 46580220
145 71 46578660
38 138 46571700
33 20 46564320
58 0 46505640
71 145 46504380
145 71 46501920
71 145 46490580
145 71 46487100
0 55 46484820
0 58 46484820
0 145 46484820
0 55 46252680
0 58 46252680
0 145 46252680
58 0 46247460
58 145 46247460
0 55 46239960
0 58 46239960
0 145 46239960
71 145 46164240
1 38 46163280
58 81 46160160
0 58 46148520
148 149 46142820
58 81 46138440
1 38 46136580
148 149 46071660
38 138 46063920
38 48 46063920
38 138 46063740
58 0 45983880
58 145 45983880
148 149 45979500
58 81 45974940
1 138 45894180
1 48 45894180
58 0 45637080
58 0 45636120
58 145 45636120
149 63 45556380
149 64 45556380
58 0 45531600
58 145 45531600
38 146 45471900
149 148 45465600
81 58 45453780
58 81 45453660
81 58 45450420
58 81 45443760
81 58 45390660
58 0 45381600
58 0 45381240
0 55 45380100
0 58 45380100
0 145 45380100
58 0 45374520
58 145 45374520
38 146 45370020
38 48 45370020
38 146 45369900
58 0 45288660
58 145 45288660
58 0 45279060
0 55 45040980
0 58 45040980
0 145 45040980
0 55 45037980
0 58 45037980
0 145 45037980
55 0 45019380
55 58 45019380
55 0 45015420
55 58 45015420
0 58 44938800
58 0 44930640
58 145 44930640
38 146 44914920
38 48 44914920
143 58 44869440
143 58 44857440
0 58 44845440
1 138 44773860
149 71 44759280
1 138 44693880
1 138 44693700
1 138 44693100
58 84 44671500
0 55 44668140
0 58 44668140
0 145 44668140
38 1 44610600
1 138 44589060
1 138 44422380
58 0 44172480
58 145 44172480
1 48 44152980
146 38 44093520
0 58 44064420
0 145 44064420
149 63 44061000
58 0 43802640
58 145 43802640
38 48 43797540
58 0 43719720
58 0 43716720
58 145 43716720
41 146 43642080
58 0 43630320
58 145 43630320
58 0 43577580
58 145 43577580
1 138 43542480
1 138 43468920
1 138 43463760
58 0 43217580
1 125 43203600
1 138 43203600
1 138 43193220
1 38 43128000
58 0 42620580
148 149 42594300
149 63 42512520
58 71 42339240
58 84 42339240
58 143 42333840
143 58 42331680
63 149 42281400
149 71 42274200
0 58 42256440
41 146 42255480
149 63 41995260
149 84 41995260
58 143 41991360
148 149 41910120
71 145 41905980
0 58 41905200
145 71 41841480
0 58 41837040
58 0 41825880
58 145 41825880
146 41 41738460
41 146 41737140
1 138 41730720
41 146 41393340
146 41 41392620
41 146 41388120
1 138 41380800
125 41 41315460
125 51 41315460
125 146 41315460
125 38 41315460
125 147 41315460
125 48 41315460
1 138 41314320
1 38 41314320
1 125 41298120
41 125 41298000
149 148 41239020
149 84 41239020
1 138 41234160
1 138 41233800
1 38 41229360
58 0 41225940
58 145 41225940
1 138 41219220
38 146 41217480
38 48 41217480
71 145 41211120
1 138 41145780
149 84 41140860
58 0 41062080
58 145 41062080
1 138 41060640
1 125 40776780
1 138 40776780
1 38 40776780
1 138 40693500
38 1 40617900
38 138 40617900
38 48 40617900
38 146 40617600
38 48 40617600
38 1 40617300
38 138 40617300
38 48 40617300
58 0 40615080
148 149 40537500
58 0 40536900
58 71 40519920
149 64 40490400
149 148 40490400
58 0 40449360
58 145 40449360
58 71 40434180
58 71 40118940
58 0 40109160
58 145 40109160
149 84 40106640
149 87 40106640
58 71 40089180
58 71 40031820
38 146 40026060
38 48 40026060
58 0 40017180
58 0 40004580
58 71 39945420
58 0 39945360
58 145 39945360
58 0 39943740
58 145 39942240
38 146 39934500
58 71 39931860
58 71 39931680
0 58 39912840
0 145 39912840
58 71 39510480
145 58 39502800
58 71 39482880
58 81 39405600
38 48 39405420
145 58 39403980
58 71 39340860
58 145 39327360
58 71 39309840
58 71 39246960
58 81 39232620
71 58 39226800
58 145 38994420
58 71 38994300
145 58 38975460
145 58 38975280
145 58 38975220
145 58 38975100
58 81 38968320
58 145 38965740
58 71 38905560
38 48 38884200
58 71 38820660
58 145 38809500
58 71 38792400
145 58 38731080
58 145 38720820
58 71 38719380
81 58 38715780
58 81 38715540
81 58 38714760
58 71 38714580
58 81 38714580
143 58 38714460
58 143 38712840
58 71 38649660
143 58 38643600
58 71 38640060
58 145 38629620
58 145 38389800
58 71 38376120
1 138 38368260
1 138 38364780
58 71 38361420
1 138 38353980
1 138 38285340
81 58 38278680
81 58 38278620
58 81 38275860
58 81 38275740
1 138 38268240
58 71 38218020
1 138 38200680
58 71 38131320
58 71 38103960
58 71 38102940
1 138 38044680
1 138 38044500
58 145 38042940
58 71 38041980
58 71 37781220
1 38 37754460
58 71 37699020
58 71 37614120
58 145 37598160
145 58 37596420
58 81 37583700
58 71 37581240
58 71 37580700
149 71 37429560
149 148 37429560
58 71 37178100
145 58 37171020
58 145 37170000
1 138 37145220
58 81 37097820
58 71 37090740
58 81 37013160
58 81 37009920
58 81 37007460
38 81 37007100
58 81 37006920
58 81 37006320
58 81 37004220
58 71 37002120
81 58 37000980
81 58 36994920
81 58 36994860
58 71 36983940
145 58 36929040
58 71 36922560
58 145 36920040
58 145 36907080
145 58 36892020
58 71 36890820
145 58 36840780
145 58 36812700
145 58 36811500
145 58 36577320
58 71 36568020
58 145 36566340
58 145 36546300
58 81 36486660
58 71 36486300
81 58 36483900
58 81 36481680
58 71 36469680
145 58 36406200
58 145 36405720
58 145 36405300
145 58 36405060
58 145 36403740
58 145 36403560
58 81 36400980
58 145 36396000
145 58 36390840
58 71 36385800
1 138 36367740
58 145 35971920
81 58 35968440
58 145 35960940
58 145 35950980
58 145 35948220
145 58 35946780
145 58 35945820
145 58 35944920
58 145 35943900
58 145 35939040
58 145 35937840
58 71 35937420
38 1 35935320
145 71 35886660
145 58 35886660
145 58 35866260
145 71 35866080
145 58 35866080
145 71 35865960
145 58 35865960
58 145 35864280
58 71 35863500
58 71 35862720
145 58 35862180
58 81 35860320
58 81 35857800
81 58 35855640
58 81 35855580
58 71 35794680
58 145 35791980
145 58 35779260
58 71 35713140
145 58 35708820
1 138 35682720
58 71 35625540
1 138 35592300
58 71 35365200
1 138 35356080
1 38 35356080
58 71 35344860
146 138 35275560
1 138 35267280
58 20 35266020
20 58 35259120
58 145 35249820
58 71 35193360
58 143 35180460
58 71 35180460
58 145 35180460
58 81 35117160
58 71 35103180
58 145 35075100
58 71 35019780
38 48 35019480
1 125 35015220
1 138 35015220
145 58 35000520
58 71 34990440
145 71 34757280
145 58 34756200
58 145 34739580
145 58 34736700
145 71 34732680
58 71 34676220
58 145 34667820
145 58 34667520
58 71 34660680
58 143 34646520
58 145 34646520
58 84 34594020
58 71 34593000
58 145 34585080
145 58 34564920
58 71 34561440
145 58 34559220
58 145 34558260
58 145 34558200
145 58 34507440
145 58 34413720
145 58 34395900
145 58 34395840
58 71 34156200
58 81 34153680
58 81 34153620
81 58 34153500
58 81 34153380
58 71 34152840
145 58 34129620
58 145 34129140
58 71 34127340
145 58 34070220
58 71 33988080
145 58 33983280
58 145 33970560
58 71 33896460
58 145 33872160
58 145 33867780
58 71 33812460
58 145 33558840
58 71 33553920
145 71 33546720
58 81 33542760
58 71 33465660
58 145 33464760
58 145 33456780
145 58 33453600
145 71 33453420
58 145 33442080
58 145 33437580
58 71 33435600
58 81 33357420
58 145 33357420
58 71 33299340
146 81 33290040
58 145 33266220
145 58 33265260
58 81 32946840
58 71 32941500
58 81 32934660
1 138 32931000
58 71 32861880
58 145 32836260
146 81 32834340
145 58 32829360
58 71 32778360
58 71 32687460
145 58 32659140
58 145 32653140
58 71 32652960
58 71 32342700
145 58 32338020
58 145 32333100
145 71 32331840
145 58 32315820
58 145 32246940
145 58 32237640
145 58 32172600
145 58 32163240
145 58 32158920
58 71 32083740
58 71 31997880
58 145 31997820
145 58 31734600
145 58 31731120
145 58 31657500
58 71 31647480
145 58 31643460
58 145 31642740
58 145 31640760
145 58 31633560
145 58 31632000
145 58 31624680
58 71 31560660
58 71 31556580
58 81 31553460
146 81 31545600
145 58 31543380
58 71 31535460
58 145 31463280
145 58 31455540
1 138 31449480
58 71 31446000
58 71 31135380
58 145 31098960
58 71 31049280
145 58 31047240
58 145 31020600
58 145 31020060
58 145 31018740
58 81 31015800
58 145 31015800
145 58 31015260
58 145 31014960
145 71 31014660
58 71 31012020
58 145 30955860
58 145 30955260
58 145 30951060
58 145 30946980
145 58 30938340
58 145 30933660
58 71 30928680
1 138 30870900
58 145 30868080
58 145 30864420
58 145 30862500
145 81 30794880
145 58 30792180
58 145 30768180
58 145 30763500
1 138 30506460
81 145 30505920
145 81 30501180
38 1 30443880
145 58 30414180
58 145 30408840
58 145 30408660
58 145 30403920
58 145 30359820
58 145 30357180
145 58 30345540
145 58 30345480
145 58 30340140
145 58 30336060
145 58 30331020
145 71 30330060
58 145 30322320
145 58 30275520
145 58 30273300
58 145 30268020
58 145 30266520
58 145 30238440
58 145 30172500
1 138 30165720
1 138 30156180
1 138 30154680
1 138 30146040
58 145 29892720
145 58 29842440
145 58 29841060
58 145 29746920
145 58 29731800
1 38 29720340
58 145 29651520
58 145 29650080
145 58 29644380
145 58 29643900
145 58 29642880
145 58 29548020
145 58 29224680
1 38 29210520
145 58 29137320
58 145 29046960
145 58 29046600
145 58 29036940
58 145 29035860
58 145 28951800
58 145 28512000
58 145 28448940
1 38 28434900
1 138 28430940
58 145 28425120
58 71 28371180
145 58 28344300
58 145 28343760
58 71 28070820
1 138 28004340
1 38 28004340
1 38 28003320
1 138 27994740
1 38 27994740
58 71 27987000
1 138 27898620
1 138 27847380
58 71 27846660
58 71 27813960
1 138 27745320
1 138 27740040
58 145 27735780
1 138 27727200
1 38 27468060
1 38 27466380
81 106 27422100
1 138 27415800
58 145 27404700
58 145 27396480
58 145 27388260
58 71 27386820
58 145 27302100
1 138 27243660
58 145 27243060
58 84 27223260
1 138 27222540
1 38 27222540
58 71 27213240
58 71 26901120
58 81 26892660
58 145 26892660
58 71 26875200
1 138 26871240
1 138 26868660
1 38 26782440
1 138 26779740
1 38 26713440
58 71 26639100
38 1 26618040
58 71 26553900
58 145 26544060
58 71 26541840
58 145 26541840
1 38 26526120
58 71 26291100
58 145 26288580
145 58 26288400
145 71 26276160
58 71 26263200
1 38 26257140
1 38 26257080
58 145 26203140
58 145 26202900
58 145 26199960
1 38 26192280
58 71 26176440
1 38 26110980
58 81 26097300
58 145 26097300
58 71 26037960
58 81 26009940
58 145 26009940
58 71 25950480
58 71 25949820
58 71 25936380
145 58 25931520
38 1 25911660
58 84 25675320
58 71 25658580
1 38 25594860
58 145 25593180
1 138 25592340
58 71 25571760
58 145 25518600
58 71 25486200
1 38 25485900
1 38 25483920
58 71 25399860
1 138 25399020
81 146 25346580
81 38 25346580
58 81 25332240
58 145 25332240
145 58 25325040
58 145 25053300
58 71 24884280
1 38 24880920
1 38 24799200
1 38 24789000
58 71 24475980
58 145 24467880
58 71 24396060
58 145 24380460
58 145 24371220
58 71 24363360
58 145 24303660
58 145 24277020
58 145 24220560
58 145 24192600
58 71 24132780
58 145 24126780
58 71 23869740
58 145 23867460
58 71 23843880
58 71 23701200
1 38 23690820
145 81 23603100
145 81 23595480
145 81 23533500
58 71 23271540
58 81 23266920
58 71 23240220
58 71 23098620
58 71 23010120
58 71 22923900
1 138 22904400
1 38 22904400
58 84 22643940
1 138 22637460
58 71 22579020
58 145 22558080
58 71 22490580
1 38 22490460
58 145 22488720
58 71 22385760
58 71 22376520
58 143 22311000
58 71 22289340
1 38 21989520
58 71 21974280
58 71 21883200
58 84 21874740
58 145 21791400
58 145 21786600
58 71 21713760
58 84 21690780
58 71 21453600
58 71 21368400
58 145 21349260
58 71 21281580
1 138 21276900
58 71 21274320
1 38 21268440
58 71 21251340
58 71 21111720
58 71 21096780
58 71 20850420
58 71 20761920
58 71 20734980
1 38 20599560
58 71 20594880
1 38 20581500
1 38 20579460
1 138 20141340
1 38 20141340
1 138 20135820
1 138 20134560
1 138 20126700
1 38 20126700
1 38 20090040
58 71 20064300
1 138 20053800
1 138 20048340
1 138 19986180
58 145 19961280
1 138 19959480
1 138 19957080
1 138 19895520
1 38 19895520
1 38 19893420
1 138 19891920
1 138 19891860
1 138 19889760
1 138 19889400
1 138 19889340
1 138 19888800
1 138 19888020
1 138 19887900
1 138 19887840
1 138 19884840
1 138 19879860
1 138 19879020
1 138 19878960
1 138 19878900
1 138 19878840
1 138 19878780
1 138 19878720
1 138 19878660
1 138 19878600
1 38 19877040
1 38 19559760
1 38 19529160
58 71 19295400
58 71 19039020
58 71 19006740
58 71 18926580
58 71 18923760
58 71 18867960
58 145 18843600
58 71 18777900
58 71 18665280
58 71 18430740
58 71 18340260
58 71 18339840
58 145 18329160
58 71 18314760
149 71 18259800
149 71 17491440
58 145 16608120
58 145 16606020
58 81 15836160
145 58 15216420
58 81 14198760
58 71 14017680
58 145 13825560
58 145 13497180
58 81 13423260
145 71 13324920
58 71 12876180
58 81 12876180
81 58 12827940
58 145 12632520
58 145 12629460
58 145 12178620
58 145 11667960
58 145 11579700
58 145 11424660
58 145 11420580
58 145 11411340
58 145 11152560
58 145 11057520
58 143 10827540
58 71 10827540
58 145 10827540
58 145 10544340
58 145 10543380
58 81 10480860
58 145 10454400
58 145 10364400
58 145 10277880
58 145 9683100
58 145 9593340
58 145 9351120
58 81 9191940
58 81 9159480
58 145 8485500
58 71 8481720
104 18 8380200
58 145 8124240
58 145 8048520
58 145 7957440
58 71 6739260
58 145 6674220
58 145 5720100
58 145 4956540
58 145 4859220
58 145 2596860
58 145 1996260
58 145 1993320
58 85 1897980
58 145 1897980
58 145 1827660
58 145 1488960
58 145 1403340
58 145 1309800
58 145 1302660
