3 2 97580951
3 5 97580951
0 3 94565223
0 1 94536423
0 4 94536423
0 2 94390069
4 1 93768024
1 4 91342257
7 1 91259678
8 9 90676891
13 14 90675048
13 14 90674823
13 11 90673667
13 11 90671846
13 11 90671794
11 9 90669065
9 6 90421928
13 9 90404005
13 17 90403288
11 13 90399389
0 3 90398430
13 17 90393524
18 8 90392693
1 7 90391324
19 15 90312397
19 13 90312397
1 7 90302028
13 11 90241911
13 16 90241911
17 8 90241357
8 17 90240347
12 15 90239740
12 8 90239740
4 2 90227549
13 14 90164928
15 11 90041449
15 17 90041449
17 15 90039853
13 14 89981286
19 17 89811203
11 15 89805863
1 7 89736961
16 14 89730093
2 3 89704385
12 9 89703537
1 7 89644253
2 3 89556805
1 21 89550844
8 17 89548143
17 13 89486493
10 12 89473036
11 12 89469150
12 10 89200087
13 17 89191867
13 16 89186457
8 11 89184710
6 17 89114664
2 3 89097456
2 3 89042626
2 3 89016522
15 13 89006102
15 19 89006102
15 14 89006102
2 3 88954030
13 16 88951540
13 17 88951540
13 11 88867878
15 8 88852288
8 9 88840505
1 4 88607700
13 8 88607282
8 17 88602881
6 14 88600678
6 11 88600678
17 11 88584870
17 13 88583229
17 8 88583229
11 17 88582509
19 9 88523527
10 17 88520978
13 14 88510669
9 19 88496960
16 13 88493328
1 7 88493137
1 7 88434843
2 0 88419675
1 7 88352355
1 7 88351892
1 4 88351892
17 8 88348935
17 8 88346917
17 8 88338911
8 17 88321538
19 17 88006415
2 3 87998044
23 8 87994063
23 20 87994063
9 20 87979486
11 16 87974539
19 14 87974405
8 17 87917530
14 16 87910506
6 14 87811087
8 20 87810470
16 13 87745230
23 20 87716991
22 20 87716800
22 9 87716800
39 40 87715705
13 15 87708649
17 6 87396834
8 23 87393371
2 3 87391888
16 8 87390094
14 15 87387803
19 9 87369210
7 41 87312143
17 6 87308765
2 3 87304035
17 8 87302530
2 3 87299184
17 8 87298222
17 16 87298222
12 44 87283016
7 37 87221559
38 46 87205072
19 9 87139029
20 23 87132253
20 9 87129267
3 2 87128765
9 23 87127311
13 16 87112850
8 17 87111567
49 52 87022899
49 21 87022899
49 57 87022899
38 46 87022132
38 35 87022132
38 21 87022132
20 8 86780934
20 17 86780934
20 23 86780934
19 9 86778071
14 13 86708120
12 16 86695037
41 7 86694676
13 11 86694164
10 12 86693841
30 27 86679590
36 52 86677659
36 43 86677659
20 12 86675042
4 7 86673567
61 62 86640157
61 69 86640157
61 70 86640157
61 41 86640157
61 54 86640157
61 55 86640157
61 75 86640157
61 30 86640157
61 82 86640157
61 60 86640157
61 86 86640157
61 87 86640157
61 39 86640157
61 27 86625757
61 66 86625757
61 28 86625757
61 59 86625757
61 52 86625757
61 29 86625757
61 76 86625757
61 35 86625757
61 82 86625757
61 83 86625757
61 38 86625757
88 89 86620802
90 65 86619818
49 36 86619593
91 29 86619591
61 27 86619549
61 52 86619549
61 81 86619549
26 27 86616462
29 91 86615389
89 77 86615140
38 61 86612183
81 27 86610963
81 60 86610963
81 25 86610963
61 38 86607847
91 29 86607690
49 36 86602717
49 42 86602272
40 29 86600978
81 93 86596563
81 30 86596563
81 85 86596563
49 96 86593345
49 96 86592351
62 77 86591803
61 30 86556305
61 84 86556305
61 26 86556305
61 44 86556305
26 81 86546943
26 27 86542849
26 31 86542849
61 28 86541905
61 71 86541905
61 30 86541905
61 85 86541905
61 70 86541288
61 73 86541288
81 71 86539725
81 71 86535704
81 52 86535704
81 85 86535704
81 44 86535704
13 14 86535204
0 27 86535196
0 26 86535196
0 89 86535196
41 57 86525713
30 44 86519521
0 3 86518244
26 89 86515040
6 12 86514625
36 94 86512688
43 49 86510442
14 11 86506486
14 16 86506486
1 4 86506139
0 28 86505768
0 30 86505768
1 21 86503428
38 35 86450498
71 37 86448387
71 81 86448387
4 37 86446199
13 17 86444926
19 9 86437959
88 81 86437330
38 47 86433920
38 35 86433920
36 38 86427685
0 4 86425186
36 53 86423497
36 53 86423491
36 80 86423491
26 81 86420995
15 11 86412786
81 73 86371994
81 70 86371521
93 70 86356736
81 70 86275512
71 70 86265309
81 26 86201553
81 26 86200015
26 81 86199676
81 77 86196287
81 36 86196287
81 73 86196162
93 70 86189894
13 17 86189099
92 87 86183056
26 73 86179338
92 87 86176262
36 38 86166119
13 16 86165332
92 66 86163383
44 81 86162275
92 87 86161862
52 36 86160183
26 62 86115188
2 0 86103796
13 11 86102928
2 0 86100603
0 87 86100078
0 3 86100078
36 61 86098068
61 36 86097907
38 35 86093918
38 21 86093918
13 16 86086977
13 17 86086977
0 27 86086157
68 62 86082685
93 28 86080940
93 26 86080940
28 76 86077796
96 97 86076447
97 96 86073879
93 71 86073430
57 49 86072942
25 51 86012490
93 28 86010242
90 67 86009240
26 93 86008792
49 96 86001920
0 66 86000691
0 37 86000691
28 93 86000050
14 8 85996722
14 11 85996722
0 89 85989633
70 71 85935156
70 81 85935156
70 44 85935156
14 13 85931149
78 85 85928332
92 87 85923686
25 84 85917154
56 36 85917113
0 3 85912314
92 87 85909286
30 36 85896708
81 70 85892517
28 93 85845341
26 93 85841530
30 38 85838991
30 36 85838991
58 3 85836692
96 36 85827208
36 25 85816139
81 36 85808322
26 81 85772033
25 36 85601473
0 3 85595718
70 81 85583906
66 87 85574514
13 11 85494240
13 17 85475335
97 96 85475196
2 3 85473098
11 17 85470904
13 11 85470319
81 73 85465459
23 13 85413955
96 97 85412598
13 17 85408694
97 96 85408051
10 12 85393740
0 71 85335502
0 44 85335502
104 105 85326926
38 21 85324484
25 85 85324057
17 13 85318645
81 26 85314259
3 4 85305475
4 0 85304575
60 30 85292749
26 81 85290623
15 13 85289472
36 73 85254077
109 84 85249565
26 81 85242542
26 36 85242542
81 26 85242353
81 26 85240813
81 73 85235184
12 10 85215870
26 27 85048048
26 98 85048048
26 31 85048048
0 87 84993197
81 73 84982269
10 12 84979478
13 10 84970240
81 107 84958927
13 11 84953499
13 11 84947325
0 71 84907671
0 37 84907671
0 4 84907671
0 3 84907671
26 28 84896877
87 66 84885750
87 66 84885685
25 36 84883187
110 112 84882203
0 66 84820190
104 107 84811762
66 87 84799477
59 28 84794516
26 27 84793890
26 28 84793890
12 9 84793859
9 12 84793132
97 49 84791254
95 111 84788431
95 40 84788431
1 21 84777274
93 81 84722134
58 95 84708969
13 17 84700572
0 66 84648246
0 37 84648246
17 13 84634141
0 37 84629378
14 17 84612162
19 15 84600616
15 19 84598861
19 15 84598594
65 67 84570506
19 9 84543684
81 26 84453106
0 2 84383393
0 3 84383393
104 61 84375788
104 73 84369530
104 61 84369530
104 61 84367795
12 9 84366032
97 91 84364171
12 13 84356487
13 12 84355364
81 71 84351581
25 97 84350759
97 49 84346851
11 13 84344619
11 8 84344619
88 108 84298200
88 108 84296485
19 9 84293127
104 107 84280283
104 108 84280283
49 96 84279976
13 14 84275629
13 16 84275629
70 61 84268343
70 81 84268343
91 95 84263749
8 16 84263724
10 14 84263510
97 49 84261721
49 96 84256182
3 82 84197506
87 66 84194828
81 73 84190806
49 96 84184230
91 95 84182902
89 66 84180230
113 81 84179971
10 11 84176082
104 73 84176069
104 105 84176069
104 106 84176069
104 18 84176069
0 66 84123152
0 37 84123152
0 87 84123152
81 26 84116591
89 71 84101432
112 93 84096976
112 17 84096976
98 89 84092038
70 81 84089953
81 44 84085282
13 14 84026877
49 97 84023861
104 70 84019464
104 105 84019464
104 108 84019464
97 96 84015345
26 68 84014068
13 17 84006029
11 112 84004704
13 17 84004543
49 25 84003917
81 25 83999777
104 61 83993921
26 81 83952212
104 70 83764727
104 108 83764727
81 93 83764400
97 49 83757435
49 96 83756023
0 71 83753427
0 4 83753427
0 2 83753427
81 85 83744089
81 107 83744089
88 81 83742984
13 14 83741000
49 97 83681626
2 3 83680443
81 71 83679597
81 36 83673480
87 66 83672164
44 81 83663021
30 27 83661921
49 97 83659403
7 52 83658578
88 81 83604604
81 88 83603863
81 111 83603809
81 25 83603809
81 107 83603809
0 26 83603438
0 87 83603438
44 81 83602216
81 70 83601482
88 81 83600732
13 14 83591678
13 23 83584843
90 102 83578044
90 102 83575560
90 86 83575560
49 97 83574731
81 29 83572337
90 117 83571549
90 86 83571549
13 16 83568488
71 81 83567416
81 107 83566001
26 30 83431026
26 27 83430365
19 16 83416476
104 73 83415524
104 105 83415524
104 107 83415524
90 67 83412342
90 72 83412342
81 52 83410003
81 111 83410003
81 36 83410003
81 89 83410003
81 29 83407251
81 107 83407251
103 105 83399808
94 81 83397670
26 27 83320328
26 89 83320328
107 81 83313787
10 13 83160797
13 10 83158783
13 22 83157851
20 10 83157142
13 10 83156915
81 82 83151487
19 18 83144562
119 120 83142259
20 18 83139314
0 4 83089472
0 26 83089472
81 52 83079062
81 38 83079062
62 25 83069170
13 16 83057349
25 56 83052645
13 17 83048563
20 18 83040606
81 73 83006817
53 34 82971965
26 27 82616767
81 53 82555036
17 13 82543506
11 23 82538450
78 25 82536905
78 85 82471671
93 123 82463979
97 91 82463293
13 11 82460532
0 82 82455377
97 49 82442079
49 97 82398040
58 111 82386051
58 44 82386051
33 17 82385703
112 93 82372463
95 55 82363613
16 13 82362529
8 17 82361447
122 56 82355960
81 71 82355658
39 40 82273878
40 39 82271629
104 105 82207419
104 106 82207419
104 61 82207419
104 18 82207419
124 120 82204650
78 124 82204528
13 17 82196335
13 17 82196012
13 17 82195973
112 93 82191598
93 26 82185944
40 29 82185347
14 10 82180671
14 17 82180671
93 28 81952258
17 14 81949773
17 11 81949773
11 16 81943851
120 85 81943524
93 66 81938460
40 95 81931096
89 88 81869740
119 120 81862366
120 119 81860778
97 49 81854824
49 97 81852634
81 27 81848963
81 111 81848963
81 88 81848963
122 42 81848103
122 121 81848103
120 124 81847501
121 42 81846803
0 3 81843426
0 58 81843426
40 95 81840531
8 19 81838631
8 12 81838631
8 6 81837400
8 13 81837165
13 11 81788767
112 113 81772159
17 8 81765828
17 14 81765828
11 17 81762501
14 13 81756563
33 22 81756252
10 22 81754888
8 17 81695621
66 92 81685155
0 4 81684790
0 2 81684790
97 41 81683342
93 113 81681949
10 11 81678614
97 96 81672552
22 20 81671559
13 33 81667931
85 122 81663846
37 85 81613828
111 95 81598776
111 83 81598776
78 37 81593178
13 8 81590118
13 17 81589921
81 36 81586854
93 113 81586506
40 95 81585150
88 81 81582759
37 78 81582647
93 113 81353040
19 9 81351167
40 95 81341164
97 49 81333454
88 81 81328871
9 33 81327920
9 20 81327920
33 73 81325683
33 106 81325683
14 10 81323037
97 35 81320320
97 48 81320320
123 105 81318189
81 36 81316887
33 20 81265512
91 111 81261175
112 11 81255786
58 95 81254422
11 16 81253938
78 124 81250346
92 90 81249584
49 42 81231515
49 122 81231515
37 2 81186858
78 85 81182394
78 111 81170300
38 35 81169389
123 70 81166320
123 73 81166320
93 123 81149699
43 121 81146116
93 113 81103347
93 108 81099204
2 3 81094599
112 123 81094233
2 3 81091742
81 36 81084123
98 32 81078407
120 124 81065533
58 44 81064242
6 10 81062557
81 36 81062131
40 95 81056168
19 9 81056049
19 23 81056049
97 126 81020376
97 35 81020376
97 39 81020376
71 81 81016376
91 83 81012296
11 16 81003248
11 10 81003248
78 111 80994306
9 23 80977279
49 56 80973387
49 25 80973387
33 18 80972688
93 112 80933198
93 113 80931607
93 113 80931402
22 10 80898234
9 20 80823678
9 33 80755635
112 113 80749624
113 123 80745838
97 96 80741614
97 91 80738811
120 37 80724817
58 111 80716613
61 107 80714180
61 18 80714180
28 100 80713612
91 40 80661137
91 83 80661137
124 120 80657700
68 76 80652048
62 42 80645543
46 35 80640696
13 14 80639849
35 47 80639101
35 126 80639101
129 81 80638448
62 25 80636614
9 12 80633925
37 85 80579469
19 9 80576082
91 83 80575423
78 85 80560139
25 51 80557033
25 57 80557033
25 122 80557033
9 8 80556538
9 19 80555308
9 20 80546848
20 23 80489131
20 23 80488828
91 40 80488177
78 111 80488174
23 13 80487009
57 41 80486871
56 25 80484405
5 70 80481088
13 12 80480018
20 23 80477291
19 15 80476081
13 17 80474907
0 58 80473899
81 85 80472168
25 121 80470855
23 20 80470405
123 113 80469104
98 32 80467508
20 22 80463968
20 9 80463968
37 81 80462046
23 20 80459732
32 98 80455739
112 113 80409131
111 78 80405420
14 10 80401636
91 95 80400360
23 20 80400048
23 20 80400000
82 55 80399950
10 14 80399824
20 23 80399512
23 20 80398435
18 23 80397961
43 95 80395738
11 20 80393679
79 29 80391690
80 131 80391415
71 81 80390550
22 20 80390040
20 9 80389102
66 74 80383133
82 71 80379945
41 57 80376431
113 81 80373754
10 12 80371493
20 8 80368789
49 51 80367252
49 101 80367252
49 122 80367252
9 20 80326220
81 37 80304183
94 5 80213083
20 23 80158938
20 33 80145848
20 17 80145848
33 20 80139001
20 33 80138244
49 78 80128801
49 120 80128801
49 57 80128801
49 122 80128801
103 129 79979173
91 111 79975238
91 79 79975238
44 70 79963674
78 101 79955720
78 25 79955720
0 55 79952432
124 120 79950802
20 11 79947160
20 9 79947160
20 23 79947138
8 11 79945914
11 8 79945912
11 16 79945912
11 17 79945912
11 20 79941443
11 9 79941443
82 3 79940311
82 55 79940097
82 58 79940097
101 78 79937157
10 8 79937137
10 16 79937137
85 124 79936782
123 106 79894582
49 51 79894264
94 123 79887220
123 94 79887219
123 105 79886872
123 104 79886872
25 51 79886377
25 101 79886377
25 85 79886377
10 8 79883105
10 12 79883105
101 78 79882385
101 25 79882385
10 13 79876378
93 113 79874676
82 58 79874320
47 46 79868656
129 73 79868057
8 17 79867668
10 19 79862304
17 13 79862076
82 37 79858988
30 36 79858734
17 23 79858643
112 113 79857977
93 113 79857201
17 13 79855195
93 113 79847762
113 81 79844385
91 79 79805276
25 75 79799090
2 0 79798492
25 43 79798118
25 101 79798118
25 57 79798118
82 55 79797117
10 17 79796707
10 12 79795362
19 9 79795149
4 71 79794994
2 0 79794582
61 108 79794451
61 108 79790051
112 113 79788937
6 13 79787195
23 18 79786797
123 73 79783907
122 25 79783273
78 25 79782907
124 119 79781432
92 87 79780257
85 78 79779286
25 101 79778404
78 101 79778038
85 120 79776806
2 82 79776287
94 5 79776114
66 114 79775528
17 10 79774079
4 71 79772231
17 10 79772043
112 113 79771636
112 93 79771385
113 112 79771379
113 93 79771225
112 113 79770395
10 22 79769561
17 22 79767928
77 64 79766874
111 78 79765727
94 70 79698564
94 5 79628542
15 13 79610093
112 93 79595548
93 113 79540857
14 10 79540155
14 17 79540155
22 33 79539242
61 18 79539222
13 19 79536464
123 61 79534603
123 104 79534603
3 55 79533832
82 71 79532574
82 58 79532574
113 81 79528966
113 108 79528966
10 13 79528663
78 49 79519356
11 16 79517909
113 112 79515825
33 18 79515669
120 49 79515646
49 24 79514677
61 108 79510133
92 87 79507235
13 8 79506789
85 25 79505084
93 113 79500968
82 58 79448723
66 92 79448337
11 14 79447402
82 58 79444184
132 73 79442656
132 46 79440857
132 52 79440857
25 101 79439591
123 73 79438484
123 106 79438484
97 49 79438166
23 17 79436690
9 19 79436221
23 17 79435852
56 49 79431050
20 23 79430949
2 44 79430943
120 85 79429308
113 93 79427264
124 120 79424876
124 85 79424876
0 82 79422479
0 3 79422479
93 113 79419250
40 79 79415478
20 23 79413494
81 73 79368533
97 48 79368012
97 127 79367623
91 111 79365665
37 131 79365100
6 8 79361721
6 17 79360509
131 37 79358646
97 49 79356492
13 17 79355384
123 106 79355296
3 2 79355277
123 61 79353588
123 104 79353588
25 51 79350960
112 93 79350468
33 18 79350226
112 93 79349137
20 23 79348778
100 28 79347613
40 29 79345577
23 20 79345367
120 85 79345051
2 0 79344994
61 18 79340773
113 93 79340611
14 11 79340409
85 25 79336233
91 49 79335132
122 25 79333495
42 43 79332238
20 22 79330145
20 18 79326754
14 13 79284279
13 11 79283577
94 70 79283563
97 46 79281939
97 48 79281939
13 17 79281725
92 130 79280795
91 79 79277841
112 93 79267393
97 49 79264753
8 23 79264501
40 29 79262019
40 79 79262019
40 29 79260216
40 79 79260216
49 121 79259713
97 96 79259356
131 3 79259153
38 25 79258084
0 55 79257875
132 46 79254889
0 55 79254198
0 44 79254198
2 55 79250630
70 71 79249974
49 75 79244333
49 43 79244333
49 122 79244333
41 115 79243493
97 126 79195684
97 39 79195684
28 100 79194475
28 89 79194475
107 73 79183342
19 9 79181138
112 85 79180018
68 45 79177292
40 79 79176344
22 10 79173615
70 94 79171641
70 2 79171641
70 10 79171641
70 3 79171641
82 44 79170262
82 3 79170175
68 45 79169972
119 56 79168266
126 38 79168255
20 10 79166368
119 56 79166134
49 25 79159407
93 112 79159387
93 112 79157983
29 52 79156968
29 132 79156968
91 40 78930713
29 79 78923346
33 9 78921328
20 22 78916888
58 44 78913105
53 81 78912550
20 22 78903812
93 112 78900209
20 22 78894598
123 108 78845242
91 111 78843878
91 79 78843804
91 83 78843804
131 37 78843095
40 111 78835416
93 113 78834840
131 55 78833567
108 73 78825228
112 85 78822011
20 6 78821736
25 42 78815806
49 43 78810930
112 93 78767775
81 30 78764963
81 25 78764963
61 33 78763814
61 107 78763814
61 88 78763814
44 58 78763708
82 55 78760156
35 111 78757064
35 40 78757064
35 39 78757064
6 15 78755959
66 87 78753905
23 22 78753675
23 17 78753675
66 87 78753664
93 113 78750976
112 93 78748705
2 82 78736385
2 0 78736385
1 49 78735624
33 18 78734254
2 58 78729789
0 82 78729050
0 58 78729050
2 58 78728793
19 22 78727271
19 9 78726771
35 62 78724167
40 83 78722611
19 15 78675482
91 95 78675034
91 79 78675034
19 9 78674007
82 58 78673113
124 119 78671612
119 56 78671420
119 124 78671420
3 44 78671254
82 55 78667348
120 85 78665601
82 2 78665121
82 44 78665121
16 14 78664200
78 55 78661945
2 44 78661661
120 85 78660163
120 124 78660163
2 58 78656216
1 127 78649895
10 22 78648254
97 96 78646918
20 23 78646817
20 22 78637786
82 37 78586287
82 2 78586287
93 113 78580656
61 108 78580431
20 23 78578907
93 113 78578755
0 58 78575882
23 20 78575290
41 57 78575189
39 35 78572365
25 42 78569132
120 37 78566387
119 120 78564958
13 11 78561389
0 58 78559882
81 44 78558794
44 81 78558621
93 81 78554914
13 11 78552421
13 16 78552421
20 22 78549021
23 20 78424795
55 82 78410804
23 20 78395668
8 13 78322425
25 75 78320201
112 85 78319832
58 95 78317937
85 112 78317053
11 8 78311446
100 59 78311311
53 95 78309486
129 107 78309401
106 123 78308661
112 24 78306084
57 41 78304137
93 112 78300949
111 78 78295540
78 111 78295427
93 113 78252771
93 113 78249313
112 93 78245696
13 17 78244250
78 111 78240655
8 16 78238702
17 23 78238419
93 113 78236118
37 131 78234271
15 13 78231758
19 13 78231409
44 53 78229276
120 119 78227051
112 93 78224417
112 113 78224417
111 95 78218918
25 49 78212628
29 111 78204804
131 37 78158721
91 95 78155222
91 83 78155222
120 85 78153196
82 71 78152871
100 59 78148253
58 95 78146441
112 93 78140722
57 41 78139177
85 25 78139071
29 79 78136030
95 53 78134470
8 13 78134183
8 17 78134183
112 93 78133610
95 53 78133212
103 94 78132010
32 27 78131785
82 37 78131053
82 55 78131053
95 53 78130037
2 82 78129470
2 82 78129350
58 111 78128807
82 58 78123966
13 16 78123246
113 112 78122156
49 1 78120760
49 35 78120760
49 127 78120760
40 83 78120733
2 55 78076653
97 99 78073826
93 112 78068492
40 39 78067702
18 20 78066199
125 55 78065072
93 113 78064955
131 37 78063432
82 55 78062309
82 58 78062130
82 71 78057649
3 82 78057240
8 23 78047340
1 126 78045006
57 25 78041940
82 58 78041817
17 23 78041702
113 123 78038064
81 44 77984430
112 113 77983182
5 105 77980678
113 93 77980607
37 120 77980178
107 106 77978759
58 82 77978498
93 113 77976294
112 93 77975801
112 113 77975667
82 37 77975332
1 126 77975290
40 29 77974807
58 82 77973991
61 81 77971671
11 17 77970340
3 131 77967773
112 85 77967444
6 13 77965420
112 123 77960265
112 85 77955125
90 65 77954576
90 135 77954576
23 17 77954482
93 112 77949892
20 23 77947210
86 65 77908364
13 14 77898619
13 16 77898619
25 56 77894997
25 42 77894997
25 101 77894997
25 57 77894997
25 121 77894997
25 75 77894078
25 56 77894078
25 85 77894078
25 36 77882212
111 25 77792090
88 53 77724501
88 107 77724501
58 2 77721828
58 44 77721828
92 66 77721361
92 74 77721361
2 44 77720532
89 26 77718443
81 55 77716803
25 56 77716751
25 43 77716751
25 42 77716751
25 57 77716751
124 56 77716503
120 56 77716496
82 0 77713665
44 2 77711940
113 112 77710791
97 96 77707459
112 93 77706066
93 26 77705594
112 93 77705004
91 49 77704785
13 14 77704352
117 74 77703472
74 117 77703471
74 90 77703471
36 111 77696199
1 126 77696168
80 131 77695157
2 82 77693280
2 3 77688822
123 73 77654797
91 95 77638326
120 124 77635625
90 135 77631064
90 72 77631064
90 102 77631064
91 49 77630543
101 51 77630124
101 57 77630124
93 113 77629781
112 93 77629451
93 112 77629377
66 87 77626322
131 55 77625475
100 59 77624369
93 112 77619116
81 107 77616278
9 20 77611108
14 20 77609207
131 37 77607325
124 119 77606683
107 129 77606158
129 73 77606001
129 107 77606001
129 73 77604248
18 22 77599933
18 17 77599933
93 113 77598782
123 113 77564163
93 113 77554876
86 117 77554560
93 5 77553217
129 106 77551799
81 85 77551262
23 20 77546581
9 19 77545943
14 13 77544840
58 0 77541294
2 82 77538504
26 28 77531328
29 81 77530438
22 105 77528693
22 5 77528693
2 78 77527545
23 11 77524132
40 29 77522671
40 111 77522671
112 85 77520604
13 14 77519975
27 32 77510545
27 31 77510545
2 58 77464532
22 5 77464020
13 11 77461251
14 16 77461243
1 35 77460604
112 93 77459701
112 123 77459701
112 113 77459701
100 59 77459431
93 113 77456892
120 85 77456114
22 5 77454991
20 23 77453633
20 23 77453576
23 33 77452551
0 2 77451792
2 0 77451288
9 12 77449979
111 83 77437144
91 97 77436624
112 93 77435379
88 123 77426883
81 61 77426781
112 93 77380326
25 57 77379563
104 70 77376049
104 123 77376049
104 106 77376049
104 81 77376049
104 18 77376049
25 75 77373032
25 136 77373032
25 85 77373032
25 122 77373032
131 55 77371117
91 40 77370893
113 123 77369972
100 59 77369212
109 24 77365020
14 13 77363838
18 33 77363352
131 55 77362386
13 6 77362300
3 44 77361681
77 129 77361242
46 111 77360610
0 58 77359848
70 44 77359465
70 5 77359465
6 23 77357208
131 37 77352620
13 14 77351977
25 109 77351220
120 93 77350347
2 82 77347457
0 44 77346495
113 93 77346280
97 96 77344940
85 112 77344756
93 113 77344299
85 120 77340659
111 83 77337071
123 105 77275014
112 123 77121306
14 16 77113156
14 17 77112855
90 72 77112767
2 78 77112281
90 72 77110271
90 117 77110271
123 105 77109928
0 44 77108491
78 55 77102330
26 4 77102280
113 123 77094397
8 16 77092111
90 65 77092064
90 86 77092064
82 0 77090301
120 85 77089074
93 113 77086332
11 13 77085496
11 14 77084251
11 16 77084251
120 124 77084046
120 85 77083310
56 51 77077568
13 11 77030994
13 14 77030873
13 11 77030873
90 72 77030176
90 86 77030176
91 40 77029827
95 111 77029380
106 113 77026826
35 48 77023215
75 51 77021059
23 20 77020766
51 56 77011533
23 20 77008873
37 124 77007089
23 20 77006424
89 28 77005797
89 91 77005187
37 124 77002930
82 2 77000722
13 14 76999918
13 16 76999918
37 120 76999409
37 85 76999409
29 40 76997900
51 56 76992771
56 51 76992729
2 0 76942164
37 85 76941249
90 117 76940513
90 102 76940513
90 86 76940513
132 46 76939289
132 115 76939289
112 85 76938917
105 70 76936193
124 55 76936090
37 124 76934662
25 53 76934653
25 43 76920803
25 121 76920803
25 136 76920803
37 131 76920677
83 111 76920405
113 93 76920358
25 75 76918749
25 43 76918749
25 42 76918749
25 101 76918749
89 27 76914286
20 17 76906030
90 135 76862019
90 117 76862019
90 102 76862019
37 124 76859835
91 111 76858299
112 93 76857326
112 113 76854535
44 0 76850563
1 21 76849847
13 11 76848862
37 120 76848782
2 44 76848244
120 37 76845781
25 101 76844231
25 57 76844231
25 85 76844231
93 112 76843067
113 123 76840239
23 22 76838005
90 65 76837164
90 102 76837164
44 0 76837122
22 6 76836033
22 19 76836033
23 20 76834975
23 20 76834901
112 93 76834568
2 0 76834041
82 2 76833543
124 120 76831374
105 106 76830234
29 81 76828776
120 37 76827687
25 78 76788124
23 20 76771469
131 80 76771122
88 36 76766203
26 71 76762132
81 26 76756377
25 75 76754700
25 101 76754700
25 57 76754700
25 122 76754700
112 93 76749646
120 124 76749224
93 112 76748806
119 124 76748558
78 2 76748459
112 93 76748291
117 90 76747521
14 17 76746667
26 81 76746208
2 82 76737653
49 91 76735774
136 75 76504108
136 43 76504108
136 97 76504108
92 87 76503435
117 87 76502795
120 85 76502356
120 124 76502356
13 17 76497086
87 90 76496280
90 117 76495809
25 57 76488855
40 29 76487023
40 79 76487023
111 83 76486771
85 25 76485939
19 9 76483723
25 121 76482328
11 16 76482166
25 56 76480925
25 122 76480925
93 113 76478546
93 113 76478480
104 106 76477136
85 35 76474729
13 14 76427202
13 11 76427202
97 91 76426585
97 49 76424412
0 3 76420080
66 92 76419319
13 16 76417540
125 55 76412553
125 48 76412553
88 36 76411863
3 55 76411512
112 93 76407003
112 123 76407003
58 55 76403381
92 117 76402161
112 113 76401584
111 83 76400575
93 5 76389388
25 122 76354018
93 113 76344313
91 95 76337562
40 111 76334987
33 9 76334424
93 112 76333882
22 13 76333648
93 5 76333451
123 93 76330003
131 37 76328661
23 9 76326572
123 93 76325291
58 82 76323881
58 2 76323881
58 44 76323881
19 15 76323500
19 11 76323500
112 93 76323256
93 5 76323206
13 17 76322709
123 93 76322698
92 87 76321215
88 55 76320476
123 106 76320434
112 93 76318876
112 93 76318791
129 81 76316110
119 124 76313095
25 43 76310392
25 121 76310392
25 85 76310392
112 113 76309540
19 15 76305663
25 42 76301692
25 57 76301692
25 121 76301692
25 136 76301692
93 112 76257159
93 113 76256903
91 111 76251463
97 96 76250689
40 83 76249327
131 80 76244970
23 13 76244179
23 8 76244179
68 45 76242934
20 23 76241887
112 93 76228889
112 93 76225990
2 44 76219146
129 111 76218503
113 123 76218103
2 44 76218072
83 111 76215428
44 2 76170823
13 14 76166208
91 40 76165920
13 11 76165744
2 78 76161770
78 2 76161478
58 0 76160813
38 36 76160199
23 17 76159813
85 81 76157063
82 2 76156980
81 73 76155700
13 14 76151467
13 11 76151467
112 93 76146391
112 24 76146391
26 30 76144723
26 89 76144723
69 134 76142342
69 31 76142342
19 33 76139874
93 113 76139400
93 113 76138779
85 120 76134238
2 78 76132829
93 113 76132546
0 2 76131739
20 23 76129534
111 79 76129246
111 83 76129246
15 19 76127569
112 93 76054360
93 112 76051277
55 58 75971160
58 0 75906977
91 95 75906219
3 2 75905180
58 0 75903345
88 27 75901017
88 68 75901017
88 98 75901017
88 49 75901017
88 60 75901017
120 37 75900313
112 5 75898388
20 23 75897905
88 123 75897386
88 106 75897386
88 81 75897386
78 2 75893527
0 82 75893497
0 58 75893497
0 44 75893497
113 81 75892157
93 113 75881447
91 111 75821526
91 79 75821526
9 12 75820329
78 25 75819789
81 129 75815106
70 37 75812122
125 41 75806213
125 51 75806213
125 36 75806213
125 122 75806213
56 25 75792290
62 51 75744686
62 42 75744686
86 135 75742129
86 72 75742129
86 72 75739333
86 117 75739333
86 102 75739333
86 90 75739333
86 65 75731329
86 135 75731329
2 82 75730011
91 83 75729835
86 65 75728533
12 9 75726049
0 82 75721612
0 3 75721612
0 44 75721612
58 82 75712965
58 2 75712965
0 58 75711774
88 104 75710150
15 13 75709146
113 123 75708626
119 124 75708492
37 85 75706584
17 12 75703836
112 113 75702264
44 2 75653111
88 107 75652610
25 56 75646279
91 111 75645175
0 44 75644227
25 62 75643391
112 73 75637060
111 29 75634756
25 62 75634395
25 41 75634270
25 56 75634270
25 43 75634270
25 136 75634270
71 4 75622821
53 81 75622617
78 55 75618651
9 19 75615599
2 44 75615015
25 85 75614469
111 78 75614287
81 53 75613135
13 14 75580769
13 8 75580596
13 14 75579650
123 94 75568994
112 123 75568695
112 113 75568695
112 93 75566907
91 40 75561201
91 79 75561201
112 93 75559452
9 8 75558956
124 37 75553224
23 20 75552869
2 82 75547999
33 18 75547649
44 2 75542468
90 65 75539661
112 113 75538492
111 91 75537397
23 17 75535774
112 93 75535396
29 73 75535050
2 82 75534689
25 42 75534134
119 56 75531300
90 72 75531252
23 8 75530984
2 44 75530005
90 117 75528890
93 112 75526406
93 112 75526318
112 93 75448717
112 5 75366585
91 95 75301683
91 111 75301683
91 83 75301683
78 111 75294833
6 12 75291242
85 120 75289671
81 85 75288774
19 9 75286643
41 52 75286442
25 51 75285948
25 42 75285948
25 101 75285948
25 121 75285948
26 28 75285045
26 28 75284661
68 32 75280057
17 14 75279036
12 17 75275939
57 41 75275587
26 30 75275158
58 0 75274597
58 3 75274597
11 13 75272559
26 89 75270070
112 93 75221073
112 123 75221073
91 111 75220830
44 2 75219665
44 58 75219665
74 92 75206831
85 78 75206705
100 28 75205091
9 19 75204789
13 8 75204607
13 8 75204231
112 113 75202658
112 73 75202012
112 81 75202012
112 113 75202012
41 57 75188862
41 97 75188862
113 73 75188745
12 17 75187713
25 41 75187159
25 51 75187159
25 75 75187159
25 43 75187159
25 85 75187159
25 84 75186755
13 17 75186736
25 41 75186677
25 42 75186677
43 42 75186562
78 55 75184824
23 17 75183486
81 30 75182245
81 36 75182245
20 23 75177025
26 81 75175998
26 81 75143453
91 40 75131609
112 93 75128917
11 15 75125166
112 93 75123177
112 113 75123177
20 23 75121580
113 112 75120309
131 37 75120079
131 80 75116633
8 13 75114574
81 52 75110828
81 36 75110828
88 81 75109741
90 65 75105737
113 5 75103547
85 81 75099344
92 74 75098296
85 81 75095658
20 23 75091438
97 96 75043278
91 111 75042507
9 22 75040767
13 11 75040249
85 120 75039737
25 41 75037398
25 42 75037398
78 25 75032837
62 42 75030822
131 80 75028143
55 78 75027082
9 22 75020103
2 44 75018634
119 56 75018088
5 71 75016134
40 29 75012856
40 79 75012856
2 44 75011487
13 8 74957559
112 93 74953643
112 113 74952431
70 71 74951275
12 23 74948241
111 78 74944084
19 8 74943846
113 112 74934018
14 13 74931808
14 16 74931808
113 123 74931795
14 16 74931745
112 113 74930292
113 123 74927428
26 36 74922278
69 45 74920476
13 17 74871477
15 13 74842594
112 93 74697380
112 113 74697380
112 113 74693715
100 59 74692423
11 8 74685461
112 113 74683270
13 17 74681122
26 28 74681027
112 85 74677422
85 43 74674388
70 22 74674066
105 70 74673558
19 9 74665531
13 11 74662614
85 120 74661408
105 22 74611062
2 0 74609259
100 59 74607940
113 123 74607880
44 0 74607847
44 3 74607847
44 58 74607847
22 18 74605328
113 112 74602948
18 73 74602693
112 81 74601215
112 113 74600618
125 57 74598328
125 38 74598328
125 122 74598328
112 73 74597531
112 113 74597531
13 8 74595190
13 22 74594773
13 14 74594773
112 93 74593512
112 93 74591621
97 41 74588718
112 113 74586094
112 123 74583713
112 81 74583713
112 113 74583713
19 9 74579934
112 113 74544514
23 20 74526583
58 44 74519951
20 23 74519259
120 85 74518741
33 17 74513029
25 41 74508871
25 101 74508871
25 57 74508871
25 136 74508871
25 85 74508871
58 111 74506977
93 112 74503285
22 19 74498204
25 24 74496237
62 25 74494700
136 25 74494376
13 22 74492334
93 113 74490973
90 117 74490922
8 17 74490282
112 85 74439888
112 93 74439862
22 19 74438257
111 29 74430545
62 25 74429245
75 51 74427915
3 44 74425855
84 25 74421878
25 41 74418105
25 101 74418105
25 57 74418105
25 85 74418105
90 86 74414358
25 41 74413491
13 16 74408522
113 26 74406064
33 20 74405689
55 78 74403114
26 81 74363841
25 57 74346874
25 121 74346874
25 136 74346874
112 123 74343909
20 23 74343830
58 26 74341398
20 23 74338592
112 43 74334860
112 113 74334860
20 23 74330736
45 68 74328342
82 0 74326967
82 58 74326967
103 73 74326330
13 17 74325641
13 16 74324022
68 137 74323866
125 54 74322553
13 11 74321380
112 93 74321153
93 123 74316272
112 81 74157954
82 0 74088069
111 78 74086025
37 120 74085787
112 113 74080795
66 87 74077167
43 42 74074826
89 27 74073834
89 30 74073834
19 15 74068707
11 14 74065686
37 131 74064856
78 85 74059246
120 124 74005286
90 72 74001862
90 117 74001862
81 88 74000481
120 85 73997611
120 85 73997547
26 98 73996212
43 25 73992954
66 87 73987810
71 4 73987517
5 113 73983320
78 82 73982491
125 41 73981804
125 55 73981804
20 23 73980596
20 23 73980481
25 41 73976103
25 51 73976103
25 75 73976103
25 101 73976103
25 121 73976103
25 136 73976103
5 70 73974053
2 44 73973603
19 13 73920639
112 93 73918527
20 23 73918066
82 3 73910249
120 119 73895585
100 28 73894612
68 137 73889641
25 42 73881932
113 93 73870047
113 112 73870047
70 94 73837033
123 81 73818249
100 59 73802326
112 93 73752321
112 113 73752321
112 113 73749124
112 93 73744424
93 112 73742391
25 43 73735079
25 42 73735079
25 57 73735079
25 122 73735079
112 93 73730554
112 113 73730451
5 112 73729431
44 0 73724965
8 15 73723591
8 13 73723591
8 17 73723591
37 131 73721159
93 113 73674357
112 113 73627686
8 13 73486963
8 17 73486963
82 0 73479066
100 59 73472391
137 68 73471052
89 88 73459945
2 82 73458057
13 17 73408078
103 129 73397785
78 75 73395494
25 51 73382960
25 56 73382960
25 121 73382960
25 122 73382960
26 27 73378389
26 30 73378389
112 93 73370633
25 51 73368155
25 42 73368155
88 89 73326061
120 85 73313577
93 81 73307607
93 113 73307607
120 124 73304719
68 137 73290444
93 112 73286669
112 123 73286338
112 93 73286077
68 45 73282895
93 112 73282171
93 113 73281428
93 112 73236506
93 112 73233440
25 42 73223433
25 101 73223433
85 78 73210929
85 25 73210042
25 75 73208037
25 42 73208037
123 73 73207268
131 37 73198450
93 112 73139735
73 123 73130229
112 93 73116371
112 93 73024651
112 81 73024651
44 2 72884313
44 2 72884012
19 9 72873504
66 87 72871005
44 70 72860610
112 81 72857621
123 9 72847871
93 113 72806409
13 8 72795265
94 123 72792749
82 3 72791674
82 44 72791674
93 113 72781495
13 8 72773600
25 122 72700689
119 124 72688035
73 129 72647414
73 70 72643562
123 103 72625146
93 123 72622978
112 110 72618966
78 85 72615397
18 33 72615103
18 106 72615103
93 112 72614821
68 137 72610441
112 113 72609805
26 81 72603262
120 85 72600851
62 53 72599293
15 17 72599136
62 57 72596865
93 112 72596756
93 81 72596756
93 113 72596756
97 96 72596727
97 91 72596727
62 53 72595593
119 56 72593118
13 103 72592683
35 49 72589465
35 49 72588468
112 123 72547147
112 113 72547147
112 113 72526898
93 112 72523741
93 112 72521815
18 20 72515112
113 123 72509302
104 73 72498850
104 105 72498850
104 61 72498850
104 81 72498850
93 123 72448317
93 113 72447620
5 70 72412309
106 70 72356464
106 123 72356464
13 11 72342657
104 129 72277462
104 107 72277462
104 18 72277462
113 112 72276492
123 113 72271029
123 18 72271029
113 123 72264825
111 78 72255119
113 112 72247020
106 43 72243689
123 113 72243015
78 75 72188417
43 5 72183392
111 95 72179701
106 50 72176245
106 27 72176245
106 33 72176245
106 68 72176245
106 91 72176245
106 52 72176245
106 56 72176245
106 121 72176245
106 84 72176245
106 97 72176245
106 107 72176245
106 38 72176245
106 18 72176245
20 23 72150844
66 87 72120150
112 81 72114072
68 137 72101746
68 32 72101746
112 123 72089818
78 55 72082347
25 122 72080640
112 113 72031122
25 75 72019612
25 122 72019612
25 57 72019077
25 121 72019077
25 136 72019077
104 73 72006541
82 55 72005128
112 93 72002880
25 56 71994567
25 136 71994567
44 3 71991285
82 3 71987496
111 95 71985495
5 112 71984300
15 13 71983752
103 129 71981737
131 119 71949420
111 78 71925885
55 78 71925006
112 93 71920110
100 59 71896878
93 113 71895929
20 23 71894918
123 106 71681333
26 27 71648883
26 31 71648883
11 8 71647603
6 8 71645146
6 11 71645146
68 45 71644113
74 66 71598432
66 114 71577139
78 55 71567551
29 91 71554772
111 78 71503890
111 78 71503584
62 42 71473293
134 98 71472746
93 113 71471157
123 104 71463238
70 71 71417393
70 10 71417393
70 0 71417393
17 11 71409614
131 37 71406806
30 26 71399081
8 19 71388752
82 44 71386906
93 70 71378489
123 105 71377377
33 8 71330248
33 11 71330248
44 82 71325687
44 2 71325687
44 3 71325687
2 82 71324192
123 73 71322210
123 106 71322210
13 17 71315701
82 55 71311477
131 37 71306211
29 40 71299736
100 59 71295411
93 112 71242316
93 5 71237636
52 115 71066281
3 82 71060212
3 44 71060212
6 13 71056991
131 37 71056021
25 75 71048347
25 56 71048347
6 11 71042435
35 62 71035882
112 81 70988410
93 123 70985118
100 28 70983302
62 35 70970587
93 112 70952558
93 112 70950606
70 2 70892074
68 45 70885323
100 28 70883467
123 106 70877537
44 2 70868126
93 5 70860569
112 93 70815388
112 113 70815388
25 42 70795110
25 121 70795110
112 123 70784830
141 26 70779192
35 77 70776934
117 90 70722653
117 92 70722653
82 58 70719688
74 92 70716083
78 55 70707367
73 88 70695335
8 11 70689480
139 128 70628304
139 76 70624491
139 31 70624491
139 93 70621670
13 22 70451675
11 13 70449782
6 13 70447530
22 20 70446998
22 17 70446998
22 23 70446998
22 20 70442993
22 17 70442993
5 70 70431785
13 17 70391604
13 17 70391310
13 11 70390346
13 8 70376039
19 9 70361914
103 13 70361244
18 141 70355480
73 141 70313039
93 70 70291572
93 113 70291572
93 5 70291572
13 11 70287813
123 112 70286019
141 70 70284850
141 129 70284850
141 107 70284850
123 113 70284339
78 55 70282609
90 65 70280400
141 105 70279138
141 103 70279138
141 106 70279138
141 81 70279138
141 113 70279138
25 42 70276100
25 136 70276100
25 122 70276100
20 23 70273702
82 2 70265231
139 85 70262811
113 123 70260981
86 66 70236974
103 129 70200290
112 113 70191960
25 75 70189442
25 121 70189442
25 122 70189442
112 113 70183920
78 55 70177122
112 113 70164360
112 113 70153860
112 113 70152600
25 51 70116991
25 75 70116991
25 57 70116991
81 98 70116642
81 30 70116642
81 25 70116642
81 85 70116642
139 62 70116458
13 11 70106076
139 76 70102726
37 78 70102427
112 113 70101240
112 113 70100396
6 23 70092768
25 75 70092606
25 121 70092606
25 136 70092606
25 122 70092606
6 8 70090524
25 75 70088395
25 42 70088395
25 121 70088395
93 113 70081719
112 81 70072800
92 87 69865854
15 19 69859343
131 55 69858676
92 74 69855054
9 19 69854052
13 17 69853427
111 78 69853220
95 29 69847875
78 55 69841917
22 13 69836243
22 17 69836243
5 93 69834395
13 11 69833122
97 91 69832040
131 55 69769155
5 94 69768254
111 78 69761897
92 66 69757824
112 9 69753720
112 22 69751380
131 55 69750663
112 93 69749653
123 93 69738367
112 9 69736500
112 9 69733380
112 113 69731640
112 27 69691796
112 113 69691796
112 25 69673740
44 3 69664169
123 104 69651325
112 93 69604532
123 106 69603608
139 100 69572790
139 137 69570998
112 113 69568980
43 42 69568640
43 121 69568365
43 25 69568365
111 83 69506816
95 111 69503932
6 17 69488118
15 11 69486628
92 74 69483451
44 58 69483144
15 13 69474169
15 19 69474169
112 93 69318040
112 113 69311040
19 13 69253012
19 9 69253012
107 73 69231274
112 81 69227325
68 76 69222144
44 2 69221903
112 73 69209280
44 82 69168681
66 87 69156975
131 55 69146511
68 137 69135535
68 32 69135535
55 34 69132357
112 113 69121200
112 113 69094260
25 56 69074460
70 4 69058307
82 0 69056162
82 44 69056162
43 36 69051369
43 25 69048853
95 111 69044422
100 92 69039559
112 113 68997300
85 112 68997240
139 100 68992469
139 60 68992469
49 97 68991952
43 25 68986840
112 113 68983440
131 37 68982477
70 44 68974528
68 45 68967950
13 8 68966045
8 13 68961468
112 113 68961300
112 113 68956440
22 112 68924400
26 139 68912449
68 45 68908093
117 74 68889256
25 122 68887862
112 113 68887500
131 52 68881744
13 11 68640753
6 11 68640590
8 11 68624202
95 111 68612470
82 3 68558418
82 0 68556368
70 71 68554288
129 141 68545689
70 71 68535062
70 94 68535062
43 36 68524649
82 2 68475172
78 55 68458943
43 121 68441381
30 36 68439208
112 113 68438880
112 113 68435580
112 113 68405040
49 97 68394431
113 112 68372700
100 28 68354809
113 112 68336700
112 73 68329200
37 120 68304017
112 113 68293200
112 113 68287380
112 113 68273520
112 113 68244600
72 92 68219583
112 73 68208600
112 81 68208600
112 113 68055720
113 73 68037485
113 73 68037453
113 81 68037453
55 131 68020769
55 37 68020769
112 113 68020440
113 112 68019900
112 113 68019720
68 137 68019130
78 96 68018635
78 85 68018635
112 113 68008080
112 113 68007660
112 113 68002920
112 113 68002500
92 66 67958123
112 113 67953780
88 81 67952160
19 13 67947451
30 68 67944500
78 85 67938353
26 68 67926475
112 113 67917780
82 2 67785062
68 128 67767519
100 28 67764929
26 31 67763132
100 59 67761073
6 11 67760973
112 113 67749120
112 113 67733460
90 87 67697915
111 78 67696579
74 130 67683124
74 92 67683124
13 8 67672512
35 77 67669710
3 2 67665675
92 90 67451062
132 81 67442640
15 13 67422523
11 17 67414642
55 37 67414382
82 55 67342001
4 131 67322913
36 53 67259844
36 80 67258387
43 38 67252674
78 25 67247259
66 114 67246488
82 2 67183551
113 112 67166400
68 137 67153873
139 69 67149544
139 134 67149544
112 113 67139160
41 57 67089450
81 70 67073510
81 71 67073510
113 112 67060860
111 132 67059917
26 20 67058057
81 71 67055460
112 113 66858180
139 60 66815059
69 45 66814730
112 113 66745680
112 113 66733800
112 113 66732300
112 22 66726960
112 85 66726960
55 131 66654301
26 27 66651682
112 113 66643260
43 57 66642120
112 139 66639660
18 11 66634258
100 63 66565218
112 113 66563040
115 37 66561383
139 69 66544465
92 90 66488979
13 11 66482170
37 120 66479679
130 90 66469317
77 64 66459596
139 60 66207821
139 137 66207644
139 137 66206184
139 100 66206184
139 60 66206184
143 144 66177960
13 11 66026219
111 73 66019908
143 131 66015660
26 134 65973640
49 96 65968349
111 129 65959415
49 97 65945048
71 145 65839140
116 73 65616821
40 79 65605137
145 82 65603400
144 55 65602380
61 81 65595720
143 131 65569980
19 23 65556540
91 95 65541739
128 69 65531835
116 35 65510445
61 73 65490780
58 71 65486940
58 0 65486940
58 3 65486940
19 9 65470620
81 29 65455238
125 34 65431077
26 103 65428178
116 62 65423897
71 145 65420400
13 8 65418676
4 131 65409660
4 144 65409660
4 90 65397780
81 53 65365502
6 8 65364052
3 55 65339700
44 81 65338380
136 122 65329613
131 144 65325360
0 2 65317260
143 131 65314500
91 40 65279005
92 130 65275220
2 82 65263320
26 62 65262471
48 126 65251956
48 38 65251956
116 73 65246882
116 107 65246882
0 55 65245200
0 3 65245200
0 82 65236080
0 3 65236080
72 90 65113523
37 120 65041200
91 95 65024184
26 62 65014453
92 66 65013284
1 38 65009386
72 92 64983420
3 82 64979940
2 82 64979400
3 55 64978620
3 0 64978620
3 145 64978620
4 71 64976820
2 58 64968900
37 85 64959540
37 85 64942380
91 95 64935855
143 144 64934220
7 52 64920587
112 113 64918440
112 113 64915260
112 113 64914480
15 19 64912260
116 73 64907915
2 82 64905780
145 2 64905120
112 113 64888140
58 3 64883700
26 30 64855048
119 37 64852080
50 95 64846908
37 131 64839360
0 55 64826400
37 85 64823825
0 82 64820160
107 73 64817300
116 73 64816071
119 37 64812480
37 85 64805820
85 37 64767300
37 85 64765620
112 113 64742820
15 9 64738860
61 81 64733040
37 85 64729620
82 2 64729620
116 52 64728947
116 111 64728947
116 30 64728947
116 38 64728947
145 71 64728840
0 82 64727640
145 71 64723320
71 145 64721940
26 30 64721886
0 82 64719960
2 82 64717500
58 0 64713720
0 2 64709160
91 79 64414626
91 83 64414626
29 27 64407329
29 81 64407329
11 17 64402612
13 11 64393856
136 25 64384262
145 2 64368540
37 85 64345860
95 50 64321800
131 38 64307292
78 37 64301760
2 82 64289880
131 38 64289280
2 82 64282860
145 2 64279380
145 2 64279140
18 9 64252980
66 74 64239804
113 112 64232700
112 113 64224960
58 3 64208040
112 113 64202400
2 82 64202160
91 40 64157509
18 17 64144440
116 68 64139216
116 28 64139216
116 51 64139216
116 47 64139216
116 134 64139216
116 79 64139216
116 125 64139216
116 84 64139216
116 90 64139216
116 122 64139216
116 39 64139216
116 127 64139216
111 40 64138630
95 91 64133365
91 111 64133255
0 3 64130760
37 120 64126080
90 4 64125120
4 90 64123920
112 113 64121220
125 36 64119054
37 85 64112160
145 2 64108440
85 37 64104360
85 37 64099860
37 85 64085700
71 58 64084800
37 85 64070400
37 85 64064160
145 2 64053180
58 82 64049940
37 85 64049700
71 58 64048800
94 105 64039452
0 55 64030140
0 2 64030140
37 78 64028160
112 113 64025400
131 143 64023780
86 135 63860943
131 55 63805932
3 2 63779820
3 0 63779820
125 36 63777581
112 113 63773820
112 113 63769380
37 131 63762660
37 120 63724680
113 81 63707160
37 85 63702004
22 105 63701700
113 107 63689214
3 2 63688440
3 145 63688440
37 85 63655920
13 11 63638827
2 0 63628020
2 58 63628020
3 2 63622620
53 97 63609259
2 55 63608700
68 45 63594240
71 145 63588000
71 110 63563760
18 33 63547500
18 22 63547500
62 60 63538800
58 82 63529860
71 110 63527760
71 110 63523920
37 78 63522300
145 2 63521640
145 71 63511740
37 78 63508020
112 113 63457140
37 120 63450900
37 120 63450780
61 81 63445440
131 119 63441240
112 113 63438240
112 113 63427260
2 58 63422940
37 85 63420480
78 85 63419760
85 37 63418800
85 78 63418800
145 2 63252060
62 31 63204240
79 83 63199920
112 106 63198300
121 50 63193492
112 113 63190380
58 0 63174180
37 131 63172020
62 31 63168420
62 31 63168240
111 83 63167160
112 113 63163200
126 1 63121980
1 53 63114600
37 85 63101340
112 113 63100260
1 49 63093780
11 8 63087946
126 1 63085980
112 113 63080160
41 115 63019235
58 82 63014640
131 143 63013500
143 144 63003000
71 145 63000960
38 138 62997420
111 78 62961660
111 78 62953080
111 78 62917080
4 71 62907180
58 3 62905500
37 85 62905200
57 56 62875260
1 38 62867220
115 41 62856973
81 73 62856780
121 42 62849137
116 35 62824776
116 36 62824776
112 113 62812500
57 139 62601720
111 83 62590740
112 113 62581440
11 8 62573010
57 139 62572740
57 139 62570580
112 113 62554800
91 95 62554560
25 56 62511780
120 25 62503980
25 78 62498640
1 21 62429520
116 28 62424560
116 132 62424560
116 25 62424560
116 38 62424560
116 77 62424128
116 38 62424128
116 36 62424128
116 36 62422995
136 25 62409600
117 63 62404440
61 113 62396220
85 37 62389140
112 113 62332140
104 113 62329080
116 77 62324162
58 82 62322540
92 117 62313480
18 9 62313180
90 4 62309040
4 90 62306400
0 145 62291700
111 83 62289840
81 27 62266560
81 111 62266560
105 94 62251457
81 27 62248602
81 28 62248602
81 85 62248602
121 42 62248043
116 29 62241793
116 81 62239665
116 18 62239085
72 102 62238660
78 25 62237220
85 37 62233080
121 25 62227666
92 130 62024220
74 92 62017560
1 138 62015820
138 1 61990800
136 121 61984346
113 81 61976280
4 90 61969620
11 6 61966432
120 37 61964100
112 113 61962780
122 78 61962420
143 144 61955100
41 57 61953180
112 113 61950240
112 113 61950060
25 109 61907760
25 142 61907580
25 147 61907580
112 113 61892280
112 113 61891500
139 17 61885425
145 2 61879260
117 84 61871700
112 113 61867080
40 79 61834740
40 83 61834740
4 71 61828500
116 111 61824118
4 71 61808100
4 144 61808100
2 0 61800660
58 29 61800300
40 95 61798740
92 117 61797000
104 112 61796520
112 113 61790100
0 3 61785840
57 122 61726800
112 113 61723800
112 113 61715220
122 51 61711440
122 142 61711440
1 138 61699500
2 131 61696800
131 143 61695900
131 144 61695900
0 2 61692960
37 55 61692360
145 2 61687020
145 58 61687020
2 0 61686660
116 85 61660580
38 126 61655040
116 85 61652033
111 40 61651560
38 48 61650660
121 136 61648820
58 82 61632060
112 113 61624620
38 48 61619040
145 58 61617600
116 36 61617088
38 47 61614660
38 146 61614660
131 55 61612740
112 113 61606260
85 37 61432560
78 2 61403640
141 20 61391220
112 113 61373820
11 17 61372904
3 2 61371660
3 0 61371660
3 58 61371660
2 145 61368480
88 81 61357620
112 113 61355340
2 55 61354680
2 0 61353480
113 112 61351920
145 2 61341840
145 2 61341420
141 73 61321860
141 107 61321860
111 40 61300860
1 21 61289820
112 113 61286820
1 21 61282020
0 55 61279920
0 2 61279920
0 58 61279920
112 22 61268460
112 17 61268460
37 85 61256100
18 17 61251240
88 81 61231500
139 136 61230660
78 55 61212360
131 143 61210080
85 37 61195560
23 8 61193334
131 143 61193220
112 113 61189920
0 2 61176540
145 3 61175700
2 3 61174800
131 143 61174080
131 78 61173720
87 24 61167300
3 2 61167000
81 53 61129140
58 82 61112760
112 113 61112640
57 121 61101060
122 42 61100580
58 2 61100040
58 145 61100040
117 63 61089660
0 145 61088100
18 32 61077420
37 85 61066680
55 143 61030500
55 131 61030500
112 113 61023840
145 0 61018560
145 58 61015800
145 58 61010040
2 58 61001820
2 145 61001820
3 55 60997740
139 8 60759180
139 6 60759111
2 85 60758340
0 2 60753540
0 3 60753540
87 109 60737100
87 84 60737100
37 85 60718560
37 85 60683280
37 85 60682560
58 82 60681600
85 37 60678540
85 37 60677460
57 41 60674340
143 85 60673260
37 85 60672960
139 6 60671109
139 17 60671109
57 147 60654240
2 3 60649140
88 29 60633900
58 82 60599760
3 0 60587040
3 145 60587040
58 82 60582900
145 2 60581640
74 130 60551460
37 85 60540720
58 82 60508620
37 85 60504720
131 37 60502920
112 113 60499620
112 139 60496800
131 144 60494820
3 55 60488460
3 0 60488460
3 145 60488460
139 6 60438983
139 11 60438983
132 41 60437220
81 53 60430620
53 81 60427380
91 40 60426780
37 85 60425100
41 57 60415260
37 85 60412560
85 37 60402540
58 111 60393480
81 53 60377400
111 78 60353280
71 145 60336060
112 113 60265380
131 78 60186720
92 66 60171780
92 74 60171780
41 132 60155460
131 55 60151200
143 78 60146880
112 139 60141000
37 120 60136860
37 119 60136860
55 131 60131760
2 0 60077280
0 58 60075060
47 110 60071340
2 78 60048360
2 0 60046200
78 143 60044040
88 81 60032460
87 66 60022140
112 113 60010560
112 113 59990040
112 113 59981100
112 113 59971440
131 143 59961660
111 83 59958240
113 112 59954760
57 122 59953080
94 53 59946420
38 122 59906100
22 6 59902320
47 110 59896020
116 77 59893622
119 120 59892180
0 145 59890320
2 145 59872020
55 85 59844360
112 113 59822940
78 143 59817960
38 146 59812140
38 48 59812140
131 37 59810220
116 77 59808317
143 144 59806440
61 81 59793420
58 82 59787780
116 77 59761653
88 81 59580660
131 78 59569980
94 71 59551980
58 95 59550060
88 81 59548020
131 78 59530380
37 85 59527200
22 139 59523480
0 2 59522280
131 78 59465760
131 78 59465640
37 85 59462400
37 85 59443920
2 0 59443440
2 58 59443440
78 55 59398020
22 104 59381880
22 9 59381880
22 17 59381880
143 55 59378340
0 3 59366100
0 145 59366100
37 95 59360880
58 2 59357400
2 3 59357340
143 55 59300760
143 78 59300760
37 131 59294400
2 0 59290740
2 3 59290740
139 22 59290366
139 6 59290366
58 2 59290140
37 126 59285160
131 37 59276940
119 120 59276460
120 37 59265180
55 131 59264520
22 17 59264340
22 139 59264340
55 131 59262900
11 17 59208589
117 66 59208120
55 143 59203440
2 0 59203260
37 131 59203200
0 2 59202900
37 85 59198640
37 120 59196660
145 2 59192460
144 131 59177520
22 17 59141100
112 9 58958040
6 11 58956326
6 17 58956326
6 15 58954471
131 144 58954380
22 139 58949220
117 130 58941540
117 92 58940340
112 22 58938060
112 113 58930800
149 114 58928220
149 90 58928220
148 149 58926840
131 143 58925820
92 66 58918140
25 142 58885740
58 82 58867620
112 113 58863900
58 145 58852260
92 66 58834800
112 113 58784400
2 78 58780860
148 149 58776840
112 113 58776840
139 17 58773309
112 113 58754100
58 81 58751880
2 145 58750440
22 17 58711500
112 113 58697940
57 41 58697580
57 142 58697580
57 25 58697580
112 113 58697580
57 122 58697580
2 145 58684620
142 122 58683000
145 2 58676160
145 0 58669020
145 58 58668720
57 41 58657980
57 42 58657980
57 147 58657980
81 53 58642800
112 113 58619040
112 113 58618620
81 53 58603200
112 113 58595100
112 113 58590960
92 117 58577820
3 0 58576560
71 58 58434360
94 81 58393500
11 17 58344970
58 0 58339740
58 111 58339020
112 113 58329840
112 113 58326060
112 24 58326060
58 71 58264980
112 9 58260180
112 17 58256220
131 143 58243680
25 51 58191960
25 136 58191960
112 24 58186740
81 29 58184369
139 11 58182875
143 78 58171260
58 3 58165920
112 113 58163400
116 81 58162792
112 113 58153440
112 113 58153140
1 138 58152540
144 143 58149420
116 81 58107677
11 6 58098991
112 148 58098960
37 120 58095180
37 85 58095180
131 144 58090380
145 58 58085880
145 2 58075680
2 3 58075320
113 112 58069140
112 113 58069020
131 85 58065960
145 2 58064220
25 136 58063500
25 139 58063500
112 113 58062600
117 24 58061340
8 17 58023769
143 78 57997740
1 21 57995700
11 6 57994801
11 8 57994801
11 17 57994801
3 2 57989340
25 142 57981540
25 42 57981540
25 139 57981540
25 122 57981540
112 113 57979200
149 112 57975180
149 24 57972180
22 19 57971940
2 145 57970260
22 33 57969240
1 47 57819240
112 113 57811140
88 81 57746820
88 81 57743580
126 37 57738660
3 58 57737220
0 3 57731640
3 0 57731340
3 145 57731340
117 87 57729840
71 94 57725520
21 1 57721800
38 47 57720900
2 3 57659280
117 114 57648180
117 24 57648180
37 120 57637860
37 85 57635520
117 92 57634980
112 113 57634140
55 78 57633900
2 0 57626040
139 6 57587556
139 11 57587556
112 113 57576900
112 22 57576780
112 113 57571020
58 145 57555480
2 82 57551820
112 113 57549660
2 145 57489120
117 87 57481800
61 111 57467760
117 66 57463740
58 145 57461400
25 42 57415080
112 24 57399960
117 109 57399120
112 24 57395220
22 33 57394560
22 6 57394560
20 23 57381195
79 25 57377280
37 120 57371520
117 66 57366900
119 37 57364320
25 147 57325980
116 85 57320533
25 42 57225900
107 9 57152802
112 113 57135060
58 2 57102720
139 11 57064037
117 84 57048660
117 92 57046020
2 0 57041340
2 145 57034860
41 57 57029040
41 139 57029040
92 66 57027960
85 78 57022500
55 2 57017040
55 0 57017040
112 113 56975220
117 114 56966640
117 24 56966640
2 145 56964300
57 41 56963880
57 139 56963880
22 139 56953800
112 113 56950620
112 149 56945280
112 113 56945280
117 109 56944200
38 146 56934720
116 85 56873376
91 95 56867460
57 121 56866980
0 2 56858220
0 2 56854920
2 0 56852160
95 91 56851740
58 3 56851140
145 58 56849100
25 136 56815680
9 33 56785027
131 55 56780520
142 47 56773500
37 120 56764800
116 111 56734500
112 24 56699880
22 19 56557368
22 11 56557368
139 11 56546916
139 17 56546916
11 6 56531016
112 113 56512260
58 82 56504760
85 120 56500740
92 117 56500020
116 62 56477518
2 0 56447520
139 8 56447199
0 55 56444880
0 2 56444880
2 0 56443020
66 149 56436300
112 24 56433540
15 6 56430813
120 37 56428860
131 55 56428140
120 37 56418300
149 112 56416680
8 139 56403960
116 111 56386856
112 113 56381100
116 81 56378366
117 92 56353920
58 0 56345700
0 2 56329260
112 113 56285640
104 113 56278500
112 113 56275860
149 112 56268840
120 37 56252160
41 57 56246520
99 91 56245140
139 6 56243100
55 3 56155500
22 112 55953540
22 9 55953540
22 139 55953540
112 113 55943580
112 24 55943460
112 113 55943340
112 113 55942920
112 24 55942740
117 66 55928640
117 109 55928640
85 120 55908000
120 37 55902960
120 85 55900320
2 58 55898220
25 136 55896780
91 95 55888920
91 111 55888920
79 111 55867740
79 38 55867740
79 139 55867740
17 6 55855320
17 9 55855320
112 113 55845840
112 113 55843080
55 2 55839600
120 37 55839360
120 85 55839360
37 120 55834320
78 55 55832580
149 25 55832280
149 113 55832280
11 17 55832040
111 29 55829520
149 112 55829520
149 25 55829520
149 24 55829520
79 111 55828140
79 139 55828140
149 112 55827360
149 25 55827360
111 29 55826160
112 22 55814340
22 139 55813920
58 0 55813860
58 3 55813860
112 24 55809540
112 113 55763760
112 24 55761720
2 0 55759560
0 55 55749180
92 87 55747020
112 113 55744560
112 24 55744560
112 113 55734540
58 3 55733100
4 58 55665360
57 41 55661520
58 82 55653360
47 110 55652280
131 55 55649220
57 139 55646100
111 91 55635540
112 113 55587780
22 139 55586580
131 143 55581480
117 109 55578960
145 0 55570500
41 57 55563000
58 3 55560120
2 0 55559580
0 3 55555260
0 58 55555260
0 145 55555260
148 63 55549800
148 114 55549800
148 87 55549800
148 92 55549800
38 126 55548780
72 74 55498920
72 140 55498920
120 78 55318260
111 61 55317300
131 143 55314120
117 92 55311480
112 24 55301160
112 113 55300980
112 113 55299420
22 6 55234860
22 139 55234860
112 113 55231500
2 0 55227240
57 56 55222380
2 0 55221660
0 145 55218060
112 113 55212480
22 17 55209000
131 143 55151760
2 0 55144920
2 3 55070160
22 6 55066440
22 139 55066440
112 113 55058700
117 24 55058220
112 113 55051080
111 95 54978240
112 113 54976380
25 139 54967320
1 21 54963600
58 145 54949560
111 83 54943380
112 113 54829020
149 107 54757380
11 8 54740280
112 149 54730080
2 0 54707520
143 78 54696660
22 19 54691380
112 113 54637920
112 24 54637920
61 81 54630780
149 42 54630600
149 107 54630600
139 11 54629340
58 145 54628380
22 6 54623100
88 73 54607320
58 82 54606840
149 112 54603360
149 107 54603360
0 58 54600600
116 85 54552714
58 145 54544980
117 66 54531900
58 95 54531900
91 111 54524340
107 88 54480840
22 139 54462840
82 71 54458520
112 24 54450960
22 9 54449520
1 21 54444720
149 112 54429300
149 42 54429300
149 148 54429300
149 113 54429300
25 142 54423780
25 136 54393840
145 3 54359520
112 113 54301140
148 25 54106680
112 113 54098460
112 113 54096900
2 0 54030300
92 149 54014760
112 113 54012060
112 24 54012060
136 95 54010080
22 20 54008640
22 6 53996340
22 17 53996340
22 139 53996340
22 17 53994060
111 73 53943720
2 58 53943000
58 145 53935500
58 0 53923080
112 24 53917920
111 95 53914860
58 82 53912460
143 131 53911320
25 142 53873160
25 136 53872560
11 6 53865000
11 17 53865000
2 0 53858580
2 58 53857080
112 139 53850540
2 0 53850480
112 24 53834940
112 24 53832660
112 24 53832600
38 40 53774880
22 120 53763720
112 24 53757720
88 81 53757120
99 139 53729040
112 24 53658900
112 113 53658180
112 113 53616960
112 24 53616960
58 82 53504580
57 25 53500380
11 6 53498640
22 139 53495220
22 33 53491620
112 113 53404500
92 130 53390940
22 17 53353320
111 61 53343300
22 139 53329800
149 105 53314860
149 112 53314860
149 107 53314860
149 24 53314860
149 9 53314860
72 102 53300520
112 149 53273640
57 56 53242800
143 144 53239920
142 136 53224680
58 82 53221620
68 137 53219100
22 6 53137320
113 112 53067000
112 113 52913640
112 24 52913640
131 143 52893660
143 144 52818660
2 145 52806480
41 57 52805280
112 149 52792680
88 81 52735260
111 29 52723440
58 82 52717860
55 143 52704300
55 131 52704300
112 113 52665060
58 81 52616880
55 143 52612560
55 143 52607940
143 78 52554840
57 41 52554600
47 110 52546320
81 29 52453020
58 82 52291500
139 11 52277400
2 0 52273260
0 58 52267620
0 145 52267620
117 24 52219080
117 24 52218540
6 11 52216500
58 82 52215660
2 0 52214580
9 112 52208760
9 18 52208760
139 17 52205820
58 0 52204860
58 145 52203660
58 82 52187520
112 113 52135320
117 66 52128900
41 57 52125720
41 57 52123140
64 142 52117080
2 0 52115220
112 113 52105560
111 73 52094820
2 58 52044120
92 66 52029540
92 87 52029540
2 0 52012200
58 82 52011060
22 19 51965880
111 83 51955440
111 83 51953280
112 24 51766680
25 142 51624900
25 136 51624900
112 24 51620940
2 0 51612840
2 58 51612240
2 145 51577440
112 113 51535800
112 24 51535800
68 45 51522360
21 1 51511620
1 125 51502560
22 139 51500580
112 139 51414840
117 114 51007380
117 66 51006420
117 24 51006420
131 37 50992080
21 1 50982780
41 57 50979540
58 0 50978040
112 148 50928540
58 82 50918040
58 82 50916720
57 64 50914320
112 113 50909820
112 113 50909520
6 11 50906280
55 143 50905380
58 2 50897640
22 33 50892240
22 17 50892240
117 92 50885220
113 112 50838120
2 3 50832780
143 85 50832120
58 82 50831400
37 120 50822400
112 149 50813760
112 113 50813760
88 49 50811660
88 107 50810100
22 33 50802420
22 18 50802420
22 17 50802420
112 113 50744460
149 9 50740080
111 29 50738940
112 148 50731380
22 139 50715900
2 3 50715540
91 139 50714820
113 81 50550720
58 81 50475360
58 29 50475180
22 20 50400240
47 146 50393520
112 149 50393100
1 138 50389620
148 87 50378520
112 149 50378220
58 0 50375760
104 73 50315820
104 105 50315820
104 141 50315820
104 106 50315820
104 61 50315820
104 107 50315820
104 81 50315700
104 18 50315700
37 120 50315400
58 2 50304180
112 113 50299440
149 24 50297820
111 73 50296200
18 9 50296020
112 149 50294220
2 3 50294160
104 33 50291820
104 106 50291820
104 107 50291820
112 113 50288940
148 109 50283600
148 114 50283600
148 90 50283600
2 3 50280960
81 94 50280900
112 113 50233140
112 113 50232780
37 120 50229000
58 2 50221500
112 149 50221080
112 149 50220540
9 33 50220000
9 18 50220000
2 58 50218140
104 106 50217600
104 33 50217540
104 81 50217540
104 106 50217480
104 18 50217480
20 23 50215920
20 23 50213820
134 62 50212440
113 142 50207700
112 148 50206380
8 22 50204940
112 139 50204640
0 145 50197860
149 78 50196480
117 72 50196060
22 17 50194560
20 18 50191500
58 82 50145360
37 120 50142600
2 3 50141880
23 20 50141580
20 23 50135100
112 149 50129640
149 109 50129100
149 24 50129100
139 91 50126640
92 66 50125740
22 17 50120880
149 109 50120580
68 137 50119680
149 112 50118720
149 148 50116620
0 2 50109240
0 58 50109240
139 8 49870860
58 3 49867260
92 117 49858320
9 18 49856880
81 29 49791060
57 41 49790280
112 149 49788600
111 81 49787100
112 113 49776360
9 139 49726860
58 71 49712760
2 3 49698960
107 73 49698480
143 41 49697820
92 114 49695660
9 22 49687440
8 22 49686720
8 19 49686720
139 8 49686000
2 0 49681380
2 0 49680900
22 139 49680000
139 22 49679580
22 139 49621860
139 8 49617660
29 73 49602540
2 3 49595280
112 113 49541400
92 66 49534620
1 138 49527660
149 71 49521960
139 6 49518660
8 17 49517700
112 24 49510680
17 22 49505940
82 58 49504440
17 22 49502400
139 79 49473420
139 79 49472400
112 113 49277040
112 24 49277040
81 73 49274100
0 145 49270380
17 139 49268760
104 61 49267740
104 20 49267740
8 22 49266720
17 139 49260240
113 112 49257840
68 45 49257660
8 11 49256280
9 139 49250940
68 45 49245600
68 137 49245600
120 37 49243860
58 82 49188060
8 11 49185720
2 58 49183860
112 113 49181160
112 113 49180440
2 3 49179240
0 55 49171500
0 58 49171500
17 139 49168080
139 17 49165020
17 22 49157640
25 136 49121640
37 120 49109280
58 3 49101120
58 2 49096380
68 76 49092240
23 18 49086840
112 149 49081140
58 0 49075380
17 139 49073460
23 20 49019880
145 4 49010820
57 41 49005720
149 109 49004700
61 73 48999420
58 3 48998160
40 38 48993840
2 3 48991740
58 2 48991500
85 120 48988260
22 139 48987120
2 3 48985200
2 3 48984720
117 78 48937500
22 17 48933240
2 0 48930600
0 2 48928920
58 29 48915900
149 112 48912840
2 0 48898740
2 145 48898140
114 140 48837120
74 102 48797700
112 139 48502860
2 58 48495360
112 149 48493980
149 112 48482820
145 4 48479640
112 113 48477120
99 139 48424440
113 112 48420660
112 149 48411000
112 149 48409560
149 112 48403920
149 113 48403920
55 143 48397440
148 113 48394920
148 149 48390000
68 45 48387780
68 137 48387780
112 149 48386760
112 113 48386760
68 76 48377820
112 24 48331800
112 113 48315180
132 41 48314220
120 37 48297660
11 8 48295380
68 45 48292320
58 144 48214920
140 102 48084720
148 112 48063780
148 113 48063780
56 57 48049140
148 74 48047340
148 78 48047340
41 57 48034980
149 112 47980260
58 144 47976480
11 6 47974860
58 29 47966280
0 2 47962380
0 3 47962380
148 112 47959500
145 2 47958000
58 3 47951520
58 3 47951280
58 82 47951160
2 3 47947680
2 145 47947680
112 113 47901840
144 143 47892360
82 58 47889900
58 82 47889480
58 3 47889480
58 82 47879700
112 149 47869800
78 117 47869440
112 113 47869260
81 29 47862300
41 57 47860500
2 145 47812080
58 0 47801040
61 58 47793300
81 29 47793000
81 58 47793000
58 3 47785200
58 2 47782560
58 3 47782560
68 76 47781720
81 73 47720520
58 29 47720460
58 3 47714520
41 132 47714460
41 57 47714460
58 144 47707980
58 82 47692260
38 111 47635740
149 113 47457180
58 82 47453220
58 144 47453220
82 58 47450880
112 113 47446560
112 149 47444040
2 0 47432760
0 2 47375400
111 91 47370420
58 81 47367900
61 18 47366880
9 12 47361840
112 9 47360160
37 1 47295240
143 34 47284920
148 78 47282040
148 130 47282040
148 109 47282040
139 22 47269620
37 1 47269380
68 45 47207340
68 137 47207340
58 145 47192940
11 8 47192460
112 113 47190480
85 143 47186520
139 11 47175540
25 136 47135340
88 73 47118960
139 9 47116800
58 144 47115480
41 57 47112900
58 29 47111700
149 112 47107620
1 38 47105100
139 136 47104320
143 85 47101680
120 37 47093340
6 11 47089680
25 136 47044440
2 0 46857360
2 3 46857360
58 145 46856820
85 143 46854420
11 6 46853160
2 3 46851000
139 95 46850460
139 79 46850100
112 113 46847880
2 58 46844220
0 58 46837140
37 120 46835640
2 3 46826880
22 20 46825440
22 23 46825440
58 81 46761600
13 8 46757460
13 11 46757460
149 112 46755360
58 0 46754880
139 95 46753080
0 58 46743840
148 149 46735980
0 3 46677480
112 113 46675980
41 57 46675680
58 2 46673520
112 113 46669800
112 113 46662480
2 58 46653840
95 91 46618260
112 113 46596780
58 82 46592100
148 63 46585200
148 64 46585200
148 117 46585200
148 102 46585200
148 149 46585200
148 109 46585200
148 24 46585200
148 87 46585200
148 90 46585200
58 3 46580220
2 0 46580160
2 145 46580160
38 138 46571700
143 131 46570800
8 15 46570680
8 11 46570680
8 17 46570680
41 57 46565880
145 71 46501920
41 57 46486140
2 0 46485600
0 2 46484820
58 82 46483560
0 3 46252680
0 145 46252680
58 145 46247460
0 55 46239960
0 145 46239960
139 136 46239000
9 19 46228320
9 18 46228320
11 8 46224420
61 105 46221720
61 107 46221720
1 47 46163280
58 82 46162560
58 29 46160160
2 0 46151880
2 3 46151880
58 144 46151160
2 145 46141680
149 24 46075740
148 112 46071660
8 17 46069380
120 37 46069020
2 3 46068360
38 47 46063920
13 6 46051740
2 0 46049820
112 148 45991800
58 82 45984240
58 2 45983880
58 3 45983880
145 2 45983700
57 41 45972300
58 2 45883980
112 24 45641220
2 0 45628980
2 58 45625680
37 120 45624420
2 0 45622020
149 24 45556380
112 149 45556260
22 9 45543960
22 139 45543960
2 111 45538080
58 2 45533160
58 2 45531600
58 82 45527040
38 146 45471900
1 21 45471120
22 18 45462960
57 56 45451560
149 24 45450600
58 81 45443760
25 142 45390600
0 2 45388320
0 2 45380100
58 0 45374520
112 113 45363660
112 24 45311220
149 24 45302640
95 139 45281580
58 2 45278940
91 95 45214020
0 58 45040980
0 3 45037980
112 113 45033600
22 139 45024000
112 149 45022140
143 131 45022080
55 0 45019380
143 131 45017820
55 3 45015420
55 58 45015420
149 112 45014580
11 139 45008340
1 21 44950800
112 149 44948400
112 113 44941680
38 47 44941320
112 113 44940300
139 9 44936880
38 146 44914920
143 58 44869440
112 113 44861220
112 113 44783220
58 144 44749140
1 21 44693100
111 40 44689320
131 144 44669340
81 29 44667780
58 82 44666760
58 144 44666760
4 2 44321640
58 82 44264100
2 0 44257620
2 58 44255460
25 147 44196420
146 79 44179980
58 144 44177700
82 58 44172300
58 3 44168880
111 95 44165820
105 106 44105040
112 113 44097360
146 111 44093520
28 137 44088960
2 0 44081940
37 120 44070660
0 2 44064420
0 58 44064420
149 63 44061000
58 144 43825380
22 17 43808040
38 25 43797540
38 48 43797540
112 139 43754880
58 144 43743120
112 113 43730460
71 113 43718520
2 0 43718220
2 0 43718100
58 3 43716720
111 83 43653600
57 56 43645680
57 147 43645680
0 2 43643880
41 146 43642080
58 0 43630320
58 3 43630320
58 145 43630320
41 57 43628280
58 144 43570140
112 139 43547640
73 81 43493700
139 112 43486500
139 112 43486020
41 57 43461780
120 37 43458300
58 144 43226340
58 0 43217580
112 113 43215180
62 35 43196100
126 1 43148760
41 57 43132980
41 57 43123980
22 8 43117200
57 56 43116540
126 1 43109520
58 2 43047420
58 2 43047360
131 144 43032720
2 0 43027500
146 122 42970680
58 82 42964740
58 2 42961260
139 136 42951660
120 37 42945720
4 2 42939900
58 82 42939120
58 144 42939120
58 2 42882420
139 6 42881400
112 149 42880860
58 2 42880200
111 73 42877500
41 57 42871020
139 136 42864720
2 58 42860760
58 144 42620640
8 6 42601440
22 139 42590340
139 6 42536820
139 17 42536820
145 2 42529260
149 63 42512520
112 24 42469740
112 149 42454500
112 149 42428880
2 3 42423780
58 82 42366780
58 144 42366480
139 112 42357900
82 58 42343380
58 82 42342360
58 82 42334020
25 136 42298680
37 139 42285000
63 149 42281400
149 71 42274200
104 113 42238560
131 143 42018660
11 6 42012660
149 112 42006360
149 112 42004560
22 6 42003720
112 149 42003360
112 113 42003360
149 63 41995260
149 84 41995260
112 148 41941740
9 113 41933220
28 137 41932080
112 113 41929200
57 41 41909160
57 41 41906940
57 25 41898540
112 113 41858640
112 63 41850540
112 149 41850540
145 71 41841480
112 113 41835120
58 2 41825880
2 0 41814060
149 24 41768520
112 149 41757780
22 112 41754660
22 9 41745000
146 41 41738460
1 138 41730720
139 33 41403420
139 11 41403420
139 17 41403420
37 139 41391600
125 25 41315460
1 138 41314320
1 38 41314320
22 6 41304360
1 125 41298120
149 112 41239020
1 21 41234160
139 136 41227620
58 145 41225940
149 112 41222340
1 34 41219220
38 111 41217480
38 83 41217480
38 146 41217480
38 48 41217480
9 13 41215260
9 139 41215260
41 57 41213160
139 11 41208660
139 17 41208660
149 112 41183040
139 17 41155200
112 149 41148840
1 138 41145780
149 84 41140860
149 24 41140860
145 2 41121840
58 82 41063040
58 3 41062080
139 136 41052480
139 95 41051760
139 91 41051760
111 38 40966920
58 82 40810860
2 3 40804500
22 139 40696020
58 82 40639740
2 0 40636500
2 4 40636320
143 37 40631460
142 122 40618800
38 1 40617900
38 21 40617900
38 79 40617600
38 21 40617300
38 138 40617300
58 0 40615080
131 144 40551300
2 3 40546980
148 149 40537500
149 112 40536060
58 3 40459620
8 6 40451700
58 3 40449360
111 83 40447320
41 57 40437300
58 2 40434420
58 71 40434180
58 144 40434180
2 58 40431420
88 49 40207380
88 99 40207380
15 139 40197000
58 144 40114620
139 11 40112220
149 84 40106640
139 9 40096800
58 82 40031820
58 144 40031820
22 9 40029240
38 111 40026060
149 112 40016640
58 0 40004580
58 144 39945420
131 122 39939660
32 18 39918600
0 2 39912840
0 58 39912840
0 145 39912840
57 41 39827280
22 17 39758280
41 57 39589140
57 56 39573480
61 98 39568620
61 81 39568620
41 57 39504960
88 99 39418980
11 6 39409860
38 48 39405420
145 58 39403980
58 2 39327360
2 3 39314040
58 71 39309840
41 57 39248880
58 82 38994300
22 6 38910360
22 139 38910360
22 6 38900940
17 6 38893740
17 139 38893740
57 41 38882280
62 35 38873340
6 139 38819580
58 145 38809500
9 13 38802960
58 144 38792400
2 58 38728140
58 82 38719380
58 81 38715540
58 71 38714580
58 144 38712840
142 122 38710380
58 71 38649660
60 28 38645700
57 56 38645640
144 143 38642700
58 71 38640060
58 82 38640060
22 139 38635080
142 25 38634300
9 13 38573460
9 149 38573460
9 139 38573460
131 144 38391300
58 2 38389800
133 34 38384160
58 82 38376120
58 144 38376120
1 138 38353980
8 6 38289180
58 81 38275860
2 58 38210100
139 22 38202000
139 6 38193060
139 11 38193060
139 17 38193060
111 61 38181840
2 3 38132640
58 144 38131320
58 144 38103960
58 2 38042940
58 3 38042940
49 34 38034840
58 71 37781220
2 58 37763940
139 6 37755840
139 17 37755840
139 17 37746660
139 11 37704780
137 76 37704480
145 2 37627260
41 57 37595940
9 19 37593360
58 71 37581240
22 9 37504920
57 24 37502040
149 71 37429560
139 22 37428780
111 95 37184400
58 3 37170000
142 25 37144860
58 82 37090740
57 41 37005240
58 82 37002120
139 9 37000320
81 58 36994860
139 6 36988620
91 95 36987780
131 143 36978540
112 113 36926520
112 9 36926520
58 71 36922560
145 3 36914820
145 3 36837960
139 17 36831600
22 6 36821400
22 17 36821400
58 71 36568020
145 3 36545340
58 82 36486300
58 144 36486300
58 71 36469680
139 17 36409560
58 81 36400980
58 2 36396000
99 139 36392520
145 58 36390840
58 145 35960940
41 57 35960700
73 81 35958000
145 3 35952840
145 58 35945820
58 145 35943900
144 58 35942040
58 144 35937900
58 2 35937840
58 144 35937420
1 21 35898180
145 2 35886660
144 58 35871360
145 58 35865960
58 3 35864280
58 82 35862720
145 58 35862180
22 17 35792040
58 2 35791200
145 3 35780760
139 6 35777640
139 17 35777640
2 58 35775960
41 57 35765760
145 2 35706240
2 79 35704560
2 83 35704560
1 138 35682720
2 3 35616060
2 58 35611500
58 82 35611200
131 144 35364480
22 20 35352780
142 122 35350260
11 6 35335800
145 2 35281140
22 6 35266440
22 17 35266440
58 2 35249820
82 58 35193600
58 71 35193360
58 82 35193360
58 82 35192640
58 71 35180460
139 9 35176440
139 17 35176440
2 58 35110680
131 143 35106180
58 82 35103180
2 145 35080140
9 113 35008260
22 6 35007420
2 145 34998120
2 145 34997520
145 3 34756200
145 2 34753080
145 3 34740720
57 56 34738800
57 122 34738800
22 139 34728180
145 2 34678500
145 3 34667520
145 2 34660800
58 143 34646520
58 144 34561440
145 58 34559220
145 2 34558980
142 122 34555620
145 2 34507440
145 2 34502760
2 58 34420680
2 145 34420680
145 2 34413900
145 58 34413720
57 41 34389180
58 71 33988080
58 82 33988080
57 41 33961740
2 145 33904500
58 82 33896460
81 29 33877020
58 145 33867780
58 82 33812460
88 81 33811320
1 21 33807600
1 21 33806520
34 131 33806460
2 145 33801840
58 145 33558840
58 71 33553920
58 82 33553920
145 71 33546720
2 145 33469140
58 82 33465660
58 2 33464760
58 145 33456780
145 2 33440880
58 3 33437580
58 71 33435600
145 2 33264300
58 82 32941500
58 81 32934660
1 21 32932260
1 138 32931000
9 19 32789760
9 12 32789760
139 112 32693340
58 82 32687460
58 144 32687460
145 2 32675340
22 6 32657700
22 17 32657700
111 141 32597760
145 3 32591580
139 17 32332800
22 6 32325060
145 58 32237640
145 2 32228820
145 58 32172600
139 17 32147460
58 82 32083740
62 51 32083620
62 57 32083620
62 147 32083620
58 144 32069040
2 58 32057160
2 3 32054940
58 71 31997880
58 82 31997880
58 145 31997820
139 6 31983780
145 3 31978800
2 58 31974060
41 57 31962540
145 3 31731540
131 34 31725600
144 58 31725120
2 3 31654500
145 3 31633560
58 71 31556580
58 81 31553460
1 21 31548300
58 82 31535460
9 22 31473900
145 58 31455540
2 58 31446420
145 3 31388100
41 57 31354860
58 71 31135380
58 2 31134900
58 145 31098960
1 21 31039860
58 145 31020060
145 58 31015260
145 3 31015200
58 82 31012560
58 71 31012020
58 145 30955260
145 58 30938340
58 2 30933660
2 58 30850380
145 2 30848160
145 58 30792180
58 145 30763500
145 2 30518880
1 21 30506460
38 1 30443880
131 34 30415800
58 82 30408360
2 3 30360360
58 145 30359820
2 3 30340200
2 58 30340200
145 3 30340140
145 71 30330060
58 145 30266520
22 6 30239940
3 82 30177300
58 82 30172500
58 2 30172500
58 144 30172500
58 3 30172500
1 34 30165720
1 138 30154680
1 138 30146040
2 58 29911020
2 145 29911020
58 145 29892720
131 143 29892360
145 3 29842440
145 58 29842440
145 58 29841060
144 58 29832480
61 98 29812800
3 145 29810760
2 82 29807700
2 82 29749860
58 2 29746920
82 2 29745840
82 3 29745840
82 58 29745840
22 139 29732400
145 58 29731800
145 144 29668260
131 144 29665560
22 6 29644260
145 58 29642880
145 82 29642820
2 145 29634480
139 19 29634120
131 144 29577180
131 145 29309940
2 82 29230920
3 2 29224800
3 145 29224800
3 145 29207280
2 145 29203500
131 144 29134740
145 58 29046600
58 145 29035860
3 82 29033640
3 58 29033640
145 2 29032560
145 2 28964220
112 6 28784640
1 133 28623120
111 61 28614000
145 2 28522260
3 145 28454880
112 139 28451100
1 21 28434300
61 141 28377540
58 71 28371180
58 144 28371180
22 139 28365420
41 57 28333320
82 3 28074840
82 2 28025340
1 138 28004340
1 38 28003320
139 57 28002420
1 47 27994740
111 83 27939300
2 82 27935640
1 21 27898620
1 34 27898620
1 138 27898620
2 145 27847140
1 21 27840180
139 136 27826800
139 136 27756540
22 17 27742380
41 57 27729300
22 9 27505020
1 38 27468060
1 38 27466380
81 106 27422100
22 139 27414060
41 57 27408900
139 37 27404580
41 57 27404280
37 139 27397200
58 82 27396480
58 144 27386820
139 17 27231600
58 27 27223260
1 138 27222540
1 38 27222540
58 71 27213240
2 3 27127260
58 145 26892660
2 82 26890560
58 144 26639100
38 1 26618040
41 57 26608140
58 3 26541840
41 57 26538300
22 139 26519040
58 3 26203140
58 145 26202900
2 82 26202660
2 82 26185020
139 8 26182560
58 145 26097300
58 144 25950480
139 22 25946040
3 2 25928040
58 77 25675320
1 38 25594860
139 8 25590300
58 144 25571760
9 22 25494840
9 19 25494840
9 139 25494840
22 139 25403640
58 144 25399860
81 111 25346580
81 35 25346580
81 38 25346580
58 81 25332240
58 145 25332240
145 3 25325040
41 57 25323720
22 17 25083120
9 20 24907860
58 71 24884280
58 144 24884280
139 17 24881100
2 3 24800340
81 61 24796680
2 3 24794880
2 58 24794880
58 71 24396060
58 144 24383160
139 8 24377940
58 145 24371220
58 82 24278160
81 61 23874600
58 71 23869740
2 82 23864220
22 139 23677020
58 82 23586360
22 139 23510160
2 82 23504460
58 144 23271540
22 17 23246160
58 71 23098620
2 82 22980420
2 3 22980420
22 139 22926420
58 144 22923900
22 6 22914960
22 17 22914960
2 145 22910100
1 47 22904400
1 138 22904400
2 145 22896180
22 139 22640280
58 144 22579020
2 58 22565460
22 17 22553880
1 38 22490460
88 49 22490400
58 71 22385760
58 144 22385760
2 82 22291080
58 71 22289340
1 21 22136760
58 71 21974280
2 82 21875880
139 17 21803100
58 82 21786600
58 144 21453600
41 57 21362340
58 3 21350040
58 145 21349260
2 3 21348240
2 3 21343440
22 139 21338760
22 139 21277500
1 21 21268440
1 38 21268440
41 57 21254880
58 71 21251340
58 144 21251340
71 73 21190860
22 139 21187560
58 144 21184440
41 57 21101160
2 82 21082320
88 81 20852520
41 57 20820480
58 71 20761920
58 144 20761920
82 58 20656680
22 9 20646180
58 144 20594880
2 82 20584680
139 6 20575620
22 139 20574120
88 56 20153700
139 6 20143680
58 144 20064300
1 21 20048340
1 21 19985940
1 21 19895520
1 38 19895520
1 138 19889400
1 21 19884840
1 21 19879860
1 138 19878780
1 138 19878600
139 22 19872060
41 57 19869840
2 82 19454640
2 82 19453920
2 82 19278900
2 82 19276380
58 144 19039020
88 49 19034880
22 9 19029660
58 71 19006740
58 144 18926580
2 71 18850740
58 145 18843600
2 145 18747900
58 144 18666600
2 82 18344340
58 144 18240120
149 113 18227340
58 3 18168600
58 144 18162780
58 2 17741280
2 131 17365380
82 58 16954620
2 82 16867080
58 2 16608120
58 145 16606020
2 58 16254300
2 82 15739680
58 3 15321540
82 2 15317160
2 82 15239520
145 3 15216420
145 58 15216420
2 3 14525640
58 3 14449140
58 82 14103240
2 3 14084040
2 82 14082480
3 2 13824900
82 58 13413900
2 145 12359760
2 82 12212580
2 82 12184860
58 145 11420580
58 3 11152560
2 3 11071920
58 2 10827540
58 145 10827540
58 2 10482540
58 81 10480860
2 3 10379280
2 58 10379280
2 145 10379280
2 3 10376880
2 82 10367820
58 2 10364400
3 2 10286280
2 82 10280520
2 58 10280520
2 3 9962520
58 144 9950040
3 2 9879360
2 58 9850320
2 82 9847500
2 82 9797640
58 2 9791040
58 144 9791040
58 2 9786120
58 2 9683100
58 3 9683100
3 2 9609540
58 145 9593340
58 3 9163380
2 145 9105780
3 2 9101340
2 3 9013740
58 2 8658480
58 71 8481720
58 3 7957440
2 82 7201440
2 82 6737100
2 3 6650400
2 82 6316140
58 145 5720100
58 82 4956540
58 82 4859220
58 2 4859220
2 58 4848120
37 139 4147200
37 139 3204840
58 85 1897980
58 82 1827660
58 2 1827660
58 145 1827660
2 82 1822260
58 145 1309800
58 2 1302660
2 82 29340
58 82 0
