22 6 26013900
22 17 26013900
58 81 26009940
58 145 26009940
2 3 26005200
1 21 25999200
58 71 25950480
58 144 25950480
58 71 25949820
58 144 25949820
2 145 25949580
139 22 25946040
59 58 25944960
58 71 25936380
58 144 25936380
145 82 25931520
145 2 25931520
145 3 25931520
145 58 25931520
145 82 25931100
139 6 25928160
139 8 25928160
139 17 25928160
3 2 25928040
3 2 25927080
3 145 25927080
2 3 25922460
1 34 25914120
38 1 25911660
58 27 25675320
58 77 25675320
58 82 25675320
58 84 25675320
58 77 25660560
58 71 25658580
58 144 25658580
1 38 25594860
58 145 25593180
1 21 25592340
1 138 25592340
139 6 25590300
139 8 25590300
139 17 25590300
58 71 25571760
58 144 25571760
58 82 25518600
58 2 25518600
58 3 25518600
58 145 25518600
139 8 25512960
139 17 25512960
9 22 25494840
9 19 25494840
9 20 25494840
9 18 25494840
9 17 25494840
9 139 25494840
9 12 25494840
58 71 25486200
58 144 25486200
1 38 25485900
1 38 25483920
88 73 25423500
88 61 25423500
2 82 25419960
2 3 25419660
22 6 25416240
22 17 25416240
3 2 25408320
22 6 25403640
22 8 25403640
22 17 25403640
22 139 25403640
58 71 25399860
58 144 25399860
1 21 25399020
1 138 25399020
81 73 25346580
81 98 25346580
81 111 25346580
81 35 25346580
81 61 25346580
81 146 25346580
81 38 25346580
21 1 25343940
2 145 25339380
58 81 25332240
58 145 25332240
145 82 25325040
145 2 25325040
145 3 25325040
145 58 25325040
41 57 25323720
22 6 25083840
22 17 25083840
22 139 25083840
22 6 25083120
22 17 25083120
22 6 25082520
22 17 25082520
22 139 25082520
22 19 25074600
139 22 25072980
22 139 25071600
58 82 25053300
58 2 25053300
58 3 25053300
58 145 25053300
71 113 24988140
58 82 24986160
82 58 24971340
9 22 24907860
9 19 24907860
9 20 24907860
9 18 24907860
9 139 24907860
9 12 24907860
58 71 24884280
58 144 24884280
139 6 24881100
139 17 24881100
1 38 24880920
37 139 24880920
139 6 24827520
139 17 24827520
37 22 24807540
37 139 24807540
2 3 24800340
1 38 24799200
81 73 24796680
81 61 24796680
1 21 24796080
81 73 24795660
81 61 24795660
2 82 24794880
2 3 24794880
2 58 24794880
2 145 24794880
1 38 24789000
22 139 24751320
1 21 24544740
58 71 24475980
58 144 24475980
58 145 24467880
58 71 24396060
58 144 24396060
58 144 24383160
58 145 24380460
139 8 24377940
58 145 24371220
58 71 24363360
58 144 24363360
58 145 24303660
22 139 24281520
58 82 24278160
58 145 24277020
139 17 24221880
58 145 24220560
62 35 24211560
37 139 24210840
2 145 24200340
58 82 24192600
58 2 24192600
58 144 24192600
58 3 24192600
58 145 24192600
58 71 24132780
58 144 24132780
2 82 24127440
58 145 24126780
2 58 24124020
2 82 24123720
2 82 24121560
2 3 24121440
81 73 23874600
81 61 23874600
58 71 23869740
58 144 23869740
58 2 23868600
58 82 23867460
58 2 23867460
58 3 23867460
58 145 23867460
58 82 23867340
2 82 23864220
22 139 23862000
58 71 23843880
58 144 23843880
41 57 23782500
22 17 23767320
58 71 23701200
58 144 23701200
139 17 23700000
1 38 23690820
22 139 23677020
22 6 23675700
62 35 23611260
2 82 23606760
145 81 23603100
145 81 23595480
58 82 23586360
145 81 23533500
2 3 23520720
22 139 23510160
21 1 23505000
2 82 23504460
2 3 23503620
2 82 23499180
2 3 23499180
2 58 23498820
58 71 23271540
58 144 23271540
58 81 23266920
22 139 23248080
139 22 23247660
41 139 23246220
22 6 23246160
22 17 23246160
22 139 23246160
58 82 23244840
58 2 23244420
58 71 23240220
58 144 23240220
22 6 23177880
22 139 23171580
22 6 23152620
88 73 23101440
88 61 23101440
58 71 23098620
58 144 23098620
2 82 23093040
2 3 23093040
41 57 23090880
22 9 23088840
2 82 23081160
2 3 23081160
2 58 23081160
58 71 23010120
58 144 23010120
41 57 23008680
41 57 23006160
139 8 22998600
22 17 22997520
149 113 22983180
2 82 22980420
2 3 22980420
22 139 22926660
22 139 22926420
58 71 22923900
58 144 22923900
139 22 22921740
1 21 22919640
1 21 22918140
22 139 22915740
22 6 22914960
22 17 22914960
22 139 22914960
41 57 22914420
2 145 22910100
2 82 22905180
1 47 22904400
1 138 22904400
1 38 22904400
2 145 22896180
2 82 22662780
2 82 22662600
58 77 22643940
58 84 22643940
2 3 22642860
22 139 22640280
1 138 22637460
22 6 22635720
22 17 22635720
58 71 22579020
58 144 22579020
139 112 22575000
37 132 22568640
2 58 22565460
141 63 22561800
141 98 22561800
58 82 22558080
58 2 22558080
58 3 22558080
58 145 22558080
22 17 22553880
22 139 22553880
58 71 22490580
58 144 22490580
1 38 22490460
88 49 22490400
58 82 22488720
58 2 22488720
58 3 22488720
58 145 22488720
58 144 22484100
58 144 22481820
2 3 22479660
2 82 22464840
2 3 22464840
41 57 22463820
71 73 22403280
139 22 22391820
22 139 22390680
22 139 22390500
58 71 22385760
58 144 22385760
58 2 22385580
58 71 22376520
58 144 22376520
2 82 22376340
2 82 22376160
2 3 22376160
2 58 22376160
2 145 22376160
22 139 22375620
149 113 22372980
22 139 22314060
58 143 22311000
22 9 22303920
22 139 22303620
2 82 22291080
58 71 22289340
58 144 22289340
1 21 22289100
1 21 22136760
2 82 22038600
1 21 21989520
1 38 21989520
1 21 21985440
58 71 21974280
58 144 21974280
2 145 21947100
2 145 21890340
58 71 21883200
58 144 21883200
2 82 21875880
2 3 21875880
58 77 21874740
58 84 21874740
139 17 21803100
58 2 21802680
58 145 21791400
58 82 21786600
58 2 21786600
58 3 21786600
58 145 21786600
58 2 21780120
2 82 21769620
2 3 21769620
58 71 21713760
58 144 21713760
22 139 21713160
1 21 21691020
58 84 21690780
2 58 21686460
58 71 21453600
58 144 21453600
2 145 21453300
22 139 21437760
139 22 21427920
58 71 21368400
58 144 21368400
41 57 21362340
58 82 21350040
58 3 21350040
58 82 21349260
58 2 21349260
58 3 21349260
58 145 21349260
2 3 21348240
2 82 21343440
2 3 21343440
2 3 21342180
22 17 21338760
22 139 21338760
1 21 21290280
1 21 21288240
22 9 21284220
22 139 21284220
58 71 21281580
58 144 21281580
22 139 21277500
1 138 21276900
1 133 21276900
58 71 21274320
58 144 21274320
1 21 21268440
1 38 21268440
37 126 21268380
41 57 21254880
22 17 21251940
22 139 21251940
58 71 21251340
58 144 21251340
71 73 21190860
62 42 21188940
22 17 21187560
22 139 21187560
58 144 21184440
139 112 21180420
22 17 21175560
94 33 21172920
22 6 21169500
22 17 21169500
58 71 21111720
58 144 21111720
41 57 21105480
41 57 21101160
58 71 21096780
58 2 21096780
2 82 21088020
2 82 21082320
88 81 20852520
58 71 20850420
58 144 20850420
2 82 20829780
41 57 20820480
58 71 20761920
58 144 20761920
1 21 20761800
37 12 20760660
71 73 20742660
2 82 20737140
58 71 20734980
58 144 20734980
22 139 20681640
139 8 20681160
139 17 20664420
139 17 20664000
82 2 20656680
82 3 20656680
82 58 20656680
82 145 20656680
1 21 20652060
22 9 20646180
22 58 20646180
1 38 20599560
58 71 20594880
58 144 20594880
2 82 20584680
2 145 20584680
1 38 20581500
1 38 20579460
139 6 20575620
139 17 20575620
22 139 20574120
22 139 20573040
22 139 20566260
1 21 20231460
88 41 20153700
88 73 20153700
88 56 20153700
88 119 20153700
88 55 20151600
1 21 20145600
139 6 20143680
1 47 20141340
1 138 20141340
1 38 20141340
1 138 20135820
1 21 20134560
1 138 20134560
1 21 20126700
1 138 20126700
1 38 20126700
1 21 20090040
1 38 20090040
58 82 20069220
58 71 20064300
58 144 20064300
1 21 20053800
1 138 20053800
1 21 20048340
1 138 20048340
1 21 19986180
1 138 19986180
1 21 19985940
1 21 19974900
139 8 19972200
58 82 19961280
58 2 19961280
58 3 19961280
58 145 19961280
1 21 19959480
1 138 19959480
1 21 19957080
1 138 19957080
1 21 19955640
1 21 19915200
22 17 19895940
22 139 19895940
1 21 19895520
1 138 19895520
1 38 19895520
1 21 19893420
1 38 19893420
139 6 19892760
1 21 19891920
1 138 19891920
1 21 19891860
1 138 19891860
1 21 19889760
1 138 19889760
1 21 19889400
1 138 19889400
1 21 19889340
1 138 19889340
1 21 19888800
1 138 19888800
1 21 19888020
1 138 19888020
1 21 19887900
1 138 19887900
1 21 19887840
1 138 19887840
71 73 19886280
1 21 19884840
1 138 19884840
1 21 19879860
1 138 19879860
1 21 19879020
1 138 19879020
1 21 19878960
1 138 19878960
1 21 19878900
1 138 19878900
1 21 19878840
1 138 19878840
1 21 19878780
1 138 19878780
1 21 19878720
1 138 19878720
1 21 19878660
1 138 19878660
1 21 19878600
1 138 19878600
1 21 19877040
1 38 19877040
139 22 19872060
139 22 19872000
41 57 19869840
1 21 19570140
1 38 19559760
1 21 19545540
1 38 19529160
22 139 19462080
22 139 19461900
22 139 19461420
2 82 19454640
2 3 19454640
2 82 19453920
2 38 19385460
22 13 19376640
22 13 19376280
2 71 19374540
2 82 19374540
37 143 19371780
139 8 19357860
2 82 19353540
82 71 19295940
82 2 19295940
58 71 19295400
58 144 19295400
2 82 19278900
2 82 19278840
2 82 19276380
2 3 19264920
22 9 19220400
58 71 19039020
58 144 19039020
88 95 19034880
88 41 19034880
88 49 19034880
88 136 19034880
88 139 19034880
22 9 19029660
58 71 19006740
58 144 19006740
2 71 19006260
22 9 19004400
22 9 18950820
2 82 18943800
58 71 18926580
58 144 18926580
58 71 18923760
37 143 18923340
22 9 18917940
58 71 18867960
58 144 18867960
2 82 18862620
2 82 18855660
37 143 18853560
2 71 18850740
58 2 18843600
58 145 18843600
37 132 18837900
58 71 18777900
58 144 18777900
2 145 18747900
58 144 18747360
71 27 18747060
41 57 18680700
58 144 18666600
58 71 18665280
58 144 18665280
1 21 18663480
58 71 18430740
58 144 18430740
1 21 18416280
2 82 18352500
2 3 18352500
2 58 18352500
2 145 18352500
2 82 18344340
58 71 18340260
58 144 18340260
58 71 18339840
58 144 18339840
149 113 18332580
58 145 18329160
58 71 18314760
58 144 18314760
149 71 18259800
149 113 18259800
58 144 18249840
82 2 18241140
58 144 18240120
71 113 18239580
149 113 18227340
2 82 18176520
58 82 18168600
58 3 18168600
58 144 18163440
58 144 18162780
58 144 18157620
58 144 18157320
2 58 17804160
58 2 17741280
58 3 17657400
149 71 17491440
149 113 17491440
2 82 17369220
2 82 17365500
2 145 17365500
2 131 17365380
2 82 17365380
2 145 17029140
82 58 16954620
2 82 16867080
2 82 16851840
58 2 16617660
58 82 16608120
58 2 16608120
58 3 16608120
58 145 16608120
58 2 16606020
58 145 16606020
2 82 16254300
2 3 16254300
2 58 16254300
2 145 16254300
2 82 16241760
