8 9 90676891
8 9 90408061
17 8 90241357
8 17 90240347
17 8 89548148
8 17 89548143
10 8 89473036
17 8 89122999
8 23 89120075
8 9 88840505
8 17 88603407
8 17 88602881
17 8 88602811
8 17 88602540
8 17 88599790
8 23 88599790
17 8 88583229
26 29 88532323
26 30 88532323
26 31 88532323
10 17 88520978
17 10 88432223
17 8 88348935
8 17 88348694
8 17 88348468
17 8 88346917
8 17 88345725
8 17 88339650
17 8 88338911
8 17 88327302
8 17 88321590
8 17 88321538
8 17 88263859
23 8 88245879
23 17 88245879
8 17 88245691
8 23 88245691
23 8 88243700
8 23 88243575
23 8 88243341
23 8 87994063
23 17 87994063
8 17 87917530
8 23 87810470
8 17 87739395
23 8 87720978
8 23 87720978
23 8 87716991
8 17 87393371
8 23 87393371
17 8 87380836
8 17 87380512
8 23 87380512
8 17 87377373
8 23 87377373
17 8 87302590
17 8 87302530
17 8 87298222
8 17 87227425
8 23 87227425
8 17 87227241
8 23 87227241
23 9 87129043
9 23 87127311
8 17 87125528
23 9 87125442
8 23 87111665
8 17 87111567
49 50 87022899
49 41 87022899
49 46 87022899
49 52 87022899
49 56 87022899
23 8 86712048
23 17 86712048
10 8 86693841
10 17 86693841
8 23 86686546
30 60 86679590
30 31 86679590
81 70 86610963
81 52 86610963
81 30 86610963
81 60 86610963
81 85 86610963
81 26 86610963
81 70 86596563
81 52 86596563
81 30 86596563
81 60 86596563
81 85 86596563
81 26 86596563
49 96 86593345
49 96 86592351
81 52 86550104
81 30 86550104
81 60 86550104
81 85 86550104
81 26 86550104
26 70 86546943
26 81 86546943
26 29 86542849
26 30 86542849
26 31 86542849
81 70 86539725
81 52 86535704
81 30 86535704
81 60 86535704
81 85 86535704
81 26 86535704
8 17 86532610
49 96 86441643
81 70 86426742
26 81 86420995
81 70 86419873
81 26 86371793
81 70 86371521
26 81 86280708
81 70 86275512
81 26 86254108
81 26 86201553
26 81 86200166
81 26 86200015
26 81 86199676
81 70 86196287
81 52 86196287
81 85 86196287
81 26 86196287
26 30 86115188
30 70 86091694
26 30 86075311
26 31 86009067
30 60 86005399
30 60 86005320
52 50 86004328
52 41 86004328
49 96 86001920
70 81 85936465
70 81 85935156
8 17 85929120
81 70 85893486
81 70 85892517
70 81 85847490
26 30 85841417
26 30 85841230
30 52 85838991
49 96 85838962
96 49 85832979
49 96 85831469
81 26 85808322
26 81 85772033
81 70 85655022
70 81 85583906
81 85 85477658
10 17 85393740
30 60 85328524
81 26 85314259
29 108 85310228
10 17 85306193
17 8 85305015
8 17 85304717
49 96 85300462
60 30 85292749
26 81 85290623
26 81 85243167
26 81 85242542
81 26 85242353
81 26 85240813
26 30 85126110
30 26 85125507
26 30 85048048
26 31 85048048
81 26 84983761
81 26 84982269
26 81 84979035
107 108 84973612
8 17 84970397
8 23 84970397
81 107 84958927
107 81 84953754
26 81 84896877
30 60 84871504
17 8 84866227
26 81 84804966
26 30 84793890
26 60 84793890
26 31 84793890
26 81 84724726
49 96 84709071
81 26 84467843
81 26 84453106
81 26 84453084
81 26 84453066
81 26 84379256
115 52 84368734
23 10 84355736
49 96 84353118
49 96 84343319
41 50 84282834
41 52 84282834
41 115 84282834
49 96 84279976
70 81 84268343
81 70 84268243
49 96 84256182
26 81 84191615
49 96 84184230
49 96 84182879
81 70 84116591
81 52 84116591
81 85 84116591
81 26 84116591
81 107 84116591
52 50 84108192
52 41 84108192
52 115 84108192
26 81 84098745
52 81 84095967
81 52 84093517
81 107 84093517
49 96 84091172
70 81 84089953
81 70 84085282
81 108 84085212
81 85 84030673
30 26 84013617
49 96 84007989
49 96 84007797
26 81 83952212
81 26 83834372
81 85 83761729
81 107 83761729
81 85 83759108
49 96 83756023
50 41 83747945
115 41 83747856
107 81 83745899
81 85 83744089
81 107 83744089
85 52 83686450
50 41 83662273
52 41 83662086
81 70 83603809
81 52 83603809
81 85 83603809
81 26 83603809
81 107 83603809
81 70 83601482
41 50 83588231
81 29 83572337
81 107 83572337
107 29 83571221
107 81 83571221
81 29 83566001
81 107 83566001
26 30 83431026
26 31 83431026
26 30 83430365
81 70 83410003
81 52 83410003
81 85 83410003
81 26 83410003
81 107 83410003
81 29 83407251
81 107 83407251
81 107 83402659
81 70 83397184
81 107 83395099
26 30 83320328
107 81 83313787
81 107 83152590
81 52 83079062
81 85 83079062
81 26 83079062
120 85 82962966
26 30 82616767
17 10 82536181
124 120 82384511
52 81 82380929
41 96 82363833
8 17 82361447
85 120 82358984
122 56 82355960
124 37 82204650
124 120 82204650
120 124 81943584
120 85 81943524
85 120 81932654
120 85 81928610
120 85 81860679
120 124 81860679
124 120 81858762
124 120 81858534
120 85 81850304
81 70 81848963
81 30 81848963
81 85 81848963
81 26 81848963
81 107 81848963
81 24 81848963
122 121 81848103
120 124 81847501
121 122 81846803
120 85 81844936
120 85 81844517
8 9 81838631
8 17 81838631
17 8 81765828
17 10 81765828
9 23 81762753
120 124 81760392
8 17 81695621
122 41 81675121
85 122 81663846
37 85 81613828
120 85 81596402
120 85 81595562
81 70 81586854
81 30 81586854
81 85 81586854
81 26 81586854
81 107 81586854
81 108 81586854
120 124 81584921
123 70 81318189
50 52 81288607
10 17 81239708
49 56 81231515
49 121 81231515
49 122 81231515
37 2 81186858
123 81 81173662
123 70 81166320
123 81 81166320
123 107 81166320
123 108 81166320
30 26 81156258
108 107 81148199
107 108 81094529
123 81 81087237
81 123 81086156
120 124 81065533
79 95 80984556
81 123 80977667
9 23 80977279
49 56 80973387
49 121 80973387
49 122 80973387
106 70 80920573
29 81 80893131
115 50 80732527
120 37 80724817
120 56 80724817
120 85 80724817
120 124 80720127
124 120 80657700
37 85 80579469
2 26 80577666
9 8 80556538
9 23 80556538
120 85 80549689
70 81 80548176
41 50 80541730
81 106 80495033
8 17 80485533
17 23 80473785
81 85 80472168
37 120 80470257
8 17 80463058
8 23 80463058
37 81 80462046
120 85 80459340
120 124 80459340
10 8 80458801
10 17 80458801
81 107 80454684
81 2 80454684
23 17 80401889
23 17 80401667
29 79 80399069
79 29 80391690
8 17 80378574
8 23 80378574
23 8 80368916
49 56 80367252
49 121 80367252
49 122 80367252
70 81 80310797
81 37 80304183
17 10 80202159
49 56 80128801
49 120 80128801
49 122 80128801
29 132 79958532
10 8 79953356
10 17 79953356
120 49 79951576
124 120 79950802
120 124 79942336
124 85 79941679
9 23 79940001
10 8 79937137
85 124 79936782
123 106 79894582
49 56 79894264
49 121 79894264
49 122 79894264
123 106 79886872
10 8 79883105
10 17 79883105
124 120 79881963
124 85 79881963
37 70 79876584
8 10 79876406
10 8 79876378
10 17 79876378
124 56 79875777
8 10 79867929
8 17 79867668
8 10 79867295
8 17 79867295
10 8 79865194
8 10 79863378
8 17 79863378
10 8 79862304
10 17 79862304
17 10 79862076
10 8 79860174
23 17 79858728
17 23 79858643
23 17 79856655
17 10 79855195
10 17 79796707
10 17 79795362
41 50 79788386
41 115 79788386
81 2 79787677
123 106 79783907
124 56 79781432
41 115 79779007
115 41 79778892
41 115 79778805
115 41 79778687
85 120 79776806
85 120 79776673
10 17 79776016
17 10 79774079
17 10 79772043
49 120 79769613
10 17 79769561
81 123 79545084
123 81 79536116
123 106 79534603
8 10 79533213
8 17 79533213
123 106 79529498
10 17 79528663
41 115 79523012
107 70 79517823
120 49 79515646
124 120 79515149
49 120 79514677
49 85 79514677
49 24 79514677
49 124 79514677
120 85 79512412
26 31 79453607
120 85 79448594
132 46 79440857
132 52 79440857
123 106 79438484
23 17 79436690
23 17 79435852
17 23 79435693
23 17 79435652
23 17 79435627
124 120 79432536
49 56 79431319
56 49 79431050
52 46 79431024
52 132 79431024
52 41 79430776
120 85 79429308
120 85 79425491
120 124 79425491
124 120 79424876
124 85 79424876
120 85 79424342
120 124 79422482
120 124 79365537
120 85 79357315
132 41 79356486
132 46 79356486
132 52 79356486
132 115 79356486
17 10 79355731
123 106 79355296
120 85 79354355
123 106 79353588
124 120 79347087
120 85 79345051
17 10 79340011
120 85 79284596
85 120 79277299
17 23 79274494
120 85 79272179
23 17 79269992
120 85 79268675
85 120 79266255
120 85 79265631
8 23 79264501
49 121 79259713
46 133 79259462
17 23 79256860
23 17 79256739
121 49 79256613
23 17 79256557
133 106 79255212
132 46 79254889
132 41 79251825
132 46 79251825
132 52 79251825
29 132 79248957
132 79 79248365
49 56 79244333
49 121 79244333
49 122 79244333
41 115 79243493
132 52 79192929
107 70 79189249
17 10 79188939
10 17 79188387
115 41 79186010
107 81 79183342
52 132 79171983
70 37 79171641
70 2 79171641
70 10 79171641
46 52 79171106
17 23 79169285
96 49 79167654
17 8 79164372
120 85 79163714
121 49 79159574
49 121 79159407
29 52 79156968
29 132 79156968
121 49 78924456
121 49 78924260
37 124 78923522
29 79 78923346
121 49 78918703
121 49 78918597
29 79 78917291
123 108 78845242
121 49 78832670
49 121 78832602
121 49 78832324
124 37 78824231
49 56 78810930
49 122 78810930
81 29 78764963
81 132 78764963
81 30 78764963
81 85 78764963
81 26 78764963
23 9 78753675
23 17 78753675
49 121 78751591
132 52 78741485
49 121 78737990
52 132 78736524
8 17 78735737
8 23 78733339
8 23 78672380
120 85 78668675
120 124 78668675
120 85 78667347
85 120 78666145
120 85 78665601
120 124 78665601
120 85 78660163
120 124 78660163
50 41 78653084
26 69 78651418
17 23 78645477
8 17 78645004
49 56 78639793
49 122 78639793
49 122 78639787
32 31 78633990
108 81 78590979
8 17 78590636
120 124 78573263
123 106 78571776
120 124 78566970
124 56 78566548
120 37 78566387
85 31 78556302
8 17 78553083
81 108 78552945
8 17 78326287
120 85 78323755
8 17 78322425
8 17 78320224
132 41 78311870
132 52 78311870
106 123 78308661
85 120 78298841
8 17 78238702
17 23 78238419
120 85 78227051
120 124 78227051
85 120 78225619
79 29 78219001
123 106 78169528
120 124 78154463
120 85 78153196
85 120 78148324
120 85 78148234
85 120 78147800
120 85 78144472
120 85 78144375
29 79 78136030
8 9 78134183
8 17 78134183
52 41 78132585
32 31 78131785
49 46 78120760
23 17 78060922
8 17 78058516
115 50 78056009
115 41 78056009
29 79 78055636
52 41 78051538
52 41 78051513
8 17 78047340
8 23 78047340
8 17 78047029
17 23 78041702
17 8 78041543
52 115 78032994
9 17 77980317
37 120 77980178
37 85 77980178
107 106 77978759
106 123 77976855
120 85 77966832
23 17 77958036
120 124 77957017
17 23 77956128
120 85 77954555
23 17 77954482
85 120 77954347
120 56 77953694
120 85 77953694
120 124 77953694
85 120 77951423
85 120 77946969
124 56 77716503
120 56 77716496
85 120 77713007
120 85 77712769
120 85 77712645
120 124 77712166
120 85 77711633
85 120 77708635
46 81 77704427
85 120 77703818
117 74 77703472
74 117 77703471
120 85 77696146
120 124 77696146
120 85 77691705
9 123 77686665
8 9 77635858
120 56 77635625
120 85 77635625
120 124 77635625
23 8 77629105
132 52 77624746
17 23 77620495
23 17 77619020
81 107 77616278
9 23 77611108
85 120 77609738
8 17 77606057
81 85 77601679
81 85 77601613
85 81 77601516
81 123 77601422
123 106 77562028
123 107 77562028
81 123 77556759
81 85 77551262
124 120 77532053
81 29 77531508
23 17 77530598
29 81 77530438
23 17 77523730
17 23 77519289
85 120 77518574
124 56 77518414
23 17 77518367
120 85 77456114
23 17 77452551
23 17 77452423
23 17 77452098
17 23 77448164
50 52 77447823
37 124 77443859
124 37 77441687
124 120 77439353
124 120 77434873
85 120 77433748
120 124 77433731
120 124 77432776
52 46 77364901
132 46 77363560
37 120 77361918
17 8 77360440
23 17 77359181
46 52 77357438
46 132 77357438
120 124 77350347
120 37 77348600
23 17 77348093
85 120 77340659
123 106 77275014
120 85 77109860
120 85 77106533
132 106 77099744
85 81 77090173
85 120 77090173
120 85 77089074
120 124 77084046
120 85 77083310
37 124 77029737
106 123 77026826
124 120 77026297
37 124 77007089
37 124 77002930
124 37 77000794
37 120 76999409
37 85 76999409
37 85 76941249
132 50 76939289
132 41 76939289
132 46 76939289
132 52 76939289
132 115 76939289
124 56 76936090
124 85 76936090
124 120 76936023
37 85 76934662
37 124 76934662
124 37 76920176
124 37 76918765
124 56 76914134
37 120 76860896
37 85 76860896
37 124 76860896
37 120 76859835
37 85 76859835
37 124 76859835
23 17 76853391
37 120 76849119
37 85 76849119
37 120 76848782
37 85 76848782
120 37 76845781
120 124 76842264
23 17 76838005
85 120 76836528
124 120 76831374
29 81 76830018
81 29 76828917
120 124 76828787
29 81 76828776
37 120 76828500
120 124 76827747
120 37 76827687
120 124 76827687
81 29 76827361
37 120 76777039
37 85 76777039
120 56 76763732
120 124 76763541
120 37 76759618
26 81 76757260
37 120 76756484
37 85 76756484
81 26 76756377
120 37 76755046
120 85 76754068
120 124 76749224
26 81 76746208
132 52 76745424
120 37 76742572
26 81 76606490
81 85 76509938
120 85 76507882
120 124 76507413
120 37 76505283
120 85 76505283
136 95 76504108
136 41 76504108
136 56 76504108
136 79 76504108
136 121 76504108
136 85 76504108
136 24 76504108
136 122 76504108
120 85 76503198
120 85 76502356
120 124 76502356
29 81 76501489
85 120 76494602
122 56 76482389
122 136 76482389
85 120 76400449
81 70 76335407
70 81 76335141
120 85 76335027
37 120 76334828
37 120 76331699
8 17 76331480
8 23 76331480
120 37 76331234
56 24 76328953
23 9 76326572
23 17 76326572
123 106 76320434
106 32 76314256
120 85 76308604
81 85 76307681
8 17 76245001
23 8 76244179
8 23 76239246
8 23 76235960
8 17 76230258
8 23 76230258
23 8 76226457
23 8 76164596
81 70 76161440
81 26 76161440
23 17 76159813
120 124 76158201
85 81 76157063
37 120 76156121
120 124 76154849
26 30 76144723
26 107 76144723
69 32 76142342
69 31 76142342
85 120 76134238
120 37 75905072
120 85 75904141
120 85 75902952
37 120 75901899
120 37 75900313
37 120 75895024
8 17 75818150
70 37 75812122
32 106 75728623
85 120 75726832
56 24 75721079
23 8 75718103
50 41 75717462
136 56 75716832
8 23 75714624
37 85 75706584
124 120 75647840
23 17 75641678
85 124 75629583
9 8 75558956
9 23 75558956
85 81 75558186
81 85 75557973
37 120 75556876
85 124 75554977
124 85 75554590
17 8 75554233
124 37 75553224
85 81 75550046
37 120 75549020
23 17 75535774
121 136 75534376
8 23 75531538
23 8 75530984
85 124 75529439
85 120 75526779
85 124 75526779
37 120 75302017
85 120 75289671
81 85 75288774
41 52 75286442
85 81 75284759
26 30 75275158
26 60 75275158
26 31 75275158
23 17 75270706
52 41 75268770
37 120 75218027
23 17 75209613
85 120 75206705
117 74 75204332
23 17 75191917
23 17 75183486
123 106 75182499
81 46 75182245
81 52 75182245
81 29 75182245
81 30 75182245
81 79 75182245
81 85 75182245
81 26 75182245
81 31 75182245
81 124 75182245
81 26 75179992
26 81 75175998
81 26 75145364
26 81 75143453
29 79 75123687
81 52 75110828
81 29 75110828
81 30 75110828
81 120 75110828
81 85 75110828
81 26 75110828
85 81 75099344
81 85 75095830
85 81 75095658
85 120 75095414
29 79 75095398
85 31 75092930
124 56 75045219
123 106 75042982
120 85 75041423
85 120 75039737
124 56 75028725
29 79 75028046
124 120 75026395
123 106 75012635
85 120 75011921
123 106 75008789
56 136 75003217
136 56 74954038
123 107 74947148
124 56 74943518
23 17 74932721
85 120 74923592
52 41 74683341
52 115 74683341
52 132 74683341
26 30 74681027
26 60 74681027
26 31 74681027
132 52 74667529
85 120 74661408
85 124 74610870
85 120 74595567
85 120 74595260
120 85 74589448
120 124 74589448
120 37 74580058
124 120 74519723
124 85 74519723
120 85 74518741
85 120 74501916
136 24 74494376
85 120 74490917
8 17 74490282
124 56 74437158
124 120 74437158
120 37 74425904
120 124 74425715
37 124 74410076
85 120 74404587
26 81 74363841
26 81 74326996
23 17 74324336
26 81 74183060
26 81 74168050
37 120 74085787
81 26 74083033
120 85 74081237
120 124 74081237
120 37 74064771
85 120 74058600
120 85 74005286
120 124 74005286
120 85 74003045
120 85 73997611
120 85 73997547
120 85 73997017
26 30 73996212
26 60 73996212
26 31 73996212
41 50 73988341
41 115 73988341
41 132 73988341
81 107 73913698
120 37 73909567
132 52 73905677
132 81 73905677
120 37 73894941
123 81 73839573
123 70 73818249
123 81 73818249
123 107 73818249
17 23 73734192
8 17 73723591
8 17 73486963
26 30 73378389
26 60 73378389
26 31 73378389
69 128 73360566
120 85 73313974
120 85 73313577
120 37 73304719
120 85 73304719
120 124 73304719
136 122 73217859
123 9 72847871
121 115 72791421
69 128 72785879
81 70 72710132
120 85 72701433
37 120 72622403
26 81 72603262
120 85 72600851
120 85 72597359
85 120 72538103
106 70 72356464
106 123 72356464
106 81 72356464
106 107 72356464
123 26 72190538
106 50 72176245
106 63 72176245
106 95 72176245
106 52 72176245
106 56 72176245
106 29 72176245
106 123 72176245
106 30 72176245
106 49 72176245
106 81 72176245
106 120 72176245
106 121 72176245
106 136 72176245
106 85 72176245
106 26 72176245
106 32 72176245
106 107 72176245
70 123 72175952
30 26 72086079
70 123 72015787
60 26 72014475
52 81 71997664
123 106 71727718
123 106 71681333
26 30 71648883
26 31 71648883
60 26 71577736
123 106 71458022
70 37 71417393
70 2 71417393
70 10 71417393
30 26 71399081
8 9 71388752
8 17 71388752
123 106 71377377
123 81 71377377
123 106 71322210
37 120 71311172
123 106 71257316
52 115 71066281
85 81 71051459
85 37 71036808
81 46 70984156
81 31 70984156
70 37 70892074
70 2 70892074
70 10 70892074
123 106 70877537
117 74 70799836
141 29 70779192
141 85 70779192
141 26 70779192
141 9 70779192
141 17 70779192
17 23 70702998
8 9 70689480
8 17 70689480
141 70 70284850
141 123 70284850
141 106 70284850
141 81 70284850
141 107 70284850
141 70 70279138
141 123 70279138
141 106 70279138
141 81 70279138
141 107 70279138
37 85 70268278
85 37 70254320
37 85 70201512
37 85 70198419
81 70 70116642
81 52 70116642
81 29 70116642
81 30 70116642
81 120 70116642
81 85 70116642
81 26 70116642
95 29 70098055
37 85 70026656
95 29 69847875
37 85 69748049
123 106 69603608
117 74 69580827
26 81 69224490
117 74 69143725
37 120 69078905
26 30 69071490
70 37 69058307
70 2 69058307
69 128 68990070
69 32 68990070
37 120 68988085
85 142 68979780
85 142 68943780
117 74 68889256
8 17 68624202
81 70 68556337
81 26 68556337
70 37 68535062
70 2 68535062
136 95 68469141
136 95 68469130
37 120 68304017
85 81 67948680
26 30 67926475
26 30 67763132
26 31 67763132
8 17 67758281
26 81 67752138
26 81 67692711
26 81 67671550
132 81 67442640
37 120 67329595
26 81 67268187
85 37 67231599
37 85 67182019
37 85 67094956
29 81 67093020
85 37 67091837
81 29 67091460
81 70 67073510
81 29 67073510
81 29 67055460
69 128 66814730
69 32 66814730
2 50 66751256
37 115 66575736
115 37 66561383
37 120 66479679
49 96 65968349
26 30 65966389
132 52 65533774
128 69 65531835
29 81 65455446
81 29 65455238
26 30 65450352
30 26 65448446
29 81 65364605
81 29 65348078
136 122 65329613
85 37 65272320
29 81 65265551
26 30 65262361
69 128 65250755
69 32 65250755
29 81 65247540
85 37 65236320
37 120 65041200
37 85 65033700
85 37 65024400
37 85 65015735
26 30 65014453
37 120 65005200
37 85 64997700
85 37 64988400
37 85 64959540
37 85 64942680
37 85 64942380
37 85 64941560
37 85 64923540
37 85 64906680
37 85 64906380
37 85 64868760
26 30 64855048
26 30 64854910
37 85 64852980
37 85 64850800
85 37 64847160
50 95 64846908
95 50 64846892
85 37 64844460
120 37 64844220
37 85 64841820
85 37 64835100
37 85 64835022
37 85 64832760
37 85 64823825
37 85 64816980
85 37 64811160
85 37 64808460
37 85 64805820
120 37 64804620
85 37 64799100
85 37 64767300
37 85 64765620
85 37 64765200
29 30 64736203
29 30 64736168
30 29 64736144
85 37 64731300
37 85 64729620
85 37 64729200
26 30 64721886
26 60 64721886
26 31 64721886
29 52 64407329
29 30 64407329
29 81 64407329
29 85 64407329
37 85 64345860
37 85 64327894
95 50 64321800
50 95 64320310
37 85 64309860
136 95 64308931
85 37 64297140
41 52 64212063
41 132 64212063
85 37 64200600
37 120 64162080
74 117 64159025
37 85 64148160
52 41 64135724
52 115 64135724
52 132 64135724
37 85 64130183
37 120 64126080
81 29 64122360
37 85 64112160
85 37 64104360
85 37 64099860
37 85 64085700
37 85 64070400
37 85 64067759
37 85 64064160
37 85 64049700
37 85 64046187
121 56 64045073
85 37 64036980
37 85 64034400
37 85 64028160
85 37 64025760
115 52 63785576
37 120 63725580
37 120 63724680
37 85 63721080
37 85 63720000
37 85 63703103
37 85 63702004
37 120 63689580
37 120 63688680
37 85 63685080
37 85 63684000
37 85 63655920
37 120 63640320
37 85 63619920
37 120 63604320
37 85 63575580
17 8 63539735
37 85 63539580
37 85 63522300
37 120 63512340
37 120 63450900
37 120 63450780
85 37 63436809
37 85 63420480
85 37 63418800
121 50 63194220
50 121 63193546
121 50 63193492
29 81 63192900
121 50 63192807
120 37 63159960
132 52 63115636
37 120 63101340
37 85 63101340
37 120 63096120
138 95 63038220
41 115 63019235
132 52 63012647
37 85 62991840
37 85 62987100
37 85 62986200
37 85 62932200
85 37 62931480
37 85 62905200
85 37 62898960
115 41 62856973
81 32 62856780
9 81 62506920
120 56 62503980
120 85 62503980
141 120 62487540
141 107 62487540
9 81 62446620
117 63 62404440
37 85 62391600
85 37 62389140
37 85 62387220
120 85 62321520
85 37 62318760
120 56 62307240
120 85 62307240
81 85 62266560
106 141 62260320
81 52 62248602
81 85 62248602
85 37 62233080
120 37 62222220
138 79 61990800
136 121 61984346
120 37 61964100
120 37 61963920
138 79 61954800
117 74 61871700
117 24 61871700
120 37 61870260
120 85 61870260
117 63 61803060
37 120 61781460
37 120 61721640
37 85 61721640
37 120 61718640
37 85 61718640
122 142 61711440
122 56 61711440
122 136 61711440
37 120 61707120
121 136 61648820
37 85 61619940
37 85 61607880
85 37 61432560
117 63 61371360
141 81 61321860
141 107 61321860
37 120 61281480
37 85 61271940
37 85 61256100
8 17 61215812
8 17 61215484
85 37 61195560
23 8 61193334
23 17 61193334
120 37 61103760
122 56 61100580
117 63 61089660
37 120 61066680
37 85 61066680
37 85 61062960
37 85 61049520
37 85 61036680
37 85 61036440
37 85 61035900
37 120 61030680
37 85 61030680
37 85 61026960
37 85 61013520
85 37 61006260
85 37 61005480
144 2 61002720
37 85 61000680
37 85 61000440
85 37 61000320
37 85 60999900
85 37 60998400
120 37 60997440
2 85 60758340
37 85 60748260
37 85 60719280
37 85 60718560
37 85 60697800
37 85 60683280
37 85 60682560
85 37 60678540
85 37 60677460
37 85 60672960
37 85 60661800
144 2 60573720
37 85 60569580
37 85 60540720
37 85 60514620
37 85 60504720
17 8 60499728
85 37 60484740
37 85 60482100
37 85 60480120
85 37 60474000
52 41 60452287
52 115 60452287
52 132 60452287
37 85 60451200
132 41 60437220
37 85 60425100
37 85 60417720
85 37 60416520
37 85 60415200
37 85 60412560
85 37 60402540
37 85 60397920
41 132 60155460
37 120 60136860
144 2 60074880
37 120 59981760
144 2 59903940
144 2 59903820
37 120 59894220
9 149 59553840
9 17 59553840
37 85 59539980
95 79 59529780
37 85 59527200
37 85 59462400
85 37 59446020
37 85 59443920
85 37 59436420
37 85 59380260
37 95 59360880
29 81 59322660
120 37 59265180
37 85 59198640
37 120 59196660
37 85 59196660
95 79 58937280
149 24 58928220
149 9 58928220
85 37 58863600
85 120 58863600
85 37 58853100
37 120 58791060
142 122 58683000
120 37 58579200
8 17 58253942
117 74 58231440
37 120 58194780
37 85 58194780
81 29 58184369
81 29 58176829
81 29 58172479
37 120 58163820
37 85 58163820
37 120 58095180
37 85 58095180
117 24 58061340
8 17 58023769
149 107 57975180
149 24 57975180
149 107 57972180
149 24 57972180
37 120 57739200
117 24 57648180
37 120 57637860
37 85 57635520
37 120 57564900
117 24 57481800
37 120 57454680
117 24 57399120
37 120 57396420
37 120 57371520
107 9 57152802
149 107 57052680
149 24 57052680
117 24 57048660
142 122 57045540
120 37 57036600
37 120 57023340
117 24 56966640
37 120 56946000
117 24 56944200
37 120 56939040
37 120 56870640
37 120 56855040
120 37 56852820
120 37 56848380
9 17 56785027
37 120 56764800
37 120 56520900
37 120 56509620
41 132 56504760
85 37 56500740
85 120 56500740
37 120 56439060
37 85 56439060
37 120 56436900
37 120 56435160
120 37 56428860
120 37 56418300
37 120 56351760
149 107 56268840
149 24 56268840
120 37 56252640
120 37 56252160
117 24 55928640
37 120 55915380
37 85 55915380
85 37 55908000
85 120 55908000
37 120 55907460
120 37 55902960
120 37 55900320
120 85 55900320
120 37 55897980
79 81 55867740
17 9 55855320
120 37 55839360
120 85 55839360
37 120 55834320
149 107 55832280
149 107 55829520
149 24 55829520
79 81 55828140
149 107 55827360
149 24 55827360
149 107 55813980
149 24 55813980
37 120 55734480
81 29 55322529
120 85 55318260
41 56 55222380
41 56 55221600
149 107 55214040
149 24 55214040
117 24 55148880
117 24 55058220
121 56 55043880
149 107 54757380
149 24 54757380
149 107 54630600
149 24 54630600
37 120 54608940
149 107 54603360
149 24 54603360
117 24 54531900
149 107 54429300
149 24 54429300
120 37 54347880
136 95 54010080
136 41 54010080
136 142 54010080
136 56 54010080
136 49 54010080
136 121 54010080
136 122 54010080
122 121 53931480
81 29 53751000
149 107 53314860
149 24 53314860
149 9 53314860
142 136 53224680
142 85 52714980
81 29 52453020
117 24 52219080
117 24 52218540
9 17 52208760
117 24 52128900
120 37 52010100
37 120 51691380
120 37 51490380
117 24 51006420
37 120 50907960
120 37 50889600
120 37 50888520
37 120 50836440
120 37 50831580
37 120 50826360
37 120 50822400
149 24 50741700
149 9 50740080
37 120 50737800
149 24 50736540
122 56 50731080
37 120 50718420
120 37 50714940
37 120 50487720
37 120 50487660
37 120 50465760
37 120 50315400
37 120 50311080
120 37 50309640
149 24 50297820
9 8 50296380
9 17 50296380
9 8 50291760
9 17 50291760
120 37 50282040
37 120 50229000
8 9 50206020
8 17 50206020
8 9 50204940
8 17 50204940
133 34 50202360
56 122 50200440
9 17 50199060
37 120 50142600
8 17 50136900
37 120 50135820
149 24 50129100
149 9 50129100
149 24 50120580
37 120 50119800
149 24 50116620
37 120 49880220
17 8 49875660
9 17 49856880
81 29 49791060
120 37 49771560
9 17 49687440
37 120 49682760
8 17 49607160
29 81 49602540
9 8 49554420
9 17 49554420
8 17 49517700
17 8 49505940
17 8 49502400
149 24 49270500
8 17 49266720
8 17 49265700
9 17 49260180
120 37 49243860
8 17 49185720
120 37 49161120
37 120 49109280
23 9 49086840
149 24 49004700
9 17 49001940
85 120 48997560
149 24 48993420
85 120 48988260
120 37 48913380
149 24 48912840
149 24 48403920
149 24 48401280
132 41 48314220
29 81 48299640
120 37 48297660
56 122 48049140
122 142 48031560
122 142 47961120
41 132 47871300
81 29 47862300
81 29 47793000
37 120 47725740
37 120 47724960
81 29 47720520
41 132 47714460
37 120 47698500
149 63 47457180
149 24 47457180
149 24 47375520
9 17 47361840
122 142 47264700
149 24 47199060
120 37 47093340
37 120 46843800
37 120 46835640
37 120 46773300
149 24 46773300
120 37 46768500
120 37 46741800
37 120 46679400
37 120 46572240
8 17 46570680
37 120 46486380
37 120 46482600
120 37 46481880
149 24 46246320
120 37 46242780
37 120 46241100
37 120 46240740
9 149 46228320
9 17 46228320
37 120 46145160
120 37 46141440
149 24 46075740
120 37 46070280
8 17 46069380
120 37 46069020
37 120 45903180
37 120 45892080
149 24 45888300
37 120 45885540
81 29 45884280
149 24 45876180
149 24 45641460
37 120 45624420
149 63 45556380
149 24 45556380
37 120 45555360
37 120 45480060
149 24 45464400
149 24 45452100
149 24 45450600
149 24 45377160
149 24 45362160
149 24 45302640
149 24 45302580
2 144 45297900
149 24 45036540
149 24 45014580
149 24 44855400
81 29 44667780
149 24 44339040
120 37 44264340
120 37 44159760
120 37 44154600
120 37 44147280
120 37 44147100
37 120 44070660
120 37 44064420
149 63 44061000
149 24 44061000
149 24 43813080
120 37 43487400
120 37 43458300
120 37 42945720
149 24 42607800
8 17 42601440
149 63 42512520
149 24 42512520
63 149 42281400
120 37 42275280
149 24 42015540
149 63 41995260
149 24 41995260
149 24 41768520
9 8 41745660
9 17 41745660
37 120 41416320
120 37 41313660
149 24 41239020
9 8 41215260
9 17 41215260
149 24 41183040
149 24 41140860
37 132 41068920
132 37 41067180
142 122 40618800
81 29 40540080
8 17 40451700
120 37 40444560
149 24 40107180
149 24 40106640
81 29 40093800
8 17 39932520
37 120 38996340
37 120 38994480
81 29 38963580
120 37 38818260
9 8 38802960
142 122 38710380
60 31 38645700
8 17 38643120
142 122 38640600
9 149 38573460
9 17 38573460
133 34 38384160
8 17 38289180
49 34 38034840
9 17 37593360
122 142 37590360
142 122 37521300
149 24 37429560
142 122 37173840
142 122 37144860
81 29 37093260
81 29 37000980
2 79 35704560
142 122 35350260
142 122 34555620
142 122 34403280
142 122 34403220
37 120 34151340
37 120 34150260
29 81 34039200
37 120 33980880
37 120 33964800
29 81 33884880
81 29 33877020
37 120 33444180
9 149 32789760
9 17 32789760
81 29 32106420
81 29 31968000
37 120 30497520
41 132 29213880
37 132 29044140
37 132 28447620
37 132 28446300
81 141 27422100
81 106 27422100
81 107 27422100
9 17 25494840
37 132 22568640
141 63 22561800
37 132 18837900
