15 9 90647173
9 12 90423480
12 15 90239740
15 9 90039850
12 9 89703537
9 12 89703129
15 9 88852288
12 9 88240541
39 40 87715705
42 43 87289171
23 9 87129043
9 23 87127311
23 9 87125442
12 23 87050971
23 12 86764026
12 23 86695037
77 62 86605341
62 42 86603536
40 83 86600978
62 77 86591803
77 62 86537452
40 39 86508055
42 43 86505799
96 97 86418146
93 9 86180911
9 93 86180067
97 96 86173656
96 97 86173523
96 97 86159081
97 96 86159013
100 76 86097957
97 96 86093253
96 97 86078979
97 96 86078972
97 96 86077063
96 97 86076447
97 96 86073879
97 96 86072522
97 96 86069646
97 96 86009628
97 96 86008612
97 96 86003714
97 96 85931821
35 62 85908451
40 39 85907787
97 96 85902087
39 40 85843469
97 96 85838260
96 97 85832979
96 97 85830195
77 62 85827465
97 96 85826516
96 97 85819607
62 77 85819571
96 97 85818618
96 97 85818586
96 97 85814884
97 96 85812977
96 97 85580924
96 97 85564507
96 97 85563782
97 96 85476004
97 96 85475196
12 23 85468733
77 62 85468400
97 96 85468219
23 12 85413955
96 97 85412598
97 96 85408051
97 96 85407658
62 77 85385854
104 105 85326926
77 62 85300353
96 97 85296139
15 9 85289472
97 96 84968504
97 96 84967279
97 43 84958773
15 12 84944028
9 12 84864911
104 105 84811762
93 113 84809776
104 105 84803774
96 97 84795390
12 9 84793859
9 12 84793132
40 83 84785354
12 9 84782839
9 12 84782748
97 96 84690277
96 97 84689824
9 12 84611631
97 96 84608587
104 105 84375788
104 105 84369530
96 97 84369314
104 105 84367795
12 9 84366032
96 97 84365092
97 96 84364171
12 23 84356487
23 12 84355736
62 77 84345327
97 96 84283010
97 96 84282993
104 105 84280283
60 76 84267266
62 77 84265048
12 15 84260114
113 93 84179971
113 112 84179971
104 105 84176069
112 93 84096976
62 35 84091573
62 42 84091573
104 105 84019464
97 96 84015345
104 105 83993921
93 112 83767106
104 105 83764727
97 96 83757555
97 96 83757435
97 96 83674904
93 112 83567816
104 105 83415524
96 97 83396751
97 96 83396699
119 120 83147051
119 120 83144807
119 120 83142259
119 120 82973564
112 93 82542898
93 112 82479254
93 123 82463979
123 93 82453219
113 93 82450334
93 112 82380483
93 113 82380483
112 93 82372463
112 93 82363886
93 112 82314507
39 40 82273878
40 39 82271629
97 96 82271279
104 105 82207419
104 123 82207419
112 93 82191598
93 112 82181633
93 112 81953509
93 66 81938460
120 119 81928610
119 120 81862366
120 119 81860778
120 119 81860679
62 77 81851481
120 119 81850304
120 119 81848475
122 42 81848103
120 119 81847501
62 77 81841146
112 93 81779867
93 112 81774273
112 113 81772188
112 93 81772159
112 113 81772159
112 93 81768617
112 113 81768617
112 123 81767892
112 113 81767847
9 23 81762753
112 93 81761740
93 112 81760491
93 113 81681949
97 96 81672552
9 12 81667489
12 9 81666399
9 12 81666176
40 83 81587670
93 113 81586506
113 93 81584563
93 113 81353040
112 113 81337867
112 113 81332832
93 112 81324595
97 35 81320320
123 105 81318189
112 113 81267967
112 93 81265225
112 113 81265099
97 96 81259137
97 57 81259137
123 105 81166320
43 42 81163784
43 101 81163784
43 57 81163784
93 123 81157294
93 113 81157294
93 123 81149699
93 113 81103347
112 93 81094233
112 123 81094233
112 113 81094233
112 93 81093676
93 112 81093575
1 35 81083471
93 112 81078842
93 112 81065447
100 24 81062957
97 1 81020376
97 35 81020376
97 39 81020376
97 96 81016892
112 93 80997335
9 23 80977279
93 113 80971742
93 112 80933198
93 113 80931607
93 113 80931402
93 113 80821194
112 113 80752161
112 113 80749624
113 93 80745838
113 112 80745838
113 123 80745838
97 96 80741614
112 113 80724347
62 35 80718805
40 83 80654247
43 42 80650184
112 93 80647818
112 113 80647818
62 42 80645543
39 35 80639457
35 47 80639101
62 42 80636614
9 12 80633925
62 42 80630008
66 24 80578509
57 101 80565388
9 23 80556538
93 112 80500113
112 93 80493186
123 113 80469104
57 97 80467945
112 93 80460571
112 93 80409131
112 113 80409131
43 54 80395738
113 93 80386768
112 93 80382788
62 42 80378916
105 104 80374504
113 93 80373754
113 93 80369684
104 105 80362403
112 93 79968490
112 93 79968068
93 113 79967365
93 112 79965289
112 93 79959967
112 93 79958780
39 35 79953545
113 93 79943532
113 93 79942011
9 23 79940001
113 93 79939873
113 112 79939873
113 123 79939873
123 105 79894582
123 105 79886872
123 104 79886872
9 15 79883913
113 93 79876131
93 113 79874676
93 113 79871097
93 113 79869042
35 39 79868463
112 113 79857977
93 113 79857201
113 93 79856606
113 112 79856606
113 123 79856606
113 93 79850291
113 123 79850291
93 113 79847762
100 76 79847578
113 93 79844385
113 123 79844385
112 93 79807228
112 113 79807228
113 93 79804284
93 113 79800294
66 114 79789928
112 113 79788937
93 113 79782588
112 93 79776158
66 114 79775528
93 112 79775464
93 113 79775416
93 112 79774737
93 112 79772750
93 113 79772750
112 113 79771636
112 93 79771385
113 112 79771379
113 93 79771225
112 93 79770895
112 113 79770395
83 40 79769213
93 112 79761056
15 9 79610093
112 93 79595548
93 113 79540857
123 105 79534603
123 104 79534603
113 129 79528966
113 93 79515825
113 112 79515825
113 123 79515825
129 123 79513339
93 113 79500968
66 117 79448337
57 122 79446963
93 113 79445938
123 105 79438484
123 104 79438484
9 15 79436221
113 93 79427264
120 119 79422482
93 112 79420873
93 113 79419250
40 83 79415478
97 35 79368012
97 1 79367623
97 35 79367623
97 39 79367623
123 113 79366222
93 112 79365428
123 105 79353588
123 104 79353588
112 93 79350468
112 93 79349137
113 93 79340611
113 112 79340611
113 123 79340611
93 112 79336500
42 43 79332238
93 123 79330027
93 113 79330027
93 113 79329462
97 1 79281939
97 47 79281939
97 35 79281939
97 39 79281939
97 35 79280961
113 93 79274304
40 83 79274087
112 93 79273165
93 113 79270580
112 93 79267393
40 83 79261560
123 104 79261114
40 83 79260216
97 96 79259356
112 113 79255364
43 54 79253422
93 113 79249249
93 113 79244633
97 1 79195684
97 47 79195684
97 35 79195684
97 39 79195684
112 113 79195052
112 113 79192129
112 93 79183298
112 113 79181427
96 97 79167654
120 119 79166010
123 104 79165968
93 112 79159387
93 112 79157983
93 113 79157829
104 123 79153823
66 117 78932927
123 113 78932428
93 113 78919143
93 9 78919040
97 96 78914716
93 113 78914454
93 112 78911596
93 113 78910425
93 113 78909743
93 113 78909646
93 113 78908917
93 112 78900209
93 113 78899306
113 123 78898707
93 113 78898437
113 112 78846661
112 113 78845853
112 93 78837319
112 113 78837319
40 83 78835416
93 113 78834840
93 113 78833032
93 112 78828470
112 93 78827589
40 83 78826524
112 93 78826268
112 113 78826268
93 113 78824878
93 113 78810930
105 104 78779746
112 93 78767775
112 123 78767775
112 113 78767775
35 40 78757064
35 42 78757064
35 83 78757064
35 39 78757064
23 9 78753675
93 113 78750976
93 113 78749015
112 93 78748705
112 93 78744153
93 112 78743533
93 113 78743419
9 15 78729955
40 39 78728369
93 113 78726152
93 113 78725755
35 62 78724167
40 35 78723404
40 83 78722611
82 131 78671749
93 113 78669697
112 93 78660806
93 113 78654570
112 93 78652879
97 96 78646918
93 112 78587075
93 113 78587075
112 113 78586779
93 113 78586447
112 93 78581862
93 113 78580656
93 113 78578755
39 35 78572365
34 54 78569168
119 120 78564958
113 93 78563750
113 112 78563750
113 123 78563750
97 96 78560967
123 105 78491842
112 93 78475130
112 93 78330455
112 123 78330455
112 113 78330455
112 93 78328321
112 113 78328321
93 112 78324936
93 113 78323221
112 93 78319925
93 113 78319467
101 122 78319059
93 113 78315583
93 112 78314679
93 112 78314607
112 93 78309839
93 113 78309263
113 93 78308071
93 113 78307605
112 93 78306084
112 113 78306084
112 24 78306084
93 112 78300949
93 113 78252978
93 113 78252771
93 113 78249313
112 93 78249016
93 112 78246603
93 123 78246603
93 113 78246603
112 93 78245696
112 123 78245696
112 113 78245696
1 35 78245108
112 113 78242085
112 113 78241176
1 39 78238870
93 113 78236118
93 112 78233464
96 97 78233091
113 112 78227303
120 119 78227051
112 93 78224417
112 113 78224417
112 123 78219009
112 113 78219009
93 113 78209833
123 105 78169528
93 112 78148332
93 113 78146438
112 93 78140722
112 93 78134504
112 93 78133610
112 113 78133610
112 113 78125094
113 93 78122156
113 112 78122156
113 123 78122156
40 83 78120733
112 93 78068574
93 112 78068492
112 93 78067930
112 113 78067930
40 39 78067702
93 113 78065744
93 112 78064981
93 113 78064955
93 112 78062522
82 131 78062130
82 131 78056068
113 93 78038064
113 112 78038064
113 123 78038064
123 112 77993843
112 123 77989746
112 93 77988471
112 113 77988471
112 93 77983182
112 113 77983182
113 93 77980607
113 112 77980607
113 123 77980607
93 113 77979978
93 113 77977032
93 113 77976294
112 93 77975801
112 113 77975801
112 123 77975667
112 113 77975667
15 9 77967703
112 123 77960265
112 113 77960265
96 97 77956693
112 93 77952850
112 113 77952850
113 123 77952285
93 112 77949892
93 113 77949892
93 112 77949394
93 113 77949394
112 93 77867518
104 123 77802553
93 113 77717149
113 93 77710791
113 112 77710791
113 123 77710791
97 96 77707459
123 104 77706510
112 93 77706066
97 96 77705092
112 93 77705004
93 113 77696987
93 112 77694813
93 113 77694644
93 112 77692278
1 47 77688095
9 123 77686665
101 57 77630124
101 122 77630124
93 113 77629781
112 93 77629451
93 112 77629377
112 93 77629125
97 96 77621560
93 112 77620073
112 93 77619135
93 112 77619116
93 112 77618514
93 113 77611767
9 23 77611108
93 123 77610840
112 93 77605155
112 123 77605155
112 113 77605155
112 93 77604784
62 77 77599103
93 123 77599100
93 113 77598783
93 113 77598782
123 113 77564163
93 113 77554876
93 113 77553403
93 112 77543132
62 42 77531116
40 83 77522671
112 93 77521657
112 113 77521657
112 93 77466914
112 93 77464269
112 93 77460715
1 35 77460604
93 112 77459890
112 93 77459701
112 123 77459701
112 113 77459701
112 93 77457530
93 112 77456986
93 113 77456892
42 43 77450080
9 12 77449979
112 93 77437797
112 113 77437797
113 93 77437617
113 112 77437617
112 93 77435379
112 113 77435379
112 93 77380326
104 105 77376049
104 123 77376049
104 129 77376049
113 93 77369972
113 112 77369972
113 123 77369972
112 93 77367717
112 123 77367717
112 113 77367717
109 24 77365020
112 93 77361932
77 129 77361242
112 93 77361084
129 77 77360647
93 113 77360314
112 93 77359824
112 123 77359824
112 113 77359824
112 123 77358741
112 113 77358741
93 113 77351351
120 93 77350347
113 93 77346280
97 96 77344940
93 113 77344935
93 113 77344299
113 93 77344254
93 113 77344131
96 97 77342251
123 105 77275014
112 123 77178817
112 113 77178817
112 93 77178142
112 113 77178142
112 93 77121306
112 123 77121306
112 113 77121306
112 12 77119258
123 105 77109928
113 93 77105298
113 112 77105298
113 123 77105298
93 113 77094416
113 123 77094397
93 113 77086332
112 93 77085131
112 123 77085131
112 113 77085131
120 119 77084303
120 119 77084046
112 93 77046621
113 93 77018655
113 123 77017709
93 113 76958132
113 93 76941714
112 113 76941038
112 93 76940217
112 113 76940217
62 42 76936758
62 42 76936638
112 93 76935335
112 113 76935335
113 93 76934803
113 123 76934803
112 93 76931249
112 113 76931249
43 42 76924773
113 93 76920358
113 123 76917441
93 113 76916476
112 93 76912942
112 113 76912942
113 123 76905858
112 93 76857326
112 113 76857326
113 123 76855022
112 93 76854535
112 123 76854535
112 113 76854535
96 97 76850377
112 93 76848852
112 93 76846075
93 112 76843067
113 123 76840239
112 93 76834568
57 109 76829336
93 112 76768133
112 93 76768068
112 93 76766042
112 113 76766042
122 101 76762277
112 93 76749646
93 112 76749459
120 119 76749224
112 93 76748887
93 112 76748806
112 93 76748291
112 123 76748291
112 113 76748291
15 9 76732891
42 43 76574076
117 66 76502795
120 119 76502356
93 113 76501006
93 113 76500412
93 123 76498412
93 113 76498412
93 113 76498260
112 93 76492155
122 57 76482389
93 113 76479155
93 112 76478632
93 113 76478546
93 113 76478480
112 93 76407003
112 123 76407003
112 113 76407003
35 39 76404639
112 93 76401940
112 113 76401584
93 112 76401459
93 123 76401399
93 113 76401399
112 93 76391249
93 112 76390678
93 113 76390625
93 112 76389388
93 113 76389388
112 93 76363146
93 113 76345034
93 112 76344313
93 113 76344313
112 93 76344189
40 35 76334987
40 83 76334987
93 112 76333882
123 93 76330003
123 113 76330003
112 93 76327083
112 123 76327083
112 113 76327083
23 9 76326572
123 93 76325291
123 113 76325291
112 93 76323256
112 113 76323256
93 112 76323206
93 113 76323206
123 93 76322698
123 113 76322698
112 93 76318876
112 93 76318791
119 120 76313095
112 113 76311107
112 93 76310905
112 113 76310905
112 93 76309540
112 123 76309540
112 113 76309540
123 113 76304315
93 113 76259020
93 113 76257337
112 93 76257175
93 112 76257159
93 112 76256903
93 113 76256903
93 112 76256542
97 96 76250689
40 83 76249327
123 43 76247739
112 93 76238497
112 113 76238497
93 113 76236428
112 93 76228889
112 93 76227971
112 113 76227971
112 93 76226166
112 123 76226166
112 113 76226166
112 93 76225990
112 123 76225990
112 113 76225990
113 123 76218103
112 93 76190041
113 123 76161173
93 113 76159508
9 15 76159399
131 120 76158613
12 9 76149258
9 15 76148346
112 93 76146391
112 123 76146391
112 113 76146391
112 24 76146391
112 93 76144473
93 112 76143150
112 93 76140919
93 112 76139796
93 113 76139400
93 113 76138779
93 113 76138600
93 113 76132546
113 123 76132168
93 113 76131763
15 9 76127569
112 93 76083118
93 112 76062143
93 112 76061515
93 112 76060733
93 112 76060684
112 93 76054360
112 123 76054360
112 113 76054360
112 93 76052951
112 93 76052725
93 112 76051277
123 113 75903725
123 113 75903587
112 93 75900398
112 113 75900398
113 93 75892157
113 123 75892157
93 113 75881447
93 113 75871588
93 113 75871585
93 113 75829747
93 113 75829260
9 12 75820329
93 113 75800660
35 39 75783637
93 113 75782711
93 113 75782018
93 113 75780747
93 113 75780689
62 42 75744686
112 93 75733314
112 123 75733314
112 113 75733314
12 9 75726049
93 112 75724893
93 113 75724494
112 113 75724088
113 93 75708626
113 112 75708626
113 123 75708626
112 93 75702264
112 113 75702264
57 62 75701803
93 113 75659817
93 113 75654926
112 93 75644776
112 123 75644776
112 113 75644776
112 93 75644117
112 123 75644117
112 113 75644117
119 120 75644070
112 93 75637060
112 123 75637060
112 113 75637060
66 109 75634992
112 93 75623964
112 113 75623964
112 93 75619334
62 42 75574953
112 93 75568695
112 123 75568695
112 113 75568695
112 93 75566907
112 113 75566907
112 93 75559452
93 112 75559423
112 93 75559228
9 23 75558956
93 112 75558942
112 93 75555174
112 93 75554938
112 123 75554938
112 113 75554938
112 93 75554197
112 123 75554197
112 113 75554197
112 93 75540373
112 93 75538492
112 123 75538492
112 113 75538492
112 93 75535396
112 123 75535396
112 113 75535396
112 93 75534628
112 113 75534628
93 113 75526463
93 112 75526406
123 93 75526346
123 113 75526346
93 112 75526318
93 113 75526318
112 93 75448717
112 123 75448717
112 113 75448717
93 113 75372416
112 93 75366585
112 123 75366585
112 113 75366585
97 96 75303510
112 113 75301220
57 62 75279897
112 93 75279206
112 113 75279206
113 112 75268079
112 93 75221073
112 123 75221073
112 113 75221073
112 93 75215397
112 123 75215397
112 113 75215397
66 114 75215156
112 123 75202756
112 93 75202658
112 113 75202658
112 93 75202012
112 123 75202012
112 113 75202012
97 96 75195824
112 93 75195524
9 12 75190775
43 42 75186562
113 93 75185315
113 123 75183862
112 93 75128917
112 123 75128917
112 113 75128917
112 93 75127598
112 123 75127598
112 113 75126992
112 93 75123177
112 113 75123177
113 93 75120309
113 112 75120309
113 123 75120309
112 93 75117830
112 123 75117830
112 113 75117830
112 113 75105324
112 113 75104337
112 93 75103390
112 123 75103390
112 113 75103390
100 63 75099690
100 63 75099595
112 93 75099149
112 123 75099149
112 113 75099149
97 96 75043278
112 113 75038344
62 42 75030822
113 123 75026828
102 117 75023271
112 123 75017982
112 113 75017982
40 83 75012856
123 113 75007983
112 93 74954528
112 113 74954528
112 93 74953643
112 123 74953643
112 113 74953643
112 93 74952431
112 123 74952431
112 113 74952431
112 93 74950534
112 123 74950534
112 113 74950534
12 23 74948241
112 93 74943716
112 113 74943716
112 123 74942650
112 113 74936501
113 112 74934018
113 93 74931795
113 112 74931795
113 123 74931795
112 113 74930991
112 113 74930324
112 113 74930292
113 123 74927428
112 93 74925373
112 113 74925373
15 9 74917980
62 42 74880393
112 93 74697380
112 123 74697380
112 113 74697380
112 93 74693715
112 113 74693715
112 123 74693360
112 113 74693360
112 93 74690518
112 123 74690518
112 113 74690518
112 93 74689224
112 123 74689224
112 113 74689224
112 93 74683270
112 113 74683270
112 93 74677155
112 113 74677155
113 93 74607880
113 112 74607880
113 123 74607880
112 113 74606727
113 112 74602948
112 93 74601215
112 123 74601215
112 113 74601215
112 93 74600618
112 123 74600618
112 113 74600618
112 93 74600348
112 123 74600348
112 113 74600348
112 93 74597531
112 123 74597531
112 113 74597531
112 93 74593512
112 123 74593512
112 113 74593512
112 93 74591621
112 113 74591621
97 96 74588718
97 57 74588718
112 93 74586094
112 113 74586094
9 15 74585484
112 93 74583713
112 123 74583713
112 113 74583713
112 93 74544514
112 113 74544514
62 42 74526293
112 113 74525942
123 104 74517727
131 119 74513080
1 35 74512280
112 93 74509471
112 123 74509471
112 113 74509471
93 113 74504677
120 119 74504176
119 120 74503533
112 93 74503415
93 112 74503298
93 112 74503285
112 93 74502658
93 112 74502522
112 93 74501189
112 123 74501189
112 113 74501189
131 119 74500386
93 113 74490973
93 113 74489251
112 93 74439862
112 123 74439862
112 113 74439862
112 113 74438958
112 113 74435110
93 113 74431582
112 113 74427554
112 113 74427338
120 119 74425715
62 42 74410123
62 42 74409146
123 113 74404982
123 113 74401953
112 93 74356723
112 123 74356723
112 113 74356723
93 113 74355167
112 93 74343909
112 123 74343909
112 113 74343909
112 93 74337715
112 63 74334860
112 93 74334860
112 123 74334860
112 43 74334860
112 113 74334860
112 24 74334860
62 77 74334251
112 93 74331010
112 93 74321153
112 123 74321153
113 93 74318505
113 112 74318505
113 123 74318505
93 113 74316483
93 112 74316272
93 123 74316272
93 112 74315750
112 93 74157954
112 123 74157954
112 113 74157954
93 113 74084568
112 93 74081282
112 123 74081282
112 113 74081282
112 93 74080795
112 123 74080795
112 113 74080795
43 42 74074826
93 112 74073502
112 93 74073259
112 123 74073259
112 113 74073259
93 113 74072767
112 93 74062029
112 113 74062029
112 93 74004753
112 123 74004753
112 113 74004753
119 131 73979889
119 120 73979889
97 96 73971933
131 119 73920295
112 93 73918527
112 123 73918527
112 113 73918527
112 93 73915045
112 93 73914971
112 93 73914276
131 119 73914223
131 119 73905064
131 119 73902966
112 123 73900027
112 113 73900027
120 119 73895585
93 112 73895436
100 76 73894612
93 113 73893312
93 113 73892579
113 93 73870047
113 112 73870047
123 105 73839573
123 105 73818249
123 129 73818249
112 113 73815517
113 112 73803130
112 93 73752321
112 123 73752321
112 113 73752321
112 113 73749124
112 93 73744424
112 113 73744424
112 93 73742501
93 112 73742478
93 113 73742478
93 112 73742391
93 112 73742381
112 93 73740913
112 123 73740913
112 113 73740619
93 112 73732216
93 113 73732216
112 93 73730554
112 93 73730451
112 113 73730451
113 123 73711944
93 113 73674357
112 113 73627686
112 93 73538225
112 113 73538225
112 93 73451447
112 113 73451447
112 93 73451040
112 93 73449274
112 113 73449274
113 93 73397990
113 123 73397990
93 113 73396094
93 113 73395503
120 119 73391587
93 113 73383178
93 113 73382998
93 112 73382084
112 93 73370779
112 93 73370633
93 112 73314328
93 123 73314328
93 113 73314328
93 112 73307607
93 123 73307607
93 113 73307607
93 113 73300084
93 112 73294882
62 42 73291709
62 57 73291709
113 123 73288177
93 112 73288005
93 112 73286846
93 112 73286669
112 93 73286400
112 113 73286400
112 123 73286338
112 113 73286338
112 93 73286077
112 93 73286029
93 113 73285304
131 119 73285095
93 123 73282297
93 113 73282297
93 112 73282171
93 113 73281428
93 112 73236506
93 113 73236506
93 112 73233440
131 119 73224842
93 123 73218440
93 113 73218440
93 113 73211638
93 113 73210939
113 112 73210673
113 123 73210673
62 42 73208325
93 112 73139735
93 112 73139563
112 93 73117950
112 123 73117950
112 113 73117950
112 93 73116371
112 123 73116371
112 113 73116371
112 93 73024651
112 123 73024651
112 113 73024651
112 93 72882125
112 93 72879907
113 93 72868405
113 112 72868405
112 93 72857621
112 123 72857621
112 113 72857621
123 9 72847871
123 93 72846585
123 113 72846585
93 113 72809361
93 113 72807043
93 123 72806409
93 113 72806409
112 93 72798190
93 113 72787811
93 113 72781495
93 113 72780328
62 76 72779371
62 60 72779371
112 93 72777309
93 113 72776944
93 113 72775550
93 113 72774768
93 112 72774275
93 113 72774275
112 93 72772526
112 123 72772526
112 113 72772526
100 63 72762086
62 77 72708929
62 77 72707459
15 23 72695372
93 112 72692370
93 113 72692370
62 77 72692021
77 62 72685738
112 93 72681848
112 113 72681848
112 93 72648265
112 113 72648265
112 113 72625987
93 123 72622978
93 113 72622978
112 93 72618966
112 113 72618737
93 112 72614821
93 113 72614821
112 93 72609805
112 113 72609805
112 113 72608203
131 82 72603112
15 23 72599136
62 57 72596865
93 112 72596756
93 123 72596756
93 113 72596756
97 96 72596727
93 112 72594856
62 57 72594102
93 112 72592241
93 123 72592241
93 113 72592241
113 112 72591939
112 93 72547147
112 123 72547147
112 113 72547147
112 93 72544054
112 113 72544054
112 93 72543632
112 113 72543632
112 93 72526898
112 113 72526898
113 123 72525080
112 93 72524531
112 113 72524531
93 112 72523741
93 112 72521815
113 123 72509959
113 123 72509302
123 113 72509039
112 93 72508448
112 93 72507971
104 105 72498850
104 123 72498850
104 129 72498850
113 123 72459315
93 123 72448317
93 113 72448317
93 112 72447831
93 113 72447620
104 105 72277462
104 123 72277462
104 129 72277462
113 112 72276492
35 83 72272776
123 113 72271029
82 131 72268632
93 112 72266398
93 113 72266193
113 123 72264825
123 112 72260122
123 112 72255164
43 101 72254303
43 122 72254303
113 93 72247020
113 112 72247020
113 123 72247020
112 93 72246956
112 123 72246956
112 113 72246956
123 112 72243015
123 113 72243015
93 113 72159260
113 112 72155290
113 93 72154906
113 112 72154906
113 123 72154906
93 112 72154137
93 113 72153955
112 93 72114072
112 123 72114072
112 113 72114072
112 93 72089818
112 123 72089818
112 113 72089818
15 9 72068466
112 93 72031122
112 123 72031122
112 113 72031122
112 93 72023325
112 123 72023325
112 113 72023325
93 112 72022917
93 112 72022273
93 113 72022190
112 93 72007819
104 105 72006541
104 123 72006541
104 129 72006541
112 93 72002880
93 112 72002471
93 123 72002471
93 113 72002471
93 112 71994867
93 113 71993329
15 9 71983752
131 120 71949420
131 119 71949420
93 112 71942262
93 112 71939471
93 112 71935111
131 120 71931422
131 119 71931422
131 119 71929175
117 114 71928199
131 119 71924232
112 93 71920110
123 104 71916937
15 9 71914244
123 104 71906145
93 113 71905967
15 9 71902080
15 9 71896416
93 112 71896376
93 113 71895929
123 93 71823841
123 113 71823841
123 104 71761118
93 123 71652472
93 113 71652472
93 113 71636986
93 113 71592024
66 114 71577139
100 24 71501068
93 113 71477777
62 42 71473293
93 113 71471157
131 119 71471017
123 104 71463238
131 119 71414044
96 97 71392593
43 54 71380263
63 93 71379904
93 123 71378489
93 113 71378489
123 105 71377377
93 112 71376992
93 113 71313781
97 96 71305332
123 113 71296864
93 112 71293861
93 112 71291446
93 113 71243845
93 112 71242316
93 113 71242316
93 113 71242029
93 123 71241996
93 113 71236385
93 113 71235759
93 113 71234275
131 120 71056021
93 112 71055171
35 77 71036268
35 62 71035882
93 113 71033587
112 123 70988410
112 113 70988410
93 123 70986367
93 113 70986367
93 113 70985475
93 123 70985118
93 63 70972704
62 35 70970587
93 112 70968656
93 123 70968656
123 93 70962101
123 112 70962101
93 112 70955352
112 93 70955235
93 112 70952558
93 112 70950606
93 112 70948287
93 112 70948033
93 112 70947837
112 123 70898700
93 113 70868194
93 112 70863233
123 112 70862218
93 112 70860755
93 63 70860569
93 112 70860259
112 93 70815388
112 123 70815388
112 113 70815388
112 123 70809592
112 113 70809592
112 104 70809592
104 112 70806504
93 112 70790640
112 93 70784830
112 123 70784830
112 113 70784830
141 93 70779192
141 9 70779192
35 77 70776934
123 113 70768301
97 96 70699817
62 77 70439835
93 113 70372014
93 113 70368419
93 112 70291572
93 123 70291572
93 113 70291572
113 112 70286161
113 123 70286161
123 112 70286019
123 113 70286019
141 105 70284850
141 123 70284850
141 43 70284850
141 129 70284850
141 113 70284850
123 112 70284339
123 113 70284339
131 120 70280491
141 105 70279138
141 123 70279138
141 43 70279138
141 129 70279138
141 113 70279138
113 112 70274879
113 93 70260981
113 112 70260981
113 123 70260981
15 9 70206481
112 113 70191960
112 113 70183920
112 113 70164360
112 113 70154820
112 113 70154760
112 113 70153860
112 113 70152600
112 113 70120073
100 63 70119684
112 113 70102020
112 113 70101240
112 113 70100396
129 141 70098133
112 113 70094520
112 113 70090802
112 113 70084800
112 113 70082340
93 113 70081719
112 113 70077420
112 113 70076940
112 113 70072800
131 101 69853482
9 112 69772740
9 112 69771660
112 93 69765288
112 113 69755400
112 9 69753720
112 113 69751380
112 9 69751380
112 93 69749653
123 104 69738855
123 105 69738683
123 93 69738367
123 113 69738367
9 112 69736740
112 9 69736500
9 112 69735660
112 113 69733380
112 9 69733380
112 113 69731640
112 93 69691796
112 123 69691796
112 43 69691796
112 113 69691796
112 113 69673740
104 123 69662953
123 104 69656566
123 104 69651325
123 113 69651170
112 93 69604532
112 123 69604532
123 113 69603608
112 113 69593700
112 113 69587023
112 113 69575707
112 113 69568980
43 42 69568640
43 42 69568365
112 113 69557700
112 113 69502800
112 113 69486780
112 113 69480480
123 113 69478898
112 113 69477240
15 9 69474169
112 93 69440248
112 113 69422220
112 93 69319375
112 93 69318040
112 113 69311040
112 113 69301320
112 113 69300000
112 113 69260160
112 93 69227325
112 113 69211860
112 113 69209280
113 112 69177900
112 113 69157200
43 42 69137471
112 113 69137220
112 113 69121200
113 112 69120780
112 113 69120780
112 113 69108660
112 113 69094260
112 113 69093360
112 141 69076101
112 113 69072660
112 113 69067620
112 113 69058260
112 141 69058080
112 113 69057900
112 113 69057360
112 113 69019440
112 113 68997300
112 113 68992440
43 42 68986840
112 113 68983440
129 141 68962716
112 113 68961300
112 113 68956440
129 141 68888299
112 113 68887500
104 141 68881717
104 113 68881717
112 113 68880180
112 113 68880060
112 113 68665440
112 43 68647482
112 113 68647482
112 113 68629440
82 131 68563657
129 141 68545689
112 113 68535720
112 113 68465400
112 113 68461680
112 113 68448360
43 42 68441381
112 113 68438880
112 113 68437860
112 113 68435760
112 113 68435580
112 113 68427300
112 113 68405040
112 113 68404020
112 113 68399760
112 113 68399580
112 113 68389080
113 112 68385720
112 113 68385600
112 113 68378640
113 112 68372700
112 113 68369040
112 113 68368020
112 113 68353080
43 57 68351206
113 112 68349720
112 113 68349600
112 113 68342640
113 112 68336700
112 113 68329200
112 113 68323740
112 113 68323380
112 113 68309520
112 113 68309340
112 113 68302980
112 113 68293200
112 113 68287740
112 113 68287380
112 113 68273520
112 113 68273340
113 112 68271540
112 113 68266980
112 113 68244780
112 113 68244600
112 113 68212680
112 113 68208780
112 113 68208600
112 113 68176680
112 113 68056440
112 113 68055720
112 113 68047260
112 113 68046540
112 113 68044080
112 113 68043660
112 113 68038920
112 113 68038500
113 112 68020560
112 113 68020440
113 112 68019900
112 113 68019720
112 113 68011260
113 112 68010900
112 113 68010540
112 113 68008080
112 113 68007660
113 112 68003100
112 113 68002920
112 113 68002500
112 113 67965720
112 113 67953780
113 112 67935480
113 112 67932300
112 113 67929720
100 24 67924614
112 113 67917780
112 113 67916940
113 112 67829580
112 113 67785120
35 77 67781192
112 113 67749120
112 113 67733460
112 113 67732920
112 113 67697460
112 113 67696920
35 77 67669710
102 117 67617883
112 113 67425660
112 113 67401240
112 113 67400340
104 113 67366380
104 113 67330380
66 109 67246488
66 114 67246488
66 24 67246488
113 112 67166400
112 113 67141140
112 113 67139160
43 57 67087457
112 113 67061940
113 112 67060860
112 113 66911940
112 113 66877260
112 113 66875940
112 113 66858180
112 113 66822180
112 113 66745800
112 113 66745680
112 113 66733800
112 113 66732300
112 9 66729060
112 113 66679260
112 113 66646260
112 113 66643260
112 113 66642420
43 57 66642120
43 57 66641871
43 42 66640931
43 112 66634951
100 63 66565218
112 113 66563040
112 113 66557340
112 113 66554940
112 113 66534000
112 113 66470400
112 113 66469860
112 113 66463860
97 96 66202099
112 113 66181320
143 144 66177960
143 131 66105240
143 144 66094920
143 144 66094860
143 131 66093300
105 141 66055442
77 35 66030643
77 35 66030548
143 131 66015660
112 113 65926200
113 112 65763600
112 113 65761620
112 113 65758440
145 82 65603400
143 144 65599140
144 143 65598360
145 82 65597640
116 35 65589119
143 131 65569980
143 144 65569980
100 63 65520030
116 77 65510445
116 35 65510445
113 112 65504820
116 62 65423897
112 113 65416140
131 143 65415120
143 144 65403900
112 113 65403120
112 113 65403000
131 144 65325360
143 131 65322960
143 144 65322960
143 131 65314500
114 24 65283060
131 144 65242320
144 131 65240100
144 131 65240040
143 144 65231220
144 143 65230620
129 141 65019077
112 113 64981560
112 113 64980420
143 144 64934220
112 113 64919820
112 104 64919820
112 113 64919640
112 104 64918500
112 113 64918440
104 112 64917600
112 113 64915320
112 113 64915260
112 113 64914480
112 113 64896360
112 113 64890240
112 113 64890180
112 113 64888140
119 131 64852080
119 120 64852080
112 113 64815120
119 131 64812480
119 120 64812480
112 113 64810980
113 112 64810320
112 113 64756620
112 113 64752780
112 113 64752480
113 112 64744680
112 113 64742820
112 113 64739400
112 113 64739100
15 9 64738860
112 113 64736520
112 113 64733700
113 112 64733280
112 113 64733220
116 43 64728947
112 113 64720620
112 113 64718460
15 9 64424160
143 144 64358580
113 112 64309980
131 143 64308660
131 144 64280160
113 112 64232700
131 144 64225920
112 113 64224960
104 112 64223160
112 104 64217820
104 112 64216980
112 113 64213320
112 104 64213080
112 113 64202400
112 113 64182060
112 113 64146060
116 62 64139216
116 1 64139216
116 66 64139216
116 54 64139216
116 47 64139216
116 76 64139216
116 77 64139216
116 35 64139216
116 43 64139216
116 42 64139216
116 34 64139216
116 101 64139216
116 57 64139216
116 109 64139216
116 60 64139216
116 83 64139216
116 24 64139216
116 122 64139216
116 39 64139216
112 113 64121220
112 113 64120500
112 113 64114500
143 131 64114140
143 131 64113960
131 143 64113120
1 39 64063343
116 77 64062468
112 113 64060500
112 113 64057140
143 131 64043580
112 113 64036800
112 113 64036440
143 131 64031460
112 113 64025400
131 143 64023780
131 119 63794280
112 113 63793620
112 113 63792540
112 24 63791854
112 9 63791854
112 113 63789900
143 131 63786720
112 113 63773820
112 24 63773820
112 9 63773820
143 144 63770760
131 143 63770460
112 113 63769380
57 122 63714383
113 105 63707160
113 141 63707160
113 141 63689214
112 113 63600240
76 62 63590580
76 60 63590580
119 131 63588840
119 131 63587160
112 104 63543300
112 113 63539580
62 60 63538800
112 113 63514680
112 113 63508740
131 119 63503460
62 60 63463680
112 113 63458580
112 113 63457140
112 113 63453660
112 9 63453660
112 113 63449580
131 119 63445920
131 119 63441240
112 113 63438240
112 113 63427260
131 143 63425820
143 131 63423000
131 143 63422940
131 119 63421140
113 112 63285360
62 42 63204240
112 113 63190380
131 143 63184440
131 120 63183000
131 119 63183000
112 113 63177420
62 42 63168240
119 120 63163980
112 113 63163200
112 113 63101340
112 113 63100260
131 144 63088560
112 113 63087780
112 113 63084060
112 113 63082380
112 113 63080160
131 144 63077940
113 112 63070260
131 143 63031548
62 60 63027540
131 143 63013500
112 113 63011160
131 144 63004740
143 144 63003000
112 113 62933040
112 113 62931000
112 113 62922600
112 113 62846280
116 77 62824776
116 35 62824776
112 113 62812500
112 113 62811480
143 144 62811360
112 113 62598000
112 113 62581440
112 113 62579340
112 113 62578800
112 113 62554800
141 120 62487540
116 77 62424128
116 35 62424128
116 77 62422995
116 35 62422995
117 63 62404440
112 113 62332140
104 112 62329080
104 113 62329080
112 113 62324580
112 104 62324340
104 112 62324280
104 113 62324280
116 77 62324162
131 143 62296500
143 120 62294940
104 113 62282700
112 104 62243160
104 112 62237820
104 113 62237820
144 131 62234280
112 104 62232960
143 144 62225940
104 141 62224320
143 120 62211780
112 104 62047860
104 112 61984680
104 113 61984680
104 112 61983900
104 113 61983900
112 113 61980600
112 113 61978680
112 113 61978440
112 113 61972680
104 112 61972080
104 113 61972080
131 143 61970160
131 144 61970160
113 112 61967940
112 113 61967820
112 113 61962780
112 113 61956240
143 144 61955100
143 144 61950600
112 113 61950240
112 113 61950060
113 112 61942260
112 113 61892280
112 113 61892100
112 113 61891500
112 104 61888920
116 113 61887591
113 112 61883520
112 113 61875720
112 113 61872000
117 66 61871700
117 109 61871700
117 24 61871700
131 144 61869900
112 113 61867920
112 113 61867080
113 112 61866480
117 102 61856820
40 83 61834740
112 113 61808100
117 63 61803060
112 113 61802460
112 104 61802460
40 83 61798740
104 112 61796520
112 113 61790100
143 144 61789500
112 113 61782480
112 113 61777260
40 83 61731780
57 122 61726800
112 113 61723800
112 113 61715220
122 42 61711440
122 57 61711440
143 144 61709820
112 113 61707300
131 143 61695900
131 144 61695900
57 122 61690800
112 113 61625580
112 113 61624620
116 129 61617088
145 82 61614240
112 113 61606260
112 113 61447860
112 113 61373820
117 63 61371360
112 113 61365180
112 113 61355340
112 113 61354320
113 112 61351920
112 113 61348740
143 144 61341540
143 144 61341120
112 113 61286820
112 113 61278120
112 113 61269180
112 104 61269180
112 113 61268520
112 113 61268460
112 9 61268460
131 143 61210080
131 143 61193220
112 113 61189920
143 131 61187640
131 143 61174080
131 143 61173720
116 35 61121159
112 113 61112640
116 62 61105436
143 144 61101060
122 42 61100580
122 57 61100580
143 144 61100580
112 113 61097940
143 144 61089720
117 63 61089660
40 83 61039440
143 131 61025880
112 113 61023840
113 112 61017480
131 145 61015080
40 83 61003440
116 113 60943401
113 112 60766020
112 113 60741240
113 112 60667380
112 113 60661680
143 131 60656460
143 144 60655860
112 113 60597720
112 113 60596160
112 113 60574920
144 143 60574500
131 143 60573000
112 113 60571560
112 113 60521880
112 113 60508860
131 144 60502980
112 113 60499620
113 112 60499200
131 144 60495540
131 144 60494820
112 113 60490020
131 144 60486180
143 144 60482400
112 113 60427980
112 113 60427260
112 113 60421080
112 113 60414480
112 113 60413460
143 144 60407520
112 113 60399840
112 113 60397740
112 113 60396660
112 113 60396540
116 77 60275649
112 113 60265860
112 113 60265380
112 113 60163140
131 143 60151200
112 113 60151200
143 131 60150900
112 113 60150180
112 113 60149100
112 113 60143640
112 113 60143520
112 113 60143040
112 113 60142800
113 112 60141900
112 113 60141720
143 144 60131580
112 113 60075060
105 141 60072898
112 113 60067080
112 113 60064440
112 113 60059340
112 113 60058740
112 113 60053640
143 144 60050100
112 113 60010560
112 113 60010380
112 113 60009960
112 113 59990040
83 40 59982780
143 131 59981580
112 113 59981100
112 113 59975580
113 112 59974800
112 113 59973360
112 113 59971440
66 117 59970720
112 113 59970360
113 112 59968920
112 113 59967540
131 143 59961660
113 112 59954760
57 122 59953080
143 144 59897700
116 77 59893622
131 143 59892540
119 120 59892180
131 143 59884140
131 144 59884140
112 113 59822940
112 113 59816460
116 77 59808317
143 144 59806440
116 77 59761653
112 113 59559600
112 113 59559360
112 113 59559300
112 113 59559180
9 149 59553840
9 113 59553840
9 12 59553840
40 83 59545740
117 109 59541780
40 83 59540400
117 109 59539560
112 113 59535480
112 113 59533740
112 113 59532960
112 113 59531340
131 144 59447040
113 112 59446800
143 131 59437860
143 131 59435340
143 131 59435220
112 113 59395620
112 113 59395020
143 131 59378340
116 141 59372475
131 143 59371320
112 113 59359140
143 131 59300760
119 120 59276460
112 113 59268840
143 131 59261160
117 66 59208120
143 131 59196360
57 122 59179380
144 131 59177520
143 131 59176980
112 113 59105580
112 113 59036340
112 113 58962180
112 113 58958520
112 113 58958040
112 9 58958040
112 113 58955580
131 144 58954380
113 112 58947000
113 149 58947000
112 113 58938060
112 9 58938060
113 112 58937580
112 113 58933860
112 113 58930800
112 113 58930260
112 113 58929120
149 66 58928220
149 112 58928220
149 114 58928220
149 113 58928220
149 24 58928220
149 9 58928220
112 113 58928040
131 143 58925820
113 112 58870560
112 113 58863900
144 143 58862760
143 144 58857300
144 131 58852860
131 143 58852440
131 144 58846440
144 131 58843440
112 113 58842420
131 144 58842120
112 113 58784580
112 113 58784400
112 113 58776840
143 131 58758780
143 131 58758480
112 149 58756800
112 113 58756800
112 113 58756560
112 113 58755900
112 113 58754100
112 113 58753740
112 113 58753560
112 113 58753440
112 113 58752960
105 141 58713388
112 113 58703520
112 113 58697940
57 42 58697580
112 113 58697580
57 122 58697580
131 143 58691220
131 144 58691220
112 113 58683240
112 113 58670340
112 149 58667820
112 113 58667820
57 42 58657980
57 122 58657980
112 149 58619040
112 113 58619040
112 113 58618620
112 113 58603980
112 113 58595100
112 149 58591380
112 113 58591380
112 113 58590960
112 113 58590000
112 113 58581960
131 144 58345500
112 113 58332360
112 113 58329840
112 113 58329720
112 113 58328640
112 149 58328400
112 113 58328400
112 113 58326060
112 24 58326060
112 113 58325220
112 113 58263960
112 113 58260180
112 9 58260180
149 112 58260000
149 113 58260000
1 47 58257240
112 149 58256220
112 9 58256220
131 143 58243680
112 113 58235220
112 113 58234920
112 24 58186740
112 113 58184700
116 35 58178577
112 113 58174260
112 113 58173960
112 113 58167300
143 131 58166280
112 113 58164960
149 112 58164720
112 113 58163400
112 113 58153440
112 149 58153140
112 113 58153140
112 113 58152360
144 143 58149420
144 131 58149420
112 113 58098360
143 131 58094700
143 144 58094700
112 113 58090740
131 143 58090380
131 144 58090380
112 113 58090020
112 113 58089180
144 131 58081620
144 131 58080840
112 113 58072320
113 112 58069140
112 113 58069140
112 113 58069020
112 113 58067820
112 113 58066260
112 113 58065000
112 113 58063200
112 104 58062960
112 113 58062600
117 24 58061340
112 149 57999840
131 143 57993840
143 144 57991320
112 113 57987480
112 149 57983580
112 113 57981840
112 113 57980820
112 113 57980400
112 113 57979740
112 113 57979200
112 113 57978660
66 149 57977580
149 112 57975180
149 42 57975180
149 113 57975180
149 24 57975180
149 112 57972180
149 42 57972180
149 113 57972180
149 24 57972180
143 144 57966720
1 47 57823080
1 47 57819240
1 47 57816240
112 113 57811620
112 113 57811140
112 113 57810960
117 66 57729840
66 117 57725820
117 66 57725220
131 143 57648840
117 66 57648180
117 109 57648180
117 114 57648180
117 24 57648180
112 113 57638580
112 113 57638520
112 113 57635040
131 143 57634980
112 113 57634260
112 113 57634140
112 113 57633180
143 144 57622740
112 113 57577440
112 113 57576900
112 113 57571020
112 113 57570000
112 113 57549660
112 113 57548280
131 143 57544380
112 113 57494340
131 143 57481860
117 66 57481800
117 109 57481800
117 114 57481800
117 24 57481800
112 113 57481140
117 66 57470520
66 117 57470400
112 113 57467880
117 66 57463740
112 113 57462240
112 24 57462240
112 113 57461880
112 24 57461880
83 40 57452520
112 113 57404400
112 113 57399960
112 24 57399960
112 113 57399780
112 24 57399780
117 66 57399120
117 109 57399120
117 114 57399120
117 24 57399120
131 143 57396660
112 149 57395220
112 113 57395220
112 24 57395220
114 117 57385800
66 149 57383760
113 112 57376500
112 113 57376140
113 112 57373080
113 112 57371700
131 143 57370260
131 144 57370260
117 66 57366900
112 113 57294180
112 24 57294180
112 113 57147300
112 24 57147300
113 112 57136980
112 113 57135060
119 120 57133140
112 113 57126000
131 144 57121500
112 113 57115020
143 144 57114180
113 112 57101580
149 112 57052680
149 42 57052680
149 113 57052680
149 24 57052680
117 66 57048660
117 109 57048660
117 114 57048660
117 24 57048660
143 131 57032760
66 117 57029220
131 144 57029160
117 66 57023760
143 131 57022920
143 131 57017940
143 144 57017040
112 113 56975220
112 113 56970960
117 66 56966640
117 109 56966640
117 114 56966640
117 24 56966640
131 143 56965800
112 113 56965560
112 24 56965560
131 143 56963820
112 113 56962200
112 113 56950620
112 149 56945280
112 113 56945280
117 66 56944200
117 109 56944200
117 114 56944200
117 24 56944200
131 143 56943060
112 113 56940660
112 113 56890020
112 113 56889600
112 113 56888940
112 113 56881440
112 24 56881440
112 113 56881200
112 113 56873340
112 113 56871840
112 113 56868480
112 113 56860740
112 113 56859600
112 149 56856180
112 24 56856180
112 113 56798580
112 113 56790480
112 113 56788680
131 143 56787540
112 113 56783640
112 113 56700540
112 113 56699880
112 24 56699880
112 113 56537340
112 24 56537340
112 113 56532420
112 24 56532420
112 113 56531700
112 24 56531700
143 131 56529840
112 113 56528160
112 24 56528160
57 42 56526240
57 122 56526240
112 113 56512260
112 24 56512260
116 62 56477518
112 113 56439000
112 24 56439000
143 131 56438700
66 149 56436300
112 113 56434980
112 24 56434980
112 113 56433540
112 24 56433540
112 113 56431440
131 143 56420220
149 112 56416680
149 113 56416680
112 113 56381100
112 24 56381100
112 113 56380800
112 24 56380800
112 113 56380680
143 144 56357520
143 144 56355540
131 144 56338440
112 113 56285640
112 24 56285640
112 113 56283120
112 24 56283120
112 113 56280360
112 24 56280360
112 113 56280060
112 104 56279340
104 112 56278500
104 113 56278500
112 113 56275860
112 104 56275860
131 143 56273460
149 112 56268840
149 42 56268840
149 113 56268840
149 24 56268840
112 113 56268300
112 24 56268300
112 113 56258220
112 113 56253420
112 24 56253420
117 109 56247720
112 113 56082780
112 113 55943580
112 113 55943460
112 24 55943460
112 113 55943340
112 24 55943340
112 113 55942920
112 24 55942920
112 113 55942740
112 24 55942740
112 113 55942620
117 66 55928640
117 109 55928640
117 114 55928640
117 24 55928640
117 114 55901580
112 113 55898520
112 104 55848420
112 113 55845840
112 113 55843080
149 112 55832280
149 42 55832280
149 113 55832280
149 112 55829520
149 42 55829520
149 113 55829520
149 24 55829520
149 112 55827360
149 42 55827360
149 113 55827360
149 24 55827360
131 143 55822980
112 113 55821900
112 24 55821900
149 112 55813980
149 42 55813980
149 113 55813980
149 24 55813980
143 131 55812660
112 113 55810080
112 24 55810080
112 113 55809540
112 24 55809540
112 113 55809420
113 112 55802580
112 113 55763760
112 113 55761720
112 24 55761720
131 143 55755540
131 143 55752840
131 143 55747800
131 143 55745280
112 113 55744560
112 24 55744560
112 113 55734540
112 24 55734540
112 113 55726560
112 24 55726560
112 113 55717860
112 24 55717860
112 113 55717740
112 141 55673220
113 112 55647600
112 113 55646640
112 24 55646640
112 113 55587780
131 143 55581480
112 113 55579200
112 24 55579200
117 109 55578960
112 113 55577400
112 113 55575720
112 113 55569540
112 113 55569360
112 24 55569360
112 113 55422480
112 24 55422480
131 143 55325400
9 113 55322940
9 12 55322940
131 143 55314120
112 113 55311600
112 113 55301160
112 24 55301160
112 113 55300980
112 113 55299600
112 113 55299420
112 113 55231500
112 24 55231500
112 113 55229880
112 24 55229880
117 109 55229760
112 113 55221540
149 112 55214040
149 42 55214040
149 113 55214040
149 24 55214040
112 113 55212480
112 24 55212480
112 113 55166220
112 24 55166220
131 143 55151760
117 66 55148880
117 109 55148880
117 114 55148880
117 24 55148880
112 113 55087560
112 24 55087560
112 104 55072080
112 113 55058700
112 24 55058700
117 24 55058220
112 113 55054800
113 112 55051380
112 113 55051080
116 77 54992292
112 113 54976380
112 24 54976380
113 112 54973740
113 112 54973500
131 144 54958380
112 113 54953700
112 24 54953700
112 113 54953280
112 24 54953280
113 112 54948000
113 149 54948000
112 113 54829020
112 24 54829020
149 112 54757380
149 42 54757380
149 113 54757380
149 24 54757380
112 113 54730200
112 149 54730080
112 113 54730080
143 131 54708300
131 143 54706260
131 144 54691140
112 113 54637920
112 24 54637920
149 112 54630600
149 42 54630600
149 113 54630600
149 24 54630600
112 113 54628320
143 131 54615540
131 144 54611040
149 112 54603360
149 42 54603360
149 113 54603360
149 24 54603360
112 113 54543480
112 24 54543480
112 113 54543420
112 24 54543420
112 113 54543360
112 24 54543360
117 66 54531900
117 109 54531900
117 114 54531900
117 24 54531900
112 113 54513120
112 24 54513120
116 129 54482005
117 102 54456480
143 131 54453240
117 102 54453000
112 113 54450960
112 24 54450960
149 112 54429300
149 42 54429300
149 113 54429300
149 24 54429300
143 131 54424560
112 113 54373620
112 113 54357000
112 113 54301140
112 24 54301140
112 113 54300840
112 113 54122940
112 24 54122940
112 149 54121920
112 113 54121920
112 113 54115080
112 24 54115080
112 113 54098460
112 149 54098280
112 113 54098280
112 113 54096900
112 113 54093240
112 24 54093240
112 113 54023400
112 24 54023400
112 113 54022380
112 24 54022380
112 113 54012060
112 24 54012060
112 113 54006720
112 24 54006720
112 113 54001320
112 24 54001320
112 113 54000900
112 24 54000900
112 113 53935920
112 113 53935200
112 113 53929920
112 113 53921100
112 24 53921100
112 113 53917920
112 24 53917920
143 131 53911320
112 113 53861400
112 24 53861400
112 113 53858100
112 113 53854200
112 24 53854200
112 113 53849640
112 113 53843820
112 113 53834940
112 24 53834940
112 113 53832660
112 24 53832660
112 113 53832600
112 24 53832600
112 113 53832060
112 24 53832060
113 112 53769720
112 113 53768040
112 113 53767860
144 143 53761020
112 113 53757720
112 24 53757720
112 113 53658900
112 24 53658900
112 113 53658180
112 24 53658180
112 9 53657940
112 113 53657760
112 24 53657760
112 113 53616960
112 24 53616960
112 113 53616840
112 24 53616840
112 113 53616420
143 122 53497980
112 9 53484180
112 113 53482680
9 112 53408940
117 102 53407620
112 113 53404500
149 105 53314860
149 112 53314860
149 113 53314860
149 24 53314860
149 9 53314860
112 149 53273640
112 113 53273640
112 113 53272980
112 24 53272980
57 122 53242800
143 144 53239920
113 112 53067000
112 113 52913880
112 24 52913880
112 113 52913640
112 24 52913640
112 113 52913580
112 24 52913580
131 143 52907580
143 144 52900500
117 102 52896000
117 102 52894920
131 143 52894680
131 143 52893660
131 143 52886880
112 113 52828200
112 24 52828200
143 144 52818660
144 143 52813320
112 113 52796640
112 24 52796640
112 113 52796220
112 113 52793100
112 149 52792680
122 57 52792560
131 143 52733280
143 131 52725780
143 131 52725720
131 143 52725180
112 113 52665060
112 113 52664940
112 113 52664580
143 122 52621620
112 113 52590120
112 149 52578180
112 113 52578180
57 122 52554600
9 112 52549920
9 113 52549920
122 57 52541640
112 113 52495380
112 113 52456860
131 143 52302840
112 113 52223640
117 66 52219080
117 109 52219080
117 114 52219080
117 24 52219080
117 66 52218540
117 109 52218540
117 114 52218540
117 24 52218540
113 112 52209660
9 112 52208760
112 113 52205460
112 24 52205460
112 113 52191300
112 113 52137900
112 113 52137660
112 24 52137660
112 113 52135320
112 113 52133820
112 113 52133400
112 24 52133400
117 66 52128900
117 109 52128900
117 114 52128900
117 24 52128900
113 112 52121460
112 113 52118760
112 113 52113180
112 24 52113180
112 113 52112760
112 24 52112760
112 113 52109880
112 24 52109880
112 113 52109520
112 113 52109220
112 24 52109220
112 113 52105560
112 24 52105560
40 42 52104420
40 146 52104420
112 113 52041660
112 24 52041660
113 104 52018980
113 112 52018320
112 149 52017000
112 113 52017000
113 112 52014300
112 113 51766680
112 24 51766680
112 149 51677040
112 113 51677040
112 24 51677040
112 113 51620940
112 24 51620940
112 113 51535800
112 24 51535800
113 112 51452220
112 149 51442680
112 113 51442680
112 149 51428880
112 113 51428880
112 113 51414840
112 9 51414840
112 149 51414240
112 113 51414240
112 113 51078000
112 113 51011220
117 114 51007380
117 66 51006420
117 109 51006420
117 114 51006420
117 24 51006420
112 149 50988660
112 113 50988660
112 113 50979540
113 112 50972220
112 149 50928540
112 113 50928540
112 149 50917560
112 113 50917560
112 24 50917560
112 113 50909820
112 149 50909520
112 113 50909520
112 24 50909520
112 149 50900820
112 113 50900820
112 149 50900640
112 113 50900640
112 24 50900640
112 113 50896560
113 112 50838120
113 112 50837640
131 143 50831520
112 149 50813760
112 113 50813760
112 9 50813760
112 113 50812920
112 113 50752500
112 113 50744460
149 112 50741700
149 24 50741700
149 112 50740080
149 113 50740080
149 9 50740080
149 112 50736540
149 24 50736540
122 57 50731080
113 141 50550720
113 112 50472540
112 113 50409900
47 1 50393520
47 146 50393520
112 149 50393100
112 113 50393100
131 143 50393040
143 131 50384520
112 113 50378640
112 149 50378280
112 149 50378220
112 113 50378220
143 144 50377860
144 143 50376180
112 149 50320920
112 113 50320920
104 105 50315820
104 141 50315820
104 105 50315700
104 141 50315700
62 42 50303400
112 113 50300940
112 149 50299440
112 113 50299440
112 24 50299440
113 112 50298540
149 24 50297820
112 113 50296980
112 149 50296860
112 113 50296860
112 24 50296860
112 149 50294220
112 113 50294220
104 105 50291820
104 141 50291820
149 112 50291700
112 113 50291400
112 113 50290140
112 113 50288940
112 113 50233140
112 113 50232780
113 112 50232060
112 149 50227800
112 113 50227800
112 24 50227800
112 149 50221080
112 113 50221080
117 102 50220900
112 149 50220540
112 113 50220540
104 105 50217600
104 141 50217600
104 105 50217540
104 141 50217540
104 105 50217480
104 141 50217480
112 149 50217180
112 113 50217180
112 9 50217180
113 149 50214240
112 149 50212200
112 113 50212200
112 113 50204220
113 112 50204160
113 112 50204100
112 113 50203800
149 113 50201700
149 112 50200260
149 66 50196480
149 112 50196480
149 109 50196480
112 149 50129640
112 113 50129280
149 66 50129100
149 109 50129100
149 24 50129100
149 9 50129100
149 112 50128380
112 149 50123700
112 149 50121120
112 113 50121120
149 66 50120580
149 109 50120580
149 24 50120580
149 66 50120160
149 112 50120160
149 109 50120160
149 112 50118720
149 112 50116620
149 24 50116620
149 112 50115540
149 113 50115540
112 113 50115180
112 24 50115180
112 113 49864860
112 149 49788600
112 113 49788600
112 9 49788600
112 113 49776360
112 24 49776360
112 149 49772460
24 112 49768980
131 144 49710180
149 112 49680900
149 112 49677900
9 12 49554420
112 113 49541400
66 149 49533900
112 113 49528440
112 113 49521300
117 102 49518780
143 131 49510680
112 24 49510680
117 102 49505160
24 112 49433760
112 24 49285260
112 113 49284480
112 149 49277040
112 113 49277040
112 24 49277040
149 112 49270500
149 24 49270500
104 105 49267740
104 141 49267740
113 112 49257840
112 149 49197840
112 113 49197840
112 149 49193340
112 113 49193340
112 113 49192980
113 112 49181220
112 113 49181160
113 112 49181100
112 113 49180860
113 112 49180680
112 113 49180440
112 149 49175880
112 113 49175880
113 112 49174080
112 149 49170120
112 113 49170120
112 113 49168320
112 149 49091340
112 113 49091340
23 9 49086840
131 144 49085880
112 149 49081140
112 24 49081140
112 149 49080720
112 113 49080720
149 112 49077600
149 112 49074720
149 112 49004700
149 109 49004700
149 24 49004700
112 149 49003740
112 113 49003740
112 24 49003740
112 149 49003380
112 113 49002420
112 113 49002240
9 12 49001940
112 113 49001520
113 112 48996960
149 66 48993420
149 112 48993420
149 109 48993420
149 24 48993420
149 112 48912840
149 113 48912840
149 24 48912840
114 102 48837120
112 149 48493980
112 113 48493980
149 112 48482820
149 112 48481440
149 112 48480660
149 112 48480240
113 112 48477360
112 149 48477120
112 113 48477120
112 113 48472020
112 113 48471960
112 113 48471900
113 112 48464340
113 112 48459060
113 112 48420660
112 113 48418740
112 149 48411000
112 149 48409560
149 112 48403920
149 113 48403920
149 24 48403920
149 112 48401280
149 113 48401280
149 24 48401280
149 112 48393180
112 113 48386820
112 149 48386760
112 113 48386760
117 114 48383400
112 149 48331800
112 113 48331800
112 24 48331800
112 113 48327540
112 113 48325260
112 149 48320940
112 24 48320940
112 113 48315180
112 149 48308040
112 113 48308040
112 113 48299700
131 143 48068580
112 113 48056940
112 149 48055140
149 112 48047040
149 112 47980260
34 143 47972280
112 149 47964780
112 149 47960160
143 144 47944920
112 113 47902680
112 113 47901840
144 143 47892360
112 113 47871780
112 42 47871300
112 149 47869800
112 113 47869260
112 149 47866920
112 24 47866920
112 149 47864040
112 113 47864040
112 113 47863320
117 66 47807700
117 109 47807700
117 114 47807700
57 122 47799120
143 34 47791440
57 122 47788680
57 122 47788560
112 149 47783640
112 113 47783640
112 149 47782440
112 113 47782440
112 24 47782440
143 34 47772780
131 143 47720100
34 143 47718900
143 144 47712600
112 149 47696460
149 63 47457180
149 112 47457180
149 113 47457180
149 24 47457180
143 144 47456940
112 149 47446560
112 113 47446560
112 149 47444040
112 113 47444040
9 112 47429340
112 149 47384640
112 113 47384640
149 113 47375520
149 24 47375520
112 113 47369280
143 34 47367300
9 12 47361840
112 9 47360160
143 131 47351640
112 149 47288400
112 113 47288400
143 34 47284920
112 149 47206740
149 112 47206500
112 149 47206440
149 112 47200380
149 24 47199060
112 149 47195940
112 113 47195940
112 149 47190720
112 113 47190720
112 113 47190480
112 149 47188320
112 113 47188320
112 149 47178420
112 113 47178420
149 112 47172660
149 113 47172660
112 149 47122800
112 149 47113080
149 112 47107620
149 112 47105640
112 149 47102640
112 113 47102640
112 149 47100540
149 112 47099340
112 149 47097660
112 149 47093640
149 112 47092440
149 112 47086320
112 149 46943520
112 149 46942740
112 149 46942680
112 149 46847880
112 113 46847880
112 149 46838880
149 112 46829700
149 112 46773300
149 113 46773300
149 24 46773300
149 112 46767240
149 112 46755360
143 131 46744440
112 42 46694400
112 149 46675980
112 113 46675980
149 112 46671180
112 149 46669800
112 113 46669800
112 113 46662480
131 144 46661700
112 113 46596780
143 131 46583880
131 143 46576980
143 131 46570800
143 144 46570800
131 143 46570140
131 144 46570140
143 144 46482840
113 112 46354860
112 113 46346160
149 113 46246320
149 24 46246320
149 112 46235160
149 113 46235160
113 112 46232100
113 149 46232100
131 143 46229580
131 144 46229580
9 149 46228320
9 113 46228320
9 12 46228320
149 112 46227660
149 113 46227660
149 112 46163400
1 47 46163280
149 113 46156020
149 112 46151700
143 144 46138740
112 149 46134120
149 24 46075740
112 149 46061580
112 113 45999120
112 149 45994440
143 144 45984900
112 149 45982140
149 112 45973200
143 144 45968340
119 120 45966360
149 24 45888300
57 122 45882660
149 24 45876180
149 24 45641460
112 149 45641220
112 113 45641220
112 24 45641220
144 143 45639780
149 113 45637560
112 149 45633540
112 24 45633540
112 113 45633240
112 149 45624540
112 113 45624540
112 149 45564060
149 63 45556380
149 113 45556380
149 24 45556380
112 149 45556260
112 149 45550140
112 149 45483180
149 24 45464400
149 24 45452100
149 24 45450600
149 24 45377160
131 144 45369780
112 149 45363660
112 113 45363660
149 113 45362160
149 24 45362160
112 149 45311220
112 113 45311220
112 24 45311220
149 24 45302640
149 24 45302580
112 113 45045840
149 112 45036720
149 112 45036540
149 24 45036540
112 113 45033600
112 149 45023460
112 149 45022140
143 131 45022080
143 131 45017820
112 149 45016860
149 112 45014580
149 24 45014580
112 149 44948400
112 149 44941680
112 113 44941680
112 149 44940300
112 113 44940300
112 149 44928840
112 113 44861220
112 113 44859480
149 24 44855400
112 113 44854500
112 113 44786100
113 112 44783280
112 113 44783220
57 24 44760900
112 113 44685720
149 112 44679180
131 143 44669340
131 144 44669340
112 113 44498880
112 113 44439600
112 113 44430240
112 113 44428740
112 149 44412300
112 113 44412300
112 113 44344920
149 113 44344080
149 113 44339040
149 24 44339040
112 149 44289900
112 113 44289900
112 113 44237880
112 113 44235420
149 113 44233620
120 119 44159760
105 141 44105040
112 113 44097360
112 113 44096940
149 113 44061300
149 63 44061000
149 113 44061000
149 24 44061000
112 149 43835940
112 113 43835940
149 112 43824720
131 143 43821540
149 112 43813080
149 24 43813080
112 149 43806840
131 144 43747200
131 143 43746120
112 113 43730460
131 143 43720080
131 144 43649340
57 122 43645680
131 143 43641480
112 113 43562340
1 34 43468920
112 113 43240620
112 113 43215180
62 35 43196100
131 143 43137660
131 144 43137660
112 113 43127280
131 143 43032720
131 144 43032720
146 122 42970680
131 120 42968760
131 120 42957480
131 144 42947160
120 119 42945720
131 120 42942120
112 149 42880860
119 120 42876180
112 113 42625200
112 113 42624240
112 149 42609120
149 24 42607800
57 122 42533640
112 149 42529440
112 149 42529200
149 63 42512520
149 24 42512520
112 149 42469740
112 113 42469740
112 24 42469740
112 149 42454500
112 113 42454500
112 113 42443700
112 113 42429360
112 149 42428880
112 149 42384180
112 113 42384180
57 122 42364560
63 149 42281400
131 143 42271740
131 144 42271740
104 113 42238560
149 112 42024060
131 143 42018660
131 144 42018660
149 24 42015540
149 112 42006360
149 113 42006360
149 112 42004560
131 143 42004500
131 144 42004500
112 149 42003600
112 149 42003360
112 113 42003360
112 113 42002700
112 113 41998740
112 113 41998560
149 63 41995260
149 112 41995260
149 113 41995260
149 24 41995260
149 112 41957280
149 112 41942340
9 113 41933220
112 149 41930820
112 149 41929200
112 113 41929200
112 24 41929200
24 112 41923500
60 76 41921520
113 112 41918220
131 143 41910060
112 113 41860560
112 113 41858640
112 63 41850540
112 149 41850540
112 113 41850540
112 24 41850540
149 112 41849760
112 149 41835120
112 113 41835120
149 113 41815860
149 112 41768520
149 24 41768520
112 149 41762580
112 149 41757780
149 112 41757060
112 113 41753160
112 149 41747880
113 112 41489940
112 113 41417220
112 113 41404500
112 149 41401740
112 113 41401740
112 113 41400180
112 113 41399700
112 149 41341200
112 113 41327280
112 149 41315460
112 24 41315460
1 47 41314320
149 112 41239020
149 24 41239020
144 143 41232120
112 149 41227080
149 112 41223180
149 112 41222340
149 113 41222340
112 113 41219400
1 34 41219220
112 149 41217480
9 15 41215260
9 12 41215260
149 112 41183040
149 113 41183040
149 24 41183040
112 149 41150760
112 149 41148840
112 113 41148840
1 34 41145780
149 24 41140860
149 112 41140620
149 112 41140500
112 149 41130360
112 149 41130240
112 113 41130060
113 104 40809480
57 122 40789080
1 34 40693500
131 120 40636740
131 144 40627500
131 144 40626420
57 122 40599900
131 144 40551300
149 112 40536060
149 112 40490400
131 144 40451820
131 144 40441740
131 144 40198980
131 120 40182180
131 120 40179120
131 120 40121880
149 24 40107180
149 24 40106640
60 76 40098480
120 143 40090140
120 143 40085700
112 113 40034520
149 112 40016640
149 113 40016640
57 122 39941520
131 122 39939660
131 144 39838740
112 113 39606180
131 144 39492840
112 113 39489540
112 113 39487500
112 113 39403620
131 143 39314040
131 144 39314040
112 113 39261360
62 35 38900880
62 35 38900640
62 35 38873340
9 15 38802960
9 12 38802960
143 144 38714460
60 77 38645700
143 144 38643600
144 143 38642700
9 149 38573460
9 113 38573460
9 12 38573460
131 143 38391300
131 144 38391300
1 34 38353980
1 34 38268240
149 113 38099340
1 34 38044500
131 143 37761840
1 47 37754460
57 122 37675620
9 12 37593360
57 24 37502040
149 24 37429560
112 149 37417920
131 143 37065540
131 144 37065540
131 144 36988020
131 143 36978540
112 113 36926520
112 9 36926520
145 144 36839880
131 143 36465420
131 144 36465420
131 143 36398820
1 34 36367740
145 144 35886660
131 144 35871660
131 144 35871540
145 144 35866080
145 144 35865960
131 34 35797020
131 144 35709240
1 34 35682720
1 34 35592300
131 143 35364480
131 144 35364480
145 82 35281140
131 143 35193540
131 144 35169960
131 143 35106180
131 144 35106180
9 113 35008260
145 144 34991820
113 112 34756500
113 149 34756500
145 82 34756200
131 144 34752960
131 144 34750980
57 122 34738800
145 144 34732680
145 144 34667520
131 34 33976680
131 144 33959940
131 144 33896220
131 144 33883020
34 131 33806460
145 144 33555420
131 34 33550020
62 35 33449940
131 144 33446400
131 144 33360720
131 143 32848380
131 144 32848380
131 144 32842860
9 149 32789760
9 113 32789760
9 12 32789760
131 144 32226900
62 35 32083620
62 42 32083620
62 57 32083620
131 143 32080740
40 32 32080740
131 144 32080740
34 131 31979220
131 34 31725600
34 131 31717680
131 34 31712220
9 113 31473900
145 144 31394760
131 82 30946740
145 144 30938100
131 34 30931980
62 35 30872040
145 82 30519120
1 34 30506460
149 112 30497220
149 113 30497220
131 34 30428640
34 131 30428220
131 143 30415800
131 34 30415800
131 34 30259740
1 34 30165720
1 34 30146040
131 143 29892360
131 144 29892360
82 145 29745840
60 77 29743200
145 82 29731800
145 144 29723040
82 145 29722560
1 34 29720340
145 144 29668260
131 143 29665560
131 144 29665560
145 82 29642820
145 144 29634000
131 144 29577180
131 144 29568180
131 144 29311260
131 145 29309940
145 131 29295900
145 144 29144100
131 144 29134740
131 144 29046540
145 144 28964100
145 144 28954920
145 144 28524300
145 82 28522260
145 82 28437060
145 82 28436580
145 82 28436400
145 82 28344300
82 145 28074840
82 145 28025340
1 47 28004340
1 47 27994740
1 34 27898620
1 34 27847620
82 145 27829560
1 34 27740100
1 34 26789520
1 34 26110980
145 82 25931520
145 82 25931100
1 34 25914120
9 12 25494840
145 82 25325040
9 12 24907860
62 35 24211560
62 35 23611260
149 113 22983180
1 47 22904400
141 63 22561800
149 113 22372980
62 42 21188940
82 145 20656680
1 47 20141340
149 113 18332580
149 113 18259800
149 113 18227340
149 113 17491440
145 82 15216420
104 141 8380200
