0 3 98277034
3 4 97580951
1 6 97484013
4 1 96208528
3 2 94641220
0 1 94565223
0 2 94565223
0 4 94390069
4 1 93771773
1 4 93160868
1 4 91341592
7 1 91272795
7 1 91264681
7 1 91259547
1 4 90920170
1 4 90849645
1 7 90849111
1 4 90761102
13 14 90674917
13 14 90674722
13 11 90671879
15 14 90647173
13 9 90415126
8 16 90408061
11 17 90395748
13 17 90393524
18 8 90392693
18 14 90392693
6 17 90390569
1 7 90390456
1 4 90334704
0 2 90331835
1 7 90309170
13 14 90241911
12 13 90239740
4 2 90227549
13 17 90164867
13 17 90156049
15 13 90150043
15 14 90150043
15 13 90041449
19 9 89791440
11 14 89789208
11 17 89789208
16 11 89730093
7 1 89701063
1 7 89644253
0 3 89619980
17 8 89548148
13 17 89528282
10 12 89473036
1 7 89471489
11 10 89469150
6 11 89219026
6 16 89219026
8 13 89209692
13 17 89200545
3 2 89196785
24 25 89192502
11 13 89189628
6 17 89187198
13 16 89186457
1 21 89181598
1 21 89180657
2 3 89102062
19 9 89039736
11 10 89038219
1 4 89019955
1 7 89010192
1 21 89009364
15 19 89006102
15 14 89006102
2 3 88954030
13 8 88951540
11 14 88933902
1 4 88866031
14 13 88865811
1 7 88863244
15 9 88852288
14 13 88837878
13 8 88607282
8 16 88602540
11 13 88600899
6 14 88596433
17 13 88585821
17 13 88583229
17 8 88583229
11 14 88582509
17 13 88582336
26 31 88532323
19 15 88523527
32 18 88515148
16 13 88493328
1 7 88434179
17 11 88432223
17 8 88348935
8 17 88348694
17 8 88338911
8 17 88263859
2 0 88244978
23 8 88243700
19 17 88006415
19 9 88005786
1 4 87982533
1 4 87981495
8 11 87974543
11 13 87974539
11 14 87974539
11 17 87974539
19 10 87974405
20 8 87882665
8 23 87810470
16 10 87745230
16 17 87745230
16 12 87745230
35 38 87723913
23 20 87716991
13 15 87708649
20 19 87393754
8 23 87393371
18 9 87317189
7 41 87312143
9 18 87310435
17 8 87302530
17 8 87298222
17 16 87298222
2 0 87294875
13 11 87283426
12 44 87283016
19 16 87202241
46 38 87131901
20 23 87129267
9 23 87127311
38 35 87026083
38 21 87026083
49 50 87022899
49 53 87022899
49 47 87022899
49 43 87022899
49 42 87022899
49 57 87022899
38 46 87022132
38 35 87022132
13 10 86793608
20 23 86780934
11 8 86767156
19 9 86710607
13 10 86695249
41 7 86694676
13 14 86694164
10 13 86693841
10 12 86693841
30 60 86679590
36 43 86677659
36 38 86677659
61 50 86640157
61 68 86640157
61 69 86640157
61 41 86640157
61 51 86640157
61 72 86640157
61 21 86640157
61 42 86640157
61 78 86640157
61 80 86640157
61 57 86640157
61 27 86625757
61 68 86625757
61 28 86625757
61 51 86625757
61 54 86625757
61 29 86625757
61 35 86625757
61 42 86625757
61 80 86625757
61 82 86625757
61 57 86625757
61 83 86625757
61 84 86625757
61 36 86625757
61 52 86619549
61 81 86619549
61 25 86619549
89 27 86615316
89 77 86615140
61 81 86612324
81 77 86610963
81 60 86610963
81 25 86610963
81 89 86610963
91 29 86607690
61 26 86605149
81 27 86596563
81 70 86596563
81 52 86596563
81 77 86596563
81 43 86596563
49 96 86593345
49 97 86592351
61 27 86556305
61 52 86556305
61 85 86556305
81 27 86550104
81 28 86550104
81 84 86550104
26 70 86546943
26 30 86542849
61 43 86541905
61 84 86541905
61 85 86541905
61 26 86541905
61 26 86541288
61 36 86541288
81 44 86539725
81 73 86538453
81 71 86535704
81 36 86535704
2 0 86534290
94 70 86532076
41 57 86526522
0 2 86520338
0 37 86518244
0 87 86518244
26 89 86515040
11 17 86509768
20 12 86507007
1 4 86506139
0 26 86505768
0 89 86505768
71 81 86448387
71 58 86448387
71 44 86448387
25 49 86447323
3 37 86445950
49 51 86441567
49 43 86441567
88 89 86437598
36 54 86427956
36 80 86427956
36 43 86427685
36 38 86427685
81 70 86426742
0 4 86425186
0 2 86425186
36 80 86423497
36 80 86423393
68 30 86421699
81 70 86419873
82 3 86418822
81 26 86371793
81 93 86371521
81 73 86281242
81 71 86275903
71 70 86265309
71 81 86265309
71 82 86265309
71 44 86265309
81 26 86201553
81 38 86196287
93 71 86189894
93 81 86189894
13 11 86189099
96 36 86177308
92 66 86176262
13 17 86169990
93 71 86169976
93 73 86169976
11 8 86165421
13 14 86165332
59 60 86161907
16 11 86159888
96 97 86159081
1 7 86157110
26 27 86115188
26 30 86115188
13 14 86102928
13 11 86102928
19 9 86102919
6 17 86102778
0 37 86100078
0 26 86100078
0 87 86100078
0 3 86100078
36 61 86097833
38 21 86093918
38 46 86093707
61 36 86087089
14 13 86082945
14 11 86082945
68 76 86082685
93 26 86080940
14 13 86080299
92 66 86079400
26 100 86077924
97 96 86077063
93 28 86073430
97 91 86069646
25 51 86012490
26 28 86012109
26 93 86012109
90 67 86009240
26 93 86008792
97 96 86008612
52 41 86004328
93 28 86001535
0 87 86000691
0 3 86000691
28 93 86000050
14 13 85996722
57 41 85995987
61 89 85993489
93 26 85989930
0 98 85989633
0 26 85989633
93 28 85986855
93 71 85986855
67 90 85947717
25 52 85945301
70 93 85935156
97 96 85931821
14 12 85931149
8 17 85929120
78 49 85928332
78 85 85928332
49 78 85927988
3 0 85927691
0 4 85925518
0 2 85925518
56 36 85925379
92 66 85923686
56 36 85917113
25 84 85916670
0 2 85912314
0 3 85912314
92 66 85909286
13 11 85909082
13 16 85909082
89 88 85902601
19 13 85893058
70 81 85847490
30 25 85838991
49 96 85838962
49 97 85838962
66 92 85833408
3 4 85833016
96 97 85832979
49 96 85831469
36 96 85823413
40 79 85821865
96 97 85819607
96 36 85818690
13 11 85816276
81 73 85808322
25 36 85601473
0 4 85595718
8 12 85557051
12 13 85557047
12 8 85557047
87 66 85518128
13 17 85475335
97 96 85475196
3 2 85473147
81 103 85464976
97 96 85408051
0 3 85385291
0 26 85335502
104 61 85326926
104 88 85326926
38 35 85324484
38 21 85324484
81 73 85314259
81 26 85314259
10 14 85306193
10 12 85306193
49 96 85300462
77 62 85300353
92 90 85298333
13 11 85297346
26 81 85290623
15 13 85289472
36 26 85254077
26 73 85242542
26 36 85242542
26 27 85048048
26 98 85048048
0 2 84993197
81 73 84982269
81 26 84982269
26 81 84979035
10 12 84977375
11 10 84977136
107 108 84973612
8 13 84970397
97 96 84968504
25 36 84967254
103 98 84965495
97 49 84958550
36 25 84957958
111 95 84955731
107 81 84953754
0 2 84947940
13 11 84947325
0 66 84907671
0 71 84907671
0 4 84907671
13 10 84894227
13 17 84891174
87 66 84885893
110 93 84882422
110 112 84882422
110 112 84882203
49 99 84872301
17 8 84866227
0 66 84820190
0 26 84820190
0 44 84820190
104 70 84811762
93 70 84809776
93 113 84809776
6 12 84803766
66 87 84799477
97 49 84798517
59 28 84794516
26 89 84793890
9 12 84793132
95 40 84788431
95 111 84787920
4 2 84722167
58 111 84708969
59 100 84693929
97 49 84692878
0 66 84648246
0 71 84648246
0 44 84648246
0 2 84629378
87 66 84621312
14 13 84612162
13 17 84610187
49 97 84608002
22 9 84604064
15 13 84598861
19 11 84597519
19 16 84597519
19 9 84596805
65 67 84570506
19 13 84543684
19 16 84543684
19 17 84543684
0 44 84383393
104 70 84375788
104 105 84375788
104 88 84375788
13 17 84374619
104 105 84369530
104 70 84367795
12 9 84366032
108 99 84360723
12 10 84356487
23 10 84355736
81 93 84349661
35 38 84348928
62 64 84345327
38 81 84345130
11 13 84344619
11 8 84344619
11 14 84344619
88 108 84296485
44 81 84291450
1 38 84283183
97 96 84283010
97 91 84283010
93 81 84282855
41 52 84282834
49 97 84279976
13 14 84275629
19 13 84273966
81 70 84268243
62 77 84265048
91 95 84263749
8 16 84263724
10 13 84263510
10 14 84263510
17 13 84261017
13 14 84260938
14 13 84260502
3 4 84258383
13 17 84256514
82 3 84203026
13 17 84200258
82 3 84194931
26 81 84191615
49 96 84184230
49 97 84184230
49 91 84182879
89 66 84180230
113 108 84179971
104 70 84176069
104 73 84176069
104 105 84176069
104 61 84176069
104 108 84176069
0 66 84123152
0 87 84123152
19 9 84117962
81 77 84116591
81 43 84116591
81 107 84116591
81 88 84116591
81 38 84116591
93 81 84111211
52 41 84108192
13 10 84104485
89 71 84101432
112 93 84096976
26 93 84094266
81 107 84093517
81 85 84030673
104 70 84019464
104 73 84019464
47 37 84018554
97 96 84015345
49 96 84007797
81 44 84007509
104 70 83993921
104 61 83993921
81 44 83774509
104 70 83764727
104 61 83764727
81 93 83764400
81 85 83759108
0 2 83753427
11 14 83747743
11 16 83747743
107 81 83745899
81 36 83689881
81 44 83689881
85 25 83686450
13 20 83683796
81 36 83679597
38 35 83675063
97 49 83674904
87 66 83672164
81 44 83664238
19 15 83662832
30 27 83661921
97 49 83660462
49 97 83659403
49 25 83656504
49 25 83655389
49 91 83653543
81 88 83605076
81 25 83603809
81 38 83603809
0 4 83603438
0 87 83603438
88 81 83591472
38 25 83590812
81 88 83584799
23 13 83584133
90 67 83578044
90 86 83578044
13 23 83577308
88 81 83575751
90 72 83575560
81 107 83572337
107 81 83571221
93 81 83568855
13 11 83568345
26 28 83431026
19 15 83416476
19 8 83416476
104 105 83415524
81 107 83410003
81 38 83410003
81 89 83410003
81 29 83407251
81 88 83399339
97 96 83396699
81 107 83395099
33 20 83391222
13 22 83157851
13 17 83157851
20 10 83157142
13 11 83156915
13 10 83156915
81 36 83152695
81 88 83152590
119 120 83144807
20 33 83139314
10 11 83138804
11 16 83137309
11 17 83137309
81 93 83079062
33 17 83054731
25 43 83052645
13 17 83048563
94 81 82997050
119 120 82973564
97 91 82964286
19 20 82955229
11 14 82540554
11 16 82540554
11 23 82538450
78 37 82536905
78 85 82536905
17 10 82536181
13 11 82460532
4 71 82460197
0 3 82455377
33 17 82455307
88 71 82453761
27 93 82449591
16 11 82394177
94 81 82390573
93 113 82380483
94 5 82377563
112 93 82372463
97 41 82365486
112 93 82363886
35 46 82363674
85 120 82358984
93 27 82318759
40 39 82271629
104 70 82207419
104 107 82207419
78 37 82204528
6 12 82200192
13 17 82196335
112 85 82191598
112 17 82191598
93 27 82181969
13 16 82178770
88 81 81958198
93 112 81953509
17 13 81949773
17 14 81949773
11 13 81949328
120 85 81943524
85 120 81932654
119 120 81862366
49 97 81857562
37 0 81856087
62 64 81851481
62 77 81851481
120 85 81850304
122 125 81849156
11 13 81849009
81 28 81848963
81 111 81848963
81 24 81848963
81 44 81848963
30 53 81848366
125 57 81842223
125 36 81842223
125 122 81842223
8 19 81838631
8 17 81838631
13 14 81788767
13 17 81788767
17 8 81765828
9 23 81762753
30 62 81750983
40 95 81686990
10 11 81678614
13 10 81670479
40 95 81668009
12 9 81666399
9 33 81664714
25 85 81632818
37 85 81613828
10 16 81613392
40 95 81601467
111 40 81598776
111 83 81598776
120 85 81596402
78 37 81593178
13 11 81587933
40 111 81587670
40 83 81587670
81 98 81586854
81 111 81586854
120 124 81584921
108 73 81342409
112 113 81337867
20 13 81333639
33 106 81325683
64 77 81324156
14 17 81323037
19 9 81322626
123 5 81318189
81 36 81316887
4 37 81276914
91 79 81261175
97 75 81259137
97 91 81258946
11 14 81253938
78 100 81250346
10 14 81239708
10 11 81239708
49 43 81231515
35 38 81174439
40 95 81170209
38 48 81169389
123 81 81166320
123 107 81166320
123 108 81166320
43 121 81146116
93 113 81103347
91 111 81095353
91 79 81095353
6 11 81094702
2 3 81094599
112 93 81094233
112 93 81093676
19 12 81067910
6 10 81062557
81 36 81062131
40 95 81056168
97 35 81020376
97 38 81020376
71 44 81016376
91 79 81012296
11 8 81003248
78 111 80994306
10 12 80975304
49 43 80973387
93 113 80931402
29 81 80893131
93 113 80821194
97 41 80741614
97 91 80738811
115 50 80732527
120 56 80724817
61 70 80714180
61 106 80714180
61 18 80714180
9 19 80675382
91 83 80665227
19 9 80663827
91 111 80661137
91 79 80661137
130 74 80660817
4 131 80657988
94 88 80655967
92 87 80655150
10 22 80652060
10 14 80652060
32 98 80651221
58 44 80650768
98 32 80650665
105 70 80641811
13 16 80639849
81 129 80639351
35 126 80639101
91 111 80575423
91 40 80575423
78 111 80557740
10 11 80555906
41 50 80541730
32 98 80541553
94 88 80498397
81 106 80495033
36 53 80490504
20 9 80488828
20 23 80488828
57 75 80486138
8 17 80485533
91 40 80483779
5 70 80481088
0 3 80479593
0 58 80479593
0 44 80479593
23 20 80479265
23 20 80479014
20 23 80478582
20 23 80478212
20 23 80477291
19 13 80476081
23 20 80471523
23 20 80470405
23 20 80467575
98 32 80467508
32 98 80463570
8 23 80463058
28 100 80462687
37 81 80462046
13 14 80461956
81 44 80461526
82 2 80457853
82 44 80457853
112 113 80409131
91 111 80400360
91 40 80400360
23 20 80400048
23 20 80397813
66 74 80397533
66 92 80397533
38 46 80396339
38 47 80396339
20 18 80395760
43 54 80395738
3 55 80394486
6 8 80393637
22 20 80390040
22 9 80390040
78 37 80383400
66 90 80383133
112 93 80382788
41 57 80376431
20 23 80374416
81 113 80372720
10 12 80371493
20 23 80368789
49 42 80367252
49 57 80367252
49 122 80367252
9 20 80326220
97 41 80295504
94 5 80213083
20 8 80208879
20 11 80208879
20 23 80208879
20 23 80158938
33 20 80138091
49 43 80128801
33 20 79979681
91 95 79975238
91 111 79975238
91 83 79975238
112 85 79968490
33 20 79967947
20 33 79961691
20 17 79961691
29 132 79958532
78 85 79955720
10 13 79953356
58 0 79952434
0 3 79952432
0 58 79952432
0 44 79952432
82 71 79951917
78 111 79949874
20 17 79947160
20 18 79946517
11 8 79945912
19 9 79944682
93 26 79941515
82 55 79940311
82 0 79940311
82 55 79940097
9 23 79940001
113 93 79939873
111 38 79937366
101 78 79937157
10 11 79937137
20 23 79936705
123 73 79894582
49 25 79894264
123 73 79886872
91 40 79886487
25 75 79886377
25 101 79886377
44 2 79885697
9 19 79883913
10 17 79883105
20 18 79882959
124 120 79881963
124 85 79881963
129 103 79881696
37 70 79876584
10 8 79876378
10 12 79876378
20 33 79876200
124 56 79875777
82 0 79874320
82 58 79874320
25 24 79871380
93 113 79871097
57 75 79869572
47 46 79868656
8 17 79867668
8 13 79867295
78 37 79864978
23 20 79864034
8 13 79863378
10 17 79862304
10 12 79862304
20 23 79859939
23 17 79858728
112 113 79857977
17 10 79855195
78 25 79853599
100 76 79847578
29 83 79847397
112 113 79807228
91 95 79805276
91 83 79805276
25 75 79799090
25 49 79798919
2 0 79798492
25 42 79798118
82 2 79797117
82 58 79797117
19 9 79796107
10 13 79795362
19 9 79795149
2 0 79794582
61 18 79794451
9 19 79789738
41 50 79788386
41 115 79788386
81 2 79787677
6 13 79787195
123 106 79783907
93 113 79782588
124 119 79781432
92 87 79780257
41 115 79779007
58 3 79773579
20 9 79773390
4 71 79772231
112 93 79771385
88 81 79771380
20 23 79770485
10 14 79769561
10 12 79769561
77 64 79766874
78 111 79765535
111 78 79765498
111 78 79765246
39 46 79764752
93 112 79761056
112 93 79595548
22 33 79539242
22 17 79539242
123 81 79536116
123 73 79534603
123 106 79534603
8 16 79533348
8 10 79533213
8 17 79533213
8 12 79533213
82 55 79532574
123 106 79529498
113 129 79528966
113 108 79528966
41 7 79523012
41 97 79523012
78 49 79519356
11 13 79519221
11 16 79517909
113 93 79515825
130 74 79514717
49 78 79514677
49 24 79514677
61 18 79510133
61 108 79510133
82 55 79452450
25 36 79450146
66 117 79448337
66 90 79448337
57 122 79446963
14 13 79445107
111 78 79442648
16 8 79441015
132 52 79440857
70 71 79440127
70 94 79440127
105 94 79439592
8 14 79438728
97 49 79438166
14 13 79435710
88 52 79435573
92 66 79432428
52 46 79431024
113 93 79427264
124 120 79424876
124 85 79424876
120 85 79424342
0 44 79422479
97 1 79367623
97 21 79367623
131 80 79367426
131 55 79367187
23 20 79366009
6 13 79361721
6 17 79361721
6 17 79360509
3 82 79356854
3 0 79356854
132 41 79356486
132 46 79356486
132 52 79356486
43 52 79356169
17 10 79355731
3 82 79355277
3 2 79355277
25 51 79350960
2 0 79350094
119 56 79346746
119 56 79346088
56 119 79346012
23 20 79345367
120 85 79345051
2 0 79344994
61 108 79340773
113 112 79340611
25 24 79337770
91 49 79335132
97 91 79335054
97 49 79335054
42 43 79332238
20 22 79331870
22 20 79331170
28 93 79328058
20 23 79327104
94 70 79283563
97 21 79281939
97 39 79281939
97 48 79281939
13 17 79281725
97 48 79280961
17 23 79274494
120 85 79272179
93 28 79270580
93 113 79270580
127 106 79265461
33 20 79263741
40 29 79262019
40 29 79260216
40 79 79260216
2 82 79256466
0 2 79254198
2 82 79252446
2 55 79250630
70 94 79249974
132 79 79248365
61 81 79244892
93 113 79244633
49 51 79244333
49 56 79244333
49 43 79244333
97 21 79195684
112 113 79195052
28 89 79194475
82 58 79194125
17 12 79188939
10 17 79188387
10 22 79186711
112 113 79181427
25 42 79179968
20 23 79179134
82 55 79178951
2 0 79178756
68 45 79177292
40 29 79176344
40 79 79176344
22 10 79173615
70 94 79171641
82 2 79170262
82 3 79170262
82 44 79170262
82 3 79170175
82 58 79170175
82 44 79170175
126 38 79168255
96 97 79167654
20 10 79166368
28 89 79164619
17 8 79164372
121 49 79159574
20 22 79095803
66 90 78932927
20 18 78931281
91 40 78930713
20 22 78929372
121 49 78924456
23 20 78920987
13 16 78920089
13 16 78919261
93 9 78919040
20 22 78916888
97 96 78914716
58 44 78913105
16 13 78913073
53 81 78912550
20 22 78903812
93 112 78900209
20 23 78898995
13 6 78896853
20 22 78894598
91 111 78843878
94 81 78843829
55 82 78842603
57 25 78838297
131 55 78833567
93 113 78833032
121 49 78832670
3 82 78830691
3 58 78830691
93 112 78828470
112 93 78827589
112 113 78826268
20 6 78821736
49 51 78810930
49 57 78810930
49 122 78810930
66 87 78776415
20 33 78765878
81 27 78764963
61 88 78763814
61 18 78763814
82 2 78760156
18 20 78759904
91 40 78758059
35 48 78757064
6 11 78755959
61 105 78754737
61 108 78754737
23 20 78753675
93 113 78749015
93 112 78743533
78 101 78735746
8 17 78735737
20 23 78735396
71 44 78732479
103 18 78731902
9 15 78729955
9 19 78729955
2 58 78729789
2 58 78728793
93 113 78726152
40 111 78722611
16 17 78690016
129 107 78681314
82 37 78673113
19 9 78672057
26 71 78668186
82 0 78665121
16 13 78664200
2 58 78661729
71 69 78660352
120 85 78660163
25 42 78657337
78 111 78656325
2 58 78656216
82 55 78655521
50 41 78653084
112 93 78652879
20 22 78651545
1 126 78649895
1 127 78649895
8 17 78645004
78 85 78644495
20 23 78643209
49 57 78639793
100 59 78634529
2 0 78594052
2 3 78594052
2 58 78594052
91 111 78591361
91 79 78591361
82 37 78586287
66 92 78581018
23 20 78575290
82 58 78573836
13 14 78572714
112 85 78569673
34 54 78569168
3 58 78569144
25 75 78569132
85 25 78567838
124 119 78566548
13 8 78565337
23 20 78564619
13 11 78561389
97 96 78560967
13 16 78553679
8 17 78553083
123 105 78491842
23 20 78475222
23 20 78425601
112 123 78330455
112 108 78330455
91 40 78326700
91 83 78326700
8 17 78326287
8 17 78322425
25 75 78320201
25 121 78320201
112 93 78319925
101 25 78318966
93 112 78314607
132 41 78311870
132 52 78311870
11 8 78311446
106 73 78308661
122 125 78306556
111 95 78306326
112 113 78306084
2 3 78301636
93 112 78300949
78 37 78299138
93 113 78252978
97 99 78252676
112 93 78245696
13 14 78244786
91 40 78243059
8 17 78238702
96 97 78233091
44 53 78229276
112 113 78219009
2 55 78218568
55 131 78216046
53 95 78213537
25 49 78212628
123 73 78169528
97 99 78160638
37 131 78157095
82 58 78152871
23 33 78149655
100 59 78148253
58 111 78146441
25 52 78144978
20 22 78144755
20 22 78144028
112 93 78140722
85 112 78139206
29 79 78136030
8 19 78134183
8 17 78134183
52 41 78132585
32 27 78131785
82 71 78131053
53 95 78129799
2 82 78129350
25 52 78127518
49 91 78124618
113 93 78122156
29 111 78120941
49 47 78120760
49 126 78120760
49 35 78120760
40 111 78120733
42 53 78072332
112 113 78067930
93 113 78065744
93 113 78064955
82 58 78062130
29 91 78060469
82 58 78057649
3 55 78057240
91 97 78054985
20 18 78052979
52 41 78051538
8 17 78047029
44 58 78044410
57 25 78041940
52 115 78032994
4 71 78030259
81 44 77998021
90 117 77985901
90 86 77985901
97 99 77983426
112 93 77983182
91 95 77981811
58 82 77981349
5 70 77980678
5 105 77980678
37 85 77980178
55 58 77977755
97 53 77976302
112 113 77975801
40 29 77974807
61 81 77971671
11 13 77970340
11 14 77970340
11 17 77970340
6 12 77965420
112 123 77960265
96 97 77956693
17 23 77956128
90 135 77954576
85 120 77954347
120 51 77953694
120 25 77953694
112 93 77952850
19 9 77952768
113 123 77952285
19 9 77943595
14 13 77898621
25 75 77894997
25 56 77894723
25 57 77894723
25 43 77894078
25 52 77882212
25 36 77882212
129 81 77786010
86 135 77783915
92 74 77721361
92 66 77719978
92 87 77719978
89 88 77718443
6 15 77718213
93 113 77717149
25 85 77716751
124 56 77716503
120 56 77716496
129 81 77715807
129 81 77715642
82 0 77713665
120 85 77711633
113 112 77710791
113 123 77710791
14 8 77708078
93 26 77705594
13 14 77705224
91 49 77704785
74 117 77703471
74 90 77703471
32 27 77693912
93 112 77692278
131 37 77691059
11 13 77689423
11 17 77686683
91 111 77638326
91 83 77638326
120 56 77635625
3 0 77631418
90 65 77631064
90 86 77631064
101 122 77630124
132 52 77624746
66 92 77621440
16 17 77621414
17 23 77620495
100 59 77620365
23 17 77619020
93 112 77618514
48 35 77614064
129 107 77613766
81 73 77612939
9 23 77611108
81 94 77609456
14 20 77609207
14 10 77609207
131 37 77607325
131 55 77607325
8 13 77606057
33 22 77605417
93 113 77598783
93 113 77554876
86 65 77554560
105 22 77550332
105 17 77550332
9 19 77545888
86 65 77543760
86 90 77543760
2 82 77538504
18 22 77537896
58 0 77535237
2 82 77535047
80 131 77534164
81 29 77531508
91 40 77523923
23 13 77523730
23 20 77523730
40 83 77522671
40 48 77522671
112 85 77521827
112 85 77520604
112 85 77520106
13 11 77519975
85 120 77518574
124 56 77518414
85 112 77516837
27 134 77510545
25 125 77478632
55 131 77465788
2 3 77464532
2 58 77464532
112 93 77464269
26 100 77464267
13 16 77461251
1 35 77460604
66 87 77460536
112 113 77459701
93 112 77456986
93 113 77456892
0 82 77451792
0 3 77451792
124 120 77439353
112 113 77435379
124 120 77434873
81 73 77426781
104 70 77376049
104 106 77376049
104 107 77376049
14 17 77374323
25 57 77373032
25 121 77373032
35 38 77371080
91 111 77370893
91 79 77370893
100 59 77369212
112 113 77367717
109 84 77365020
52 46 77364901
36 52 77364582
0 3 77364485
14 13 77363838
18 33 77363352
13 6 77362300
83 78 77362155
78 83 77362088
129 70 77362001
112 93 77361932
37 120 77361918
83 78 77361847
78 83 77361773
3 82 77361681
3 44 77361681
14 13 77361279
98 89 77360327
93 113 77360314
94 5 77360118
91 97 77360111
112 93 77359824
112 85 77359824
23 33 77359181
46 132 77357438
103 29 77356904
17 13 77351423
13 17 77351290
25 24 77351220
57 25 77350887
2 0 77346541
97 41 77344940
93 113 77344935
123 105 77275014
112 123 77178817
112 93 77121306
112 123 77121306
112 13 77119258
112 8 77119258
131 80 77114645
91 83 77113163
90 65 77112767
90 72 77112767
90 86 77112767
123 105 77109928
0 3 77106517
113 112 77105298
78 55 77102330
75 25 77102124
93 113 77094416
8 13 77092111
90 117 77092064
82 2 77090301
82 44 77090301
23 20 77089594
93 113 77086332
11 8 77084251
11 14 77084251
120 85 77083310
13 14 77030994
90 135 77030176
90 72 77030176
90 86 77030176
91 95 77029827
91 79 77029827
91 83 77029827
95 111 77029380
106 113 77026826
13 16 77026801
124 119 77009388
37 124 77007089
105 94 77005645
23 14 77004081
23 20 77004081
131 80 77003443
37 124 77002930
13 11 76999918
33 20 76996804
20 23 76994949
56 51 76992729
70 44 76945625
91 40 76942048
91 79 76942048
113 93 76941714
90 65 76940513
90 135 76940513
90 102 76940513
105 70 76936193
124 120 76936023
9 22 76935563
113 123 76934803
9 33 76932983
3 55 76932233
3 82 76932233
112 113 76931249
43 25 76924773
83 46 76922468
25 42 76921534
25 85 76920803
113 93 76920358
52 21 76920264
25 121 76918749
11 14 76917617
2 82 76915894
89 27 76914286
112 93 76912942
112 113 76912942
20 13 76906030
20 14 76906030
91 40 76858299
91 83 76858299
112 93 76857326
13 11 76855970
113 123 76855022
112 123 76854535
14 12 76850567
96 97 76850377
29 91 76850091
112 93 76848852
112 93 76846075
2 82 76845387
22 13 76844902
22 16 76844902
25 42 76844231
25 121 76844231
25 85 76844231
100 59 76843902
100 28 76842884
120 124 76842264
78 55 76839469
23 33 76838005
22 13 76837609
22 16 76837609
22 13 76836033
22 16 76836033
22 17 76836033
2 82 76834041
78 55 76825300
2 44 76824843
33 20 76824354
37 85 76777039
91 95 76770830
91 40 76770830
112 93 76768068
112 93 76766042
112 113 76766042
29 91 76762028
120 37 76759618
81 26 76756377
97 49 76755880
97 36 76755880
25 56 76754700
55 131 76753042
119 124 76751530
112 123 76748291
2 55 76747569
117 65 76747521
14 17 76746667
132 52 76745424
75 25 76744277
13 11 76744012
127 49 76735585
20 123 76731651
26 27 76606490
42 121 76574076
42 25 76574076
13 14 76516287
123 18 76511597
19 9 76510325
91 79 76508642
120 37 76505283
136 95 76504108
136 43 76504108
136 79 76504108
136 85 76504108
117 87 76502795
120 85 76502356
120 119 76502356
100 59 76492069
25 43 76488855
25 42 76488855
25 57 76488855
112 85 76488587
25 85 76488287
40 29 76487023
122 57 76482389
122 136 76482389
25 43 76482328
25 57 76482328
25 85 76482328
11 8 76482166
11 17 76482166
25 56 76480925
25 42 76480925
25 122 76480925
13 6 76421677
0 55 76420080
3 58 76411512
29 91 76409802
111 48 76407391
91 40 76402432
91 40 76402406
55 58 76401792
112 113 76401584
111 79 76400575
111 83 76400575
85 120 76400449
122 125 76397119
19 9 76396430
2 82 76395262
2 82 76394750
112 93 76391249
93 113 76390625
93 113 76345034
112 93 76344189
91 83 76341434
23 20 76338514
13 17 76338210
91 95 76337562
81 70 76335407
40 83 76334987
37 120 76334828
22 17 76333648
82 3 76331501
120 37 76331234
23 33 76326572
123 93 76325291
25 38 76324491
19 11 76323500
123 113 76322698
38 25 76321123
112 93 76318791
112 93 76310905
25 57 76310392
25 121 76310392
120 85 76308604
19 15 76305663
25 56 76301692
25 85 76301692
93 81 76259020
2 82 76255834
62 85 76254071
3 58 76252737
91 95 76251463
91 111 76251463
97 96 76250689
23 13 76244179
112 113 76238497
33 18 76229781
23 33 76226424
131 55 76226394
112 113 76226166
1 38 76221893
44 2 76170823
78 85 76169398
13 14 76166764
13 11 76166208
13 16 76166208
91 111 76165920
13 11 76165744
23 8 76164596
100 59 76163761
113 123 76161173
131 120 76158613
120 124 76158201
81 73 76155700
6 13 76154555
112 85 76152035
13 9 76151467
105 70 76147968
112 113 76146391
26 30 76144723
26 107 76144723
0 82 76143564
82 44 76138448
14 13 76137993
44 82 76137894
82 2 76135707
2 0 76132953
2 78 76132829
93 113 76132546
113 123 76132168
81 88 76131584
20 23 76129534
19 9 76127566
81 129 76086402
93 112 76061515
13 6 76059671
112 93 76052951
112 93 76052725
13 8 75926711
3 82 75905180
3 2 75905180
23 20 75901167
88 68 75901017
88 28 75901017
88 46 75901017
88 53 75901017
88 29 75901017
88 76 75901017
88 49 75901017
88 60 75901017
88 36 75901017
88 73 75897386
0 55 75893497
0 3 75893497
113 73 75892157
20 23 75885320
107 88 75885021
11 17 75882345
93 113 75871588
70 4 75812122
125 51 75806213
125 38 75806213
125 48 75806213
23 20 75800223
56 25 75792290
93 113 75782018
62 42 75744686
87 84 75744095
87 24 75744095
86 72 75742129
86 102 75742129
86 65 75739333
23 20 75735441
112 113 75733314
2 44 75732069
86 117 75731329
2 82 75730011
91 40 75729835
97 91 75728585
19 13 75727662
131 55 75726652
131 78 75726652
0 55 75726192
78 131 75725995
78 55 75725995
93 113 75724494
23 20 75720267
90 135 75718522
90 117 75718522
90 102 75718522
23 8 75718103
25 136 75717877
58 44 75712965
14 16 75711867
0 58 75711774
78 85 75711032
131 55 75709627
44 70 75704010
17 12 75703836
13 17 75666227
93 113 75659817
88 103 75652610
25 101 75646279
25 121 75646279
112 73 75644776
82 55 75644061
25 62 75643550
82 2 75640613
111 40 75634756
111 79 75634756
25 101 75634270
25 121 75634270
78 85 75633099
41 97 75632833
85 124 75629583
41 57 75626565
41 97 75626565
25 62 75626002
78 55 75625536
2 82 75623921
23 20 75621116
9 19 75615599
25 41 75614469
78 111 75613838
81 53 75613135
25 51 75611155
25 42 75611155
13 14 75580769
13 14 75579522
62 121 75574953
112 93 75566907
93 112 75559423
112 93 75555174
112 123 75554938
124 119 75553224
23 20 75552869
2 82 75545827
107 89 75544536
112 113 75538492
23 20 75533944
73 29 75533435
2 82 75532795
104 70 75529744
90 72 75528890
90 117 75528890
70 44 75528875
85 124 75526779
93 113 75526463
93 112 75526318
93 113 75526318
137 68 75489054
112 113 75448717
93 113 75372416
112 123 75366585
121 42 75359944
91 111 75301683
91 40 75301683
20 23 75294807
78 111 75294556
44 70 75293096
100 28 75287581
25 56 75285948
26 28 75284661
78 111 75282953
0 3 75280543
0 44 75280543
17 14 75279036
5 70 75278406
12 13 75275939
80 131 75275836
57 41 75275587
26 30 75275158
58 0 75274597
58 3 75274597
23 17 75270706
26 89 75270070
13 17 75269275
113 112 75268079
112 113 75221073
91 83 75220830
44 58 75219665
100 28 75213548
100 26 75211419
13 8 75209798
26 84 75209389
117 130 75208811
85 78 75206705
13 8 75204607
82 55 75204165
82 58 75204165
112 93 75202658
19 9 75202108
112 73 75202012
13 8 75201885
16 13 75193785
76 28 75190316
113 81 75188745
25 85 75187159
25 109 75186755
13 12 75186736
25 75 75186677
78 55 75184476
81 27 75182245
81 29 75182245
81 111 75182245
81 43 75182245
81 25 75182245
81 31 75182245
26 27 75143453
82 78 75126262
66 84 75124971
78 55 75124239
112 93 75123177
112 113 75123177
113 112 75120309
29 98 75111325
81 52 75110828
81 120 75110828
81 36 75110828
78 55 75110341
2 44 75106473
3 2 75105892
90 102 75105737
90 92 75105737
2 3 75104973
8 33 75102487
20 33 75101878
55 78 75100551
85 81 75099344
92 74 75098296
81 88 75095767
88 81 75049722
97 96 75043278
91 79 75042507
25 43 75037398
25 101 75037398
62 42 75030822
131 80 75028143
113 123 75026828
80 131 75024097
9 22 75020103
112 123 75017982
129 73 75015093
33 17 75009330
33 22 75008667
123 113 75007983
25 43 74974838
13 11 74957683
131 80 74954371
112 93 74952431
13 14 74952048
70 44 74951275
112 123 74950534
123 107 74947148
111 78 74944084
112 123 74942650
28 76 74941699
28 100 74941699
33 20 74939744
112 113 74930292
20 33 74919999
20 17 74919999
13 8 74871477
13 11 74871477
13 16 74871477
13 17 74871477
112 93 74693715
112 113 74690518
18 106 74683941
52 7 74683341
69 27 74678524
112 113 74677155
70 22 74674066
105 70 74673558
2 3 74667749
13 14 74662614
13 11 74662614
85 124 74610870
113 93 74607880
44 58 74607847
90 72 74607144
90 102 74607144
8 12 74604568
18 123 74602693
112 93 74601215
112 73 74601215
112 123 74601215
112 81 74601215
112 73 74600618
112 73 74600348
125 51 74598328
125 57 74598328
125 25 74598328
125 38 74598328
112 93 74597531
112 81 74597531
85 25 74595356
13 14 74594773
13 12 74594773
112 113 74593512
112 113 74591621
120 85 74589448
9 15 74585484
5 70 74580179
19 9 74579934
97 91 74578806
13 17 74527614
13 12 74527614
62 42 74526293
8 13 74514769
8 12 74514769
131 119 74513080
92 66 74510296
25 75 74508871
25 101 74508871
25 136 74508871
25 85 74508871
58 44 74506977
13 14 74506245
93 112 74502522
25 84 74496237
111 83 74494053
2 44 74493200
13 22 74492334
8 11 74490282
8 17 74490282
19 9 74483204
112 113 74439862
22 19 74438257
111 40 74430742
111 95 74430545
111 79 74430545
111 83 74430545
35 30 74427916
75 51 74427915
75 57 74427915
112 113 74427554
112 113 74427338
32 134 74426063
44 2 74424334
25 121 74418105
90 135 74414358
25 51 74413491
25 75 74413491
25 56 74413491
25 121 74413491
25 136 74413491
25 85 74413491
62 42 74410123
113 81 74406064
55 131 74403114
112 93 74356723
112 123 74356723
112 113 74356723
25 41 74346874
25 57 74346874
25 85 74346874
112 113 74343909
122 25 74337252
14 13 74337155
112 123 74334860
112 81 74334860
112 5 74334860
62 77 74334251
112 93 74331010
20 23 74330736
45 137 74328342
82 0 74326967
82 44 74326967
103 73 74326330
13 11 74324798
23 17 74324336
13 16 74324022
68 137 74323866
13 16 74321380
113 112 74318505
111 52 74309050
5 94 74250753
26 81 74183060
26 81 74168050
112 123 74157954
131 37 74089254
82 0 74088069
81 26 74083033
58 2 74074676
112 113 74073259
20 23 74071416
112 93 74062029
112 113 74062029
78 85 74059246
78 25 74059069
85 120 74058600
112 123 74004753
90 86 74001862
26 60 73996212
41 115 73988341
5 113 73983320
95 111 73982354
125 36 73981804
119 37 73979889
78 85 73979012
131 80 73976971
58 44 73976880
25 101 73976103
5 70 73974053
2 44 73973886
2 44 73973633
19 13 73920639
19 8 73920639
131 37 73920295
20 23 73918066
82 0 73910249
82 44 73910249
131 119 73905064
112 113 73900027
112 5 73900027
93 112 73895436
93 113 73892579
68 32 73889641
25 101 73881932
25 122 73881932
44 0 73875161
123 73 73839573
123 81 73839573
3 82 73798878
3 58 73798878
112 113 73744424
112 93 73740913
78 2 73735278
25 75 73735079
25 56 73735079
25 43 73735079
25 42 73735079
112 93 73730554
5 113 73729431
28 100 73728290
44 3 73724965
68 45 73722363
68 137 73722363
13 17 73708635
93 113 73674357
94 123 73488630
82 55 73479066
25 75 73460758
25 42 73460758
25 101 73460758
25 57 73460758
25 121 73460758
25 136 73460758
89 26 73459945
78 2 73457837
2 78 73457779
11 8 73456220
11 17 73456220
112 93 73451447
20 33 73449382
20 17 73449382
78 55 73399785
113 123 73397990
100 59 73396706
93 113 73396094
13 8 73394607
8 13 73393622
93 113 73382998
25 41 73382960
25 51 73382960
25 136 73382960
25 122 73382960
93 112 73382084
26 76 73378389
78 55 73373671
25 122 73368155
111 36 73364920
88 107 73326061
37 131 73309503
93 123 73307607
53 81 73296593
62 42 73291709
93 112 73286669
112 113 73286400
112 123 73286338
112 113 73286338
112 85 73286185
93 112 73282171
93 113 73281428
85 112 73231178
25 101 73223433
25 57 73223433
136 122 73217859
93 113 73211638
85 55 73210929
25 51 73208037
25 56 73208037
25 42 73208037
25 101 73208037
11 8 73141301
93 112 73139735
112 123 73117950
112 113 73117950
112 93 72882125
112 93 72879907
18 33 72872056
18 22 72872056
44 58 72871080
113 93 72868405
44 0 72860610
112 113 72857621
123 93 72846585
93 123 72806409
112 93 72798190
94 105 72792749
82 55 72791674
82 44 72791674
93 113 72787811
15 11 72780803
13 17 72779476
62 76 72779371
62 60 72779371
93 113 72776944
93 112 72774275
112 81 72772526
15 6 72766820
131 115 72709491
62 77 72708929
25 42 72700689
15 13 72695372
1 48 72689691
6 13 72675502
77 64 72674229
62 125 72667884
73 129 72647414
73 70 72643562
112 113 72618737
68 137 72610441
20 23 72609364
137 68 72609032
15 23 72599136
62 53 72598594
62 53 72598372
93 112 72596756
93 123 72596756
93 112 72594856
119 56 72593118
30 73 72588906
35 49 72588468
112 123 72547147
25 24 72537401
125 41 72528162
125 48 72528162
112 93 72526898
93 112 72523741
18 20 72515112
130 92 72513873
103 123 72503800
75 85 72502148
104 123 72498850
104 61 72498850
113 123 72459315
93 123 72448317
93 5 72442871
106 33 72356464
106 123 72356464
106 43 72356464
13 8 72341705
35 83 72272776
131 37 72268669
93 112 72266398
11 17 72261405
113 112 72247020
112 123 72246956
106 113 72243689
123 112 72243015
13 11 72209322
123 26 72190538
78 75 72188417
111 95 72179701
106 64 72176245
106 105 72176245
106 56 72176245
106 43 72176245
106 20 72176245
106 36 72176245
106 39 72176245
82 3 72160078
25 75 72104836
25 121 72104836
18 107 72102041
92 74 72100857
112 113 72089818
131 37 72086501
30 26 72086079
78 55 72082347
25 75 72080640
25 56 72080640
15 9 72068466
112 93 72031122
112 123 72031122
112 93 72023325
131 37 72019920
25 51 72019077
25 75 72019077
112 93 72007819
104 129 72006541
104 61 72006541
104 81 72006541
104 18 72006541
112 93 72002880
49 91 71999616
49 97 71999616
25 136 71994567
78 131 71991191
82 3 71987496
9 19 71986989
111 40 71985495
26 28 71934740
131 119 71931422
123 104 71916937
85 112 71915910
111 40 71911580
103 88 71909350
15 13 71902080
2 0 71901572
92 74 71900183
15 9 71896416
15 17 71896416
93 112 71896376
123 104 71761118
87 66 71754761
123 106 71681333
6 11 71645146
13 17 71641482
87 66 71604580
74 66 71598432
93 113 71592024
74 92 71587632
60 26 71577736
66 87 71577139
66 90 71577139
44 58 71559782
111 78 71503890
82 58 71499107
33 8 71494729
44 4 71485198
85 14 71475775
119 56 71473200
100 28 71462275
70 71 71417393
70 0 71417393
70 3 71417393
70 58 71417393
17 11 71409614
11 13 71407657
82 2 71398714
82 58 71398714
8 13 71388752
8 9 71388752
13 11 71384418
49 97 71382744
43 54 71380263
33 8 71330248
2 82 71324192
8 13 71322442
25 56 71300242
123 113 71296864
100 59 71295411
93 112 71293861
93 113 71242029
93 5 71237636
52 115 71066281
111 78 71056633
131 120 71056021
25 42 71048347
25 136 71048347
25 122 71048347
131 3 71044480
6 17 71042435
11 8 71037687
85 37 71036808
35 77 71036268
81 125 70984156
81 31 70984156
100 28 70983302
100 59 70983302
93 63 70972704
93 112 70955352
13 17 70953292
78 85 70953192
93 112 70950606
112 5 70898700
70 71 70892074
70 94 70892074
44 2 70868126
93 112 70860755
112 113 70815388
26 27 70812034
84 109 70810430
13 17 70809629
112 113 70809592
112 5 70807366
104 112 70806504
73 81 70805505
78 85 70790206
112 113 70784830
82 55 70783726
35 55 70777700
117 90 70722653
43 121 70702325
139 93 70628304
22 13 70461224
13 22 70451675
13 8 70450914
22 9 70442993
22 17 70442993
35 38 70438541
5 22 70431022
13 17 70391604
13 8 70391051
13 8 70390346
13 11 70390346
93 113 70372014
93 139 70368419
119 37 70365515
13 103 70361606
18 141 70355480
93 123 70291572
123 113 70286019
141 33 70284850
141 129 70284850
123 112 70284339
123 113 70284339
103 13 70282773
131 37 70281515
141 33 70279138
141 73 70279138
141 123 70279138
141 129 70279138
141 81 70279138
141 113 70279138
141 107 70279138
141 88 70279138
25 75 70276100
25 43 70276100
25 101 70276100
25 121 70276100
139 85 70262811
113 93 70260981
113 123 70260981
13 8 70258751
13 11 70258751
85 37 70254320
86 90 70236974
82 55 70202785
82 55 70202609
37 85 70201512
103 129 70200290
25 51 70189442
25 43 70189442
19 9 70177963
26 27 70168815
112 113 70120073
77 64 70118522
25 43 70116991
25 121 70116991
81 27 70116642
81 30 70116642
81 43 70116642
81 120 70116642
81 84 70116642
81 85 70116642
81 38 70116642
139 62 70116458
13 8 70112848
13 11 70106076
139 76 70102726
139 30 70102726
112 113 70102020
6 23 70092768
25 101 70092606
139 93 70091651
6 11 70090524
25 43 70088395
25 122 70088395
19 9 70079699
112 113 70076940
37 85 70026656
92 66 69865854
92 87 69865854
15 19 69859343
131 55 69858676
92 74 69855054
92 87 69855054
9 19 69854052
13 17 69853427
111 78 69853220
92 74 69844720
92 130 69844720
78 55 69841917
13 8 69836750
22 33 69836243
22 18 69836243
22 17 69836243
6 8 69834618
97 49 69832040
112 5 69778213
9 112 69771660
20 23 69769509
131 55 69769155
92 66 69757824
112 113 69751380
112 9 69751380
112 17 69751380
131 55 69750663
123 104 69738855
112 9 69736500
112 17 69733380
112 81 69731640
112 103 69691796
112 30 69691796
112 28 69673740
44 82 69664169
123 106 69603608
19 12 69584009
117 130 69580827
131 115 69578991
139 93 69572790
139 59 69572790
43 121 69568365
100 28 69566638
112 81 69557700
95 111 69503932
107 55 69489575
13 17 69483434
112 93 69440248
112 81 69319375
112 93 69318040
112 73 69301320
112 113 69301320
93 81 69250803
82 2 69249943
44 2 69245653
68 128 69238488
44 94 69232378
139 93 69225226
139 59 69225226
37 131 69224758
112 81 69209280
112 113 69209280
113 112 69177900
44 2 69154154
37 131 69149504
8 11 69146589
117 130 69143725
112 113 69137220
112 113 69121200
112 113 69094260
112 113 69072660
26 113 69071490
70 37 69058307
70 5 69058307
82 2 69056162
40 111 69049922
139 100 68992469
95 91 68991388
111 91 68990612
131 37 68981693
85 112 68943780
25 121 68905690
25 85 68887862
25 122 68887862
112 81 68665440
112 81 68647482
112 113 68647482
13 8 68640753
112 81 68629440
112 113 68629440
44 70 68629292
8 13 68624202
19 9 68567845
70 71 68554288
70 37 68535062
70 94 68535062
70 5 68535062
78 131 68475007
68 32 68457310
112 113 68404020
112 113 68389080
139 69 68378040
100 28 68354267
113 112 68349720
112 113 68349600
112 81 68329200
112 113 68323380
112 113 68309340
95 111 68294417
112 113 68293200
112 113 68287380
112 113 68273520
15 19 68268405
112 73 68244600
112 113 68055720
113 73 68055420
113 73 68054940
113 81 68054940
112 113 68046540
112 113 68043660
55 131 68020769
112 113 68010540
112 113 68002920
112 113 68002500
112 113 67965720
84 109 67782324
137 100 67775510
100 59 67764929
26 28 67763132
6 8 67760973
6 11 67760973
8 17 67758281
139 59 67696243
139 137 67696243
26 81 67692711
74 92 67683124
13 8 67672512
3 82 67665675
3 0 67665675
132 81 67442640
11 13 67414642
55 37 67414382
112 113 67401240
82 55 67342001
37 120 67329595
36 53 67259844
36 54 67258387
36 80 67258387
36 125 67258387
78 25 67247259
66 24 67246488
92 66 67193434
92 130 67193434
112 113 67141140
81 113 67091460
20 33 67073580
111 43 67059917
81 73 67055460
81 29 67055460
112 113 66858180
112 113 66822180
82 2 66804309
19 9 66761940
139 59 66741846
139 100 66741846
112 113 66733800
112 17 66729060
90 74 66725412
74 90 66725058
103 73 66658398
55 131 66654301
112 113 66646260
43 121 66642120
139 60 66577181
37 115 66575736
139 59 66567868
139 100 66567868
100 63 66565218
30 27 66470389
77 64 66459596
11 17 66457401
5 71 66321656
92 74 66219420
139 59 66207644
143 144 66177960
143 131 66105240
143 131 66093300
77 35 66030643
13 11 66026219
111 73 66019908
143 131 66015660
26 27 65973640
26 134 65973640
49 96 65968349
111 129 65959415
143 78 65939280
112 113 65926200
131 78 65858400
91 111 65624344
144 143 65598360
145 3 65597640
11 17 65595519
143 144 65569980
19 15 65556540
91 83 65541739
71 145 65525580
82 58 65518560
0 82 65507760
82 2 65494080
61 73 65490780
0 2 65489160
71 145 65455620
2 82 65449080
13 8 65418676
112 113 65416140
131 143 65415120
4 144 65409660
40 79 65357823
40 111 65356010
81 29 65348078
3 0 65339700
3 58 65339700
44 81 65338380
145 3 65331960
2 82 65326320
131 144 65325360
143 144 65322960
0 2 65317260
13 11 65280768
91 95 65279005
92 74 65271886
44 18 65266537
136 62 65262182
111 83 65258866
69 32 65250755
2 82 65247840
116 73 65246882
0 58 65243940
85 37 65236320
0 82 65236080
144 143 65230620
37 120 65041200
91 83 65024184
26 30 65014453
138 38 65005921
36 53 65004087
37 78 65002860
1 138 65000874
37 85 64997700
82 2 64994340
72 92 64983420
112 113 64980420
72 135 64978195
58 3 64969380
91 111 64935855
15 8 64925040
2 145 64916580
112 113 64915320
145 2 64905240
116 26 64898221
82 0 64885020
85 37 64847160
37 85 64835022
58 2 64826280
2 82 64823580
112 113 64815120
119 131 64812480
119 120 64812480
85 37 64808460
120 37 64804620
145 71 64797180
85 37 64767300
85 37 64765200
71 145 64757940
15 8 64754340
112 113 64752780
112 113 64752480
2 145 64744920
112 113 64739400
113 112 64733280
125 53 64732363
85 37 64731300
116 28 64728947
116 38 64728947
0 55 64727640
91 111 64414626
91 79 64414626
29 98 64407329
29 129 64407329
29 83 64407329
29 38 64407329
29 36 64407329
131 78 64397880
143 144 64358580
136 25 64316547
136 95 64308931
57 41 64308634
138 1 64303959
2 55 64303860
111 91 64291908
111 83 64291725
0 2 64285800
0 2 64285500
66 87 64250604
113 112 64232700
1 53 64227241
107 129 64220032
112 104 64217820
112 104 64213080
145 2 64209660
58 3 64208040
2 82 64202160
91 40 64157509
37 78 64148160
18 17 64144440
116 1 64139216
116 46 64139216
116 7 64139216
116 111 64139216
116 77 64139216
116 38 64139216
116 87 64139216
116 127 64139216
52 41 64135724
52 132 64135724
52 7 64135724
91 95 64133579
91 95 64133255
90 4 64126500
1 53 64126246
90 4 64125120
97 75 64123526
112 113 64121220
71 145 64118400
0 2 64113840
131 143 64113120
145 2 64108440
131 4 64073940
37 85 64070400
37 131 64064400
112 113 64060500
143 78 64053780
145 2 64053240
71 58 64048800
94 105 64039452
97 75 64038934
112 113 64036800
0 58 64030140
37 131 64028400
112 113 64025400
4 90 64023180
37 131 63798660
131 119 63794280
3 2 63779820
3 0 63779820
3 145 63779820
4 90 63776820
112 113 63773820
112 24 63773820
112 9 63773820
37 131 63762660
113 98 63720463
37 85 63720000
18 17 63715860
57 122 63714383
113 18 63707160
113 98 63702420
22 145 63701700
113 106 63689214
3 0 63688440
58 2 63687480
37 85 63684000
62 85 63643500
145 71 63642720
13 11 63638827
116 81 63631935
2 58 63628020
3 2 63622620
58 82 63616020
58 82 63611700
37 78 63609720
53 97 63609259
68 32 63596460
2 0 63592020
0 55 63591240
119 131 63588840
119 37 63588840
119 131 63587160
119 37 63587160
71 110 63563760
18 9 63547500
95 91 63538668
71 110 63523920
2 55 63523860
145 58 63521640
145 71 63511740
37 71 63510720
112 113 63508740
131 119 63503460
4 144 63501000
112 113 63453660
37 120 63450900
136 62 63448080
131 119 63441240
4 71 63428580
78 37 63426480
78 85 63426480
37 78 63420480
113 112 63285360
57 41 63202980
50 121 63193546
121 50 63192807
1 49 63188640
131 143 63184440
112 113 63177420
0 58 63174900
58 2 63174180
58 3 63174180
62 31 63168420
57 41 63166980
1 49 63152640
111 95 63103860
37 120 63101340
112 113 63101340
146 48 63099420
131 144 63088560
95 91 63068220
1 21 63016620
132 52 63012647
131 144 63004740
58 111 63004440
111 78 63003720
111 78 63003540
37 85 62991840
111 78 62951160
38 49 62949420
112 113 62933040
111 78 62926800
45 68 62921700
111 78 62917080
111 78 62915160
4 71 62913360
4 71 62898000
18 17 62872500
1 38 62867220
136 139 62856900
81 71 62856780
81 4 62856780
81 32 62856780
121 42 62839391
116 28 62824776
116 85 62824776
58 95 62819460
112 113 62812500
145 2 62812200
57 41 62608740
11 8 62573010
11 17 62573010
57 41 62570580
57 139 62565720
78 143 62558760
111 83 62554740
91 95 62554560
91 40 62554560
25 56 62511780
141 120 62487540
113 81 62430720
1 126 62429520
116 52 62424560
116 81 62424560
116 27 62424128
116 81 62424128
116 98 62422995
116 85 62422995
1 126 62421960
71 145 62383920
18 9 62349180
92 74 62334720
92 74 62334480
104 113 62329080
111 83 62325840
112 113 62324580
18 33 62324280
136 139 62324040
0 58 62322660
58 82 62322540
58 2 62322540
58 0 62322540
58 82 62321160
18 9 62313180
0 55 62291700
18 33 62288280
136 109 62267340
81 35 62266560
81 85 62266560
105 94 62251457
81 52 62248602
116 29 62241793
4 90 62240940
116 29 62239446
104 113 62237820
3 58 62236080
3 145 62236080
58 82 62235180
73 81 62228460
143 120 62211780
72 102 62188260
71 145 62127780
104 112 61984680
20 17 61982621
58 71 61974660
58 144 61974660
131 144 61970160
4 90 61969620
0 3 61968600
112 113 61962780
122 78 61962420
57 56 61960320
57 41 61956300
138 79 61954800
112 113 61950060
4 90 61947000
18 20 61942920
25 147 61907580
112 113 61892280
139 6 61885425
116 73 61879493
145 0 61879260
145 3 61879260
117 109 61871700
117 24 61871700
40 111 61834740
116 111 61824118
116 111 61821938
139 11 61813974
139 22 61811610
117 63 61803060
58 29 61800300
40 95 61798740
40 111 61798740
40 79 61798740
40 83 61798740
104 112 61796520
112 113 61790100
0 2 61785840
144 55 61778580
25 109 61774200
1 21 61771860
1 138 61735500
40 95 61731780
112 113 61715220
122 57 61711440
122 25 61711440
2 0 61691640
145 3 61687020
145 58 61687020
88 81 61660860
38 1 61655040
38 21 61655040
116 85 61652033
38 126 61650660
38 21 61650660
121 136 61648820
18 20 61629600
0 2 61629540
58 0 61626660
88 81 61624860
58 3 61621380
38 126 61619040
38 48 61619040
145 58 61617300
116 73 61617088
38 47 61614660
145 0 61614240
37 85 61607880
58 55 61603860
78 2 61599060
116 85 61574096
11 6 61395194
11 8 61372904
131 55 61372500
3 55 61371660
3 2 61371660
3 145 61371660
112 113 61355340
2 55 61354680
0 2 61354500
2 0 61353480
145 2 61341420
141 73 61321860
141 20 61321860
78 143 61302720
111 40 61300860
78 143 61299900
2 145 61283400
105 22 61282320
1 38 61282020
0 55 61279920
0 58 61279920
131 55 61273380
2 0 61271640
112 113 61269180
37 85 61256100
1 21 61253820
25 136 61218540
8 11 61215812
78 55 61212360
23 6 61193334
23 8 61193334
143 131 61187640
2 3 61174800
3 2 61167000
72 86 61164300
6 22 61128899
116 35 61121159
58 82 61112760
112 113 61112640
120 37 61103760
122 57 61100580
143 144 61100580
0 55 61088100
0 2 61088100
0 3 61088100
0 58 61088100
0 145 61088100
145 2 61082760
18 32 61077420
40 95 61039440
57 139 61035120
37 120 61030680
37 85 61030680
55 143 61030500
55 131 61030500
58 82 61026300
145 2 61018560
145 58 61015800
2 0 61011000
145 2 61008540
2 58 61001820
37 85 61000680
85 37 61000320
57 56 60997620
92 130 60799800
145 0 60761700
145 3 60761700
145 58 60761700
139 15 60759180
139 19 60759180
139 9 60759180
139 11 60759111
37 85 60719280
92 130 60706320
139 136 60691980
139 6 60671109
2 3 60649200
2 3 60649140
57 25 60644400
88 81 60607080
88 81 60605400
112 113 60596160
3 2 60587040
3 58 60587040
58 82 60582900
145 0 60582660
2 0 60582120
116 73 60577931
74 130 60551460
37 85 60514620
58 82 60508620
131 37 60502920
57 56 60493020
3 55 60488460
37 131 60485220
85 37 60484740
111 40 60472980
20 23 60427708
53 81 60427380
91 40 60426780
37 85 60425100
2 145 60424560
71 145 60417840
37 85 60417720
85 37 60416520
58 82 60415980
57 41 60415440
41 57 60415260
37 85 60412560
41 57 60401640
71 145 60400620
37 85 60397920
112 113 60396660
58 95 60393480
58 111 60393480
112 113 60265860
92 74 60171780
105 14 60161485
41 132 60155460
11 8 60153336
112 113 60151200
131 78 60150900
143 78 60146880
113 112 60141900
37 120 60136860
139 112 60133740
55 143 60131760
143 144 60131580
25 81 60094080
78 2 60081060
0 3 60075060
0 58 60075060
144 2 60074880
105 106 60072898
0 2 60065940
143 144 60050100
78 2 60045060
88 81 60032460
143 78 60030240
92 74 60004320
2 0 59989020
37 119 59981760
18 20 59981280
47 110 59896020
37 120 59894220
111 78 59886000
58 82 59878500
58 0 59878500
2 145 59873400
57 25 59870040
57 25 59869980
58 82 59815920
38 48 59812140
71 94 59797500
61 81 59793420
88 81 59580660
116 73 59566491
116 81 59566491
112 113 59559300
9 113 59553840
9 12 59553840
11 6 59553837
94 71 59551980
95 40 59549940
40 83 59545740
131 78 59542620
88 81 59541060
112 113 59533740
0 2 59530500
0 3 59530500
22 6 59529180
78 143 59477520
58 145 59453940
82 58 59438760
58 82 59438340
143 131 59437860
85 37 59436420
143 131 59435340
139 22 59379573
55 78 59375580
112 113 59359140
91 95 59358420
3 0 59354520
55 131 59351640
18 88 59328300
143 55 59300760
57 41 59293380
2 3 59290740
139 22 59290366
58 2 59274180
22 17 59271660
22 9 59264340
55 131 59262900
25 56 59229360
11 6 59208589
117 66 59208120
0 58 59202900
37 120 59196660
143 131 59196360
131 55 59187780
117 92 59186760
92 117 59186040
57 41 59179380
22 17 59141100
20 23 58967057
0 55 58948920
117 130 58941540
112 22 58938060
112 9 58938060
112 139 58938060
95 40 58937280
95 79 58937280
149 66 58928220
149 87 58928220
92 149 58918140
85 120 58863600
144 131 58852860
144 131 58843440
145 2 58838040
112 113 58784400
148 149 58776840
95 91 58774560
95 91 58772700
131 55 58770060
112 113 58756560
57 56 58753200
58 82 58751700
1 126 58745520
61 81 58701180
112 113 58697940
25 51 58689660
145 2 58676160
112 149 58667820
57 142 58657980
57 121 58657980
57 139 58657980
81 53 58647240
112 113 58618620
37 131 58605600
81 53 58603200
112 149 58591380
120 37 58579200
3 0 58576560
58 0 58339740
112 113 58329840
112 113 58328400
145 0 58260000
145 2 58259940
71 58 58259820
145 2 58258200
145 0 58258200
1 47 58257240
112 149 58256220
8 11 58253942
145 0 58240680
25 57 58191960
25 120 58190460
112 24 58186740
58 2 58180380
58 2 58177200
78 143 58171320
143 78 58171260
117 86 58157700
0 2 58156500
11 6 58098991
37 85 58095180
131 143 58090380
131 55 58087740
145 2 58075680
2 3 58075320
113 112 58069140
131 85 58065960
117 24 58061340
8 6 58023769
131 143 57993840
58 2 57986400
58 145 57986400
25 57 57981540
149 112 57975180
149 24 57975180
58 3 57973500
92 149 57972420
149 112 57972180
22 20 57969240
143 144 57966720
1 21 57819240
1 47 57816240
88 81 57743580
22 33 57742320
3 55 57731340
38 146 57727200
66 117 57725820
71 94 57725520
21 1 57721800
143 78 57656760
117 109 57648180
112 113 57635040
25 57 57588180
139 17 57587556
112 113 57570000
57 41 57563940
145 0 57552120
145 3 57552120
2 82 57551820
0 2 57542280
58 82 57540420
145 58 57539340
2 145 57539340
117 109 57481800
112 113 57462240
112 24 57462240
58 82 57454920
83 40 57452520
25 42 57415080
25 122 57414900
112 113 57399780
92 109 57397860
22 15 57394560
58 0 57377700
58 3 57377700
58 2 57377640
58 0 57377640
3 145 57376980
112 113 57376140
37 120 57371520
112 24 57294180
112 113 57126000
20 23 57125291
58 2 57102720
113 112 57101580
139 8 57064037
139 11 57064037
149 113 57052680
149 24 57052680
117 109 57048660
145 2 57034860
57 139 57029700
66 117 57029220
92 66 57027960
92 117 57027960
0 2 57026400
57 139 57025440
143 131 57022920
85 78 57022500
112 113 56970960
117 24 56966640
2 0 56963520
112 22 56962320
112 113 56962200
112 149 56945280
117 109 56944200
117 114 56944200
0 2 56938440
38 146 56934720
38 48 56934720
51 57 56930160
112 22 56888640
111 29 56885460
58 82 56880300
112 113 56873340
57 121 56866980
0 2 56858220
2 58 56852160
95 91 56851740
58 2 56851140
9 33 56785027
116 111 56779451
116 111 56734500
22 15 56557368
22 11 56557368
139 6 56554978
139 11 56554978
139 11 56546916
112 113 56537340
112 113 56532420
112 24 56531700
58 29 56530020
112 113 56528160
143 55 56526480
57 42 56526240
57 136 56526240
37 126 56525040
37 120 56509620
2 58 56505000
58 82 56504760
116 62 56477518
2 0 56447520
139 6 56447199
112 113 56439000
66 149 56436300
112 24 56433540
120 37 56428860
2 0 56420220
120 37 56418300
1 21 56417160
149 112 56416680
112 113 56381100
8 11 56360760
143 144 56357520
57 64 56344920
0 3 56342400
0 145 56329260
139 11 56286300
139 17 56286300
112 24 56285640
20 23 56280780
2 0 56270940
149 112 56268840
149 42 56268840
112 24 56253420
120 37 56252640
145 2 56250720
99 139 56245140
2 0 56243880
55 2 56155500
22 112 55953540
22 9 55953540
112 113 55943580
112 24 55942920
117 109 55928640
117 114 55928640
117 87 55928640
2 55 55917660
37 120 55915380
37 120 55907460
99 139 55902780
117 114 55901580
120 37 55897980
91 95 55888920
11 6 55875240
20 23 55852620
112 71 55843080
120 37 55839360
111 29 55833180
11 8 55832040
11 17 55832040
149 112 55829520
79 81 55828140
79 146 55828140
79 38 55828140
79 139 55828140
149 25 55827360
149 107 55827360
112 24 55821900
2 0 55819440
58 2 55814040
149 112 55813980
149 113 55813980
149 107 55813980
149 24 55813980
22 139 55812480
112 113 55809420
37 131 55757940
0 2 55752780
131 143 55747800
92 87 55747020
112 113 55744560
71 145 55739340
37 120 55734480
51 25 55730520
112 113 55726560
25 136 55693500
58 0 55668540
58 3 55668540
2 3 55665360
2 58 55665360
57 56 55654860
58 82 55653360
112 113 55646640
57 139 55646100
112 139 55645620
99 91 55639380
111 91 55635540
2 145 55591440
22 139 55586100
131 143 55581480
58 145 55570260
58 3 55560120
2 0 55558860
58 144 55555800
0 2 55555260
0 58 55555260
0 145 55555260
148 66 55549800
148 74 55549800
148 140 55549800
148 87 55549800
99 139 55542960
72 74 55498920
72 102 55498920
112 139 55421640
58 82 55326000
2 58 55322820
120 78 55318260
117 92 55311480
112 113 55300980
111 95 55291740
22 6 55234860
22 139 55234860
112 24 55229880
117 109 55229760
57 41 55222380
2 0 55221660
92 117 55215540
149 42 55214040
149 25 55214040
149 24 55214040
2 0 55211040
112 113 55166220
58 82 55151940
2 55 55145400
2 3 55144920
111 61 55126140
22 9 55066920
25 57 55066800
22 139 55065900
112 113 55051080
116 77 54992292
58 82 54981600
111 95 54978240
112 113 54976380
113 112 54973500
2 0 54960360
2 3 54960360
2 58 54960360
2 145 54960360
1 21 54953760
58 145 54949560
116 111 54924882
140 92 54845580
149 25 54757380
149 107 54757380
11 17 54740280
112 113 54730080
99 35 54717600
79 88 54710160
11 6 54697080
2 0 54694860
22 139 54686940
139 17 54672540
22 139 54634260
131 144 54611040
37 120 54608940
88 73 54607320
58 82 54606840
149 107 54603360
22 9 54602400
0 2 54600600
22 9 54566580
58 0 54544980
112 24 54543360
91 95 54538740
117 114 54531900
58 2 54516900
58 145 54516900
91 111 54514920
11 15 54514740
22 20 54462840
22 139 54462840
22 23 54462840
107 88 54455460
143 131 54453240
112 24 54450960
2 58 54439380
25 51 54423780
2 55 54378240
112 113 54373620
22 6 54359820
22 17 54359820
120 37 54347880
112 113 54300840
0 58 54112740
139 112 54105900
22 139 54093060
11 8 54092880
22 9 54091560
41 57 54089100
2 3 54021600
92 149 54014760
136 56 54010080
136 42 54010080
136 139 54010080
136 122 54010080
112 113 54006720
112 113 54001320
58 82 54001020
41 57 53994720
2 145 53946480
111 29 53943840
58 3 53938200
2 145 53930160
112 113 53921100
2 58 53919540
2 0 53858580
58 3 53854380
139 112 53852460
112 139 53852160
2 0 53850480
58 145 53847540
92 149 53832960
112 113 53832660
112 24 53832600
112 24 53832060
61 88 53770560
112 113 53768040
144 143 53761020
81 88 53749500
38 25 53738280
38 48 53738280
99 91 53729040
112 9 53657940
57 25 53500380
11 8 53498640
58 81 53428380
22 9 53425860
22 17 53425860
9 112 53408940
117 102 53407620
149 107 53314860
149 24 53314860
72 102 53300520
57 25 53253720
142 136 53224680
58 82 53221620
25 85 53152260
22 20 53137320
113 112 53067000
131 143 52907580
117 102 52894920
131 143 52886880
112 113 52828200
112 24 52828200
111 95 52810260
139 11 52810260
1 126 52809600
2 145 52806480
143 131 52725720
131 55 52723380
41 57 52710180
55 143 52704300
112 113 52665060
112 113 52664940
2 0 52638060
143 122 52621620
58 81 52616880
143 78 52615860
1 126 52610160
55 131 52607940
78 143 52551240
9 113 52549920
47 110 52546320
47 110 52545780
112 113 52456860
58 82 52291500
41 57 52272060
92 130 52269960
0 2 52267620
0 58 52267620
112 113 52223640
117 66 52219080
112 113 52137660
112 24 52137660
112 113 52133820
117 24 52128900
64 142 52117080
112 24 52113180
112 113 52109220
40 38 52104420
112 24 52041660
2 0 52018380
25 136 51964560
112 24 51677040
25 136 51624900
25 147 51624900
2 58 51612240
58 82 51608220
2 3 51577440
112 24 51535800
22 19 51519240
22 17 51500580
25 51 51489780
25 122 51489780
112 17 51414840
112 139 51414840
22 139 51078180
21 1 51070200
117 114 51007380
117 24 51006420
2 3 51006300
92 117 51002280
21 1 50982840
112 113 50979540
58 0 50978040
112 113 50917560
57 64 50914320
2 3 50904660
112 148 50900820
112 149 50900820
112 149 50900640
58 2 50897640
2 3 50886540
117 92 50885220
1 138 50882220
113 112 50837640
37 120 50826360
112 149 50813760
112 113 50812920
88 49 50811660
58 82 50802660
22 139 50802660
149 112 50741700
149 24 50741700
149 113 50740080
149 9 50740080
111 29 50738940
122 56 50731080
112 148 50730900
22 33 50727240
37 120 50718420
117 72 50711340
2 0 50488140
37 120 50487720
58 29 50475360
37 120 50465760
22 9 50457420
22 139 50453340
22 20 50400240
22 17 50400240
47 146 50393520
148 63 50389860
148 102 50389860
148 92 50389860
148 66 50378520
148 117 50378520
148 149 50378520
112 113 50378220
58 145 50375760
117 72 50369460
25 56 50330220
112 149 50320920
104 18 50315700
37 120 50315400
92 87 50310540
92 114 50308920
112 24 50296860
9 18 50296380
112 113 50294220
104 105 50291820
9 18 50291760
9 17 50291760
112 113 50288940
139 91 50288400
2 145 50288100
148 102 50283600
148 87 50283600
148 90 50283600
120 37 50282040
81 94 50280900
20 23 50259360
112 113 50233140
2 58 50229960
112 113 50227800
92 66 50221080
112 113 50220540
20 33 50219520
2 58 50218140
104 33 50217600
104 20 50217600
104 73 50217540
104 141 50217540
104 81 50217540
104 61 50217480
104 107 50217480
112 149 50217180
20 23 50216160
20 23 50213820
112 148 50206380
8 9 50206020
8 17 50206020
8 22 50204940
112 139 50204640
125 122 50201820
9 33 50199060
9 17 50199060
0 3 50197860
149 112 50196480
139 136 50194860
8 22 50136900
8 17 50136900
1 126 50135280
149 66 50129100
149 109 50129100
149 87 50129100
112 149 50123700
149 109 50120580
149 24 50120580
149 87 50120580
149 66 50120160
149 84 50120160
149 87 50120160
68 76 50119680
68 45 50119680
68 76 50119020
149 148 50116620
112 113 50115180
0 145 50112780
2 3 50111700
0 2 50109240
94 71 49879320
17 8 49875660
139 9 49874700
49 75 49874220
139 8 49870860
139 17 49870860
58 0 49867260
9 33 49856880
58 29 49852140
18 9 49847880
139 17 49788960
112 113 49788600
112 9 49788600
58 3 49780620
112 113 49776360
0 58 49769880
71 94 49701960
94 71 49701180
2 0 49698960
92 87 49695660
9 18 49687440
8 22 49686720
1 21 49686600
41 57 49685460
2 3 49681380
22 139 49680000
41 57 49678200
22 17 49618080
22 139 49618080
58 0 49616640
58 3 49616640
8 17 49607160
58 82 49590660
91 49 49586580
9 22 49554420
9 12 49554420
1 21 49527660
6 8 49522140
6 11 49522140
82 58 49504440
22 8 49501800
24 112 49433760
112 113 49284480
0 2 49270380
0 145 49270380
104 141 49267740
104 107 49267740
104 20 49267740
8 17 49266720
8 139 49266720
8 17 49265700
8 11 49256280
6 11 49255380
11 6 49251300
22 139 49244580
112 113 49192980
2 58 49183860
58 0 49182960
58 3 49182960
113 112 49180680
58 144 49174140
148 113 49172400
0 2 49171500
0 3 49171500
0 58 49171500
112 113 49170120
0 2 49165980
139 25 49121220
111 29 49105860
22 33 49101180
2 3 49097520
139 22 49093920
23 9 49086840
131 144 49085880
17 139 49073460
25 136 49037940
23 20 49019880
117 92 49014660
2 3 49004880
149 112 49004700
149 109 49004700
149 84 49004700
112 113 49002420
9 22 49001940
9 12 49001940
61 73 48999420
11 6 48994020
11 17 48994020
22 6 48990360
22 17 48989040
58 145 48987720
58 0 48986460
22 17 48933240
2 0 48930600
0 2 48928920
58 2 48925080
58 81 48909540
112 139 48502860
149 112 48480660
139 22 48480420
20 18 48477960
113 112 48477360
112 149 48477120
112 113 48471960
149 24 48403920
149 24 48401280
55 143 48397440
148 112 48394920
148 113 48394920
148 112 48390000
139 8 48388500
112 149 48386760
139 22 48386460
68 76 48377820
112 24 48331800
88 81 48324720
22 139 48323820
68 76 48313980
68 137 48313980
22 139 48305700
99 35 48305400
18 9 48303120
82 58 48300720
11 6 48295380
139 22 48294480
9 22 48253680
1 21 48222720
1 138 48222720
131 143 48068580
148 113 48063780
56 57 48049140
56 25 48049140
148 66 48047340
148 74 48047340
148 102 48047340
148 84 48047340
91 95 48043800
58 82 47976480
58 29 47966280
0 55 47961360
122 142 47961120
112 149 47960160
145 2 47958900
2 145 47947680
112 113 47901840
58 0 47890380
82 3 47889900
58 3 47889480
139 17 47884800
6 22 47883480
136 139 47877840
29 73 47874000
112 113 47871780
78 117 47869440
81 29 47862300
81 58 47862300
20 23 47859300
139 95 47832060
82 58 47805060
61 94 47793300
2 0 47791740
143 34 47791440
57 122 47788560
68 76 47779620
68 45 47779620
2 0 47777940
131 143 47720100
92 66 47718120
41 57 47714460
58 29 47711760
57 75 47710800
57 41 47706660
148 112 47457120
58 144 47453220
82 58 47450880
1 21 47438820
18 20 47438460
58 144 47432220
0 2 47375400
111 91 47370420
58 94 47360520
112 139 47356680
0 2 47344260
37 1 47295240
47 110 47284260
148 72 47282040
148 130 47282040
148 149 47282040
148 109 47282040
148 140 47282040
37 1 47269380
58 82 47197620
58 144 47197620
112 113 47195940
58 0 47192940
58 3 47192940
148 149 47189580
57 64 47189280
58 82 47115480
41 57 47112900
143 85 47101680
112 149 47097660
148 112 47094780
6 11 47089680
25 136 47039220
58 144 46858740
2 3 46857360
2 58 46857360
11 6 46853160
2 3 46851000
149 113 46773300
2 145 46770840
2 0 46770660
2 3 46770660
120 37 46768500
149 112 46755360
0 145 46743840
95 139 46736760
58 82 46682700
0 55 46677480
0 3 46677480
0 58 46677480
58 2 46673520
149 112 46671180
112 149 46669800
58 144 46597800
58 29 46596900
112 113 46596780
58 82 46592100
58 0 46592100
82 3 46591920
148 64 46585200
148 117 46585200
148 130 46585200
148 102 46585200
148 109 46585200
148 140 46585200
148 90 46585200
145 71 46578660
38 138 46571700
8 15 46570680
58 82 46568640
41 57 46565880
41 57 46564440
58 144 46510620
22 139 46506480
145 71 46501920
41 57 46487700
2 0 46485600
0 3 46484820
0 145 46484820
0 58 46252680
58 2 46247460
113 112 46232100
131 144 46229580
58 144 46229340
23 20 46228440
9 113 46228320
9 139 46228320
61 105 46221720
61 141 46221720
149 112 46163400
2 0 46159620
149 113 46156020
58 144 46151160
148 112 46142820
148 149 46142820
2 3 46141680
2 58 46141680
6 15 46141260
139 112 46139280
112 139 46139040
58 82 46134240
58 144 46081680
148 149 46071660
8 22 46069380
8 11 46069380
38 47 46063920
144 58 46052580
2 3 46049820
2 58 46047840
112 113 45999120
91 40 45993120
111 29 45992160
112 148 45987960
58 145 45983880
148 149 45979500
57 41 45972300
57 139 45972300
57 49 45968760
95 91 45961380
1 21 45894180
1 48 45894180
81 29 45884280
2 0 45878940
2 0 45875640
112 113 45641220
144 143 45639780
112 113 45633240
37 120 45555360
22 12 45543960
2 111 45538080
58 2 45533160
139 136 45532080
22 33 45462960
58 82 45456600
58 81 45443760
25 136 45390600
25 147 45390600
58 2 45382980
58 0 45381600
0 55 45380100
58 2 45374520
58 144 45372420
38 146 45369900
112 149 45363660
112 24 45311220
2 144 45297900
58 82 45296880
58 2 45278940
57 56 45276420
99 49 45272460
58 144 45042300
0 55 45040980
0 2 45037980
0 145 45037980
149 112 45036540
112 149 45022140
55 0 45019380
22 6 45019320
22 139 45019320
112 149 45016860
41 57 44953980
1 21 44950800
112 149 44948400
112 139 44948100
112 113 44941680
112 149 44928840
38 48 44914920
112 139 44869320
41 57 44841300
58 82 44841000
95 91 44838300
58 82 44787300
112 113 44786100
71 4 44783520
113 112 44783280
82 58 44780040
82 58 44779020
1 138 44773860
81 73 44755380
58 82 44749140
112 113 44685720
149 112 44679180
139 9 44675340
58 84 44671500
131 143 44669340
0 2 44668140
58 82 44666760
58 144 44666760
149 113 44344080
139 22 44341980
149 113 44339040
47 38 44336700
120 37 44264340
2 3 44257860
2 145 44257860
2 58 44254800
112 113 44235420
58 145 44172480
111 95 44165820
120 37 44159760
120 119 44159760
120 37 44154600
105 106 44105040
111 83 44073540
41 57 44067960
120 37 44064420
149 113 44061300
112 113 43835940
1 21 43827660
58 2 43822860
149 112 43813080
22 139 43808040
112 139 43805700
38 25 43797540
112 139 43754880
2 0 43747800
58 82 43743120
2 145 43718880
58 2 43716720
2 111 43666740
58 2 43666560
41 146 43642080
58 0 43630320
41 57 43628280
58 145 43577580
2 0 43575660
58 2 43565520
0 2 43553520
2 0 43553520
112 139 43547640
1 21 43542480
58 82 43483440
41 57 43473180
1 138 43468920
22 139 43461660
82 0 43219620
82 58 43219620
6 17 43205520
1 138 43203600
58 2 43195740
58 82 43194780
126 1 43148760
139 6 43141020
139 11 43141020
1 38 43128000
41 57 43122720
22 8 43117200
126 38 43109520
126 48 43109520
131 143 43032720
131 144 43032720
131 38 43027500
58 82 42964740
131 120 42957480
139 11 42948960
38 131 42940620
58 144 42882720
139 136 42878100
119 120 42876180
57 41 42871620
58 2 42871320
41 57 42871020
2 58 42861000
149 24 42607800
8 17 42601440
2 3 42595140
58 82 42537000
139 17 42536820
112 149 42454500
57 64 42435060
58 82 42420780
41 57 42418500
82 58 42367740
58 82 42366480
139 112 42357900
38 132 42347280
139 136 42339480
58 27 42339240
58 84 42339240
58 82 42334620
149 71 42274200
57 56 42246420
25 136 42203400
25 136 42203220
149 90 42021720
112 113 42003360
112 113 41998560
58 82 41995500
149 113 41995260
148 112 41983500
60 76 41921520
41 57 41907240
0 58 41905200
2 58 41851980
1 21 41841960
145 71 41841480
1 126 41837760
0 58 41837040
58 145 41825880
149 24 41768520
112 22 41763780
112 22 41763060
58 144 41757840
22 139 41745000
146 41 41738460
41 146 41737140
58 2 41732640
2 0 41731680
139 11 41410440
58 82 41409480
58 144 41409480
112 113 41404500
139 9 41403420
112 113 41401740
37 139 41391600
125 41 41315460
125 142 41315460
1 138 41314320
22 6 41304360
139 136 41239140
58 144 41237400
1 138 41234160
1 21 41233800
144 143 41232120
58 0 41225940
58 3 41225940
149 113 41222340
1 34 41219220
38 146 41217480
9 19 41215260
139 6 41208660
139 11 41208660
2 4 41208420
4 2 41161320
139 17 41155200
58 82 41150880
112 149 41150760
149 84 41140860
91 95 41129940
37 132 41068920
132 37 41067180
0 2 41065920
4 126 41063280
58 82 41063040
58 2 41062080
58 145 41062080
1 21 41060640
137 45 40981860
111 38 40966920
58 82 40810860
113 106 40809480
1 138 40776780
139 9 40693980
145 2 40690020
58 82 40639740
142 122 40618800
38 1 40617900
38 47 40617900
38 21 40617900
38 48 40617900
38 138 40617300
38 48 40617300
57 122 40599900
81 29 40540080
58 0 40536900
2 58 40535400
41 57 40535280
37 139 40526520
149 112 40490400
149 148 40490400
57 41 40456440
57 41 40454340
73 38 40454160
8 11 40451700
58 2 40449360
111 79 40447320
120 37 40444560
131 144 40441740
41 57 40437300
0 2 40434120
15 6 40197000
41 57 40179960
145 2 40178220
58 82 40118940
58 144 40118940
58 145 40109160
2 3 40101360
58 144 40089180
38 25 40026060
38 83 40026060
57 41 39941520
2 0 39934680
58 144 39931860
0 2 39912840
57 41 39832320
57 41 39828180
22 9 39758280
22 17 39758280
2 3 39598260
41 57 39589140
139 8 39515100
139 17 39515100
58 82 39510480
41 57 39504960
112 113 39487500
58 3 39417780
22 139 39414180
58 29 39405600
38 48 39405420
112 113 39403620
6 19 39403260
58 82 39340860
111 61 39327480
58 82 39309840
58 144 39309840
57 41 39245940
41 57 39237900
58 2 39230700
71 58 39226800
58 3 38994420
58 144 38994300
145 58 38975280
58 29 38968320
58 81 38968320
58 2 38965740
22 139 38901420
17 6 38893740
58 71 38820660
6 139 38819580
9 6 38802960
58 82 38792400
58 144 38792400
22 139 38733240
144 58 38720640
58 71 38714580
58 143 38712840
58 71 38649660
60 77 38645700
58 144 38643900
143 144 38643600
8 6 38643120
57 41 38642520
142 122 38640600
22 139 38635080
2 3 38627160
9 149 38573460
9 113 38573460
131 143 38391300
1 138 38368260
11 8 38293380
11 6 38293200
8 6 38289180
8 11 38289180
57 41 38279520
1 21 38268240
1 138 38268240
139 11 38193060
139 17 38193060
58 144 38131320
58 144 38102940
1 21 38044680
58 2 38042940
58 3 38042940
58 82 38041980
58 144 38041980
41 57 37769340
41 57 37768320
139 11 37746660
139 11 37704780
139 17 37704780
137 76 37704480
139 6 37684740
41 57 37677480
58 144 37614120
8 11 37603440
38 61 37439280
6 11 37420320
112 149 37417920
58 3 37170000
58 145 37170000
82 58 37094460
81 29 37093260
82 58 37092480
22 139 37076160
22 6 37075860
58 81 37007460
58 81 37006920
41 57 37004580
58 71 37002120
112 9 36926520
25 136 36923160
22 17 36825120
22 17 36821400
111 61 36817740
145 58 36811500
145 3 36807240
2 145 36804900
145 3 36573540
25 57 36553620
145 3 36545340
58 82 36486300
58 144 36469680
145 2 36467940
131 143 36465420
58 145 36405720
145 58 36405060
57 64 36397920
99 49 36392520
99 139 36392520
58 82 36385800
41 57 35960700
22 6 35959380
145 2 35948580
145 2 35943480
145 71 35886660
145 58 35886660
145 3 35866260
58 71 35863500
58 82 35863500
145 2 35863380
58 82 35862720
58 82 35794680
145 58 35779260
139 6 35777640
139 17 35777640
145 3 35767080
41 57 35765760
58 82 35713140
58 2 35685840
57 41 35685660
137 76 35685600
1 34 35682720
58 71 35625540
58 144 35625540
58 2 35611380
1 21 35592300
1 34 35592300
22 20 35367360
22 9 35360280
1 21 35356080
142 122 35350260
58 144 35344860
145 2 35281140
145 3 35281140
139 19 35267880
139 17 35267880
58 2 35249820
58 82 35194380
131 143 35193540
58 71 35193360
58 82 35192640
58 143 35180460
58 3 35180460
2 58 35110680
58 82 35103180
58 82 35019780
139 136 35010660
2 3 34998120
58 71 34990440
145 3 34756200
145 2 34753080
2 145 34751700
57 56 34738800
57 122 34738800
145 144 34667520
145 3 34667520
2 145 34659540
58 71 34593000
58 82 34593000
145 58 34564920
58 144 34561440
145 58 34559220
58 145 34558200
142 57 34555620
142 122 34555620
145 2 34502760
41 57 34489440
2 3 34472280
2 3 34420680
145 2 34413720
2 145 34402200
145 58 34395840
58 71 34156200
58 71 34152840
37 120 34150260
58 2 34137000
58 82 34127340
145 58 34070220
145 2 34041000
58 144 33988080
2 3 33985800
2 58 33985800
2 145 33985800
131 34 33976680
145 2 33969480
57 41 33961740
2 3 33806820
145 3 33804000
2 145 33801840
58 144 33553920
58 144 33468960
145 2 33443640
145 2 33440880
2 58 33378180
2 3 33361920
58 145 33357420
58 144 33299340
145 2 33272400
145 58 33265260
22 17 32936760
1 138 32931000
145 2 32864580
58 71 32861880
58 82 32861880
58 144 32861040
145 2 32852220
131 143 32848380
58 2 32836260
145 58 32829360
9 149 32789760
9 17 32789760
9 12 32789760
58 82 32778360
139 112 32693340
145 3 32659140
22 6 32657700
145 3 32602500
145 2 32591580
58 71 32342700
145 2 32338020
145 3 32338020
145 58 32338020
139 17 32332800
2 3 32332440
145 71 32331840
22 9 32257380
58 145 32246940
2 3 32233260
139 9 32166120
145 2 32163240
139 6 32147460
131 144 32080740
139 19 32079660
145 3 32077140
20 88 32065440
2 3 32054940
58 144 31997880
58 2 31993800
131 34 31725600
58 2 31708800
58 2 31708020
2 58 31654500
58 145 31640760
145 3 31633560
22 9 31621020
145 2 31564020
58 82 31556580
1 21 31548300
58 144 31535460
145 3 31481100
58 82 31463280
145 2 31458420
145 2 31455540
58 2 31448040
58 82 31446000
112 139 31397280
41 57 31354860
58 71 31135380
2 78 31127100
145 3 31105980
145 2 31047240
2 3 31021920
58 3 31018740
58 82 31015860
58 145 31015800
58 82 31012020
58 145 30955860
58 145 30955260
58 145 30951060
58 145 30946980
145 58 30938340
145 3 30877560
145 3 30875940
62 35 30872040
62 85 30872040
58 145 30862500
2 3 30850380
2 58 30843900
145 3 30792180
145 3 30775980
58 82 30774180
145 3 30758220
1 21 30506460
145 81 30501180
37 120 30497520
3 145 30434640
58 2 30359820
58 145 30359820
145 58 30345480
2 145 30340200
145 3 30336060
145 71 30330060
58 145 30322320
145 58 30275520
58 2 30266520
22 17 30239940
1 21 30232140
3 2 30177300
3 145 30177300
58 82 30172500
58 2 30172500
58 145 30172500
41 57 30150240
2 3 29911020
2 145 29911020
145 2 29842440
145 58 29842440
3 145 29810760
58 82 29746920
58 145 29746920
82 2 29745840
82 145 29745840
60 77 29743200
145 2 29728260
145 144 29723040
145 2 29643900
145 58 29643900
2 145 29634480
131 144 29311260
145 2 29311140
145 131 29295900
2 145 29291220
145 2 29234340
139 15 29232120
2 145 29231100
2 3 29228640
3 82 29224800
3 82 29223960
41 132 29213880
3 82 29207280
145 2 29201160
111 83 29057460
22 6 29038440
145 2 29032560
145 2 28964220
145 144 28964100
145 144 28954920
112 6 28784640
139 6 28778880
1 133 28708680
1 133 28623120
146 79 28593840
145 144 28524300
37 132 28446300
61 141 28377540
145 82 28344300
145 3 28344300
145 58 28344300
58 82 28343760
139 136 28081680
82 145 28074840
82 145 28025340
139 57 28001460
41 57 27997380
139 8 27935460
1 138 27847380
82 2 27829560
2 3 27816960
22 139 27747240
2 82 27742800
58 144 27735780
1 38 27466380
41 57 27408900
139 37 27404760
58 82 27404700
58 145 27388260
2 82 27306180
41 57 27304620
58 3 27302100
2 145 27232380
2 82 27224460
1 38 27222540
2 145 27217200
2 3 27127260
2 58 27127260
2 145 27127260
58 71 26875200
1 138 26871240
1 38 26713440
88 107 26637840
2 82 26620860
58 71 26553900
58 82 26541840
58 3 26541840
2 82 26532600
58 144 26263200
58 82 26203140
58 145 26203140
1 38 26192280
2 3 26176800
58 71 26176440
1 38 26110980
58 81 26097300
139 17 26037480
58 144 25950480
145 82 25931520
145 3 25931520
58 144 25658580
1 138 25592340
58 2 25518600
9 19 25494840
9 18 25494840
9 12 25494840
22 6 25416240
22 17 25416240
22 139 25403640
81 98 25346580
145 82 25325040
22 19 25074600
139 22 25072980
58 82 24986160
139 6 24881100
37 139 24807540
1 21 24544740
58 71 24396060
58 145 24380460
22 139 24281520
58 3 24192600
2 82 24127440
2 58 24124020
2 82 24123720
58 145 23867460
22 139 23862000
58 144 23843880
58 71 23701200
2 82 23606760
145 81 23595480
58 82 23586360
2 82 23504460
2 58 23498820
139 22 23247660
41 139 23246220
22 6 23246160
22 139 23246160
58 71 23240220
88 73 23101440
2 3 23093040
149 113 22983180
22 139 22926660
41 57 22914420
58 71 22579020
141 63 22561800
58 3 22558080
88 49 22490400
58 144 22484100
2 3 22479660
2 3 22464840
22 139 22390680
58 2 22385580
1 21 22289100
58 144 21974280
2 82 21875880
58 77 21874740
58 3 21786600
58 145 21786600
2 82 21769620
2 3 21769620
58 84 21690780
2 145 21453300
58 2 21349260
1 133 21276900
58 144 21274320
1 38 21268440
41 57 21254880
58 144 21184440
139 112 21180420
41 57 21101160
58 71 20850420
58 144 20850420
22 139 20681640
82 2 20656680
1 21 20652060
139 17 20575620
22 139 20574120
1 21 20231460
88 73 20153700
1 21 20145600
139 6 20143680
1 38 20090040
1 138 20053800
1 21 19986180
1 21 19985940
58 2 19961280
58 145 19961280
1 21 19955640
1 21 19888800
1 21 19887900
1 138 19887840
71 73 19886280
1 21 19879020
1 138 19879020
1 21 19878840
1 21 19878600
1 38 19559760
1 38 19529160
22 139 19461900
2 82 19454640
2 3 19454640
2 82 19453920
139 8 19357860
22 9 19220400
58 71 19039020
22 9 19029660
58 71 19006740
22 9 19004400
37 143 18923340
58 71 18867960
58 71 18777900
2 58 18352500
2 145 18352500
2 82 18344340
149 113 18259800
71 113 18239580
149 113 18227340
58 3 17657400
2 145 17365500
2 82 17365380
82 58 16954620
58 3 16608120
58 145 16608120
58 2 16606020
2 82 16254300
2 82 15640320
2 82 15378600
82 2 15317160
82 2 15124860
2 82 14444760
2 82 14436420
58 81 14198760
2 3 13821840
58 145 13497180
37 22 13492140
82 58 13413900
58 81 12876180
58 144 12876180
2 82 12359760
2 3 12359760
2 58 12359760
2 58 12358740
2 82 12267420
58 145 11667960
58 145 11579700
58 82 11152560
58 145 11152560
58 145 11057520
2 82 10920720
58 2 10544340
2 3 10380540
2 82 10379040
2 58 10280520
2 145 10280520
2 145 9853200
2 3 9847500
58 2 9847080
2 3 9688980
58 82 9594240
58 82 9593340
58 3 9350340
58 3 9163380
58 81 9159480
58 3 8485500
58 2 8063580
2 58 8035860
58 82 7957440
58 2 7957440
58 145 7957440
58 82 6909180
2 3 6756600
2 82 6739260
81 73 6325860
2 82 5030820
58 2 4956540
2 3 4848120
2 58 4848120
2 145 4848120
37 139 2962380
58 145 2596860
58 145 1996260
58 85 1897980
58 3 1897980
58 145 1897980
58 82 1827660
58 2 1827660
58 145 1827660
58 145 1309800
58 3 1302660
58 145 1302660
2 82 29340
58 82 0
