0 1 94565223
0 2 94536423
0 3 94390069
4 1 93870592
4 1 93768024
1 4 91364777
1 4 91341592
7 1 91272795
1 4 90911045
1 4 90849111
4 1 90846436
1 4 90761102
4 7 90747384
13 14 90674878
13 11 90671818
13 11 90671794
0 2 90669918
15 11 90647173
15 9 90647173
9 6 90421928
8 11 90408061
8 16 90408061
13 17 90403288
11 15 90400159
11 14 90395748
11 16 90395748
11 17 90395748
13 17 90393524
18 8 90392693
18 19 90392693
6 17 90390569
1 7 90247898
13 14 90241911
11 16 90238219
13 14 90164928
13 17 90164867
15 16 90150043
13 8 90142424
1 7 89736961
1 4 89736961
2 0 89704385
1 7 89700918
1 21 89614837
1 21 89550844
10 8 89473036
11 16 89469150
6 10 89216360
13 23 89200545
24 25 89192459
23 13 89192033
10 11 89191061
13 11 89186457
11 13 89184708
2 3 89102062
11 14 89097407
6 10 89019431
1 7 89010192
1 21 89009364
15 13 89006102
19 9 89004356
2 3 88954030
13 8 88951540
13 17 88951540
2 3 88855254
15 19 88852288
8 9 88840505
14 6 88837878
14 13 88837878
13 8 88607282
8 17 88603407
6 14 88600678
17 13 88584870
6 17 88584282
17 8 88583229
17 14 88583229
17 12 88583229
11 8 88582509
26 27 88532323
19 9 88523527
1 4 88499619
1 4 88499043
16 13 88493328
1 4 88493137
1 7 88434843
1 4 88434179
17 10 88432223
17 8 88348935
19 9 88345786
8 17 88327302
8 17 88321590
1 4 88250796
2 0 88237396
2 3 88237396
19 13 88006415
19 17 88006415
9 20 87995895
11 8 87974539
14 11 87910506
37 7 87893184
20 8 87882665
8 20 87802739
16 10 87745230
35 38 87734436
6 15 87728721
35 38 87723913
8 23 87720978
22 17 87716800
8 23 87380512
8 23 87377373
9 19 87367950
18 9 87317189
9 18 87310435
17 6 87308765
9 19 87298788
11 14 87283793
11 13 87283420
8 17 87227425
8 23 87227425
45 32 87223766
1 21 87213611
19 13 87202241
19 14 87202241
46 48 87131901
23 20 87129043
12 23 87050971
38 47 87026083
12 10 87023662
49 41 87022899
49 46 87022899
49 51 87022899
49 53 87022899
15 13 87018506
15 17 87018506
13 19 86796411
19 9 86794527
58 2 86791613
23 20 86764026
23 12 86764026
19 9 86711118
12 8 86695037
12 23 86695037
13 14 86694164
13 11 86694164
8 20 86686546
20 8 86680591
30 59 86679590
36 25 86677659
61 50 86640157
61 28 86640157
61 41 86640157
61 59 86640157
61 46 86640157
61 53 86640157
61 54 86640157
61 75 86640157
61 56 86640157
61 82 86640157
61 25 86640157
61 26 86640157
61 38 86640157
61 58 86640157
61 63 86625757
61 68 86625757
61 41 86625757
61 59 86625757
61 51 86625757
61 52 86625757
61 75 86625757
61 56 86625757
61 29 86625757
61 43 86625757
61 80 86625757
61 82 86625757
61 60 86625757
61 25 86625757
61 86 86625757
61 38 86625757
61 36 86625757
90 72 86619818
61 77 86619549
61 43 86619549
61 36 86619549
49 36 86619337
61 81 86612324
81 71 86610963
61 52 86605149
61 26 86605149
92 66 86604974
81 93 86596563
81 71 86596563
81 60 86596563
81 85 86596563
81 26 86596563
81 36 86596563
3 0 86595239
49 91 86593345
49 97 86592351
61 30 86556305
61 43 86556305
81 25 86550104
81 85 86550104
81 36 86550104
26 81 86546943
26 93 86542978
61 27 86541905
61 81 86541905
61 93 86541288
81 82 86539725
81 27 86535704
81 43 86535704
81 25 86535704
81 44 86535704
94 70 86532076
41 57 86526648
66 92 86525477
0 2 86520338
30 44 86519521
0 37 86518244
0 87 86518244
6 13 86514625
14 8 86506486
0 71 86505768
1 21 86503428
71 37 86448387
4 37 86446199
49 43 86441567
49 42 86441567
38 47 86433920
36 25 86427685
57 41 86425196
0 37 86425186
0 4 86425186
36 54 86423491
36 80 86423491
13 19 86423437
14 8 86420670
96 97 86418146
81 93 86371521
93 81 86356736
81 70 86275512
71 58 86265309
81 43 86196287
81 26 86196287
99 96 86189321
13 17 86189099
89 88 86183448
92 87 86183056
93 9 86180911
26 73 86179338
96 97 86173523
92 66 86168656
92 87 86168656
81 73 86167602
11 17 86165421
13 14 86165332
92 87 86161862
16 17 86159888
96 97 86159081
36 52 86110256
26 27 86094440
38 35 86093707
61 36 86087089
0 28 86086157
0 26 86086157
0 89 86086157
93 26 86080940
14 16 86080299
93 71 86073430
49 91 86073285
57 75 86072942
97 96 86072522
36 26 86070464
26 93 86022436
25 42 86012490
25 36 86012490
35 38 86010023
90 65 86009240
90 72 86009240
26 31 86009067
30 60 86005320
0 37 86000691
11 14 85997112
38 30 85993620
38 88 85993620
61 30 85993489
61 89 85993489
92 90 85991610
93 26 85989930
26 28 85989679
0 98 85989633
93 28 85986855
1 21 85986140
67 90 85973154
87 66 85950101
70 81 85936465
14 12 85931149
78 49 85928332
26 98 85926202
0 2 85925518
0 3 85925518
56 36 85925379
92 87 85923686
56 36 85910822
13 16 85909082
95 83 85903585
2 0 85900754
81 70 85893486
65 74 85868026
93 28 85844659
39 95 85843469
39 40 85843469
30 28 85838991
49 96 85838962
97 96 85838260
49 97 85835561
96 49 85832979
96 97 85830195
77 62 85827465
96 36 85827208
40 79 85821865
13 15 85816331
97 96 85812977
26 73 85772033
0 26 85595718
0 3 85595718
96 97 85580924
66 87 85574514
96 97 85564507
96 97 85563782
12 13 85557047
0 3 85510054
87 66 85496783
13 16 85494995
13 17 85494240
67 86 85479647
103 81 85471992
11 16 85470904
77 62 85468400
23 12 85413955
97 96 85408051
42 36 85399839
103 81 85394480
10 14 85393740
62 77 85385854
0 2 85335502
0 3 85335502
0 44 85335502
104 70 85326926
38 35 85324484
25 42 85324057
81 73 85314259
10 13 85306193
96 97 85296139
15 9 85289472
109 84 85249565
12 10 85215870
26 98 85048048
0 71 84993197
0 37 84993197
0 26 84993197
81 73 84983761
81 26 84983761
81 73 84982269
10 12 84977375
11 10 84977136
11 12 84977136
107 108 84973612
8 33 84970397
8 17 84970397
13 10 84970240
11 17 84969350
12 13 84969198
12 11 84969198
97 96 84968504
97 49 84968504
13 12 84967849
97 96 84967279
25 36 84967254
103 98 84965495
97 25 84958550
111 95 84955731
13 16 84953499
13 16 84947325
13 17 84892516
87 66 84885750
49 99 84872301
17 8 84866227
0 66 84820190
0 37 84820190
104 105 84811762
93 73 84809776
104 105 84803774
104 18 84803774
9 44 84802782
66 87 84799477
96 97 84795390
25 36 84795144
25 49 84794034
25 97 84794034
26 60 84793890
95 111 84788431
95 83 84788431
89 68 84785178
12 10 84778311
3 0 84776313
93 81 84722134
0 3 84718908
58 95 84708969
3 2 84708577
58 2 84707951
97 96 84690277
96 97 84689824
0 71 84648246
0 37 84648246
0 3 84648246
17 13 84631302
0 37 84629378
6 13 84621742
13 14 84621049
13 16 84621049
13 19 84612851
14 13 84612162
4 2 84612093
13 17 84611776
13 12 84610187
97 96 84608587
22 9 84604064
19 13 84600616
19 9 84597519
104 73 84375788
104 107 84375788
104 107 84369530
104 18 84369530
104 108 84369530
115 52 84368734
104 105 84367795
10 13 84366728
108 99 84360723
23 13 84356534
13 10 84355364
11 13 84353707
11 14 84353707
11 16 84353707
49 96 84353118
49 91 84353118
96 36 84351369
11 13 84344619
11 8 84344619
44 81 84291450
97 91 84283010
13 14 84275629
19 13 84273966
19 14 84273966
19 16 84273966
70 81 84268343
0 3 84265643
59 100 84265472
0 3 84264844
91 95 84263749
10 13 84263510
10 14 84263510
95 91 84262795
13 11 84260938
13 16 84260938
14 13 84260502
49 96 84256182
49 97 84256182
13 14 84200258
82 3 84194931
10 13 84191147
81 73 84190806
44 70 84184410
44 81 84184410
113 112 84179971
113 81 84179971
10 13 84176082
104 105 84176069
104 88 84176069
0 66 84123152
0 71 84123152
0 4 84123152
0 2 84123152
81 52 84116591
81 77 84116591
81 26 84116591
81 88 84116591
13 17 84104485
89 71 84101432
26 81 84098745
19 9 84098595
112 17 84096976
52 81 84095967
98 89 84092038
97 49 84092005
62 85 84091573
89 81 84027500
13 16 84026877
104 70 84019464
104 73 84019464
81 88 84018897
49 97 84014747
49 96 84007797
13 17 84006029
13 17 84004512
49 25 84003917
13 17 84002218
13 17 84000092
104 70 83993921
104 61 83993921
88 81 83830802
81 44 83828279
81 107 83761729
49 96 83756023
49 91 83756023
11 8 83747743
11 14 83747743
81 88 83744089
13 11 83741000
81 88 83740139
93 81 83738982
81 36 83689881
81 44 83689881
87 66 83680875
81 71 83679597
93 81 83676579
68 62 83675897
97 96 83674904
81 36 83673480
87 66 83672164
81 44 83666151
44 81 83663021
52 41 83662086
7 52 83658578
49 91 83653543
81 88 83603809
0 66 83603438
0 71 83603438
0 2 83603438
44 81 83602216
81 70 83601482
66 92 83586040
23 13 83584133
90 67 83578044
13 10 83577308
81 93 83571783
90 67 83571549
90 72 83571549
81 71 83569690
71 81 83568517
13 14 83568345
13 11 83568345
71 81 83567416
107 104 83519726
20 18 83437338
26 28 83430365
19 16 83416476
94 70 83414254
90 67 83412342
81 93 83410003
81 52 83410003
81 107 83407251
94 81 83397670
33 20 83391222
10 13 83160797
10 11 83160797
19 9 83160415
10 22 83160229
20 17 83158265
13 22 83157851
13 10 83157851
81 36 83152695
81 82 83151487
119 120 83144807
19 33 83144562
119 120 83142259
11 13 83138043
0 71 83089472
0 4 83089472
81 77 83079062
19 9 83058213
33 9 83054731
78 37 83054215
25 51 83052645
25 101 83052645
81 73 83006817
3 0 82973662
19 20 82955229
94 81 82804888
112 93 82542898
11 8 82542337
11 13 82540554
11 8 82540554
17 10 82536181
0 2 82456889
0 3 82455377
123 93 82453219
27 93 82449591
97 49 82442079
16 11 82394177
81 88 82392783
81 61 82392592
58 44 82386051
124 120 82384511
89 27 82376790
35 48 82363674
95 55 82363539
8 12 82361447
85 120 82358984
93 112 82314507
13 17 82305869
49 97 82274600
97 96 82271279
104 61 82207419
124 120 82204650
78 124 82204528
6 12 82200192
13 17 82196012
112 85 82191598
112 17 82191598
19 33 82191539
28 93 82187037
93 71 82185847
40 29 82185312
14 13 82180671
66 87 81948626
53 81 81945861
11 8 81943851
11 14 81943851
120 124 81943584
120 85 81943524
93 87 81938460
120 85 81860679
120 124 81860679
49 91 81857562
97 91 81854824
49 91 81852634
11 13 81849009
11 17 81849009
81 77 81848963
120 124 81847501
4 22 81846977
120 85 81844517
13 33 81844335
125 48 81842223
62 77 81841146
8 13 81840032
8 19 81840032
8 9 81838631
13 11 81788767
13 16 81788767
38 35 81770773
112 113 81768617
112 113 81767847
11 17 81762501
13 8 81753891
30 62 81750983
11 14 81692137
0 71 81684790
93 113 81681949
77 64 81678132
12 9 81666399
10 16 81613116
40 95 81601467
13 17 81589921
13 8 81587933
13 11 81587933
81 98 81586854
81 111 81586854
81 36 81586854
77 81 81342118
112 113 81337867
20 16 81333639
20 23 81333639
9 20 81327920
33 106 81325683
14 11 81323037
97 35 81320320
4 37 81276914
81 25 81276813
112 113 81267967
91 111 81261175
91 83 81261175
11 8 81253938
11 13 81244163
10 14 81239708
49 57 81231515
49 121 81231515
49 25 81231515
49 122 81231515
78 85 81182394
40 95 81170209
38 46 81169389
123 81 81166320
123 108 81166320
93 123 81157294
30 26 81156258
93 108 81099204
91 95 81095353
91 111 81095353
2 3 81094599
107 108 81094529
112 93 81093676
9 33 81087394
93 112 81078842
58 111 81078773
32 98 81078460
120 124 81065533
81 36 81062131
111 95 81061998
19 20 81056049
97 39 81020376
71 44 81016376
91 95 81012296
11 13 81003248
49 91 80987748
9 19 80977279
9 23 80977279
10 14 80975432
10 12 80975304
40 95 80974636
49 51 80973387
49 121 80973387
49 25 80973387
85 55 80917748
93 113 80821194
4 37 80809769
113 112 80745838
97 49 80738811
115 50 80732527
120 37 80724817
11 14 80722118
120 124 80720127
61 123 80714180
28 100 80713612
91 83 80665227
91 83 80661137
130 74 80660817
92 87 80657242
40 111 80654247
40 79 80654247
40 83 80654247
10 14 80652060
68 128 80652048
62 42 80645543
20 18 80643411
92 87 80640750
13 14 80639849
13 16 80639849
35 38 80639101
111 40 80630087
62 42 80630008
19 9 80576082
91 40 80575423
78 111 80557740
25 75 80557033
25 121 80557033
19 10 80549106
57 41 80486871
91 40 80483779
0 55 80479593
23 20 80478775
20 23 80478212
19 13 80476081
17 23 80473785
23 20 80470405
20 23 80469740
123 113 80469104
38 55 80467846
32 98 80464875
98 32 80464822
20 9 80463968
22 20 80462929
0 80 80462618
120 124 80459340
81 107 80454684
20 23 80452107
112 113 80409131
61 81 80407428
23 17 80401667
82 55 80400499
23 20 80400048
23 20 80400000
20 23 80399547
92 87 80397062
55 82 80395730
49 97 80394415
6 8 80393637
79 83 80391690
71 81 80390550
20 9 80389102
113 93 80386768
25 49 80384155
25 101 80383938
25 56 80383276
66 74 80383133
66 92 80383133
95 111 80380500
8 23 80378574
41 57 80376431
113 93 80373754
23 20 80371184
20 8 80368789
11 20 80368624
49 56 80367252
49 42 80367252
104 105 80362403
97 41 80295504
20 11 80208879
17 112 80202159
20 33 80193307
20 33 80145848
33 20 80139001
49 120 80128801
91 79 79975238
91 83 79975238
112 85 79968490
112 17 79968490
82 71 79961881
20 8 79961691
9 20 79961004
112 93 79958780
78 101 79955720
20 22 79953139
58 0 79952434
0 55 79952432
82 71 79951917
120 49 79951576
20 17 79947160
113 93 79943532
11 13 79943077
82 55 79940311
82 55 79940097
11 15 79940077
113 112 79939873
101 78 79937157
78 49 79935999
123 105 79894582
123 106 79894582
49 101 79894264
49 121 79894264
66 92 79891090
123 105 79886872
25 56 79886377
25 85 79886377
25 122 79886377
44 2 79885697
10 12 79883105
101 85 79882385
33 20 79882228
9 19 79877181
8 10 79876406
10 17 79876378
82 0 79874320
82 44 79874320
25 49 79874101
33 20 79873919
25 24 79871380
93 113 79871097
93 113 79869042
46 83 79868884
20 23 79868624
8 10 79867929
8 17 79867295
25 75 79866990
25 43 79866990
25 42 79866990
8 19 79863378
8 10 79863378
8 17 79863378
10 8 79862304
10 19 79862304
10 17 79862304
20 23 79861913
0 2 79861151
23 20 79859894
82 2 79858988
77 64 79858663
23 20 79858449
23 20 79856317
17 13 79855195
78 85 79853599
113 123 79850291
122 25 79849827
100 28 79847578
100 76 79847578
29 35 79847397
29 38 79847397
91 95 79805276
91 83 79805276
25 122 79799015
2 0 79798492
82 71 79797117
10 17 79795362
4 71 79794994
2 0 79794582
61 81 79790051
61 108 79790051
66 114 79789928
78 25 79789202
41 57 79788923
41 7 79788511
25 42 79788050
25 101 79788050
81 2 79787677
6 13 79787195
6 12 79787195
78 101 79782907
78 25 79782907
92 66 79780257
92 87 79780257
111 78 79777940
94 5 79776114
17 12 79774079
58 3 79773579
20 22 79773390
93 113 79772750
4 71 79772231
112 113 79771636
112 113 79770395
10 17 79769561
81 88 79769465
17 22 79767928
77 64 79766874
111 78 79765727
78 111 79765535
111 78 79765498
93 112 79761056
94 70 79698564
112 93 79595548
14 13 79540155
61 108 79539222
13 12 79536464
20 22 79536381
123 61 79534603
3 58 79533832
8 10 79533213
123 73 79529498
113 73 79528966
11 13 79519221
11 14 79519221
11 16 79517909
120 49 79515646
55 0 79514985
49 120 79514677
49 109 79514677
120 85 79512412
92 90 79459115
19 9 79452271
78 111 79445625
14 13 79445107
111 78 79442648
25 49 79442105
25 121 79442105
132 52 79440857
70 5 79440127
25 85 79439591
81 73 79438860
78 111 79438562
23 17 79436690
9 19 79436221
88 25 79435573
28 89 79432589
20 23 79430949
52 41 79430776
132 73 79430386
71 81 79429466
94 44 79427938
120 124 79425491
80 81 79422207
129 73 79421278
11 8 79417646
11 16 79417646
40 83 79415478
97 1 79367623
93 112 79365428
13 17 79364486
4 71 79360708
6 8 79360509
29 91 79359773
3 0 79356854
3 58 79356854
3 44 79356854
132 46 79356486
43 52 79356169
3 44 79355277
123 61 79353588
123 104 79353588
17 13 79352599
25 51 79350960
25 56 79350960
25 121 79350960
100 28 79347613
20 23 79346144
119 56 79346088
71 82 79345540
13 17 79342352
61 18 79340773
113 112 79340611
14 8 79340409
37 131 79340313
25 24 79337770
91 97 79335132
97 49 79335054
22 20 79333623
122 25 79333495
42 43 79332238
20 22 79330145
93 28 79329710
93 113 79329462
55 37 79329420
28 93 79328058
20 18 79326754
120 85 79284596
13 11 79283577
13 17 79283577
94 70 79283563
20 22 79283313
13 17 79278461
23 20 79277220
66 87 79275275
133 73 79274976
25 62 79274691
40 111 79274087
62 25 79271271
23 17 79269992
82 55 79269883
112 93 79267393
78 37 79265862
97 49 79264753
40 79 79262019
49 121 79259713
38 36 79258084
0 55 79257875
23 17 79256557
0 2 79254198
132 46 79251825
132 52 79251825
132 38 79251825
2 0 79250630
29 132 79248957
132 79 79248365
82 55 79247479
61 18 79244892
93 113 79244633
49 51 79244333
49 25 79244333
83 79 79241246
91 40 79196984
97 46 79195684
97 126 79195684
97 35 79195684
28 89 79194475
42 75 79194073
112 113 79192129
107 70 79189249
107 73 79183342
112 85 79180018
25 42 79179968
82 55 79178951
2 0 79178756
25 36 79178461
40 79 79176344
25 36 79175418
29 73 79173706
70 4 79171641
70 94 79171641
70 58 79171641
19 9 79168291
119 56 79168266
119 124 79168266
126 38 79168255
20 10 79167698
120 119 79166010
123 61 79165968
123 104 79165968
61 108 79159842
49 121 79159407
93 112 79159387
61 108 79158031
29 52 79156968
104 123 79153823
20 22 78932692
123 113 78932428
88 61 78930452
20 18 78928539
121 49 78924456
29 79 78923346
20 23 78921514
23 20 78920987
13 16 78920089
121 49 78918703
20 22 78918495
20 22 78916888
131 37 78911330
105 70 78909451
20 22 78903812
119 85 78901633
13 6 78896853
20 23 78853685
87 92 78849647
113 112 78846661
91 95 78843878
91 111 78843878
94 81 78843829
131 37 78843095
58 71 78842555
41 97 78842060
97 41 78839948
82 55 78839775
112 113 78837319
131 55 78833567
121 49 78832670
3 2 78830691
3 0 78830691
3 58 78830691
57 41 78827668
53 81 78824275
124 37 78824231
20 6 78821736
66 87 78776415
112 93 78767775
112 123 78767775
81 29 78764963
81 25 78764963
81 38 78764963
61 123 78763814
61 108 78763814
18 9 78761927
35 83 78757064
35 38 78757064
111 83 78756450
61 81 78754737
61 20 78754737
61 108 78754737
23 22 78753675
23 20 78753675
23 9 78753675
93 113 78750976
93 113 78749015
112 93 78748705
93 113 78743419
20 33 78743044
132 52 78741485
2 82 78741004
49 75 78737990
2 82 78736385
2 58 78736385
20 23 78735396
0 3 78729050
0 58 78729050
28 100 78728796
40 39 78728369
93 113 78726152
93 113 78725755
100 28 78725386
35 62 78724167
40 95 78722611
40 29 78722611
16 8 78690016
129 107 78681314
91 83 78675034
19 9 78674007
19 9 78671515
16 8 78670731
93 113 78669697
120 124 78668675
82 37 78667348
82 58 78667348
120 85 78665601
120 124 78665601
82 0 78665121
82 3 78665121
82 44 78665121
16 11 78664200
16 17 78664200
2 58 78661822
44 2 78661762
71 69 78660352
120 85 78660163
2 58 78656216
82 78 78655521
82 3 78655521
82 44 78655521
73 61 78651570
73 61 78651138
23 20 78649816
100 59 78648221
78 85 78644495
20 23 78643209
49 51 78639793
49 56 78639793
2 3 78594052
91 95 78591361
91 40 78591361
91 83 78591361
93 112 78587075
112 113 78586779
82 55 78586287
44 94 78581101
93 113 78580656
58 3 78578029
85 78 78574491
82 58 78574102
120 124 78573263
3 58 78569144
25 51 78569132
13 8 78565337
113 123 78563750
0 58 78559882
85 31 78556302
97 49 78554728
13 14 78552421
13 11 78552421
20 22 78549021
92 87 78342813
112 93 78330455
8 17 78326287
2 55 78323443
8 13 78320224
112 85 78319832
93 113 78319467
58 44 78319082
14 13 78313142
11 13 78311446
129 107 78309401
53 42 78309336
2 44 78309258
106 105 78308661
106 123 78308661
111 95 78306326
122 125 78305953
38 36 78305178
33 9 78299994
78 85 78298851
95 111 78293275
93 113 78249313
93 113 78246603
91 40 78243059
131 55 78241131
130 74 78240756
8 17 78238702
17 23 78238419
37 131 78234271
93 112 78233464
19 22 78231409
44 71 78227916
112 113 78224417
130 74 78224263
20 88 78223865
82 37 78220049
82 55 78220049
112 123 78219009
111 95 78218918
2 0 78214412
2 58 78214412
123 106 78169528
105 5 78157670
13 17 78156021
91 40 78155222
91 79 78155222
120 124 78154463
112 85 78153962
120 85 78153196
20 22 78147510
85 25 78146133
112 93 78140722
112 85 78139357
29 79 78136030
112 113 78133610
53 95 78133065
103 94 78132010
32 31 78131785
82 71 78131053
2 82 78129470
2 58 78129470
2 58 78129350
129 107 78129219
82 55 78127288
58 0 78125901
82 2 78125699
8 13 78123806
13 14 78123246
18 106 78121826
77 36 78066527
91 40 78066352
44 131 78064951
93 112 78062522
29 91 78060469
3 55 78057240
3 82 78057240
3 0 78057240
3 58 78057240
45 69 78056683
29 79 78055636
91 97 78054985
52 41 78051538
82 71 78050078
82 2 78050078
82 58 78050078
8 16 78047029
8 17 78047029
44 58 78044410
17 23 78041702
124 119 78040239
29 91 78036835
52 115 78032994
4 71 78030259
81 44 77998021
112 5 77988471
97 99 77986650
90 65 77985901
90 86 77985901
126 1 77984169
112 93 77983182
91 95 77981811
91 111 77981811
91 83 77981811
113 123 77980607
37 85 77980178
55 58 77977755
106 123 77976855
112 113 77975801
112 113 77975667
82 2 77975332
14 11 77970341
11 8 77970340
6 12 77965420
25 111 77963267
131 3 77962237
23 17 77958036
90 72 77954576
90 117 77954576
120 85 77953694
25 51 77894997
25 57 77894997
25 75 77894723
25 42 77894078
25 111 77882212
104 123 77802553
86 135 77783915
86 135 77783744
58 2 77721828
58 0 77721828
0 82 77718494
6 15 77718213
25 43 77716751
25 121 77716751
33 17 77711408
27 26 77708088
123 104 77706510
97 96 77705092
129 107 77703059
129 107 77697366
36 25 77696199
1 126 77696168
120 124 77696146
93 112 77694813
44 2 77694021
32 27 77693912
11 8 77691326
11 13 77689423
1 47 77688095
91 79 77638326
120 85 77635625
120 124 77635625
112 85 77634517
90 65 77631064
90 72 77631064
90 117 77631064
14 13 77630614
101 51 77630124
129 107 77623792
81 129 77622966
78 55 77622039
97 96 77621560
66 92 77621440
16 17 77621414
66 92 77621119
25 36 77619265
93 113 77611767
9 20 77611108
85 120 77609738
14 13 77609207
14 20 77609207
14 17 77609207
129 73 77606001
33 22 77605417
33 17 77605417
112 123 77605155
2 55 77601885
123 73 77562028
86 135 77554560
86 90 77554560
9 19 77553553
105 17 77550332
49 47 77550271
22 33 77549019
9 19 77545888
86 65 77543760
86 135 77543760
93 112 77543132
62 42 77531116
42 25 77527332
23 20 77523730
40 83 77522671
112 85 77521827
13 17 77520214
13 16 77519975
13 17 77519650
6 13 77515354
25 125 77478632
2 3 77464532
2 44 77464532
13 11 77461251
91 95 77460945
112 123 77459701
112 113 77459701
112 5 77459701
58 2 77453487
9 12 77449979
17 23 77448164
20 18 77444942
124 120 77439353
113 93 77437617
0 55 77431224
88 123 77426883
90 65 77382200
90 102 77382200
90 86 77382200
25 42 77379563
25 121 77379563
25 122 77379563
104 106 77376049
104 107 77376049
25 42 77373032
25 121 77373032
14 13 77370488
113 123 77369972
100 59 77369212
2 3 77367826
109 84 77365020
58 0 77364437
18 22 77363352
78 83 77362088
3 2 77361681
3 0 77361681
131 55 77361579
98 89 77360327
0 44 77359848
112 123 77359824
112 113 77359824
23 33 77359181
46 52 77357438
103 29 77356904
13 11 77351977
120 93 77350347
120 124 77350347
120 37 77348600
0 44 77346495
12 13 77345894
97 41 77344940
29 91 77344397
113 93 77344254
29 111 77337836
111 40 77337071
13 23 77281548
105 5 77277575
55 78 77188592
13 12 77185901
112 113 77178142
14 20 77130840
112 8 77119258
91 40 77113163
91 79 77113163
100 59 77113099
14 13 77112855
14 10 77112855
90 135 77112767
0 3 77108491
120 85 77106533
0 82 77106517
90 102 77092064
82 58 77090301
120 85 77089074
11 13 77084251
56 51 77077568
51 56 77038755
58 55 77033690
13 14 77030994
13 11 77030994
13 16 77030873
91 40 77029827
91 83 77029827
0 3 77023999
23 20 77008873
23 20 77003776
20 23 76995906
56 51 76992729
20 33 76990889
93 81 76958132
70 71 76945625
70 44 76945625
37 85 76941249
112 113 76941038
90 65 76940513
90 72 76940513
132 52 76939289
132 115 76939289
113 93 76934803
113 123 76934803
37 55 76934662
37 85 76934662
25 53 76934653
3 2 76933722
9 33 76932983
3 55 76932233
3 44 76932233
131 37 76929529
43 25 76924773
83 46 76922468
25 56 76921726
25 42 76921534
25 121 76921534
25 56 76920803
25 57 76920803
83 111 76920405
52 21 76920264
112 85 76919174
25 42 76918749
25 101 76918749
25 57 76918749
129 73 76918358
11 14 76917617
25 85 76913908
122 125 76907251
20 13 76906030
90 117 76862019
37 120 76860896
37 120 76859835
131 37 76858626
91 83 76858299
13 17 76855883
112 123 76854535
1 21 76852695
37 120 76849119
13 11 76848862
3 44 76848019
112 93 76846075
25 56 76844231
25 42 76844231
25 57 76844231
25 136 76844231
25 85 76844231
6 19 76843630
13 14 76840241
22 19 76836033
23 20 76834901
2 82 76832757
120 124 76828787
13 14 76827011
2 3 76824843
41 57 76821456
41 97 76821456
37 120 76777039
37 85 76777039
23 20 76771469
91 95 76770830
91 111 76770830
91 40 76770830
91 79 76770830
88 36 76766203
2 82 76765863
29 91 76762028
26 81 76757260
37 120 76756484
25 56 76754700
25 42 76754700
25 101 76754700
112 93 76749646
93 112 76749459
2 78 76747569
117 65 76747521
117 72 76747521
13 14 76744012
25 42 76743825
19 15 76738259
137 68 76737980
19 9 76734078
15 9 76732891
26 27 76606490
42 43 76574076
120 85 76507882
136 95 76504108
136 41 76504108
136 121 76504108
136 25 76504108
136 24 76504108
136 36 76504108
136 122 76504108
92 66 76503435
120 124 76502356
93 113 76498260
13 17 76497086
87 90 76496280
85 120 76494602
19 9 76483723
25 42 76482328
25 101 76482328
25 57 76482328
25 85 76482328
11 14 76482166
25 57 76480925
25 121 76480925
13 16 76427202
97 49 76426585
66 92 76419319
125 51 76412553
125 25 76412553
3 82 76411512
3 58 76411512
3 44 76411512
111 78 76405907
35 39 76404639
91 40 76402432
112 93 76401940
2 82 76400579
82 3 76397793
122 125 76397119
19 9 76396430
58 55 76395510
2 82 76394750
9 19 76390503
25 56 76354018
25 42 76354018
112 93 76344189
91 83 76341434
23 20 76338514
13 22 76338210
91 111 76337562
40 35 76334987
13 14 76330351
123 93 76330003
92 87 76327191
112 123 76327083
123 93 76325291
123 113 76322698
38 36 76321123
88 55 76320476
88 75 76320476
88 115 76320476
123 106 76320434
25 56 76317487
2 3 76311008
25 75 76310392
25 57 76310392
25 136 76310392
12 22 76309606
9 33 76308081
9 19 76308081
81 85 76307681
25 43 76301692
93 113 76257337
62 85 76254071
3 2 76252737
91 111 76251463
40 83 76249327
8 17 76245001
93 113 76236428
15 11 76231500
112 123 76226166
112 93 76225990
112 123 76225990
129 111 76218503
9 18 76217370
18 106 76216984
44 2 76170823
112 85 76170086
20 23 76167899
13 16 76166764
13 14 76166208
13 16 76166208
91 40 76165920
14 13 76165654
81 88 76161440
58 82 76160813
120 124 76158201
44 82 76157803
82 2 76156980
58 0 76156583
2 3 76155654
131 80 76155619
6 13 76154555
111 83 76154316
13 17 76152300
70 105 76151736
13 14 76151467
13 11 76151467
12 9 76149258
9 19 76148346
112 123 76146391
69 27 76142342
69 31 76142342
0 3 76141174
0 55 76141122
78 2 76140980
93 113 76138779
0 2 76138256
82 2 76135707
85 120 76134238
113 123 76132168
29 111 76131860
0 2 76131739
111 79 76129246
111 83 76129246
112 93 76083118
13 6 76059671
55 58 75971160
88 123 75908971
91 111 75906219
3 82 75905180
3 2 75905180
123 113 75903725
23 20 75901273
23 20 75901167
88 91 75901017
88 52 75901017
88 55 75901017
88 56 75901017
88 115 75901017
88 125 75901017
88 31 75901017
88 36 75901017
120 37 75900313
88 73 75897386
88 18 75897386
0 55 75893497
113 93 75892157
113 123 75892157
11 17 75882345
93 113 75881447
131 37 75814874
70 4 75812122
25 85 75811155
125 41 75806213
81 73 75804987
56 25 75792290
93 113 75782018
93 113 75780747
62 51 75744686
86 65 75742129
86 135 75742129
86 117 75742129
86 102 75742129
86 72 75739333
25 109 75736123
112 93 75733314
86 65 75731329
86 90 75731329
86 117 75728533
71 44 75727203
78 131 75725995
93 113 75724494
90 135 75718522
25 136 75717877
58 2 75712965
58 0 75712965
58 3 75712965
58 44 75712965
14 16 75711867
111 78 75710021
113 112 75708626
37 85 75706584
44 70 75704010
112 93 75702264
68 137 75648444
25 75 75646279
25 56 75646279
91 40 75645175
91 79 75645175
91 83 75645175
0 44 75644227
13 14 75641550
20 23 75640485
66 84 75634992
25 56 75634395
25 75 75634270
25 136 75634270
25 75 75633962
78 85 75633099
112 85 75629978
23 20 75626989
41 97 75626565
107 88 75625143
2 82 75623921
71 4 75622821
53 81 75622617
78 85 75622242
70 71 75621178
70 44 75621178
112 93 75619334
0 55 75618635
0 2 75618635
0 3 75618635
25 43 75614469
25 136 75614469
78 111 75613838
8 13 75612671
25 51 75611155
25 42 75611155
62 25 75574953
112 123 75568695
14 17 75561532
19 9 75561000
85 81 75558186
112 93 75555174
124 119 75554720
131 55 75554283
17 8 75554233
17 11 75554233
17 16 75554233
28 59 75552044
1 21 75551955
84 42 75548238
33 18 75547649
44 2 75542468
112 93 75540373
90 65 75539661
90 72 75539661
90 117 75539661
112 93 75538492
112 123 75538492
25 57 75536612
112 93 75535396
112 113 75534628
25 121 75534134
2 82 75532795
58 3 75531887
8 23 75531538
119 124 75531300
2 44 75530005
104 70 75529744
90 135 75528890
93 112 75526406
123 113 75526346
93 112 75526318
104 70 75520980
112 123 75448717
93 113 75372416
121 42 75365289
91 111 75301683
92 74 75300453
19 9 75299565
78 111 75294556
78 85 75290703
85 120 75289671
119 56 75287948
25 51 75285948
25 43 75285948
25 43 75284374
78 111 75282953
26 28 75280975
112 113 75279206
17 12 75279036
12 13 75275939
58 3 75274597
131 80 75273563
11 16 75272559
11 17 75272559
13 14 75215204
66 87 75215156
13 17 75211814
13 8 75209798
85 78 75206705
13 14 75204823
13 8 75204231
112 113 75202658
112 123 75202012
76 28 75199183
22 9 75195723
16 13 75193785
113 73 75188745
25 51 75187159
25 121 75187159
25 136 75187159
25 84 75186755
13 17 75186736
13 12 75186736
25 41 75186677
25 51 75186677
82 55 75183047
123 106 75182499
81 28 75182245
81 53 75182245
81 35 75182245
81 85 75182245
81 124 75182245
28 100 75178186
15 13 75177197
81 26 75145364
91 111 75131609
112 123 75127598
82 78 75126262
15 6 75123675
113 123 75120309
131 37 75120079
131 80 75118590
112 5 75117830
131 80 75116633
81 26 75110828
100 59 75110440
78 55 75110341
71 4 75105788
90 102 75105737
90 87 75105737
90 92 75105737
2 3 75104973
112 93 75103390
112 123 75103390
44 58 75102767
44 58 75102619
22 20 75101508
85 81 75099344
112 93 75099149
1 126 75098354
92 74 75098296
81 85 75095830
85 81 75095658
88 81 75049722
123 106 75042982
91 83 75042507
9 22 75040767
112 113 75038344
25 43 75037398
25 122 75037398
33 18 75027836
55 131 75027082
14 16 75019308
2 44 75018634
2 82 75016625
44 2 75015175
123 106 75012635
1 21 75011496
33 17 75009330
56 25 75003217
66 92 74956499
112 93 74954528
112 113 74954528
112 123 74953643
112 113 74953643
100 59 74952631
112 113 74952431
70 94 74951275
70 5 74951275
111 78 74944084
19 8 74943846
112 93 74943716
112 123 74942650
28 76 74941699
28 76 74941698
8 13 74932175
14 16 74931808
113 123 74931795
20 33 74919999
20 23 74919999
72 90 74916353
13 8 74870409
112 123 74697380
112 113 74697380
112 93 74693715
112 113 74693715
112 123 74693360
112 113 74693360
64 35 74692609
11 8 74685461
18 106 74683941
52 41 74683341
52 7 74683341
112 113 74683270
26 30 74681027
26 31 74681027
2 44 74609259
100 59 74607940
44 2 74607847
44 0 74607847
90 117 74607144
112 113 74606727
22 33 74605328
22 20 74605328
22 9 74605328
112 123 74600618
112 113 74600618
112 73 74600348
112 113 74600348
112 81 74597531
85 43 74595356
13 12 74594773
112 113 74593512
33 20 74592637
120 124 74589448
97 96 74588718
11 13 74587170
11 14 74587170
9 15 74585484
0 55 74585234
112 93 74583713
112 73 74583713
5 105 74580179
19 9 74579934
97 91 74578806
75 78 74533645
13 17 74527614
23 20 74526583
1 35 74512280
25 43 74508871
25 57 74508871
58 95 74506977
58 111 74506977
93 113 74504677
112 93 74503415
93 112 74503298
85 120 74501916
112 123 74501189
25 109 74496237
25 24 74496237
13 17 74492334
93 113 74490973
113 81 74490336
19 9 74483090
112 123 74439862
112 113 74438958
22 19 74438257
111 40 74430545
62 25 74429245
35 30 74427916
120 37 74425904
3 44 74425855
120 124 74425715
25 101 74418105
25 85 74418105
90 102 74414358
25 41 74413491
112 17 74412763
131 37 74409881
112 93 74356723
19 9 74354991
25 41 74346874
25 75 74346874
25 42 74346874
25 122 74346874
20 23 74343830
58 2 74341398
19 15 74338952
112 43 74334860
62 77 74334251
45 137 74328342
82 2 74326967
82 44 74326967
125 54 74322553
13 16 74321380
113 112 74318505
93 112 74316272
93 123 74316272
93 112 74315750
5 94 74250753
111 78 74086025
112 123 74081282
66 92 74077167
58 111 74074676
89 26 74073834
93 112 74073502
112 93 74073259
112 123 74073259
93 113 74072767
19 15 74068707
11 13 74065686
11 17 74065686
44 2 74064055
112 93 74062029
112 93 74004753
112 81 74004753
112 113 74004753
90 72 74001862
90 117 74001862
131 80 73999451
120 85 73997017
26 28 73996212
26 98 73996212
43 25 73992954
41 115 73988341
71 44 73987517
95 111 73982354
125 36 73981804
58 44 73976880
111 129 73976450
25 57 73976103
131 80 73975920
123 73 73966823
13 14 73922278
19 13 73920639
100 59 73914372
82 58 73910249
82 44 73910249
131 119 73902966
45 137 73902118
20 23 73894223
93 113 73893312
93 113 73892579
125 41 73888856
73 81 73840694
123 81 73839573
3 58 73798878
93 112 73742478
93 112 73742381
25 56 73735079
25 136 73735079
17 23 73734192
28 100 73728290
44 71 73725927
44 2 73725898
68 45 73722363
13 17 73708635
137 68 73471052
89 81 73459945
89 88 73459945
2 82 73458057
11 13 73456220
11 17 73456220
20 17 73449382
112 93 73449274
113 93 73397990
78 75 73395494
8 11 73393622
26 76 73378389
26 30 73378389
26 31 73378389
82 2 73370548
111 36 73364920
69 128 73360566
88 89 73327339
88 89 73326061
73 129 73324334
120 85 73313974
93 113 73307607
112 113 73286338
93 123 73282297
68 45 73280496
68 137 73280496
93 113 73236506
85 112 73231178
25 43 73223433
25 57 73223433
25 121 73223433
25 122 73223433
93 123 73218440
62 42 73208325
25 75 73208037
25 56 73208037
25 136 73208037
15 19 73199639
112 93 73117950
112 123 73117950
112 81 73117950
112 113 73117950
44 2 72884528
44 2 72884241
44 2 72884012
18 20 72872056
113 93 72868405
113 112 72868405
100 59 72868174
44 70 72860610
123 113 72846585
93 123 72806409
87 66 72796997
82 0 72791674
93 113 72781495
15 6 72780803
15 11 72780803
93 113 72780328
82 55 72773748
15 6 72766820
25 57 72700689
25 121 72700689
25 136 72700689
15 23 72695372
119 124 72688035
13 8 72685603
37 131 72625744
93 5 72622978
112 110 72618966
18 33 72615103
18 106 72615103
18 20 72615103
18 9 72615103
78 55 72614270
78 55 72610083
112 113 72608203
125 62 72607123
62 53 72607017
25 41 72605670
25 56 72605670
25 7 72605670
25 121 72605670
25 136 72605670
15 13 72599136
15 23 72599136
125 53 72598907
62 53 72597364
93 112 72596756
97 91 72596727
78 85 72592841
22 8 72586768
112 113 72543632
112 5 72542462
125 48 72528162
30 68 72525609
78 55 72523856
113 123 72509959
113 123 72509302
112 93 72507971
104 70 72498850
104 106 72498850
93 123 72448317
93 113 72448317
106 105 72356464
106 103 72356464
106 18 72356464
13 17 72349987
13 11 72342657
104 105 72277462
104 81 72277462
104 107 72277462
123 18 72271029
131 37 72268669
93 112 72266398
11 13 72261405
123 103 72260260
123 112 72260122
43 101 72254303
113 93 72247020
113 123 72247020
112 123 72246956
123 113 72243015
13 11 72209322
5 112 72196889
106 95 72176245
106 56 72176245
106 30 72176245
106 129 72176245
106 84 72176245
106 107 72176245
106 36 72176245
106 89 72176245
70 123 72175952
129 107 72172367
93 5 72160528
82 3 72160078
113 112 72155290
113 112 72154906
93 112 72154137
112 123 72114072
112 113 72114072
92 74 72100857
131 80 72086501
30 26 72086079
78 55 72082347
25 56 72080640
15 9 72068466
93 81 72023395
112 113 72023325
25 136 72019612
25 51 72019077
25 75 72019077
25 56 72019077
25 43 72019077
25 57 72019077
25 122 72019077
104 70 72006541
104 105 72006541
104 106 72006541
104 81 72006541
49 97 71999616
52 81 71997664
25 56 71994567
25 121 71994567
93 113 71993329
82 3 71987496
137 68 71987079
27 31 71985646
111 95 71985495
111 79 71985495
5 112 71984300
131 119 71949420
93 112 71935111
131 120 71931422
131 119 71924232
15 13 71914244
111 29 71911580
111 40 71911580
111 79 71911580
103 88 71909350
15 19 71902080
15 19 71896416
93 113 71895929
87 92 71754761
26 30 71648883
26 31 71648883
11 8 71647603
11 17 71647603
6 11 71645146
87 92 71604580
66 114 71577139
66 90 71577139
131 37 71574745
71 44 71558913
44 58 71556062
111 78 71504281
111 78 71503584
82 58 71499107
33 8 71494729
33 11 71494729
131 37 71475440
119 56 71473200
134 62 71472746
131 119 71471017
70 4 71417393
70 2 71417393
70 0 71417393
131 37 71406806
82 2 71398714
82 0 71398714
82 3 71398714
82 58 71397717
82 44 71386906
49 97 71382744
93 70 71378489
33 11 71330248
13 17 71315701
131 37 71306211
37 131 71305281
25 56 71300242
25 43 71300242
25 121 71300242
123 113 71296864
100 59 71295411
93 113 71243845
44 58 71243693
93 113 71242316
82 55 71062659
3 2 71060212
25 85 71057445
25 51 71048347
25 101 71048347
6 8 71042435
11 17 71037687
112 113 70988410
93 113 70985475
81 46 70984156
11 13 70973776
13 11 70973459
13 12 70973459
93 63 70972704
62 35 70970587
112 85 70968884
93 123 70968656
123 112 70962101
112 93 70955235
13 17 70953292
93 112 70947837
112 123 70898700
100 59 70892207
100 28 70883467
5 105 70882647
123 106 70877537
78 55 70875860
93 113 70868194
44 82 70868126
49 1 70867650
123 112 70862218
84 109 70810430
112 5 70807366
73 129 70805505
103 58 70804170
117 74 70799836
25 56 70796097
25 136 70796097
25 75 70795110
25 43 70795110
25 101 70795110
25 57 70795110
25 121 70795110
25 122 70795110
112 113 70784830
141 85 70779192
37 131 70710099
70 5 70709575
78 55 70707367
17 23 70702998
97 96 70699817
73 88 70695335
78 55 70694483
8 13 70689480
8 11 70689480
139 27 70628304
139 93 70628304
139 69 70628304
139 128 70628304
139 68 70624491
139 30 70624491
139 93 70621670
139 59 70621670
70 5 70456462
13 8 70451070
13 8 70450914
6 13 70448155
22 23 70446998
35 38 70438541
13 8 70392376
13 8 70391934
13 11 70376039
131 55 70368340
119 37 70365515
123 112 70286019
141 43 70284850
141 106 70284850
141 107 70284850
103 13 70282773
131 120 70280491
90 135 70280400
90 86 70280400
141 33 70279138
141 70 70279138
141 73 70279138
141 105 70279138
141 81 70279138
141 107 70279138
141 88 70279138
25 51 70276100
25 56 70276100
131 37 70266522
82 2 70262686
82 44 70262686
13 8 70258751
15 19 70206481
82 55 70202785
37 85 70198419
25 56 70189442
25 122 70189442
51 25 70184676
112 113 70183920
20 23 70177857
25 42 70116991
25 101 70116991
25 136 70116991
81 111 70116642
81 85 70116642
81 38 70116642
139 62 70116458
139 134 70116458
2 44 70115142
13 8 70112848
78 55 70109466
13 11 70106076
6 23 70092768
25 42 70092606
25 57 70092606
139 137 70091651
112 113 70090802
25 43 70088395
112 113 70082340
112 113 70072800
72 117 69977105
95 40 69854153
13 9 69853554
22 13 69836243
6 13 69834618
6 8 69834618
97 49 69832040
100 59 69770694
82 3 69769266
112 9 69753720
112 9 69751380
131 55 69750663
112 5 69749653
44 58 69747888
123 93 69738367
9 112 69736740
112 22 69733380
112 103 69691796
112 43 69691796
44 2 69664169
37 78 69661317
107 73 69654297
112 123 69604532
19 9 69596106
19 12 69584009
117 130 69580827
82 58 69575262
139 93 69572790
139 100 69572790
139 137 69570998
43 42 69568365
139 112 69550920
111 95 69506816
6 17 69488118
112 113 69486780
15 19 69486628
44 3 69483144
13 17 69483118
123 113 69478898
15 13 69474169
15 17 69474169
112 73 69422220
112 81 69318040
112 73 69301320
112 113 69260160
93 81 69250803
107 73 69231274
11 13 69229779
112 73 69209280
113 112 69177900
73 107 69147844
68 137 69135535
112 113 69120780
111 129 69075972
25 43 69074460
25 121 69074460
25 136 69074460
25 122 69074460
70 73 69066088
70 37 69058307
112 113 69057900
112 113 69057360
40 111 69049922
139 137 68992469
111 91 68990612
43 42 68986840
112 113 68983440
70 44 68974528
85 112 68943780
22 112 68924400
22 17 68924400
68 137 68908093
112 85 68894029
117 130 68889256
19 9 68888237
25 57 68887862
85 112 68882400
131 52 68881744
104 113 68881717
43 36 68876257
112 85 68875980
112 85 68648048
112 73 68647482
112 73 68629440
82 2 68624337
8 11 68624202
81 70 68556337
70 71 68554288
70 71 68553550
88 81 68481227
136 95 68469130
112 113 68438880
112 113 68437860
112 113 68435760
112 113 68399580
43 121 68378729
112 113 68378640
139 45 68378040
113 112 68372700
112 113 68369040
112 113 68323740
112 113 68323380
112 73 68311251
112 113 68287740
95 111 68287347
112 81 68244600
112 73 68208600
112 113 68176680
113 73 68054940
112 113 68044080
113 81 68037485
113 112 68020560
13 11 68014090
112 113 68010540
66 87 67962416
19 8 67947451
78 85 67939370
78 85 67938353
44 3 67934708
26 68 67926475
112 113 67916940
82 2 67785062
137 100 67775510
26 98 67763132
26 31 67763132
8 17 67758281
78 55 67700733
111 78 67698206
90 84 67697915
90 87 67697915
111 78 67697228
111 78 67696869
88 81 67686780
74 130 67683124
3 82 67665675
3 58 67665675
92 130 67443763
82 2 67412244
82 55 67407849
112 113 67401240
112 113 67400340
78 55 67332121
104 113 67330380
36 53 67258387
36 55 67258387
36 34 67258387
78 25 67247259
82 2 67245119
82 2 67183551
82 2 67164185
112 113 67141140
81 113 67091460
43 56 67087457
20 33 67073580
81 29 67073510
13 11 67072917
112 113 67061940
113 112 67060860
81 71 67055460
19 9 67015200
92 130 66836321
139 59 66815059
69 45 66814730
2 50 66751256
139 59 66744339
139 137 66744339
139 59 66741846
139 60 66741846
112 9 66729060
112 17 66726960
90 74 66725412
92 130 66662992
82 3 66650362
18 13 66634258
112 22 66554880
5 71 66545130
139 128 66544465
92 90 66488979
77 64 66459596
19 9 66418140
5 71 66321656
139 100 66207644
139 60 66206184
143 144 66177960
143 144 66094920
143 131 66093300
19 15 66070380
26 27 65973640
49 97 65945048
143 78 65939280
71 145 65880060
112 113 65758440
91 83 65624344
116 73 65616821
40 79 65605137
145 3 65597640
49 38 65597487
61 81 65595720
1 49 65590692
19 23 65556540
91 111 65541739
91 79 65541739
132 52 65533774
0 3 65507760
0 58 65507760
2 55 65505960
113 112 65504820
145 3 65498700
26 30 65450352
2 82 65449080
2 82 65448900
145 71 65428140
2 82 65413080
4 144 65409660
112 113 65403000
61 73 65402820
15 13 65369400
81 53 65365502
40 79 65356010
116 73 65339710
3 82 65339700
3 58 65339700
116 73 65339265
145 3 65338200
82 2 65327100
82 58 65316120
53 81 65284804
114 24 65283060
2 82 65263320
26 36 65262471
136 62 65262182
53 36 65254512
48 126 65251956
48 38 65251956
0 82 65245200
0 58 65245200
0 82 65243940
144 143 65230620
91 79 65024184
129 141 65019077
92 66 65013284
92 87 65013284
143 80 65008503
37 85 64997700
131 0 64981260
3 55 64979940
3 2 64979940
3 0 64978620
4 71 64976820
58 3 64969380
37 85 64959540
37 85 64942680
37 85 64942380
116 73 64920248
112 113 64919820
112 113 64918440
112 113 64915320
145 2 64905240
116 81 64898221
82 58 64885020
26 27 64854910
85 37 64835100
37 85 64832760
0 2 64826400
2 82 64823580
112 113 64815120
119 131 64812480
113 112 64810320
107 73 64799280
19 12 64777560
19 9 64762740
112 113 64756620
15 8 64754340
112 113 64752780
2 145 64744920
112 113 64733700
112 113 64733220
37 85 64729620
85 37 64729200
116 111 64728947
145 71 64728840
0 55 64727640
0 2 64727640
58 2 64726320
26 28 64721886
26 60 64721886
0 58 64719960
2 82 64717500
2 58 64717500
58 3 64713720
15 9 64424160
91 40 64414626
29 52 64407329
29 36 64407329
136 25 64385697
37 85 64345860
131 38 64307292
145 2 64306680
138 1 64303959
131 55 64289280
0 58 64285500
131 144 64280160
145 2 64279380
66 87 64250604
112 104 64217820
112 104 64213080
68 45 64166580
68 137 64166580
68 32 64166580
91 95 64157509
112 113 64146060
116 28 64139216
116 53 64139216
116 47 64139216
116 125 64139216
116 57 64139216
116 83 64139216
116 90 64139216
116 133 64139216
116 127 64139216
52 115 64135724
91 111 64133579
0 2 64130760
0 58 64130760
68 137 64130580
68 32 64130580
37 85 64130183
1 53 64126246
1 21 64126246
97 75 64123526
81 29 64122360
43 25 64119404
125 36 64119054
145 71 64110240
145 2 64108440
71 58 64084800
112 113 64060500
83 79 64045049
94 105 64039452
97 75 64038934
4 131 64038180
112 113 64036440
0 2 64031220
0 2 64030140
0 58 64029600
112 113 64025400
0 145 64025340
4 90 64023180
86 135 63860943
57 41 63787025
115 52 63785576
3 58 63781320
3 55 63779820
3 58 63779820
55 2 63776700
112 85 63773820
112 113 63769380
37 120 63725580
37 85 63721080
113 141 63707160
113 106 63707160
58 82 63701700
22 145 63701700
113 81 63689214
113 18 63689214
3 0 63688440
37 85 63655920
2 58 63628020
3 2 63622620
3 58 63622620
53 97 63609259
37 120 63604320
2 0 63592020
2 58 63592020
0 55 63591240
0 145 63591240
76 62 63590580
71 145 63588000
95 91 63549180
18 20 63547500
18 9 63547500
95 91 63538668
37 78 63536040
3 2 63523500
58 82 63523200
58 2 63522540
37 71 63510720
4 71 63509520
37 78 63508020
4 144 63501000
62 60 63463680
37 120 63450900
78 37 63438000
58 82 63435060
116 29 63432300
143 131 63423000
85 37 63418800
62 31 63204420
121 50 63194220
50 121 63193546
131 143 63184440
0 58 63174900
58 0 63174180
62 31 63168420
111 79 63167160
111 83 63167160
57 41 63165660
57 41 63163500
112 113 63163200
1 49 63152640
49 38 63117660
112 113 63101340
146 48 63099420
11 13 63087946
0 55 63079800
145 2 63070380
113 112 63070260
41 115 63019235
131 55 63013500
132 52 63012647
58 111 63004440
1 21 62980620
38 49 62949420
111 78 62948340
112 113 62933040
85 37 62931480
112 113 62931000
45 68 62921700
111 78 62914980
58 2 62905500
58 3 62905500
4 71 62898000
71 145 62895180
18 20 62872500
121 42 62841588
116 28 62824776
61 81 62819700
58 95 62819460
58 82 62818020
68 32 62816220
145 2 62812200
57 41 62608740
57 139 62608020
57 139 62606580
112 113 62598000
112 113 62581440
11 17 62573010
57 139 62572020
120 85 62503980
25 78 62498940
141 120 62487540
9 81 62446620
25 42 62432040
25 136 62432040
1 21 62429520
116 111 62424560
116 36 62424560
116 52 62424128
116 27 62422995
116 28 62422995
116 52 62422995
1 126 62393520
1 21 62385960
136 139 62347740
92 130 62334720
112 113 62332140
104 112 62329080
121 42 62328680
111 40 62325840
111 83 62325840
116 77 62324162
58 145 62322540
120 25 62321520
145 2 62303100
4 90 62302860
2 145 62300100
0 58 62291700
18 33 62288280
74 92 62284620
136 109 62267340
81 111 62266560
22 17 62255500
81 28 62248602
81 52 62248602
1 49 62243640
78 25 62237220
143 144 62225940
104 141 62224320
37 131 62212860
71 145 62208840
74 130 62017560
138 38 61990800
20 17 61982621
104 112 61972080
131 144 61970160
1 126 61968060
120 37 61964100
122 78 61962480
58 82 61957380
9 18 61951860
112 113 61950240
4 90 61939500
25 147 61907580
116 113 61887591
131 144 61869900
117 102 61856820
40 79 61834740
139 8 61813974
139 11 61811610
112 113 61808100
4 144 61808100
94 71 61803720
0 2 61802880
40 95 61798740
2 0 61790940
0 3 61785840
112 113 61782480
0 145 61771680
105 22 61735832
1 138 61735500
131 55 61727039
57 41 61726800
57 139 61726800
112 113 61723800
88 29 61721797
122 136 61711440
139 112 61710360
116 73 61700214
2 131 61696800
0 2 61692960
57 41 61690800
38 126 61655040
111 83 61651560
38 138 61650660
107 88 61648113
18 20 61629600
58 2 61626660
58 0 61626660
58 0 61621380
38 146 61619040
145 2 61617600
145 2 61617300
116 73 61617088
145 58 61614240
4 90 61613940
145 2 61613820
131 55 61612740
37 85 61607880
61 73 61607760
58 55 61603860
18 20 61599060
78 2 61599000
116 85 61574096
143 78 61396560
11 6 61395194
11 23 61395194
141 20 61391220
20 23 61385793
3 2 61371660
3 0 61371660
2 55 61354680
57 41 61349520
145 2 61341420
141 33 61321860
141 73 61321860
1 38 61318020
78 143 61302720
78 143 61299900
2 145 61283400
105 22 61282320
1 38 61282020
37 120 61281480
145 2 61281480
131 55 61273380
112 113 61268520
112 113 61268460
0 2 61264620
8 6 61215484
8 139 61215484
78 55 61212360
78 131 61209060
112 113 61189920
131 55 61187160
0 3 61176540
3 58 61167000
6 22 61128899
58 82 61112760
112 113 61112640
116 62 61105436
143 144 61101060
0 2 61088100
0 145 61088100
37 120 61066680
37 85 61036680
145 0 61018560
2 145 61018080
113 112 61017480
145 58 61015800
131 145 61015080
37 85 61013520
18 20 61004700
2 145 61001820
37 85 61000680
37 85 60999900
57 139 60999120
85 37 60998400
3 0 60997740
3 145 60997740
145 58 60761700
139 33 60759180
139 17 60759180
117 90 60759120
11 6 60756496
0 2 60753540
0 58 60753540
0 145 60753540
37 85 60682560
58 82 60681600
20 23 60671356
139 22 60671109
139 6 60671109
112 113 60661680
57 41 60655800
2 3 60649140
57 25 60644400
88 81 60607080
145 2 60582660
111 78 60570960
4 90 60505740
37 85 60504720
131 144 60502980
116 81 60502049
17 11 60499728
17 139 60499728
131 144 60495540
3 0 60488460
3 58 60488460
144 48 60480480
4 90 60477000
85 37 60474000
111 40 60472980
139 8 60438983
139 11 60438983
132 41 60437220
132 78 60430140
91 40 60426780
37 85 60417720
58 82 60415980
37 85 60415200
71 145 60400620
71 145 60400440
112 113 60399840
37 85 60397920
2 0 60390000
6 11 60367144
6 9 60367144
111 78 60353280
81 53 60341400
71 145 60336060
92 66 60171780
0 58 60161640
11 8 60153336
1 21 60151800
112 107 60150180
112 113 60143640
112 113 60143520
112 113 60143040
55 143 60131760
55 78 60131760
143 144 60131580
2 0 60077280
0 58 60075060
139 6 60070503
3 2 60066000
3 145 60066000
112 113 60058740
143 144 60050100
145 2 60049920
2 78 60048360
143 78 60030240
112 113 60010560
2 0 59995980
83 40 59982780
37 120 59981760
55 131 59975400
55 131 59974920
112 113 59973360
66 117 59970720
112 113 59970360
113 112 59968920
111 83 59958240
113 112 59954760
94 53 59946420
132 78 59922960
116 81 59899334
143 144 59897700
47 110 59896020
37 120 59894220
37 119 59894220
119 37 59892180
119 120 59892180
58 0 59878500
143 78 59877300
2 145 59872020
57 25 59870040
131 78 59830860
78 85 59817960
38 146 59812140
38 48 59812140
55 131 59811840
71 94 59797500
143 78 59794080
6 15 59566354
112 113 59559300
9 13 59553840
9 19 59553840
9 18 59553840
40 111 59545740
40 79 59545740
88 81 59541060
40 95 59540400
40 83 59540400
37 85 59539980
112 113 59533740
0 2 59530500
95 79 59529780
22 139 59523480
78 25 59477400
95 91 59463060
95 40 59451540
85 37 59446020
2 3 59443440
2 145 59443440
57 41 59442480
143 78 59438880
25 85 59397900
55 131 59383980
22 33 59381880
22 17 59381880
139 6 59379573
55 78 59375580
0 145 59366100
112 113 59359140
91 95 59358420
58 3 59357400
58 145 59357400
3 2 59354520
3 0 59354520
55 143 59351640
55 131 59351640
139 6 59302576
139 11 59302576
139 17 59290366
58 3 59290140
131 37 59276940
119 120 59276460
58 2 59274180
22 139 59271660
58 95 59264340
143 55 59261160
25 51 59229840
0 3 59202900
0 145 59202900
37 85 59198640
145 2 59192460
131 55 59187780
92 117 59185200
143 131 59176980
20 23 58967057
112 113 58962180
112 17 58958040
6 8 58956326
6 19 58954471
58 82 58954020
22 6 58948980
117 130 58941540
117 92 58940340
95 40 58937280
149 112 58928220
149 78 58928220
149 84 58928220
149 114 58928220
149 113 58928220
149 24 58928220
148 149 58926840
148 149 58924080
58 82 58867620
85 120 58863600
144 131 58852860
145 58 58851420
112 113 58842420
2 3 58837800
92 66 58834800
92 117 58834800
2 78 58780860
148 149 58776840
112 113 58776840
95 91 58772700
58 145 58762980
71 58 58761060
112 113 58756560
112 113 58752960
111 83 58709460
57 142 58697580
57 25 58697580
57 139 58697580
58 2 58690680
112 139 58690500
58 111 58685460
2 145 58684620
112 113 58683240
145 2 58674360
112 113 58670340
112 113 58667820
145 2 58663080
57 121 58657980
111 83 58657980
81 53 58625220
25 122 58623060
107 73 58614840
2 0 58613640
81 53 58607640
58 95 58602300
58 111 58602300
120 37 58579200
3 58 58576560
94 73 58393500
11 6 58344970
11 8 58344970
37 126 58340040
116 81 58339405
58 111 58339020
112 113 58329720
112 113 58260180
149 112 58260000
145 2 58258200
145 0 58258200
131 143 58243680
145 2 58240680
145 0 58238280
78 37 58234500
125 34 58227960
37 120 58194780
25 147 58192140
25 136 58191960
112 24 58186740
112 113 58184700
112 113 58174260
81 29 58172479
1 138 58152540
112 113 58152360
116 81 58107677
112 148 58098960
3 55 58076160
145 2 58075680
92 149 58075620
113 112 58069140
78 85 58058880
58 0 58001280
58 145 57986400
25 42 57981540
58 3 57978000
2 145 57971280
2 145 57970260
1 47 57816240
1 49 57816240
58 82 57744360
3 55 57737220
3 58 57731340
117 66 57725220
38 47 57720900
58 82 57713400
2 0 57654960
117 66 57648180
117 114 57648180
112 113 57638580
112 113 57638520
37 85 57635520
117 92 57634980
112 113 57634260
112 113 57634140
25 57 57588180
112 22 57576780
58 82 57571380
112 113 57570000
37 120 57564900
58 2 57555480
145 2 57552120
145 58 57552120
117 66 57481800
58 82 57454920
25 42 57415080
112 113 57404400
112 24 57399960
117 66 57399120
92 109 57397860
37 119 57396420
22 33 57394560
58 71 57381180
58 145 57377640
3 55 57376980
3 58 57376980
113 112 57373080
37 120 57371520
37 131 57367980
119 37 57364320
25 136 57225900
119 37 57133140
119 120 57133140
143 55 57130740
126 37 57129900
112 113 57126000
131 144 57121500
58 3 57103800
149 148 57052680
0 2 57049080
142 122 57045540
58 0 57038880
2 145 57034860
143 131 57032760
57 139 57029700
92 117 57027960
0 2 57025740
0 2 57025260
117 66 57023760
55 3 57022800
2 3 57020580
55 0 57017040
117 66 56966640
117 87 56966640
58 82 56965860
2 145 56963760
57 139 56962620
112 113 56950620
112 113 56945280
117 24 56944200
73 29 56941920
37 120 56939040
0 2 56938440
51 25 56930280
112 139 56888640
112 113 56881200
37 120 56870640
112 113 56859600
0 2 56854920
58 0 56851140
58 145 56851140
145 0 56849100
145 58 56849100
58 82 56794680
112 113 56788680
2 0 56775780
145 58 56772060
111 83 56710980
22 139 56557368
139 17 56554978
0 3 56532960
112 113 56532420
112 24 56532420
112 113 56531700
112 24 56531700
11 17 56531016
143 55 56526480
57 136 56526240
37 126 56525040
112 113 56512260
2 58 56505000
41 132 56504760
38 1 56501640
2 0 56447520
139 8 56447199
139 11 56447199
57 56 56445720
2 0 56443020
0 2 56439600
0 145 56439600
22 139 56439180
112 113 56439000
112 24 56433540
15 6 56430813
117 92 56428500
92 117 56426520
112 113 56381100
143 144 56357520
116 85 56299910
116 73 56299626
139 6 56286300
112 113 56280060
112 104 56279340
112 113 56275860
2 0 56270940
149 42 56268840
112 24 56268300
61 81 56268240
112 148 56257980
112 113 56253420
112 24 56253420
145 2 56250720
2 3 56245140
2 3 56243880
116 73 56183434
112 24 55942920
112 113 55942620
117 66 55928640
117 87 55928640
2 55 55917660
85 37 55908000
120 37 55900320
120 37 55897980
25 136 55896780
11 8 55875240
79 81 55867740
79 38 55867740
20 23 55852620
2 0 55841460
78 55 55832580
149 113 55832280
111 29 55829520
149 112 55829520
149 42 55829520
79 111 55828140
79 146 55828140
149 107 55827360
149 24 55827360
2 58 55819500
2 0 55819440
112 139 55814340
58 2 55814040
58 3 55813860
143 131 55812660
112 24 55809540
112 113 55763760
112 113 55761720
112 24 55761720
37 131 55757940
131 143 55752840
92 87 55747020
58 2 55665120
58 71 55663860
58 2 55663860
47 110 55652280
131 55 55649220
22 9 55647300
112 113 55646640
2 145 55591440
22 139 55586580
117 92 55578360
145 2 55570500
112 113 55569360
112 24 55569360
2 0 55559580
148 117 55549800
148 130 55549800
148 114 55549800
148 87 55549800
148 92 55549800
111 83 55548120
22 139 55506660
72 102 55498920
72 140 55498920
22 139 55324980
9 22 55322940
9 139 55322940
2 0 55322820
2 3 55322820
111 61 55317300
131 143 55314120
112 113 55311600
112 113 55300980
91 111 55292100
58 82 55236300
61 111 55231920
112 113 55231500
112 113 55229880
2 3 55227240
57 56 55222380
0 58 55218060
0 145 55218060
149 42 55214040
131 143 55151760
117 66 55148880
116 111 55141307
116 38 55141307
58 144 55140000
91 111 55131240
2 3 55070160
2 145 55070160
25 57 55066800
22 37 55065900
2 0 55065180
2 3 55065180
112 113 55054800
113 112 54973740
113 112 54973500
2 58 54960360
58 144 54955260
58 145 54954720
58 145 54953460
2 0 54952500
113 112 54948000
22 139 54892440
112 113 54829020
149 42 54757380
149 113 54757380
11 6 54740280
11 8 54740280
11 17 54740280
88 49 54720000
79 88 54710160
11 6 54697080
2 0 54694860
131 144 54691140
139 6 54672540
2 145 54639780
149 25 54630600
149 107 54630600
58 3 54628380
112 113 54628320
1 38 54623760
149 112 54603360
149 148 54603360
149 107 54603360
0 3 54601740
112 113 54543360
91 139 54538020
117 87 54531900
111 91 54514620
107 88 54498660
116 129 54482005
2 0 54458580
82 71 54458520
117 90 54452640
22 6 54449520
22 9 54449520
2 58 54439380
107 88 54437640
107 105 54426600
143 131 54424560
25 42 54423780
112 113 54373620
111 73 54369540
112 113 54300840
11 17 54136080
112 149 54121920
0 2 54112740
0 58 54112740
0 145 54112740
148 42 54106680
148 24 54106680
11 6 54092880
11 8 54092880
58 82 54085380
112 113 54023400
92 149 54014760
136 142 54010080
136 75 54010080
136 121 54010080
136 25 54010080
136 122 54010080
112 113 54000900
58 3 53999760
22 6 53994060
91 40 53993280
2 58 53943000
58 0 53938200
58 145 53938200
58 145 53935500
11 6 53931000
139 91 53926980
58 0 53923080
112 113 53917920
111 95 53914860
25 136 53872560
112 24 53861400
2 0 53858640
58 145 53847540
2 3 53845620
88 61 53835480
112 24 53832660
112 113 53832060
11 6 53821800
38 40 53774880
61 88 53770560
112 24 53757720
25 57 53754060
88 81 53753820
81 98 53751000
143 78 53750160
2 58 53744880
38 25 53738280
38 146 53738280
99 91 53729040
112 24 53658900
112 139 53657940
112 113 53616960
112 24 53616960
143 122 53497980
22 139 53495220
112 9 53484180
112 113 53482680
22 9 53425860
58 0 53419920
2 3 53399460
92 130 53390940
22 17 53353320
58 82 53323500
149 105 53314860
112 24 53272980
57 56 53242800
142 136 53224680
22 17 53137320
88 81 52924020
112 113 52913580
117 102 52896000
131 143 52894680
22 139 52810320
111 95 52810260
57 41 52810140
55 143 52809480
112 149 52792680
131 143 52733280
143 131 52725780
131 143 52725180
55 143 52704300
112 113 52664580
2 0 52638060
55 143 52612560
1 126 52610160
1 21 52609920
57 41 52554600
57 56 52554600
47 110 52546320
47 110 52545780
122 57 52541640
2 58 52538940
58 82 52291500
92 130 52269240
0 2 52267620
117 24 52219080
117 109 52218540
117 114 52218540
9 112 52208760
139 11 52205820
112 24 52205460
58 3 52204860
58 0 52203660
58 145 52203660
58 82 52187520
112 113 52137900
112 24 52133400
117 87 52128900
57 41 52124040
111 95 52123500
2 0 52115220
112 113 52113180
112 113 52112760
112 24 52112760
57 41 52111260
112 113 52109220
40 53 52104420
58 145 52100340
112 24 52041660
58 82 52039920
92 66 52029540
113 104 52018980
120 37 52010100
112 24 51766680
37 120 51691380
40 91 51679920
112 149 51677040
25 142 51624900
112 113 51620940
22 17 51579420
112 113 51535800
68 137 51522360
22 9 51500580
2 58 51493260
120 37 51490380
25 51 51489780
25 142 51489780
112 148 51442680
112 113 51442680
112 148 51428880
112 113 51428880
112 17 51414840
112 148 51414240
2 0 51065340
112 113 51011220
117 109 51006420
112 148 50979180
112 113 50909820
112 24 50909520
2 3 50907540
2 3 50905620
2 3 50904660
58 2 50897640
112 113 50896560
22 18 50892240
22 17 50892240
2 0 50886540
113 112 50837640
2 0 50832780
2 3 50832780
2 58 50832780
57 56 50817600
112 113 50813760
88 141 50810100
88 107 50810100
2 0 50802720
58 82 50802660
112 113 50752500
112 113 50744460
149 112 50740080
22 17 50727240
120 37 50714940
58 82 50488320
37 120 50487660
142 47 50474520
22 139 50453340
22 17 50400240
22 139 50400240
131 143 50393040
148 149 50389860
148 109 50389860
148 63 50378520
148 112 50378520
148 117 50378520
148 130 50378520
148 84 50378520
148 87 50378520
112 149 50378280
112 113 50378220
112 149 50320920
104 141 50315820
104 61 50315820
104 81 50315820
104 20 50315820
104 73 50315700
104 106 50315700
104 18 50315700
20 23 50312160
120 37 50309640
112 113 50296980
112 24 50296860
111 73 50296200
112 149 50294220
104 20 50291820
104 18 50291820
112 113 50288940
139 91 50288400
2 0 50288100
148 74 50283600
148 92 50283600
20 13 50259360
112 113 50232780
2 55 50230080
2 58 50229960
112 149 50227800
112 149 50220540
112 113 50220540
20 33 50219520
104 18 50217600
104 20 50217540
104 106 50217480
104 81 50217480
20 23 50216160
112 113 50204220
112 113 50203800
78 2 50198640
0 58 50197860
0 145 50197860
149 112 50196480
2 0 50194440
20 18 50191500
23 20 50141580
17 22 50138100
20 23 50135100
149 84 50120160
68 76 50119020
58 2 50113020
0 58 50112780
148 112 50108400
2 58 50107740
139 17 49870860
112 113 49864860
9 33 49856880
9 18 49856880
88 81 49799760
112 113 49788600
112 24 49776360
21 1 49772580
0 58 49769880
131 144 49710180
71 94 49701960
41 57 49701840
2 3 49698960
9 22 49687440
9 18 49687440
41 57 49685460
57 41 49685220
2 3 49681380
2 145 49681380
58 144 49680060
139 8 49679580
22 139 49621860
9 20 49620180
9 18 49620180
139 17 49617660
9 18 49613400
8 6 49607160
149 71 49600500
0 58 49590720
58 82 49590660
0 58 49529760
148 149 49527480
112 113 49521300
139 6 49518660
8 22 49517700
112 24 49510680
2 58 49507380
17 139 49502400
22 8 49501800
112 24 49285260
112 149 49277040
112 113 49277040
0 58 49270380
104 33 49267740
8 139 49266720
113 112 49257840
6 8 49255380
4 94 49248840
68 45 49245600
120 37 49243860
112 113 49193340
58 82 49188060
8 11 49185720
2 58 49183860
113 112 49180680
2 58 49179240
148 112 49172400
0 58 49171500
112 113 49170120
0 2 49165980
2 0 49164000
25 136 49122060
41 57 49101240
22 6 49101180
22 139 49101180
68 45 49092240
23 20 49086840
112 149 49081140
25 136 49037520
2 3 49017480
2 0 49015440
2 3 49010580
57 41 49005720
2 3 49004880
2 58 49003260
112 113 49002420
9 22 49001940
81 73 48997260
149 66 48993420
149 84 48993420
58 3 48987720
58 145 48987720
2 3 48985200
139 8 48935220
2 58 48898140
2 145 48898140
114 102 48837120
74 102 48797700
2 58 48495360
149 112 48480660
149 112 48480240
11 17 48478620
113 112 48477360
112 149 48477120
112 113 48472020
113 112 48420660
22 6 48403740
55 131 48397440
148 113 48394920
149 148 48393180
148 149 48390000
139 6 48388500
139 11 48388500
68 45 48387780
112 113 48386760
126 38 48379560
112 113 48331800
22 139 48323820
132 41 48314220
22 9 48305700
120 37 48297660
6 11 48295020
68 45 48294000
148 113 48063780
112 113 48056940
56 51 48049140
56 42 48049140
148 109 48047340
148 84 48047340
148 24 48047340
122 142 48031560
34 143 47972280
112 148 47965500
112 149 47964780
0 2 47962380
0 58 47962380
0 2 47961360
148 113 47949000
2 145 47947680
144 143 47892360
91 95 47891460
82 3 47889900
58 2 47889780
58 2 47879460
136 139 47877840
29 73 47874000
112 149 47869800
78 117 47869440
112 113 47869260
81 29 47862300
81 94 47862300
20 23 47859300
94 81 47830440
94 58 47830440
58 82 47806440
126 37 47805600
58 0 47801040
58 145 47801040
58 0 47795340
138 1 47794980
61 94 47793300
58 82 47781300
82 58 47781120
68 76 47779620
34 143 47718900
92 66 47718120
58 2 47714520
18 73 47711040
58 111 47691660
149 112 47457180
149 84 47457180
148 113 47457120
82 58 47450880
112 149 47446560
112 149 47444040
1 126 47438820
18 20 47438460
58 144 47432220
112 113 47384640
149 113 47375520
58 3 47371620
58 81 47367900
143 131 47351640
148 117 47282040
148 102 47282040
148 109 47282040
148 87 47282040
22 139 47269200
148 112 47254740
139 6 47201400
58 2 47192940
58 145 47192940
58 144 47192160
8 11 47191320
112 113 47190720
57 64 47185980
112 113 47178420
149 64 47172660
25 136 47135340
58 82 47115480
22 9 47115240
139 6 47110380
2 3 47102160
6 11 47089680
25 136 47039220
112 149 46943520
112 149 46942680
58 144 46858740
58 2 46856820
58 145 46856820
58 82 46855560
22 9 46848060
112 113 46847880
2 58 46844220
37 120 46843800
0 58 46837140
139 9 46835580
149 112 46829700
2 0 46827060
2 3 46826880
149 112 46773300
149 24 46773300
2 145 46770660
149 112 46767240
58 81 46761600
91 95 46760460
58 0 46754880
139 95 46746120
0 2 46743840
58 82 46682700
0 55 46677480
0 58 46677480
0 145 46677480
41 57 46675680
112 113 46669800
71 113 46664820
41 57 46659240
2 58 46653840
95 91 46618260
58 144 46597800
58 29 46596900
126 37 46594680
82 0 46591920
148 64 46585200
148 72 46585200
11 6 46577340
38 138 46571700
8 15 46570680
22 9 46570140
131 144 46570140
41 57 46564440
58 82 46510620
145 2 46487340
37 120 46486380
0 55 46484820
0 3 46484820
120 37 46481880
139 136 46481460
0 55 46252680
0 2 46252680
0 58 46252680
58 0 46247460
131 143 46229580
9 13 46228320
9 139 46228320
149 112 46227660
2 3 46226340
11 8 46224420
58 82 46222440
58 144 46222440
61 18 46221720
2 3 46220880
71 145 46164240
0 58 46148520
2 3 46141680
2 145 46141680
112 149 46134120
58 82 46081680
148 112 46071660
148 149 46071660
120 37 46069020
38 138 46063920
112 149 46061580
2 0 46059300
2 58 46049820
112 148 45987960
22 6 45984420
58 82 45984240
58 0 45983880
1 138 45894180
57 56 45882660
0 2 45875820
144 143 45639780
2 0 45628080
112 113 45624540
58 144 45539820
139 136 45532080
58 0 45531600
58 145 45531600
58 82 45527040
88 141 45491700
131 37 45466860
149 24 45464400
22 9 45462960
81 58 45453780
57 56 45451560
25 142 45390600
25 122 45390600
0 2 45388320
58 3 45381600
82 0 45381420
82 3 45381420
58 3 45381240
0 58 45380100
58 2 45374520
58 145 45374520
41 57 45356160
112 24 45311220
2 144 45297900
58 2 45288660
58 144 45042300
0 145 45037980
139 136 45036300
22 139 45024000
112 149 45016860
55 3 45015420
149 24 45014580
57 41 44954880
112 149 44940300
0 58 44938800
139 9 44936880
112 149 44928840
38 83 44914920
38 48 44914920
143 58 44857440
0 2 44845440
71 4 44783520
82 58 44780040
41 57 44768580
57 41 44757300
58 144 44749140
1 138 44693100
112 113 44685720
139 9 44675340
112 113 44430240
41 57 44419140
112 148 44417520
112 149 44412300
139 112 44340540
139 8 44340540
112 139 44339340
112 139 44338800
47 38 44336700
47 110 44250480
112 113 44235420
149 113 44233620
25 51 44196420
25 142 44196420
25 57 44196420
58 2 44171880
2 58 44147880
120 37 44147100
105 106 44105040
112 113 44097360
146 111 44093520
120 37 44064420
0 2 44064420
1 21 43827660
58 2 43822860
58 145 43802640
58 144 43743120
139 9 43740000
2 0 43718880
2 3 43718880
2 145 43718880
58 2 43716720
58 0 43716720
58 82 43658700
57 41 43645680
58 3 43630320
58 82 43570140
58 144 43570140
112 139 43547640
4 0 43544700
112 139 43486560
58 144 43483440
58 2 43234260
2 58 43233780
82 3 43219620
82 58 43219620
58 82 43217580
112 113 43215180
126 38 43148760
139 6 43141020
139 8 43141020
57 56 43116540
126 38 43109520
58 2 43047360
2 0 43027500
2 58 43027500
2 145 43027500
58 82 42964740
139 136 42951660
139 8 42948960
139 17 42948960
131 144 42947160
58 144 42939120
2 58 42879600
139 136 42876300
6 19 42867060
58 3 42863880
38 131 42805680
58 144 42620640
2 58 42595140
58 82 42537000
58 144 42537000
111 81 42533820
57 56 42533640
149 63 42512520
149 24 42512520
1 21 42502440
112 149 42469740
57 64 42435060
112 113 42429360
2 3 42423780
139 136 42421620
57 41 42419460
112 113 42384180
139 112 42357900
2 3 42355800
58 82 42334620
58 144 42334620
58 144 42334020
143 58 42331680
57 25 42330420
131 144 42271740
25 122 42202620
131 144 42018660
149 24 42015540
112 113 41998560
149 84 41995260
149 24 41995260
57 41 41993160
58 82 41988780
112 149 41929200
148 112 41910120
57 41 41909340
58 144 41907720
71 145 41905980
112 113 41858640
149 112 41849760
82 58 41844660
1 21 41841960
145 71 41841480
1 21 41837760
149 113 41815860
2 0 41814060
41 57 41757420
22 8 41745000
22 9 41745000
1 138 41730720
41 57 41729280
112 139 41411520
112 113 41400180
41 146 41393340
125 41 41315460
125 51 41315460
125 25 41315460
125 38 41315460
125 48 41315460
1 38 41314320
22 6 41304360
41 125 41298000
1 21 41234160
149 112 41223180
112 113 41219400
38 83 41217480
9 6 41215260
9 8 41215260
9 19 41215260
9 11 41215260
139 6 41155200
22 17 41140260
112 149 41130360
112 113 41130060
145 2 41122020
58 144 41063040
58 3 41062080
58 145 41062080
1 138 41060640
137 68 40981860
111 38 40966920
58 144 40810860
57 56 40789080
55 34 40689240
58 82 40639740
143 37 40631460
38 1 40617900
38 21 40617900
38 79 40617600
38 83 40617600
38 138 40617300
38 48 40617300
139 22 40612500
58 144 40605180
58 2 40545480
2 3 40535400
58 82 40519920
149 148 40490400
57 41 40454340
8 11 40451700
8 17 40451700
111 146 40447320
41 57 40438500
58 2 40434420
58 82 40434180
88 49 40207380
15 11 40197000
131 120 40182180
41 57 40179960
145 3 40178220
82 58 40177920
58 144 40112400
139 11 40112220
58 145 40109160
149 87 40106640
41 57 40099740
60 76 40098480
38 111 40026060
38 25 40026060
38 83 40026060
58 0 40017180
149 113 40016640
111 29 39995640
58 71 39945420
58 82 39945420
58 144 39945420
58 3 39945360
58 145 39945360
58 82 39936780
2 3 39934680
38 146 39934500
8 17 39932520
58 71 39931860
0 58 39912840
38 111 39859560
38 83 39859560
57 56 39832500
57 41 39828180
22 139 39754020
61 98 39568620
58 144 39482880
58 3 39417780
111 61 39404760
139 17 39342840
58 144 39340860
111 61 39327480
13 17 39310320
58 71 39309840
57 41 39249000
57 41 39247560
41 57 39244980
37 120 38994480
58 3 38994420
58 145 38994420
58 81 38968320
22 6 38910360
22 6 38901420
22 17 38900940
62 35 38873340
58 71 38820660
58 82 38820660
6 11 38814960
144 58 38720640
142 122 38710380
22 6 38644320
8 11 38643120
144 58 38642700
58 2 38629620
58 145 38629620
22 17 38629140
58 3 38625420
57 64 38623800
9 20 38573460
9 17 38573460
131 143 38391300
1 138 38364780
1 21 38353980
8 13 38289180
8 11 38289180
1 21 38285340
57 41 38279520
58 81 38275860
1 138 38200680
2 58 38185680
58 29 38132340
2 58 38046120
2 145 38035140
49 34 38034840
22 9 38017980
58 71 37781220
139 11 37755840
139 17 37755840
1 38 37754460
139 11 37746660
139 11 37704780
139 6 37684740
139 17 37684740
57 41 37675620
145 2 37673820
58 144 37614120
145 2 37596300
9 19 37593360
9 20 37593360
9 139 37593360
57 41 37588320
58 144 37580700
57 24 37502040
111 61 37494780
6 11 37420320
142 122 37173840
1 138 37145220
142 122 37144860
58 82 37092960
144 58 37090920
58 82 37090740
58 81 37013160
58 81 37006920
58 81 37006320
81 29 37000980
41 57 36999060
81 58 36994920
131 144 36988020
22 139 36975360
145 2 36928800
112 9 36926520
112 139 36926520
25 136 36923160
25 136 36922800
58 82 36922560
58 144 36922560
41 57 36900300
145 3 36837960
22 6 36825120
22 17 36825120
22 6 36821400
111 61 36817740
145 58 36812700
58 82 36568020
58 145 36566340
131 144 36465420
139 9 36409560
145 58 36405060
58 145 36403740
57 64 36397920
111 95 36397080
99 139 36392520
145 58 36390840
58 144 36385800
91 95 36372720
145 3 35963340
22 6 35959380
41 57 35953920
58 145 35950980
58 145 35948220
58 145 35939040
58 2 35937840
1 21 35898180
145 144 35886660
62 85 35875620
145 2 35866080
145 2 35865960
58 2 35864280
58 71 35862720
58 144 35794680
22 6 35792040
139 6 35777640
139 17 35777640
2 58 35775960
58 144 35774700
58 71 35713140
58 82 35713140
2 83 35704560
58 2 35685840
2 3 35616060
58 2 35611380
145 3 35610540
22 20 35601120
1 21 35592300
1 138 35592300
131 143 35364480
131 144 35364480
1 38 35356080
25 24 35353320
58 82 35344860
145 82 35281140
2 3 35276520
139 17 35267880
1 21 35267280
22 17 35266440
145 2 35265660
145 2 35247660
58 82 35192640
58 82 35180460
139 6 35176440
58 2 35115420
131 144 35106180
58 144 35019780
1 125 35015220
22 6 34995600
145 3 34993860
145 144 34991820
58 71 34990440
22 139 34990020
145 3 34760760
113 112 34756500
145 2 34753500
131 144 34750980
57 64 34739100
41 57 34738800
57 122 34738800
57 64 34736880
99 49 34691340
58 71 34676220
58 145 34667820
145 58 34667520
58 2 34646520
58 71 34593000
2 3 34580280
58 2 34562220
58 71 34561440
58 82 34561440
145 58 34559220
58 145 34558260
142 57 34555620
25 136 34466100
2 145 34420680
145 2 34413900
2 3 34402560
57 41 34389180
2 145 33980460
2 145 33873420
58 2 33872160
2 145 33864420
58 82 33812460
88 81 33811320
145 2 33804360
145 3 33804000
58 144 33553920
2 58 33469140
2 145 33469140
58 3 33464760
58 145 33464760
58 3 33456780
145 58 33453600
145 2 33443640
41 57 33357420
2 145 33347100
58 71 33299340
145 2 33272400
58 3 33266220
145 2 33264300
58 144 32941500
22 6 32934240
58 71 32861880
1 21 32842620
58 2 32836260
9 13 32789760
9 17 32789760
9 12 32789760
2 145 32741280
2 3 32688120
58 82 32687460
145 2 32678580
145 2 32663100
145 3 32659140
22 6 32657700
22 17 32657700
58 82 32652960
111 116 32597760
145 2 32577360
58 144 32342700
145 3 32338020
58 145 32333100
145 2 32315820
145 3 32315820
2 145 32227680
145 58 32163240
145 2 32159040
58 144 32083740
62 35 32083620
62 25 32083620
131 143 32080740
139 19 32079660
145 3 32076900
2 3 32054940
58 145 31997820
58 2 31994040
2 58 31974060
145 2 31731540
145 3 31731120
58 2 31708800
145 3 31655280
22 20 31653540
22 17 31653540
58 144 31647480
37 126 31646280
145 2 31633560
145 58 31633560
145 58 31624680
58 82 31560660
58 144 31560660
2 3 31556280
58 71 31446000
145 3 31398900
2 3 31361820
58 71 31135380
145 3 31108860
145 3 31105980
2 3 31021440
58 81 31015800
58 145 31015800
58 145 30951060
145 58 30938340
145 144 30938100
58 82 30872340
2 3 30850380
145 2 30848160
145 81 30794880
58 82 30778320
58 145 30768180
41 57 30752760
1 21 30506460
3 145 30434640
131 34 30428640
34 131 30428220
37 139 30414660
145 58 30414180
58 145 30408840
58 145 30403920
2 3 30360360
145 58 30345540
2 58 30340200
145 58 30340140
58 145 30322320
145 2 30275520
58 2 30266520
2 58 30265380
1 21 30232140
3 2 30177300
58 82 30172500
1 138 30165720
1 21 30156180
2 58 29911020
2 145 29894460
58 3 29892720
145 2 29842440
145 3 29842440
145 2 29842380
145 2 29728260
1 34 29720340
2 82 29658660
58 145 29651520
22 17 29644260
139 19 29634120
82 2 29631960
2 82 29579520
2 145 29547360
111 29 29478180
2 145 29318520
145 2 29310600
131 145 29309940
2 3 29228820
145 58 29224680
3 58 29223960
139 136 29208120
2 145 29203860
145 144 29144100
111 95 29058540
2 145 29047020
37 132 29044140
145 58 29036940
139 9 28872240
112 6 28784640
112 17 28784640
139 136 28618080
145 144 28524300
58 145 28512000
131 3 28455180
1 38 28434900
1 21 28434300
22 6 28421880
22 139 28365420
145 2 28356840
145 3 28356840
145 2 28344300
41 57 28333320
82 145 28074840
82 2 28025340
1 47 28004340
1 138 28004340
1 38 28004340
1 38 28003320
139 57 28002420
58 71 27987000
58 144 27987000
58 71 27846660
82 145 27829560
2 3 27816960
139 136 27760020
58 144 27735780
58 3 27404700
41 57 27404280
58 3 27396480
2 82 27306180
139 8 27231600
139 17 27231600
2 82 27225360
2 82 27224460
58 27 27223260
58 84 27223260
1 126 27129720
58 71 26901120
58 144 26901120
58 81 26892660
58 82 26892660
58 71 26875200
146 111 26801100
22 6 26800080
1 34 26789520
2 58 26620860
58 71 26541840
58 2 26541840
2 82 26532600
22 139 26528640
22 139 26519040
2 82 26286900
58 144 26263200
58 2 26203140
122 58 26202240
58 82 26198580
58 71 26176440
2 3 26112300
1 34 26110980
58 145 26097300
22 17 26013900
58 81 26009940
58 144 25950480
58 71 25949820
2 145 25949580
58 71 25936380
145 82 25931100
139 17 25928160
1 34 25914120
58 27 25675320
1 38 25594860
139 6 25590300
9 22 25494840
9 20 25494840
58 144 25486200
88 73 25423500
3 2 25408320
22 6 25403640
22 17 25403640
22 139 25403640
1 21 25399020
1 138 25399020
81 98 25346580
81 35 25346580
145 2 25325040
22 6 25083120
22 139 25082520
22 19 25074600
71 113 24988140
9 18 24907860
1 38 24880920
37 139 24880920
139 6 24827520
37 139 24807540
1 21 24796080
2 145 24794880
22 139 24751320
58 71 24396060
58 145 24371220
58 145 24277020
58 145 24126780
58 71 23869740
58 145 23867460
2 82 23864220
58 71 23843880
41 57 23782500
1 38 23690820
22 6 23675700
145 81 23595480
58 81 23266920
139 22 23247660
41 139 23246220
58 82 23244840
2 3 23093040
41 57 23090880
22 139 22915740
2 3 22642860
22 6 22635720
58 71 22579020
58 3 22558080
58 145 22558080
1 38 22490460
88 49 22490400
58 144 22385760
58 71 22376520
2 58 22376160
22 139 22314060
58 143 22311000
1 21 22289100
2 145 21890340
58 71 21883200
58 71 21453600
58 144 21453600
41 57 21362340
58 145 21349260
22 139 21284220
22 139 21277500
1 133 21276900
58 71 21274320
1 38 21268440
71 73 21190860
58 144 21184440
2 82 20829780
58 71 20761920
58 144 20734980
22 58 20646180
1 38 20579460
22 139 20573040
88 56 20153700
88 119 20153700
1 21 20126700
1 138 20053800
1 21 20048340
1 138 20048340
1 138 19986180
1 21 19957080
1 21 19955640
22 139 19895940
1 38 19893420
1 21 19891920
1 21 19889400
1 21 19889340
1 21 19888020
1 21 19887900
1 138 19887900
1 138 19884840
1 138 19878900
1 38 19559760
22 139 19462080
2 82 19453920
2 38 19385460
2 71 19374540
58 144 19295400
58 144 19039020
88 49 19034880
58 71 19006740
58 144 19006740
2 71 19006260
58 144 18926580
58 71 18923760
58 145 18843600
58 144 18747360
58 144 18665280
58 71 18430740
1 21 18416280
58 144 18249840
2 82 18176520
149 113 17491440
2 145 17365500
58 3 16608120
58 145 16608120
2 145 15731280
82 2 15317160
145 3 15216420
82 2 15124860
58 2 14615220
2 82 14426940
58 81 14198760
2 58 14197440
2 3 14172300
2 82 14082480
3 2 13824900
145 71 13324920
145 2 13324740
2 82 13223700
37 22 12964440
58 144 12876180
58 145 12629460
2 3 12359760
2 58 12359760
2 82 12212580
58 145 12178620
58 82 11424660
58 145 11420580
58 2 11152560
2 3 11071920
58 143 10827540
58 145 10827540
2 82 10558800
2 145 10454880
37 143 10391340
2 82 10379280
2 3 10379280
2 3 10379040
2 82 10367820
2 3 9962520
58 144 9950040
2 82 9847500
58 2 9847080
2 145 9797460
2 3 9688980
58 2 9683100
2 3 9603660
58 82 9594240
58 2 9593340
58 145 9593340
58 2 9351120
58 82 9351000
58 3 9351000
58 3 9350340
2 3 9245100
2 145 9105780
58 82 8485500
58 71 8481720
104 141 8380200
58 82 8124240
58 2 8124240
2 3 8062440
2 58 8035860
37 139 7459620
2 82 7201440
2 82 6745440
2 82 6739260
2 82 6737100
2 3 5030820
2 58 5030820
58 82 4859220
58 2 4859220
2 3 4848120
2 58 4848120
2 82 4846800
37 139 4234980
2 145 3218400
2 145 3044880
58 82 1897980
58 2 1827660
58 82 1488960
58 3 1488960
58 82 1302660
2 58 109020
58 82 0
