10 6 90675787
15 16 90647173
13 17 90403288
13 17 90393524
6 17 90390569
13 17 90329722
15 16 90309615
15 13 90306360
15 13 90300256
13 16 90241911
4 2 90227549
13 17 90164867
13 17 90156049
15 13 90150043
15 16 90150043
13 16 90142424
13 17 90142424
15 13 90041449
15 17 90041449
17 15 90039853
15 17 90039850
6 17 89799204
15 10 89531510
13 17 89528744
13 17 89528282
17 13 89486493
10 13 89473036
17 13 89472410
6 13 89219026
6 16 89219026
6 10 89216360
13 17 89200545
4 2 89194124
13 17 89191867
6 17 89187198
13 16 89186457
6 13 89114664
6 17 89114664
6 10 89019431
15 13 89006102
15 16 89006102
6 10 88953876
13 16 88951540
13 17 88951540
13 16 88867878
6 13 88600678
6 16 88600678
6 13 88596433
13 17 88586499
17 13 88585821
17 13 88584870
6 17 88584282
17 13 88583229
17 16 88583229
17 13 88582336
13 17 88581998
17 13 88581385
26 27 88532323
10 13 88520978
10 17 88520978
13 16 88510669
13 16 88496429
16 13 88493328
17 10 88432223
13 17 88423071
13 17 88422518
6 15 88417822
6 10 88237178
16 13 87745230
16 10 87745230
16 17 87745230
13 6 87731158
6 13 87731155
6 15 87728721
13 15 87708649
15 13 87708644
15 17 87708644
6 15 87397941
17 6 87396834
17 6 87308765
6 17 87308518
17 16 87302590
17 16 87302530
17 16 87298222
17 20 87217526
10 13 87217028
26 27 87198824
13 16 87120744
13 16 87112850
26 27 87104661
13 17 87055515
49 41 87022899
49 42 87022899
49 36 87022899
15 13 87018506
15 17 87018506
13 10 86793608
58 2 86791613
20 17 86780934
13 17 86773362
20 17 86700979
13 10 86695249
13 16 86694164
10 13 86693841
10 17 86693841
90 65 86619818
90 72 86619818
90 74 86619818
49 36 86619593
49 36 86619528
49 36 86619337
26 27 86616462
94 36 86605061
49 36 86602717
49 42 86602272
40 95 86600978
40 95 86598730
58 2 86596414
49 91 86593345
49 91 86592351
26 71 86546943
26 27 86542849
6 13 86514625
36 94 86512688
20 17 86507007
42 49 86505799
71 82 86448387
71 26 86448387
71 58 86448387
71 44 86448387
13 17 86444926
49 42 86441567
88 49 86433149
13 16 86418081
15 13 86412786
15 17 86412786
71 82 86265309
71 26 86265309
71 58 86265309
71 44 86265309
13 17 86189099
13 17 86169990
13 16 86165332
16 13 86159888
16 17 86159888
26 27 86115188
13 16 86106324
13 16 86102928
6 13 86102778
6 17 86102778
26 27 86094440
13 16 86086977
13 17 86086977
49 91 86073285
36 26 86070464
26 36 86012257
90 65 86009240
90 72 86009240
90 74 86009240
26 27 86009067
91 49 86005890
49 91 86001920
13 17 85992009
92 90 85991610
26 98 85926202
13 16 85909082
13 17 85909082
65 74 85868026
65 74 85853626
13 17 85838660
13 15 85816331
15 13 85805357
15 17 85805357
26 36 85772033
13 16 85570946
13 16 85494995
13 17 85494995
13 16 85494240
13 17 85494240
13 16 85475335
13 17 85475335
13 16 85472234
13 10 85471949
13 16 85471047
13 16 85470319
13 17 85408694
42 36 85399839
10 13 85393740
10 17 85393740
104 105 85326926
104 88 85326926
17 13 85318645
13 17 85315698
10 13 85306193
10 17 85306193
4 82 85304575
92 90 85298333
15 13 85289472
15 17 85289472
36 26 85254077
26 36 85243167
26 36 85242542
26 27 85048048
26 98 85048048
10 13 84979478
2 4 84973076
13 10 84970240
13 17 84961362
111 95 84955731
13 16 84953499
17 13 84953049
13 17 84951367
13 15 84947325
13 16 84947325
15 13 84944028
15 10 84944028
13 10 84894227
10 13 84894167
13 17 84892516
13 17 84891174
104 105 84811762
104 105 84803774
104 88 84803774
6 13 84803766
17 13 84803355
26 36 84799961
114 74 84794137
26 27 84793890
95 111 84788431
95 40 84788431
95 111 84787920
40 95 84785354
40 111 84785354
4 2 84722167
49 91 84709071
58 95 84708969
58 111 84708969
58 2 84707951
49 91 84702574
13 17 84700572
10 13 84636089
4 2 84635818
6 15 84634352
6 13 84634352
17 13 84634141
13 17 84634117
17 6 84631302
17 13 84631302
2 4 84627360
6 13 84621742
82 2 84621683
13 16 84621049
4 2 84612093
13 17 84611776
17 13 84610563
13 17 84610187
15 13 84607913
15 13 84598861
104 105 84375788
104 88 84375788
17 13 84375707
13 17 84374619
13 17 84374128
104 105 84369530
104 88 84369530
104 105 84367795
10 13 84366728
13 10 84355364
49 91 84353118
49 91 84343458
91 49 84287615
41 115 84282834
104 105 84280283
104 88 84280283
49 91 84279976
13 16 84275629
74 72 84273829
74 72 84269392
13 10 84264375
91 95 84263749
10 13 84263510
95 91 84262795
17 13 84261017
13 16 84260938
13 17 84260938
13 17 84256514
49 91 84256182
13 17 84200258
4 2 84198897
10 13 84191147
91 95 84182902
49 91 84182879
10 13 84176082
104 105 84176069
104 88 84176069
13 17 84115661
13 10 84104485
13 17 84104485
26 71 84094301
26 71 84094266
49 91 84091172
13 17 84087443
26 71 84027720
13 17 84027022
13 16 84026877
6 13 84020054
104 105 84019464
13 17 84006029
13 17 84005266
13 17 84004543
13 17 84004512
13 16 84002626
13 20 84002218
13 17 84002218
13 17 84000092
104 105 83993921
104 105 83764727
13 17 83763558
13 17 83763279
49 91 83756023
115 41 83747856
13 16 83741000
13 20 83683796
13 17 83683796
2 58 83680443
111 91 83663515
49 91 83659403
49 91 83653543
90 65 83578044
90 72 83578044
13 10 83577308
90 65 83575560
90 72 83575560
49 91 83574731
90 65 83571549
90 72 83571549
90 117 83571549
13 16 83568488
13 16 83568345
49 91 83566030
26 27 83431026
26 71 83431026
26 98 83431026
26 27 83430365
26 71 83430365
26 98 83430365
104 105 83415524
90 65 83412342
90 72 83412342
90 117 83412342
26 27 83320328
26 71 83320328
10 13 83161495
10 13 83160797
20 10 83160233
10 13 83160229
10 20 83160229
13 10 83158783
20 13 83158265
20 10 83158265
20 17 83158265
13 20 83157851
13 10 83157851
13 17 83157851
20 13 83157142
20 10 83157142
13 10 83156915
10 13 83156530
10 20 83156530
49 91 83149489
20 17 83139314
10 13 83138804
10 13 83078539
13 16 83057349
13 17 83057349
13 17 83048563
4 71 83045485
13 17 82966897
13 17 82965996
26 27 82796547
26 27 82616767
17 13 82543506
26 71 82537746
17 10 82536181
4 71 82460197
88 71 82453761
58 95 82386051
58 111 82386051
58 44 82386051
124 120 82384511
58 82 82372189
49 91 82366454
95 111 82363778
16 13 82362529
44 71 82309698
13 16 82305869
13 17 82305869
49 91 82274600
49 91 82273582
13 16 82272971
13 16 82272923
15 13 82251153
17 13 82214524
104 105 82207419
124 120 82204650
6 13 82200192
13 17 82196335
13 17 82196042
13 17 82196012
13 17 82195973
13 17 82195937
13 16 82178770
71 26 82016328
26 71 81965296
17 13 81949773
17 16 81949773
120 124 81943584
40 95 81931096
40 95 81927445
91 49 81863878
49 91 81862426
120 124 81860679
124 120 81858762
124 120 81858534
49 91 81857562
49 91 81852634
15 13 81848238
120 124 81847501
13 17 81844335
125 41 81842223
125 36 81842223
125 48 81842223
40 95 81840531
13 16 81788767
13 10 81788767
13 17 81788767
40 95 81774994
17 13 81765828
17 16 81765828
17 10 81765828
10 13 81760725
120 124 81760392
16 13 81689099
40 95 81686990
13 10 81670479
40 95 81668009
10 16 81667453
10 16 81613392
10 16 81613116
40 95 81601467
40 48 81599815
111 95 81598776
111 40 81598776
13 17 81589921
13 16 81587933
40 111 81587670
40 111 81585780
40 95 81585150
120 124 81584921
40 95 81341164
20 13 81333639
20 16 81333639
20 10 81333639
65 92 81288396
4 2 81276914
91 95 81261175
91 111 81261175
91 40 81261175
40 95 81256088
58 95 81254422
58 111 81254422
58 44 81254422
92 90 81249584
10 13 81239708
10 17 81239708
49 42 81231515
40 95 81170209
40 95 81144222
91 95 81095353
91 111 81095353
91 40 81095353
40 95 81087280
111 95 81086588
58 82 81085864
58 95 81078773
58 111 81078773
58 44 81078773
120 124 81065533
58 95 81064280
58 111 81064280
58 44 81064280
58 95 81064242
58 111 81064242
58 44 81064242
6 10 81062557
111 95 81061998
40 95 81056168
71 44 81016376
91 95 81012296
91 111 81012296
91 40 81012296
111 95 81002340
40 95 81000504
49 91 80987748
10 13 80975432
40 95 80974636
49 42 80973387
44 58 80936738
95 111 80737394
120 124 80720127
58 95 80716613
58 111 80716613
58 44 80716613
91 95 80665227
91 111 80665227
91 40 80665227
91 95 80661137
91 111 80661137
91 40 80661137
124 120 80657700
94 88 80655967
94 88 80655939
92 74 80655150
40 95 80654247
40 111 80654247
10 13 80652060
58 95 80651641
58 111 80651641
58 95 80650768
58 111 80650768
58 44 80650768
92 74 80640750
13 16 80639849
13 17 80639849
111 95 80630087
111 40 80630087
2 71 80577666
2 26 80577666
91 95 80575423
91 111 80575423
91 40 80575423
111 95 80559363
94 88 80498397
4 71 80489476
91 95 80488177
91 111 80488177
91 40 80488177
91 40 80483779
13 17 80480018
44 71 80475026
13 17 80474907
13 16 80461956
10 13 80461461
120 124 80459340
10 13 80458801
10 17 80458801
82 2 80457853
82 58 80457853
82 44 80457853
91 95 80400360
91 111 80400360
91 40 80400360
6 20 80393637
6 17 80393637
95 111 80380500
82 71 80379945
20 17 80378954
105 104 80374504
95 111 80371346
49 42 80367252
104 105 80362403
17 10 80202159
20 17 80145848
20 17 80136969
49 42 80128801
49 120 80128801
91 95 79975238
91 111 79975238
91 40 79975238
2 44 79962777
82 71 79961881
82 2 79961881
20 17 79961691
10 13 79953356
10 17 79953356
82 71 79951917
120 49 79951576
124 120 79950802
20 17 79947160
120 124 79942336
82 2 79940311
82 58 79940311
82 44 79940311
82 2 79940097
82 58 79940097
82 44 79940097
10 13 79937137
10 16 79937137
91 95 79886487
91 111 79886487
91 40 79886487
58 44 79885754
44 82 79885697
44 2 79885697
44 58 79885697
10 13 79883105
10 17 79883105
124 120 79881963
10 13 79876378
10 17 79876378
82 2 79874320
82 58 79874320
82 44 79874320
10 13 79862304
10 17 79862304
17 13 79862076
17 10 79862076
82 71 79858988
82 2 79858988
82 58 79858988
17 13 79855195
17 10 79855195
91 111 79853146
111 91 79853133
91 95 79805276
91 111 79805276
91 40 79805276
4 71 79797568
58 82 79797122
82 71 79797117
82 2 79797117
82 58 79797117
10 17 79796707
13 17 79795704
10 13 79795362
10 17 79795362
4 71 79794994
71 4 79790043
41 115 79788386
6 13 79787195
4 71 79785234
41 115 79779007
115 41 79778892
41 115 79778805
115 41 79778687
2 82 79776287
10 13 79776016
10 17 79776016
17 13 79774079
17 10 79774079
20 17 79773390
4 71 79772231
17 10 79772043
49 120 79769613
10 13 79769561
10 17 79769561
17 13 79767928
15 13 79610093
15 17 79610093
13 10 79536464
13 17 79536464
82 71 79532574
82 2 79532574
82 58 79532574
113 129 79528966
113 26 79528966
10 13 79528663
10 17 79528663
95 111 79528068
41 115 79523012
120 49 79515646
124 120 79515149
49 120 79514677
49 124 79514677
40 91 79514369
92 74 79507235
92 90 79459115
82 71 79448723
82 2 79448723
82 58 79448723
95 111 79448001
82 58 79444184
16 13 79442731
17 13 79442563
13 17 79441080
105 94 79439592
94 105 79436910
88 36 79435573
13 17 79433940
124 120 79432536
2 44 79430943
94 44 79427938
120 124 79425491
124 120 79424876
120 124 79422482
91 111 79365665
120 124 79365537
13 17 79365388
13 17 79364486
6 13 79361721
6 17 79361721
4 71 79360708
6 13 79360509
6 17 79360509
132 41 79356486
132 115 79356486
17 10 79355731
13 17 79355384
17 13 79352599
124 120 79347087
71 82 79345540
82 71 79344609
71 82 79344007
13 17 79342352
17 10 79340011
2 58 79338986
58 82 79338845
58 2 79338845
26 71 79337800
91 49 79335132
10 16 79334042
13 16 79283577
13 17 79283577
13 17 79281725
13 17 79278461
91 95 79277841
91 111 79277841
91 40 79277841
40 111 79274087
16 10 79273795
40 95 79260216
40 111 79260216
2 82 79256466
2 82 79252446
2 82 79252107
132 41 79251825
49 42 79244333
41 115 79243493
91 40 79196984
82 58 79194125
17 10 79188939
10 13 79188387
10 17 79188387
115 41 79186010
111 95 79179035
82 2 79170262
82 58 79170262
82 44 79170262
82 2 79170175
82 58 79170175
82 44 79170175
20 10 79167698
20 10 79166368
13 16 79165987
17 13 79164372
91 95 78930713
91 111 78930713
91 40 78930713
13 16 78920089
13 16 78919261
92 117 78918194
44 58 78914150
58 44 78913105
16 13 78913073
2 58 78907274
13 6 78896853
6 13 78847210
82 71 78844586
91 95 78843914
91 111 78843914
91 40 78843914
91 95 78843878
91 111 78843878
91 40 78843878
91 95 78843804
91 111 78843804
91 40 78843804
58 71 78842555
95 111 78838138
40 111 78835416
20 6 78821736
49 42 78810930
105 104 78779746
44 58 78765019
44 58 78763708
44 58 78762908
82 71 78760156
82 2 78760156
82 58 78760156
91 95 78758059
91 111 78758059
91 40 78758059
95 111 78756289
6 15 78755959
6 15 78755050
2 82 78741757
2 82 78741004
2 82 78740947
2 82 78736385
2 58 78736385
71 44 78732479
2 58 78729789
2 58 78728793
40 95 78722611
40 111 78722611
16 13 78690016
16 17 78690016
91 95 78675034
91 111 78675034
91 40 78675034
82 71 78673113
82 2 78673113
82 58 78673113
16 13 78670731
120 124 78668675
26 71 78668186
82 71 78667348
82 2 78667348
82 58 78667348
120 124 78665601
82 2 78665121
82 58 78665121
82 44 78665121
16 13 78664200
16 17 78664200
95 111 78663828
26 27 78662004
2 58 78661822
44 2 78661762
2 58 78661729
2 44 78661729
2 58 78661661
2 44 78661661
71 26 78660352
120 124 78660163
2 58 78656216
82 2 78655521
82 58 78655521
82 44 78655521
2 58 78654328
2 58 78654245
26 71 78651418
26 71 78651372
71 26 78649804
44 2 78643965
49 42 78639793
49 42 78639787
26 71 78639744
2 82 78594052
2 58 78594052
2 44 78594052
2 44 78591417
91 95 78591361
91 111 78591361
91 40 78591361
82 71 78586287
82 2 78586287
82 58 78586287
82 71 78583079
44 94 78581101
82 71 78574102
82 2 78574102
82 58 78574102
82 58 78573836
17 13 78573682
120 124 78573263
13 17 78572982
120 124 78566970
44 94 78561011
13 16 78553679
13 16 78552421
58 82 78402935
91 95 78326700
91 111 78326700
91 40 78326700
91 49 78320991
58 44 78319145
58 71 78319082
58 44 78319082
58 95 78317937
58 111 78317937
44 58 78315463
44 2 78313724
132 41 78311870
2 44 78309258
111 95 78306326
111 95 78305906
111 95 78305897
17 13 78296644
95 111 78295322
95 111 78293275
13 17 78244250
91 95 78243059
91 111 78243059
91 40 78243059
44 71 78238824
15 13 78231758
44 71 78227916
120 124 78227051
20 88 78223865
82 71 78220049
82 2 78220049
82 58 78220049
58 95 78219888
58 111 78219888
111 95 78218918
95 111 78218560
2 82 78214412
2 58 78214412
72 90 78207225
111 129 78202746
13 16 78156021
13 17 78156021
91 95 78155222
91 111 78155222
91 40 78155222
120 124 78154463
82 71 78152871
82 2 78152871
82 58 78152871
58 95 78146441
58 111 78146441
58 44 78146441
44 58 78132959
82 71 78131053
82 2 78131053
82 58 78131053
71 82 78130374
71 82 78130318
2 82 78129470
2 58 78129470
2 82 78129350
2 58 78129350
58 95 78128807
58 111 78128807
58 44 78128807
82 71 78125699
82 2 78125699
82 58 78125699
91 49 78125483
2 82 78125414
49 91 78124618
82 58 78123966
13 16 78123246
2 82 78123145
49 126 78120760
49 48 78120760
40 95 78120733
40 111 78120733
111 129 78117084
91 95 78066352
91 111 78066352
91 40 78066352
44 71 78064951
44 58 78064951
44 71 78064792
44 58 78064792
82 58 78062309
82 58 78062130
82 71 78057649
82 2 78057649
82 58 78057649
115 41 78056009
91 49 78054985
82 71 78050078
82 2 78050078
82 58 78050078
44 58 78044410
82 58 78041817
111 95 78031521
4 71 78030259
90 65 77985901
90 72 77985901
90 117 77985901
91 95 77981811
91 111 77981811
91 40 77981811
58 82 77981349
58 82 77978498
82 2 77975332
17 13 77975293
40 95 77974328
58 82 77973991
94 44 77966794
44 94 77966536
6 13 77965420
2 82 77961804
82 2 77957149
120 124 77957017
90 65 77954576
90 72 77954576
90 117 77954576
120 124 77953694
13 16 77898619
111 36 77792090
88 49 77724776
58 82 77721828
58 2 77721828
58 44 77721828
92 74 77721361
2 44 77720532
92 74 77719978
6 15 77718213
82 2 77713665
82 2 77712959
82 58 77712959
82 44 77712959
120 124 77712166
44 2 77711940
27 26 77708088
2 82 77705911
91 49 77704785
2 82 77704359
2 82 77704035
117 74 77703472
74 117 77703471
74 90 77703471
36 111 77696199
120 124 77696146
44 2 77694021
2 82 77693280
2 44 77688822
91 95 77638326
91 111 77638326
91 40 77638326
58 44 77636669
58 82 77635790
120 124 77635625
6 17 77634557
90 65 77631064
90 72 77631064
90 117 77631064
91 49 77630543
58 82 77629643
82 58 77629072
82 58 77628243
58 82 77627882
82 58 77622105
16 17 77621414
13 17 77621104
2 82 77603960
2 82 77601157
105 17 77550332
49 126 77550271
44 2 77545633
2 82 77538504
2 82 77535047
124 120 77532053
91 40 77523923
40 95 77522671
40 111 77522671
40 48 77522671
13 17 77520232
13 17 77520214
13 16 77519975
13 17 77519975
13 17 77519650
6 13 77515354
15 13 77511055
27 26 77510545
2 82 77464532
2 58 77464532
2 44 77464532
13 16 77461251
91 95 77460945
91 111 77460945
91 40 77460945
17 6 77453802
17 13 77453802
58 2 77453487
58 44 77453487
44 94 77447461
124 120 77439353
6 13 77436901
6 17 77436901
91 49 77436624
124 120 77434873
120 124 77433731
120 124 77432776
20 88 77425935
90 65 77382200
90 72 77382200
90 117 77382200
104 105 77376049
104 129 77376049
91 95 77370893
91 111 77370893
91 40 77370893
4 71 77370813
36 111 77364582
13 6 77362300
91 49 77360111
6 13 77357208
13 16 77351977
13 17 77351591
17 13 77351423
13 17 77351290
13 6 77351208
120 124 77350347
2 82 77347457
82 44 77345566
58 82 77345475
44 82 77345250
17 13 77343211
6 13 77340083
111 95 77337071
111 40 77337071
91 95 77113163
91 111 77113163
91 40 77113163
90 65 77112767
90 72 77112767
90 117 77112767
90 65 77110271
90 72 77110271
90 117 77110271
26 4 77102280
90 65 77092064
90 72 77092064
90 117 77092064
82 2 77090301
82 58 77090301
82 44 77090301
120 124 77084046
2 82 77083081
13 16 77030994
13 16 77030873
90 65 77030176
90 72 77030176
90 117 77030176
91 95 77029827
91 111 77029827
91 40 77029827
95 111 77029380
111 95 77028818
13 16 77026801
124 120 77026297
15 13 77022156
105 94 77005645
105 94 77005079
44 58 77004067
82 2 77000722
13 16 76999918
91 95 76942048
91 111 76942048
91 40 76942048
90 65 76940513
90 72 76940513
90 117 76940513
82 2 76939584
132 41 76939289
132 115 76939289
124 120 76936023
2 82 76915894
20 13 76906030
20 17 76906030
90 65 76862019
90 72 76862019
90 117 76862019
91 95 76858299
91 111 76858299
91 40 76858299
13 17 76855883
2 44 76852791
82 44 76852060
44 82 76850563
44 2 76850563
44 58 76850563
2 44 76848244
2 82 76845387
6 13 76843630
120 124 76842264
90 65 76837164
90 72 76837164
90 117 76837164
2 82 76834041
82 2 76833543
2 82 76832843
2 82 76832757
124 120 76831374
120 124 76828787
120 124 76827747
120 124 76827687
13 16 76827011
2 44 76824843
91 95 76770830
91 111 76770830
91 40 76770830
88 36 76766203
2 82 76765863
120 124 76763541
26 71 76762132
120 124 76749224
58 44 76748319
117 65 76747521
117 72 76747521
117 90 76747521
13 16 76744012
2 82 76737834
2 82 76737653
49 91 76735774
125 36 76733275
26 27 76606490
91 95 76508642
91 111 76508642
91 40 76508642
120 124 76507413
117 90 76502795
120 124 76502356
13 17 76497086
90 65 76495809
90 72 76495809
90 117 76495809
13 16 76427202
91 95 76425385
91 111 76425385
91 40 76425385
13 6 76421677
13 16 76417540
125 41 76412553
125 36 76412553
125 48 76412553
88 36 76411863
111 48 76407391
111 95 76406433
2 82 76403588
91 40 76402432
91 40 76402406
92 117 76402161
2 82 76400579
111 95 76400575
111 40 76400575
2 44 76399858
2 82 76395262
2 82 76394750
91 95 76341434
91 111 76341434
91 40 76341434
13 17 76338210
91 95 76337562
91 111 76337562
91 40 76337562
40 111 76334987
40 48 76334987
111 129 76334211
82 44 76331501
129 111 76329965
58 82 76323881
58 2 76323881
58 44 76323881
13 17 76322709
88 115 76320476
6 13 76310824
6 17 76310824
2 82 76255834
91 95 76251463
91 111 76251463
91 40 76251463
40 95 76249327
40 111 76249327
13 16 76248008
95 40 76244159
2 82 76242428
82 2 76238048
40 111 76234120
71 4 76233824
82 2 76221958
2 82 76219428
2 44 76219146
2 82 76218835
129 111 76218543
129 111 76218503
2 44 76218072
44 2 76170823
111 129 76169845
111 129 76169425
13 16 76166764
13 16 76166208
91 95 76165920
91 111 76165920
91 40 76165920
13 16 76165744
13 6 76165573
13 6 76165079
58 82 76160813
82 2 76159287
120 124 76158201
44 82 76157803
82 2 76156980
58 44 76156210
120 124 76154849
6 13 76154555
6 13 76154357
13 17 76152300
13 16 76151587
13 15 76151467
13 16 76151467
13 17 76151467
82 44 76138448
44 82 76137894
82 2 76135707
2 82 76132704
2 82 76131356
20 88 76129534
111 95 76129246
111 40 76129246
13 6 76059671
91 95 75906219
91 111 75906219
91 40 75906219
88 27 75901017
88 95 75901017
88 41 75901017
88 91 75901017
88 98 75901017
88 115 75901017
88 132 75901017
88 111 75901017
88 40 75901017
88 49 75901017
88 42 75901017
88 125 75901017
88 36 75901017
88 48 75901017
88 105 75897386
88 129 75897386
88 20 75897386
113 26 75892157
44 58 75830014
58 44 75823070
91 95 75821526
91 111 75821526
91 40 75821526
17 13 75817116
58 95 75806678
58 111 75806678
58 44 75806678
125 41 75806213
125 36 75806213
125 48 75806213
2 44 75732069
2 82 75730011
91 95 75729835
91 111 75729835
91 40 75729835
71 44 75727203
58 95 75720133
58 111 75720133
58 44 75720133
90 65 75718522
90 72 75718522
90 117 75718522
58 82 75712965
58 2 75712965
58 44 75712965
88 104 75710150
15 13 75709146
17 13 75703836
13 16 75666619
13 17 75666227
44 2 75657141
44 2 75653430
44 2 75653111
124 120 75647840
91 95 75645175
91 111 75645175
91 40 75645175
82 2 75640613
58 44 75636262
111 95 75634756
111 40 75634756
2 44 75630801
2 82 75630323
82 2 75630294
2 82 75623921
71 4 75622821
2 44 75615099
2 44 75615015
13 16 75579650
13 16 75579522
2 82 75562780
91 95 75561201
91 111 75561201
91 40 75561201
17 13 75554233
17 16 75554233
44 82 75552855
82 44 75549786
84 42 75548238
2 82 75547999
2 82 75545827
44 2 75542468
90 65 75539661
90 72 75539661
90 117 75539661
2 82 75539442
2 82 75538985
84 42 75537438
111 91 75537397
2 82 75534689
2 82 75532795
2 82 75531494
90 65 75531252
90 72 75531252
90 117 75531252
2 44 75530005
90 65 75528890
90 72 75528890
90 117 75528890
2 82 75527876
91 95 75301683
91 111 75301683
91 40 75301683
92 74 75300453
82 2 75291899
6 13 75291242
17 13 75279036
26 27 75275158
58 82 75274597
58 2 75274597
58 44 75274597
13 17 75269275
91 95 75220830
91 111 75220830
91 40 75220830
84 26 75219790
44 82 75219665
44 2 75219665
44 58 75219665
13 17 75211814
26 84 75209389
74 92 75206831
13 16 75204823
117 74 75204332
82 2 75204165
82 58 75204165
82 44 75204165
92 74 75203988
13 16 75202507
16 13 75193785
13 17 75186736
15 13 75177197
26 27 75143453
91 95 75131609
91 111 75131609
91 40 75131609
15 6 75123675
111 91 75119087
2 44 75106473
2 44 75106448
71 4 75105788
90 65 75105737
90 72 75105737
90 74 75105737
90 117 75105737
90 92 75105737
44 58 75102767
44 58 75102619
92 74 75098296
91 95 75042507
91 111 75042507
91 40 75042507
124 120 75026395
82 71 75020647
2 44 75018634
2 82 75016625
2 44 75016033
44 2 75015175
40 95 75012856
40 111 75012856
2 44 75011487
2 44 74959154
13 16 74952048
13 17 74926121
26 36 74922278
20 17 74919999
72 90 74916353
13 16 74871477
13 17 74871477
15 13 74842594
15 17 74842594
2 44 74693068
92 74 74687221
82 58 74682776
13 17 74681122
26 27 74681027
13 16 74662614
13 17 74662614
2 82 74609259
2 58 74609259
2 44 74609259
44 82 74607847
44 2 74607847
44 58 74607847
90 65 74607144
90 72 74607144
90 117 74607144
125 41 74598328
125 36 74598328
125 48 74598328
13 20 74594773
13 17 74594773
120 124 74589448
82 58 74587031
2 44 74586068
13 17 74527614
58 44 74519951
124 120 74519723
92 114 74510296
58 44 74508351
58 95 74506977
58 111 74506977
58 44 74506977
13 16 74506245
111 40 74494053
2 44 74493200
13 17 74492334
90 65 74490922
90 72 74490922
90 117 74490922
124 120 74437158
13 16 74436778
2 44 74433553
111 40 74430742
111 95 74430545
111 40 74430545
82 44 74426010
120 124 74425715
44 82 74424334
44 2 74424334
44 58 74424334
90 65 74414358
90 72 74414358
90 117 74414358
13 17 74412448
13 16 74409372
13 16 74408522
13 16 74408294
113 26 74406064
113 26 74405973
58 95 74341398
58 111 74341398
58 26 74341398
58 2 74341398
58 44 74341398
82 2 74326967
82 58 74326967
82 44 74326967
13 17 74325641
13 16 74324798
13 16 74324022
13 16 74321380
120 124 74081237
58 95 74074676
58 111 74074676
58 26 74074676
58 2 74074676
58 44 74074676
105 94 74072240
125 36 74070723
44 2 74064467
44 2 74064055
44 2 74063989
111 95 74057171
44 2 74046105
120 124 74005286
2 44 74002927
90 65 74001862
90 72 74001862
90 117 74001862
26 27 73996212
26 98 73996212
41 115 73988341
41 132 73988341
71 4 73987517
71 44 73987517
2 44 73983399
95 111 73982354
125 41 73981804
125 36 73981804
125 48 73981804
58 44 73976880
111 129 73976450
2 44 73975817
2 44 73973886
2 44 73973633
2 44 73973603
13 17 73923330
82 2 73910249
82 58 73910249
82 44 73910249
2 44 73895382
71 44 73894916
125 41 73888856
44 82 73875161
44 2 73875161
44 58 73875161
6 13 73733024
44 71 73725927
44 2 73725898
44 82 73724965
44 2 73724965
44 58 73724965
82 2 73721691
44 88 73718932
15 13 73713990
15 17 73713990
13 17 73708635
82 2 73479066
82 58 73479066
82 44 73479066
2 82 73458057
20 17 73449382
13 17 73408078
125 36 73392913
6 13 73379134
26 27 73378389
82 2 73370548
125 41 73367226
111 36 73364920
26 98 73318704
26 113 73318429
120 124 73304719
44 2 72884753
44 2 72884574
44 2 72884528
44 2 72884313
44 2 72884260
44 2 72884241
44 2 72884012
44 58 72871080
44 82 72860610
44 2 72860610
44 58 72860610
94 105 72792749
82 2 72791674
82 58 72791674
82 44 72791674
15 6 72780803
13 17 72779476
88 49 72773883
15 6 72766820
13 15 72698133
15 13 72695372
15 17 72695372
15 6 72681613
6 13 72675502
6 17 72675502
15 6 72673352
15 13 72599136
15 17 72599136
125 41 72528162
125 36 72528162
125 48 72528162
104 105 72498850
104 129 72498850
13 17 72349987
13 15 72340244
13 17 72340244
104 105 72277462
104 129 72277462
26 27 72254038
44 2 72251150
13 17 72207791
111 95 72179701
44 82 72160884
44 82 72160871
44 82 72105619
92 74 72100857
15 13 72068466
15 17 72068466
15 13 72065997
104 105 72006541
104 129 72006541
49 91 71999616
111 95 71985495
111 40 71985495
15 13 71983752
15 17 71983752
117 114 71928199
15 13 71914244
15 17 71914244
111 95 71911580
111 40 71911580
111 95 71908595
15 13 71902080
15 17 71902080
2 82 71901572
2 58 71901572
92 74 71900183
15 17 71896416
13 17 71857656
26 27 71648883
26 98 71648883
6 13 71645146
6 17 71645146
13 17 71641482
95 111 71636384
74 92 71598432
74 92 71587632
13 17 71586765
82 58 71575284
44 58 71559782
71 44 71558913
44 58 71556062
82 58 71499107
44 4 71485198
82 2 71398714
82 58 71398714
82 44 71398714
82 58 71397717
92 74 71396566
82 44 71386906
44 82 71325687
44 2 71325687
44 58 71325687
2 82 71324192
13 17 71315701
13 17 71309238
13 17 71309006
71 4 71305323
17 13 71303610
44 58 71243693
82 2 71057192
6 13 71056991
2 44 71054933
6 13 71042435
6 17 71042435
13 17 70980196
13 17 70973459
13 17 70953292
44 82 70868126
44 2 70868126
44 58 70868126
44 58 70866175
26 27 70812034
13 17 70809629
117 74 70799836
26 111 70791353
26 27 70725973
26 111 70725472
117 90 70722653
117 92 70722653
82 58 70719688
74 92 70716083
82 2 70691421
139 27 70628304
6 13 70454358
13 6 70454092
6 13 70448155
6 13 70447530
13 17 70391604
13 17 70391310
13 17 70376039
17 13 70371806
82 58 70351205
82 58 70350480
90 65 70280400
90 72 70280400
90 117 70280400
92 74 70274184
92 74 70269815
82 2 70265231
82 2 70262686
82 58 70262686
82 44 70262686
13 17 70258751
92 74 70194160
82 2 70188991
13 17 70180680
26 27 70178057
26 27 70168815
139 27 70116458
2 44 70115142
13 17 70110283
82 2 70109722
92 74 70109141
13 20 70101552
6 13 70090524
49 91 70008337
72 117 69977105
92 74 69865854
16 13 69856011
92 74 69855054
95 40 69854153
13 17 69853427
111 95 69853245
13 17 69852823
92 74 69844720
13 17 69834971
6 13 69834618
6 17 69834618
95 111 69753166
44 58 69747888
82 58 69745961
44 82 69664169
44 2 69664169
44 58 69664169
117 74 69580827
82 58 69575262
111 95 69506816
95 111 69503932
6 13 69488118
6 17 69488118
13 17 69486716
13 17 69485007
92 74 69483451
13 17 69483434
44 82 69483144
44 58 69483144
13 17 69483118
15 13 69474169
15 17 69474169
82 2 69249943
44 2 69245653
44 2 69243079
44 2 69240025
44 94 69232378
139 26 69225226
44 2 69221903
44 82 69168681
44 2 69154154
82 2 69151419
117 74 69143725
139 113 69137700
94 129 69137378
111 129 69075972
26 113 69071490
26 139 69071490
82 2 69056162
82 58 69056162
82 44 69056162
40 111 69049922
111 26 69045568
95 111 69044422
49 91 68991952
95 91 68991388
111 91 68990612
13 17 68966045
26 139 68912449
4 71 68909667
117 74 68889256
117 90 68889256
104 113 68881717
44 94 68878310
13 6 68642798
6 13 68640590
82 2 68624337
95 111 68612470
82 2 68558418
82 58 68558418
82 44 68558418
82 58 68556368
71 4 68539725
71 4 68539193
95 111 68526863
82 2 68475172
95 111 68440910
49 91 68394431
95 111 68353372
44 2 68308986
95 111 68300396
95 111 68294417
95 111 68287347
72 92 68219583
82 2 67785062
82 2 67780817
26 27 67763132
26 98 67763132
90 74 67697915
90 84 67697915
74 92 67683124
92 90 67451062
15 13 67422523
82 2 67412244
104 113 67366380
82 2 67341134
104 113 67330380
4 71 67322913
36 125 67258387
82 2 67250463
82 2 67250316
82 2 67245119
82 2 67183551
82 2 67164185
139 27 67149544
82 2 67089527
111 132 67059917
111 36 67059917
26 20 67058057
26 98 66811358
82 2 66804309
90 74 66725412
74 90 66725058
26 27 66651682
82 58 66639109
15 13 66638361
15 17 66638361
139 27 66544465
92 74 66488979
92 90 66488979
92 74 66219420
84 27 66056190
26 27 65973640
49 91 65968349
13 17 65965018
84 26 65964626
111 129 65959415
26 84 65954339
72 90 65936411
91 95 65624344
91 111 65624344
91 40 65624344
17 20 65599154
91 95 65541739
91 111 65541739
91 40 65541739
82 2 65518560
82 58 65518560
36 125 65500995
82 2 65494080
82 2 65490180
58 71 65486940
58 2 65486940
92 74 65452670
2 82 65449080
116 26 65448908
2 82 65448900
125 36 65431077
2 82 65417100
2 82 65413080
2 82 65412900
4 90 65397780
15 13 65369400
6 13 65364052
40 95 65356010
40 111 65356010
44 129 65338380
82 2 65327100
2 82 65326320
58 44 65321100
82 58 65316120
4 71 65308860
15 13 65279700
91 95 65279005
91 111 65279005
91 40 65279005
92 74 65271886
88 26 65268646
2 82 65263380
2 82 65263320
26 36 65262471
111 95 65258866
48 126 65251956
2 82 65247840
58 2 65234880
71 4 65201160
71 4 65165160
72 90 65113523
91 95 65024184
91 111 65024184
91 40 65024184
82 2 64994340
72 92 64983420
2 82 64979400
4 71 64976820
2 58 64968900
91 95 64935855
91 111 64935855
91 40 64935855
2 82 64909320
2 82 64905780
95 91 64901235
116 26 64898221
82 58 64885020
58 82 64883700
26 27 64854910
72 74 64840440
58 2 64826280
2 82 64823580
82 2 64765620
111 129 64758055
2 58 64744920
125 36 64732363
82 2 64729620
2 82 64729140
116 27 64728947
116 132 64728947
116 111 64728947
116 26 64728947
116 36 64728947
58 2 64726320
2 82 64717500
2 58 64717500
58 82 64713720
91 95 64414626
91 111 64414626
91 40 64414626
116 36 64318911
111 95 64291908
111 91 64291908
2 82 64289940
2 82 64289880
2 82 64282860
4 90 64277100
111 95 64217700
90 4 64213980
41 132 64212063
2 82 64202160
74 117 64159025
91 95 64157509
91 111 64157509
91 40 64157509
116 27 64139216
116 41 64139216
116 98 64139216
116 132 64139216
116 111 64139216
116 42 64139216
116 125 64139216
116 84 64139216
116 90 64139216
116 36 64139216
116 48 64139216
111 40 64138630
95 91 64134250
91 95 64133579
91 111 64133579
91 40 64133579
95 91 64133365
91 95 64133255
91 111 64133255
91 40 64133255
4 71 64132500
90 4 64126500
90 4 64125120
4 90 64123920
125 36 64119054
71 58 64084800
58 82 64049940
71 58 64048800
94 105 64039452
4 90 64023180
58 82 63782940
125 36 63777581
4 90 63776820
113 98 63720463
113 105 63707160
113 98 63702420
58 82 63701700
125 36 63692990
58 2 63687480
13 17 63638827
2 58 63628020
58 82 63616020
58 82 63611700
2 58 63592020
4 71 63591240
95 91 63556620
95 91 63549180
17 6 63539735
17 13 63539735
95 91 63538668
95 91 63531194
58 82 63529860
58 82 63523200
58 2 63522540
4 71 63509520
90 4 63508800
58 82 63435060
4 71 63428580
2 58 63422940
4 71 63174360
58 82 63174180
58 2 63174180
58 2 63167580
58 95 63160800
58 111 63160800
95 91 63104220
111 95 63103860
58 82 63102120
58 82 63093720
95 91 63068220
111 95 63067860
41 115 63019235
58 82 63014640
58 95 63004440
58 111 63004440
58 82 62925000
4 71 62913360
4 71 62907180
58 2 62905500
4 71 62898000
115 41 62856973
58 82 62839260
116 27 62824776
116 98 62824776
116 111 62824776
116 84 62824776
116 36 62824776
58 82 62819580
58 95 62819460
58 111 62819460
58 82 62818020
111 40 62590740
74 92 62580612
111 40 62554740
91 95 62554560
91 40 62554560
116 27 62424560
116 132 62424560
116 111 62424560
116 36 62424560
116 27 62424128
116 98 62424128
116 111 62424128
116 84 62424128
116 88 62424128
116 36 62424128
116 27 62422995
116 98 62422995
116 111 62422995
116 84 62422995
116 36 62422995
92 74 62334840
92 74 62334720
92 74 62334480
104 113 62329080
111 40 62325840
104 113 62324280
58 82 62322540
58 2 62322540
58 82 62321160
92 117 62313480
92 117 62311500
92 117 62311080
90 4 62309040
120 147 62307240
4 90 62306400
4 90 62304300
4 90 62302980
4 90 62302860
90 4 62302620
4 90 62301960
2 58 62300100
143 120 62294940
143 147 62294940
111 40 62289840
74 92 62284620
104 113 62282700
105 94 62251457
4 90 62240940
72 74 62238660
104 113 62237820
58 82 62235180
143 120 62211780
143 147 62211780
72 74 62188260
92 74 62024220
74 92 62017560
104 113 61984680
104 113 61983900
20 17 61982621
58 71 61974660
92 74 61973820
4 90 61972380
104 113 61972080
4 90 61969620
58 82 61957380
4 71 61947780
4 90 61947000
90 4 61942260
4 90 61939500
139 6 61902859
139 17 61902859
4 90 61894560
58 82 61891080
116 113 61887591
4 90 61887120
4 90 61886820
139 6 61885425
139 17 61885425
90 4 61882500
117 74 61871700
117 84 61871700
40 95 61834740
40 111 61834740
4 71 61828500
116 111 61824118
116 111 61821938
139 6 61813974
139 17 61813974
139 6 61811610
139 17 61811610
4 71 61808100
94 71 61803720
58 82 61802940
40 95 61798740
40 111 61798740
92 117 61797000
40 95 61731780
58 82 61718400
111 40 61651560
58 82 61633740
4 90 61632840
58 82 61632060
58 82 61626660
58 2 61626660
116 111 61617088
116 129 61617088
116 36 61617088
111 40 61615560
58 2 61614060
4 90 61613940
58 82 61367580
111 40 61300860
58 82 61278360
111 40 61264860
58 82 61254960
91 49 61197000
72 65 61125600
58 82 61112760
2 58 61106760
58 2 61100040
92 74 61069500
40 95 61039440
58 82 61026300
58 82 61024440
17 6 61014499
40 95 61003440
2 58 61001820
116 113 60943401
139 15 60759180
139 17 60759180
117 90 60759120
139 6 60759111
139 17 60759111
117 90 60759000
58 82 60748320
92 114 60706320
58 82 60681600
139 6 60671109
139 17 60671109
111 95 60665640
58 82 60599760
58 82 60582900
2 58 60570960
58 82 60508620
4 90 60506880
4 90 60505740
17 6 60499728
17 139 60499728
4 90 60477000
111 40 60472980
111 95 60472800
139 6 60438983
132 41 60437220
4 90 60428100
91 40 60426780
58 82 60415980
58 2 60414000
58 95 60393480
58 111 60393480
92 74 60171780
41 132 60155460
111 40 60147000
4 90 60072420
4 90 60071160
139 6 60070503
92 74 60004320
111 95 59969220
58 82 59878500
58 82 59815920
71 94 59797500
71 94 59793780
71 4 59792340
58 82 59787780
6 15 59566354
6 139 59566354
94 71 59551980
58 95 59550060
58 111 59550060
95 40 59549940
40 95 59545740
40 111 59545740
40 95 59540400
40 111 59540400
95 111 59529780
95 40 59529780
117 92 59469540
95 91 59463060
95 40 59463060
58 82 59460300
117 92 59455080
95 40 59451540
2 58 59443440
82 58 59438760
58 82 59438340
139 6 59379573
139 17 59379573
91 95 59358420
58 2 59357400
139 6 59302576
139 17 59302576
139 6 59302405
139 17 59302405
58 82 59291760
139 6 59290366
139 17 59290366
58 2 59290140
58 2 59278980
58 2 59274180
58 95 59264340
58 111 59264340
58 82 59264340
111 95 59200200
111 91 59200200
92 117 59187960
117 92 59186760
92 117 59186040
117 92 59185680
92 117 59185200
117 92 59180160
6 17 58956326
6 15 58954471
6 139 58954471
58 82 58954020
92 117 58951260
92 84 58951260
117 92 58950360
113 149 58947000
58 95 58945680
58 111 58945680
117 92 58940340
92 117 58939920
95 91 58937280
95 40 58937280
149 84 58928220
149 114 58928220
149 113 58928220
149 90 58928220
149 92 58928220
92 149 58918140
92 114 58918140
58 82 58867620
58 95 58859460
58 111 58859460
82 58 58854480
117 92 58851780
92 117 58851720
117 92 58851420
92 117 58847040
92 117 58834800
116 111 58788680
95 91 58781220
58 82 58780260
58 95 58779600
58 111 58779600
95 91 58774560
139 6 58773309
139 17 58773309
95 91 58772700
2 58 58771860
58 2 58762980
71 58 58761060
111 95 58758480
58 111 58751880
58 82 58751700
105 94 58712999
58 2 58690680
58 95 58685460
58 111 58685460
58 82 58607520
58 95 58602300
58 111 58602300
117 92 58578240
92 117 58577820
71 58 58434360
58 111 58339020
58 2 58328580
58 71 58264980
149 113 58260000
71 58 58259820
117 74 58231440
58 2 58180380
2 58 58179900
58 82 58177200
58 2 58177200
2 58 58176480
58 82 58172880
92 149 58075620
58 82 58000620
58 2 57986400
149 42 57975180
149 113 57975180
92 149 57972420
149 42 57972180
149 113 57972180
58 82 57744360
71 94 57725520
58 82 57713400
117 84 57648180
117 114 57648180
117 92 57634980
139 6 57587556
139 17 57587556
58 82 57571380
4 90 57560280
58 2 57555480
2 82 57551820
58 82 57540420
117 84 57481800
117 114 57481800
82 2 57480660
58 82 57454920
95 40 57451680
117 84 57399120
117 114 57399120
92 84 57397860
114 117 57385800
58 71 57381180
58 2 57377700
58 2 57377640
2 58 57367020
58 82 57139740
58 2 57103800
58 2 57102720
58 82 57055140
149 42 57052680
149 113 57052680
58 2 57049020
117 84 57048660
117 114 57048660
92 117 57046020
117 92 57046020
92 117 57045300
41 139 57029040
92 117 57027960
117 84 56966640
117 114 56966640
58 82 56965860
117 84 56944200
117 114 56944200
111 95 56885160
58 82 56880300
58 2 56874900
91 95 56867460
91 40 56858640
2 58 56852160
95 91 56851740
58 2 56851140
95 91 56850480
58 82 56794680
116 111 56789795
71 4 56788680
116 111 56779451
91 95 56767320
116 111 56734500
139 6 56554978
139 17 56554978
139 6 56546916
139 17 56546916
91 40 56506140
92 117 56505120
2 58 56505000
41 132 56504760
58 82 56504760
92 117 56500020
58 82 56448780
139 6 56447199
139 17 56447199
117 92 56444820
117 92 56436840
58 2 56436660
15 6 56430813
92 117 56429520
117 92 56428500
92 117 56426520
149 113 56416680
92 117 56414880
117 92 56414820
116 111 56386856
58 82 56360820
117 92 56353920
139 6 56286300
139 17 56286300
104 113 56278500
58 82 56275320
149 42 56268840
149 113 56268840
2 58 56243880
139 6 56243100
139 17 56243100
116 111 56184769
117 84 55928640
117 114 55928640
117 114 55901580
2 58 55898220
91 95 55888920
91 111 55888920
91 40 55888920
17 6 55855320
17 139 55855320
2 58 55840560
58 2 55833240
149 42 55832280
149 113 55832280
149 42 55829520
149 113 55829520
149 42 55827360
149 113 55827360
2 58 55819500
58 2 55814040
149 42 55813980
149 113 55813980
58 2 55813860
91 49 55810620
91 139 55742820
111 91 55721160
58 2 55668540
58 4 55666920
4 58 55665360
2 58 55665360
58 2 55665120
58 71 55663860
58 2 55663860
58 82 55653360
58 82 55652340
2 58 55641360
111 91 55635540
117 92 55578360
92 117 55578060
117 92 55577280
58 2 55570260
2 58 55558860
72 74 55498920
72 90 55498920
58 82 55326000
2 58 55322820
117 92 55311480
91 111 55307340
111 91 55307160
91 111 55292100
111 95 55291740
111 91 55291740
49 91 55239420
58 82 55236300
117 84 55229760
2 58 55227240
58 2 55223160
92 117 55215540
149 42 55214040
149 113 55214040
58 82 55151940
117 84 55148880
117 114 55148880
2 58 55144920
58 82 55144440
116 132 55141307
116 111 55141307
91 111 55131240
2 58 55070160
58 2 55060680
111 95 55041420
58 82 54981600
111 95 54978240
2 58 54960360
58 82 54949560
113 149 54948000
116 111 54924882
149 42 54757380
149 113 54757380
88 49 54720000
139 6 54672540
139 17 54672540
91 139 54636240
149 42 54630600
149 113 54630600
139 6 54629340
139 17 54629340
58 2 54628380
58 82 54606840
149 42 54603360
149 113 54603360
58 2 54544980
91 95 54538740
91 139 54538020
58 95 54531900
58 111 54531900
117 84 54531900
117 114 54531900
91 111 54524340
111 91 54523860
58 82 54519780
58 2 54516900
91 111 54516540
111 91 54515820
91 111 54514920
111 91 54514620
91 111 54512340
116 129 54482005
82 71 54458520
58 82 54456660
117 90 54452640
117 90 54451920
2 58 54439380
149 42 54429300
149 113 54429300
58 82 54114000
58 82 54112860
58 82 54108000
117 92 54102600
58 2 54101160
92 117 54099420
58 82 54085380
92 149 54077340
2 58 54030300
92 149 54014760
58 82 54001020
91 40 53993280
2 58 53943000
58 2 53942820
58 2 53938200
58 2 53935500
139 91 53926980
2 58 53919540
111 95 53914860
58 82 53912460
58 2 53912340
2 58 53857080
58 2 53854380
2 58 53850060
92 149 53832960
58 82 53826840
2 58 53744880
58 2 53744040
91 49 53743860
74 92 53526000
58 82 53504580
2 58 53503020
58 2 53482500
58 82 53406900
58 82 53398320
58 82 53323500
132 143 53323440
58 82 53318880
149 105 53314860
149 113 53314860
91 95 53226420
58 82 53221620
4 71 53045160
111 95 52810260
139 17 52810260
58 82 52731360
58 82 52717860
149 90 52709460
58 82 52644660
4 71 52543380
2 58 52538940
58 82 52291500
58 82 52291440
117 84 52219080
117 114 52219080
117 84 52218540
117 114 52218540
58 82 52215660
139 6 52205820
139 17 52205820
58 2 52203660
58 2 52199220
58 82 52187520
117 84 52128900
117 114 52128900
111 95 52123500
111 40 52123380
40 42 52104420
40 125 52104420
2 58 52044120
58 2 52041120
58 82 52039920
92 117 52029540
113 104 52018980
58 82 52011060
40 91 51679920
2 58 51612240
58 82 51608220
2 58 51577440
58 82 51523380
91 49 51515160
111 95 51514140
58 82 51505320
58 82 51505140
2 58 51493260
111 95 51444480
117 114 51007380
117 84 51006420
117 114 51006420
92 117 51002280
58 2 50978040
58 82 50918040
58 82 50916720
58 2 50897640
117 92 50885220
2 58 50832780
58 82 50831400
88 49 50811660
58 82 50802660
149 113 50740080
91 49 50730060
91 139 50714820
117 72 50711340
72 117 50710140
58 82 50488320
58 2 50375760
117 72 50369460
126 40 50368800
104 105 50315820
104 20 50315820
104 105 50315700
104 20 50315700
92 114 50308920
58 2 50304180
104 105 50291820
104 20 50291820
139 91 50288400
2 58 50288100
58 82 50284560
20 13 50259360
2 58 50229960
58 2 50221500
92 117 50221080
2 58 50218140
104 105 50217600
104 20 50217600
104 105 50217540
104 20 50217540
104 105 50217480
104 20 50217480
20 13 50216160
113 149 50214240
149 113 50201700
149 84 50196480
117 72 50196060
58 82 50145360
58 2 50140680
92 117 50138280
2 58 50132340
58 2 50132160
149 84 50129100
139 91 50126640
149 84 50120580
149 84 50120160
149 113 50115540
58 2 50113020
2 58 50107740
94 71 49879320
17 6 49875660
17 139 49875660
139 6 49870860
139 17 49870860
58 2 49867260
92 117 49859820
117 92 49859280
92 117 49858320
139 17 49788960
139 91 49782480
82 58 49769640
111 132 49752420
58 71 49712760
71 94 49701960
94 71 49701180
71 94 49699800
143 41 49697820
92 114 49695660
41 143 49694940
139 17 49686000
2 58 49681380
58 82 49680060
94 71 49645740
58 82 49618560
58 2 49618560
82 2 49618020
82 58 49618020
139 17 49617660
58 82 49616640
58 2 49616640
41 143 49612620
149 71 49600500
149 71 49597080
58 82 49590660
58 2 49590540
91 49 49586580
149 71 49521960
91 49 49518780
139 6 49518660
91 49 49517160
2 58 49508100
2 58 49507380
17 139 49505940
82 58 49504440
17 139 49502400
58 82 49272360
17 139 49268760
104 105 49267740
104 20 49267740
17 139 49260240
4 94 49248840
58 82 49188060
2 58 49183860
2 58 49179240
58 82 49174140
17 139 49168080
139 17 49165020
58 82 49100820
139 41 49100460
139 91 49100460
58 2 49096380
139 17 49093920
58 2 49075380
17 6 49074660
17 139 49073460
117 92 49072980
58 2 49015980
2 58 49015440
117 92 49014660
2 58 49014420
117 92 49014300
149 84 49004700
2 58 49003260
58 2 48998160
58 2 48997440
149 84 48993420
58 2 48991500
58 2 48987720
2 58 48985200
58 82 48930480
82 58 48930180
58 82 48927000
58 2 48925080
58 2 48924600
58 2 48924360
149 113 48912840
2 58 48898140
2 58 48495360
149 113 48403920
149 113 48401280
139 6 48388500
139 17 48388500
117 114 48383400
132 41 48314220
82 2 48301980
82 58 48300720
58 82 48214920
91 95 48047520
91 95 48043800
139 17 47981640
58 82 47976480
58 82 47951160
2 58 47947680
91 95 47891460
58 82 47890380
82 58 47889900
58 2 47889780
58 82 47889480
139 17 47884800
58 82 47879700
58 2 47879460
58 2 47872080
41 132 47871300
58 2 47862120
139 95 47832060
94 58 47830440
58 82 47807940
117 84 47807700
117 114 47807700
58 82 47806440
58 82 47805180
82 58 47805060
58 2 47801040
58 2 47782560
58 82 47781300
82 58 47781120
58 82 47779560
82 58 47779440
58 82 47774040
58 82 47720520
82 58 47714880
58 82 47714520
58 2 47714520
41 132 47714460
94 71 47712180
58 82 47707980
58 2 47696400
58 82 47692680
58 82 47692260
58 95 47691660
58 111 47691660
149 84 47457180
149 113 47457180
58 82 47453220
82 58 47450880
94 58 47442300
58 82 47432220
149 113 47375520
111 91 47370420
58 94 47360520
58 82 47293140
139 6 47201400
139 17 47201400
91 95 47198280
58 82 47197620
58 2 47192940
58 82 47192160
149 113 47172660
58 82 47115480
139 6 47110380
111 91 47027760
58 82 46858740
2 58 46857360
58 2 46856820
58 82 46855620
58 82 46855560
82 58 46855320
139 95 46850460
2 58 46844220
149 113 46773300
2 58 46770660
58 82 46768440
91 95 46760460
13 6 46757460
139 95 46753080
139 17 46747800
139 95 46746120
91 95 46738680
95 91 46736760
95 139 46736760
58 82 46682700
58 2 46673520
71 113 46664820
2 58 46653840
95 91 46618260
58 82 46597800
58 82 46592100
82 58 46591920
58 2 46580220
2 58 46580160
58 82 46568640
58 82 46510620
2 58 46485600
58 82 46483560
58 82 46252380
58 2 46247460
149 113 46246320
149 113 46235160
113 149 46232100
58 82 46229340
149 113 46227660
58 82 46222440
2 58 46164060
58 82 46162560
149 113 46156020
139 95 46154280
58 82 46151160
2 58 46141680
6 15 46141260
58 82 46134240
58 82 46081680
58 82 46074180
2 58 46058880
13 6 46051740
2 58 46049820
2 58 46047840
91 40 45993120
58 82 45984240
58 2 45983880
2 58 45974880
95 91 45961380
95 139 45961380
58 82 45901140
58 82 45892500
58 2 45883980
139 95 45647160
149 113 45637560
58 2 45636120
58 2 45633960
2 58 45627420
58 2 45626340
2 58 45625680
149 113 45556380
58 82 45539820
58 2 45539640
2 111 45538080
58 2 45533160
58 2 45531600
58 82 45527040
58 82 45456600
2 58 45444900
58 2 45382980
58 82 45381600
82 58 45381420
58 82 45381240
58 2 45374520
58 82 45372420
139 95 45368580
95 139 45368400
149 113 45362160
2 4 45297900
58 82 45297240
58 82 45296880
58 2 45288660
95 91 45281580
95 139 45281580
2 58 45279420
58 2 45278940
91 95 45214560
91 95 45214020
139 17 45210840
95 139 44937540
139 17 44936880
58 2 44932560
58 2 44930640
58 82 44925900
143 58 44869440
143 58 44857440
91 139 44845980
58 82 44841000
82 58 44840160
58 82 44839860
95 91 44838300
95 139 44838300
58 82 44787300
71 4 44783520
82 58 44780040
58 82 44779320
82 58 44779020
4 71 44772720
149 71 44759280
58 82 44749140
111 40 44689320
58 27 44671500
58 84 44671500
58 82 44666760
58 82 44666400
58 2 44666220
149 113 44344080
139 6 44340540
139 17 44340540
149 113 44339040
4 2 44321640
4 94 44320800
139 95 44270520
58 82 44264100
2 58 44257860
2 58 44255460
2 58 44254800
2 58 44244180
149 113 44233620
58 82 44177700
58 82 44172660
58 2 44172480
82 58 44172300
58 2 44171880
111 95 44165820
2 4 44149260
2 58 44147880
58 82 44093220
111 40 44073540
149 113 44061300
149 113 44061000
58 82 43825380
58 2 43822860
58 2 43802640
111 95 43748880
111 91 43748880
2 58 43747800
58 82 43743120
58 2 43743120
2 4 43721220
58 2 43720740
2 111 43720080
2 58 43718880
71 113 43718520
111 132 43717020
58 2 43716720
2 111 43666740
58 2 43666560
58 2 43666260
58 2 43665720
58 82 43658700
58 2 43630320
58 2 43577580
58 82 43570140
58 2 43565520
58 2 43565460
4 2 43544700
58 82 43483440
17 6 43482300
58 2 43481700
2 58 43460580
58 2 43234260
2 58 43233780
58 82 43226340
82 58 43219620
139 17 43219080
58 82 43217580
58 2 43215000
6 17 43205520
58 2 43195740
58 82 43194780
126 48 43148760
139 6 43141020
139 17 43141020
2 58 43124700
91 139 43114800
2 58 43114800
126 48 43109520
58 82 43051380
58 2 43047420
58 2 43047360
2 58 43046400
58 2 43039620
139 17 43033260
2 58 43027500
58 82 42970920
82 58 42970380
58 82 42970020
58 82 42964740
58 2 42961260
2 58 42958380
139 6 42948960
139 17 42948960
139 6 42947580
4 2 42939900
58 82 42939120
58 2 42885480
58 82 42882720
58 2 42882420
139 6 42881400
58 2 42880200
2 58 42879600
58 2 42871320
2 58 42861000
2 58 42860760
58 2 42853260
58 82 42620640
2 58 42619500
2 58 42618840
2 58 42595140
58 82 42537000
139 6 42536820
139 17 42536820
2 58 42456060
58 82 42447480
2 58 42423780
58 82 42420780
58 2 42420240
82 58 42367740
58 82 42367140
58 82 42366780
58 82 42366480
82 58 42343380
58 82 42342360
58 27 42339240
58 71 42339240
58 84 42339240
58 82 42334620
58 82 42334020
58 143 42333840
143 58 42331680
149 71 42274200
139 6 42266040
104 113 42238560
149 90 42021720
149 113 42006360
58 2 42004500
58 82 41995500
149 84 41995260
149 113 41995260
58 143 41991360
58 82 41988780
58 111 41919960
2 58 41851980
58 82 41846220
82 58 41844660
58 2 41825880
149 113 41815860
58 82 41757840
58 2 41732640
58 82 41409480
139 17 41403420
58 82 41383560
125 41 41315460
125 147 41315460
125 48 41315460
41 125 41298000
149 84 41239020
58 82 41237400
58 2 41225940
149 113 41222340
4 2 41210520
139 6 41208660
139 17 41208660
2 4 41208420
149 113 41183040
20 13 41173440
4 2 41161320
139 6 41155200
139 17 41155200
58 82 41150880
149 84 41140860
91 95 41129940
4 126 41063280
58 82 41063040
58 2 41062080
139 95 41051760
139 91 41051760
139 95 41038560
58 82 40810860
113 104 40809480
58 82 40720980
58 82 40639740
2 4 40636320
58 2 40615080
58 82 40607820
58 82 40605180
58 2 40545480
2 58 40535400
58 71 40519920
58 82 40519920
111 95 40513020
2 58 40451100
58 2 40449360
58 2 40434420
58 71 40434180
58 82 40434180
2 58 40431420
88 49 40207380
15 6 40197000
15 139 40197000
82 58 40177920
58 71 40118940
58 82 40118940
58 2 40109160
149 84 40106640
139 17 40096800
120 143 40090140
58 71 40089180
58 82 40089180
120 143 40085700
58 71 40031820
58 82 40031820
58 2 40017180
149 113 40016640
58 71 39945420
58 82 39945420
58 2 39945360
58 2 39942240
58 82 39936780
82 58 39933900
58 82 39932520
58 71 39931860
58 82 39931860
58 71 39931680
58 82 39931680
139 6 39515100
139 17 39515100
58 71 39510480
58 82 39510480
58 71 39482880
58 82 39482880
88 49 39418980
139 17 39342840
58 71 39340860
58 82 39340860
58 2 39327360
2 58 39314040
13 6 39310320
13 17 39310320
58 71 39309840
58 82 39309840
58 71 39246960
2 58 39232380
58 2 39230700
58 2 39229080
58 2 39227880
71 58 39226800
2 58 39222600
58 2 38994420
58 71 38994300
58 82 38994300
2 58 38967420
58 2 38965740
58 71 38905560
58 82 38905560
17 6 38893740
17 139 38893740
139 6 38886840
139 17 38886840
58 71 38820660
58 82 38820660
6 139 38819580
58 71 38792400
58 82 38792400
2 58 38728140
58 2 38720820
58 71 38719380
58 82 38719380
82 58 38715060
58 71 38714580
58 82 38714580
143 58 38714460
58 143 38712840
58 71 38649660
58 82 38649660
143 58 38643600
58 71 38640060
58 82 38640060
58 2 38629620
58 2 38620260
2 58 38616720
58 2 38389800
58 2 38388780
58 71 38376120
58 82 38376120
58 71 38361420
58 82 38361420
58 71 38218020
58 82 38218020
2 58 38210100
139 6 38202000
139 17 38202000
139 6 38193060
139 17 38193060
2 58 38185680
58 71 38131320
58 82 38131320
2 58 38113740
58 71 38103960
58 82 38103960
58 71 38102940
58 82 38102940
149 113 38099340
2 58 38046120
58 2 38042940
58 71 38041980
58 82 38041980
58 2 38023500
58 71 37781220
58 82 37781220
2 58 37763940
58 2 37760580
139 6 37755840
139 17 37755840
139 6 37746660
139 17 37746660
139 6 37704780
139 17 37704780
58 71 37699020
58 82 37699020
139 6 37684740
139 17 37684740
95 58 37676460
58 71 37614120
58 82 37614120
82 58 37591860
58 71 37581240
58 82 37581240
58 71 37580700
58 82 37580700
149 71 37429560
111 95 37184400
111 139 37184400
58 71 37178100
58 82 37178100
58 2 37170000
58 82 37097280
82 58 37094460
58 82 37093620
82 58 37093500
58 82 37092960
82 58 37092480
58 71 37090740
58 82 37090740
58 71 37002120
58 82 37002120
139 6 37000320
139 17 37000320
91 95 36989520
139 6 36988620
139 17 36988620
91 95 36987780
58 71 36983940
58 82 36983940
58 71 36922560
58 82 36922560
58 71 36890820
58 82 36890820
139 17 36831600
58 71 36568020
58 82 36568020
58 71 36486300
58 82 36486300
58 71 36469680
58 82 36469680
139 6 36409560
139 20 36409560
139 17 36409560
111 95 36397080
58 2 36396000
58 2 36394200
2 58 36391260
58 71 36385800
58 82 36385800
91 95 36372720
58 2 35971920
58 2 35937840
58 71 35937420
58 82 35937420
58 2 35864280
58 71 35863500
58 82 35863500
58 71 35862720
58 82 35862720
58 71 35794680
58 82 35794680
58 2 35791980
58 2 35791200
139 6 35777640
139 17 35777640
2 58 35775960
58 71 35713140
58 82 35713140
58 2 35685960
58 2 35685840
58 71 35625540
58 82 35625540
58 2 35611740
2 58 35611500
58 2 35611380
58 82 35611200
2 58 35611140
58 71 35365200
58 82 35365200
58 82 35363820
58 82 35358000
58 71 35344860
58 82 35344860
82 58 35269140
139 17 35267880
58 82 35266200
58 20 35266020
82 58 35263920
20 58 35259120
58 2 35249820
58 82 35194380
82 58 35193600
58 71 35193360
58 82 35193360
58 82 35192640
82 58 35184000
58 143 35180460
58 71 35180460
58 82 35180460
58 2 35180460
139 6 35176440
139 17 35176440
139 6 35170380
58 2 35115420
58 2 35114520
2 58 35110680
58 71 35103180
58 82 35103180
2 58 35075640
58 2 35075100
58 71 35019780
58 82 35019780
58 82 35018700
2 58 34998120
58 71 34990440
58 82 34990440
113 149 34756500
58 71 34676220
58 82 34676220
58 71 34660680
58 2 34648920
58 143 34646520
58 2 34646520
58 84 34594020
58 71 34593000
58 82 34593000
58 2 34585080
2 58 34566120
58 2 34562220
58 71 34561440
58 82 34561440
2 58 34486860
2 58 34420680
58 71 34156200
58 82 34156200
58 71 34152840
58 82 34152840
58 2 34137000
58 71 34127340
58 82 34127340
58 71 33988080
58 82 33988080
2 58 33985800
58 2 33970560
58 71 33896460
58 82 33896460
58 2 33872160
58 71 33812460
58 82 33812460
58 2 33558840
58 71 33553920
58 82 33553920
58 2 33529380
2 58 33526740
2 58 33469140
58 71 33465660
58 82 33465660
58 2 33464760
58 2 33456780
58 2 33442080
58 2 33437580
58 71 33435600
58 82 33435600
139 6 33404040
2 58 33378180
58 71 33299340
58 82 33299340
58 2 33266220
58 71 32941500
58 82 32941500
58 71 32861880
58 82 32861880
58 2 32836260
58 71 32778360
58 82 32778360
58 71 32687460
58 82 32687460
2 58 32655240
58 71 32652960
58 82 32652960
111 116 32597760
58 71 32342700
58 82 32342700
139 17 32332800
139 6 32166120
139 17 32166120
139 6 32147460
139 17 32147460
2 58 32084100
58 71 32083740
58 82 32083740
139 6 32080680
139 17 32080680
20 88 32065440
2 58 32057160
58 71 31997880
58 82 31997880
58 2 31994040
58 2 31993800
139 6 31983780
139 17 31983780
2 58 31974060
82 58 31730760
58 2 31708800
58 2 31708020
58 82 31705620
2 58 31654500
58 71 31647480
58 82 31647480
58 71 31560660
58 82 31560660
58 71 31556580
58 82 31556580
2 58 31556280
58 71 31535460
58 82 31535460
82 58 31463760
58 82 31463280
58 2 31463280
58 2 31448040
2 58 31446720
2 58 31446420
58 71 31446000
58 82 31446000
58 71 31135380
58 82 31135380
58 2 31134900
2 58 31125060
58 71 31049280
58 82 31049280
2 58 31021500
58 2 31018740
58 82 31015860
58 82 31012560
58 71 31012020
58 82 31012020
58 2 30933660
58 71 30928680
58 82 30928680
58 82 30872340
82 58 30869760
2 58 30850380
2 58 30843900
58 82 30778320
58 82 30774180
149 113 30497220
58 82 30408360
58 2 30359820
58 2 30357180
58 82 30344640
2 58 30340200
58 2 30268020
58 2 30266520
58 82 30265920
2 58 30265380
58 82 30262140
58 82 30256560
82 58 30255540
58 82 30172500
58 2 30172500
2 94 30155460
2 58 29911020
58 82 29892720
58 2 29892720
2 82 29807700
2 82 29749860
58 82 29746920
58 2 29746920
82 2 29745840
82 58 29745840
82 2 29722560
82 58 29722560
2 82 29658660
2 82 29634240
82 2 29631960
2 82 29579520
139 17 29567700
139 15 29232120
2 82 29230920
2 58 29229780
41 132 29213880
111 95 29058540
2 82 29051760
2 82 28978080
139 6 28778880
139 17 28778880
58 71 28371180
139 17 28358460
58 82 28343760
58 2 28343760
58 2 28338420
82 58 28101360
82 2 28074840
82 58 28074840
58 71 28070820
82 2 28025340
82 58 28025340
139 41 28007100
139 41 28001460
58 71 27987000
2 82 27935640
2 58 27935640
139 17 27935460
58 82 27932880
111 40 27927660
58 71 27846660
82 2 27829560
58 71 27813960
2 82 27742800
58 82 27404700
58 2 27404700
58 82 27396480
58 2 27396480
58 82 27388260
58 2 27388260
58 71 27386820
2 82 27306180
58 82 27302100
58 2 27302100
139 6 27231600
139 17 27231600
2 82 27231060
2 82 27225360
2 82 27224460
58 27 27223260
58 84 27223260
58 71 27213240
2 82 27127260
2 58 27127260
58 71 26901120
58 82 26892660
2 82 26890560
58 71 26875200
58 71 26639100
2 82 26620860
2 58 26620860
58 71 26553900
2 82 26552100
58 71 26541840
58 82 26541840
58 2 26541840
2 82 26532600
2 82 26296800
58 71 26291100
2 82 26286900
139 6 26264580
58 71 26263200
2 82 26263080
58 82 26203140
58 2 26203140
2 82 26202660
58 82 26198580
2 82 26185020
58 71 26176440
58 71 26037960
139 17 26037480
58 71 25950480
58 71 25949820
58 71 25936380
139 6 25928160
139 17 25928160
58 27 25675320
58 82 25675320
58 84 25675320
58 71 25658580
139 6 25590300
139 17 25590300
58 71 25571760
58 82 25518600
58 2 25518600
139 17 25512960
58 71 25486200
2 82 25419960
58 71 25399860
58 82 25053300
58 2 25053300
71 113 24988140
58 82 24986160
82 58 24971340
58 71 24884280
139 6 24881100
139 17 24881100
139 6 24827520
139 17 24827520
2 82 24794880
2 58 24794880
58 71 24475980
58 71 24396060
58 71 24363360
58 82 24278160
139 17 24221880
58 82 24192600
58 2 24192600
58 71 24132780
2 82 24127440
2 58 24124020
2 82 24123720
2 82 24121560
58 71 23869740
58 2 23868600
58 82 23867460
58 2 23867460
58 82 23867340
2 82 23864220
58 71 23843880
58 71 23701200
139 17 23700000
2 82 23606760
58 82 23586360
2 82 23504460
2 82 23499180
2 58 23498820
58 71 23271540
41 139 23246220
58 82 23244840
58 2 23244420
58 71 23240220
58 71 23098620
2 82 23093040
2 82 23081160
2 58 23081160
58 71 23010120
149 113 22983180
2 82 22980420
58 71 22923900
2 82 22905180
2 82 22662780
2 82 22662600
58 84 22643940
58 71 22579020
2 58 22565460
58 82 22558080
58 2 22558080
58 71 22490580
88 49 22490400
58 82 22488720
58 2 22488720
2 82 22464840
58 71 22385760
58 2 22385580
58 71 22376520
2 82 22376340
2 82 22376160
2 58 22376160
149 113 22372980
58 143 22311000
2 82 22291080
58 71 22289340
2 82 22038600
58 71 21974280
58 71 21883200
2 82 21875880
58 84 21874740
139 17 21803100
58 2 21802680
58 82 21786600
58 2 21786600
58 2 21780120
2 82 21769620
58 71 21713760
58 84 21690780
2 58 21686460
58 71 21453600
58 71 21368400
58 82 21350040
58 82 21349260
58 2 21349260
2 82 21343440
58 71 21281580
58 71 21274320
58 71 21251340
58 71 21111720
58 71 21096780
58 2 21096780
2 82 21088020
2 82 21082320
58 71 20850420
2 82 20829780
58 71 20761920
2 82 20737140
58 71 20734980
139 17 20664420
139 17 20664000
82 2 20656680
82 58 20656680
58 71 20594880
2 82 20584680
139 6 20575620
139 17 20575620
88 41 20153700
139 6 20143680
58 82 20069220
58 71 20064300
58 82 19961280
58 2 19961280
139 6 19892760
2 82 19454640
2 82 19453920
2 71 19374540
2 82 19374540
2 82 19353540
82 71 19295940
82 2 19295940
58 71 19295400
2 82 19278900
2 82 19278840
2 82 19276380
58 71 19039020
88 95 19034880
88 41 19034880
88 49 19034880
88 139 19034880
58 71 19006740
2 71 19006260
2 82 18943800
58 71 18926580
58 71 18923760
58 71 18867960
2 82 18862620
2 82 18855660
2 71 18850740
58 2 18843600
58 71 18777900
71 27 18747060
58 71 18665280
58 71 18430740
2 82 18352500
2 58 18352500
2 82 18344340
58 71 18340260
58 71 18339840
149 113 18332580
58 71 18314760
149 71 18259800
149 113 18259800
82 2 18241140
71 113 18239580
149 113 18227340
2 82 18176520
58 82 18168600
2 58 17804160
58 2 17741280
149 71 17491440
149 113 17491440
2 82 17369220
2 82 17365500
2 82 17365380
82 58 16954620
2 82 16867080
2 82 16851840
58 2 16617660
58 82 16608120
58 2 16608120
58 2 16606020
2 82 16254300
2 58 16254300
2 82 16241760
58 88 15836160
2 82 15739680
2 82 15640320
2 82 15378600
58 82 15321540
82 2 15317160
2 82 15239520
82 2 15229140
82 2 15124860
58 2 14622660
58 2 14615220
2 111 14455140
2 82 14444760
2 82 14436420
2 82 14426940
2 58 14197440
58 2 14197200
2 82 14196720
2 82 14183580
58 82 14103240
2 82 14082480
58 71 14017680
2 82 13839000
2 82 13824060
82 58 13413900
2 82 13234980
2 82 13232640
2 82 13223700
2 82 13223100
58 71 12876180
58 82 12629460
2 82 12359880
2 82 12359760
2 58 12359760
2 58 12358740
2 82 12267420
2 82 12212580
2 82 12193200
2 82 12184860
2 82 12180900
58 82 11424660
58 2 11424660
58 82 11152560
58 2 11152560
2 82 11071920
2 82 10970160
2 82 10920720
58 82 10910160
58 143 10827540
58 71 10827540
58 82 10827540
58 2 10827540
2 82 10558800
58 82 10544340
58 2 10544340
58 82 10482540
58 2 10482540
58 2 10386600
2 82 10380540
2 82 10379280
2 58 10379280
2 82 10379040
2 82 10376880
2 58 10376880
2 82 10367820
58 2 10364400
58 2 10294980
2 82 10294680
2 58 10294680
58 2 10280820
2 82 10280520
2 58 10280520
58 2 10277880
58 2 9964020
2 58 9951780
58 2 9950040
2 58 9869640
58 2 9852780
2 58 9850320
2 82 9847500
2 58 9847500
58 2 9847080
2 82 9797640
58 2 9791040
58 2 9790560
2 58 9786480
58 2 9786120
2 82 9708180
58 82 9683100
58 2 9683100
58 82 9681480
2 82 9677400
58 82 9594240
58 82 9593340
58 2 9593340
58 2 9351120
58 82 9351000
58 82 9243720
58 82 9163380
58 2 8658480
58 82 8485500
58 2 8485500
58 71 8481720
58 82 8124240
58 2 8124240
58 2 8063580
2 82 8035860
2 58 8035860
58 82 7957440
58 2 7957440
2 82 7949760
2 82 7868340
2 82 7515840
2 82 7272360
2 82 7265040
2 82 7201440
2 82 7176720
58 82 6909180
2 82 6745440
58 71 6739260
2 82 6739260
2 82 6737100
2 82 6317880
2 82 6317760
2 82 6316140
58 82 5720100
58 2 5720100
2 82 5030820
2 58 5030820
58 82 4956540
58 2 4956540
58 82 4859220
58 2 4859220
2 82 4848120
2 58 4848120
2 82 4846800
2 82 4404180
58 82 1897980
58 2 1897980
58 82 1827660
58 2 1827660
2 82 1822260
2 82 1497480
58 82 1488960
58 2 1488960
58 82 1309800
58 82 1302660
58 2 1302660
2 82 1226460
2 58 1208700
58 82 1146780
2 82 607740
2 82 545460
2 58 109020
2 82 29340
58 82 0
