1 6 97484013
4 1 96208528
4 1 95492565
4 1 93870592
4 1 93771773
4 1 93768024
1 4 93160868
1 4 91952961
1 4 91364777
1 4 91364059
1 4 91342257
1 4 91341592
1 4 91022831
4 1 90933594
1 4 90920170
1 4 90916378
4 1 90912162
1 4 90911045
4 1 90910852
1 4 90849645
1 4 90849111
4 1 90846436
4 1 90840040
1 4 90835313
1 4 90834448
1 4 90822888
1 4 90761102
1 4 90757811
1 4 90747410
4 1 90747384
1 4 90747232
8 9 90676891
13 14 90675072
13 14 90675048
13 14 90675017
13 14 90674917
13 14 90674878
13 14 90674853
13 14 90674823
13 14 90674722
13 9 90673802
13 14 90673649
13 14 90672343
6 9 90669392
13 14 90657092
8 6 90654446
1 4 90654437
1 4 90653863
9 12 90423480
9 6 90421928
13 9 90415126
9 13 90408688
8 14 90408061
8 16 90408061
8 9 90408061
13 9 90404005
18 6 90392693
18 8 90392693
18 14 90392693
18 16 90392693
6 12 90390569
18 9 90342780
1 4 90334704
13 14 90241911
13 16 90241911
12 13 90239740
12 8 90239740
13 14 90164928
13 8 90142424
13 14 90142424
13 16 90142424
13 14 89981286
1 4 89736961
1 4 89732261
16 14 89730093
1 4 89718715
1 4 89707267
12 9 89703537
9 12 89703129
1 21 89700808
1 4 89644253
1 4 89632374
1 21 89614837
1 21 89550844
13 8 89472341
1 4 89471489
13 14 89463392
14 13 89458878
6 13 89219026
6 8 89219026
6 14 89219026
6 16 89219026
8 13 89209692
13 8 89209691
1 4 89208330
14 13 89187933
13 14 89186457
13 16 89186457
1 21 89181598
1 21 89180657
1 21 89117925
6 13 89114664
1 4 89032293
4 1 89030101
1 21 89026162
1 21 89025876
1 4 89019955
1 21 89011041
1 21 89009364
13 8 88951540
13 14 88951540
13 16 88951540
1 4 88930888
13 14 88867878
13 16 88867878
1 4 88866031
14 13 88865811
14 6 88861222
8 13 88858157
8 9 88840505
14 6 88837878
14 13 88837878
14 8 88837878
14 16 88837878
1 4 88607700
13 8 88607282
8 13 88602540
8 14 88602540
8 16 88602540
6 13 88600678
6 8 88600678
6 14 88600678
6 16 88600678
6 13 88596433
6 14 88596433
1 4 88588058
6 18 88584282
1 4 88579133
18 32 88526218
32 18 88515148
13 14 88510669
13 16 88510669
1 4 88499619
1 4 88499043
13 16 88496429
16 13 88493328
1 4 88493137
1 4 88434179
1 4 88352355
1 4 88351892
4 1 88250949
1 4 88250796
12 9 88240541
1 4 87982533
14 13 87981599
1 4 87981495
14 16 87910506
1 21 87816324
6 14 87811087
4 1 87747374
16 13 87745230
16 14 87745230
16 12 87745230
13 6 87731158
6 13 87731155
6 12 87731155
16 8 87390094
8 16 87380512
8 16 87377373
18 9 87317189
9 18 87310435
16 8 87293201
12 44 87283016
1 21 87213611
13 16 87120744
13 16 87112850
8 13 87111567
14 13 87055787
13 8 87055515
12 8 87050971
12 16 87050971
13 8 86765426
14 13 86708120
12 8 86695037
12 16 86695037
13 14 86694164
13 16 86694164
36 43 86677659
36 25 86677659
1 4 86610925
94 36 86605061
13 14 86535204
41 57 86526648
41 57 86526522
41 57 86526285
41 57 86525713
57 41 86522444
1 4 86518159
6 13 86514625
6 12 86514625
36 94 86512688
14 13 86506486
14 8 86506486
14 16 86506486
1 4 86506139
1 4 86505935
1 21 86503428
36 43 86427685
36 25 86427685
57 41 86425196
8 14 86420716
14 8 86420670
8 14 86419740
13 16 86418081
93 9 86180911
9 93 86180067
14 13 86169200
36 25 86166119
13 14 86165332
13 16 86165332
16 13 86159888
16 14 86159888
13 16 86106324
13 14 86102928
13 16 86102928
6 13 86102778
6 14 86102778
100 28 86097957
100 76 86097957
36 25 86091907
1 21 86091578
25 36 86091454
13 16 86086977
14 13 86082945
14 16 86082945
93 28 86080940
14 13 86080299
14 16 86080299
76 28 86078348
28 76 86077796
28 93 86077780
93 28 86077749
28 93 86077280
93 28 86074781
93 28 86073486
93 28 86073430
25 43 86012490
25 101 86012490
25 57 86012490
25 36 86012490
28 93 86010307
93 28 86010242
93 28 86001535
93 44 86001535
28 93 86000050
14 13 85996722
14 8 85996722
14 16 85996722
57 41 85995987
93 28 85989930
93 28 85986855
1 21 85986140
25 43 85945301
25 36 85945301
14 13 85931149
14 12 85931149
13 14 85909082
13 16 85909082
28 93 85851840
93 28 85845780
28 93 85845341
93 28 85844659
8 12 85841136
13 14 85834634
41 57 85817869
36 25 85816139
25 36 85601473
13 14 85570946
13 16 85570946
8 12 85557051
12 13 85557047
12 8 85557047
25 36 85554632
13 16 85494995
13 14 85494240
13 16 85494240
13 8 85475335
13 14 85475335
13 16 85475335
13 16 85472234
13 16 85471047
13 14 85470319
13 16 85470319
12 13 85468733
13 14 85408694
25 36 85403049
104 106 85326926
104 18 85326926
25 43 85324057
25 101 85324057
25 57 85324057
13 14 85314136
8 33 84970397
8 13 84970397
12 13 84969198
13 12 84967849
14 13 84967307
25 36 84967254
12 13 84959690
36 25 84957958
100 28 84956408
13 14 84953499
13 16 84953499
13 14 84947325
13 16 84947325
25 36 84883187
41 57 84877257
41 57 84873134
9 12 84864911
25 36 84864338
104 106 84811762
104 18 84811762
104 106 84803774
104 18 84803774
6 13 84803766
6 12 84803766
9 44 84802782
25 36 84795144
12 9 84793859
9 12 84793132
12 9 84782839
9 12 84782748
1 21 84777274
25 36 84700411
6 13 84634352
6 8 84634352
6 12 84622646
6 13 84621742
6 12 84621742
13 14 84621049
13 16 84621049
13 14 84613043
13 14 84612698
14 13 84612162
14 8 84612162
14 16 84612162
9 12 84611631
13 12 84610187
104 106 84375788
104 18 84375788
104 106 84369530
104 18 84369530
104 106 84367795
104 18 84367795
12 9 84366032
12 13 84356487
13 12 84355364
104 106 84280283
104 18 84280283
13 14 84275629
13 16 84275629
60 76 84267266
13 14 84264375
8 16 84263724
13 8 84260938
13 14 84260938
13 16 84260938
14 13 84260502
13 14 84200258
104 106 84176069
104 18 84176069
13 14 84104485
13 14 84026877
13 16 84026877
6 13 84020054
6 12 84020054
104 106 84019464
104 18 84019464
13 14 84002626
13 16 84002626
13 33 84002218
41 57 84000365
104 106 83993921
104 18 83993921
104 106 83764727
104 18 83764727
13 14 83741000
13 16 83741000
13 33 83683796
13 18 83683796
18 106 83599226
13 14 83591678
13 16 83568488
13 14 83568345
13 16 83568345
104 106 83415524
104 18 83415524
13 16 83057349
33 9 83054731
25 43 83052645
25 101 83052645
25 57 83052645
28 93 82467699
93 123 82463979
13 14 82460482
123 93 82453219
58 44 82386051
13 33 82367498
41 57 82364111
16 13 82362529
16 101 82362529
8 13 82361447
8 12 82361447
13 14 82305869
13 16 82305869
13 16 82272971
13 16 82272923
104 123 82207419
104 106 82207419
104 18 82207419
6 13 82200192
6 12 82200192
41 57 82191299
28 93 82187037
13 14 82186231
93 28 82180803
14 13 82180671
13 16 82178770
93 28 81952258
28 93 81952189
93 28 81951144
13 33 81844335
8 13 81840032
8 13 81839962
8 13 81838631
8 9 81838631
8 12 81838631
8 6 81837400
8 13 81837165
13 14 81788767
13 16 81788767
14 13 81756563
13 8 81753891
8 13 81695621
16 13 81689099
100 28 81683237
13 33 81667931
9 12 81667489
12 9 81666399
9 12 81666176
9 33 81664714
8 33 81608314
14 16 81599086
13 8 81590118
13 8 81587933
13 14 81587933
13 16 81587933
1 21 81586718
9 33 81327920
9 18 81327920
33 106 81325683
33 18 81325683
14 13 81323037
14 12 81323037
33 18 81265512
33 18 81259797
58 44 81254422
123 18 81166320
43 101 81163784
43 57 81163784
93 123 81157294
100 28 81152776
93 123 81149699
9 33 81087394
9 18 81086267
58 44 81078773
33 18 81065839
58 44 81064280
58 44 81064242
33 18 80972688
44 58 80936738
9 33 80755635
58 44 80716613
28 100 80713612
58 44 80650768
13 14 80639849
13 16 80639849
33 18 80638959
9 12 80633925
9 33 80631183
57 101 80565388
25 43 80557033
25 101 80557033
25 57 80557033
9 8 80556538
13 8 80547416
13 14 80547416
57 41 80486871
13 12 80480018
25 101 80470855
28 100 80468182
28 100 80462687
13 14 80461956
13 16 80461956
13 14 80400466
1 21 80397457
6 8 80393637
25 101 80383938
41 57 80376431
123 106 79894582
94 123 79887220
123 94 79887219
123 106 79886872
123 104 79886872
25 43 79886377
25 101 79886377
25 57 79886377
58 44 79885754
44 58 79885697
101 25 79882385
8 13 79867295
8 12 79867295
25 43 79866990
25 101 79866990
25 57 79866990
8 13 79863378
8 12 79863378
9 33 79856935
100 28 79847578
100 76 79847578
25 43 79798118
25 101 79798118
25 57 79798118
41 57 79788923
25 43 79788050
25 101 79788050
25 57 79788050
6 13 79787195
6 12 79787195
123 106 79783907
25 101 79778404
33 18 79776837
14 13 79540155
13 8 79536464
13 12 79536464
123 106 79534603
123 104 79534603
8 16 79533348
8 13 79533213
8 12 79533213
123 106 79529498
33 18 79515669
13 14 79513554
13 8 79506789
25 43 79467614
25 36 79450146
14 13 79446288
14 13 79445107
14 16 79445107
16 13 79442731
16 8 79441015
25 101 79439591
8 13 79438728
8 14 79438728
123 106 79438484
123 104 79438484
14 13 79435710
14 8 79435710
28 89 79432589
13 14 79430242
28 100 79428537
94 44 79427938
100 28 79426439
6 13 79361721
6 8 79361721
6 13 79360509
6 8 79360509
28 89 79359210
132 41 79356486
123 106 79355296
123 106 79353588
123 104 79353588
25 43 79350960
25 101 79350960
25 57 79350960
33 18 79350226
100 28 79347613
41 57 79344658
13 14 79342352
28 89 79340691
14 8 79340409
93 123 79330027
93 28 79329710
28 93 79328058
14 13 79284279
13 14 79283577
13 16 79283577
14 13 79270583
93 28 79270580
127 106 79265461
123 104 79261114
132 41 79251825
132 79 79248365
57 41 79246123
28 100 79194475
28 89 79194475
25 36 79178565
25 36 79178461
25 36 79175418
13 8 79165987
13 14 79165987
13 16 79165987
123 104 79165968
28 89 79164619
104 123 79153823
33 9 78921328
13 16 78920089
13 16 78919261
93 9 78919040
44 58 78914150
58 44 78913105
16 13 78913073
13 6 78896853
6 13 78847210
6 12 78847210
41 57 78842060
57 25 78838297
57 41 78827668
41 57 78827194
57 41 78822855
41 57 78822437
41 57 78821595
44 58 78765019
44 58 78763708
44 58 78762908
18 9 78761927
18 33 78759904
18 9 78759904
33 18 78734254
28 100 78728796
100 28 78725386
16 13 78690016
16 8 78690016
16 13 78670731
16 8 78670731
9 13 78666865
16 13 78664200
16 14 78664200
127 1 78653131
1 127 78649895
32 31 78633990
44 94 78581101
57 41 78576823
41 57 78575189
13 14 78572714
123 106 78571776
25 101 78569132
25 57 78569132
13 8 78565337
44 94 78561011
13 16 78553679
8 13 78553083
13 8 78552421
13 14 78552421
13 16 78552421
8 13 78326287
8 13 78322425
8 13 78320224
58 44 78319145
58 44 78319082
101 25 78318966
44 58 78315463
14 13 78313142
132 41 78311870
106 123 78308661
57 41 78304516
57 41 78304137
57 41 78303825
41 57 78302458
33 9 78299994
93 123 78246603
13 8 78245143
13 14 78244786
8 16 78238702
14 13 78215932
1 21 78213186
123 106 78169528
13 14 78156021
13 16 78156021
58 44 78146441
57 41 78139177
8 13 78134183
8 9 78134183
8 12 78134183
44 58 78132959
32 31 78131785
58 44 78128807
8 13 78123806
13 8 78123306
13 14 78123246
13 16 78123246
18 106 78121826
44 58 78064951
44 58 78064792
1 21 78060726
8 13 78058516
8 16 78047093
8 16 78047029
1 21 78045006
44 58 78044410
57 25 78041940
41 57 78041914
33 18 78037374
100 28 77983537
9 33 77980317
9 13 77980317
106 123 77976855
16 8 77970760
1 127 77966866
94 44 77966794
44 94 77966536
6 13 77965420
6 12 77965420
14 13 77898621
13 14 77898619
13 16 77898619
25 101 77894997
25 57 77894997
25 43 77894723
25 101 77894723
25 57 77894723
25 136 77894723
25 43 77894078
25 101 77894078
25 57 77894078
25 136 77894078
25 36 77882212
104 123 77802553
58 44 77721828
25 43 77716751
25 101 77716751
25 57 77716751
25 136 77716751
14 13 77714934
14 8 77708078
123 104 77706510
13 14 77705224
13 14 77704352
36 25 77696199
1 47 77688095
9 123 77686665
58 44 77636669
8 13 77635858
8 9 77635858
13 14 77630743
14 13 77630614
101 57 77630124
25 36 77619265
9 33 77611649
93 123 77610840
14 13 77609207
8 13 77606057
18 33 77599933
93 123 77599100
123 106 77562028
14 13 77544840
13 8 77544057
14 13 77540623
18 33 77537896
13 14 77532996
13 8 77519975
13 14 77519975
13 16 77519975
6 106 77516779
6 13 77515354
28 89 77465118
28 100 77464629
13 14 77461251
13 16 77461251
14 16 77461243
57 25 77459106
58 44 77453487
9 12 77449979
44 94 77447461
6 13 77436901
1 21 77425789
25 43 77379563
25 101 77379563
25 57 77379563
25 136 77379563
14 12 77377381
104 123 77376049
104 106 77376049
104 18 77376049
25 43 77373032
25 101 77373032
25 57 77373032
25 136 77373032
14 13 77370488
36 25 77364582
14 13 77363838
18 33 77363352
13 6 77362300
14 13 77361279
6 13 77357208
13 14 77351977
13 16 77351977
13 6 77351208
57 25 77350887
12 13 77345894
57 124 77341453
6 13 77340083
123 106 77275014
13 14 77186619
13 12 77185901
13 8 77185529
14 13 77130840
14 16 77113156
14 13 77112855
132 106 77099744
8 13 77092111
8 14 77092111
8 16 77092111
13 14 77030994
13 16 77030994
13 14 77030873
13 16 77030873
106 123 77026826
13 16 77026801
89 28 77005797
44 58 77004067
13 14 76999918
13 16 76999918
14 13 76999031
132 41 76939289
9 33 76932983
43 25 76924773
57 41 76923885
25 43 76920803
25 101 76920803
25 57 76920803
25 136 76920803
25 43 76918749
25 101 76918749
25 57 76918749
25 136 76918749
14 13 76914294
57 25 76911449
25 57 76907399
1 21 76852695
14 13 76850567
14 12 76850567
44 58 76850563
1 21 76849847
25 43 76844231
25 101 76844231
25 57 76844231
25 136 76844231
6 13 76843630
28 76 76843434
28 100 76843434
28 76 76843432
28 100 76843432
100 28 76842884
13 14 76840241
13 14 76827011
13 16 76827011
41 57 76821456
100 28 76763773
25 43 76754700
25 101 76754700
25 57 76754700
25 136 76754700
58 44 76748319
14 13 76746667
14 12 76746667
13 14 76744012
13 16 76744012
13 14 76516287
123 18 76511597
136 41 76504108
136 43 76504108
136 79 76504108
136 101 76504108
136 57 76504108
136 25 76504108
136 36 76504108
93 123 76498412
25 43 76488855
25 101 76488855
25 57 76488855
25 136 76488855
14 13 76484405
14 13 76482394
25 43 76482328
25 101 76482328
25 57 76482328
25 136 76482328
25 43 76480925
25 101 76480925
25 57 76480925
25 136 76480925
104 106 76477136
13 14 76427202
13 16 76427202
13 6 76421677
13 16 76417540
93 123 76401399
9 33 76390233
25 57 76354018
33 9 76334424
9 33 76332130
13 14 76330351
123 93 76330003
123 93 76325291
33 9 76324665
58 44 76323881
123 93 76322698
123 106 76320434
106 32 76314256
6 13 76310824
25 43 76310392
25 101 76310392
25 57 76310392
25 136 76310392
9 18 76308710
9 33 76308081
25 41 76301692
25 43 76301692
25 101 76301692
25 57 76301692
25 136 76301692
9 33 76295447
13 16 76248008
123 43 76247739
76 28 76236047
8 13 76230044
33 18 76229781
13 8 76228636
14 13 76225055
9 18 76217370
18 106 76216984
13 14 76166764
13 16 76166764
13 14 76166208
13 16 76166208
13 14 76165744
13 16 76165744
14 13 76165654
13 6 76165573
13 6 76165079
58 44 76156210
6 13 76154555
6 13 76154357
6 12 76154357
13 8 76153863
13 16 76151587
13 14 76151467
13 16 76151467
13 9 76151467
13 12 76151467
12 9 76149258
14 13 76137993
13 6 76059671
13 8 75926711
44 58 75830014
58 44 75823070
9 12 75820329
58 44 75806678
32 106 75728623
12 9 75726049
58 44 75720133
25 136 75717877
58 44 75712965
14 16 75711867
13 14 75666619
13 16 75666619
25 41 75646279
25 43 75646279
25 101 75646279
25 57 75646279
25 136 75646279
14 13 75641550
13 14 75641550
58 44 75636262
25 41 75634270
25 43 75634270
25 101 75634270
25 57 75634270
25 136 75634270
41 57 75632833
41 25 75632833
41 57 75626565
25 41 75614469
25 43 75614469
25 101 75614469
25 57 75614469
25 136 75614469
8 13 75612671
25 101 75611155
25 57 75611155
13 14 75580769
13 8 75580596
13 14 75579650
13 16 75579650
13 14 75579522
13 16 75579522
123 94 75568994
9 13 75558956
9 8 75558956
1 21 75551955
33 18 75547649
25 57 75536612
123 93 75526346
6 13 75291242
6 12 75291242
57 25 75288755
33 18 75288512
100 28 75287581
25 41 75285948
25 43 75285948
25 101 75285948
25 57 75285948
25 136 75285948
25 43 75284374
25 136 75281817
12 13 75275939
12 14 75275939
57 41 75275587
58 44 75274597
41 57 75268816
44 58 75219665
13 14 75215204
100 28 75213548
13 8 75209798
100 28 75205091
13 14 75204823
13 16 75204823
8 13 75204626
13 8 75204607
13 8 75204231
13 14 75202507
13 16 75202507
13 8 75201885
76 28 75199183
16 13 75193785
9 12 75190775
76 28 75190316
41 57 75188862
12 13 75187713
25 41 75187159
25 43 75187159
25 101 75187159
25 57 75187159
25 136 75187159
13 14 75186736
13 12 75186736
25 41 75186677
25 43 75186677
25 101 75186677
25 57 75186677
25 136 75186677
43 25 75186562
33 18 75184641
123 106 75182499
28 76 75178186
28 100 75178186
8 13 75114574
13 8 75113927
44 58 75102767
44 58 75102619
8 33 75102487
100 63 75099690
100 63 75099595
12 44 75098124
123 106 75042982
25 41 75037398
25 43 75037398
25 101 75037398
25 57 75037398
25 136 75037398
33 18 75027836
14 16 75019308
123 106 75012635
1 21 75011496
123 106 75008789
25 43 74974838
25 101 74974148
13 8 74957559
136 25 74954038
13 14 74952048
13 16 74952048
28 76 74941699
28 100 74941699
28 76 74941698
28 100 74941698
8 13 74932175
14 13 74931808
14 16 74931808
14 13 74931745
14 16 74931745
13 8 74871477
13 14 74871477
13 16 74871477
13 8 74870409
100 28 74688738
18 106 74687425
18 106 74683941
13 14 74662614
13 16 74662614
44 58 74607847
8 13 74604568
8 12 74604568
18 123 74602693
13 8 74595190
13 33 74594773
13 14 74594773
13 12 74594773
13 12 74527614
58 44 74519951
123 104 74517727
8 13 74514769
8 12 74514769
25 41 74508871
25 43 74508871
25 101 74508871
25 57 74508871
25 136 74508871
58 44 74508351
58 44 74506977
13 14 74506245
13 16 74506245
136 25 74494376
13 8 74492334
8 13 74490282
8 14 74490282
8 16 74490282
13 14 74436778
13 16 74436778
13 8 74436671
44 58 74424334
25 41 74418105
25 43 74418105
25 101 74418105
25 57 74418105
25 136 74418105
25 41 74413491
25 43 74413491
25 101 74413491
25 57 74413491
25 136 74413491
13 14 74409372
13 16 74409372
13 16 74408522
13 16 74408294
25 41 74346874
25 43 74346874
25 101 74346874
25 57 74346874
25 136 74346874
58 44 74341398
14 13 74337155
13 14 74324798
13 16 74324798
13 14 74324022
13 16 74324022
13 14 74321380
13 16 74321380
93 123 74316272
100 28 74315222
100 89 74315222
43 25 74074826
58 44 74074676
89 28 74073834
89 31 74073834
9 33 74073288
100 28 73996001
43 25 73992954
41 132 73988341
41 57 73988341
58 44 73976880
25 41 73976103
25 43 73976103
25 101 73976103
25 57 73976103
25 136 73976103
13 14 73922278
100 28 73894612
100 76 73894612
25 41 73881932
25 43 73881932
25 101 73881932
25 57 73881932
25 136 73881932
44 58 73875161
106 94 73827667
123 18 73818249
25 43 73735079
25 101 73735079
25 57 73735079
25 136 73735079
6 13 73733024
6 12 73733024
28 100 73728290
44 58 73724965
8 13 73723591
94 123 73488630
8 13 73486963
25 43 73460758
25 101 73460758
25 57 73460758
25 136 73460758
8 13 73456691
13 8 73394607
8 13 73393622
25 41 73382960
25 43 73382960
25 101 73382960
25 57 73382960
25 136 73382960
93 139 73382588
6 13 73379134
25 43 73368155
25 101 73368155
25 57 73368155
25 136 73368155
93 123 73314328
93 123 73307607
93 123 73282297
8 13 73280809
25 43 73223433
25 101 73223433
25 57 73223433
25 136 73223433
93 123 73218440
25 43 73208037
25 101 73208037
25 57 73208037
25 136 73208037
13 8 73208005
18 33 72872056
18 9 72872056
44 58 72871080
100 28 72868174
44 58 72860610
123 9 72847871
123 18 72847871
123 93 72846585
93 123 72806409
13 8 72795265
94 123 72792749
43 25 72782998
13 8 72773600
28 100 72770139
100 63 72762086
25 43 72700689
25 101 72700689
25 57 72700689
25 136 72700689
1 138 72689691
13 8 72685603
6 13 72675502
6 8 72675502
93 123 72622978
18 33 72615103
18 106 72615103
18 9 72615103
25 41 72605670
25 43 72605670
25 101 72605670
25 57 72605670
25 136 72605670
93 123 72596756
93 123 72592241
8 13 72503179
104 123 72498850
104 106 72498850
104 18 72498850
93 123 72448317
106 33 72356464
106 123 72356464
106 43 72356464
106 18 72356464
13 8 72341705
104 123 72277462
104 106 72277462
104 18 72277462
123 18 72271029
43 101 72254303
106 43 72243689
106 63 72176245
106 64 72176245
106 33 72176245
106 28 72176245
106 93 72176245
106 123 72176245
106 43 72176245
106 101 72176245
106 57 72176245
106 25 72176245
106 140 72176245
106 136 72176245
106 32 72176245
106 104 72176245
106 36 72176245
106 18 72176245
106 89 72176245
25 43 72080640
25 101 72080640
25 57 72080640
25 136 72080640
25 43 72019612
25 101 72019612
25 57 72019612
25 136 72019612
25 43 72019077
25 101 72019077
25 57 72019077
25 136 72019077
104 123 72006541
104 106 72006541
104 18 72006541
93 123 72002471
25 136 71994567
123 104 71916937
123 104 71906145
100 28 71896878
123 93 71823841
123 104 71761118
123 106 71727718
123 106 71681333
93 123 71652472
6 13 71645146
6 8 71645146
44 58 71559782
44 58 71556062
33 6 71494729
33 13 71494729
33 8 71494729
33 12 71494729
44 4 71485198
123 104 71463238
100 28 71462275
123 106 71458022
13 8 71397254
8 13 71388752
8 9 71388752
8 12 71388752
63 93 71379904
93 123 71378489
123 106 71377377
123 18 71377377
33 6 71330248
33 13 71330248
33 8 71330248
33 12 71330248
44 58 71325687
8 13 71322442
123 106 71322210
25 43 71300242
25 101 71300242
25 57 71300242
25 136 71300242
123 106 71257316
44 58 71243693
93 123 71241996
6 13 71056991
100 28 71053871
25 43 71048347
25 101 71048347
25 57 71048347
25 136 71048347
6 13 71042435
6 8 71042435
93 123 70986367
93 123 70985118
100 28 70983302
100 28 70975756
13 8 70973459
13 12 70973459
93 63 70972704
93 123 70968656
123 93 70962101
13 9 70956141
13 8 70953975
13 9 70953975
100 28 70883467
123 106 70877537
44 58 70868126
44 58 70866175
93 63 70860569
25 43 70796097
25 101 70796097
25 57 70796097
25 136 70796097
25 43 70795110
25 101 70795110
25 57 70795110
25 136 70795110
13 8 70692722
8 13 70689480
8 9 70689480
8 12 70689480
139 93 70628304
139 93 70624491
139 76 70624491
139 31 70624491
139 93 70621670
139 100 70621670
139 60 70621670
6 13 70454358
13 6 70454092
13 8 70451070
13 8 70450914
6 13 70448155
6 8 70448155
6 13 70447530
6 8 70447530
13 8 70392543
13 8 70392376
13 8 70391934
13 8 70391051
13 8 70390346
13 8 70376039
93 139 70372014
93 139 70368419
93 123 70291572
13 8 70288173
25 43 70276100
25 101 70276100
25 57 70276100
25 136 70276100
13 8 70271064
13 8 70258751
25 43 70189442
25 101 70189442
25 57 70189442
25 136 70189442
100 63 70119684
25 43 70116991
25 101 70116991
25 57 70116991
25 136 70116991
139 93 70116458
13 8 70112848
139 76 70102726
139 31 70102726
25 43 70092606
25 101 70092606
25 57 70092606
25 136 70092606
139 93 70091651
139 100 70091651
139 60 70091651
6 13 70090524
6 8 70090524
25 43 70088395
25 101 70088395
25 57 70088395
25 136 70088395
13 8 69923781
16 13 69856011
13 9 69853554
13 9 69852882
13 8 69836750
6 13 69834618
6 8 69834618
13 8 69833253
43 25 69759436
44 58 69747888
123 104 69738855
123 93 69738367
43 25 69679028
44 58 69664169
104 123 69662953
123 104 69656566
123 104 69651325
123 106 69603608
139 93 69572790
139 100 69572790
139 60 69572790
139 93 69570998
139 100 69570998
139 60 69570998
43 25 69568365
100 28 69566638
6 13 69488118
44 58 69483144
44 94 69232378
139 93 69225226
139 100 69225226
139 60 69225226
8 13 69146589
43 25 69137471
25 43 69074460
25 101 69074460
25 57 69074460
25 136 69074460
43 36 69051369
43 25 69048853
139 100 68992469
139 60 68992469
43 25 68986840
13 8 68966045
8 13 68961468
25 43 68887862
25 101 68887862
25 57 68887862
25 136 68887862
25 139 68887862
44 94 68878310
43 36 68876257
13 6 68642798
13 8 68640753
6 13 68640590
6 8 68640590
8 13 68624202
43 25 68617119
43 36 68524649
43 25 68441381
100 28 68354809
100 28 68354267
43 57 68351206
100 28 67764929
6 8 67760973
8 13 67758281
139 100 67696243
139 60 67696243
13 8 67672512
36 34 67258387
100 28 67235080
41 57 67089450
43 57 67087457
13 8 67071016
139 100 66815059
139 60 66815059
139 100 66744339
139 60 66744339
139 100 66741846
139 60 66741846
21 1 66726595
43 57 66642120
43 57 66641871
18 13 66634258
18 8 66634258
139 100 66577181
139 60 66577181
25 43 66571329
139 100 66567868
139 60 66567868
100 63 66565218
139 100 66211978
139 60 66211978
139 100 66207821
139 60 66207821
139 100 66207644
139 60 66207644
139 100 66206184
139 60 66206184
100 63 65520030
13 8 65418676
4 144 65409660
6 13 65364052
6 8 65364052
21 1 65346754
58 44 65321100
44 18 65266537
1 138 65000874
1 138 64823160
1 21 64743119
57 41 64740076
136 25 64724718
136 25 64385697
136 25 64384262
136 25 64316547
57 41 64308634
138 1 64303959
18 33 64252980
18 9 64252980
41 132 64212063
18 33 64144440
18 13 64144440
18 8 64144440
1 21 64126246
43 25 64119404
18 33 64108440
18 13 64108440
18 8 64108440
1 21 64063343
21 1 63788835
57 41 63787025
13 8 63639714
13 8 63638827
76 60 63590580
18 33 63547500
18 9 63547500
4 144 63501000
4 144 63500760
57 25 63468540
136 139 63466200
57 25 63432540
57 41 63202980
57 41 63201660
57 41 63199500
57 41 63166980
57 41 63165660
57 41 63163500
1 138 63114600
18 33 63113040
18 6 63113040
8 6 63111009
1 138 63078600
1 21 63041880
1 21 63016620
1 21 63005880
1 21 62980620
57 25 62945340
57 25 62909340
18 33 62872500
18 9 62872500
136 139 62856900
57 41 62608740
57 139 62608740
57 41 62608020
57 139 62608020
57 41 62606580
57 139 62606580
57 41 62601720
57 139 62601720
136 25 62595300
136 139 62589180
57 41 62572740
57 139 62572740
57 41 62572020
57 139 62572020
57 41 62570580
57 139 62570580
57 41 62565720
57 139 62565720
25 142 62432040
25 136 62432040
1 21 62429520
1 21 62421960
136 25 62409600
1 21 62393520
1 21 62385960
136 25 62352060
18 9 62349180
136 139 62347740
25 136 62340120
18 33 62324280
136 139 62324040
18 9 62313180
18 33 62288280
1 138 62015820
57 41 61992300
138 1 61990800
138 79 61990800
57 41 61989720
1 138 61979820
58 144 61974660
57 41 61956300
138 1 61954800
138 79 61954800
57 41 61953720
41 57 61953180
9 18 61951860
25 142 61907580
25 57 61907580
25 139 61907580
139 6 61902859
18 9 61889160
139 6 61885425
139 8 61885425
139 6 61813974
139 8 61813974
139 6 61811610
139 8 61811610
4 144 61808100
1 21 61807860
1 21 61771860
1 138 61735500
57 41 61726800
57 139 61726800
1 138 61699500
57 41 61690800
57 139 61690800
57 41 61385520
57 41 61349520
1 21 61318020
1 21 61289820
1 21 61282020
1 21 61253820
139 136 61230660
25 136 61218540
8 6 61215812
8 6 61215484
8 139 61215484
18 32 61077420
57 139 61035120
18 33 61004700
57 139 60999120
139 33 60759180
139 8 60759180
139 9 60759180
139 6 60759111
139 136 60691980
57 41 60674340
139 6 60671109
57 41 60656760
57 41 60655800
57 25 60644400
57 25 60644340
6 8 60508832
57 41 60493020
139 6 60438983
139 8 60438983
132 41 60437220
57 41 60415440
41 57 60415260
41 57 60401640
6 8 60367144
6 9 60367144
6 8 60158435
41 132 60155460
1 21 60151800
1 21 60151440
1 21 60151140
139 6 60070503
1 138 59967480
57 41 59953080
57 142 59953080
57 25 59952780
57 25 59870040
57 25 59869980
139 9 59757420
6 8 59566354
6 139 59566354
9 13 59553840
9 149 59553840
9 18 59553840
9 139 59553840
9 12 59553840
57 41 59445780
57 41 59442480
139 6 59379573
139 8 59379573
139 136 59329500
139 6 59302576
139 6 59302405
57 41 59293380
139 6 59290366
139 136 59216520
57 41 59179380
57 142 59179380
6 8 58956326
6 8 58954471
6 139 58954471
148 149 58930680
149 148 58928220
149 114 58928220
149 9 58928220
148 149 58926840
148 149 58924980
148 149 58924080
25 142 58885740
1 138 58855680
148 149 58837500
148 149 58776840
139 6 58773309
57 41 58697580
57 142 58697580
57 25 58697580
57 136 58697580
57 139 58697580
142 25 58683000
57 41 58679400
41 57 58674120
57 41 58657980
57 142 58657980
57 25 58657980
57 136 58657980
57 139 58657980
41 57 58605000
148 149 58585320
1 47 58257240
8 6 58253942
25 142 58191960
25 57 58191960
25 136 58191960
144 58 58167120
58 144 58165440
1 138 58152540
25 136 58063500
25 139 58063500
25 142 58057620
8 6 58023769
1 21 57995700
25 142 57981540
25 57 57981540
25 136 57981540
25 139 57981540
149 25 57975180
149 25 57972180
1 47 57823080
1 21 57823080
1 47 57819240
1 21 57819240
1 47 57816240
1 21 57816240
21 1 57721800
25 57 57588180
139 6 57587556
139 8 57587556
57 41 57563940
142 25 57475860
25 139 57464580
79 25 57377280
25 142 57325980
25 142 57225900
25 57 57225900
25 136 57225900
25 79 57124380
21 1 57118260
139 8 57064037
149 148 57052680
149 25 57052680
58 144 57045960
142 25 57045540
57 41 57029700
57 139 57029700
41 57 57029040
41 139 57029040
57 41 57026820
57 139 57026820
41 57 57025680
57 41 57025440
57 139 57025440
57 41 56963880
57 139 56963880
57 41 56962620
57 139 56962620
25 136 56815680
9 33 56785027
9 6 56785027
142 47 56773500
139 6 56554978
139 6 56546916
57 142 56526240
57 25 56526240
57 136 56526240
41 132 56504760
41 57 56504760
139 6 56447199
139 8 56447199
1 21 56424600
1 21 56417160
8 139 56403960
8 139 56360760
57 41 56355660
57 64 56344920
57 64 56343900
139 6 56286300
149 25 56268840
41 57 56246520
139 6 56243100
25 136 55896780
79 146 55867740
79 139 55867740
149 25 55832280
149 148 55829520
149 25 55829520
79 146 55828140
79 139 55828140
149 148 55827360
149 25 55827360
149 148 55813980
149 25 55813980
21 1 55734840
25 136 55693500
58 4 55666920
4 58 55665360
57 41 55661520
57 139 55661520
57 41 55646100
57 139 55646100
57 41 55645980
41 57 55563000
57 41 55562160
57 139 55562160
41 57 55558680
58 144 55555800
148 63 55549800
148 149 55549800
148 140 55549800
148 114 55549800
9 139 55322940
9 12 55322940
57 41 55222380
41 57 55222380
57 41 55221960
41 57 55221600
149 148 55214040
149 25 55214040
41 57 55147080
1 138 55144020
58 144 55140000
41 57 55118160
25 57 55066800
41 57 55032720
1 21 54977220
25 139 54967320
1 21 54963600
58 144 54955260
1 21 54953940
1 21 54953760
149 148 54757380
149 25 54757380
79 139 54710160
139 6 54672540
149 148 54630600
149 25 54630600
139 6 54629340
1 21 54626460
1 21 54615300
149 148 54603360
149 25 54603360
1 138 54533580
41 57 54448620
1 21 54446160
57 41 54445800
41 57 54445320
57 41 54445020
1 21 54444720
149 148 54429300
149 25 54429300
25 142 54423780
25 136 54393840
25 139 54393840
58 144 54348180
148 149 54106680
148 25 54106680
41 57 54089100
136 41 54010080
136 142 54010080
136 57 54010080
136 25 54010080
136 139 54010080
41 57 53994720
25 142 53873160
25 136 53873160
25 136 53872560
25 57 53871480
25 57 53754060
57 25 53500380
41 57 53402100
57 41 53401980
149 9 53314860
57 25 53253720
57 139 53242800
142 136 53224680
6 8 52813740
139 9 52810260
57 41 52810140
41 57 52805280
41 57 52710180
25 57 52639140
1 21 52609920
57 41 52554600
57 139 52554600
1 21 52550220
41 57 52272060
9 18 52208760
139 6 52205820
57 41 52189020
41 57 52125720
41 57 52124820
41 57 52124520
57 41 52124040
41 57 52123260
41 57 52123140
64 142 52117080
142 64 52114080
57 41 52111260
41 57 52107240
57 41 52106040
41 57 52095720
25 136 51964560
25 142 51624900
25 136 51624900
21 1 51513360
21 1 51511620
25 142 51489780
21 1 51415320
1 138 51411060
1 21 51072120
21 1 51070200
21 1 50982840
21 1 50982780
41 57 50979540
57 64 50914320
57 41 50912040
41 57 50911320
1 138 50882220
149 9 50740080
142 47 50474520
47 1 50393520
47 21 50393520
47 146 50393520
47 138 50393520
148 63 50389860
148 149 50389860
148 140 50389860
148 114 50389860
1 138 50389620
148 63 50378520
148 149 50378520
148 140 50378520
148 114 50378520
25 57 50330220
104 33 50315820
104 106 50315820
104 18 50315820
104 33 50315700
104 106 50315700
104 18 50315700
9 8 50296380
9 18 50296380
18 9 50296020
104 33 50291820
104 106 50291820
104 18 50291820
9 8 50291760
9 18 50291760
58 144 50284560
148 63 50283600
148 149 50283600
148 140 50283600
148 114 50283600
9 33 50220000
9 18 50220000
104 33 50217600
104 106 50217600
104 18 50217600
104 33 50217540
104 106 50217540
104 18 50217540
104 33 50217480
104 106 50217480
104 18 50217480
8 9 50206020
8 9 50204940
9 33 50199060
9 18 50199060
9 139 50199060
136 139 50198880
139 136 50194860
58 144 50145360
149 9 50129100
149 148 50116620
139 9 49874700
139 6 49870860
139 8 49870860
18 9 49861140
9 33 49856880
9 18 49856880
9 139 49856880
18 9 49847880
18 9 49846440
57 41 49790280
139 9 49788960
21 1 49772580
139 9 49768320
9 139 49726860
41 57 49701840
9 33 49687440
9 18 49687440
8 139 49686720
1 21 49686600
139 8 49686000
41 57 49685460
57 41 49685220
58 144 49680060
139 8 49679580
41 57 49678200
9 33 49620180
9 18 49620180
139 57 49618920
139 8 49617660
9 18 49613400
8 6 49607160
58 144 49590660
9 33 49554420
9 8 49554420
9 18 49554420
9 12 49554420
41 57 49533540
1 21 49529160
1 21 49527660
1 138 49527660
148 149 49527480
41 57 49525140
6 8 49522140
139 6 49518660
8 139 49517700
139 79 49473420
139 79 49472940
139 79 49472400
58 144 49272360
104 33 49267740
104 106 49267740
104 18 49267740
8 6 49266720
8 139 49266720
139 79 49259340
6 8 49255380
9 139 49250940
4 94 49248840
18 33 49245600
58 144 49188060
8 6 49185720
1 21 49181940
58 144 49174140
139 8 49165020
1 21 49160580
25 136 49122060
25 136 49121640
139 25 49121220
41 57 49101240
58 144 49100820
139 41 49100460
139 79 49074360
25 136 49038420
25 136 49037940
25 136 49037520
1 21 49014240
1 21 49011840
57 41 49005720
9 33 49001940
9 18 49001940
9 139 49001940
9 12 49001940
41 57 48987360
139 136 48984060
139 8 48935220
139 136 48928860
58 144 48927000
114 140 48837120
149 148 48402840
149 148 48393180
148 149 48390000
139 33 48388500
139 6 48388500
139 8 48388500
132 41 48314220
18 9 48303120
1 21 48222720
1 138 48222720
58 144 48214920
148 64 48047340
57 41 48043440
136 139 48042480
41 57 48034980
58 144 47976480
136 139 47962800
57 41 47957220
57 139 47957220
41 57 47892900
58 144 47879700
136 139 47877840
41 132 47871300
41 57 47871300
41 57 47860500
94 58 47830440
58 144 47806440
57 41 47799120
138 1 47794980
58 144 47720520
41 132 47714460
41 57 47714460
9 139 47709840
58 144 47707980
57 25 47707920
57 41 47706660
57 64 47697720
149 63 47457180
148 149 47457120
58 144 47453220
94 58 47442300
1 21 47438820
136 139 47435580
58 144 47432220
9 12 47361840
58 94 47360520
58 144 47293140
148 63 47282040
148 64 47282040
148 149 47282040
148 140 47282040
148 114 47282040
1 21 47276040
149 148 47206500
139 6 47201400
58 144 47197620
58 144 47192160
8 6 47191320
148 149 47189580
57 64 47189280
57 64 47188260
57 64 47185980
149 64 47172660
139 136 47170560
25 57 47135340
25 136 47135340
139 9 47116800
58 144 47115480
41 57 47112900
139 6 47110380
139 136 47104320
148 149 47094780
149 148 47092440
41 57 47090400
25 136 47044440
25 136 47039220
58 144 46858740
139 79 46850100
139 9 46847100
139 9 46835580
58 144 46768440
139 136 46764600
13 6 46757460
13 8 46757460
139 9 46747800
1 138 46747620
41 57 46744440
148 149 46735980
58 144 46682700
41 57 46675680
13 8 46671840
139 136 46669980
41 57 46660320
41 57 46659240
58 144 46597800
148 63 46585200
148 64 46585200
148 149 46585200
148 140 46585200
148 114 46585200
41 57 46573740
8 6 46570680
8 139 46570680
41 57 46565880
41 57 46565640
139 136 46564800
41 57 46564440
58 144 46510620
144 58 46499880
41 57 46487700
41 57 46487520
41 57 46486140
41 57 46483800
139 136 46481460
58 144 46252380
139 136 46239000
139 136 46237860
58 144 46229340
9 13 46228320
9 149 46228320
9 18 46228320
9 139 46228320
9 12 46228320
58 144 46222440
1 47 46163280
58 144 46162560
58 144 46151160
148 149 46142820
58 144 46134240
58 144 46081680
58 144 46074180
148 149 46071660
8 6 46069380
8 139 46069380
139 136 46062540
144 58 46052580
13 6 46051740
13 8 46051740
58 144 45992040
58 144 45984240
148 149 45979500
57 41 45972300
57 139 45972300
1 21 45970020
57 41 45968760
57 139 45968760
58 144 45901140
1 21 45894180
1 138 45894180
58 144 45892500
57 41 45882660
41 57 45874740
41 57 45614880
41 57 45559440
149 63 45556380
149 64 45556380
58 144 45539820
41 57 45537720
139 136 45532080
58 144 45527040
1 21 45471120
149 148 45465600
25 136 45458760
58 144 45456600
25 142 45390600
25 57 45390600
25 136 45390600
58 144 45372420
41 57 45362460
41 57 45356160
139 9 45298800
58 144 45297240
58 144 45296880
139 9 45210840
58 144 45042300
139 136 45036300
139 136 45009540
57 41 44954880
41 57 44953980
1 21 44950800
57 41 44947800
139 9 44936880
41 57 44935080
58 144 44925900
41 57 44841300
58 144 44787300
1 21 44773860
1 138 44773860
41 57 44768580
57 41 44757300
41 57 44754840
58 144 44749140
1 138 44693880
1 138 44693700
1 21 44693100
1 138 44693100
139 9 44676660
139 9 44675340
58 144 44666760
58 144 44666400
1 21 44589300
1 138 44589060
1 138 44422380
41 57 44419140
139 6 44340540
139 8 44340540
25 136 44331300
4 94 44320800
58 144 44264100
139 136 44252760
41 57 44249880
25 142 44196420
25 57 44196420
146 79 44179980
58 144 44177700
58 144 44168880
1 21 44152980
58 144 44093220
57 41 44069220
41 57 44067960
149 63 44061000
1 21 43827660
1 21 43827420
58 144 43825380
41 57 43743600
58 144 43743120
139 9 43740000
41 57 43728360
139 136 43720020
41 57 43719660
58 144 43658700
57 41 43645680
41 57 43645080
41 146 43642080
139 136 43638720
41 57 43628280
58 144 43570140
139 136 43544940
1 21 43542480
1 138 43542480
58 144 43483440
41 57 43473180
139 136 43469340
1 21 43468920
1 34 43468920
1 138 43468920
1 21 43463760
1 138 43463760
41 57 43461780
58 144 43226340
139 136 43223340
139 8 43219080
1 138 43203600
58 144 43194780
1 138 43193220
139 6 43141020
139 8 43141020
41 57 43132980
41 57 43123980
41 57 43122720
58 144 43051380
139 33 43033260
41 57 43027320
41 57 43022700
146 25 42970680
58 144 42964740
139 136 42961560
139 136 42951660
41 57 42949500
139 6 42948960
139 8 42948960
139 6 42947580
58 144 42939120
58 144 42882720
139 6 42881400
57 64 42881100
139 136 42878100
139 136 42876300
41 57 42872460
57 41 42871620
41 57 42871020
139 136 42864720
58 144 42620640
8 6 42601440
148 149 42594300
58 144 42537000
139 6 42536820
139 8 42536820
57 41 42533640
79 146 42530880
149 63 42512520
139 136 42510360
1 21 42502440
58 144 42447480
41 57 42437580
57 64 42435060
139 136 42421620
1 21 42421020
57 41 42419460
41 57 42418500
58 144 42366480
139 136 42339480
58 144 42334620
58 144 42334020
57 25 42330420
25 136 42298680
63 149 42281400
139 136 42270240
139 136 42268680
139 6 42266040
41 146 42255480
25 136 42203580
25 136 42203400
25 136 42203220
25 146 42195540
144 58 42010740
139 136 41997720
58 144 41995500
149 63 41995260
57 41 41993160
58 144 41988780
60 76 41921520
148 149 41910120
57 41 41909340
57 41 41909160
58 144 41907720
41 57 41907240
41 57 41907180
57 41 41906940
57 25 41898540
58 144 41846220
41 57 41843760
1 21 41841960
1 21 41837760
57 41 41824440
41 57 41822640
25 64 41808300
58 144 41757840
41 57 41757420
57 41 41757060
41 57 41754960
41 57 41753460
41 57 41751000
9 6 41745660
9 8 41745660
9 139 41745660
1 21 41741340
146 41 41738460
41 146 41737140
1 138 41730720
41 57 41729280
41 57 41729220
41 57 41726880
58 144 41409480
139 33 41403420
139 8 41403420
139 9 41403420
41 146 41393340
146 41 41392620
41 146 41388120
58 144 41383560
139 136 41380920
1 138 41380800
1 47 41314320
1 138 41314320
41 57 41308740
139 136 41301180
41 57 41293800
139 136 41239140
149 148 41239020
58 144 41237400
1 21 41234160
1 138 41234160
1 21 41233800
1 138 41233800
139 136 41227620
1 21 41219220
1 34 41219220
1 138 41219220
9 33 41215260
9 6 41215260
9 13 41215260
9 8 41215260
9 18 41215260
9 139 41215260
9 12 41215260
41 57 41213160
139 6 41208660
139 6 41155200
58 144 41150880
1 21 41145780
1 34 41145780
1 138 41145780
58 144 41063040
1 21 41060640
1 138 41060640
41 57 41056740
139 136 41052480
57 41 41043960
58 144 40810860
1 21 40801500
1 21 40776780
1 138 40776780
41 57 40775400
58 144 40720980
139 9 40693980
1 21 40693500
1 34 40693500
1 138 40693500
41 57 40689780
41 57 40687320
58 144 40639740
58 144 40605180
148 149 40537500
41 57 40535280
58 144 40519920
149 64 40490400
149 148 40490400
57 41 40456440
57 41 40454340
1 21 40452780
8 6 40451700
57 41 40440240
41 57 40438500
41 57 40437300
58 144 40434180
41 57 40432440
41 57 40374180
41 57 40185360
57 41 40180680
41 57 40179960
58 144 40118940
58 144 40114620
58 144 40112400
41 57 40099740
60 76 40098480
139 9 40096800
58 144 40089180
58 144 40031820
58 144 39945420
57 41 39941520
8 6 39932520
58 144 39931860
58 144 39931680
32 18 39918600
57 41 39832320
41 57 39829740
41 57 39828540
57 41 39828180
57 41 39827280
41 57 39826380
25 142 39787500
41 57 39589140
139 9 39588300
41 57 39563880
139 6 39515100
139 8 39515100
58 144 39510480
41 57 39504960
1 21 39495420
1 21 39489780
58 144 39482880
58 144 39340860
13 6 39310320
13 8 39310320
58 144 39309840
57 41 39249000
41 57 39248880
57 41 39247560
41 57 39247440
57 41 39245940
57 41 39245040
41 57 39244980
41 57 39237900
57 41 39234660
41 57 39234240
41 57 39229440
58 144 38994300
58 144 38905560
139 6 38886840
57 41 38882280
58 144 38879100
41 57 38876700
58 144 38820660
6 139 38819580
9 6 38802960
9 13 38802960
9 8 38802960
9 18 38802960
9 139 38802960
9 12 38802960
58 144 38792400
41 57 38787600
139 9 38723160
144 58 38720640
58 144 38719380
58 144 38714580
58 144 38712840
58 144 38649660
60 28 38645700
60 31 38645700
57 41 38645640
58 144 38643900
8 6 38643120
144 58 38642700
57 41 38642520
58 144 38640060
142 25 38634300
57 64 38623800
9 13 38573460
9 149 38573460
9 18 38573460
9 139 38573460
9 12 38573460
1 21 38379420
58 144 38376120
1 138 38368260
1 21 38364780
1 138 38364780
58 144 38361420
1 21 38353980
1 34 38353980
1 138 38353980
8 6 38289180
8 13 38289180
1 21 38285340
1 138 38285340
57 41 38279520
1 21 38268240
1 34 38268240
1 138 38268240
58 144 38218020
139 9 38213820
139 6 38202000
1 138 38200680
139 6 38193060
57 41 38191980
41 57 38190360
57 41 38184720
58 144 38131320
58 144 38103960
58 144 38102940
1 21 38044680
1 138 38044680
1 21 38044500
1 34 38044500
1 138 38044500
58 144 38041980
1 21 38011560
58 144 37781220
41 57 37769340
41 57 37768320
139 6 37755840
1 47 37754460
1 21 37754460
139 6 37746660
139 8 37746660
139 6 37704780
139 8 37704780
58 144 37699020
139 6 37684740
139 8 37684740
41 57 37677480
57 41 37675620
58 144 37614120
41 57 37595940
9 18 37593360
9 139 37593360
9 12 37593360
57 41 37588320
58 144 37581240
58 144 37580700
142 25 37521300
57 64 37502040
149 148 37429560
58 144 37178100
142 25 37173840
1 138 37145220
142 25 37144860
144 58 37090920
58 144 37090740
41 57 37005420
57 41 37005240
41 57 37004580
58 144 37002120
139 6 37000320
139 9 37000320
41 57 36999060
139 6 36988620
139 8 36988620
58 144 36983940
25 57 36923160
25 136 36923160
25 136 36922800
58 144 36922560
41 57 36900300
41 57 36899040
58 144 36893820
58 144 36890820
58 144 36568020
25 57 36553620
41 57 36490920
58 144 36486300
58 144 36469680
139 6 36409560
139 9 36409560
57 64 36397920
58 144 36385800
41 57 36369780
1 21 36367740
1 34 36367740
1 138 36367740
41 57 35961660
57 41 35961360
41 57 35961000
41 57 35960700
41 57 35953920
144 58 35942040
58 144 35937900
58 144 35937420
1 21 35898180
1 21 35879880
144 58 35871360
58 144 35863500
58 144 35862720
58 144 35796120
144 58 35795940
58 144 35794680
41 57 35784120
139 6 35777640
139 9 35777640
58 144 35774700
41 57 35765760
58 144 35713140
41 57 35694720
57 41 35685660
1 21 35682720
1 34 35682720
1 138 35682720
58 144 35625540
1 21 35592300
1 34 35592300
1 138 35592300
58 144 35365200
25 136 35356860
1 21 35356080
1 138 35356080
58 144 35344860
146 138 35275560
1 21 35267280
1 138 35267280
58 144 35193360
58 144 35180460
139 6 35176440
139 9 35176440
139 6 35170380
58 144 35103180
58 144 35019780
1 138 35015220
58 144 35012940
139 136 35010660
9 18 35008260
58 144 34990440
57 64 34739100
57 142 34738800
41 57 34738800
57 25 34738800
57 64 34736880
58 144 34676220
58 144 34593000
57 64 34566720
58 144 34561440
142 57 34555620
57 64 34493640
41 57 34489440
41 57 34488840
25 136 34466100
57 41 34389180
58 144 34156200
58 144 34152840
58 144 34127340
41 57 34056300
41 57 34052760
58 144 33988080
57 41 33961740
58 144 33896460
1 21 33863820
58 144 33812460
1 21 33807600
1 21 33806520
58 144 33553920
58 144 33468960
58 144 33465660
58 144 33435600
139 6 33404040
41 57 33357420
58 144 33299340
144 58 33263940
58 144 32941500
139 9 32932860
1 21 32932260
1 138 32931000
58 144 32861880
58 144 32861040
1 21 32842620
9 13 32789760
9 149 32789760
9 18 32789760
9 139 32789760
9 12 32789760
58 144 32778360
58 144 32687460
58 144 32652960
41 57 32571420
58 144 32342700
139 6 32166120
139 9 32166120
139 6 32147460
139 9 32147460
1 21 32139540
58 144 32083740
139 6 32080680
58 144 32069040
1 21 32064780
58 144 31997880
139 6 31983780
41 57 31962540
139 9 31736640
58 144 31725720
144 58 31725120
58 144 31647480
58 144 31560660
58 144 31556580
1 21 31548300
58 144 31535460
1 138 31449480
58 144 31446000
1 21 31382940
41 57 31354860
58 144 31135380
58 144 31049280
1 21 31039860
58 144 31012020
1 21 31009500
58 144 30928680
1 138 30870900
41 57 30752760
1 21 30506460
1 34 30506460
1 138 30506460
1 21 30426480
1 21 30232140
58 144 30172500
144 58 30172500
1 21 30165720
1 34 30165720
1 138 30165720
1 21 30156180
1 138 30156180
1 21 30154680
1 138 30154680
41 57 30150240
1 21 30146040
1 34 30146040
1 138 30146040
144 58 29832480
1 34 29720340
139 136 29641260
41 132 29213880
139 136 29208120
41 57 29137680
41 57 28949220
139 9 28872240
139 6 28778880
139 136 28618080
146 79 28593840
1 21 28434300
1 138 28430940
58 144 28371180
41 57 28359660
41 57 28333320
139 136 28081680
58 144 28070820
139 41 28007100
139 57 28007100
1 47 28004340
1 138 28004340
139 57 28002420
139 41 28001460
139 57 28001460
41 57 27997380
1 47 27994740
1 138 27994740
58 144 27987000
139 8 27935460
1 21 27898620
1 34 27898620
1 138 27898620
1 34 27847620
1 21 27847380
1 138 27847380
58 144 27846660
1 21 27840180
139 136 27826800
58 144 27815700
58 144 27813960
139 136 27760020
139 136 27756540
1 138 27745320
1 34 27740100
1 21 27740040
1 138 27740040
58 144 27735780
41 57 27729300
41 57 27728880
1 138 27727200
1 138 27415800
41 57 27408900
41 57 27404280
58 144 27386820
41 57 27304620
1 138 27243660
139 6 27231600
139 8 27231600
1 138 27222540
58 144 27213240
41 57 27135240
41 57 27129720
58 144 26901120
58 144 26875200
1 138 26871240
1 138 26868660
1 34 26789520
1 138 26779740
58 144 26639100
41 57 26608140
58 144 26553900
41 57 26553180
41 57 26538300
41 57 26292240
58 144 26291100
139 6 26264580
139 8 26264580
58 144 26263200
139 8 26182560
58 144 26176440
1 34 26110980
58 144 26037960
139 9 26037480
139 8 26027040
1 21 25999200
58 144 25950480
58 144 25949820
58 144 25936380
139 6 25928160
139 8 25928160
1 34 25914120
58 144 25658580
1 21 25592340
1 138 25592340
139 6 25590300
139 8 25590300
58 144 25571760
139 8 25512960
9 18 25494840
9 139 25494840
9 12 25494840
58 144 25486200
58 144 25399860
1 21 25399020
1 138 25399020
21 1 25343940
41 57 25323720
9 18 24907860
9 139 24907860
9 12 24907860
58 144 24884280
139 6 24881100
139 6 24827520
1 21 24796080
1 21 24544740
58 144 24475980
58 144 24396060
58 144 24383160
139 8 24377940
58 144 24363360
58 144 24192600
58 144 24132780
58 144 23869740
58 144 23843880
41 57 23782500
58 144 23701200
21 1 23505000
58 144 23271540
41 139 23246220
58 144 23240220
58 144 23098620
41 57 23090880
58 144 23010120
41 57 23008680
41 57 23006160
139 8 22998600
58 144 22923900
1 21 22919640
1 21 22918140
41 57 22914420
1 47 22904400
1 138 22904400
1 138 22637460
58 144 22579020
58 144 22490580
58 144 22484100
58 144 22481820
41 57 22463820
58 144 22385760
58 144 22376520
58 144 22289340
1 21 22289100
1 21 22136760
1 21 21989520
1 21 21985440
58 144 21974280
58 144 21883200
58 144 21713760
1 21 21691020
58 144 21453600
58 144 21368400
41 57 21362340
1 21 21290280
1 21 21288240
58 144 21281580
1 138 21276900
58 144 21274320
1 21 21268440
41 57 21254880
58 144 21251340
58 144 21184440
94 33 21172920
58 144 21111720
41 57 21105480
41 57 21101160
58 144 20850420
41 57 20820480
58 144 20761920
1 21 20761800
58 144 20734980
139 8 20681160
1 21 20652060
58 144 20594880
139 6 20575620
1 21 20231460
1 21 20145600
139 6 20143680
1 47 20141340
1 138 20141340
1 138 20135820
1 21 20134560
1 138 20134560
1 21 20126700
1 138 20126700
1 21 20090040
58 144 20064300
1 21 20053800
1 138 20053800
1 21 20048340
1 138 20048340
1 21 19986180
1 138 19986180
1 21 19985940
1 21 19974900
139 8 19972200
1 21 19959480
1 138 19959480
1 21 19957080
1 138 19957080
1 21 19955640
1 21 19915200
1 21 19895520
1 138 19895520
1 21 19893420
139 6 19892760
1 21 19891920
1 138 19891920
1 21 19891860
1 138 19891860
1 21 19889760
1 138 19889760
1 21 19889400
1 138 19889400
1 21 19889340
1 138 19889340
1 21 19888800
1 138 19888800
1 21 19888020
1 138 19888020
1 21 19887900
1 138 19887900
1 21 19887840
1 138 19887840
1 21 19884840
1 138 19884840
1 21 19879860
1 138 19879860
1 21 19879020
1 138 19879020
1 21 19878960
1 138 19878960
1 21 19878900
1 138 19878900
1 21 19878840
1 138 19878840
1 21 19878780
1 138 19878780
1 21 19878720
1 138 19878720
1 21 19878660
1 138 19878660
1 21 19878600
1 138 19878600
1 21 19877040
41 57 19869840
1 21 19570140
1 21 19545540
139 8 19357860
58 144 19295400
58 144 19039020
58 144 19006740
58 144 18926580
58 144 18867960
58 144 18777900
58 144 18747360
41 57 18680700
58 144 18666600
58 144 18665280
1 21 18663480
58 144 18430740
1 21 18416280
58 144 18340260
58 144 18339840
58 144 18314760
58 144 18249840
58 144 18240120
58 144 18163440
58 144 18162780
58 144 18157620
58 144 18157320
58 144 12876180
58 144 10827540
58 144 9950040
58 144 9791040
104 18 8380200
