13 11 90673667
13 11 90671879
13 11 90671846
13 11 90671832
13 11 90671818
13 11 90671794
11 13 90399389
11 13 90395748
18 11 90392693
13 11 90241911
13 11 90142424
11 13 89789208
13 11 89472341
11 13 89469150
13 23 89200545
23 13 89192033
11 13 89189628
13 11 89186457
11 13 89184708
13 11 88951540
13 11 88867878
11 13 88600899
11 13 88582509
26 29 88532323
26 31 88532323
18 32 88526218
32 18 88515148
13 11 88510669
34 7 88328288
11 13 87974539
7 41 87312143
13 11 87283426
11 13 87283420
45 32 87223766
11 13 86767156
11 13 86703155
41 7 86694676
13 11 86694164
90 74 86619818
89 77 86615140
89 26 86615140
77 62 86605341
62 77 86591803
26 93 86546943
26 93 86542978
26 29 86542849
26 31 86542849
77 62 86537452
0 26 86535196
0 89 86535196
0 26 86518244
0 87 86518244
26 89 86515040
89 26 86514965
11 13 86509768
0 26 86505768
0 89 86505768
13 11 86189099
26 77 86179338
26 89 86179338
93 26 86169976
11 13 86165421
11 13 86164759
26 62 86115188
13 11 86102928
0 26 86100078
0 87 86100078
0 26 86086157
0 89 86086157
93 26 86080940
93 26 86073430
26 93 86022436
26 93 86012109
93 26 86010242
90 74 86009240
26 31 86009067
26 93 86008792
52 50 86004328
52 41 86004328
0 26 86000691
0 87 86000691
93 26 85989930
26 93 85989679
0 26 85989633
0 89 85989633
93 26 85986855
0 26 85925518
0 87 85925518
13 11 85909082
35 62 85908451
26 89 85903061
26 93 85841530
26 93 85837937
77 62 85827465
62 77 85819571
97 41 85818248
41 97 85817869
13 11 85816276
0 26 85595718
0 87 85595718
13 11 85570946
0 26 85510054
0 87 85510054
13 11 85494240
13 11 85475335
11 13 85470904
13 11 85470319
77 62 85468400
23 13 85413955
62 77 85385854
0 26 85335502
0 87 85335502
29 108 85310228
77 62 85300353
11 13 85298019
13 11 85297346
26 31 85048048
0 26 84993197
0 87 84993197
11 13 84969350
13 11 84953499
13 11 84947325
11 13 84945340
0 26 84907671
0 87 84907671
0 26 84820190
0 87 84820190
93 113 84809776
26 89 84798599
26 31 84793890
26 89 84793890
87 93 84736160
0 26 84648246
0 87 84648246
13 11 84621049
0 26 84383393
0 87 84383393
115 52 84368734
108 113 84360723
108 99 84360723
23 13 84356534
13 23 84355948
23 13 84355736
13 23 84355364
11 13 84353707
62 77 84345327
11 13 84344619
89 0 84291439
41 50 84282834
41 52 84282834
41 115 84282834
13 11 84275629
11 13 84265643
62 77 84265048
13 11 84260938
82 0 84203026
113 93 84179971
113 108 84179971
93 26 84172181
0 26 84123152
0 87 84123152
52 50 84108192
52 41 84108192
52 115 84108192
26 93 84094301
26 93 84094266
62 35 84091573
62 31 84091573
89 0 84031145
13 11 84026877
0 26 83753427
0 87 83753427
50 41 83747945
115 41 83747856
11 13 83747743
13 11 83741000
13 18 83683796
41 7 83675804
50 41 83662273
52 41 83662086
7 52 83658578
0 26 83603438
0 87 83603438
41 50 83588231
13 23 83584843
23 13 83584133
13 23 83577308
90 117 83571549
90 118 83571549
13 11 83568345
26 31 83431026
90 117 83412342
90 118 83412342
26 0 83320328
26 89 83320328
13 11 83156915
11 13 83138043
11 13 83137309
0 26 83089472
0 87 83089472
11 13 83069774
0 26 83067480
11 13 82542337
11 13 82540554
11 23 82538450
13 11 82460532
0 82 82455377
113 93 82450334
93 113 82380483
97 41 82365486
41 97 82364111
41 97 82363833
93 26 82318759
97 41 82271279
23 18 82216221
93 26 82185944
11 13 81949328
11 13 81943851
93 87 81938460
62 77 81851481
11 13 81849009
0 82 81843426
125 41 81842223
62 77 81841146
13 11 81788767
11 13 81692137
109 87 81688077
97 41 81683342
93 113 81681949
97 41 81672552
13 11 81587933
93 113 81586506
113 93 81584563
93 113 81353040
97 35 81320320
50 52 81288607
97 41 81259137
97 75 81259137
11 13 81253938
11 13 81244163
93 113 81157294
93 113 81103347
93 108 81099204
93 108 81092562
97 35 81020376
11 13 81003248
93 113 80971742
93 113 80931607
93 113 80931402
93 113 80821194
113 93 80745838
97 41 80741614
115 50 80732527
11 13 80723329
11 13 80722904
11 13 80722118
62 35 80718805
13 11 80639849
11 13 80639632
35 47 80639101
41 50 80541730
41 7 80541730
41 97 80541079
23 13 80494084
13 23 80488554
23 13 80487009
0 82 80479593
0 82 80473899
0 80 80462618
13 11 80461956
82 0 80457853
29 79 80399069
18 23 80397961
11 23 80393679
79 29 80391690
113 93 80386768
113 93 80373754
113 93 80369684
11 23 80368624
97 41 80295504
93 113 79967365
0 82 79952432
11 13 79945912
113 93 79943532
11 13 79943077
113 93 79942011
93 26 79941515
11 23 79941443
82 0 79940311
82 0 79940097
113 93 79939873
113 93 79876131
93 113 79874676
82 0 79874320
93 113 79871097
93 113 79869042
93 113 79857201
113 93 79856606
113 93 79850291
93 113 79847762
29 35 79847397
113 93 79844385
113 108 79844385
113 93 79804284
93 113 79800294
41 7 79788511
41 50 79788386
41 115 79788386
23 18 79786797
93 113 79782588
0 80 79781101
41 115 79779007
115 41 79778892
41 115 79778805
115 41 79778687
93 113 79775416
93 113 79772750
113 93 79771225
93 113 79540857
113 26 79528966
113 108 79528966
41 75 79523428
41 115 79523012
41 7 79523012
41 97 79523012
11 13 79519221
11 13 79517909
11 13 79517766
113 93 79515825
93 113 79500968
26 31 79453607
93 113 79445938
13 11 79434426
52 41 79430776
113 93 79427264
0 82 79422479
93 113 79419250
11 13 79417646
97 35 79368012
97 35 79367623
26 89 79357506
113 93 79340611
93 113 79330027
93 113 79329462
13 11 79283577
97 47 79281939
97 35 79281939
97 35 79280961
113 93 79274304
93 113 79270580
50 7 79262129
0 82 79257875
0 82 79254198
93 113 79249249
93 113 79244633
41 115 79243493
97 47 79195684
97 35 79195684
115 41 79186010
82 0 79170262
82 0 79170175
13 11 79165987
7 41 79163694
93 113 79157829
29 52 79156968
29 79 78923346
93 113 78919143
29 79 78917291
93 113 78914454
93 113 78910425
93 113 78909743
93 113 78909646
93 113 78908917
93 113 78899306
93 113 78898437
41 97 78842060
41 97 78839974
97 41 78839948
41 97 78838874
93 113 78834840
93 113 78833032
93 113 78824878
93 113 78810930
35 31 78757064
93 113 78750976
93 113 78749015
93 113 78743419
0 82 78729050
93 113 78726152
93 113 78725755
35 62 78724167
93 113 78669697
82 0 78665121
82 0 78655521
93 113 78654570
50 41 78653084
23 18 78649816
32 31 78633990
93 113 78587075
93 113 78586447
93 113 78580656
93 113 78578755
34 54 78569168
113 93 78563750
13 11 78561389
13 11 78552421
93 113 78323221
93 113 78319467
93 113 78315583
11 13 78311446
93 113 78309263
113 93 78308071
93 113 78307605
18 23 78298100
93 113 78252978
93 113 78252771
97 99 78252676
93 113 78249313
93 113 78246603
93 113 78236118
79 29 78219001
93 113 78209833
97 99 78160638
97 99 78160545
13 11 78156021
93 113 78146438
29 79 78136030
52 41 78132585
32 31 78131785
13 11 78123246
113 93 78122156
97 99 78074323
97 99 78073826
93 113 78065744
125 34 78065072
93 113 78064955
7 41 78057012
115 50 78056009
115 41 78056009
29 79 78055636
52 41 78051538
52 41 78051513
97 41 78042032
41 97 78041914
113 93 78038064
52 115 78032994
97 99 77987022
97 99 77986650
90 135 77985901
90 117 77985901
97 99 77983426
113 93 77980607
93 113 77979978
93 113 77977032
93 113 77976294
11 13 77970340
90 135 77954576
90 117 77954576
23 13 77953509
93 113 77949892
93 113 77949394
13 11 77898619
0 82 77718494
89 26 77718443
93 113 77717149
82 0 77713665
82 0 77712959
113 93 77710791
125 97 77707764
97 125 77707699
93 26 77705594
117 74 77703472
74 117 77703471
74 90 77703471
93 113 77696987
93 113 77694644
11 13 77691326
11 13 77689423
11 13 77686683
90 135 77631064
90 117 77631064
93 113 77629781
0 82 77620575
7 41 77612752
93 113 77611767
18 105 77599933
62 77 77599103
93 113 77598783
93 113 77598782
93 113 77554876
93 113 77553403
105 18 77550332
23 13 77533366
13 23 77531884
62 31 77531116
23 11 77524132
23 13 77523730
23 11 77523730
13 11 77519975
13 11 77461251
93 113 77456892
0 82 77451792
0 82 77451304
50 52 77447823
113 93 77437617
11 13 77427221
90 135 77382200
90 117 77382200
113 93 77369972
0 82 77364485
93 113 77360314
0 82 77359848
13 11 77351977
93 113 77351351
120 93 77350347
23 13 77350032
0 82 77346495
113 93 77346280
97 41 77344940
93 113 77344935
93 113 77344299
113 93 77344254
93 113 77344131
13 23 77281548
90 135 77112767
90 117 77112767
90 135 77110271
90 117 77110271
0 82 77108491
0 82 77106517
113 93 77105298
93 113 77094416
90 135 77092064
90 117 77092064
82 0 77090301
93 113 77086332
11 13 77085496
11 13 77084251
13 11 77030994
13 11 77030873
90 135 77030176
90 117 77030176
113 93 77018655
13 23 77008498
23 13 77004081
82 0 77000722
13 11 76999918
93 113 76958132
113 93 76941714
90 135 76940513
90 117 76940513
113 93 76934803
113 93 76920358
93 113 76916476
90 135 76862019
90 117 76862019
13 11 76855970
13 11 76848862
90 135 76837164
90 117 76837164
13 11 76827011
41 97 76821456
97 125 76755880
117 90 76747521
13 11 76744012
117 87 76502795
117 90 76502795
93 113 76501006
93 113 76500412
93 113 76498412
93 113 76498260
87 90 76496280
90 135 76495809
90 117 76495809
11 13 76482166
93 113 76479155
93 113 76478546
93 113 76478480
13 11 76427202
125 41 76412553
93 113 76401399
93 113 76390625
93 113 76389388
93 113 76345034
93 113 76344313
93 113 76323206
93 113 76259020
93 113 76257337
93 113 76256903
23 13 76244179
93 113 76236428
23 13 76226457
13 11 76166208
13 11 76165744
93 113 76159508
13 11 76151467
26 89 76144723
0 82 76143564
93 113 76139400
93 113 76138779
93 113 76138600
93 113 76132546
93 113 76131763
26 89 76001605
0 82 75893497
113 93 75892157
113 26 75892157
11 13 75882345
93 113 75881447
93 113 75871588
93 113 75871585
93 113 75829747
93 113 75829260
125 41 75806213
93 113 75800660
93 113 75782711
93 113 75782018
93 113 75780747
93 113 75780689
93 113 75724494
0 82 75721612
90 135 75718522
90 117 75718522
50 41 75717462
0 82 75711774
113 93 75708626
93 113 75659817
93 113 75654926
41 97 75632833
41 97 75626565
0 82 75618635
62 121 75574953
90 135 75539661
90 117 75539661
90 135 75531252
90 117 75531252
90 135 75528890
90 117 75528890
93 113 75526463
93 113 75526318
26 93 75461932
93 113 75372416
41 52 75286442
0 82 75280543
26 31 75275158
26 89 75274007
11 13 75272559
26 89 75270070
52 41 75268770
11 13 75205377
13 11 75204823
117 74 75204332
82 0 75204165
89 50 75195582
41 97 75188862
113 93 75185315
29 79 75123687
113 93 75120309
90 135 75105737
90 74 75105737
90 117 75105737
90 87 75105737
29 79 75095398
13 11 75040249
11 13 75039382
29 79 75028046
13 11 74957683
13 11 74952048
113 93 74931795
13 11 74871477
11 13 74685461
52 41 74683341
52 115 74683341
52 7 74683341
26 31 74681027
11 13 74677998
13 11 74662614
113 93 74607880
90 135 74607144
90 117 74607144
125 41 74598328
97 41 74588718
11 13 74587170
13 23 74527614
13 11 74506245
93 113 74504677
93 113 74490973
90 135 74490922
90 117 74490922
93 113 74489251
93 113 74431582
90 135 74414358
90 117 74414358
26 89 74409783
13 11 74406558
113 26 74406064
113 26 74405973
93 113 74355167
62 77 74334251
82 0 74326967
13 11 74324798
125 54 74322553
13 11 74321380
113 93 74318505
93 113 74316483
82 0 74088069
93 113 74084568
93 26 74073991
89 26 74073834
89 31 74073834
93 113 74072767
11 13 74065686
90 135 74001862
90 117 74001862
26 31 73996212
41 50 73988341
41 115 73988341
41 7 73988341
41 97 73988341
125 41 73981804
82 0 73910249
93 113 73893312
93 113 73892579
125 41 73888856
113 93 73870047
93 113 73742478
93 113 73732216
93 113 73674357
82 0 73479066
89 26 73459945
11 13 73456220
13 11 73408078
13 11 73404813
113 93 73397990
93 113 73396094
93 26 73395503
93 113 73395503
93 113 73383178
93 113 73382998
26 31 73378389
125 41 73367226
26 93 73318429
26 113 73318429
93 113 73314328
93 113 73307607
93 113 73300084
93 113 73285304
93 113 73282297
93 113 73281428
13 11 73278064
93 113 73236506
93 113 73218440
93 113 73211638
93 113 73210939
11 13 73141301
113 93 72868405
93 113 72809361
93 113 72807043
93 113 72806409
82 0 72791674
121 115 72791421
93 113 72787811
93 113 72781495
93 113 72780328
93 113 72776944
93 113 72775550
93 113 72774768
93 113 72774275
62 77 72708929
62 77 72707459
93 113 72692370
62 77 72692021
77 62 72685738
62 125 72667884
93 113 72622978
93 113 72614821
62 125 72607596
125 62 72607123
93 113 72596756
93 113 72592241
125 41 72528162
93 113 72448317
93 113 72447620
13 11 72342657
13 11 72342221
13 11 72342108
13 11 72340244
93 113 72266193
11 13 72261405
113 93 72247020
13 11 72209322
93 113 72159260
113 93 72154906
93 113 72153955
93 113 72022190
93 113 72002471
93 113 71993329
93 113 71905967
93 113 71895929
93 113 71652472
26 31 71648883
11 13 71647603
93 113 71636986
93 113 71592024
93 113 71477777
93 113 71471157
11 13 71407657
82 0 71398714
13 11 71384418
13 11 71383483
63 93 71379904
93 113 71378489
93 113 71313781
93 113 71243845
93 113 71242316
93 113 71242029
93 113 71236385
93 113 71235759
93 113 71234275
52 115 71066281
11 13 71037687
35 77 71036268
35 62 71035882
93 113 71033587
93 113 70986367
93 113 70985475
11 13 70973776
13 11 70973459
93 63 70972704
62 35 70970587
93 113 70868194
93 63 70860569
117 74 70799836
35 77 70776934
117 90 70722653
11 13 70449782
62 77 70439835
13 11 70433732
13 11 70433698
13 11 70392843
13 11 70390346
13 11 70376039
93 113 70372014
93 113 70368419
93 113 70291572
13 11 70287813
90 135 70280400
90 117 70280400
82 0 70262686
113 93 70260981
13 11 70258751
11 13 70110572
13 11 70106076
13 23 70101552
13 11 70088531
11 13 70085777
93 113 70081719
13 11 69852681
13 11 69833122
117 74 69580827
13 11 69511350
11 13 69229779
35 125 69229571
117 74 69143725
26 113 69071490
125 34 69068901
82 0 69056162
13 11 68966045
117 74 68889256
117 90 68889256
13 11 68640753
82 0 68558418
82 0 68556368
82 0 68474031
13 11 68014090
11 13 68013186
35 77 67781192
26 31 67763132
90 74 67697915
90 109 67697915
90 87 67697915
82 0 67684630
13 11 67672512
35 77 67669710
11 13 67414642
26 89 67324786
41 97 67089450
13 11 67072917
11 13 66805788
11 13 66805037
13 11 66802195
90 74 66725412
74 90 66725058
13 11 66637810
18 13 66634258
18 11 66634258
97 41 66548864
97 75 66548864
13 11 66482170
11 13 66457401
97 41 66202099
77 35 66030643
77 35 66030548
13 11 66026219
13 11 65965018
13 11 65611148
145 82 65603400
145 82 65597640
145 0 65597640
11 13 65595519
116 35 65589119
116 77 65510445
116 35 65510445
0 82 65507760
116 26 65448908
125 34 65431077
116 62 65423897
13 11 65418676
13 11 65362595
145 0 65328240
0 82 65317260
82 0 65316120
13 11 65280768
26 62 65262471
116 29 65246215
0 82 65245200
0 82 65243940
0 82 65236080
145 0 65233980
26 62 65014453
34 125 64998859
11 13 64989756
7 52 64920587
116 26 64898221
82 0 64885020
35 29 64842468
0 82 64826400
0 82 64820160
145 0 64800780
125 54 64732363
125 34 64732363
116 52 64728947
116 26 64728947
0 82 64727640
26 31 64721886
0 82 64719960
145 0 64710360
29 52 64407329
11 13 64402612
13 11 64393856
13 11 64323701
0 82 64285800
0 82 64285500
41 52 64212063
41 7 64212063
74 117 64159025
18 13 64144440
116 62 64139216
116 41 64139216
116 52 64139216
116 54 64139216
116 47 64139216
116 7 64139216
116 77 64139216
116 35 64139216
116 34 64139216
116 79 64139216
116 101 64139216
116 80 64139216
116 125 64139216
116 109 64139216
116 31 64139216
116 87 64139216
116 90 64139216
116 133 64139216
52 41 64135724
52 115 64135724
52 7 64135724
0 82 64130760
97 75 64123526
0 145 64113840
18 13 64108440
116 77 64062468
97 75 64038934
0 145 64030140
0 145 64029600
0 145 64025340
115 52 63785576
7 41 63784127
7 41 63719801
113 105 63707160
113 18 63707160
113 18 63689214
13 11 63639714
13 11 63638827
0 145 63591240
116 29 63432300
62 31 63204420
62 31 63204240
121 50 63194220
50 121 63193546
121 50 63193492
121 50 63192807
62 31 63168420
62 31 63168240
11 13 63087946
0 145 63079800
41 115 63019235
115 41 62856973
13 11 62827334
116 52 62824776
116 77 62824776
116 35 62824776
116 52 62424560
116 52 62424128
116 77 62424128
116 35 62424128
116 52 62422995
116 77 62422995
116 35 62422995
117 63 62404440
116 77 62324162
120 147 62307240
0 145 62291700
116 29 62241793
116 29 62239446
116 18 62239085
0 145 61968600
116 113 61887591
145 0 61879260
117 74 61871700
117 109 61871700
117 87 61871700
117 63 61803060
0 145 61785840
0 145 61771680
34 80 61715622
145 0 61687020
0 145 61629540
145 0 61617600
145 0 61617300
145 82 61614240
145 0 61614240
11 23 61395194
117 63 61371360
87 109 61334580
0 145 61279920
23 11 61193334
0 145 61176540
145 0 61175700
116 35 61121159
116 62 61105436
117 63 61089660
0 145 61088100
18 32 61077420
145 0 61018560
145 0 61015800
145 0 61010040
116 113 60943401
145 0 60761700
117 90 60759120
117 90 60759000
0 145 60753540
87 109 60737100
145 0 60582660
145 0 60581640
52 41 60452287
52 115 60452287
116 77 60275649
0 145 60075060
145 0 60073380
116 77 59893622
0 145 59890320
116 77 59808317
116 77 59761653
117 109 59541780
117 109 59539560
0 145 59530500
0 145 59366100
18 29 59328300
0 145 59202900
0 145 58948920
113 149 58947000
149 113 58928220
149 87 58928220
149 90 58928220
145 0 58670760
145 0 58669020
145 0 58668720
149 113 58260000
145 0 58260000
145 0 58259940
145 0 58258200
145 0 58253520
145 0 58240680
145 0 58238280
117 74 58231440
117 140 58231440
125 34 58227960
116 35 58178577
149 113 57975180
149 113 57972180
0 145 57731640
117 87 57729840
117 87 57725220
117 109 57648180
117 87 57648180
145 0 57552120
145 0 57539340
117 109 57481800
117 87 57481800
117 109 57399120
117 87 57399120
117 87 57367560
117 87 57366900
149 113 57052680
145 0 57050040
117 109 57048660
117 87 57048660
117 109 56966640
117 87 56966640
117 109 56944200
117 87 56944200
145 0 56849100
145 0 56772060
0 145 56532960
116 62 56477518
0 145 56439600
149 113 56416680
0 145 56329260
149 113 56268840
117 109 56247720
117 109 55928640
117 87 55928640
149 113 55832280
149 113 55829520
149 113 55827360
149 113 55813980
0 145 55752780
117 109 55578960
117 140 55577940
145 0 55570500
0 145 55555260
117 109 55229760
0 145 55218060
149 113 55214040
117 109 55148880
117 87 55148880
145 0 55119840
116 77 54992292
113 149 54948000
149 113 54757380
99 35 54717600
149 113 54630600
149 113 54603360
0 145 54601740
0 145 54600600
117 109 54531900
117 87 54531900
117 90 54452640
117 90 54451920
149 113 54429300
0 145 54112740
149 105 53314860
149 113 53314860
149 90 52709460
0 145 52267620
117 109 52219080
117 87 52219080
117 109 52218540
117 87 52218540
117 109 52128900
117 87 52128900
117 109 51006420
117 87 51006420
149 113 50740080
113 149 50214240
133 34 50202360
149 113 50201700
0 145 50197860
149 109 50196480
149 87 50196480
149 109 50129100
149 87 50129100
149 109 50120580
149 87 50120580
149 109 50120160
149 87 50120160
149 113 50115540
0 145 50112780
0 145 50109240
0 145 49769880
82 0 49618020
0 145 49590720
0 145 49270380
0 145 49171500
23 18 49086840
149 109 49004700
149 109 48993420
149 87 48993420
149 113 48912840
74 140 48797700
149 113 48403920
149 113 48401280
99 35 48305400
99 75 47970300
0 145 47962380
0 145 47961360
82 0 47889900
117 109 47807700
117 87 47807700
149 63 47457180
149 113 47457180
18 23 47438460
149 113 47375520
149 113 47172660
149 113 46773300
13 11 46757460
0 145 46743840
0 145 46677480
13 11 46671840
82 0 46591920
11 13 46497540
0 145 46484820
0 145 46252680
149 113 46246320
0 145 46239960
149 113 46235160
113 149 46232100
149 113 46227660
149 113 46156020
13 11 46051740
149 113 45637560
149 63 45556380
149 113 45556380
82 0 45381420
0 145 45380100
149 113 45362160
0 145 45040980
0 145 45037980
0 145 44668140
149 113 44344080
149 113 44339040
149 113 44233620
0 145 44064420
149 113 44061300
149 63 44061000
149 113 44061000
82 0 43219620
62 35 43196100
149 63 42512520
41 75 42451680
63 149 42281400
149 90 42021720
149 113 42006360
149 63 41995260
149 113 41995260
149 113 41815860
125 41 41315460
125 147 41315460
41 125 41298000
149 113 41222340
149 113 41183040
149 87 40106640
149 113 40016640
32 18 39918600
0 145 39912840
13 11 39310320
62 35 38900880
62 35 38900640
62 35 38873340
133 34 38384160
149 113 38099340
145 82 35281140
113 149 34756500
145 82 34756200
62 35 33449940
62 35 32083620
62 147 32083620
62 35 30872040
145 82 30519120
149 113 30497220
82 145 29745840
145 82 29731800
82 145 29722560
145 82 29642820
145 82 28522260
145 82 28437060
145 82 28436580
145 82 28436400
145 82 28344300
82 145 28074840
82 145 28025340
82 145 27829560
145 82 25931520
145 82 25931100
145 82 25325040
62 35 24211560
62 35 23611260
149 113 22983180
149 113 22372980
82 145 20656680
149 113 18332580
149 113 18259800
149 113 18227340
149 113 17491440
145 82 15216420
