1 6 97484013
1 7 93959154
7 1 93959113
1 7 93959039
7 1 91272795
7 1 91264681
7 1 91259678
7 1 91259547
1 7 90932784
1 7 90920170
1 7 90916378
1 7 90852425
1 7 90849111
1 7 90834448
1 7 90747410
1 7 90747232
1 7 90657545
15 14 90647173
15 16 90647173
1 7 90400624
1 7 90396937
1 7 90391324
6 12 90390569
1 7 90390456
15 16 90309615
1 7 90309170
1 7 90302384
1 7 90302028
1 7 90247898
12 15 90239740
15 14 90150043
15 16 90150043
1 7 89736961
1 7 89732261
16 14 89730093
1 7 89718715
1 7 89707267
7 1 89701063
1 7 89700918
1 21 89700808
1 7 89644253
1 21 89614837
1 7 89612644
1 21 89550844
1 7 89471489
6 14 89219026
6 16 89219026
1 7 89207077
1 21 89181598
1 21 89180657
1 7 89121932
1 21 89117925
1 7 89032293
1 21 89026162
1 21 89025876
1 7 89019955
1 21 89011041
1 7 89010192
1 21 89009364
15 14 89006102
15 16 89006102
1 7 88863244
14 6 88861222
14 6 88837878
14 16 88837878
6 14 88600678
6 16 88600678
6 14 88596433
1 7 88493137
1 7 88434843
1 7 88434179
6 15 88417822
1 7 88352355
1 7 88351892
14 16 87910506
1 21 87816324
6 14 87811087
16 14 87745230
16 12 87745230
35 21 87734436
6 12 87731155
6 15 87728721
35 21 87723913
6 15 87397941
14 15 87387803
35 21 87378987
7 41 87312143
1 21 87213611
12 16 87050971
49 41 87022899
49 51 87022899
49 53 87022899
49 54 87022899
49 56 87022899
49 35 87022899
49 21 87022899
49 43 87022899
49 25 87022899
12 16 86695037
41 7 86694676
88 81 86620802
81 27 86610963
81 70 86610963
81 43 86610963
81 60 86610963
81 25 86610963
81 88 86610963
81 27 86596563
81 70 86596563
81 43 86596563
81 60 86596563
81 25 86596563
81 88 86596563
49 91 86593345
49 91 86592351
81 27 86550104
81 43 86550104
81 60 86550104
81 25 86550104
81 70 86539725
81 27 86535704
81 43 86535704
81 60 86535704
81 25 86535704
1 7 86534730
94 70 86532076
6 12 86514625
49 43 86510615
43 49 86510442
14 16 86506486
1 21 86503428
25 49 86447323
49 51 86441567
49 43 86441567
49 25 86441567
88 81 86437330
88 49 86433149
81 70 86426742
81 70 86419873
81 88 86418788
81 88 86417987
81 70 86371521
81 70 86275512
81 70 86196287
81 43 86196287
81 25 86196287
81 88 86196287
1 7 86187763
16 14 86159888
1 7 86157110
6 14 86102778
1 7 86097721
1 21 86091578
14 16 86082945
14 16 86080299
49 91 86073285
25 51 86012490
25 56 86012490
25 43 86012490
91 49 86005890
49 91 86001920
14 16 85996722
1 21 85986140
25 43 85945301
70 81 85936465
70 81 85935156
14 12 85931149
81 70 85893486
81 70 85892517
70 81 85847490
81 70 85655022
70 81 85583906
25 51 85324057
25 56 85324057
25 43 85324057
15 12 84944028
6 12 84803766
49 25 84798479
25 49 84794034
1 21 84777274
49 91 84709071
49 91 84702574
6 15 84634352
6 12 84622646
6 12 84621742
54 53 84620891
14 16 84612162
81 88 84379444
108 88 84360723
49 91 84353118
108 88 84346718
49 91 84343458
88 108 84298200
88 81 84297106
88 108 84296485
91 49 84287615
81 116 84281435
49 91 84279976
70 81 84268343
81 70 84268243
12 15 84260114
49 91 84256182
49 25 84184359
49 91 84182879
81 70 84116591
81 43 84116591
81 25 84116591
81 88 84116591
81 88 84093517
98 81 84092038
49 91 84091172
70 81 84089953
81 70 84085282
81 108 84085212
81 98 84020260
6 12 84020054
81 88 84018897
49 25 84015547
49 25 84003917
81 25 83999777
88 81 83830802
81 94 83828545
81 88 83761729
49 91 83756023
81 88 83744089
81 88 83743628
88 81 83742984
81 88 83740139
88 81 83689031
88 81 83685822
81 88 83675964
41 7 83675804
49 91 83659403
49 25 83656504
81 88 83655495
49 25 83655389
49 91 83653543
81 88 83605076
88 81 83604604
81 88 83603863
81 70 83603809
81 43 83603809
81 25 83603809
81 88 83603809
81 88 83601515
81 70 83601482
88 81 83600732
88 81 83591472
81 88 83587653
81 88 83584799
81 25 83583382
25 81 83582953
81 88 83576375
88 81 83575751
49 91 83574731
49 91 83566030
81 88 83566001
94 70 83414254
81 70 83410003
81 43 83410003
81 25 83410003
81 88 83410003
81 88 83407251
81 88 83399339
94 81 83397741
94 81 83397670
81 94 83397218
81 70 83397184
94 81 83396660
81 88 83152590
49 91 83149489
81 43 83079062
81 25 83079062
25 51 83052645
25 56 83052645
25 43 83052645
25 122 83052645
94 81 82997050
94 81 82804888
81 53 82555036
88 81 82461739
81 88 82392783
94 81 82390573
88 81 82389495
49 91 82366454
35 48 82363674
122 56 82355960
49 91 82274600
49 91 82273582
6 12 82200192
88 81 81958198
53 81 81945861
88 81 81941541
91 49 81863878
49 91 81862426
49 91 81857562
49 91 81852634
81 27 81848963
81 70 81848963
81 98 81848963
81 43 81848963
81 25 81848963
81 88 81848963
15 14 81848238
122 53 81848103
81 53 81848045
122 41 81675121
14 16 81599086
81 27 81586854
81 70 81586854
81 98 81586854
81 43 81586854
81 25 81586854
81 88 81586854
81 108 81586854
1 21 81586718
88 81 81582759
81 88 81528982
81 88 81372801
88 81 81328871
33 106 81325683
14 12 81323037
25 81 81318636
81 88 81276967
81 25 81276813
91 79 81261175
49 51 81231515
49 56 81231515
49 43 81231515
49 25 81231515
49 122 81231515
88 81 81188771
91 79 81095353
1 35 81083471
91 79 81012296
49 91 80987748
49 51 80973387
49 56 80973387
49 43 80973387
49 25 80973387
49 122 80973387
25 49 80969651
106 70 80920573
91 79 80665227
91 79 80661137
94 88 80655967
94 88 80655939
25 49 80654297
35 126 80639101
35 48 80639101
91 79 80575423
25 51 80557033
25 56 80557033
25 43 80557033
25 122 80557033
70 81 80548176
41 7 80541730
94 88 80498397
81 106 80495033
91 79 80488177
56 25 80484405
25 56 80478542
49 25 80407734
91 79 80400360
1 21 80397457
43 54 80395738
80 131 80391415
25 49 80384155
25 56 80383276
56 25 80381086
49 51 80367252
49 56 80367252
49 43 80367252
49 25 80367252
49 122 80367252
70 81 80310797
49 56 80128801
49 43 80128801
49 25 80128801
49 122 80128801
91 79 79975238
49 51 79894264
49 56 79894264
49 43 79894264
49 25 79894264
49 122 79894264
91 79 79886487
25 51 79886377
25 56 79886377
25 43 79886377
25 49 79886377
25 122 79886377
25 49 79874101
35 48 79868991
25 51 79866990
25 56 79866990
25 43 79866990
25 122 79866990
122 25 79849827
88 81 79813571
81 88 79811450
91 79 79805276
25 122 79799015
25 49 79798919
25 51 79798118
25 56 79798118
25 43 79798118
25 122 79798118
25 49 79791013
41 7 79788511
25 51 79788050
25 56 79788050
25 43 79788050
25 122 79788050
6 12 79787195
122 25 79783273
80 131 79775429
88 81 79771380
81 88 79769465
94 70 79698564
94 70 79689373
41 7 79523012
25 43 79467614
14 16 79445107
25 49 79442105
70 94 79440127
88 25 79435573
49 56 79431319
56 49 79431050
80 81 79422207
131 80 79367426
25 51 79350960
25 56 79350960
25 43 79350960
25 122 79350960
25 49 79338091
91 49 79335132
122 25 79333495
94 70 79283563
81 80 79278944
91 79 79277841
127 106 79265461
43 54 79253422
70 94 79249974
49 51 79244333
49 56 79244333
49 43 79244333
49 25 79244333
49 122 79244333
25 49 79183791
70 131 79171641
70 94 79171641
7 41 79163694
49 25 79159407
91 79 78930713
1 126 78924428
1 126 78923349
92 117 78918194
53 81 78912550
6 12 78847210
91 79 78843914
91 79 78843878
94 81 78843829
91 79 78843804
53 81 78824275
49 51 78810930
49 56 78810930
49 43 78810930
49 25 78810930
49 122 78810930
81 27 78764963
81 98 78764963
81 43 78764963
81 25 78764963
91 79 78758059
35 53 78757064
35 48 78757064
6 15 78755959
6 15 78755050
49 25 78737990
1 49 78735624
48 79 78734948
56 51 78730426
91 79 78675034
16 14 78664200
127 1 78653131
1 126 78649895
1 127 78649895
80 131 78649741
49 51 78639793
49 56 78639793
49 43 78639793
49 25 78639793
49 122 78639793
49 122 78639787
91 79 78591361
108 81 78590979
1 49 78584169
25 51 78569132
25 56 78569132
25 122 78569132
49 1 78564998
81 108 78552945
91 79 78326700
91 49 78320991
127 49 78311830
53 81 78297602
1 35 78245108
1 49 78245108
1 48 78245108
91 79 78243059
1 21 78213186
25 49 78212628
91 79 78155222
80 131 78132308
91 49 78125483
49 91 78124618
49 1 78120760
49 126 78120760
49 35 78120760
49 21 78120760
49 127 78120760
49 48 78120760
91 79 78066352
1 126 78060726
1 21 78060726
7 41 78057012
91 49 78054985
1 126 78045006
1 21 78045006
126 1 77984169
91 79 77981811
1 126 77975290
1 127 77966866
6 12 77965420
25 51 77894997
25 56 77894997
25 122 77894997
25 56 77894723
25 43 77894723
25 136 77894723
25 122 77894723
25 56 77894078
25 43 77894078
25 136 77894078
25 122 77894078
88 49 77724776
88 53 77724501
88 81 77724501
6 15 77718213
25 56 77716751
25 43 77716751
25 136 77716751
25 122 77716751
91 49 77704785
15 14 77696262
1 126 77696168
80 131 77695157
80 131 77684290
91 79 77638326
131 80 77635159
91 49 77630543
48 35 77614064
7 41 77612752
81 94 77609456
49 126 77550271
80 131 77534164
6 106 77516779
14 16 77461243
91 79 77460945
1 35 77460604
91 49 77436624
1 21 77425789
25 56 77379563
25 43 77379563
25 136 77379563
25 122 77379563
14 12 77377381
25 56 77373032
25 43 77373032
25 136 77373032
25 122 77373032
91 79 77370893
91 49 77360111
56 51 77352320
131 80 77349956
80 131 77339709
131 80 77114645
91 79 77113163
14 16 77113156
56 51 77094907
56 51 77077568
51 56 77038755
91 79 77029827
35 48 77023215
51 56 77011533
131 80 77003443
51 56 76992771
56 51 76992729
91 79 76942048
25 53 76934653
43 25 76924773
25 56 76921726
56 25 76921667
25 56 76921534
25 56 76920803
25 43 76920803
25 136 76920803
25 122 76920803
25 56 76918749
25 43 76918749
25 136 76918749
25 122 76918749
131 80 76916273
91 79 76858299
1 21 76852695
14 12 76850567
1 21 76849847
25 56 76844231
25 43 76844231
25 136 76844231
25 122 76844231
131 80 76771122
91 79 76770830
25 56 76754700
25 43 76754700
25 136 76754700
25 122 76754700
14 12 76746667
49 91 76735774
127 49 76735585
91 79 76508642
136 41 76504108
136 91 76504108
136 51 76504108
136 54 76504108
136 56 76504108
136 43 76504108
136 79 76504108
136 25 76504108
136 122 76504108
25 56 76488855
25 43 76488855
25 136 76488855
25 122 76488855
122 56 76482389
122 25 76482389
122 136 76482389
25 56 76482328
25 43 76482328
25 136 76482328
25 122 76482328
25 56 76480925
25 43 76480925
25 136 76480925
25 122 76480925
91 79 76425385
92 117 76402161
25 51 76354018
25 56 76354018
25 122 76354018
91 79 76341434
91 79 76337562
131 80 76335972
81 70 76335407
70 81 76335141
131 80 76329780
80 131 76329435
56 25 76317512
25 56 76317487
56 25 76315237
122 25 76310978
25 56 76310392
25 43 76310392
25 136 76310392
25 122 76310392
25 41 76301692
25 51 76301692
25 56 76301692
25 43 76301692
25 136 76301692
25 122 76301692
91 79 76251463
131 80 76244970
81 94 76237859
80 131 76215687
91 79 76165920
81 70 76161440
81 53 76161440
81 88 76161440
131 80 76155619
6 12 76154357
80 53 76152423
81 88 76131584
91 79 75906219
88 27 75901017
88 41 75901017
88 91 75901017
88 51 75901017
88 53 75901017
88 98 75901017
88 54 75901017
88 56 75901017
88 7 75901017
88 45 75901017
88 137 75901017
88 43 75901017
88 49 75901017
88 79 75901017
88 80 75901017
88 81 75901017
88 100 75901017
88 60 75901017
88 48 75901017
88 106 75898479
88 70 75897386
88 106 75897386
88 81 75897386
91 79 75821526
81 33 75815106
81 88 75815106
56 25 75792290
91 79 75729835
25 136 75717877
136 56 75716832
14 16 75711867
25 41 75646279
25 51 75646279
25 56 75646279
25 43 75646279
25 136 75646279
25 122 75646279
91 79 75645175
25 51 75634395
25 56 75634395
25 41 75634270
25 51 75634270
25 56 75634270
25 43 75634270
25 136 75634270
25 122 75634270
41 25 75632833
53 81 75622617
70 94 75621178
25 41 75614469
25 51 75614469
25 56 75614469
25 43 75614469
25 136 75614469
25 122 75614469
81 53 75613135
25 51 75611155
25 56 75611155
25 122 75611155
25 56 75580805
91 79 75561201
1 21 75551955
91 79 75301683
6 12 75291242
126 1 75290442
131 80 75288123
80 131 75287575
25 41 75285948
25 51 75285948
25 56 75285948
25 43 75285948
25 136 75285948
25 122 75285948
25 43 75284374
25 136 75281817
12 14 75275939
80 131 75275836
131 80 75273563
80 131 75269743
91 79 75220830
25 41 75187159
25 51 75187159
25 56 75187159
25 43 75187159
25 136 75187159
25 122 75187159
25 41 75186677
25 51 75186677
25 56 75186677
25 43 75186677
25 136 75186677
25 122 75186677
43 25 75186562
81 27 75182245
81 53 75182245
81 98 75182245
81 35 75182245
81 43 75182245
81 79 75182245
81 25 75182245
81 48 75182245
81 27 75145364
91 79 75131609
15 6 75123675
131 80 75120918
131 80 75118590
131 80 75116633
81 27 75110828
81 98 75110828
81 43 75110828
81 25 75110828
88 81 75109741
88 81 75102731
100 63 75099690
100 63 75099595
1 126 75098354
81 88 75095767
81 94 75094954
88 81 75049722
91 79 75042507
25 41 75037398
25 51 75037398
25 56 75037398
25 43 75037398
25 136 75037398
25 122 75037398
131 80 75028143
35 49 75024866
80 131 75024097
102 117 75023271
1 126 75022829
35 49 75021183
14 16 75019308
1 21 75011496
56 25 75003217
56 136 75003217
25 43 74974838
131 80 74954371
136 56 74954038
136 25 74954038
70 94 74951275
14 16 74931808
14 16 74931745
131 80 74926068
131 80 74694073
1 35 74512280
1 49 74512280
25 41 74508871
25 51 74508871
25 56 74508871
25 43 74508871
25 136 74508871
25 122 74508871
136 25 74494376
25 41 74418105
25 51 74418105
25 56 74418105
25 43 74418105
25 136 74418105
25 122 74418105
25 41 74413491
25 51 74413491
25 56 74413491
25 43 74413491
25 136 74413491
25 122 74413491
25 41 74346874
25 51 74346874
25 56 74346874
25 43 74346874
25 136 74346874
25 122 74346874
122 25 74337252
45 137 74328342
45 137 74325239
43 25 74074826
81 88 74000481
131 80 73999451
43 25 73992954
45 137 73992003
41 7 73988341
131 80 73976971
25 41 73976103
25 51 73976103
25 56 73976103
25 43 73976103
25 136 73976103
25 122 73976103
131 80 73975920
45 137 73902118
25 41 73881932
25 51 73881932
25 56 73881932
25 43 73881932
25 136 73881932
25 122 73881932
70 94 73837033
106 94 73827667
25 51 73735079
25 56 73735079
25 43 73735079
25 136 73735079
25 122 73735079
6 12 73733024
25 51 73460758
25 56 73460758
25 43 73460758
25 136 73460758
25 122 73460758
88 81 73402948
25 41 73382960
25 51 73382960
25 56 73382960
25 43 73382960
25 136 73382960
25 122 73382960
53 81 73377119
25 51 73368155
25 56 73368155
25 43 73368155
25 136 73368155
25 122 73368155
53 81 73296593
25 51 73223433
25 56 73223433
25 43 73223433
25 136 73223433
25 122 73223433
136 122 73217859
25 51 73208037
25 56 73208037
25 43 73208037
25 136 73208037
25 122 73208037
43 25 72782998
15 6 72780803
88 49 72773883
15 6 72766820
100 63 72762086
81 70 72710132
25 51 72700689
25 56 72700689
25 43 72700689
25 136 72700689
25 122 72700689
1 48 72689691
15 6 72681613
15 6 72673352
25 41 72605670
25 51 72605670
25 56 72605670
25 7 72605670
25 43 72605670
25 136 72605670
25 122 72605670
35 49 72589465
35 49 72588468
106 33 72356464
106 70 72356464
106 43 72356464
106 81 72356464
106 88 72356464
43 122 72254303
106 43 72243689
106 88 72243689
106 63 72176245
106 27 72176245
106 33 72176245
106 91 72176245
106 98 72176245
106 56 72176245
106 137 72176245
106 43 72176245
106 49 72176245
106 81 72176245
106 25 72176245
106 136 72176245
106 88 72176245
131 80 72086501
25 51 72080640
25 56 72080640
25 43 72080640
25 136 72080640
25 122 72080640
49 1 72076310
25 51 72019612
25 56 72019612
25 43 72019612
25 136 72019612
25 122 72019612
25 51 72019077
25 56 72019077
25 43 72019077
25 136 72019077
25 122 72019077
49 91 71999616
25 56 71994567
25 136 71994567
33 6 71494729
33 12 71494729
70 131 71417393
70 94 71417393
43 54 71380263
33 6 71330248
33 12 71330248
25 51 71300242
25 56 71300242
25 43 71300242
25 136 71300242
25 122 71300242
25 51 71048347
25 56 71048347
25 43 71048347
25 136 71048347
25 122 71048347
70 94 70892074
49 1 70867650
49 1 70863985
25 51 70796097
25 56 70796097
25 43 70796097
25 136 70796097
25 122 70796097
25 51 70795110
25 56 70795110
25 43 70795110
25 136 70795110
25 122 70795110
117 92 70722653
131 53 70714492
141 33 70284850
141 70 70284850
141 43 70284850
141 106 70284850
141 81 70284850
141 88 70284850
141 33 70279138
141 70 70279138
141 43 70279138
141 106 70279138
141 81 70279138
141 88 70279138
25 51 70276100
25 56 70276100
25 43 70276100
25 136 70276100
25 122 70276100
25 51 70189442
25 56 70189442
25 43 70189442
25 136 70189442
25 122 70189442
51 25 70184676
100 63 70119684
25 51 70116991
25 56 70116991
25 43 70116991
25 136 70116991
25 122 70116991
81 27 70116642
81 70 70116642
81 98 70116642
81 43 70116642
81 25 70116642
25 51 70092606
25 56 70092606
25 43 70092606
25 136 70092606
25 122 70092606
25 51 70088395
25 56 70088395
25 43 70088395
25 136 70088395
25 122 70088395
43 51 70081012
49 91 70008337
43 25 69759436
43 25 69679028
43 25 69568365
43 25 69137471
25 51 69074460
25 56 69074460
25 43 69074460
25 136 69074460
25 122 69074460
70 131 69058307
70 94 69058307
43 25 69048853
100 92 69039559
49 91 68991952
43 25 68986840
25 51 68887862
25 56 68887862
25 43 68887862
25 136 68887862
25 122 68887862
43 25 68617119
81 27 68556337
81 70 68556337
70 94 68535062
88 81 68481227
43 25 68441381
49 91 68394431
88 81 67952160
137 100 67775510
100 137 67761073
88 81 67719120
88 81 67686780
102 117 67617883
102 92 67617883
43 51 67087457
43 56 67087457
81 70 67073510
1 126 66828174
21 1 66726595
88 81 66685740
43 56 66642120
43 56 66641871
25 43 66571329
100 63 66565218
100 137 66496837
100 137 66046799
49 91 65968349
91 79 65624344
1 49 65590692
116 35 65589119
91 79 65541739
100 63 65520030
1 126 65517064
116 35 65510445
81 53 65365502
21 1 65346754
136 122 65329613
53 81 65302800
53 81 65284804
91 79 65279005
48 126 65251956
91 79 65024184
1 126 65000874
91 79 64935855
116 81 64898221
1 21 64743119
116 27 64728947
116 43 64728947
116 81 64728947
116 25 64728947
136 25 64724718
91 79 64414626
136 25 64385697
136 25 64384262
136 25 64316547
1 53 64227241
41 7 64212063
91 79 64157509
116 1 64139216
116 27 64139216
116 41 64139216
116 51 64139216
116 53 64139216
116 98 64139216
116 54 64139216
116 56 64139216
116 7 64139216
116 35 64139216
116 137 64139216
116 21 64139216
116 43 64139216
116 79 64139216
116 80 64139216
116 60 64139216
116 25 64139216
116 136 64139216
116 122 64139216
116 127 64139216
116 48 64139216
1 53 64126246
1 21 64126246
43 25 64119404
1 21 64063343
21 1 63788835
7 41 63784127
7 41 63719801
1 126 63717900
1 126 63681900
116 81 63631935
1 49 63188640
1 49 63152640
146 48 63135420
1 49 63129780
126 1 63121980
1 53 63114600
146 48 63099420
1 49 63093780
126 1 63085980
1 53 63078600
1 21 63041880
1 21 63016620
1 21 63005880
1 21 62980620
116 27 62824776
116 98 62824776
116 35 62824776
136 25 62595300
25 56 62511780
25 51 62432040
25 136 62432040
1 126 62429520
1 21 62429520
116 27 62424560
116 81 62424560
116 25 62424560
116 27 62424128
116 98 62424128
116 35 62424128
116 81 62424128
116 88 62424128
116 27 62422995
116 98 62422995
116 35 62422995
116 81 62422995
1 126 62421960
1 21 62421960
136 25 62409600
117 63 62404440
1 126 62393520
1 21 62393520
1 126 62385960
1 21 62385960
136 25 62352060
25 136 62340120
92 117 62313480
92 117 62311500
92 117 62311080
81 27 62266560
81 35 62266560
106 141 62260320
81 27 62248602
81 35 62248602
1 49 62243640
116 81 62239665
116 81 62239446
1 49 62207640
1 126 62004060
1 126 61968060
25 56 61907580
25 147 61907580
25 122 61907580
25 51 61907100
117 102 61856820
1 21 61807860
117 63 61803060
92 117 61797000
1 21 61771860
122 51 61711440
122 56 61711440
122 25 61711440
122 136 61711440
122 147 61711440
116 81 61700214
88 81 61660860
88 81 61624860
116 81 61617088
98 81 61397400
88 81 61393620
117 63 61371360
88 81 61357620
141 33 61321860
141 81 61321860
1 21 61318020
1 21 61289820
1 21 61282020
116 81 61273268
1 21 61253820
88 81 61231500
25 136 61218540
91 49 61197000
88 81 61195500
81 53 61136580
81 53 61129140
116 35 61121159
122 56 61100580
122 25 61100580
117 63 61089660
92 63 60706320
88 81 60607080
88 81 60605400
88 81 60571080
88 81 60569400
116 81 60502049
81 53 60430620
53 81 60427380
81 53 60394620
81 53 60377400
81 53 60341400
1 21 60151800
1 21 60151440
1 21 60151140
25 81 60130080
25 81 60094080
88 81 60032460
88 81 59996460
94 53 59946420
88 141 59914860
116 81 59899334
88 141 59878860
88 81 59587620
88 81 59580660
116 81 59566491
6 15 59566354
88 81 59548020
88 81 59541060
117 92 59469540
117 92 59455080
116 141 59372475
116 106 59372475
116 81 59372475
81 53 59306160
81 53 59266560
25 51 59229840
25 56 59229360
92 117 59187960
117 92 59186760
92 117 59186040
117 92 59185680
92 117 59185200
117 92 59180160
6 15 58954471
92 117 58951260
117 92 58950360
117 92 58940340
92 117 58939920
149 92 58928220
92 149 58918140
94 81 58900020
25 122 58885740
117 92 58851780
92 117 58851720
117 92 58851420
92 117 58847040
92 117 58834800
1 126 58745520
25 51 58689660
81 53 58647240
81 53 58642800
53 81 58642440
81 53 58625220
25 122 58623060
81 53 58607640
81 53 58603200
81 53 58585620
117 92 58578240
92 117 58577820
94 81 58393500
116 81 58339405
25 147 58192140
25 51 58191960
25 136 58191960
25 122 58191960
25 51 58191540
25 122 58191240
116 35 58178577
116 81 58162792
116 81 58107677
92 149 58075620
25 136 58063500
25 122 58057620
92 102 58051800
1 21 57995700
25 136 57981540
25 122 57981540
149 25 57975180
92 149 57972420
149 25 57972180
1 21 57823080
1 21 57819240
1 21 57816240
1 49 57816240
88 81 57783180
88 81 57746820
88 81 57743580
21 1 57721800
117 92 57634980
25 51 57415080
25 122 57414900
79 25 57377280
25 147 57325980
25 122 57325980
25 51 57225900
25 136 57225900
25 122 57225900
25 79 57124380
21 1 57118260
149 25 57052680
92 117 57046020
117 92 57046020
92 117 57045300
92 117 57027960
51 25 56930280
25 136 56815680
92 117 56505120
92 117 56500020
117 92 56444820
117 92 56436840
15 6 56430813
92 117 56429520
117 92 56428500
92 117 56426520
1 21 56424600
1 21 56417160
92 117 56414880
117 92 56414820
116 81 56378366
117 92 56353920
149 25 56268840
25 136 55896780
79 81 55867740
79 146 55867740
79 88 55867740
149 25 55832280
149 25 55829520
79 81 55828140
79 146 55828140
79 88 55828140
149 25 55827360
149 25 55813980
91 49 55810620
21 1 55734840
51 25 55730520
25 51 55693680
25 136 55693500
117 92 55578360
92 117 55578060
117 92 55577280
117 92 55311480
49 91 55239420
41 56 55222380
41 56 55221600
92 117 55215540
149 25 55214040
88 81 55074240
25 56 55066800
1 21 54977220
1 49 54977100
1 21 54963600
1 21 54953940
1 21 54953760
149 25 54757380
88 49 54720000
79 91 54710160
79 88 54710160
149 25 54630600
1 21 54626460
1 21 54615300
149 25 54603360
117 102 54456480
117 102 54453000
1 21 54446160
1 21 54444720
149 25 54429300
25 51 54423780
25 136 54393840
117 92 54102600
92 117 54099420
81 88 54083640
92 149 54077340
92 149 54014760
136 41 54010080
136 91 54010080
136 51 54010080
136 56 54010080
136 49 54010080
136 25 54010080
136 147 54010080
136 122 54010080
25 136 53873160
25 122 53873160
25 136 53872560
92 149 53832960
88 81 53757120
88 81 53753820
81 98 53751000
81 88 53751000
81 88 53750100
81 88 53749500
91 49 53743860
117 102 53407620
88 81 52924020
117 102 52896000
117 102 52894920
1 126 52809600
88 81 52735260
1 126 52610160
1 21 52609920
1 21 52550220
122 25 52541640
92 117 52029540
88 81 52014480
25 136 51964560
25 51 51624900
25 136 51624900
25 147 51624900
25 122 51624900
91 49 51515160
21 1 51513360
21 1 51511620
25 51 51489780
25 147 51489780
25 122 51489780
21 1 51415320
1 21 51072120
21 1 51070200
92 117 51002280
21 1 50982840
21 1 50982780
117 92 50885220
88 49 50811660
88 141 50810100
88 81 50810100
122 56 50731080
91 49 50730060
88 81 50491680
25 56 50330220
81 94 50280900
92 117 50221080
117 102 50220900
81 88 50212320
56 51 50200440
56 25 50200440
56 122 50200440
92 117 50138280
1 126 50135640
1 126 50135280
92 117 49859820
117 92 49859280
92 117 49858320
88 81 49799760
81 98 49791060
81 88 49791060
21 1 49772580
1 21 49686600
91 49 49586580
1 21 49529160
1 21 49527660
91 49 49518780
117 102 49518780
91 49 49517160
117 102 49505160
1 21 49181940
1 21 49160580
25 136 49122060
25 136 49121640
117 92 49072980
25 136 49038420
25 136 49037940
25 136 49037520
88 81 49022940
117 92 49014660
117 92 49014300
1 21 49014240
1 21 49011840
88 81 48931440
88 81 48917460
126 1 48379560
126 21 48379560
88 81 48324720
1 21 48222720
56 51 48049140
56 25 48049140
56 147 48049140
56 122 48049140
122 25 48031560
122 25 47961120
81 94 47862300
94 81 47830440
81 94 47793000
149 63 47457180
1 126 47438820
1 21 47438820
1 21 47276040
92 102 47170260
92 102 47168940
25 56 47135340
25 136 47135340
25 136 47044440
25 136 47039220
122 25 46583340
6 15 46141260
1 21 45970020
1 21 45894180
1 48 45894180
81 88 45884280
149 63 45556380
88 141 45491700
1 21 45471120
25 136 45458760
25 51 45390600
25 56 45390600
25 136 45390600
25 147 45390600
25 122 45390600
1 21 44950800
1 21 44773860
81 88 44755380
1 21 44693100
1 21 44589300
25 136 44331300
25 51 44196420
25 147 44196420
25 122 44196420
146 79 44179980
1 21 44152980
1 48 44152980
149 63 44061000
25 122 44025060
1 21 43827660
1 21 43827420
41 146 43642080
1 21 43542480
1 21 43468920
1 21 43463760
126 1 43148760
126 48 43148760
126 1 43109520
126 48 43109520
146 25 42970680
146 122 42970680
79 146 42530880
149 63 42512520
1 21 42502440
1 21 42421020
25 136 42298680
63 149 42281400
41 146 42255480
25 147 42203700
25 136 42203580
25 136 42203400
25 136 42203220
25 122 42202980
25 122 42202620
25 146 42195540
25 51 42195180
149 63 41995260
1 21 41841960
1 126 41837760
1 21 41837760
1 21 41741340
146 41 41738460
41 146 41737140
41 146 41393340
146 41 41392620
41 146 41388120
1 21 41234160
1 21 41233800
1 21 41219220
1 21 41145780
1 21 41060640
137 45 40981860
1 21 40801500
1 21 40776780
1 21 40693500
88 81 40619940
131 48 40530300
1 21 40452780
88 49 40207380
15 6 40197000
131 122 39939660
1 21 39495420
1 21 39489780
88 49 39418980
1 21 38379420
1 21 38364780
1 21 38353980
1 21 38285340
1 21 38268240
1 21 38044680
1 21 38044500
1 21 38011560
1 21 37754460
1 126 37404720
25 51 36923160
25 56 36923160
25 136 36923160
25 136 36922800
131 48 36490020
1 21 36367740
1 21 35898180
1 21 35879880
1 21 35682720
1 21 35592300
25 136 35356860
1 21 35356080
1 21 35267280
25 136 34466100
81 88 34382580
1 21 33863820
88 81 33811320
1 21 33807600
1 21 33806520
88 141 33798480
146 81 33290040
1 21 32932260
1 21 32842620
146 81 32834340
1 21 32139540
1 21 32064780
1 21 31548300
146 81 31545600
1 21 31382940
88 81 31369200
1 21 31039860
1 21 31009500
1 21 30506460
1 21 30426480
1 21 30232140
1 21 30165720
1 21 30156180
1 21 30154680
1 21 30146040
51 56 28700460
146 79 28593840
1 21 28434300
1 21 27898620
1 21 27847380
1 21 27840180
1 21 27740040
81 141 27422100
81 106 27422100
1 126 27129720
1 126 26524920
1 126 26192280
1 21 25999200
1 21 25592340
1 21 25399020
81 98 25346580
81 35 25346580
81 146 25346580
21 1 25343940
1 21 24796080
1 21 24544740
21 1 23505000
1 21 22919640
1 21 22918140
141 63 22561800
141 98 22561800
88 49 22490400
1 21 22289100
1 21 22136760
1 21 21989520
1 21 21985440
1 21 21691020
1 21 21290280
1 21 21288240
1 21 21268440
94 33 21172920
88 81 20852520
1 21 20761800
1 21 20652060
1 21 20231460
88 41 20153700
88 56 20153700
1 21 20145600
1 21 20134560
1 21 20126700
1 21 20090040
1 21 20053800
1 21 20048340
1 21 19986180
1 21 19985940
1 21 19974900
1 21 19959480
1 21 19957080
1 21 19955640
1 21 19915200
1 21 19895520
1 21 19893420
1 21 19891920
1 21 19891860
1 21 19889760
1 21 19889400
1 21 19889340
1 21 19888800
1 21 19888020
1 21 19887900
1 21 19887840
1 21 19884840
1 21 19879860
1 21 19879020
1 21 19878960
1 21 19878900
1 21 19878840
1 21 19878780
1 21 19878720
1 21 19878660
1 21 19878600
1 21 19877040
1 21 19570140
1 21 19545540
88 41 19034880
88 49 19034880
88 136 19034880
1 21 18663480
1 21 18416280
