0 1 98277034
0 3 98277034
0 4 94565223
1 7 93959039
7 1 91272795
7 1 91259678
1 7 90932784
1 4 90916378
4 1 90912162
1 4 90761102
4 1 90747384
13 14 90674917
13 14 90672343
0 2 90669918
11 9 90669065
13 14 90657092
1 4 90653863
15 14 90647173
15 16 90647173
15 9 90647173
8 16 90408061
0 2 90398430
0 3 90398430
11 13 90395748
11 8 90395748
6 12 90390569
1 4 90334704
19 15 90312397
17 8 90241357
15 17 90039850
6 17 89799204
19 9 89791440
11 13 89789208
16 14 89730093
1 4 89718715
1 7 89612644
11 19 89469150
11 10 89469150
11 12 89469150
14 13 89458878
13 17 89200545
10 11 89191061
14 13 89187933
11 13 89184708
11 8 89184708
11 14 89184708
1 7 89121932
6 17 89114664
20 9 89057040
1 4 89032293
1 21 89025876
1 7 89019955
19 9 89004356
2 3 88954030
6 10 88953876
2 3 88933658
13 14 88867878
13 11 88867878
13 16 88867878
14 13 88837878
14 11 88837878
1 4 88607700
8 17 88602881
6 8 88600678
6 11 88600678
6 14 88596433
13 17 88586499
17 11 88584870
6 17 88584282
17 11 88583229
11 13 88582509
13 17 88581998
17 11 88581385
19 13 88523527
2 3 88521934
32 18 88515148
13 16 88510669
1 4 88434179
1 4 88352355
17 8 88348935
34 7 88328288
8 17 88327302
35 36 88257513
23 8 88243341
12 9 88240541
0 3 88232156
9 20 87995895
9 19 87974688
11 13 87974539
11 8 87974539
11 14 87974539
11 17 87974539
19 15 87974405
8 17 87917530
0 3 87906644
20 8 87882665
20 8 87805070
8 20 87802739
4 1 87747374
16 14 87745230
16 17 87745230
16 12 87745230
22 20 87716800
20 19 87393754
20 18 87393754
17 8 87380836
35 38 87378987
3 2 87378017
8 16 87377373
8 23 87377373
9 19 87367950
7 41 87312143
2 0 87304035
17 8 87302590
17 16 87302590
2 3 87299184
9 19 87298788
17 8 87298222
2 0 87294875
8 23 87227425
8 23 87227241
45 32 87223766
10 14 87217028
38 47 87205072
38 21 87205072
19 9 87139029
46 36 87131901
46 48 87131901
20 9 87130659
23 20 87125442
14 13 87055787
13 17 87055515
9 20 87045290
38 21 87026083
38 46 87022132
15 17 87018506
20 8 86780934
13 8 86765426
23 12 86764026
8 23 86686546
30 59 86679590
61 64 86640157
61 28 86640157
61 53 86640157
61 47 86640157
61 75 86640157
61 76 86640157
61 77 86640157
61 30 86640157
61 42 86640157
61 82 86640157
61 60 86640157
61 84 86640157
61 63 86625757
61 66 86625757
61 67 86625757
61 28 86625757
61 53 86625757
61 30 86625757
61 81 86625757
90 65 86619818
49 36 86619528
89 77 86615140
81 93 86610963
81 30 86610963
81 25 86610963
1 4 86610925
91 29 86607690
77 64 86605341
61 52 86605149
61 36 86605149
40 95 86600978
81 25 86596563
49 91 86593345
61 73 86556305
61 60 86556305
61 85 86556305
81 36 86550104
26 27 86542849
61 25 86541905
61 26 86541288
81 82 86539725
2 3 86534290
89 88 86529016
41 57 86526522
66 92 86525477
57 41 86522444
6 12 86514625
14 11 86506486
0 30 86505768
0 89 86505768
30 44 86502417
81 61 86457418
71 37 86448387
71 58 86448387
49 96 86441643
49 97 86441643
49 51 86441567
49 42 86441567
88 89 86437598
38 47 86433920
88 49 86433149
61 73 86431270
61 43 86431270
36 54 86427956
8 14 86420716
81 70 86419873
8 14 86419740
81 88 86417987
81 93 86373691
81 70 86371521
93 70 86356736
81 44 86254411
26 81 86200166
81 70 86196287
81 85 86196287
81 26 86196287
93 81 86189894
99 96 86189321
92 87 86183056
92 87 86176262
93 71 86169976
93 81 86169976
36 25 86166119
11 8 86165421
13 14 86165332
44 81 86162275
92 66 86161862
16 13 86159888
16 14 86159888
16 17 86159888
26 27 86115188
84 63 86112501
19 9 86102919
38 25 86100923
2 0 86100603
2 3 86100603
0 66 86100078
3 2 86096171
26 27 86094440
38 35 86093707
38 21 86093707
36 25 86091907
25 36 86091454
0 89 86086157
92 87 86079400
97 96 86078972
93 28 86077749
26 30 86075311
97 96 86073879
93 70 86073430
57 75 86072942
97 91 86069646
35 38 86010023
90 74 86009240
26 28 86008792
91 97 86005890
52 50 86004328
97 49 86003714
49 91 86001920
0 37 86000691
0 2 86000691
14 17 85996722
38 61 85993620
38 88 85993620
61 88 85993489
93 28 85989930
93 26 85989930
0 30 85989633
93 70 85986855
1 21 85986140
67 90 85973154
25 36 85945301
14 13 85931149
14 12 85931149
78 85 85928332
78 49 85926940
0 4 85925518
0 2 85925518
56 36 85917113
25 84 85916670
46 35 85914961
40 39 85907787
95 83 85903585
26 89 85903061
0 2 85899295
65 74 85868026
25 30 85863060
70 81 85847490
93 28 85845780
93 28 85844659
39 40 85843469
8 12 85841136
30 43 85838991
49 97 85838962
97 49 85838260
97 49 85834884
25 39 85834703
66 92 85833408
3 4 85833016
96 97 85832979
49 96 85831469
77 64 85827968
41 57 85817869
13 15 85816331
36 25 85816139
81 36 85808322
67 90 85617100
0 26 85595718
70 81 85583906
96 97 85580924
96 97 85564507
96 97 85563782
19 9 85560757
12 13 85557047
25 36 85554632
0 3 85510054
81 103 85472290
13 10 85471949
77 62 85468400
97 96 85468219
81 73 85465459
23 13 85413955
10 13 85393740
0 37 85335502
104 105 85326926
104 88 85326926
104 108 85326926
81 36 85314259
81 44 85313794
10 13 85306193
4 82 85304575
4 0 85304575
92 90 85298333
11 16 85298019
26 73 85243167
26 73 85242542
26 81 85242542
81 26 85242353
12 10 85215870
26 31 85048048
0 87 84993197
0 3 84993197
0 44 84993197
81 36 84983761
81 36 84982269
10 13 84979478
10 14 84979478
11 10 84977136
11 12 84977136
87 66 84974456
107 108 84973612
11 8 84969350
12 13 84969198
14 13 84967307
36 25 84957958
100 28 84956408
111 95 84955731
13 16 84953499
0 26 84907671
0 87 84907671
0 3 84907671
26 81 84896877
13 10 84894227
10 13 84894167
13 17 84892516
87 66 84885750
25 36 84883187
110 112 84882422
30 68 84871504
0 2 84820190
0 87 84820190
0 3 84820190
104 70 84811762
104 106 84811762
104 61 84811762
104 107 84811762
93 70 84809776
93 81 84809776
104 70 84803774
104 105 84803774
104 107 84803774
104 18 84803774
6 12 84803766
9 44 84802782
26 36 84799961
49 25 84798479
59 28 84794516
114 74 84794137
26 27 84793890
89 68 84785178
12 9 84782839
9 12 84782748
81 111 84710016
49 96 84709071
97 25 84694420
59 100 84693929
97 49 84692878
10 13 84636089
6 15 84634352
6 13 84634352
6 13 84621742
13 16 84621049
14 8 84612162
4 2 84612093
13 17 84611776
17 13 84610563
15 19 84598861
19 17 84597519
65 67 84570506
19 17 84543684
81 26 84467843
0 26 84383393
0 3 84383393
81 88 84379444
104 73 84375788
104 88 84375788
104 108 84375788
104 107 84369530
104 70 84367795
104 73 84367795
104 106 84367795
96 91 84365092
108 113 84360723
13 12 84355364
49 97 84353118
81 44 84351581
96 36 84351369
81 93 84349661
11 14 84344619
49 96 84343319
81 116 84281435
104 61 84280283
19 13 84273966
62 77 84265048
13 14 84264375
13 10 84264375
8 16 84263724
95 91 84262795
49 91 84256182
49 97 84256182
4 2 84198897
87 66 84194828
89 66 84194630
87 66 84194434
44 81 84184410
49 96 84184230
91 95 84182902
113 93 84179971
113 108 84179971
104 70 84176069
104 73 84176069
104 61 84176069
104 108 84176069
9 19 84170397
0 66 84123152
81 89 84116591
52 41 84108192
89 71 84101432
81 52 84093517
81 88 84093517
97 49 84092005
49 91 84091172
13 17 84087443
81 44 84085282
81 108 84085212
89 0 84031145
26 71 84027720
13 14 84026877
6 13 84020054
104 105 84019464
104 61 84019464
104 108 84019464
13 17 84005266
13 17 84004543
13 20 84002218
41 57 84000365
13 17 84000092
104 73 83993921
104 106 83993921
104 107 83993921
93 81 83767106
81 88 83761729
81 85 83759108
97 49 83757555
49 91 83756023
0 66 83753427
0 71 83753427
0 2 83753427
0 87 83753427
11 8 83747743
11 17 83747743
81 107 83744089
81 88 83743628
13 11 83741000
93 71 83738982
85 111 83686450
85 36 83686450
88 81 83685822
13 33 83683796
2 58 83680443
111 91 83663515
52 41 83662086
81 88 83655495
81 88 83605076
81 88 83603863
81 85 83603809
0 3 83603438
44 81 83601866
88 81 83600732
41 50 83588231
25 81 83582953
90 65 83578044
90 86 83578044
88 73 83576378
90 65 83571549
93 81 83568855
13 14 83568345
93 27 83568067
93 71 83568067
81 71 83567176
104 107 83560402
19 9 83560007
26 31 83431026
26 30 83430365
104 106 83415524
90 67 83412342
81 70 83410003
81 88 83410003
81 107 83402659
103 105 83399808
81 70 83397184
94 81 83396660
107 81 83313787
10 11 83160797
13 10 83156915
81 82 83151487
119 120 83144807
19 33 83144562
119 120 83142259
20 17 83139314
11 13 83138043
11 14 83137309
0 4 83089472
0 87 83089472
2 0 83082663
81 111 83079062
81 43 83079062
81 61 83072850
0 26 83067480
2 0 83064998
25 78 83058255
13 16 83057349
25 57 83052645
25 122 83052645
19 9 83050698
13 17 83048563
94 81 82997050
13 17 82965996
19 33 82955229
19 20 82955229
11 13 82542337
11 23 82538450
26 71 82537746
78 25 82536905
78 85 82536905
17 10 82536181
97 91 82463293
4 71 82460197
88 71 82453761
27 93 82449591
81 61 82392592
88 81 82389495
33 17 82385703
93 112 82380483
89 27 82376790
13 33 82367498
112 93 82363886
41 96 82363833
16 37 82362529
16 13 82362529
8 13 82361447
8 19 82361447
13 16 82305869
40 39 82271629
97 41 82271279
17 13 82214524
104 73 82207419
104 123 82207419
78 37 82204528
6 12 82200192
13 17 82196012
13 17 82195973
27 93 82186010
93 26 82185944
93 28 81951144
11 13 81949328
11 16 81943851
120 124 81943584
93 87 81938460
85 120 81932654
40 95 81931096
49 91 81862426
124 120 81858762
124 120 81858534
0 37 81855561
97 91 81854824
62 64 81851481
11 13 81849009
11 14 81849009
81 77 81848963
81 109 81848963
81 25 81848963
81 26 81848963
81 88 81848963
122 121 81848103
13 33 81844335
13 17 81844335
0 3 81843426
125 36 81842223
8 19 81840032
8 13 81839962
8 13 81838631
8 13 81837165
13 11 81788767
13 16 81788767
112 93 81772159
112 93 81768617
112 113 81767847
17 14 81765828
17 16 81765828
11 17 81762501
112 93 81761740
11 13 81692137
97 41 81683342
93 113 81681949
13 10 81670479
9 12 81667489
10 16 81667453
8 33 81608314
81 111 81586854
81 26 81586854
81 107 81586854
81 36 81586854
93 113 81586506
88 81 81582759
37 78 81582647
20 23 81333639
9 33 81327920
9 18 81327920
78 37 81323920
78 124 81323920
14 10 81323037
123 70 81318189
81 36 81316887
81 88 81276967
4 37 81276914
33 20 81265512
33 20 81263688
91 40 81261175
33 18 81259797
97 96 81259137
11 14 81253938
11 17 81253938
78 124 81250346
92 90 81249584
11 13 81244163
10 13 81239708
39 53 81237063
49 56 81231515
49 121 81231515
37 2 81186858
78 85 81182394
123 105 81166320
93 123 81149699
93 81 81149699
91 111 81095353
91 40 81095353
91 83 81095353
107 108 81094529
112 93 81093676
81 93 81086156
58 0 81085864
58 111 81078773
87 66 81078574
19 8 81067910
19 17 81067910
19 12 81067910
58 111 81064280
58 44 81064280
58 44 81064242
6 10 81062557
19 9 81056049
97 35 81020376
97 38 81020376
19 13 81007798
11 14 81003248
78 111 80994306
49 91 80987748
10 14 80975432
49 51 80973387
49 121 80973387
93 113 80971742
44 58 80936738
93 112 80933198
9 19 80907343
29 73 80893131
4 37 80809769
113 93 80745838
68 128 80742653
11 13 80722904
11 16 80722118
11 17 80722118
62 35 80718805
81 129 80718183
58 111 80716613
61 106 80714180
91 111 80665227
91 79 80665227
19 9 80662889
91 95 80661137
91 111 80661137
130 74 80660817
92 66 80657242
94 88 80655967
40 79 80654247
20 33 80643411
20 18 80643411
105 70 80641811
39 35 80639457
35 48 80639101
62 25 80636614
9 12 80633925
62 42 80630008
91 40 80575423
22 20 80565346
25 101 80557033
25 85 80557033
20 23 80554608
13 14 80547416
9 20 80546848
20 22 80542159
41 97 80541079
81 106 80495033
89 88 80488733
13 23 80488554
91 95 80488177
91 40 80488177
71 81 80484889
56 25 80484405
91 40 80483779
97 49 80482343
0 3 80479593
20 23 80478582
0 58 80473899
57 97 80467945
98 32 80467508
8 17 80463058
20 23 80462994
0 80 80462618
37 81 80462046
13 16 80461956
10 13 80461461
120 85 80459340
82 44 80457853
20 23 80453926
20 23 80450031
112 113 80409131
23 17 80401889
91 111 80400360
20 23 80399512
23 20 80399319
18 23 80397961
66 92 80397533
49 97 80394415
11 20 80393679
79 29 80391690
22 20 80390040
82 55 80386728
20 23 80385412
25 101 80383938
66 90 80383133
112 93 80382788
17 11 80380086
82 71 80379945
62 42 80378916
23 20 80376804
105 104 80374504
23 20 80374464
23 20 80371184
49 51 80367252
49 43 80367252
104 105 80362403
9 20 80326220
81 37 80304183
94 5 80213294
94 5 80213083
17 112 80202159
20 33 80193307
33 20 80139001
33 20 80138091
49 78 80128801
49 101 80128801
49 122 80128801
91 83 79975238
112 93 79968490
112 17 79968490
33 20 79967947
44 70 79963674
2 44 79962777
82 2 79961881
20 33 79961691
20 23 79961691
0 55 79952432
0 3 79952432
8 11 79945914
11 13 79945912
11 17 79945912
11 13 79943077
113 93 79942011
11 17 79941443
82 3 79940097
82 58 79940097
82 44 79940097
9 11 79940001
113 112 79939873
123 106 79886872
91 40 79886487
25 56 79886377
25 43 79886377
25 49 79886377
25 85 79886377
58 44 79885754
20 18 79882959
101 78 79882385
101 25 79882385
101 85 79882385
129 103 79881696
37 70 79876584
113 93 79876131
2 0 79874473
82 3 79874320
82 44 79874320
25 49 79874101
25 24 79871380
35 48 79868991
8 17 79867668
8 13 79867295
25 51 79866990
25 42 79866990
25 57 79866990
23 20 79865545
23 20 79864034
10 13 79862304
10 8 79862304
23 20 79862063
10 8 79860174
78 85 79853599
113 93 79844385
91 95 79805276
91 111 79805276
113 93 79804284
93 113 79800294
25 49 79798919
25 51 79798118
25 43 79798118
25 42 79798118
4 71 79797568
82 2 79797117
82 58 79797117
19 9 79796107
10 12 79795362
4 71 79794994
25 49 79791013
25 57 79788050
81 2 79787677
6 13 79787195
30 36 79786142
0 55 79781485
85 78 79779286
115 41 79778892
25 78 79778404
33 18 79776837
85 120 79776673
111 78 79775928
17 14 79774079
17 10 79774079
17 12 79774079
4 71 79772231
113 93 79771225
81 88 79769465
83 40 79769213
17 33 79767928
17 13 79767928
78 111 79765535
15 13 79610093
81 123 79545084
22 13 79539242
22 17 79539242
61 18 79539222
13 12 79536464
123 61 79534603
19 9 79533882
3 82 79533832
3 0 79533832
3 44 79533832
123 73 79529498
123 106 79529498
113 26 79528966
10 17 79528663
95 111 79528068
41 75 79523428
11 14 79519221
11 16 79517909
113 123 79515825
124 120 79515149
130 74 79514717
49 124 79514677
129 123 79513339
120 85 79512412
37 78 79506826
85 25 79505084
92 90 79459115
19 9 79452271
95 111 79448001
82 58 79444184
111 78 79442648
25 121 79442105
16 8 79441015
132 46 79440857
70 71 79440127
81 73 79438860
123 106 79438484
14 8 79435710
23 17 79435627
13 11 79434426
49 56 79431319
20 23 79430949
94 44 79427938
129 73 79427881
55 78 79427626
100 28 79426439
120 85 79424342
0 55 79422479
11 8 79417646
85 112 79379055
97 48 79368012
131 55 79367640
97 126 79367623
97 127 79367623
93 112 79365428
4 71 79360708
6 11 79358867
26 89 79357506
120 85 79357315
3 2 79355277
120 85 79354355
25 75 79350960
25 101 79350960
112 93 79349137
119 56 79346746
119 124 79346746
23 20 79346025
56 119 79346012
113 93 79340611
14 11 79340409
97 49 79335054
10 16 79334042
42 43 79332238
20 22 79331870
20 22 79330145
55 37 79329420
94 70 79283563
20 22 79283313
97 126 79281939
97 39 79281939
97 127 79281939
91 83 79277841
85 120 79277299
66 87 79275275
14 13 79270583
93 113 79270580
82 55 79269883
8 23 79264501
40 83 79261560
123 104 79261114
49 121 79259713
97 96 79259356
131 3 79259153
38 36 79258084
0 58 79257875
23 17 79256739
78 37 79254534
0 2 79254198
111 81 79252918
2 82 79252446
2 82 79252107
2 55 79250630
70 44 79249974
93 113 79249249
29 132 79248957
49 56 79244333
41 115 79243493
97 21 79195684
97 38 79195684
28 100 79194475
28 89 79194475
107 70 79189249
10 17 79188387
19 9 79181138
25 42 79179968
68 128 79177292
40 79 79176344
22 10 79173615
70 4 79171641
70 5 79171641
46 52 79171106
82 2 79170262
82 0 79170262
82 58 79170262
68 27 79169972
119 56 79168266
119 56 79166134
123 61 79165968
28 26 79164619
120 85 79163714
20 18 78932692
91 95 78930713
91 83 78930713
88 73 78930452
13 16 78919261
20 22 78918517
92 117 78918194
20 22 78916888
53 81 78912550
93 112 78911596
93 113 78910425
20 22 78894598
20 23 78853685
6 13 78847210
6 12 78847210
112 113 78845853
82 71 78844586
91 40 78843914
91 83 78843914
91 95 78843878
91 111 78843878
91 79 78843804
58 71 78842555
100 59 78840130
41 97 78839974
97 41 78839948
112 113 78837319
93 113 78833032
121 49 78832324
3 0 78830691
93 112 78828470
57 41 78827668
112 93 78827589
124 37 78824231
49 51 78810930
49 25 78810930
49 122 78810930
20 18 78807685
20 33 78772787
112 123 78767775
112 113 78767775
44 58 78765019
81 98 78764963
81 29 78764963
81 38 78764963
61 33 78763814
61 107 78763814
61 108 78763814
44 58 78763708
82 37 78760156
82 55 78760156
38 35 78757317
35 53 78757064
35 83 78757064
111 83 78756450
6 15 78755959
61 129 78754737
61 18 78754737
78 85 78752790
22 10 78746166
112 93 78744153
93 113 78743419
20 22 78743044
2 82 78741757
49 75 78737990
2 0 78736385
20 23 78735396
23 20 78735360
48 79 78734948
9 15 78729955
0 3 78729050
97 49 78728610
40 39 78728369
29 91 78727269
40 95 78722611
40 29 78722611
40 111 78722611
91 40 78675034
82 55 78673253
82 37 78673113
19 9 78671515
3 44 78671254
16 13 78670731
82 71 78667348
82 55 78667348
85 120 78666145
120 124 78665601
82 44 78665121
16 13 78664200
16 17 78664200
95 111 78663828
78 55 78661945
44 2 78661762
68 100 78661579
22 20 78660640
82 78 78655521
82 0 78655521
73 61 78651570
23 20 78649816
8 17 78645004
23 20 78643882
26 71 78639744
20 22 78637786
19 22 78636109
20 18 78594809
108 81 78590979
82 55 78586287
19 17 78581404
66 92 78581018
61 18 78580431
61 108 78580431
53 36 78577137
82 2 78574102
78 111 78573871
17 13 78573682
13 17 78572982
25 51 78569132
25 42 78569132
25 101 78569132
25 121 78569132
25 85 78569132
120 37 78566387
113 112 78563750
113 123 78563750
44 81 78561666
0 58 78559882
13 16 78553679
8 17 78553083
81 73 78552945
19 9 78551486
112 93 78475130
55 82 78410804
55 82 78394082
92 87 78342813
112 113 78328321
91 79 78326700
8 13 78326287
23 20 78323699
78 111 78323384
8 17 78322425
91 97 78320991
93 112 78314607
127 49 78311830
11 13 78311446
11 16 78311446
53 95 78309486
53 42 78309336
93 113 78309263
113 93 78308071
111 95 78306326
111 95 78305897
57 41 78304516
57 41 78303825
85 112 78301219
93 112 78300949
95 111 78295322
93 113 78252771
93 113 78249313
13 17 78244250
17 23 78238419
93 112 78233464
19 13 78231409
120 119 78227051
112 93 78224417
58 0 78224011
82 55 78220049
112 123 78219009
2 55 78218568
55 85 78216046
14 13 78215932
2 82 78214412
85 55 78211417
29 111 78204804
123 105 78169528
105 5 78157670
91 95 78155222
78 25 78152460
20 22 78147510
25 52 78144978
20 22 78144833
20 22 78144755
120 85 78144472
112 85 78138793
94 103 78135314
8 19 78134183
44 58 78132959
32 31 78131785
82 58 78131053
95 53 78130037
2 82 78129470
2 82 78129350
2 58 78129350
25 52 78127518
82 71 78125699
13 16 78123246
113 123 78122156
18 20 78121225
49 47 78120760
49 126 78120760
49 35 78120760
42 53 78072332
125 34 78065072
44 131 78064951
82 71 78057649
3 0 78057240
3 58 78057240
45 69 78056683
29 79 78055636
91 49 78054985
100 59 78053112
20 18 78052979
8 23 78047340
111 53 78031465
90 135 77985901
112 5 77983182
91 40 77981811
5 70 77980678
5 107 77980678
9 17 77980317
37 120 77980178
97 53 77977628
93 113 77976294
82 2 77975332
58 82 77973991
14 11 77970341
11 14 77970340
11 16 77970340
112 85 77967444
131 3 77962237
112 123 77960265
96 97 77956693
90 102 77954576
120 85 77953694
120 124 77953694
112 113 77952850
19 9 77952768
86 65 77908364
14 13 77898621
13 16 77898619
25 57 77894997
25 122 77894997
25 43 77894723
25 101 77894723
25 57 77894723
25 136 77894723
25 75 77894078
25 56 77894078
25 38 77882212
111 52 77792090
88 49 77724776
88 81 77724501
58 0 77721828
58 44 77721828
92 74 77721361
89 88 77718443
81 55 77716803
25 43 77716751
25 42 77716751
25 136 77716751
129 81 77715642
70 44 77713828
120 85 77712769
120 85 77712645
120 124 77712166
120 85 77711633
113 93 77710791
113 123 77710791
14 8 77708078
13 14 77705224
97 96 77705092
2 82 77704359
74 130 77703471
88 107 77701650
36 52 77696199
120 85 77696146
93 112 77694813
11 13 77691326
97 91 77685704
58 44 77636669
58 82 77635790
120 124 77635625
112 85 77634517
90 72 77631064
90 102 77631064
20 23 77630642
112 85 77630138
101 56 77630124
85 112 77629937
93 112 77629377
82 58 77628243
82 58 77622105
129 107 77621807
93 5 77621788
66 92 77621440
13 17 77621104
93 103 77620614
100 59 77620365
25 36 77619265
9 19 77616762
93 123 77610840
22 33 77608768
107 129 77606158
112 123 77605155
81 85 77601679
85 81 77601516
18 33 77599933
62 77 77599103
93 5 77553217
105 22 77550332
49 47 77550271
129 73 77545959
9 19 77545943
9 19 77545888
86 135 77543760
93 112 77543132
129 107 77536989
124 120 77532053
22 105 77528693
64 90 77527873
91 40 77523923
23 13 77523730
23 11 77523730
112 113 77521657
46 73 77521018
13 17 77519975
78 85 77518117
6 106 77516779
55 131 77465684
112 93 77464269
26 100 77464267
22 105 77464020
13 16 77461251
91 95 77460945
1 38 77460604
66 87 77460536
66 92 77460536
112 93 77457530
120 85 77456114
17 6 77453802
23 33 77452551
23 17 77452551
23 17 77452423
0 44 77451792
0 2 77451304
42 43 77450080
9 12 77449979
17 23 77448164
50 52 77447823
111 79 77395817
90 86 77382200
112 93 77380326
25 122 77379563
104 129 77376049
104 61 77376049
104 107 77376049
25 56 77373032
25 101 77373032
4 71 77370813
113 93 77369972
113 123 77369972
112 113 77367717
36 111 77364582
36 38 77364582
131 37 77364486
0 82 77364485
18 22 77363352
55 131 77362288
129 70 77362001
3 55 77361681
3 82 77361681
3 58 77361681
129 77 77360647
0 55 77359848
23 17 77359181
112 123 77358741
112 113 77358741
6 23 77357208
56 51 77352320
13 6 77351208
120 93 77350347
120 37 77348600
2 0 77346541
0 2 77346495
12 13 77345894
82 44 77345566
58 82 77345475
44 82 77345250
97 96 77344940
113 93 77344254
6 13 77340083
111 29 77337071
22 33 77286776
13 12 77185901
112 93 77178142
14 13 77130840
112 13 77119258
91 40 77113163
14 17 77112855
90 102 77112767
90 102 77110271
0 55 77108491
0 82 77108491
0 2 77108491
120 85 77106533
0 55 77106517
0 3 77106517
113 123 77105298
8 14 77092111
8 11 77092111
82 58 77090301
97 53 77089705
112 123 77085131
120 119 77084046
2 82 77083081
91 95 77029827
111 61 77028693
23 20 77027419
124 120 77026297
35 48 77023215
51 75 77019536
113 123 77017709
100 59 77015829
20 23 77013648
37 124 77007089
23 20 77004081
82 2 77000722
13 16 76999918
20 23 76995906
51 56 76992771
91 95 76942048
91 40 76942048
113 93 76941714
112 113 76941038
90 135 76940513
90 102 76940513
9 22 76935563
37 85 76934662
3 82 76932233
131 37 76928322
83 46 76922468
25 121 76921534
25 75 76920803
25 122 76920803
83 111 76920405
112 85 76919174
25 122 76918749
89 27 76914286
25 57 76907399
90 117 76862019
90 86 76862019
91 40 76858299
91 83 76858299
19 9 76856405
112 123 76854535
1 21 76852695
44 3 76850563
44 58 76850563
96 97 76850377
22 105 76850100
1 21 76849847
112 93 76848852
58 0 76848459
2 44 76848244
112 93 76846075
2 82 76845387
25 75 76844231
25 43 76844231
25 121 76844231
28 76 76843434
28 100 76843434
13 14 76840241
23 22 76838005
23 17 76838005
90 65 76837164
90 86 76837164
85 120 76836528
2 0 76834041
29 81 76830018
57 109 76829336
81 29 76828917
120 124 76828787
37 120 76828500
13 11 76827011
33 20 76824354
25 78 76788124
81 113 76771685
131 80 76771122
112 85 76770888
91 83 76770830
100 28 76763773
100 59 76763773
29 91 76762028
23 22 76758996
37 120 76756484
37 85 76756484
97 36 76755880
58 0 76755210
120 37 76755046
25 56 76754700
25 121 76754700
119 56 76751530
120 124 76749224
119 56 76748558
78 55 76748459
112 113 76748291
2 78 76747569
129 73 76746589
26 81 76746208
75 56 76744277
2 82 76737834
127 49 76735585
15 19 76732891
26 27 76606490
91 40 76508642
136 91 76504108
136 43 76504108
136 42 76504108
136 24 76504108
136 122 76504108
117 87 76502795
29 81 76501489
93 123 76498412
87 90 76496280
90 65 76495809
90 102 76495809
90 86 76495809
85 120 76494602
100 59 76492069
25 42 76488855
25 57 76488855
25 121 76488855
122 136 76482389
25 136 76482328
25 122 76482328
11 14 76482166
25 85 76480925
25 122 76480925
93 112 76478632
13 16 76427202
97 49 76426585
91 40 76425385
91 79 76425385
97 91 76424412
97 49 76424412
125 51 76412553
125 36 76412553
88 36 76411863
3 82 76411512
3 2 76411512
3 58 76411512
112 113 76407003
111 95 76406433
111 29 76406060
78 37 76405047
58 55 76403381
91 40 76402432
92 117 76402161
2 82 76400579
111 40 76400575
2 44 76399858
14 11 76398374
19 9 76396430
93 112 76390678
93 113 76390625
9 33 76390233
93 5 76389388
112 93 76363146
25 122 76354018
91 79 76341434
23 20 76338514
93 112 76333882
22 13 76333648
22 17 76333648
9 33 76332130
37 120 76331699
131 80 76329780
56 24 76328953
92 87 76327191
112 113 76327083
23 33 76326572
123 93 76325291
33 9 76324665
93 112 76323206
123 106 76320434
56 25 76317512
92 66 76316391
56 25 76315237
4 37 76310932
6 17 76310824
25 75 76310392
25 42 76310392
112 113 76309540
9 33 76308081
9 19 76308081
123 113 76304315
25 75 76301692
25 101 76301692
25 85 76301692
93 113 76257337
3 2 76252737
97 91 76250689
40 95 76249327
13 16 76248008
123 43 76247739
95 40 76244159
68 128 76242934
8 23 76239246
131 78 76239170
8 23 76230258
33 17 76229850
112 93 76227971
131 55 76226394
112 113 76226166
112 123 76225990
1 38 76221893
2 82 76219428
9 18 76217370
112 93 76190041
23 20 76168278
20 23 76167899
13 11 76166208
91 83 76165920
13 16 76165744
13 6 76165573
13 6 76165079
100 59 76163761
2 78 76161770
81 88 76161440
23 17 76159813
124 51 76159529
93 113 76159508
82 2 76156980
81 73 76155700
83 111 76154068
80 53 76152423
13 11 76151467
13 16 76151467
26 89 76144723
69 27 76142342
69 32 76142342
0 3 76141174
78 2 76140980
19 9 76139229
93 113 76138779
0 2 76138256
14 13 76137993
2 78 76137106
78 2 76135013
78 2 76132790
29 111 76131860
111 95 76129246
111 79 76129246
19 9 76129157
15 9 76127569
93 112 76062143
93 112 76061515
112 93 76054360
112 93 76052951
93 112 76051277
13 8 75926711
58 0 75906977
91 111 75906219
91 79 75906219
3 82 75905180
120 85 75904141
123 113 75903587
23 20 75902503
88 95 75901017
88 55 75901017
88 29 75901017
88 132 75901017
88 101 75901017
88 125 75901017
88 32 75901017
88 38 75901017
88 48 75901017
112 93 75900398
88 129 75897386
0 58 75893497
93 113 75871585
58 44 75823070
91 40 75821526
91 83 75821526
81 88 75815106
23 20 75813471
58 44 75806678
125 41 75806213
125 57 75806213
125 25 75806213
125 122 75806213
93 113 75780747
62 51 75744686
87 84 75744095
86 72 75742129
25 109 75736123
23 20 75735441
86 72 75731329
86 135 75728533
86 72 75728533
19 11 75727662
19 9 75727662
131 78 75726652
78 131 75725995
78 55 75725995
93 112 75724893
58 95 75720133
90 135 75718522
136 56 75716832
0 58 75711774
111 78 75710511
37 85 75706584
13 16 75666619
93 113 75659817
44 2 75657141
88 107 75652610
68 137 75648444
25 56 75646279
25 57 75646279
124 55 75645922
112 123 75644117
82 55 75644061
23 17 75641678
82 2 75640613
66 109 75634992
66 84 75634992
66 87 75634992
111 79 75634756
25 43 75634270
25 101 75634270
25 75 75633962
23 20 75629489
78 55 75625536
107 103 75625143
107 88 75625143
71 4 75622821
70 44 75621178
112 93 75619334
2 44 75615015
25 51 75614469
25 43 75614469
25 101 75611155
25 122 75611155
25 42 75580805
13 14 75579522
62 51 75574953
62 56 75574953
62 121 75574953
91 40 75561201
19 9 75561000
9 19 75558956
9 23 75558956
85 124 75554977
124 37 75553224
28 59 75552044
19 9 75545887
112 93 75540373
90 72 75539661
112 93 75534628
121 136 75534376
25 42 75534134
25 121 75534134
23 20 75533944
2 82 75532795
55 2 75531845
3 44 75531750
119 56 75531300
90 135 75531252
90 86 75531252
90 117 75528890
93 112 75526406
112 5 75366585
121 42 75359944
91 95 75301683
20 23 75294807
78 111 75294556
82 2 75291899
6 13 75291242
6 12 75291242
126 1 75290442
80 131 75287575
85 25 75287261
19 9 75286643
25 75 75285948
25 101 75285948
25 136 75285948
25 43 75284374
111 78 75283433
0 3 75280543
58 0 75274597
131 80 75273563
11 13 75272559
11 8 75272559
23 20 75271176
73 129 75269995
41 57 75268816
52 41 75268770
91 83 75220830
112 123 75215397
112 81 75215397
66 114 75215156
100 28 75213548
113 106 75211182
23 17 75209613
13 11 75204823
71 110 75204275
13 8 75201885
66 92 75199427
97 96 75195824
89 50 75195582
105 5 75193843
113 81 75188745
25 51 75187159
25 42 75187159
13 14 75186736
13 17 75186736
25 41 75186677
25 51 75186677
25 43 75186677
25 101 75186677
43 42 75186562
81 46 75182245
81 26 75182245
81 36 75182245
81 124 75182245
15 13 75177197
81 26 75145364
26 27 75143453
91 111 75131609
112 93 75127598
78 55 75124239
20 23 75121580
131 55 75121361
113 93 75120309
131 80 75118590
20 23 75117711
13 8 75113927
19 9 75111937
81 30 75110828
81 25 75110828
81 84 75110828
100 59 75110440
78 55 75107793
3 2 75105892
90 87 75105737
112 123 75103390
55 78 75100551
100 63 75099595
12 44 75098124
81 85 75095830
81 88 75095767
85 120 75095414
81 94 75094954
121 43 75094620
91 95 75042507
91 111 75042507
11 33 75039382
25 75 75037398
25 121 75037398
25 122 75037398
66 87 75022053
14 16 75019308
71 5 75016230
5 71 75016134
2 44 75016033
71 5 75015600
40 29 75012856
40 83 75012856
123 106 75012635
2 44 75011487
13 8 74957559
112 93 74954528
112 113 74954528
112 113 74953643
70 5 74951275
112 81 74950534
111 78 74944084
28 100 74941699
113 112 74934018
14 16 74931808
113 123 74931795
112 113 74930991
112 113 74930324
13 17 74926121
13 8 74871477
112 113 74697380
131 55 74696065
64 35 74692609
100 59 74691472
112 93 74690518
52 41 74683341
82 58 74682776
26 76 74681027
69 27 74678524
2 3 74667749
85 124 74610870
2 0 74609259
44 2 74607847
90 117 74607144
22 33 74605328
8 13 74604568
8 19 74604568
18 73 74602693
18 123 74602693
112 113 74601215
112 113 74597531
85 120 74595567
13 20 74594773
13 12 74594773
33 20 74592637
120 124 74589448
97 57 74588718
11 14 74587170
0 2 74585234
8 19 74514769
8 12 74514769
131 119 74513080
92 66 74510296
25 51 74508871
25 43 74508871
25 42 74508871
25 121 74508871
25 136 74508871
58 44 74508351
58 111 74506977
112 93 74503415
112 93 74502658
112 93 74501189
25 84 74496237
13 8 74492334
90 72 74490922
8 14 74490282
93 113 74489251
19 9 74483090
112 123 74439862
111 40 74430545
111 83 74430545
119 56 74429336
0 44 74427586
32 134 74426063
120 119 74425715
120 124 74425715
44 58 74424334
84 25 74421878
25 51 74418105
25 42 74418105
25 101 74418105
25 122 74418105
90 65 74414358
90 72 74414358
25 51 74413491
25 57 74413491
25 136 74413491
13 17 74412448
113 26 74406064
113 81 74405973
113 26 74405973
0 2 74404362
26 81 74363841
19 15 74352786
25 41 74346874
25 51 74346874
112 93 74343909
112 123 74343909
112 81 74343909
20 23 74343830
58 111 74341398
58 44 74341398
112 43 74334860
62 77 74334251
20 23 74330736
26 81 74326996
103 73 74326330
13 11 74324798
125 54 74322553
13 16 74321380
112 123 74321153
93 113 74084568
112 93 74081282
112 113 74081282
112 81 74080795
89 28 74073834
125 36 74070723
11 13 74065686
44 2 74064055
44 2 74046105
90 135 74001862
100 28 73996001
45 68 73992003
41 115 73988341
41 97 73988341
78 82 73982491
125 55 73981804
125 57 73981804
125 38 73981804
78 55 73979950
25 56 73976103
25 43 73976103
25 101 73976103
25 57 73976103
25 122 73976103
15 11 73974727
5 123 73971870
13 17 73923330
131 37 73920295
112 93 73915045
81 107 73913698
82 2 73910249
120 37 73909567
132 81 73905677
131 37 73905064
100 76 73894612
25 51 73881932
25 56 73881932
113 93 73870047
73 81 73840694
123 70 73818249
123 129 73818249
112 113 73815517
100 59 73802326
19 9 73752447
112 93 73752321
112 123 73752321
112 93 73740913
25 43 73735079
25 121 73735079
44 2 73724965
44 0 73724965
44 58 73724965
8 17 73723591
37 131 73721159
15 13 73713990
100 59 73480765
137 68 73478497
137 68 73471052
25 122 73460758
89 81 73459945
78 55 73459327
78 2 73457837
11 13 73456220
11 17 73456220
20 17 73449382
100 59 73396706
93 113 73396094
93 26 73395503
93 113 73395503
120 119 73391587
25 41 73382960
93 112 73382084
25 51 73368155
26 113 73318429
131 37 73315408
93 112 73314328
93 113 73314328
93 113 73307607
49 97 73307157
120 37 73304719
53 81 73296593
93 71 73295725
93 112 73286846
112 113 73286400
112 123 73286338
112 78 73286185
112 85 73286185
68 45 73282895
68 32 73282895
68 137 73280496
93 112 73236506
93 112 73233440
25 56 73223433
25 101 73223433
25 57 73223433
25 136 73223433
25 122 73223433
93 113 73218440
136 122 73217859
25 136 73208037
11 17 73141301
93 112 73139735
112 113 73117950
112 123 73116371
112 81 73024651
44 2 72884313
112 93 72882125
112 93 72879907
44 70 72871080
44 58 72860610
9 19 72860232
87 66 72796997
43 25 72782998
15 11 72780803
93 113 72780328
13 17 72779476
57 75 72779360
93 113 72775550
93 113 72774768
13 8 72773600
82 55 72773492
112 81 72772526
28 100 72770139
81 70 72710132
66 84 72704943
25 51 72700689
25 101 72700689
25 57 72700689
15 13 72695372
15 23 72695372
1 138 72689691
77 62 72685738
6 13 72675502
77 64 72674229
15 6 72673352
37 131 72622403
78 85 72615397
18 9 72615103
93 113 72614821
78 55 72614270
68 137 72610441
25 51 72605670
25 52 72605670
25 57 72605670
26 81 72603262
120 85 72600851
15 17 72599136
97 96 72596727
119 56 72593118
93 81 72592241
35 49 72589465
20 23 72584588
112 113 72544054
85 78 72538103
25 109 72537401
25 24 72537401
82 55 72530763
82 78 72530763
125 55 72528162
125 25 72528162
130 92 72513873
112 93 72507971
8 13 72503179
104 70 72498850
104 129 72498850
93 112 72447831
5 70 72415300
106 105 72356464
106 129 72356464
106 113 72356464
13 17 72349987
13 11 72342657
104 129 72277462
104 81 72277462
113 112 72276492
131 37 72273107
19 9 72268007
11 13 72261405
123 103 72260260
44 2 72251150
113 123 72247020
112 81 72246956
123 112 72243015
13 11 72209322
103 123 72191744
123 26 72190538
106 33 72176245
106 95 72176245
106 29 72176245
106 77 72176245
106 57 72176245
106 97 72176245
106 140 72176245
106 88 72176245
70 123 72175952
113 112 72154906
93 112 72154137
66 87 72120199
112 93 72114072
112 81 72114072
19 12 72105829
25 121 72104836
68 32 72101746
25 57 72080640
25 136 72080640
20 23 72072902
112 113 72031122
112 113 72023325
25 42 72019612
25 101 72019077
25 121 72019077
112 93 72007819
104 106 72006541
104 129 72006541
104 61 72006541
104 81 72006541
25 121 72002873
49 91 71999616
25 136 71994567
78 131 71991191
137 68 71987079
111 29 71985495
100 26 71984655
15 13 71983752
131 120 71949420
77 64 71934779
123 104 71916937
15 13 71914244
111 83 71911580
103 88 71909350
93 113 71905967
19 15 71901083
15 9 71896416
13 17 71857656
123 113 71823841
93 113 71652472
26 27 71648883
11 8 71647603
13 17 71641482
44 58 71556062
29 91 71554772
33 13 71494729
33 17 71494729
93 113 71471157
70 131 71417393
70 2 71417393
70 58 71417393
82 55 71410699
17 11 71409614
92 74 71396566
8 9 71388752
13 11 71384418
43 54 71380263
93 70 71378489
123 81 71377377
3 44 71330782
33 11 71330248
33 12 71330248
123 73 71322210
78 37 71316756
93 113 71313781
97 96 71305332
17 13 71303610
25 51 71300242
25 42 71300242
93 113 71242029
93 123 71241996
131 37 71067493
3 2 71060212
3 0 71060212
3 58 71060212
3 44 71060212
6 13 71056991
85 81 71051459
25 43 71048347
25 42 71048347
6 8 71042435
11 13 71037687
11 17 71037687
85 37 71036808
35 77 71036268
35 62 71035882
81 125 70984156
13 17 70980196
100 28 70975756
13 17 70953292
93 112 70947837
112 5 70898700
70 37 70892074
70 94 70892074
49 1 70867650
49 1 70863985
93 112 70860755
73 129 70805505
25 75 70796097
25 121 70796097
25 75 70795110
25 56 70795110
25 43 70795110
25 121 70795110
78 85 70790206
112 123 70784830
35 55 70777700
111 83 70772832
117 90 70722653
37 131 70710099
78 55 70707367
78 2 70697714
73 88 70695335
82 2 70691421
8 19 70689480
139 62 70628304
139 31 70624491
70 5 70456462
63 5 70451854
22 17 70442993
13 11 70433698
5 22 70431022
93 139 70368419
131 55 70368340
93 123 70291572
57 75 70289596
13 11 70287813
123 113 70286019
141 33 70284850
141 73 70284850
141 43 70284850
141 107 70284850
141 18 70284850
123 112 70284339
90 135 70280400
141 70 70279138
141 43 70279138
141 106 70279138
25 122 70276100
37 85 70268278
82 0 70262686
82 58 70262686
113 93 70260981
113 123 70260981
85 37 70254320
86 66 70236974
131 37 70199710
25 43 70189442
19 11 70185681
78 55 70177122
26 27 70168815
112 113 70154760
100 63 70119684
77 64 70118522
25 42 70116991
25 101 70116991
25 136 70116991
81 29 70116642
81 111 70116642
81 77 70116642
92 74 70109141
43 121 70106155
112 113 70100396
112 113 70094520
25 51 70092606
25 75 70092606
25 43 70092606
25 101 70092606
25 136 70092606
139 93 70091651
139 60 70091651
112 113 70090802
6 11 70090524
25 101 70088395
25 122 70088395
43 51 70081012
19 9 70079699
112 113 70072800
37 85 70026656
92 74 69865854
111 78 69853952
13 9 69852882
13 17 69852823
20 23 69852692
22 33 69844532
13 8 69836750
22 12 69836749
22 33 69836243
22 18 69836243
6 13 69834618
6 8 69834618
97 91 69832040
9 112 69771660
20 23 69769509
78 55 69764456
43 25 69759436
95 111 69753166
112 17 69751380
44 58 69747888
82 58 69745961
9 112 69736740
112 27 69691796
112 30 69691796
112 26 69691796
78 55 69680836
43 121 69679276
112 81 69673740
112 84 69673740
44 0 69664169
44 3 69664169
104 123 69662953
123 104 69656566
107 73 69654297
112 81 69654240
123 113 69603608
112 113 69593700
131 115 69578991
139 59 69572790
139 100 69572790
139 93 69570998
43 121 69568640
43 121 69568365
112 81 69557700
107 55 69489575
13 17 69486716
92 74 69483451
13 17 69483434
15 13 69474169
112 73 69422220
112 113 69422220
112 81 69319375
112 113 69311040
112 73 69301320
112 81 69300000
19 15 69253012
19 13 69253012
19 8 69253012
93 81 69250803
44 94 69232378
11 13 69229779
11 17 69229779
112 93 69227325
139 59 69225226
68 137 69222144
44 2 69221903
112 73 69209280
100 59 69148662
8 13 69146589
8 11 69146589
43 42 69137471
68 137 69135535
68 32 69135535
25 121 69074460
19 9 69064428
70 37 69058307
70 2 69058307
70 0 69058307
70 3 69058307
112 113 69058260
82 2 69056162
40 111 69049922
19 9 68997600
111 91 68990612
69 32 68990070
131 37 68981693
85 25 68979780
13 11 68966045
8 13 68961468
112 113 68961300
112 85 68961060
22 112 68924400
97 91 68900537
15 11 68890887
25 51 68887862
25 101 68887862
25 57 68887862
112 22 68887500
112 85 68883240
104 113 68881717
44 94 68878310
112 85 68875980
112 113 68665440
112 73 68647482
13 6 68642798
6 13 68640590
43 25 68617119
95 111 68612470
19 9 68567845
82 55 68558418
82 0 68558418
82 3 68558418
81 27 68556337
30 36 68540656
70 37 68535062
88 81 68481227
136 95 68469141
112 113 68465400
43 42 68441381
30 36 68439661
112 113 68438880
19 15 68387944
112 113 68385600
139 62 68378040
113 112 68336700
112 73 68329200
112 113 68323380
112 73 68311251
112 81 68208600
112 113 68208600
113 81 68055480
112 113 68044080
113 81 68037485
113 73 68037453
11 8 68013186
11 17 68013186
112 113 68010540
112 113 68002500
92 66 67958123
19 9 67947451
30 68 67944500
78 85 67938353
26 68 67926475
100 24 67924614
100 59 67919309
112 113 67917780
113 112 67829580
82 2 67785062
19 9 67783248
137 100 67775510
100 59 67761073
90 74 67697915
90 109 67697915
111 78 67697228
139 100 67696243
26 81 67671550
3 44 67665675
102 117 67617883
132 81 67442640
15 8 67412953
82 2 67412244
104 113 67330380
4 71 67322913
26 81 67268187
43 38 67252674
82 55 67237518
139 62 67149544
139 45 67149544
112 113 67139160
85 55 67091837
81 71 67091460
81 113 67091460
82 2 67089527
81 70 67073510
81 113 67073510
13 8 67071016
112 113 67061940
113 112 67060860
19 9 67015200
112 113 66875940
112 113 66858180
11 8 66805788
82 2 66804309
13 11 66802195
19 9 66761940
2 50 66751256
139 59 66744339
139 137 66744339
139 60 66744339
139 59 66741846
139 60 66741846
66 92 66738209
112 9 66729060
112 85 66726960
112 17 66726960
21 1 66726595
88 81 66685740
131 37 66653001
43 121 66642120
139 112 66640620
112 139 66639660
15 8 66638361
15 17 66638361
43 112 66634951
18 17 66634258
131 4 66565838
112 113 66554940
112 22 66554880
139 27 66544465
139 45 66544465
100 59 66496837
112 113 66470400
112 113 66469860
11 8 66457401
139 60 66207821
112 113 66181320
143 131 66015660
49 96 65968349
26 30 65966389
13 17 65965018
61 81 65943060
143 78 65939280
35 111 65938297
72 90 65936411
71 145 65880060
131 78 65858400
113 112 65763600
116 73 65616821
17 20 65599154
61 81 65595720
143 131 65569980
19 9 65556540
132 52 65533774
82 2 65518560
82 58 65518560
1 126 65517064
116 35 65510445
0 82 65507760
58 3 65486940
2 82 65448900
26 103 65428178
71 145 65419620
131 143 65415120
4 131 65409660
145 2 65409120
112 113 65403000
29 81 65364605
6 11 65364052
13 11 65362595
40 111 65356010
21 1 65346754
3 55 65339700
44 129 65338380
145 3 65331960
136 122 65329613
145 0 65328240
82 2 65327100
131 144 65325360
0 82 65317260
145 2 65316240
2 3 65315220
15 19 65279700
91 79 65279005
44 18 65266537
136 62 65262182
69 45 65250755
69 32 65250755
116 73 65246882
116 107 65246882
131 144 65242320
85 37 65236320
71 4 65165160
19 9 65037780
91 95 65024184
91 79 65024184
91 83 65024184
92 87 65013284
131 37 64998960
34 125 64998859
78 37 64989180
85 37 64988400
131 0 64981260
3 0 64979940
3 82 64978620
4 71 64976820
37 85 64923540
112 113 64918440
104 112 64917600
112 113 64914480
2 82 64909320
61 81 64902900
145 2 64898280
116 85 64898221
112 113 64896360
112 113 64890240
112 113 64888140
82 3 64885020
82 58 64885020
26 27 64854910
119 131 64852080
85 37 64847160
50 95 64846908
37 131 64839360
37 85 64832760
0 58 64826400
1 138 64823160
0 55 64820160
0 82 64820160
0 2 64820160
0 58 64820160
116 107 64816071
85 37 64811160
26 28 64770341
85 37 64767300
37 85 64765620
111 129 64758055
112 113 64756620
113 112 64744680
2 3 64740720
61 81 64733040
125 54 64732363
125 36 64732363
82 2 64729620
85 37 64729200
116 132 64728947
116 111 64728947
116 81 64728947
145 71 64728840
0 55 64727640
0 3 64727640
136 25 64724718
145 71 64723320
26 28 64721886
0 82 64719960
0 58 64719960
58 82 64713720
15 19 64424160
91 95 64414626
91 111 64414626
29 27 64407329
29 83 64407329
29 85 64407329
29 36 64407329
145 2 64366440
95 50 64321800
85 37 64297140
111 95 64291908
145 2 64278960
18 17 64252980
66 87 64239804
1 53 64227241
111 95 64217700
41 52 64212063
58 3 64208040
68 137 64166580
74 117 64159025
91 95 64157509
18 33 64144440
18 13 64144440
116 68 64139216
116 98 64139216
116 54 64139216
116 7 64139216
116 21 64139216
116 34 64139216
116 101 64139216
116 125 64139216
116 57 64139216
116 60 64139216
116 24 64139216
116 138 64139216
52 41 64135724
52 7 64135724
91 40 64133255
4 71 64132500
0 82 64130760
68 32 64130580
97 75 64123526
81 29 64122360
0 2 64113840
37 78 64112160
37 85 64112160
85 37 64104360
71 58 64084800
37 85 64067759
37 85 64064160
145 2 64053240
145 2 64053180
116 85 64052557
112 113 64036440
37 85 64028160
131 37 64026840
112 17 64024800
138 38 63793481
112 24 63791854
21 1 63788835
58 82 63782940
3 58 63779820
125 36 63777581
37 85 63721080
113 98 63720463
113 106 63707160
113 18 63707160
22 71 63701700
22 105 63701700
113 81 63689214
113 18 63689214
37 120 63688680
3 0 63688440
58 2 63687480
58 0 63687480
61 81 63672720
37 85 63655920
145 71 63643260
13 11 63639714
13 8 63638827
116 81 63631935
2 0 63628020
2 58 63628020
2 145 63628020
3 2 63622620
3 0 63622620
58 82 63616020
53 97 63609259
145 71 63606720
112 113 63600240
68 45 63596460
2 0 63592020
2 145 63592020
0 3 63591240
0 145 63591240
18 33 63547500
18 9 63547500
17 13 63539735
17 8 63539735
17 11 63539735
78 37 63536100
2 0 63526680
37 85 63522300
145 71 63511740
112 113 63508740
112 17 63508500
37 78 63508020
112 113 63457140
112 113 63453660
131 119 63441240
112 113 63438240
57 25 63432540
4 71 63428580
145 71 63428220
37 78 63420480
37 85 63420480
113 112 63285360
145 2 63252060
79 83 63199920
112 106 63198300
121 50 63193492
112 113 63190380
131 120 63183000
0 58 63174900
58 0 63174180
57 41 63163500
58 95 63160800
58 111 63160800
120 37 63159960
132 52 63115636
1 138 63114600
18 33 63113040
111 95 63103860
11 6 63103074
146 48 63099420
58 82 63093720
112 113 63080160
0 55 63079800
0 58 63079800
131 143 63013500
131 78 63013500
112 113 63011160
37 85 62991840
111 78 62981700
111 78 62951760
38 49 62949420
49 38 62949180
112 113 62933040
111 78 62925660
112 113 62922600
111 78 62915160
55 2 62912520
4 71 62907180
58 0 62905500
37 85 62905200
85 37 62898960
57 56 62875260
115 41 62856973
1 38 62831220
13 11 62827334
116 28 62824776
116 84 62824776
112 113 62812500
57 41 62601720
112 113 62598000
112 113 62581440
112 113 62579340
11 6 62573010
57 139 62572740
25 78 62498640
78 143 62465160
9 81 62446620
113 73 62430720
1 21 62429520
57 56 62426160
116 27 62424560
116 25 62424560
116 38 62424560
116 27 62422995
116 52 62422995
55 143 62400420
136 139 62347740
25 136 62340120
92 74 62334720
92 130 62334720
104 112 62329080
104 113 62329080
121 42 62328680
112 113 62324580
112 104 62324340
116 77 62324162
85 37 62318760
47 110 62313180
4 90 62304300
145 2 62303100
4 90 62301960
0 3 62291700
0 58 62291700
74 92 62284620
136 109 62267340
106 141 62260320
22 11 62255500
105 94 62251457
81 27 62248602
81 111 62248602
81 35 62248602
111 83 62244240
1 49 62243640
72 74 62238660
3 58 62236080
143 144 62225940
104 141 62224320
72 102 62188260
74 130 62017560
57 41 61989720
104 113 61983900
20 23 61982621
112 113 61980600
113 73 61976280
131 144 61970160
0 3 61968600
0 58 61968600
0 145 61968600
1 126 61968060
11 6 61966432
122 78 61962480
138 79 61954800
9 18 61951860
112 113 61950060
25 109 61907760
25 24 61907760
58 82 61891080
18 9 61889160
4 90 61887120
112 139 61887060
90 4 61882500
116 73 61879493
145 3 61879260
112 113 61872000
131 144 61869900
113 112 61866480
2 145 61861080
40 79 61834740
40 83 61834740
116 111 61824118
139 17 61813974
139 17 61811610
58 29 61800300
40 111 61798740
0 55 61785840
0 3 61785840
0 145 61771680
40 79 61731780
57 139 61726800
57 122 61726800
88 29 61721797
37 85 61721640
37 85 61718640
58 82 61718400
122 56 61711440
143 144 61709820
112 139 61707540
37 55 61692360
57 56 61690800
57 122 61690800
145 2 61687020
145 3 61687020
38 126 61655040
38 138 61655040
38 21 61650660
38 39 61650660
121 136 61648820
58 82 61633740
0 58 61629540
58 82 61626660
58 2 61626660
88 81 61624860
38 138 61619040
38 48 61619040
38 138 61614660
145 0 61614240
18 20 61599060
116 73 61573623
78 2 61403640
143 78 61396560
57 41 61385520
11 17 61372904
3 2 61371660
3 0 61371660
20 141 61370700
2 55 61369560
78 2 61367640
88 81 61357620
0 2 61354500
145 2 61341420
145 2 61281480
0 145 61279920
37 85 61271940
0 2 61264620
1 21 61253820
8 17 61215812
8 15 61215484
8 6 61215484
8 139 61215484
78 143 61209060
78 131 61209060
91 49 61197000
85 37 61195560
23 17 61193334
112 113 61189920
0 55 61176540
145 2 61175400
87 24 61167300
3 2 61167000
3 0 61167000
81 53 61129140
116 35 61121159
2 58 61106760
116 62 61105436
122 57 61100580
143 144 61100580
0 55 61088100
0 145 61088100
55 131 61066500
40 95 61039440
37 85 61036680
37 85 61030680
55 143 61030500
58 82 61024440
2 145 61019160
145 58 61018560
2 145 61018080
145 2 61015800
145 3 61015800
37 85 61013520
145 2 61010040
145 3 61010040
112 11 61004760
112 139 61004760
2 3 61001820
2 145 61001640
37 85 60999900
57 139 60999120
3 55 60997740
3 58 60997740
120 37 60997440
139 19 60759180
11 6 60756496
0 2 60753540
0 145 60753540
37 85 60748260
92 114 60706320
139 22 60671109
139 6 60671109
88 29 60597900
112 113 60596160
3 2 60587040
3 0 60587040
58 82 60582900
145 2 60582660
145 0 60582660
116 73 60577931
111 78 60570960
88 81 60569400
4 90 60506880
4 90 60505740
17 11 60499728
113 112 60499200
131 144 60495540
57 56 60493020
3 2 60488460
3 0 60488460
37 85 60482100
112 113 60427980
91 40 60426780
91 83 60426780
37 85 60415200
112 113 60414480
58 2 60414000
58 145 60414000
71 145 60400620
58 0 60393720
58 111 60393480
81 53 60377400
6 8 60367144
111 78 60353280
112 113 60149100
112 113 60142800
143 144 60131580
25 42 60130080
2 0 60077280
3 0 60066000
112 113 60053640
2 78 60048360
2 0 60046200
143 78 60030240
87 66 60025860
87 66 60022140
0 2 59991120
112 113 59990040
2 0 59989020
37 120 59981760
112 113 59981100
113 112 59974800
111 83 59958240
57 25 59952780
144 2 59903940
2 0 59902560
116 81 59899334
47 110 59896020
0 2 59890320
57 25 59869980
38 126 59812200
38 146 59812140
55 143 59811840
131 78 59794860
143 78 59794080
61 81 59793420
71 4 59792340
131 78 59589720
131 78 59569980
78 143 59568660
116 81 59566491
6 15 59566354
9 13 59553840
9 113 59553840
9 17 59553840
9 139 59553840
11 17 59553837
40 83 59545740
0 2 59530500
95 40 59529780
131 78 59527620
0 2 59522280
78 143 59477520
131 78 59465640
58 82 59460300
58 145 59453940
131 144 59447040
57 41 59445780
82 58 59438760
112 139 59395980
37 85 59380260
57 147 59378220
58 3 59377560
116 73 59372475
116 141 59372475
0 3 59366100
58 2 59357400
58 145 59357400
55 143 59351640
55 131 59351640
2 3 59349600
139 136 59329500
29 81 59322660
55 143 59306580
139 6 59302576
58 2 59290140
58 0 59290140
58 2 59278980
119 37 59276460
55 143 59266020
120 37 59265180
58 95 59264340
58 111 59264340
22 17 59264340
22 139 59264340
143 78 59261160
55 131 59203440
37 131 59203200
111 95 59200200
37 120 59196660
22 139 59195520
131 55 59187780
117 92 59180160
112 9 58958040
112 17 58958040
131 144 58954380
58 82 58954020
92 24 58951260
92 87 58951260
58 0 58951200
11 6 58948337
11 8 58948337
95 79 58937280
112 113 58933860
22 9 58931460
112 113 58930800
149 84 58928220
149 114 58928220
149 92 58928220
25 142 58885740
58 111 58859460
117 92 58851780
92 117 58851720
145 58 58851420
145 2 58850760
144 131 58843440
145 2 58838040
112 113 58784580
112 113 58784400
95 91 58774560
2 58 58771860
131 55 58770060
71 58 58761060
111 95 58758480
57 56 58753200
105 141 58713388
112 113 58703520
57 25 58697580
112 139 58690500
142 25 58683000
47 110 58682940
145 0 58669020
145 0 58668720
112 149 58667820
57 142 58657980
57 121 58657980
57 136 58657980
57 139 58657980
53 81 58642440
25 122 58623060
107 73 58614840
58 81 58609800
112 113 58595100
3 0 58576560
131 144 58345500
58 0 58339740
116 81 58339405
112 113 58329720
58 2 58328580
112 149 58328400
112 113 58263960
112 149 58256220
112 9 58256220
145 0 58240680
145 0 58238280
112 113 58234920
37 120 58194780
25 147 58192140
25 51 58191960
25 57 58191960
25 122 58191960
25 51 58191540
25 122 58191240
58 82 58177200
112 113 58174260
143 78 58174080
112 113 58164960
37 120 58163820
117 86 58157700
1 138 58152540
143 144 58094700
131 144 58090380
112 113 58090020
131 55 58087740
92 149 58075620
2 78 58068300
78 143 58058880
58 0 58001280
71 145 58000260
143 78 57997740
3 2 57989340
3 58 57989340
58 3 57986400
25 142 57981540
25 139 57981540
112 113 57980820
66 149 57977580
149 24 57975180
149 42 57972180
149 25 57972180
149 113 57972180
1 47 57816240
1 21 57816240
112 113 57810960
88 81 57746820
22 33 57742320
0 58 57731640
3 55 57731340
38 146 57727200
20 23 57665627
2 78 57663780
2 3 57659280
22 139 57656940
37 120 57637860
112 113 57634260
111 83 57630000
25 57 57588180
112 113 57576900
4 90 57560280
58 3 57555480
145 3 57552120
58 82 57540420
145 0 57539340
131 143 57481860
117 84 57481800
117 66 57470520
58 82 57454920
37 120 57454680
95 83 57451680
25 51 57415080
112 24 57399960
112 113 57399780
117 24 57399120
131 143 57396660
58 71 57381180
58 0 57377640
3 2 57376980
3 0 57376980
3 145 57376980
113 112 57376500
113 112 57373080
131 143 57370260
2 145 57368580
37 131 57367980
112 24 57294180
58 82 57139740
21 1 57118260
3 2 57113340
58 0 57103800
58 145 57103800
149 112 57052680
149 107 57052680
149 24 57052680
145 71 57050040
145 58 57050040
58 144 57045960
58 0 57038880
41 57 57029040
117 66 57023760
85 78 57022500
2 0 57021600
2 55 57020580
2 0 57020460
55 2 57017040
112 113 56970960
61 111 56966700
117 109 56966640
117 84 56966640
58 82 56965860
131 143 56963820
2 145 56963700
2 0 56963520
112 113 56962200
131 55 56959380
112 113 56950620
112 113 56940660
37 120 56939040
38 47 56934720
38 21 56934720
111 83 56885160
58 2 56874900
112 113 56873340
37 120 56870640
57 121 56866980
120 37 56852820
58 0 56851140
95 91 56850480
145 58 56849100
120 37 56848380
25 136 56815680
112 113 56798580
131 143 56787540
47 110 56775420
0 2 56775360
116 111 56734500
111 83 56710980
112 113 56700540
139 17 56554978
139 11 56546916
143 78 56533800
0 2 56532960
0 145 56532960
112 113 56532420
38 47 56530260
57 25 56526240
57 122 56526240
37 126 56525040
112 113 56512260
112 24 56512260
2 58 56505000
41 132 56504760
41 57 56504760
58 82 56448780
0 55 56444880
117 92 56444820
112 113 56439000
37 120 56436900
117 92 56436840
112 24 56434980
112 113 56433540
1 21 56424600
2 0 56420220
120 37 56418300
112 113 56380800
112 24 56380800
8 139 56360760
143 144 56355540
117 92 56353920
57 64 56344920
0 58 56342400
131 144 56338440
131 55 56332500
0 3 56329260
116 73 56299626
139 22 56286300
139 17 56286300
112 24 56285640
112 113 56283120
112 113 56280060
104 113 56278500
131 143 56273460
149 25 56268840
112 113 56268300
2 0 56254680
117 109 56247720
139 6 56243100
139 11 56243100
112 24 55943460
112 24 55942920
112 113 55942620
2 55 55917720
37 120 55915380
37 85 55915380
85 120 55908000
120 37 55902960
117 114 55901580
112 113 55898520
120 37 55897980
91 95 55888920
91 83 55888920
112 104 55848420
112 113 55845840
55 2 55839600
111 29 55833180
149 148 55829520
149 25 55829520
149 24 55829520
79 81 55828140
79 146 55828140
149 42 55827360
58 3 55813860
22 17 55812480
91 49 55810620
112 24 55761720
2 0 55759560
131 143 55755540
22 9 55753860
0 55 55752780
47 110 55747860
21 1 55734840
37 120 55734480
112 139 55730640
25 136 55693500
2 0 55670400
58 0 55663860
57 56 55655040
58 82 55653360
47 110 55652160
57 41 55645980
2 58 55641360
2 0 55591440
112 24 55579200
92 117 55578060
117 92 55577280
111 61 55574220
145 0 55570500
58 0 55570260
0 2 55560120
0 2 55555260
0 3 55555260
148 78 55549800
148 102 55549800
148 114 55549800
148 87 55549800
38 126 55548780
22 139 55506660
112 139 55421640
131 143 55325400
22 139 55324980
9 12 55322940
2 0 55322820
2 58 55322820
2 145 55322820
91 111 55307340
112 24 55301160
41 56 55222380
57 41 55221960
112 113 55221540
149 42 55214040
149 113 55214040
149 107 55214040
112 113 55212480
131 143 55151760
117 87 55148880
2 0 55144920
58 144 55140000
41 57 55118160
112 113 55087560
139 11 55079640
88 81 55074240
2 3 55070160
2 0 55065180
112 113 55058700
112 24 55058700
1 49 54977100
113 112 54973500
25 139 54967320
2 3 54960360
131 144 54958380
112 113 54953700
58 145 54953460
112 113 54953280
2 0 54952500
113 149 54948000
99 91 54943380
116 111 54924882
149 113 54757380
149 24 54757380
79 91 54710160
131 143 54706260
2 145 54691560
2 0 54689820
22 139 54685320
116 73 54657066
2 145 54639780
112 24 54637920
22 139 54634260
139 17 54629340
58 3 54628380
58 145 54628380
1 21 54626460
22 120 54624000
58 82 54606840
149 148 54603360
149 25 54603360
22 9 54602400
0 55 54600600
22 9 54566580
112 24 54543360
117 66 54531900
117 109 54531900
91 111 54524340
116 129 54482005
22 20 54462840
22 139 54462840
22 23 54462840
117 102 54453000
112 24 54450960
143 131 54424560
25 142 54423780
25 139 54393840
2 55 54378240
37 58 54376920
112 113 54373620
92 87 54350520
11 17 54136080
58 82 54112860
58 82 54108000
92 117 54099420
112 24 54093240
58 82 54085380
2 3 54030300
112 113 54023400
112 113 54022380
2 3 54020880
136 142 54010080
136 49 54010080
136 99 54010080
112 24 54006720
22 139 53994060
91 40 53993280
6 11 53962500
58 0 53938200
58 3 53938200
2 145 53930160
112 113 53929920
112 113 53921100
112 24 53917920
58 2 53912340
11 17 53865000
2 0 53858580
2 3 53852340
112 139 53852160
2 0 53850480
112 113 53834940
112 24 53834940
112 24 53832060
58 82 53826840
25 57 53754060
88 81 53753820
81 88 53751000
143 78 53750160
143 85 53750160
2 58 53744880
112 113 53658900
112 24 53658180
22 20 53510880
22 20 53505720
58 82 53504580
58 81 53428380
58 0 53419920
79 111 53419620
9 112 53408940
41 57 53402100
57 41 53401980
2 55 53341020
132 143 53323440
149 107 53314860
112 149 53273640
57 25 53253720
57 56 53242800
142 136 53224680
22 6 53137320
72 102 52954140
112 24 52913580
131 143 52907580
117 102 52894920
131 143 52894680
131 143 52886880
55 143 52871160
2 145 52815180
139 17 52810260
1 126 52809600
25 42 52800000
131 143 52733280
55 131 52704300
111 83 52697700
143 78 52621620
1 21 52609920
112 113 52578180
2 145 52563120
143 78 52554840
9 113 52549920
47 110 52546320
122 57 52541640
122 25 52541640
139 11 52293600
92 130 52269240
117 66 52219080
117 84 52219080
117 66 52218540
117 114 52218540
117 87 52218540
139 17 52205820
117 109 52128900
142 64 52114080
40 42 52104420
40 125 52104420
40 146 52104420
73 111 52096380
111 73 52094820
2 0 52044120
2 58 52044120
112 113 52041660
58 2 52041120
58 82 52039920
113 112 52018320
58 81 52012320
22 19 51965880
25 51 51624900
25 136 51624900
2 0 51612840
2 0 51612240
2 58 51612240
2 0 51581340
21 1 51513360
58 82 51505320
58 82 51505140
22 17 51500580
2 58 51493260
25 122 51489780
113 112 51452220
21 1 51415320
112 113 51414840
112 9 51414840
112 139 51414840
112 148 51414240
112 149 51414240
92 87 51073140
1 21 51072120
2 0 51065340
117 109 51006420
117 24 51006420
117 87 51006420
92 117 51002280
112 113 50988660
112 149 50917560
112 24 50917560
112 149 50909520
6 11 50906280
2 0 50905620
112 113 50896560
22 33 50892240
2 3 50886540
1 138 50882220
112 148 50839020
37 143 50835000
2 0 50832780
2 3 50832780
2 145 50832780
37 120 50826360
112 113 50813760
112 139 50813760
88 73 50810100
88 107 50810100
22 33 50803860
58 82 50802660
58 81 50739720
37 120 50737800
149 24 50736540
113 141 50550720
37 120 50487720
58 29 50475360
58 81 50475360
22 20 50400240
22 17 50400240
47 1 50393520
47 21 50393520
47 146 50393520
112 113 50393100
148 87 50389860
143 131 50384520
112 113 50378640
148 66 50378520
148 72 50378520
148 74 50378520
148 112 50378520
148 117 50378520
148 78 50378520
148 84 50378520
117 72 50369460
25 56 50330220
104 105 50315820
104 105 50315700
92 66 50308920
92 114 50308920
62 42 50303400
112 113 50299440
112 113 50296860
2 3 50294160
104 61 50291820
104 81 50291820
148 74 50283600
2 3 50280960
81 94 50280900
112 113 50233140
113 112 50232060
112 149 50227800
112 24 50227800
58 2 50221500
2 58 50218140
104 107 50217600
104 73 50217540
104 81 50217480
112 9 50217180
20 23 50213820
143 55 50213280
81 88 50212320
112 149 50212200
112 148 50206380
8 9 50206020
112 139 50204640
112 113 50203800
122 125 50201400
56 25 50200440
9 33 50199060
9 18 50199060
9 17 50199060
149 87 50196480
0 2 50196240
2 0 50195100
22 17 50194560
20 18 50191500
58 82 50145360
58 2 50140680
1 126 50135640
20 23 50135100
112 149 50129640
139 91 50126640
92 87 50125740
22 17 50120880
2 0 50119140
68 137 50119020
149 112 50115540
0 2 50109240
0 145 50109240
37 120 49880220
1 38 49876500
139 9 49874700
139 6 49870860
92 117 49858320
9 139 49856880
11 6 49848780
111 73 49787100
111 81 49787100
139 91 49782480
112 24 49776360
112 149 49772460
19 8 49714500
2 0 49698960
41 143 49694940
139 8 49686000
2 3 49681380
149 112 49680900
2 0 49680900
139 8 49679580
9 22 49620180
58 2 49618560
22 139 49618080
58 0 49616640
29 81 49602540
58 2 49590540
91 49 49586580
9 18 49554420
112 113 49541400
92 87 49534620
1 21 49529160
1 21 49527660
148 112 49527480
148 149 49527480
41 57 49525140
23 20 49525080
8 11 49522860
6 8 49522140
112 113 49521300
91 49 49518780
8 22 49517700
17 8 49502400
22 8 49501800
112 24 49285260
104 107 49267740
9 139 49250940
4 94 49248840
22 139 49244580
120 37 49243860
113 112 49181100
58 82 49174140
112 149 49170120
139 17 49165020
25 136 49121640
37 120 49109280
22 139 49101180
2 3 49097520
58 0 49075380
25 136 49038420
81 73 49019700
2 3 49017480
58 2 49015980
117 92 49014300
149 78 49004700
149 109 49004700
2 3 49003260
9 33 49001940
9 20 49001940
112 113 49001520
61 73 48999420
61 81 48999420
81 73 48998760
149 112 48993420
149 87 48993420
41 57 48987360
2 3 48985200
2 58 48985200
38 1 48939240
82 58 48930180
58 2 48925080
149 112 48912840
149 24 48912840
58 29 48909540
2 0 48898740
2 3 48898140
74 140 48797700
2 58 48495360
139 22 48480420
149 112 48480240
20 23 48478740
112 113 48471960
22 6 48403740
22 20 48403740
149 112 48401280
149 113 48401280
55 143 48397440
68 45 48388860
68 137 48387780
126 21 48379560
112 24 48331800
88 85 48325080
38 25 48307320
22 18 48305700
22 17 48305700
82 2 48301980
68 76 48291720
9 22 48253680
22 9 48246720
1 21 48222720
112 113 48056940
56 147 48049140
148 66 48047340
148 78 48047340
148 24 48047340
41 57 48034980
58 82 47976480
58 144 47976480
0 145 47962380
0 58 47961360
148 112 47959500
2 0 47947680
2 3 47947680
58 3 47889480
11 8 47885700
139 17 47884800
58 82 47879700
2 0 47875860
0 2 47874780
41 132 47871300
112 149 47866920
81 29 47862300
139 95 47832060
94 29 47830440
94 58 47830440
117 66 47807700
117 109 47807700
117 87 47807700
58 82 47805180
58 0 47801040
61 94 47793300
0 2 47789940
57 122 47788560
112 148 47783640
2 0 47777940
92 87 47721480
81 29 47720520
92 87 47718120
81 61 47715120
18 73 47711040
58 144 47707980
37 120 47698500
112 149 47696460
58 82 47692680
149 112 47457180
149 24 47457180
148 112 47457120
82 58 47450880
112 149 47446560
0 3 47440260
18 23 47438460
9 112 47429340
111 91 47370420
112 139 47369460
112 113 47369280
143 34 47367300
139 112 47365380
9 22 47361840
11 6 47361360
143 55 47349000
0 2 47344260
6 11 47343420
22 17 47342220
112 113 47288400
143 34 47284920
148 149 47282040
112 148 47272980
139 11 47201400
139 17 47201400
58 82 47192160
8 11 47191320
112 149 47190720
112 113 47190720
112 149 47188320
112 113 47188320
143 85 47172060
112 149 47122800
41 57 47112900
85 143 47111640
139 136 47104320
2 3 47102160
143 85 47101680
149 112 47099340
25 136 47044440
111 91 47027760
112 149 46943520
2 3 46857360
2 58 46857360
143 37 46845720
0 2 46837140
149 112 46829700
22 20 46825440
2 0 46775160
149 113 46773300
2 145 46770840
2 145 46770660
58 144 46768440
139 9 46747800
143 131 46744440
0 2 46743840
0 58 46743840
95 139 46736760
0 3 46677480
0 58 46677480
13 8 46671840
112 113 46669800
71 113 46664820
112 113 46662480
131 144 46661700
41 57 46660320
111 29 46659000
95 91 46618260
82 58 46591920
148 72 46585200
148 78 46585200
148 102 46585200
2 0 46580160
145 71 46578660
131 143 46576980
37 120 46572240
38 47 46571700
38 138 46571700
8 17 46570680
22 9 46570140
131 144 46570140
22 139 46570140
41 57 46564440
33 20 46564320
145 71 46501920
41 57 46487520
37 120 46486380
2 3 46485600
0 58 46484820
0 145 46484820
112 113 46346160
0 3 46252680
58 144 46252380
58 2 46247460
37 120 46240740
0 55 46239960
0 2 46239960
139 136 46237860
113 112 46232100
131 144 46229580
58 144 46229340
23 20 46228440
9 149 46228320
149 113 46227660
58 144 46222440
61 141 46221720
61 107 46221720
149 113 46156020
149 112 46151700
37 120 46145160
120 37 46141440
6 15 46141260
143 144 46138740
58 29 46138440
58 81 46138440
112 149 46134120
8 22 46069380
8 6 46069380
38 48 46063920
112 149 46061580
2 0 46059300
13 8 46051740
58 144 45992040
112 148 45991800
112 148 45987960
58 2 45983880
58 0 45983880
58 145 45983880
148 112 45979500
58 81 45974940
57 56 45972300
1 21 45970020
57 139 45968760
119 37 45966360
119 120 45966360
38 40 45895800
1 48 45894180
81 88 45884280
57 56 45882660
149 24 45641460
112 113 45641220
2 0 45628080
41 57 45559440
149 64 45556380
112 149 45556260
41 57 45537720
88 141 45491700
37 120 45480060
22 33 45462960
112 148 45459000
58 82 45456600
58 81 45443760
81 58 45390660
25 51 45390600
58 0 45381600
58 82 45381240
58 82 45372420
38 48 45370020
131 144 45369780
95 139 45368400
112 149 45311220
58 0 45288660
91 95 45214020
149 112 45036720
55 0 45019380
22 6 45019320
22 17 45019320
22 139 45019320
11 139 45008340
41 57 44953980
1 21 44950800
112 149 44948400
112 113 44941680
0 2 44938800
0 3 44938800
0 58 44938800
58 0 44930640
38 25 44914920
143 58 44869440
91 139 44845980
0 58 44845440
95 91 44838300
58 82 44787300
1 21 44773860
4 71 44772720
41 57 44768580
149 71 44759280
57 41 44757300
41 57 44754840
58 82 44749140
112 113 44685720
58 27 44671500
58 77 44671500
58 82 44666760
58 144 44666760
58 82 44666400
1 138 44589060
112 113 44439600
41 57 44419140
112 113 44344920
139 8 44340540
112 113 44289900
58 82 44264100
111 35 44261460
2 0 44257860
2 3 44257860
2 58 44257860
2 145 44257860
112 113 44237880
25 142 44196420
25 147 44196420
25 122 44196420
58 0 44172480
58 3 44172480
58 144 44168880
111 95 44165820
1 21 44152980
2 58 44147880
120 37 44147280
120 37 44147100
105 141 44105040
146 38 44093520
41 57 44067960
0 2 44064420
149 63 44061000
1 21 43827660
149 112 43824720
131 143 43821540
149 24 43813080
22 139 43808040
58 0 43802640
38 111 43797540
58 2 43743120
41 57 43728360
131 143 43720080
2 3 43718880
2 58 43718880
2 145 43718880
111 132 43717020
58 0 43716720
58 2 43666560
58 2 43665720
57 41 43645680
57 51 43645680
58 2 43577580
112 113 43562340
0 2 43553520
1 138 43542480
139 112 43486020
17 6 43482300
17 11 43482300
139 136 43469340
139 136 43223340
58 2 43215000
1 138 43203600
126 1 43148760
126 48 43148760
1 38 43128000
2 58 43124700
22 8 43117200
126 1 43109520
58 2 43047360
38 131 43037940
2 0 43027500
2 58 43027500
131 120 42968760
58 2 42961260
139 6 42948960
120 119 42945720
4 2 42939900
58 2 42882420
58 2 42880200
41 57 42872460
6 19 42867060
2 58 42860760
2 58 42619500
8 17 42601440
2 3 42594960
148 112 42594300
139 17 42536820
112 149 42469740
2 3 42456060
112 113 42429360
112 149 42384180
58 82 42366480
57 122 42364560
139 112 42357900
58 84 42339240
139 37 42332280
57 25 42330420
63 149 42281400
120 37 42275280
131 143 42271740
0 2 42256440
0 58 42256440
104 113 42238560
25 136 42203400
25 122 42202620
25 146 42195540
25 42 42195180
149 90 42021720
22 6 42003780
112 149 42003360
112 113 42003360
112 113 41998560
58 82 41995500
149 63 41995260
112 113 41929200
58 111 41919960
131 143 41910060
57 41 41909160
58 144 41907720
41 57 41907180
22 6 41899680
112 63 41850540
1 21 41837760
0 3 41837040
112 149 41835120
58 0 41825880
149 113 41815860
2 0 41814060
112 22 41763780
58 144 41757840
112 149 41757780
112 113 41753160
41 57 41751000
9 6 41745660
9 11 41745660
9 17 41745660
22 6 41745000
22 9 41745000
2 0 41731680
41 57 41729220
41 57 41726880
37 120 41416320
112 113 41404500
41 146 41388120
58 144 41383560
112 149 41341200
112 113 41327280
125 147 41315460
22 6 41304360
22 17 41304360
1 21 41234160
38 79 41217480
9 19 41215260
9 12 41215260
149 24 41183040
139 6 41155200
58 82 41150880
1 34 41145780
22 6 41140260
112 113 41130060
145 2 41121780
0 2 41065920
1 138 41060640
57 41 41043960
58 144 40720980
11 6 40702680
41 57 40687320
58 82 40639740
2 4 40636320
131 144 40627500
38 47 40617900
38 138 40617900
38 48 40617600
38 47 40617300
58 144 40605180
68 76 40546620
58 0 40536900
2 58 40535400
2 0 40521540
149 64 40490400
149 148 40490400
57 41 40454340
8 11 40451700
8 17 40451700
41 57 40437300
131 144 40198980
15 11 40197000
131 37 40175760
58 144 40118940
58 0 40109160
58 3 40109160
58 145 40109160
139 17 40096800
58 144 40089180
22 12 40029240
58 2 40017180
25 42 40012620
58 144 39945420
58 2 39945360
58 0 39945360
58 0 39943740
58 3 39943740
58 3 39942240
58 145 39942240
2 0 39934680
2 3 39934680
38 146 39934500
58 82 39931860
58 82 39931680
32 18 39918600
0 58 39912840
38 111 39859560
57 41 39827280
41 57 39826380
22 8 39754020
139 9 39588300
61 29 39568620
61 81 39568620
139 11 39515100
1 21 39495420
131 144 39492840
58 3 39417780
58 81 39405600
145 58 39403980
58 145 39327360
2 3 39314040
13 6 39310320
13 8 39310320
41 57 39237900
58 2 39230700
71 58 39226800
2 58 39222600
37 94 38996340
58 3 38994420
145 58 38975460
145 58 38975100
58 3 38965740
22 6 38910360
58 71 38905560
58 82 38905560
22 17 38901420
17 139 38893740
139 6 38886840
38 48 38884200
58 144 38879100
41 57 38876700
62 35 38873340
58 3 38811900
58 82 38792400
58 144 38719380
143 58 38714460
142 122 38710380
58 71 38649660
60 28 38645700
57 41 38645640
58 144 38643900
143 144 38643600
8 11 38643120
142 122 38640600
58 144 38640060
2 3 38627160
9 22 38573460
9 13 38573460
9 113 38573460
9 20 38573460
9 18 38573460
9 139 38573460
131 143 38391300
58 145 38389800
58 2 38388780
133 34 38384160
1 21 38364780
22 139 38357460
8 6 38289180
8 13 38289180
81 58 38278620
22 139 38273340
58 71 38218020
58 144 38218020
1 138 38200680
2 58 38185680
58 29 38132340
57 56 38123400
58 82 38103960
58 144 38103960
58 71 38102940
58 144 38102940
1 138 38044500
58 144 38041980
2 145 38018580
58 2 37760580
1 47 37754460
139 8 37746660
139 11 37746660
139 17 37746660
139 8 37704780
41 57 37677480
58 145 37598160
145 2 37597320
145 2 37596300
9 139 37593360
57 41 37588320
58 82 37580700
142 25 37521300
57 64 37502040
111 139 37184400
142 122 37173840
22 9 37149600
1 138 37145220
82 58 37094460
144 58 37090920
58 81 37013160
58 81 37006320
57 41 37005240
139 6 37000320
91 95 36989520
139 6 36988620
91 95 36987780
58 82 36983940
58 144 36983940
112 9 36926520
58 71 36922560
145 3 36914820
41 57 36900300
41 57 36899040
58 82 36890820
22 6 36825120
145 58 36812700
145 58 36811500
2 145 36804900
58 82 36568020
145 3 36555660
73 29 36545460
145 3 36545220
41 57 36490920
131 48 36490020
145 3 36487440
58 81 36486660
81 58 36483900
57 56 36471660
58 71 36469680
139 20 36409560
145 58 36405060
111 95 36397080
99 95 36392520
58 82 36385800
111 29 36365760
111 29 35957460
145 2 35948580
145 58 35944920
58 145 35939040
58 144 35937420
1 21 35898180
145 3 35886660
62 85 35875620
145 2 35866080
145 2 35865960
145 3 35865960
58 2 35864280
58 71 35863500
58 144 35863500
145 58 35862180
58 82 35794680
22 9 35792040
58 3 35791980
58 2 35791200
41 57 35765760
131 144 35709240
145 58 35708820
137 76 35685600
1 138 35682720
2 3 35616060
1 21 35592300
1 138 35356080
25 24 35353320
142 122 35350260
58 144 35344860
145 3 35281140
2 3 35276520
58 82 35193360
58 143 35180460
104 73 35103360
58 71 35103180
58 3 35075100
58 144 35019780
145 3 35000520
2 145 34997880
145 3 34993860
2 145 34989720
145 2 34761120
145 2 34753500
131 144 34750980
145 3 34740720
57 56 34738800
57 25 34738800
145 144 34732680
111 61 34727460
58 2 34648920
58 145 34646520
58 71 34593000
22 139 34564020
58 144 34561440
58 145 34558200
142 122 34555620
145 2 34507440
145 3 34507440
145 2 34502940
41 57 34488840
58 81 34153380
58 82 34152840
37 120 34151340
145 2 34148820
145 3 34129620
41 57 34056300
145 3 34041240
58 144 33988080
145 58 33983280
37 120 33980880
145 2 33969480
2 3 33966840
37 120 33964800
58 3 33888060
131 144 33883020
58 2 33872160
145 2 33867180
2 145 33864420
88 81 33811320
2 3 33806820
145 2 33804360
131 34 33550020
145 71 33546720
58 81 33542760
2 58 33526740
58 2 33456780
58 3 33456780
145 2 33443640
58 3 33437580
22 139 33382260
146 81 33290040
58 3 33266220
22 17 32936760
22 139 32936760
22 12 32936760
22 6 32934240
58 144 32861880
1 21 32842620
9 19 32789760
9 149 32789760
145 2 32743260
58 144 32687460
145 2 32678580
145 3 32676000
145 2 32675340
145 3 32675340
145 3 32659140
2 58 32655240
145 3 32602500
111 141 32597760
111 116 32597760
111 107 32597760
145 3 32591580
58 145 32333100
145 58 32315820
58 145 32246940
145 58 32237640
145 3 32228820
131 144 32226900
145 2 32159040
145 58 32158920
81 29 32106420
2 58 32084100
58 144 32083740
62 51 32083620
139 6 32080680
139 17 32080680
58 144 32069040
2 3 32054940
58 71 31997880
58 144 31997880
58 145 31997820
145 3 31978800
145 2 31973760
145 3 31740060
139 9 31736640
58 144 31725720
58 2 31708020
145 3 31655280
58 82 31647480
58 145 31642740
145 2 31631100
145 58 31624680
58 71 31556580
2 145 31548720
58 82 31535460
9 113 31473900
58 145 31463280
145 58 31455540
58 2 31448040
145 3 31398900
88 81 31369200
2 78 31127100
145 3 31108860
58 145 31098960
58 71 31049280
2 3 31021440
58 145 31020060
58 3 31018740
145 58 31015260
145 3 31015200
58 145 31014960
58 145 30946980
131 82 30946740
58 3 30933660
58 71 30928680
58 144 30928680
145 3 30877560
58 145 30864420
58 145 30862500
145 3 30852660
2 3 30850380
139 22 30846780
145 58 30792180
145 82 30519120
145 2 30518880
81 145 30505920
34 131 30428220
131 143 30415800
131 34 30415800
37 139 30414660
2 145 30410640
58 2 30357180
58 145 30357180
145 2 30340140
145 3 30340140
145 58 30340140
145 2 30336060
145 58 30331020
2 3 30273540
58 145 30268020
145 3 30254700
22 6 30239940
58 82 30172500
144 58 30172500
1 21 30146040
145 2 29898480
58 82 29892720
145 58 29842440
145 2 29842380
22 9 29832600
61 141 29812800
3 2 29810760
82 58 29745840
60 77 29743200
82 3 29722560
82 58 29722560
1 34 29720340
145 2 29644380
145 3 29643900
2 82 29634240
82 2 29631960
2 3 29565420
145 58 29548020
2 145 29318520
145 2 29311140
145 2 29310600
145 3 29289600
139 15 29232120
145 58 29224680
3 2 29223960
3 145 29207280
145 2 29201160
37 132 29044140
22 6 29038440
145 2 29036940
145 58 29036940
145 2 29032560
139 22 28972020
145 2 28964220
145 144 28954920
58 145 28951800
41 57 28949220
112 17 28784640
22 9 28774500
145 2 28522260
131 3 28455180
3 2 28454880
58 145 28448940
145 82 28436580
1 138 28430940
2 145 28423980
61 141 28377540
58 144 28371180
145 82 28344300
145 3 28344300
58 82 28343760
58 3 28343760
41 57 28333320
139 57 28007100
1 138 28004340
139 57 28001460
1 138 27994740
1 38 27994740
58 71 27987000
2 82 27935640
139 8 27935460
1 21 27898620
2 3 27816960
58 71 27813960
2 145 27764280
139 136 27756540
22 6 27742380
1 34 27740100
1 21 27740040
22 9 27505020
22 139 27414060
41 57 27408900
58 3 27404700
58 145 27404700
37 139 27397200
58 3 27388260
58 144 27386820
2 3 27386520
2 145 27232380
139 6 27231600
139 8 27231600
2 82 27225360
58 77 27223260
2 145 27217200
41 57 27135240
2 145 27127860
2 82 27127260
2 3 27127260
2 58 27127260
2 145 27127260
58 71 26901120
1 138 26868660
1 38 26782440
58 71 26639100
58 144 26553900
58 145 26544060
41 57 26538300
2 82 26532600
22 139 26528640
1 38 26526120
22 139 26519040
2 82 26263080
2 3 26263080
58 145 26199960
1 34 26110980
139 9 26037480
58 144 25949820
2 3 25922460
58 27 25675320
58 77 25660560
139 17 25512960
9 12 25494840
1 38 25485900
22 6 25403640
22 8 25403640
1 138 25399020
81 61 25346580
21 1 25343940
22 6 25083840
22 6 25082520
22 17 25082520
22 139 25082520
58 82 25053300
58 2 25053300
9 20 24907860
9 12 24907860
58 144 24884280
139 17 24881100
37 139 24880920
37 139 24807540
2 3 24800340
81 61 24796680
1 21 24796080
58 71 24396060
2 145 24200340
58 144 24132780
2 82 24127440
2 3 24121440
58 144 23869740
58 82 23867340
58 144 23843880
22 17 23767320
22 139 23677020
145 81 23533500
22 139 23510160
2 82 23504460
58 2 23244420
58 71 23098620
58 144 23098620
2 3 23093040
41 57 23090880
2 82 23081160
58 71 23010120
139 8 22998600
149 113 22983180
2 3 22980420
2 82 22905180
2 145 22896180
2 82 22662780
58 77 22643940
58 84 22643940
22 6 22635720
58 144 22579020
139 112 22575000
2 58 22565460
141 63 22561800
58 82 22558080
58 2 22558080
58 145 22558080
58 144 22490580
58 71 22376520
2 82 22376340
2 145 22376160
22 139 22375620
58 144 22289340
1 21 22289100
2 82 22038600
58 144 21974280
58 71 21883200
58 2 21786600
1 21 21691020
58 84 21690780
2 145 21453300
58 82 21350040
58 82 21349260
58 3 21349260
2 3 21343440
1 21 21288240
22 9 21284220
58 71 21274320
1 21 21268440
1 38 21268440
22 139 21187560
2 82 21088020
2 82 21082320
58 144 20850420
58 71 20761920
71 73 20742660
139 17 20664420
139 17 20664000
82 145 20656680
22 9 20646180
22 139 20574120
88 41 20153700
1 138 20135820
1 21 20134560
58 3 19961280
58 145 19961280
1 138 19957080
1 21 19895520
1 38 19893420
1 138 19889340
1 21 19888020
1 21 19878960
1 138 19878960
1 21 19878780
1 21 19878660
1 138 19878660
1 21 19878600
1 21 19570140
22 139 19462080
22 139 19461420
2 82 19453920
22 13 19376280
37 143 19371780
2 82 19353540
2 82 19278900
2 3 19264920
88 136 19034880
22 9 18917940
2 71 18850740
58 71 18777900
71 27 18747060
58 144 18157620
58 144 18157320
2 82 17369220
2 145 17029140
2 82 16851840
58 2 16606020
2 145 16254300
2 82 15739680
2 82 15640320
58 82 15321540
2 3 15239520
2 145 15239520
58 2 14622660
2 82 14436420
58 2 14197200
3 2 13824900
145 71 13324920
2 3 13227240
37 22 12964440
58 71 12876180
58 81 12876180
3 2 12619620
2 82 12359760
2 58 12358740
2 145 12291960
58 145 11667960
37 22 11413740
58 82 11152560
2 82 11071920
58 71 10827540
2 145 10822740
2 82 10558800
58 2 10482540
58 81 10480860
2 3 10380540
2 145 10379280
3 2 10286280
2 145 10280520
58 2 9964020
58 2 9852780
58 2 9786120
3 2 9607500
2 3 9603660
58 82 9594240
58 145 9593340
2 145 9105780
2 3 9013740
58 2 8485500
58 82 8124240
58 2 8124240
2 3 8035860
2 3 7965720
2 3 7956480
2 82 7868340
2 82 7272360
58 145 6674220
2 3 6650400
2 82 6317760
58 3 5720100
2 145 5030820
58 2 4956540
58 145 4956540
58 82 4859220
2 3 4848120
2 145 3044880
2 145 2966940
37 139 2962380
58 145 2596860
58 85 1897980
58 3 1897980
58 82 1827660
58 3 1827660
58 3 1488960
2 58 1208700
2 58 109020
58 82 0
