0 2 98277034
0 2 94565223
0 2 94536423
0 2 94390069
0 2 90669918
0 2 90398430
0 2 90331835
19 17 89811203
2 0 89704385
0 2 89623042
0 2 89550350
2 0 89470000
2 0 89466121
2 0 89213457
2 0 89194301
2 0 89111535
17 16 88583229
0 2 88501744
2 0 88419788
2 0 88419675
2 0 88419516
35 36 88257513
23 17 88245879
2 0 88244978
2 0 88237396
0 2 88232156
19 17 88006415
2 0 87998044
23 17 87994063
0 2 87906644
16 17 87745230
35 21 87734436
35 21 87723913
2 0 87391888
35 21 87378987
2 0 87375266
2 0 87304035
17 16 87302590
17 16 87302530
2 0 87299184
17 16 87298222
2 0 87294875
42 43 87289171
19 16 87202241
49 47 87022899
49 35 87022899
49 21 87022899
49 43 87022899
49 42 87022899
49 57 87022899
49 25 87022899
49 36 87022899
23 17 86712048
36 43 86677659
36 25 86677659
61 63 86640157
61 65 86640157
61 27 86640157
61 66 86640157
61 70 86640157
61 47 86640157
61 29 86640157
61 40 86640157
61 77 86640157
61 35 86640157
61 21 86640157
61 43 86640157
61 42 86640157
61 79 86640157
61 81 86640157
61 57 86640157
61 60 86640157
61 25 86640157
61 36 86640157
61 63 86625757
61 65 86625757
61 27 86625757
61 66 86625757
61 70 86625757
61 47 86625757
61 29 86625757
61 40 86625757
61 77 86625757
61 35 86625757
61 21 86625757
61 43 86625757
61 42 86625757
61 79 86625757
61 81 86625757
61 57 86625757
61 60 86625757
61 25 86625757
61 36 86625757
49 36 86619593
91 29 86619591
61 27 86619549
61 77 86619549
61 43 86619549
61 81 86619549
61 25 86619549
61 36 86619549
49 36 86619528
49 36 86619337
29 91 86615389
81 61 86612768
61 81 86612324
81 27 86610963
81 70 86610963
81 77 86610963
81 43 86610963
81 60 86610963
81 25 86610963
81 36 86610963
91 29 86607690
61 27 86605149
61 77 86605149
61 43 86605149
61 81 86605149
61 25 86605149
61 36 86605149
49 36 86602717
49 42 86602272
40 29 86600978
40 79 86600978
81 27 86596563
81 70 86596563
81 77 86596563
81 43 86596563
81 60 86596563
81 25 86596563
81 36 86596563
49 96 86593345
49 91 86593345
49 97 86593345
49 96 86592351
49 91 86592351
49 97 86592351
61 27 86556305
61 77 86556305
61 43 86556305
61 81 86556305
61 60 86556305
61 25 86556305
61 36 86556305
81 27 86550104
81 77 86550104
81 43 86550104
81 60 86550104
81 25 86550104
81 36 86550104
61 27 86541905
61 77 86541905
61 43 86541905
61 81 86541905
61 60 86541905
61 25 86541905
61 36 86541905
61 70 86541288
61 81 86541288
61 36 86541288
81 70 86539725
81 61 86535744
81 27 86535704
81 77 86535704
81 43 86535704
81 60 86535704
81 25 86535704
81 36 86535704
0 27 86535196
2 0 86534290
0 2 86520338
0 66 86518244
0 2 86518244
49 43 86510615
43 49 86510442
42 43 86505799
42 49 86505799
0 27 86505768
81 61 86457418
25 49 86447323
49 96 86441643
49 97 86441643
49 43 86441567
49 42 86441567
49 25 86441567
61 43 86431270
61 36 86431270
36 43 86427685
36 25 86427685
81 61 86427082
81 70 86426742
0 2 86425186
81 70 86419873
96 97 86418146
81 70 86371521
81 70 86275512
81 70 86196287
81 77 86196287
81 43 86196287
81 25 86196287
81 36 86196287
61 36 86193813
36 96 86182408
96 36 86178295
36 96 86177367
96 36 86177308
36 61 86177263
97 96 86173656
96 97 86173523
81 61 86172946
36 25 86166119
16 17 86159888
96 97 86159081
97 96 86159013
2 0 86103796
2 0 86100603
0 66 86100078
0 2 86100078
36 61 86098068
61 36 86097907
36 61 86097833
97 96 86093253
36 25 86091907
25 36 86091454
61 36 86087089
0 27 86086157
96 97 86078979
97 96 86078972
97 96 86077063
96 97 86076447
97 96 86073879
49 91 86073285
57 49 86072942
97 96 86072522
97 49 86072522
97 96 86069646
97 91 86069646
97 49 86069646
25 43 86012490
25 42 86012490
25 101 86012490
25 57 86012490
25 36 86012490
97 96 86009628
97 49 86009628
97 96 86008612
91 96 86005890
91 49 86005890
91 97 86005890
97 96 86003714
97 49 86003714
49 96 86001920
49 91 86001920
49 97 86001920
0 66 86000691
0 2 86000691
0 27 85989633
36 61 85988762
25 43 85945301
25 36 85945301
70 81 85936465
70 81 85935156
97 96 85931821
0 66 85925518
0 2 85925518
0 2 85912314
97 96 85902087
2 0 85900754
0 2 85899295
81 70 85893486
81 70 85892517
70 81 85847490
49 96 85838962
49 97 85838962
97 96 85838260
97 49 85838260
49 97 85835561
25 97 85835194
97 49 85834884
97 25 85834645
96 49 85832979
96 97 85832979
49 96 85831469
49 97 85831469
96 97 85830195
96 36 85827208
97 96 85826516
36 96 85823413
40 79 85821865
96 97 85819607
96 36 85818690
96 97 85818618
96 97 85818586
36 25 85816139
96 97 85814884
97 96 85812977
81 36 85808322
81 70 85655022
25 36 85601473
0 66 85595718
0 2 85595718
70 81 85583906
96 97 85580924
96 97 85564507
96 97 85563782
25 36 85554632
0 66 85510054
0 2 85510054
2 0 85492947
0 2 85486925
97 96 85476004
97 96 85475196
97 96 85468219
96 97 85412598
97 96 85408051
97 96 85407658
25 36 85403049
42 36 85399839
0 66 85335502
0 2 85335502
25 43 85324057
25 42 85324057
25 101 85324057
25 57 85324057
81 36 85314259
49 96 85300462
96 97 85296139
36 81 85254077
81 36 85242353
81 36 85240813
81 36 85238453
0 66 84993197
0 2 84993197
81 36 84983761
81 36 84982269
97 96 84968504
97 49 84968504
97 96 84967279
97 49 84967279
25 36 84967254
97 43 84958773
97 49 84958773
97 25 84958576
97 49 84958550
97 25 84958550
36 25 84957958
2 0 84953098
0 2 84947940
0 66 84907671
0 2 84907671
2 0 84894587
25 36 84883187
110 112 84882422
110 112 84882203
25 36 84864338
0 66 84820190
0 2 84820190
97 49 84798517
97 25 84798517
49 25 84798479
96 97 84795390
25 36 84795144
25 49 84794034
25 97 84794034
97 49 84791254
40 111 84785354
97 25 84714209
81 111 84710016
97 49 84709232
49 96 84709071
49 91 84709071
49 97 84709071
97 49 84707644
49 97 84705693
97 49 84704932
49 91 84702574
25 36 84700411
25 97 84694530
97 25 84694420
97 49 84692878
97 96 84690277
96 97 84689824
0 66 84648246
0 2 84648246
0 2 84629378
97 25 84624834
97 96 84608587
49 97 84608002
19 16 84597519
19 17 84597519
19 16 84543684
19 17 84543684
81 36 84467843
0 66 84383393
0 2 84383393
97 25 84369596
96 97 84369314
97 25 84369214
96 91 84365092
96 97 84365092
97 96 84364171
97 91 84364171
49 96 84353118
49 91 84353118
49 97 84353118
96 36 84351369
96 36 84351286
25 97 84350759
97 25 84349981
97 49 84346851
49 91 84343458
49 96 84343319
49 97 84343319
91 49 84287615
97 96 84283010
97 91 84283010
97 49 84283010
97 96 84282993
49 96 84279976
49 91 84279976
49 97 84279976
19 16 84273966
70 105 84268343
70 61 84268343
70 81 84268343
81 70 84268243
97 49 84261721
49 96 84256182
49 91 84256182
49 97 84256182
97 49 84187824
49 25 84184359
49 96 84184230
49 97 84184230
49 96 84182879
49 91 84182879
113 112 84179971
113 81 84179971
0 66 84123152
0 2 84123152
81 70 84116591
81 111 84116591
81 77 84116591
81 43 84116591
81 25 84116591
81 36 84116591
112 17 84096976
97 49 84092005
49 96 84091172
49 91 84091172
49 97 84091172
70 81 84089953
81 70 84085282
49 97 84023861
49 97 84023223
49 25 84015547
97 96 84015345
97 49 84015345
49 97 84014747
49 96 84007989
49 97 84007989
49 96 84007797
49 97 84006041
49 25 84003917
81 25 83999777
97 96 83757555
97 91 83757555
97 49 83757555
97 96 83757435
97 91 83757435
97 49 83757435
49 97 83756151
49 96 83756023
49 91 83756023
49 97 83756023
0 66 83753427
0 2 83753427
81 36 83689881
49 97 83681626
81 36 83679597
97 96 83674904
97 91 83674904
97 49 83674904
81 36 83673480
81 36 83668778
111 91 83663515
97 49 83660462
49 91 83659403
49 97 83659403
49 25 83656504
49 25 83655389
49 91 83653543
49 97 83653543
81 70 83603809
81 111 83603809
81 77 83603809
81 43 83603809
81 25 83603809
81 36 83603809
0 66 83603438
0 2 83603438
81 70 83601482
81 25 83583382
25 81 83582953
49 91 83574731
49 97 83574731
81 29 83572337
49 97 83570664
49 91 83566030
49 97 83566030
81 29 83566001
19 16 83416476
81 70 83410003
81 111 83410003
81 77 83410003
81 43 83410003
81 25 83410003
81 36 83410003
81 29 83407251
81 70 83397184
96 97 83396751
97 96 83396699
33 17 83391806
81 36 83152695
49 91 83149489
119 120 83147051
49 97 83146218
119 120 83144807
19 33 83144562
119 120 83142259
0 66 83089472
0 2 83089472
0 2 83082663
2 0 83082663
81 111 83079062
81 77 83079062
81 43 83079062
81 25 83079062
81 36 83079062
81 61 83072850
2 0 83064998
25 77 83064111
33 17 83054731
25 43 83052645
25 42 83052645
25 101 83052645
25 57 83052645
25 122 83052645
119 120 82973564
97 91 82964286
97 49 82964286
19 33 82955229
97 91 82463293
97 49 82463293
0 2 82456889
33 17 82455307
97 49 82442079
49 97 82398040
81 61 82393569
81 61 82392592
33 17 82385703
49 97 82368002
49 91 82366454
16 101 82362529
49 91 82274600
49 97 82274600
97 91 82274399
97 49 82274399
49 91 82273582
49 97 82273582
97 96 82271279
112 17 82191598
19 33 82191539
40 29 82185347
40 29 82185312
17 16 81949773
120 119 81928610
91 49 81863878
49 91 81862426
119 120 81862366
120 119 81860778
120 119 81860679
49 91 81857562
49 97 81857562
97 91 81854824
97 49 81854824
49 91 81852634
49 97 81852634
120 119 81850304
122 125 81849156
81 27 81848963
81 70 81848963
81 111 81848963
81 77 81848963
81 43 81848963
81 109 81848963
81 25 81848963
81 36 81848963
120 119 81848475
122 42 81848103
120 119 81847501
125 57 81842223
125 25 81842223
125 36 81842223
125 122 81842223
112 113 81772188
112 113 81772159
112 113 81768617
112 123 81767892
112 113 81767847
17 16 81765828
0 2 81684790
97 96 81672552
111 40 81598776
40 111 81587670
40 79 81587670
81 27 81586854
81 70 81586854
81 111 81586854
81 43 81586854
81 25 81586854
81 36 81586854
40 111 81585780
97 49 81357787
77 81 81342118
112 113 81337867
97 49 81333454
112 113 81332832
97 35 81320320
25 81 81318636
123 70 81318189
123 105 81318189
81 36 81316887
81 25 81276813
112 113 81267967
112 113 81265099
91 111 81261175
91 40 81261175
91 79 81261175
97 96 81259137
97 57 81259137
97 91 81258946
97 49 81258946
49 43 81231515
49 42 81231515
49 101 81231515
49 57 81231515
49 25 81231515
49 122 81231515
123 81 81173662
123 70 81166320
123 105 81166320
123 81 81166320
43 42 81163784
43 101 81163784
43 57 81163784
91 111 81095353
91 40 81095353
91 79 81095353
112 123 81094233
112 113 81094233
123 81 81087237
81 123 81086156
81 36 81084123
19 17 81067910
81 36 81062131
81 36 81060513
19 23 81056049
97 35 81020376
97 21 81020376
97 127 81020376
97 96 81016892
91 111 81012296
91 40 81012296
91 79 81012296
49 91 80987748
81 123 80977667
49 43 80973387
49 42 80973387
49 101 80973387
49 57 80973387
49 25 80973387
49 122 80973387
25 49 80969651
29 81 80893131
112 113 80752161
112 113 80749624
113 112 80745838
113 123 80745838
97 96 80741614
97 91 80738811
97 49 80738811
112 113 80724347
81 129 80718183
61 70 80714180
61 105 80714180
61 123 80714180
61 129 80714180
61 81 80714180
91 111 80665227
91 40 80665227
91 79 80665227
91 111 80661137
91 40 80661137
91 79 80661137
25 49 80654297
40 29 80654247
40 111 80654247
40 79 80654247
43 42 80650184
112 113 80647818
105 70 80641811
81 129 80639351
81 129 80639152
35 47 80639101
129 81 80638448
129 81 80634165
111 40 80630087
91 111 80575423
91 40 80575423
91 79 80575423
57 101 80565388
25 43 80557033
25 42 80557033
25 101 80557033
25 57 80557033
25 122 80557033
70 81 80548176
91 111 80488177
91 40 80488177
91 79 80488177
91 40 80483779
97 49 80482343
97 91 80482283
0 2 80479593
0 2 80473899
17 23 80473785
25 101 80470855
123 113 80469104
57 97 80467945
81 2 80454684
129 70 80453043
112 113 80409131
49 25 80407734
61 81 80407428
23 17 80401889
23 17 80401667
91 111 80400360
91 40 80400360
91 79 80400360
29 79 80399069
49 97 80394415
79 29 80391690
79 40 80391690
25 49 80384155
25 101 80383938
113 81 80373754
81 113 80372720
113 81 80369684
49 43 80367252
49 42 80367252
49 101 80367252
49 57 80367252
49 25 80367252
49 122 80367252
111 29 80324813
70 81 80310797
17 112 80202159
49 43 80128801
49 42 80128801
49 101 80128801
49 120 80128801
49 57 80128801
49 25 80128801
49 122 80128801
91 111 79975238
91 40 79975238
91 79 79975238
112 17 79968490
33 17 79967947
29 111 79964124
0 2 79952432
120 49 79951576
0 2 79940597
113 112 79939873
113 123 79939873
123 105 79894582
49 43 79894264
49 101 79894264
49 57 79894264
49 25 79894264
49 122 79894264
123 105 79886872
123 61 79886872
91 111 79886487
91 40 79886487
91 79 79886487
25 43 79886377
25 49 79886377
25 42 79886377
25 101 79886377
25 57 79886377
25 122 79886377
101 25 79882385
2 0 79874473
25 49 79874101
25 43 79866990
25 42 79866990
25 101 79866990
25 57 79866990
25 122 79866990
0 2 79861151
23 17 79858728
17 23 79858643
112 113 79857977
61 123 79857952
23 17 79856655
113 112 79856606
113 123 79856606
91 111 79853146
111 91 79853133
113 123 79850291
122 25 79849827
29 111 79847397
29 35 79847397
113 123 79844385
113 81 79844385
112 113 79807228
91 111 79805276
91 40 79805276
91 79 79805276
25 122 79799015
25 49 79798919
2 0 79798492
25 43 79798118
25 42 79798118
25 101 79798118
25 57 79798118
25 122 79798118
2 0 79794582
25 49 79791013
61 81 79790051
112 113 79788937
25 43 79788050
25 42 79788050
25 101 79788050
25 57 79788050
25 122 79788050
81 2 79787677
122 25 79783273
2 0 79781916
0 131 79781101
25 101 79778404
112 113 79771636
113 112 79771379
112 113 79770395
49 120 79769613
17 33 79767928
81 123 79545084
113 81 79541642
123 81 79536116
123 105 79534603
123 61 79534603
113 129 79528966
113 81 79528966
113 112 79515825
113 123 79515825
120 49 79515646
49 120 79514677
49 109 79514677
40 91 79514369
129 123 79513339
25 43 79467614
25 36 79450146
57 122 79446963
25 49 79442105
25 101 79439591
123 105 79438484
123 61 79438484
97 91 79438166
97 49 79438166
23 17 79436690
23 17 79435852
17 23 79435693
23 17 79435652
23 17 79435627
29 40 79431789
120 119 79422482
0 2 79422479
40 79 79415478
97 35 79368012
97 35 79367623
97 21 79367623
97 127 79367623
123 113 79366222
91 111 79365665
29 91 79359773
97 91 79356492
97 49 79356492
123 105 79353588
123 61 79353588
25 43 79350960
25 42 79350960
25 101 79350960
25 57 79350960
25 122 79350960
2 0 79350094
40 29 79345577
2 0 79344994
113 112 79340611
113 123 79340611
2 0 79338986
2 0 79338606
25 49 79338091
91 49 79335132
91 97 79335132
97 91 79335054
97 49 79335054
122 25 79333495
42 43 79332238
49 97 79330962
97 47 79281939
97 35 79281939
97 21 79281939
97 127 79281939
97 35 79280961
91 111 79277841
91 40 79277841
91 79 79277841
17 23 79274494
40 29 79274087
40 111 79274087
23 17 79269992
97 49 79269643
97 91 79264753
97 49 79264753
40 29 79262019
40 79 79262019
40 29 79261560
40 79 79261560
123 61 79261114
40 29 79260216
40 111 79260216
40 79 79260216
97 96 79259356
97 91 79259260
97 49 79259260
0 2 79257875
17 23 79256860
23 17 79256739
23 17 79256557
112 113 79255364
0 2 79254198
111 81 79252918
2 0 79250630
61 81 79244892
49 43 79244333
49 42 79244333
49 101 79244333
49 57 79244333
49 25 79244333
49 122 79244333
91 40 79196984
97 47 79195684
97 35 79195684
97 21 79195684
97 127 79195684
112 113 79195052
112 113 79192129
25 49 79183791
112 113 79181427
25 42 79179968
2 0 79178756
25 36 79178565
25 36 79178461
40 29 79176344
40 79 79176344
25 36 79175418
70 131 79171641
70 2 79171641
70 0 79171641
17 23 79169285
96 49 79167654
96 97 79167654
120 119 79166010
123 61 79165968
49 25 79159407
123 113 78932428
91 111 78930713
91 40 78930713
91 79 78930713
29 79 78923346
29 79 78917291
97 96 78914716
105 70 78909451
113 123 78898707
113 112 78846661
112 113 78845853
91 111 78843914
91 40 78843914
91 79 78843914
91 111 78843878
91 40 78843878
91 79 78843878
91 111 78843804
91 40 78843804
91 79 78843804
57 25 78838297
112 113 78837319
40 111 78835416
40 79 78835416
112 113 78826268
25 42 78815806
49 43 78810930
49 42 78810930
49 57 78810930
49 25 78810930
49 122 78810930
112 123 78767775
112 113 78767775
81 27 78764963
81 29 78764963
81 111 78764963
81 77 78764963
81 43 78764963
81 25 78764963
81 36 78764963
61 33 78763814
61 70 78763814
61 105 78763814
61 123 78763814
61 129 78763814
61 81 78763814
91 111 78758059
91 40 78758059
91 79 78758059
35 111 78757064
35 40 78757064
35 42 78757064
61 33 78754737
61 70 78754737
61 105 78754737
61 123 78754737
61 129 78754737
61 81 78754737
23 33 78753675
23 17 78753675
105 70 78751225
49 25 78737990
2 0 78736385
111 81 78735158
0 2 78729050
97 49 78728610
57 49 78727711
29 91 78727269
57 49 78726830
40 35 78723404
40 29 78722611
40 111 78722611
40 79 78722611
16 17 78690016
91 111 78675034
91 40 78675034
91 79 78675034
29 91 78670043
16 17 78664200
25 42 78657337
97 96 78646918
17 23 78645477
49 43 78639793
49 42 78639793
49 101 78639793
49 57 78639793
49 25 78639793
49 122 78639793
49 42 78639787
49 122 78639787
2 0 78594052
91 111 78591361
91 40 78591361
91 79 78591361
112 113 78586779
29 91 78582596
19 17 78581404
61 81 78580431
25 42 78569132
25 101 78569132
25 57 78569132
25 122 78569132
119 120 78564958
113 112 78563750
113 123 78563750
97 96 78560967
97 49 78554728
123 105 78491842
112 123 78330455
112 113 78330455
112 113 78328321
91 111 78326700
91 40 78326700
91 79 78326700
91 49 78320991
91 97 78320991
101 122 78319059
101 25 78318966
127 49 78311830
122 125 78306556
112 113 78306084
122 125 78305953
112 123 78245696
112 113 78245696
91 111 78243059
91 40 78243059
91 79 78243059
112 113 78242085
112 113 78241176
17 23 78238419
2 0 78238129
96 97 78233091
113 112 78227303
120 119 78227051
40 79 78226703
112 113 78224417
112 123 78219009
112 113 78219009
79 29 78219001
2 0 78214412
25 49 78212628
29 111 78204804
111 129 78202746
123 105 78169528
105 70 78157670
91 111 78155222
91 40 78155222
91 79 78155222
23 33 78149655
29 79 78136030
112 113 78133610
91 49 78125483
112 113 78125094
49 91 78124618
113 112 78122156
113 123 78122156
29 111 78120941
49 47 78120760
49 35 78120760
49 21 78120760
49 127 78120760
40 111 78120733
111 129 78117084
112 113 78067930
77 36 78066527
91 111 78066352
91 40 78066352
91 79 78066352
23 17 78060922
91 29 78060613
29 91 78060469
29 79 78055636
91 49 78054985
91 97 78054985
57 25 78041940
17 23 78041702
113 112 78038064
113 123 78038064
29 91 78036835
123 112 77993843
112 123 77989746
112 113 77988471
112 113 77983182
91 111 77981811
91 40 77981811
91 79 77981811
113 112 77980607
113 123 77980607
112 113 77975801
112 123 77975667
112 113 77975667
40 29 77974807
61 81 77971671
25 111 77963267
112 123 77960265
112 113 77960265
23 17 77958036
96 97 77956693
17 23 77956128
23 17 77954482
120 25 77953694
112 113 77952850
113 123 77952285
25 42 77894997
25 101 77894997
25 57 77894997
25 122 77894997
25 43 77894723
25 42 77894723
25 101 77894723
25 57 77894723
25 122 77894723
25 43 77894078
25 42 77894078
25 101 77894078
25 57 77894078
25 122 77894078
25 111 77882212
25 36 77882212
25 111 77826431
111 25 77792090
111 36 77792090
129 81 77786010
25 43 77716751
25 42 77716751
25 101 77716751
25 57 77716751
25 122 77716751
129 81 77715807
129 81 77715642
33 17 77711408
113 112 77710791
113 123 77710791
125 97 77707764
97 125 77707699
97 96 77707459
97 96 77705092
91 49 77704785
36 111 77696199
36 25 77696199
120 25 77696146
97 91 77685704
91 111 77638326
91 40 77638326
91 79 77638326
91 49 77630543
101 57 77630124
101 122 77630124
29 91 77624199
57 125 77623830
81 129 77622966
81 129 77622809
97 96 77621560
16 17 77621414
17 23 77620495
25 36 77619265
23 17 77619020
33 17 77605417
112 123 77605155
112 113 77605155
81 123 77601422
123 113 77564163
81 123 77556759
105 33 77550332
105 17 77550332
49 47 77550271
81 111 77531883
81 29 77531508
23 17 77530598
29 81 77530438
42 25 77527332
91 40 77523923
23 17 77523730
40 29 77522671
40 111 77522671
112 113 77521657
17 23 77519289
23 17 77518367
25 125 77478632
25 125 77478555
2 0 77464532
91 111 77460945
91 40 77460945
91 79 77460945
112 123 77459701
112 113 77459701
57 25 77459106
23 33 77452551
23 17 77452551
23 17 77452423
23 33 77452098
23 17 77452098
0 2 77451792
0 2 77451304
2 0 77451288
42 43 77450080
17 23 77448164
129 81 77444791
81 129 77444763
129 81 77443217
112 113 77437797
113 112 77437617
91 49 77436624
91 97 77436624
112 113 77435379
81 61 77426781
111 79 77395817
25 43 77379563
25 42 77379563
25 101 77379563
25 57 77379563
25 122 77379563
25 43 77373032
25 42 77373032
25 101 77373032
25 57 77373032
25 122 77373032
91 111 77370893
91 40 77370893
91 79 77370893
113 112 77369972
113 123 77369972
112 123 77367717
112 113 77367717
36 111 77364582
36 25 77364582
0 2 77364485
129 70 77362001
77 129 77361242
129 77 77360647
91 49 77360111
91 97 77360111
0 2 77359848
112 123 77359824
112 113 77359824
23 33 77359181
23 17 77359181
112 123 77358741
112 113 77358741
25 109 77351220
57 25 77350887
23 17 77348093
29 91 77347940
2 0 77346541
0 2 77346495
97 96 77344940
29 91 77344397
96 97 77342251
29 111 77337836
111 29 77337071
111 40 77337071
111 79 77337071
123 105 77275014
112 123 77178817
112 113 77178817
112 113 77178142
112 123 77121306
112 113 77121306
112 17 77119258
91 111 77113163
91 40 77113163
91 79 77113163
123 105 77109928
0 2 77108491
0 2 77106517
113 112 77105298
113 123 77105298
113 123 77094397
112 123 77085131
112 113 77085131
120 119 77084303
120 119 77084046
91 111 77029827
91 40 77029827
91 79 77029827
61 111 77029138
111 61 77028693
113 123 77017709
23 33 77006424
29 40 76997900
2 0 76944220
2 0 76942164
91 111 76942048
91 40 76942048
91 79 76942048
112 113 76941038
112 113 76940217
105 70 76936193
112 113 76935335
113 123 76934803
112 113 76931249
43 42 76924773
43 25 76924773
25 42 76921534
25 43 76920803
25 42 76920803
25 101 76920803
25 57 76920803
25 122 76920803
25 43 76918749
25 42 76918749
25 101 76918749
25 57 76918749
25 122 76918749
113 123 76917441
112 113 76912942
57 25 76911449
25 57 76907399
122 125 76907251
113 123 76905858
91 111 76858299
91 40 76858299
91 79 76858299
112 113 76857326
113 123 76855022
112 123 76854535
112 113 76854535
23 17 76853391
96 97 76850377
29 91 76850091
81 129 76849923
25 43 76844231
25 42 76844231
25 101 76844231
25 57 76844231
25 122 76844231
113 123 76840239
23 33 76838005
23 17 76838005
2 0 76834041
29 81 76830018
57 109 76829336
81 29 76828917
29 81 76828776
81 29 76827361
81 113 76771685
91 111 76770830
91 40 76770830
91 79 76770830
113 81 76767138
112 113 76766042
122 101 76762277
29 91 76762028
97 49 76755880
97 125 76755880
97 36 76755880
25 43 76754700
25 42 76754700
25 101 76754700
25 57 76754700
25 122 76754700
120 119 76749224
112 123 76748291
112 113 76748291
29 91 76747020
25 42 76743825
49 91 76735774
49 97 76735774
127 49 76735585
125 36 76733275
129 81 76733174
81 129 76689470
42 43 76574076
42 25 76574076
91 111 76508642
91 40 76508642
91 79 76508642
120 119 76502356
29 81 76501489
42 25 76501212
25 43 76488855
25 42 76488855
25 101 76488855
25 57 76488855
25 122 76488855
40 29 76487023
40 79 76487023
122 57 76482389
122 25 76482389
25 43 76482328
25 42 76482328
25 101 76482328
25 57 76482328
25 122 76482328
25 43 76480925
25 42 76480925
25 101 76480925
25 57 76480925
25 122 76480925
97 91 76426585
97 49 76426585
91 111 76425385
91 40 76425385
91 79 76425385
97 91 76424412
97 49 76424412
125 57 76412553
125 25 76412553
125 36 76412553
125 122 76412553
29 91 76409802
112 123 76407003
112 113 76407003
111 29 76406060
91 40 76402432
91 40 76402406
112 113 76401584
111 29 76400575
111 40 76400575
111 79 76400575
122 125 76397119
25 111 76354018
25 42 76354018
25 57 76354018
25 122 76354018
91 111 76341434
91 40 76341434
91 79 76341434
91 111 76337562
91 40 76337562
91 79 76337562
81 70 76335407
70 81 76335141
40 111 76334987
40 35 76334987
111 47 76334537
111 129 76334211
129 81 76330600
123 113 76330003
129 111 76329965
112 123 76327083
112 113 76327083
23 33 76326572
23 17 76326572
123 113 76325291
112 113 76323256
123 113 76322698
129 81 76316110
119 120 76313095
40 79 76312395
112 113 76311107
122 25 76310978
112 113 76310905
25 43 76310392
25 42 76310392
25 101 76310392
25 57 76310392
25 122 76310392
112 123 76309540
112 113 76309540
123 113 76304315
97 91 76303793
25 43 76301692
25 42 76301692
25 101 76301692
25 57 76301692
25 122 76301692
91 111 76251463
91 40 76251463
91 79 76251463
97 96 76250689
97 91 76250689
40 111 76249327
123 43 76247739
29 91 76240929
112 113 76238497
40 111 76234120
33 17 76229850
112 113 76227971
23 33 76226424
112 123 76226166
112 113 76226166
112 123 76225990
112 113 76225990
129 111 76218543
129 111 76218503
113 123 76218103
111 129 76169845
111 129 76169425
91 111 76165920
91 40 76165920
91 79 76165920
81 70 76161440
113 123 76161173
23 17 76159813
131 120 76158613
70 105 76151736
105 70 76147968
112 123 76146391
112 113 76146391
19 33 76139874
0 2 76138256
2 0 76132953
113 123 76132168
29 111 76131860
0 2 76131739
111 29 76129246
111 40 76129246
111 79 76129246
81 129 76086402
112 123 76054360
112 113 76054360
91 111 75906219
91 40 75906219
91 79 75906219
123 113 75903725
123 113 75903587
112 113 75900398
0 2 75893497
113 123 75892157
113 81 75892157
91 111 75821526
91 40 75821526
91 79 75821526
81 33 75815106
81 129 75815106
97 49 75809383
125 57 75806213
125 25 75806213
125 36 75806213
125 122 75806213
29 91 75784352
25 109 75736123
112 123 75733314
112 113 75733314
91 111 75729835
91 40 75729835
91 79 75729835
97 91 75728585
97 49 75728585
112 113 75724088
0 2 75721612
113 112 75708626
113 123 75708626
112 113 75702264
25 43 75646279
25 42 75646279
25 101 75646279
25 57 75646279
25 122 75646279
91 111 75645175
91 40 75645175
91 79 75645175
112 123 75644776
112 81 75644776
112 113 75644776
112 123 75644117
112 81 75644117
112 113 75644117
119 120 75644070
23 17 75641678
112 123 75637060
112 81 75637060
112 113 75637060
66 109 75634992
111 29 75634756
111 40 75634756
111 79 75634756
25 42 75634395
25 43 75634270
25 42 75634270
25 101 75634270
25 57 75634270
25 122 75634270
112 113 75623964
0 2 75618635
25 43 75614469
25 42 75614469
25 101 75614469
25 57 75614469
25 122 75614469
25 42 75611155
25 101 75611155
25 57 75611155
25 122 75611155
25 42 75580805
112 123 75568695
112 113 75568695
112 113 75566907
2 0 75562780
91 111 75561201
91 40 75561201
91 79 75561201
112 123 75554938
112 113 75554938
17 16 75554233
112 123 75554197
112 113 75554197
112 123 75538492
112 113 75538492
111 91 75537397
25 57 75536612
23 17 75535774
112 123 75535396
112 113 75535396
112 113 75534628
25 42 75534134
123 113 75526346
112 123 75448717
112 113 75448717
112 123 75366585
112 113 75366585
97 96 75303510
91 111 75301683
91 40 75301683
91 79 75301683
112 113 75301220
57 25 75288755
25 43 75285948
25 42 75285948
25 101 75285948
25 57 75285948
25 122 75285948
25 43 75284374
0 2 75280543
111 47 75280288
112 113 75279206
23 17 75270706
113 112 75268079
112 123 75221073
112 113 75221073
91 111 75220830
91 40 75220830
91 79 75220830
112 123 75215397
112 81 75215397
112 113 75215397
23 17 75209613
112 123 75202756
112 113 75202658
112 123 75202012
112 81 75202012
112 113 75202012
97 96 75195824
23 17 75191917
113 81 75188745
25 43 75187159
25 42 75187159
25 101 75187159
25 57 75187159
25 122 75187159
25 109 75186755
25 43 75186677
25 42 75186677
25 101 75186677
25 57 75186677
25 122 75186677
43 42 75186562
43 25 75186562
113 123 75183862
23 17 75183486
81 27 75182245
81 29 75182245
81 111 75182245
81 35 75182245
81 43 75182245
81 42 75182245
81 79 75182245
81 25 75182245
81 36 75182245
81 27 75145364
91 111 75131609
91 40 75131609
91 79 75131609
112 123 75128917
112 113 75128917
112 123 75127598
112 113 75126992
29 79 75123687
112 113 75123177
113 112 75120309
113 123 75120309
111 91 75119087
112 123 75117830
112 113 75117830
81 27 75110828
81 29 75110828
81 111 75110828
81 77 75110828
81 43 75110828
81 120 75110828
81 25 75110828
81 36 75110828
112 113 75105324
112 113 75104337
113 70 75103547
112 123 75103390
112 113 75103390
112 123 75099149
112 113 75099149
29 79 75095398
97 96 75043278
91 111 75042507
91 40 75042507
91 79 75042507
112 113 75038344
25 43 75037398
25 42 75037398
25 101 75037398
25 57 75037398
25 122 75037398
97 49 75035721
29 79 75028046
113 123 75026828
35 49 75024866
35 49 75021183
112 123 75017982
112 113 75017982
40 29 75012856
40 111 75012856
40 79 75012856
33 17 75009330
33 17 75008667
123 113 75007983
25 43 74974838
25 101 74974148
112 113 74954528
112 123 74953643
112 113 74953643
112 123 74952431
112 113 74952431
112 123 74950534
112 81 74950534
112 113 74950534
112 113 74943716
112 123 74942650
33 17 74939744
33 23 74939744
112 113 74936501
113 112 74934018
23 17 74932721
113 112 74931795
113 123 74931795
112 113 74930991
112 113 74930324
112 113 74930292
113 123 74927428
112 113 74925373
112 123 74697380
112 113 74697380
112 113 74693715
112 123 74693360
112 113 74693360
112 123 74690518
112 113 74690518
112 123 74689224
112 113 74689224
112 113 74683270
112 113 74677155
105 70 74673558
105 70 74611062
2 0 74609259
113 112 74607880
113 123 74607880
112 113 74606727
113 112 74602948
112 123 74601215
112 81 74601215
112 113 74601215
112 123 74600618
112 81 74600618
112 113 74600618
112 123 74600348
112 81 74600348
112 113 74600348
125 57 74598328
125 25 74598328
125 36 74598328
125 122 74598328
112 123 74597531
112 81 74597531
112 113 74597531
112 123 74593512
112 113 74593512
112 113 74591621
97 96 74588718
97 57 74588718
112 113 74586094
0 2 74585234
112 123 74583713
112 81 74583713
112 113 74583713
97 91 74578806
112 113 74544514
112 113 74525942
131 119 74513080
33 17 74513029
112 123 74509471
112 113 74509471
25 43 74508871
25 42 74508871
25 101 74508871
25 57 74508871
25 122 74508871
120 119 74504176
119 120 74503533
112 123 74501189
112 113 74501189
131 119 74500386
25 109 74496237
111 40 74494053
113 81 74490336
112 123 74439862
112 113 74439862
112 113 74438958
112 113 74435110
111 40 74430742
111 29 74430545
111 40 74430545
111 79 74430545
112 113 74427554
112 113 74427338
120 119 74425715
25 43 74418105
25 42 74418105
25 101 74418105
25 57 74418105
25 122 74418105
112 17 74413780
25 43 74413491
25 42 74413491
25 101 74413491
25 57 74413491
25 122 74413491
112 17 74412763
113 81 74406064
113 81 74405973
123 113 74404982
0 2 74404362
123 113 74401953
112 123 74356723
112 113 74356723
25 43 74346874
25 42 74346874
25 101 74346874
25 57 74346874
25 122 74346874
112 123 74343909
112 81 74343909
112 113 74343909
122 25 74337252
112 63 74334860
112 123 74334860
112 43 74334860
112 81 74334860
112 113 74334860
23 17 74324336
112 123 74321153
113 112 74318505
113 123 74318505
112 123 74157954
112 81 74157954
112 113 74157954
112 123 74081282
112 113 74081282
112 123 74080795
112 81 74080795
112 113 74080795
43 42 74074826
43 25 74074826
112 123 74073259
112 81 74073259
112 113 74073259
125 36 74070723
112 113 74062029
112 123 74004753
112 81 74004753
112 113 74004753
81 129 74000481
43 25 73992954
125 57 73981804
125 25 73981804
125 36 73981804
125 122 73981804
119 131 73979889
119 120 73979889
111 129 73976450
25 43 73976103
25 42 73976103
25 101 73976103
25 57 73976103
25 122 73976103
97 96 73971933
131 119 73920295
112 123 73918527
112 81 73918527
112 113 73918527
131 119 73914223
131 119 73905064
131 119 73902966
112 123 73900027
112 113 73900027
120 119 73895585
25 43 73881932
25 42 73881932
25 101 73881932
25 57 73881932
25 122 73881932
113 112 73870047
123 105 73839573
123 81 73839573
123 70 73818249
123 105 73818249
123 129 73818249
123 81 73818249
112 113 73815517
113 112 73803130
112 123 73752321
112 81 73752321
112 113 73752321
112 113 73749124
112 113 73744424
112 123 73740913
112 113 73740619
25 43 73735079
25 42 73735079
25 101 73735079
25 57 73735079
25 122 73735079
17 23 73734192
112 113 73730451
2 0 73720612
113 123 73711944
112 113 73627686
112 113 73538225
25 43 73460758
25 42 73460758
25 101 73460758
25 57 73460758
25 122 73460758
112 113 73451447
112 113 73449274
113 123 73397990
125 36 73392913
120 119 73391587
25 43 73382960
25 42 73382960
25 101 73382960
25 57 73382960
25 122 73382960
25 43 73368155
25 42 73368155
25 101 73368155
25 57 73368155
25 122 73368155
111 36 73364920
49 97 73307157
113 123 73288177
112 113 73286400
112 123 73286338
112 113 73286338
131 119 73285095
19 17 73230011
131 119 73224842
25 43 73223433
25 42 73223433
25 101 73223433
25 57 73223433
25 122 73223433
113 112 73210673
113 123 73210673
25 43 73208037
25 42 73208037
25 101 73208037
25 57 73208037
25 122 73208037
112 123 73117950
112 81 73117950
112 113 73117950
112 123 73116371
112 113 73116371
112 123 73024651
112 81 73024651
112 113 73024651
113 112 72868405
112 123 72857621
112 81 72857621
112 113 72857621
123 113 72846585
43 25 72782998
112 123 72772526
112 81 72772526
112 113 72772526
81 70 72710132
81 112 72710132
25 43 72700689
25 42 72700689
25 101 72700689
25 57 72700689
25 122 72700689
112 113 72681848
112 113 72648265
112 113 72625987
112 110 72618966
112 113 72618737
112 113 72609805
112 113 72608203
25 43 72605670
25 42 72605670
25 101 72605670
25 57 72605670
25 122 72605670
97 96 72596727
97 91 72596727
113 112 72591939
35 49 72589465
35 49 72588468
112 123 72547147
112 81 72547147
112 113 72547147
112 113 72544054
112 113 72543632
25 109 72537401
125 57 72528162
125 25 72528162
125 36 72528162
125 122 72528162
112 113 72526898
113 123 72525080
112 113 72524531
113 123 72509959
113 123 72509302
123 113 72509039
113 123 72459315
113 112 72276492
123 113 72271029
113 123 72264825
123 112 72260122
123 112 72255164
43 101 72254303
43 122 72254303
113 112 72247020
113 123 72247020
112 123 72246956
112 81 72246956
112 113 72246956
123 112 72243015
123 113 72243015
70 123 72175952
113 112 72155290
113 112 72154906
113 123 72154906
112 123 72114072
112 81 72114072
112 113 72114072
112 123 72089818
112 81 72089818
112 113 72089818
25 43 72080640
25 42 72080640
25 101 72080640
25 57 72080640
25 122 72080640
112 123 72031122
112 81 72031122
112 113 72031122
112 123 72023325
112 113 72023325
25 43 72019612
25 42 72019612
25 101 72019612
25 57 72019612
25 122 72019612
25 43 72019077
25 42 72019077
25 101 72019077
25 57 72019077
25 122 72019077
70 123 72015787
49 91 71999616
49 97 71999616
111 29 71985495
111 40 71985495
111 79 71985495
131 120 71949420
131 119 71949420
131 120 71931422
131 119 71931422
131 119 71929175
131 119 71924232
111 29 71911580
111 40 71911580
111 79 71911580
70 105 71907054
2 0 71901572
123 113 71823841
29 91 71554772
29 40 71554772
33 17 71494729
131 119 71471017
70 131 71417393
70 2 71417393
70 0 71417393
131 119 71414044
96 97 71392593
49 97 71382744
123 105 71377377
123 81 71377377
33 17 71330248
77 25 71305692
97 96 71305332
25 43 71300242
25 42 71300242
25 101 71300242
25 57 71300242
25 122 71300242
29 40 71299736
123 113 71296864
131 120 71056021
25 43 71048347
25 42 71048347
25 101 71048347
25 57 71048347
25 122 71048347
35 77 71036268
112 123 70988410
112 81 70988410
112 113 70988410
81 125 70984156
123 112 70962101
112 123 70898700
70 2 70892074
123 112 70862218
112 123 70815388
112 113 70815388
112 123 70809592
112 113 70809592
25 43 70796097
25 42 70796097
25 101 70796097
25 57 70796097
25 122 70796097
25 43 70795110
25 42 70795110
25 101 70795110
25 57 70795110
25 122 70795110
112 123 70784830
112 113 70784830
35 77 70776934
123 113 70768301
111 29 70707702
17 23 70702998
97 96 70699817
19 17 70430655
19 17 70374461
113 112 70286161
113 123 70286161
123 112 70286019
123 113 70286019
123 112 70284339
123 113 70284339
131 120 70280491
25 43 70276100
25 42 70276100
25 101 70276100
25 57 70276100
25 122 70276100
113 112 70274879
113 112 70260981
113 123 70260981
112 113 70191960
25 43 70189442
25 42 70189442
25 101 70189442
25 57 70189442
25 122 70189442
112 113 70183920
112 113 70164360
112 113 70154820
112 113 70154760
112 113 70153860
112 113 70152600
112 113 70120073
25 43 70116991
25 42 70116991
25 101 70116991
25 57 70116991
25 122 70116991
81 27 70116642
81 70 70116642
81 29 70116642
81 111 70116642
81 77 70116642
81 43 70116642
81 120 70116642
81 25 70116642
81 36 70116642
112 113 70102020
112 113 70101240
112 113 70100396
112 113 70094520
25 43 70092606
25 42 70092606
25 101 70092606
25 57 70092606
25 122 70092606
112 81 70090802
112 113 70090802
25 43 70088395
25 42 70088395
25 101 70088395
25 57 70088395
25 122 70088395
112 113 70084800
112 113 70082340
112 113 70077420
112 113 70076940
112 81 70072800
112 113 70072800
49 91 70008337
49 97 70008337
131 101 69853482
97 91 69832040
97 49 69832040
43 25 69759436
112 113 69755400
112 113 69751380
112 17 69751380
112 81 69749653
123 105 69738683
123 113 69738367
112 113 69733380
112 17 69733380
112 81 69731640
112 113 69731640
112 27 69691796
112 123 69691796
112 43 69691796
112 81 69691796
112 25 69691796
112 113 69691796
43 25 69679028
112 81 69673740
112 25 69673740
112 113 69673740
112 81 69654240
123 113 69651170
112 123 69604532
112 81 69604532
123 113 69603608
112 81 69593700
112 113 69593700
112 113 69587023
112 81 69586500
112 113 69575707
112 113 69568980
43 42 69568640
43 42 69568365
43 25 69568365
112 81 69557700
112 113 69557700
112 113 69502800
112 113 69486780
112 113 69480480
123 113 69478898
112 113 69477240
112 81 69440248
112 81 69422220
112 113 69422220
112 81 69319375
112 81 69318040
112 113 69311040
112 81 69301320
112 113 69301320
112 81 69300000
112 113 69300000
112 113 69260160
19 17 69253012
35 125 69229571
112 81 69227325
112 113 69211860
112 81 69209280
112 113 69209280
113 112 69177900
112 113 69157200
43 42 69137471
43 25 69137471
112 113 69137220
112 113 69121200
113 112 69120780
112 113 69120780
112 113 69108660
112 113 69094260
112 113 69093360
111 129 69075972
25 43 69074460
25 42 69074460
25 101 69074460
25 57 69074460
25 122 69074460
112 113 69072660
112 113 69067620
70 131 69058307
70 2 69058307
70 0 69058307
112 113 69058260
112 113 69057900
112 113 69057360
43 36 69051369
40 111 69049922
43 25 69048853
112 113 69019440
112 113 68997300
112 113 68992440
49 91 68991952
49 97 68991952
111 91 68990612
43 42 68986840
43 25 68986840
112 113 68983440
112 113 68961300
112 113 68956440
97 91 68900537
97 49 68900537
25 43 68887862
25 42 68887862
25 101 68887862
25 57 68887862
25 122 68887862
112 113 68887500
112 17 68887500
112 113 68880180
112 113 68880060
43 36 68876257
112 81 68665440
112 113 68665440
112 43 68647482
112 81 68647482
112 113 68647482
112 81 68629440
112 113 68629440
43 25 68617119
81 27 68556337
81 70 68556337
112 113 68535720
70 2 68535062
43 36 68524649
112 113 68465400
112 113 68461680
112 113 68448360
43 42 68441381
43 25 68441381
112 113 68438880
112 113 68437860
112 113 68435760
112 113 68435580
112 113 68427300
112 113 68405040
112 113 68404020
112 113 68399760
112 113 68399580
49 91 68394431
49 97 68394431
112 113 68389080
113 112 68385720
112 113 68385600
112 113 68378640
113 112 68372700
112 113 68369040
112 113 68368020
112 113 68353080
43 57 68351206
113 112 68349720
112 113 68349600
112 113 68342640
113 112 68336700
112 81 68329200
112 113 68329200
112 113 68323740
112 113 68323380
112 81 68311251
112 113 68309520
112 113 68309340
112 113 68302980
112 81 68293200
112 113 68293200
112 113 68287740
112 113 68287380
112 113 68273520
112 113 68273340
113 112 68271540
112 113 68266980
112 113 68244780
112 81 68244600
112 113 68244600
112 113 68212680
112 113 68208780
112 81 68208600
112 113 68208600
112 113 68176680
112 113 68056440
112 113 68055720
113 81 68055480
113 81 68055420
113 81 68054940
112 113 68047260
112 113 68046540
112 113 68044080
112 113 68043660
112 113 68038920
112 113 68038500
113 81 68037485
113 81 68037453
113 112 68020560
112 113 68020440
113 112 68019900
112 113 68019720
112 113 68011260
113 112 68010900
112 113 68010540
112 113 68008080
112 113 68007660
113 112 68003100
112 113 68002920
112 113 68002500
112 113 67965720
112 113 67953780
113 112 67935480
113 112 67932300
112 113 67929720
112 113 67917780
112 113 67916940
113 112 67829580
112 113 67785120
35 77 67781192
112 113 67749120
112 113 67733460
112 113 67732920
112 113 67697460
112 113 67696920
35 77 67669710
111 29 67434568
112 113 67425660
112 113 67401240
112 113 67400340
36 125 67258387
66 109 67246488
113 112 67166400
112 113 67141140
112 113 67139160
29 81 67093020
81 29 67091460
81 113 67091460
43 57 67087457
81 70 67073510
81 29 67073510
81 113 67073510
112 113 67061940
113 112 67060860
111 43 67059917
111 36 67059917
81 29 67055460
81 113 67055460
112 113 66911940
112 113 66877260
112 113 66875940
112 113 66858180
112 113 66822180
112 113 66745800
112 113 66745680
112 113 66733800
112 113 66732300
112 17 66729060
112 17 66726960
112 113 66679260
112 113 66646260
112 113 66643260
112 113 66642420
43 57 66642120
43 57 66641871
43 42 66640931
43 112 66634951
25 43 66571329
112 113 66563040
112 113 66557340
112 113 66554940
112 17 66554880
112 113 66534000
112 113 66470400
112 113 66469860
112 113 66463860
97 96 66202099
112 113 66181320
105 70 66055442
77 35 66030643
77 35 66030548
49 96 65968349
49 91 65968349
49 97 65968349
111 129 65959415
49 97 65945048
61 81 65943060
35 111 65938297
112 113 65926200
111 61 65883957
113 112 65763600
112 113 65761620
112 113 65758440
91 111 65624344
91 40 65624344
91 79 65624344
40 79 65605137
61 81 65595720
19 23 65556540
91 111 65541739
91 40 65541739
91 79 65541739
129 29 65520697
0 2 65507760
113 112 65504820
36 125 65500995
0 2 65489160
2 0 65488500
29 81 65455446
81 29 65455238
125 36 65431077
112 113 65416140
112 113 65403120
112 113 65403000
29 81 65364605
40 79 65357823
40 111 65356010
40 79 65356010
81 29 65348078
0 2 65317260
91 111 65279005
91 40 65279005
91 79 65279005
29 81 65265551
29 81 65247540
0 2 65245200
111 61 65242854
0 2 65236080
91 111 65024184
91 40 65024184
91 79 65024184
112 113 64981560
131 0 64981260
112 113 64980420
91 111 64935855
91 40 64935855
91 79 64935855
112 113 64919820
112 113 64919640
112 113 64918440
112 113 64915320
112 113 64915260
112 113 64914480
61 81 64902900
112 113 64896360
112 113 64890240
112 113 64890180
112 113 64888140
119 131 64852080
119 120 64852080
35 29 64842468
0 2 64826400
0 2 64820160
112 113 64815120
119 131 64812480
119 120 64812480
112 113 64810980
113 112 64810320
111 129 64758055
112 113 64756620
29 129 64753686
112 113 64752780
112 113 64752480
2 0 64744920
113 112 64744680
112 113 64742820
112 113 64739400
112 113 64739100
112 113 64736520
112 113 64733700
113 112 64733280
112 113 64733220
61 81 64733040
125 36 64732363
0 2 64727640
112 113 64720620
0 2 64719960
112 113 64718460
2 0 64717500
0 2 64709160
91 111 64414626
91 40 64414626
91 79 64414626
29 27 64407329
29 111 64407329
29 43 64407329
29 129 64407329
29 61 64407329
29 81 64407329
29 36 64407329
113 112 64309980
111 91 64291908
0 2 64285800
0 2 64285500
113 112 64232700
112 113 64224960
112 113 64213320
112 113 64202400
112 113 64182060
91 111 64157509
91 40 64157509
91 79 64157509
112 113 64146060
111 40 64138630
91 111 64133579
91 40 64133579
91 111 64133255
91 40 64133255
0 2 64130760
81 29 64122360
112 113 64121220
112 113 64120500
43 25 64119404
125 36 64119054
112 113 64114500
0 2 64113840
0 2 64067220
112 113 64060500
112 113 64057140
2 0 64045920
112 113 64036800
112 113 64036440
0 2 64031220
0 2 64030140
0 2 64029600
112 113 64025400
0 2 64025340
112 17 64024800
131 119 63794280
112 113 63793620
112 113 63792540
112 17 63791854
112 113 63789900
125 36 63777581
112 113 63773820
112 17 63773820
112 113 63769380
57 122 63714383
113 105 63707160
113 81 63707160
125 36 63692990
113 81 63689214
61 81 63672720
2 0 63628020
112 113 63600240
2 0 63592020
0 2 63591240
119 131 63588840
119 131 63587160
79 40 63549420
112 113 63539580
2 0 63526680
112 113 63514680
79 40 63513420
112 113 63508740
112 17 63508500
131 119 63503460
57 25 63468540
112 113 63458580
112 113 63457140
112 113 63453660
112 17 63453660
112 113 63449580
131 119 63445920
61 81 63445440
131 119 63441240
112 113 63438240
57 25 63432540
112 113 63427260
131 119 63421140
113 112 63285360
111 79 63203160
29 81 63192900
112 113 63190380
131 120 63183000
131 119 63183000
112 113 63177420
111 79 63167160
119 120 63163980
112 113 63163200
112 113 63101340
112 113 63100260
112 113 63087780
112 113 63084060
112 113 63082380
112 113 63080160
0 2 63079800
113 112 63070260
112 113 63011160
57 25 62945340
112 113 62933040
112 113 62931000
112 113 62922600
57 25 62909340
112 113 62846280
61 81 62819700
112 113 62812500
112 113 62811480
112 113 62598000
111 40 62590740
112 113 62581440
112 113 62579340
112 113 62578800
112 113 62554800
111 40 62554740
91 40 62554560
120 25 62503980
25 42 62432040
113 81 62430720
61 113 62396220
112 113 62332140
111 40 62325840
112 113 62324580
120 25 62321520
47 110 62313180
120 25 62307240
2 0 62300100
0 2 62291700
111 40 62289840
81 27 62266560
81 111 62266560
81 35 62266560
81 27 62248602
81 111 62248602
81 35 62248602
81 36 62248602
61 81 62236380
113 81 61998120
138 79 61990800
112 113 61980600
112 113 61978680
112 113 61978440
113 81 61976280
112 113 61972680
0 2 61968600
113 112 61967940
112 113 61967820
112 113 61962780
113 81 61962120
112 113 61956240
138 79 61954800
112 113 61950240
112 113 61950060
113 112 61942260
25 109 61907760
25 57 61907580
25 122 61907580
112 113 61892280
112 113 61892100
112 113 61891500
113 112 61883520
112 113 61875720
112 113 61872000
112 113 61867920
112 113 61867080
113 112 61866480
40 111 61834740
40 79 61834740
112 113 61808100
2 0 61805400
0 2 61802880
112 113 61802460
2 0 61800660
40 111 61798740
40 79 61798740
2 0 61792320
2 0 61790940
112 113 61790100
0 2 61785840
112 113 61782480
112 113 61777260
25 109 61774200
0 2 61771680
40 79 61731780
57 122 61726800
112 113 61723800
112 113 61715220
122 42 61711440
122 57 61711440
122 25 61711440
112 113 61707300
2 131 61696800
0 2 61692960
2 0 61691640
57 122 61690800
2 0 61686660
111 40 61651560
0 2 61629540
112 113 61625580
112 113 61624620
111 40 61615560
0 2 61614480
112 17 61607820
112 113 61606260
112 113 61447860
112 113 61373820
112 113 61365180
112 113 61355340
0 2 61354500
112 113 61354320
2 0 61353480
113 112 61351920
112 113 61348740
111 40 61300860
112 113 61286820
0 2 61279920
112 113 61278120
0 2 61275000
2 0 61273860
2 0 61271640
112 113 61269180
112 113 61268520
112 113 61268460
112 17 61268460
111 40 61264860
0 2 61264620
91 49 61197000
23 17 61193334
112 113 61189920
0 2 61176540
112 113 61112640
122 42 61100580
122 57 61100580
122 25 61100580
112 113 61097940
0 2 61088100
112 113 61023840
113 112 61017480
2 0 61011000
112 17 61004760
2 0 61001820
113 112 60766020
0 2 60753540
2 0 60743640
112 113 60741240
113 112 60667380
112 113 60661680
57 25 60644400
57 25 60644340
112 113 60597720
112 113 60596160
2 0 60582120
112 113 60574920
112 113 60571560
2 0 60570960
112 113 60521880
112 113 60508860
112 113 60499620
113 112 60499200
112 113 60490020
79 40 60487920
111 40 60472980
112 113 60427980
112 113 60427260
91 40 60426780
112 113 60421080
112 113 60414480
112 113 60413460
112 113 60399840
112 113 60397740
112 113 60396660
112 113 60396540
2 0 60390000
112 113 60265860
112 113 60265380
112 113 60163140
112 113 60151200
112 113 60150180
112 113 60149100
111 40 60147000
112 113 60143640
112 113 60143520
112 113 60143040
112 113 60142800
113 112 60141900
112 113 60141720
0 2 60140040
25 42 60130080
25 81 60130080
25 42 60094080
25 81 60094080
2 0 60077280
112 113 60075060
0 2 60075060
47 110 60071340
47 110 60071160
112 113 60067080
0 2 60065940
112 113 60064440
112 113 60059340
112 113 60058740
112 113 60053640
0 2 60047400
2 0 60046200
111 61 60040980
112 113 60010560
112 113 60010380
112 113 60009960
2 0 59995980
0 2 59991120
112 113 59990040
2 0 59989020
0 2 59988300
0 2 59984580
112 113 59981100
112 113 59975580
113 112 59974800
112 113 59973360
112 113 59971440
112 113 59970360
113 112 59968920
112 113 59967540
0 2 59961300
113 112 59954760
57 91 59953080
57 122 59953080
57 25 59952780
2 0 59902560
47 110 59896020
47 110 59895360
119 120 59892180
0 2 59890320
57 25 59870040
57 25 59869980
112 113 59822940
112 113 59816460
2 0 59816460
61 81 59793420
2 0 59789040
112 113 59559600
112 113 59559360
112 113 59559300
112 113 59559180
40 111 59545740
40 79 59545740
40 111 59540400
40 79 59540400
112 113 59535480
112 113 59533740
112 113 59532960
112 113 59531340
0 2 59530500
0 2 59522280
113 112 59446800
2 0 59443440
112 113 59395620
112 113 59395020
0 2 59366100
112 113 59359140
29 81 59322660
2 0 59290740
119 120 59276460
112 113 59268840
2 0 59203260
0 2 59202900
111 91 59200200
57 91 59179380
57 122 59179380
112 113 59105580
112 113 59036340
112 113 58962180
112 113 58958520
112 113 58958040
112 17 58958040
112 113 58955580
0 2 58948920
113 112 58947000
113 149 58947000
112 113 58938060
112 17 58938060
113 112 58937580
112 113 58933860
112 113 58930800
112 113 58930260
112 113 58929120
149 66 58928220
149 112 58928220
149 113 58928220
112 113 58928040
25 122 58885740
113 112 58870560
112 113 58863900
112 113 58842420
112 113 58784580
112 113 58784400
112 113 58776840
112 149 58756800
112 113 58756800
112 113 58756560
112 113 58755900
112 113 58754100
112 113 58753740
112 113 58753560
112 113 58753440
112 113 58752960
112 113 58703520
61 81 58701180
112 113 58697940
57 42 58697580
57 25 58697580
112 113 58697580
57 122 58697580
112 113 58683240
47 110 58682940
112 113 58670340
112 149 58667820
112 113 58667820
57 42 58657980
57 25 58657980
57 122 58657980
25 122 58623060
112 149 58619040
112 113 58619040
112 113 58618620
2 0 58613640
112 113 58603980
112 113 58595100
112 149 58591380
112 113 58591380
112 113 58590960
112 113 58590000
112 113 58581960
112 113 58332360
112 113 58329840
112 113 58329720
112 113 58328640
112 149 58328400
112 113 58328400
112 113 58326060
112 113 58325220
112 113 58263960
112 113 58260180
149 112 58260000
149 113 58260000
112 149 58256220
112 17 58256220
0 2 58236600
0 2 58235880
112 113 58235220
112 113 58234920
0 2 58233660
111 146 58226460
25 42 58191960
25 57 58191960
25 122 58191960
25 122 58191240
25 120 58190460
112 113 58184700
81 29 58184369
81 29 58176829
112 113 58174260
112 113 58173960
81 29 58172479
112 113 58167300
112 113 58164960
149 112 58164720
112 113 58163400
0 2 58156500
112 113 58153440
112 149 58153140
112 113 58153140
112 113 58152360
2 0 58144320
112 113 58098360
112 113 58090740
112 113 58090020
112 113 58089180
2 0 58075980
112 113 58072320
113 112 58069140
112 113 58069140
112 113 58069020
112 113 58067820
112 113 58066260
112 113 58065000
112 113 58063200
112 113 58062600
25 122 58057620
112 149 57999840
112 113 57987480
112 149 57983580
112 113 57981840
25 42 57981540
25 57 57981540
25 122 57981540
112 113 57980820
112 113 57980400
112 113 57979740
112 113 57979200
112 113 57978660
66 149 57977580
149 112 57975180
149 42 57975180
149 25 57975180
149 113 57975180
149 112 57972180
149 42 57972180
149 25 57972180
149 113 57972180
112 113 57811620
112 113 57811140
112 113 57810960
0 2 57733380
0 2 57731640
2 0 57654960
112 113 57638580
112 113 57638520
112 113 57635040
112 113 57634260
112 113 57634140
112 113 57633180
2 0 57626040
25 57 57588180
112 113 57577440
112 113 57576900
112 17 57576780
112 113 57571020
112 113 57570000
112 113 57549660
112 113 57548280
0 2 57542280
112 113 57494340
112 113 57481140
112 113 57467880
61 111 57467760
112 113 57462240
112 113 57461880
25 42 57415080
25 122 57414900
112 113 57404400
112 113 57399960
112 113 57399780
112 149 57395220
112 113 57395220
66 149 57383760
79 25 57377280
113 112 57376500
112 113 57376140
0 2 57374280
113 112 57373080
113 112 57371700
0 2 57369720
0 2 57369360
25 122 57325980
112 113 57294180
25 42 57225900
25 57 57225900
25 122 57225900
112 113 57147300
113 112 57136980
112 113 57135060
119 120 57133140
112 113 57126000
25 79 57124380
112 113 57115020
113 112 57101580
149 112 57052680
149 42 57052680
149 25 57052680
149 113 57052680
25 111 57050040
0 2 57049080
2 0 57041340
2 0 57040680
2 0 57038400
0 2 57026400
0 2 57025740
0 2 57025260
2 0 57021600
0 2 57020520
2 0 57020460
2 0 57020400
112 113 56975220
112 113 56970960
61 111 56966700
112 113 56965560
2 0 56963520
112 113 56962200
112 17 56961120
112 113 56950620
112 149 56945280
112 113 56945280
112 113 56940660
0 2 56938440
112 113 56890020
112 113 56889600
112 113 56888940
111 29 56885460
112 113 56881440
112 113 56881200
0 2 56879100
112 113 56873340
112 113 56871840
112 113 56868480
112 113 56860740
112 113 56859600
91 40 56858640
0 2 56858220
112 149 56856180
0 2 56854920
0 2 56854740
0 2 56853780
2 0 56852160
112 113 56798580
112 113 56790480
112 113 56788680
112 113 56783640
2 0 56775780
47 110 56775420
0 2 56775360
112 113 56700540
112 113 56699880
42 81 56552460
112 113 56537340
0 2 56532960
112 113 56532420
112 113 56531700
112 113 56528160
57 42 56526240
57 25 56526240
57 122 56526240
2 0 56519340
0 2 56512620
112 113 56512260
91 40 56506140
2 0 56447520
0 2 56444880
2 0 56443020
0 2 56439600
112 113 56439000
66 149 56436300
112 113 56434980
112 113 56433540
112 113 56431440
2 0 56420220
149 112 56416680
149 113 56416680
112 113 56381100
112 113 56380800
112 113 56380680
0 2 56333100
2 0 56332800
0 2 56329260
112 113 56285640
112 113 56283120
112 113 56280360
112 113 56280060
112 113 56275860
2 0 56270940
149 112 56268840
149 42 56268840
149 25 56268840
149 113 56268840
112 113 56268300
61 29 56268240
61 81 56268240
112 113 56258220
2 0 56254680
112 113 56253420
2 0 56243880
112 113 56082780
112 113 55943580
112 113 55943460
112 113 55943340
112 113 55942920
112 113 55942740
112 113 55942620
2 0 55930920
112 113 55898520
91 111 55888920
91 40 55888920
79 111 55867740
79 81 55867740
79 146 55867740
112 113 55845840
112 113 55843080
2 0 55841460
111 29 55833180
149 112 55832280
149 42 55832280
149 25 55832280
149 113 55832280
79 111 55831620
79 40 55831620
111 29 55829520
149 112 55829520
149 42 55829520
149 25 55829520
149 113 55829520
79 111 55828140
79 81 55828140
79 146 55828140
149 112 55827360
149 42 55827360
149 25 55827360
149 113 55827360
111 29 55826160
112 113 55821900
2 0 55819440
149 112 55813980
149 42 55813980
149 25 55813980
149 113 55813980
91 49 55810620
112 113 55810080
112 113 55809540
112 113 55809420
113 112 55802580
112 113 55763760
112 113 55761720
2 0 55759560
0 2 55752780
47 110 55749540
47 110 55748640
47 110 55747860
112 113 55744560
112 113 55734540
112 113 55726560
111 91 55721160
112 113 55717860
112 113 55717740
2 0 55670400
2 0 55665360
47 110 55652280
47 110 55652160
113 112 55647600
112 113 55646640
111 91 55635540
2 0 55591440
112 113 55587780
112 113 55579200
112 113 55577400
112 113 55575720
111 61 55574220
112 113 55569540
112 113 55569360
0 2 55560120
2 0 55559580
2 0 55558860
0 2 55555260
25 42 55484340
112 113 55422480
2 0 55322820
81 29 55322529
120 25 55318260
111 61 55317300
112 113 55311600
91 111 55307340
111 91 55307160
2 0 55306860
112 113 55301160
112 113 55300980
112 113 55299600
112 113 55299420
91 111 55292100
111 91 55291740
49 91 55239420
61 111 55231920
112 113 55231500
112 113 55229880
2 0 55227240
2 0 55221660
112 113 55221540
0 2 55218060
149 112 55214040
149 42 55214040
149 25 55214040
149 113 55214040
112 113 55212480
2 0 55212000
2 0 55211040
112 113 55166220
2 0 55144920
91 111 55131240
111 61 55126140
2 0 55123680
2 0 55121940
2 0 55120620
112 113 55087560
2 0 55070160
25 57 55066800
2 0 55065180
112 113 55058700
112 113 55054800
113 112 55051380
112 113 55051080
112 113 54976380
113 112 54973740
113 112 54973500
111 79 54963180
79 111 54962640
2 0 54960360
112 113 54953700
112 113 54953280
2 0 54952500
113 112 54948000
113 149 54948000
112 113 54829020
149 112 54757380
149 42 54757380
149 25 54757380
149 113 54757380
112 113 54730200
112 149 54730080
112 113 54730080
2 0 54713760
79 91 54710160
79 111 54710160
2 0 54707520
2 0 54694860
2 0 54689820
112 113 54637920
61 81 54630780
149 112 54630600
149 42 54630600
149 25 54630600
149 113 54630600
112 113 54628320
2 0 54625800
149 112 54603360
149 42 54603360
149 25 54603360
149 113 54603360
0 2 54601740
0 2 54600600
112 113 54543480
112 113 54543420
112 113 54543360
91 111 54524340
111 91 54523860
91 111 54516540
111 91 54515820
91 111 54514920
111 91 54514620
112 113 54513120
91 111 54512340
2 0 54458580
112 113 54450960
149 112 54429300
149 42 54429300
149 25 54429300
149 113 54429300
25 42 54423780
112 113 54373620
112 113 54357000
112 113 54301140
112 113 54300840
112 113 54122940
112 149 54121920
112 113 54121920
112 113 54115080
0 2 54112740
112 113 54098460
112 149 54098280
112 113 54098280
112 113 54096900
112 113 54093240
2 0 54030300
112 113 54023400
112 113 54022380
112 113 54012060
112 113 54006720
112 113 54001320
112 113 54000900
91 40 53993280
111 29 53944020
111 29 53943840
112 113 53935920
112 113 53935200
112 113 53929920
112 113 53921100
112 113 53917920
25 122 53873160
25 57 53871480
112 113 53861400
2 0 53858640
2 0 53858580
112 113 53858100
112 113 53854200
2 0 53852340
2 0 53850480
112 113 53849640
112 113 53843820
112 113 53834940
112 113 53832660
112 113 53832600
112 113 53832060
111 146 53784600
113 112 53769720
112 113 53768040
112 113 53767860
112 113 53757720
25 120 53754240
25 57 53754060
81 29 53751000
91 49 53743860
112 113 53658900
112 113 53658180
112 113 53657760
112 113 53616960
112 113 53616840
112 113 53616420
57 25 53500380
112 113 53482680
79 111 53419620
112 113 53404500
111 61 53343300
149 105 53314860
149 112 53314860
149 113 53314860
112 149 53273640
112 113 53273640
112 113 53272980
57 25 53253720
57 122 53242800
47 110 53234580
113 112 53067000
112 113 52913880
112 113 52913640
112 113 52913580
112 113 52828200
25 42 52800000
112 113 52796640
112 113 52796220
112 113 52793100
112 149 52792680
122 57 52792560
111 29 52723440
112 113 52665060
112 113 52664940
112 113 52664580
25 57 52639140
2 0 52638060
112 113 52590120
112 149 52578180
112 113 52578180
57 122 52554600
47 110 52546320
47 110 52545780
122 57 52541640
122 25 52541640
112 113 52495380
112 113 52456860
81 29 52453020
2 0 52273320
2 0 52273260
0 2 52267620
112 113 52223640
2 0 52214580
113 112 52209660
112 113 52205460
112 113 52191300
112 113 52137900
112 113 52137660
112 113 52135320
112 113 52133820
112 113 52133400
111 40 52123380
113 112 52121460
112 113 52118760
2 0 52115220
112 113 52113180
112 113 52112760
112 113 52109880
112 113 52109520
112 113 52109220
112 113 52105560
40 42 52104420
40 125 52104420
40 146 52104420
2 0 52044120
112 113 52041660
2 0 52033860
2 0 52021800
2 0 52018380
113 112 52018320
112 149 52017000
112 113 52017000
113 112 52014300
2 0 52012200
112 113 51766680
40 91 51679920
112 149 51677040
112 113 51677040
25 42 51624900
25 122 51624900
112 113 51620940
2 0 51612840
2 0 51612240
2 0 51581340
2 0 51577440
112 113 51535800
91 49 51515160
25 122 51489780
113 112 51452220
112 149 51442680
112 113 51442680
112 149 51428880
112 113 51428880
112 113 51414840
112 17 51414840
112 149 51414240
112 113 51414240
112 113 51078000
2 0 51065340
112 113 51011220
2 0 51006300
112 149 50988660
112 113 50988660
112 113 50979540
113 112 50972220
112 149 50928540
112 113 50928540
2 0 50922540
112 149 50917560
112 113 50917560
112 113 50909820
112 149 50909520
112 113 50909520
2 0 50905620
112 149 50900820
112 113 50900820
112 149 50900640
112 113 50900640
112 113 50896560
2 0 50886540
113 112 50838120
113 112 50837640
2 0 50832780
112 149 50813760
112 113 50813760
112 113 50812920
2 0 50802720
112 113 50752500
112 113 50744460
149 112 50741700
149 112 50740080
149 113 50740080
111 29 50738940
149 112 50736540
122 57 50731080
91 49 50730060
113 81 50550720
2 0 50488140
113 112 50472540
112 113 50409900
47 21 50393520
47 146 50393520
47 138 50393520
112 149 50393100
112 113 50393100
2 0 50386140
112 113 50378640
112 149 50378280
112 149 50378220
112 113 50378220
25 57 50330220
112 149 50320920
112 113 50320920
112 113 50300940
112 149 50299440
112 113 50299440
113 112 50298540
112 113 50296980
112 149 50296860
112 113 50296860
112 149 50294220
112 113 50294220
149 112 50291700
112 113 50291400
112 113 50290140
112 113 50288940
2 0 50288220
2 0 50288100
112 113 50233140
112 113 50232780
113 112 50232060
112 149 50227800
112 113 50227800
29 111 50224440
112 149 50221080
112 113 50221080
112 149 50220540
112 113 50220540
112 149 50217180
112 113 50217180
113 149 50214240
112 149 50212200
112 113 50212200
112 17 50204640
112 113 50204220
113 112 50204160
113 112 50204100
112 113 50203800
125 122 50201820
149 113 50201700
122 125 50201400
149 112 50200260
2 0 50199000
0 2 50197860
149 66 50196480
149 112 50196480
149 109 50196480
0 2 50196240
2 0 50195100
2 0 50194440
112 149 50129640
112 113 50129280
149 66 50129100
149 109 50129100
149 112 50128380
2 0 50127120
112 149 50123700
112 149 50121120
112 113 50121120
149 66 50120580
149 109 50120580
149 66 50120160
149 112 50120160
149 109 50120160
2 0 50119140
149 112 50118720
149 112 50116620
149 112 50115540
149 113 50115540
112 113 50115180
0 2 50112780
0 2 50110500
0 2 50109240
112 113 49864860
81 29 49791060
112 149 49788600
112 113 49788600
111 81 49787100
112 113 49776360
112 149 49772460
0 2 49771980
0 2 49769880
2 0 49698960
2 0 49686480
2 0 49681380
149 112 49680900
2 0 49680900
2 0 49680240
149 112 49677900
29 81 49602540
0 2 49590720
91 49 49586580
112 113 49541400
66 149 49533900
112 113 49528440
2 0 49522140
112 113 49521300
91 49 49518780
91 49 49517160
0 2 49507860
2 0 49506420
2 0 49502940
112 113 49284480
112 149 49277040
112 113 49277040
2 0 49273860
149 112 49270500
0 2 49270380
47 110 49263840
47 110 49263600
113 112 49257840
112 149 49197840
112 113 49197840
112 149 49193340
112 113 49193340
112 113 49192980
113 112 49181220
112 113 49181160
113 112 49181100
112 113 49180860
113 112 49180680
112 113 49180440
2 0 49179240
112 149 49175880
112 113 49175880
113 112 49174080
0 2 49171500
112 149 49170120
112 113 49170120
112 113 49168320
0 2 49165980
2 0 49164000
111 29 49105860
112 149 49091340
112 113 49091340
112 149 49081140
112 149 49080720
112 113 49080720
149 112 49077600
149 112 49074720
2 0 49015440
149 112 49004700
149 109 49004700
112 149 49003740
112 113 49003740
112 149 49003380
2 0 49003260
112 113 49002420
112 113 49002240
112 113 49001520
61 81 48999420
113 112 48996960
149 66 48993420
149 112 48993420
149 109 48993420
2 0 48985200
2 0 48930600
0 2 48928920
149 112 48912840
149 113 48912840
2 0 48898740
2 0 48898140
112 149 48493980
112 113 48493980
149 112 48482820
149 112 48481440
149 112 48480660
149 112 48480240
113 112 48477360
112 149 48477120
112 113 48477120
112 113 48472020
112 113 48471960
112 113 48471900
113 112 48464340
113 112 48459060
113 112 48420660
112 113 48418740
112 149 48411000
112 149 48409560
149 112 48403920
149 113 48403920
149 112 48401280
149 113 48401280
149 112 48393180
112 113 48386820
112 149 48386760
112 113 48386760
112 149 48331800
112 113 48331800
112 113 48327540
112 113 48325260
112 149 48320940
112 113 48315180
112 149 48308040
112 113 48308040
112 113 48299700
29 81 48299640
112 113 48056940
112 149 48055140
149 112 48047040
122 25 48031560
149 112 47980260
0 2 47970720
2 0 47966340
112 149 47964780
0 2 47962380
0 2 47961360
122 25 47961120
112 149 47960160
2 0 47947680
112 113 47902680
112 113 47901840
2 0 47875860
0 2 47874780
112 113 47871780
112 42 47871300
112 149 47869800
112 113 47869260
112 149 47866920
112 149 47864040
112 113 47864040
112 113 47863320
81 29 47862300
57 122 47799120
81 29 47793000
2 0 47791740
0 2 47789940
57 122 47788680
57 122 47788560
112 149 47783640
112 113 47783640
112 149 47782440
112 113 47782440
2 0 47777940
81 29 47720520
81 61 47720520
81 61 47715120
25 42 47710800
57 25 47707920
112 149 47696460
149 63 47457180
149 112 47457180
149 113 47457180
112 149 47446560
112 113 47446560
112 149 47444040
112 113 47444040
0 2 47440260
2 0 47432760
112 149 47384640
112 113 47384640
149 113 47375520
0 2 47375400
0 2 47375340
111 91 47370420
112 113 47369280
61 105 47366880
0 2 47344260
112 149 47288400
112 113 47288400
0 2 47288220
47 110 47284260
112 149 47206740
149 112 47206500
112 149 47206440
149 112 47200380
112 149 47195940
112 113 47195940
112 149 47190720
112 113 47190720
112 113 47190480
112 149 47188320
112 113 47188320
112 149 47178420
112 113 47178420
149 112 47172660
149 113 47172660
25 57 47135340
112 149 47122800
112 149 47113080
149 112 47107620
149 112 47105640
112 149 47102640
112 113 47102640
112 149 47100540
149 112 47099340
112 149 47097660
112 149 47093640
149 112 47092440
149 112 47086320
111 91 47027760
112 149 46943520
112 149 46942740
112 149 46942680
2 0 46857360
112 149 46847880
112 113 46847880
112 149 46838880
0 2 46837140
149 112 46829700
2 0 46827060
2 0 46775160
149 112 46773300
149 113 46773300
2 0 46770660
149 112 46767240
47 110 46756380
149 112 46755360
0 2 46743840
112 42 46694400
0 2 46677480
112 149 46675980
112 113 46675980
149 112 46671180
112 149 46669800
112 113 46669800
112 113 46662480
111 29 46659000
0 2 46652280
112 113 46596780
122 25 46583340
2 0 46580160
2 0 46485600
0 2 46484820
113 112 46354860
112 113 46346160
0 2 46252680
149 113 46246320
47 110 46244100
0 2 46239960
149 112 46235160
149 113 46235160
113 112 46232100
113 149 46232100
0 2 46230780
149 112 46227660
149 113 46227660
61 105 46221720
2 0 46220880
2 0 46164060
149 112 46163400
2 0 46159620
149 113 46156020
2 0 46151880
149 112 46151700
2 0 46141680
112 149 46134120
112 149 46061580
2 0 46059300
2 0 46049820
112 113 45999120
112 149 45994440
91 40 45993120
111 29 45992160
112 149 45982140
112 17 45977100
149 112 45973200
57 49 45972300
57 49 45968760
119 120 45966360
0 2 45885900
81 29 45884280
57 122 45882660
2 0 45878940
2 0 45876780
0 2 45875820
2 0 45875640
2 0 45874680
111 29 45824160
112 149 45641220
112 113 45641220
0 2 45640980
149 113 45637560
112 149 45633540
112 113 45633240
2 0 45628980
2 0 45628080
112 149 45624540
112 113 45624540
2 0 45622020
112 149 45564060
149 63 45556380
149 113 45556380
112 149 45556260
112 149 45550140
2 111 45538080
112 149 45483180
25 42 45390600
25 57 45390600
25 122 45390600
0 2 45388320
0 2 45380100
112 149 45363660
112 113 45363660
149 113 45362160
112 149 45311220
112 113 45311220
112 113 45045840
0 2 45040980
0 2 45037980
149 112 45036720
149 112 45036540
112 113 45033600
112 149 45023460
112 149 45022140
112 149 45016860
149 112 45014580
112 149 44948400
47 110 44942040
112 149 44941680
112 113 44941680
112 149 44940300
112 113 44940300
0 2 44938800
112 149 44928840
112 113 44861220
112 113 44859480
112 113 44854500
0 2 44845440
112 113 44786100
113 112 44783280
112 113 44783220
111 40 44689320
112 113 44685720
149 112 44679180
0 2 44668140
81 29 44667780
112 113 44498880
112 113 44439600
112 113 44430240
112 113 44428740
112 149 44412300
112 113 44412300
112 113 44344920
149 113 44344080
149 113 44339040
112 149 44289900
112 113 44289900
111 35 44261460
2 0 44257860
2 0 44257620
2 0 44255640
2 0 44253960
47 110 44250480
112 113 44237880
112 113 44235420
149 113 44233620
25 57 44196420
25 122 44196420
146 79 44179980
120 119 44159760
112 113 44097360
112 113 44096940
146 111 44093520
2 0 44081940
111 40 44073540
111 79 44073540
0 2 44064420
149 113 44061300
149 63 44061000
149 113 44061000
25 122 44025060
112 149 43835940
112 113 43835940
111 29 43831620
149 112 43824720
149 112 43813080
112 149 43806840
111 91 43748880
2 0 43748580
2 0 43747800
112 113 43730460
2 111 43720080
2 0 43718880
2 0 43718700
2 0 43718220
2 0 43718100
2 0 43717980
2 111 43666740
2 0 43657380
57 122 43645680
2 0 43644060
0 2 43643880
0 2 43643220
0 2 43639800
2 0 43575660
112 113 43562340
0 2 43553520
2 0 43553520
2 0 43550880
2 0 43541220
2 0 43473420
2 0 43472220
2 0 43462440
112 113 43240620
112 113 43215180
112 113 43127280
2 0 43027500
146 25 42970680
146 122 42970680
131 120 42968760
131 120 42957480
120 119 42945720
131 120 42942120
112 149 42880860
119 120 42876180
112 113 42625200
112 113 42624240
112 149 42609120
111 81 42540900
111 81 42533820
57 122 42533640
79 146 42530880
112 149 42529440
112 149 42529200
149 63 42512520
112 149 42469740
112 113 42469740
112 149 42454500
112 113 42454500
112 113 42443700
112 113 42429360
112 149 42428880
112 149 42384180
112 113 42384180
57 122 42364560
57 25 42330420
63 149 42281400
2 0 42263640
0 2 42256440
25 122 42202980
25 122 42202620
25 146 42195540
25 42 42195180
149 112 42024060
149 112 42006360
149 113 42006360
149 112 42004560
112 149 42003600
112 149 42003360
112 113 42003360
112 113 42002700
112 113 41998740
112 113 41998560
149 63 41995260
149 112 41995260
149 113 41995260
149 112 41957280
149 112 41942340
112 149 41930820
112 149 41929200
112 113 41929200
113 112 41918220
2 0 41911740
0 2 41905200
57 25 41898540
112 113 41860560
112 113 41858640
2 0 41851080
112 63 41850540
112 149 41850540
112 113 41850540
149 112 41849760
112 149 41835120
112 113 41835120
149 113 41815860
2 0 41814060
149 112 41768520
112 149 41762580
112 149 41757780
149 112 41757060
112 113 41753160
112 149 41747880
2 0 41731680
0 2 41729700
113 112 41489940
112 113 41417220
112 113 41404500
112 149 41401740
112 113 41401740
112 113 41400180
112 113 41399700
112 149 41341200
112 113 41327280
112 149 41315460
125 57 41315460
125 25 41315460
125 146 41315460
125 122 41315460
149 112 41239020
112 149 41227080
149 112 41223180
149 112 41222340
149 113 41222340
112 113 41219400
112 149 41217480
111 29 41205420
149 112 41183040
149 113 41183040
112 149 41150760
112 149 41148840
112 113 41148840
149 112 41140620
149 112 41140500
112 149 41130360
112 149 41130240
112 113 41130060
111 29 41129220
0 2 41065920
2 0 41064840
2 0 40804500
57 122 40789080
131 120 40636740
2 0 40636500
2 0 40624200
57 122 40599900
81 29 40540080
149 112 40536060
2 0 40535400
2 0 40521540
0 2 40520160
149 112 40490400
111 79 40447320
111 146 40447320
2 0 40436040
0 2 40434120
2 0 40433340
131 120 40182180
131 120 40179120
131 120 40121880
111 29 40103400
111 81 40103400
81 29 40093800
112 113 40034520
149 112 40016640
149 113 40016640
111 29 40012860
25 42 40012620
111 29 39995640
57 122 39941520
131 122 39939660
2 0 39934680
0 2 39912840
112 113 39606180
61 29 39568620
61 81 39568620
112 113 39489540
112 113 39487500
111 61 39404760
112 113 39403620
111 61 39327480
112 113 39261360
81 29 38963580
111 29 38906460
60 77 38645700
111 61 38181840
149 113 38099340
57 122 37675620
111 29 37588440
111 29 37518240
111 61 37494780
111 61 37434540
112 149 37417920
81 29 37093260
81 29 37000980
112 113 36926520
112 17 36926520
25 57 36923160
111 61 36828540
111 61 36817740
25 57 36553620
111 29 36365760
111 29 35957460
111 61 35799000
2 79 35704560
146 138 35275560
113 112 34756500
113 149 34756500
57 25 34738800
57 122 34738800
111 61 34727460
29 81 34039200
29 81 33884880
81 29 33877020
146 81 33290040
146 81 32834340
81 29 32106420
81 29 31968000
146 81 31545600
112 17 31397280
146 111 30781500
149 112 30497220
149 113 30497220
61 81 29812800
60 77 29743200
111 29 29478180
111 29 29311620
112 17 28784640
111 61 28614000
146 79 28593840
111 40 27927660
146 111 26807220
146 111 26801100
81 111 25346580
81 35 25346580
81 61 25346580
81 146 25346580
81 61 24796680
81 61 24795660
81 61 23874600
149 113 22983180
149 113 22372980
149 113 18332580
149 113 18259800
149 113 18227340
149 113 17491440
2 131 17365380
2 111 14455140
