13 14 90675072
13 14 90675048
13 14 90675017
13 14 90674917
13 14 90674878
13 14 90674853
13 14 90674823
13 14 90674722
13 9 90673802
13 14 90673649
13 14 90672343
13 14 90657092
9 12 90423480
13 9 90415126
9 13 90408688
13 9 90404005
13 14 90241911
13 16 90241911
12 13 90239740
13 14 90164928
13 14 90142424
13 16 90142424
13 14 89981286
16 14 89730093
12 9 89703537
9 12 89703129
13 14 89463392
14 13 89458878
13 23 89200545
23 13 89192033
14 13 89187933
13 14 89186457
13 16 89186457
13 14 88951540
13 16 88951540
13 14 88867878
13 16 88867878
14 13 88865811
14 13 88837878
14 16 88837878
26 27 88532323
26 28 88532323
26 29 88532323
26 30 88532323
13 14 88510669
13 16 88510669
13 16 88496429
16 13 88493328
12 9 88240541
14 13 87981599
14 16 87910506
16 13 87745230
16 14 87745230
16 12 87745230
45 32 87223766
26 27 87198824
23 9 87129043
9 23 87127311
23 9 87125442
13 16 87120744
13 16 87112850
26 27 87104661
14 13 87055787
12 16 87050971
12 23 87050971
23 12 86764026
14 13 86708120
12 16 86695037
12 23 86695037
13 14 86694164
13 16 86694164
30 27 86679590
30 60 86679590
90 67 86619818
90 74 86619818
26 27 86616462
89 27 86615316
89 26 86615140
40 95 86600978
40 29 86600978
40 95 86598730
26 71 86546943
26 27 86542849
26 28 86542849
26 29 86542849
26 30 86542849
13 14 86535204
26 89 86515040
89 26 86514965
14 13 86506486
14 16 86506486
71 37 86448387
71 26 86448387
68 30 86421699
13 16 86418081
67 90 86270708
71 37 86265309
71 26 86265309
26 89 86179338
14 13 86169200
13 14 86165332
13 16 86165332
16 13 86159888
16 14 86159888
26 27 86115188
26 28 86115188
26 30 86115188
13 16 86106324
13 14 86102928
13 16 86102928
100 28 86097957
26 27 86094440
13 16 86086977
14 13 86082945
14 16 86082945
14 13 86080299
14 16 86080299
28 26 86079328
26 100 86077924
26 30 86075311
26 28 86016001
26 28 86012109
90 67 86009240
90 74 86009240
90 102 86009240
26 27 86009067
26 28 86009067
26 28 86008792
30 60 86005399
30 60 86005320
14 13 85996722
14 16 85996722
57 56 85995987
26 28 85989679
67 90 85973154
67 90 85947717
14 13 85931149
14 12 85931149
13 14 85909082
13 16 85909082
26 89 85903061
26 30 85841417
26 30 85841230
30 27 85838991
30 28 85838991
30 43 85838991
13 14 85834634
67 90 85617100
13 14 85570946
13 16 85570946
12 13 85557047
13 16 85494995
13 14 85494240
13 16 85494240
13 14 85475335
13 16 85475335
13 16 85472234
13 16 85471047
13 14 85470319
13 16 85470319
12 13 85468733
12 23 85468733
23 13 85413955
23 12 85413955
13 14 85408694
30 60 85328524
104 105 85326926
104 108 85326926
13 14 85314136
29 108 85310228
60 30 85292749
26 30 85126110
30 26 85125507
26 27 85048048
26 28 85048048
26 30 85048048
28 26 84969418
12 13 84969198
13 12 84967849
14 13 84967307
12 13 84959690
100 28 84956408
13 14 84953499
13 16 84953499
13 14 84947325
13 16 84947325
26 28 84896877
30 68 84871504
30 60 84871504
9 12 84864911
104 105 84811762
104 108 84811762
104 105 84803774
104 108 84803774
26 89 84798599
26 27 84793890
26 28 84793890
26 30 84793890
26 60 84793890
26 89 84793890
12 9 84793859
9 12 84793132
95 40 84788431
40 95 84785354
89 68 84785178
12 9 84782839
9 12 84782748
13 14 84621049
13 16 84621049
13 14 84613043
13 14 84612698
14 13 84612162
14 16 84612162
9 12 84611631
13 12 84610187
104 105 84375788
104 108 84375788
104 105 84369530
104 108 84369530
104 105 84367795
104 108 84367795
12 9 84366032
23 13 84356534
12 13 84356487
12 23 84356487
13 23 84355948
23 13 84355736
23 12 84355736
13 12 84355364
13 23 84355364
104 105 84280283
104 108 84280283
13 14 84275629
13 16 84275629
30 27 84269145
13 14 84264375
13 14 84260938
13 16 84260938
14 13 84260502
13 14 84200258
104 105 84176069
104 108 84176069
13 14 84104485
89 71 84101432
26 71 84094301
26 71 84094266
26 71 84027720
13 14 84026877
13 16 84026877
68 71 84021462
68 26 84021462
104 105 84019464
104 108 84019464
26 68 84014068
30 26 84013617
13 14 84002626
13 16 84002626
13 33 84002218
104 105 83993921
104 108 83993921
104 105 83764727
104 108 83764727
13 14 83741000
13 16 83741000
13 33 83683796
30 27 83661921
13 14 83591678
13 23 83584843
23 13 83584133
90 67 83578044
90 102 83578044
13 23 83577308
90 67 83575560
90 102 83575560
90 67 83571549
90 117 83571549
90 102 83571549
13 16 83568488
13 14 83568345
13 16 83568345
26 27 83431026
26 28 83431026
26 71 83431026
26 30 83431026
26 27 83430365
26 28 83430365
26 71 83430365
26 30 83430365
104 105 83415524
104 108 83415524
90 67 83412342
90 117 83412342
90 102 83412342
26 27 83320328
26 71 83320328
26 30 83320328
26 89 83320328
13 16 83057349
33 9 83054731
26 27 82796547
26 27 82616767
26 30 82616767
26 71 82537746
13 14 82460482
89 27 82376790
13 33 82367498
16 37 82362529
16 13 82362529
13 14 82305869
13 16 82305869
13 16 82272971
13 16 82272923
68 27 82265069
104 105 82207419
104 108 82207419
124 37 82204650
13 14 82186231
40 29 82185347
40 29 82185312
14 13 82180671
13 16 82178770
71 26 82016328
26 71 81965296
40 95 81931096
40 95 81927445
13 33 81844335
40 95 81840531
13 14 81788767
13 16 81788767
40 95 81774994
9 23 81762753
14 13 81756563
89 71 81700758
16 13 81689099
40 95 81686990
100 28 81683237
40 95 81668009
13 33 81667931
9 12 81667489
12 9 81666399
9 12 81666176
9 33 81664714
40 95 81601467
14 16 81599086
13 14 81587933
13 16 81587933
40 95 81585150
40 95 81341164
9 33 81327920
14 13 81323037
14 12 81323037
40 95 81256088
40 95 81170209
43 57 81163784
30 26 81156258
100 28 81152776
43 121 81146116
40 95 81144222
9 33 81087394
40 95 81087280
100 24 81062957
40 95 81056168
40 95 81000504
43 121 80996342
9 23 80977279
40 95 80974636
9 33 80755635
68 128 80742653
68 45 80742653
28 100 80713612
40 95 80654247
40 29 80654247
68 128 80652048
13 14 80639849
13 16 80639849
9 12 80633925
9 33 80631183
9 23 80556538
13 14 80547416
23 13 80494084
13 23 80488554
23 13 80487009
13 12 80480018
37 131 80471612
28 100 80468182
37 131 80468042
28 100 80462687
13 14 80461956
13 16 80461956
13 14 80400466
43 95 80395738
43 54 80395738
80 131 80391415
105 104 80374504
104 105 80362403
9 23 79940001
124 56 79875777
9 33 79856935
100 28 79847578
124 56 79781432
80 131 79775429
14 13 79540155
13 12 79536464
13 14 79513554
14 13 79446288
14 13 79445107
14 16 79445107
16 13 79442731
14 13 79435710
28 26 79432589
28 89 79432589
29 40 79431789
13 14 79430242
28 100 79428537
100 28 79426439
37 131 79424776
131 80 79367426
37 131 79365100
28 89 79359210
131 37 79358646
26 89 79357506
100 28 79347613
40 29 79345577
13 14 79342352
28 89 79340691
37 131 79340313
26 71 79337800
14 13 79284279
13 14 79283577
13 16 79283577
40 29 79274087
14 13 79270583
40 29 79262019
40 29 79261560
40 95 79260216
40 29 79260216
43 54 79253422
28 100 79194475
28 89 79194475
68 128 79177292
68 45 79177292
40 29 79176344
68 27 79169972
68 69 79169972
68 45 79169972
13 14 79165987
13 16 79165987
28 26 79164619
28 89 79164619
37 124 78923522
33 9 78921328
13 16 78920089
13 16 78919261
16 13 78913073
131 37 78911330
131 124 78911330
131 37 78843095
124 37 78824231
124 131 78823971
131 37 78823014
131 124 78823014
105 104 78779746
23 33 78753675
23 9 78753675
28 100 78728796
100 28 78725386
40 95 78722611
40 29 78722611
16 13 78690016
16 13 78670731
26 71 78668186
9 13 78666865
16 13 78664200
16 14 78664200
26 27 78662004
68 69 78661579
68 128 78661579
68 100 78661579
71 69 78660352
71 26 78660352
26 69 78651418
26 71 78651418
26 71 78651372
71 69 78649804
71 26 78649804
80 131 78649741
26 71 78639744
13 14 78572714
124 56 78566548
13 16 78553679
13 14 78552421
13 16 78552421
14 13 78313142
33 9 78299994
13 14 78244786
37 131 78234271
14 13 78215932
131 37 78158721
105 5 78157670
37 131 78157095
13 14 78156021
13 16 78156021
23 33 78149655
80 131 78132308
32 27 78131785
13 14 78123246
13 16 78123246
40 95 78120733
131 37 78063432
45 69 78056683
90 117 77985901
90 102 77985901
100 28 77983537
5 105 77980678
9 33 77980317
9 13 77980317
40 29 77974807
40 95 77974328
90 117 77954576
90 102 77954576
23 13 77953509
14 13 77898621
13 14 77898619
13 16 77898619
89 26 77718443
124 56 77716503
14 13 77714934
27 26 77708088
13 14 77705224
13 14 77704352
117 74 77703472
74 117 77703471
74 90 77703471
80 131 77695157
32 27 77693912
131 37 77691059
80 131 77684290
131 80 77635159
90 117 77631064
90 102 77631064
13 14 77630743
14 13 77630614
9 33 77611649
9 23 77611108
14 13 77609207
71 5 77607613
131 37 77607325
89 71 77551823
105 33 77550332
14 13 77544840
14 13 77540623
80 131 77534164
23 13 77533366
13 14 77532996
13 23 77531884
26 28 77531328
5 105 77528339
64 87 77527873
64 90 77527873
23 13 77523730
40 95 77522671
40 29 77522671
13 14 77519975
13 16 77519975
124 56 77518414
27 26 77510545
27 32 77510545
28 89 77465118
28 100 77464629
26 100 77464267
105 5 77461353
13 14 77461251
13 16 77461251
14 16 77461243
23 33 77452551
23 33 77452098
9 12 77449979
37 131 77443859
37 124 77443859
124 37 77441687
90 117 77382200
90 102 77382200
14 12 77377381
104 105 77376049
131 37 77372500
14 13 77370488
37 131 77365680
131 37 77364486
14 13 77363838
14 13 77361279
23 33 77359181
131 37 77352620
13 14 77351977
13 16 77351977
23 13 77350032
131 80 77349956
12 13 77345894
57 124 77341453
80 131 77339709
13 23 77281548
105 5 77277575
13 14 77186619
13 12 77185901
14 13 77130840
131 80 77114645
14 16 77113156
14 13 77112855
90 117 77112767
90 102 77112767
90 117 77110271
90 102 77110271
90 117 77092064
90 102 77092064
13 14 77030994
13 16 77030994
13 14 77030873
13 16 77030873
90 117 77030176
90 102 77030176
37 124 77029737
13 16 77026801
13 23 77008498
37 124 77007089
23 33 77006424
89 28 77005797
23 13 77004081
23 14 77004081
131 80 77003443
37 124 77002930
124 37 77000794
13 14 76999918
13 16 76999918
14 13 76999031
29 40 76997900
37 131 76946369
90 117 76940513
90 102 76940513
124 56 76936090
37 124 76934662
9 33 76932983
131 37 76929529
131 37 76928322
37 131 76920677
124 37 76920176
124 37 76918765
131 80 76916273
14 13 76914294
89 27 76914286
124 56 76914134
90 117 76862019
90 102 76862019
37 124 76860896
37 124 76859835
131 37 76858626
14 13 76850567
14 12 76850567
14 23 76850567
28 100 76843434
28 100 76843432
100 28 76842884
13 14 76840241
23 33 76838005
90 117 76837164
90 102 76837164
13 14 76827011
13 16 76827011
131 80 76771122
100 28 76763773
26 28 76762132
26 71 76762132
117 90 76747521
14 13 76746667
14 12 76746667
14 23 76746667
13 14 76744012
13 16 76744012
5 105 76682829
26 27 76606490
13 14 76516287
117 87 76502795
117 90 76502795
87 90 76496280
90 117 76495809
90 102 76495809
69 27 76491221
40 29 76487023
14 13 76484405
14 13 76482394
13 14 76427202
13 16 76427202
13 16 76417540
9 33 76390233
131 80 76335972
33 9 76334424
9 33 76332130
13 14 76330351
131 80 76329780
80 131 76329435
56 24 76328953
131 37 76328661
23 33 76326572
23 9 76326572
33 9 76324665
9 33 76308081
9 33 76295447
40 95 76249327
13 16 76248008
131 80 76244970
23 13 76244179
95 40 76244159
68 128 76242934
68 45 76242934
37 131 76239932
23 13 76226457
23 33 76226424
37 131 76226293
14 13 76225055
80 131 76215687
13 14 76166764
13 16 76166764
13 14 76166208
13 16 76166208
13 14 76165744
13 16 76165744
14 13 76165654
131 80 76155619
13 16 76151587
13 14 76151467
13 16 76151467
13 9 76151467
13 12 76151467
12 9 76149258
26 30 76144723
26 89 76144723
69 27 76142342
69 32 76142342
14 13 76137993
26 89 76001605
9 12 75820329
131 37 75819208
131 37 75814874
87 24 75744095
12 9 75726049
56 24 75721079
90 117 75718522
90 102 75718522
14 16 75711867
13 14 75666619
13 16 75666619
14 13 75641550
13 14 75641550
71 28 75640372
13 14 75580769
13 14 75579650
13 16 75579650
13 14 75579522
13 16 75579522
9 13 75558956
9 23 75558956
124 37 75553224
90 117 75539661
90 102 75539661
90 117 75531252
90 102 75531252
90 117 75528890
90 102 75528890
131 80 75288123
100 28 75287581
80 131 75287575
26 28 75285045
26 28 75284661
26 28 75280975
68 45 75280057
68 32 75280057
12 13 75275939
12 14 75275939
80 131 75275836
26 27 75275158
26 28 75275158
26 30 75275158
26 60 75275158
26 89 75274007
131 80 75273563
26 89 75270070
80 131 75269743
13 14 75215204
100 28 75213548
100 26 75211419
100 28 75205091
13 14 75204823
13 16 75204823
117 74 75204332
71 110 75204275
13 14 75202507
13 16 75202507
105 5 75193843
105 5 75193812
16 13 75193785
131 37 75191895
9 12 75190775
12 13 75187713
13 14 75186736
13 12 75186736
28 100 75178186
26 27 75143453
131 80 75120918
131 37 75120079
131 80 75118590
131 80 75116633
90 74 75105737
90 117 75105737
90 102 75105737
90 87 75105737
100 63 75099690
100 63 75099595
121 43 75094620
124 56 75045219
124 56 75028725
131 80 75028143
80 131 75024097
102 117 75023271
14 16 75019308
71 5 75016230
5 71 75016134
71 5 75015600
40 95 75012856
40 29 75012856
131 80 74954371
13 14 74952048
13 16 74952048
12 23 74948241
124 56 74943518
28 100 74941699
28 100 74941698
33 23 74939744
14 13 74931808
14 16 74931808
14 13 74931745
14 16 74931745
131 80 74926068
69 45 74920476
13 14 74871477
13 16 74871477
131 80 74694073
100 28 74688738
26 28 74682294
26 27 74681027
26 28 74681027
26 30 74681027
26 60 74681027
69 27 74678524
13 14 74662614
13 16 74662614
105 5 74611062
90 117 74607144
90 102 74607144
13 33 74594773
13 14 74594773
13 12 74594773
5 105 74580179
13 12 74527614
13 23 74527614
13 14 74506245
13 16 74506245
5 105 74498027
90 117 74490922
90 102 74490922
37 131 74439903
124 56 74437158
13 14 74436778
13 16 74436778
90 117 74414358
90 102 74414358
37 124 74410076
131 37 74409881
26 89 74409783
13 14 74409372
13 16 74409372
13 16 74408522
13 16 74408294
14 13 74337155
45 68 74328342
45 68 74325239
13 14 74324798
13 16 74324798
13 14 74324022
13 16 74324022
68 45 74323866
68 32 74323866
13 14 74321380
13 16 74321380
100 28 74315222
100 89 74315222
131 37 74089254
89 27 74073834
89 28 74073834
89 30 74073834
89 26 74073834
9 33 74073288
37 131 74064856
26 28 74011406
26 100 74011406
90 117 74001862
90 102 74001862
131 80 73999451
26 27 73996212
26 28 73996212
26 30 73996212
26 60 73996212
100 28 73996001
45 68 73992003
45 128 73992003
131 80 73976971
131 80 73975920
13 14 73922278
131 37 73920295
131 37 73905064
100 28 73894612
68 45 73889641
68 32 73889641
26 28 73746720
26 100 73746720
28 100 73728290
68 45 73722363
68 32 73722363
37 131 73721159
89 26 73459945
131 37 73457610
26 27 73378389
26 28 73378389
26 30 73378389
26 60 73378389
69 128 73360566
131 37 73315408
37 131 73309503
68 45 73282895
68 32 73282895
68 45 73280496
68 32 73280496
131 37 73198450
100 28 72868174
69 128 72785879
28 100 72770139
100 63 72762086
37 131 72625744
37 131 72622403
68 45 72536205
68 32 72536205
30 68 72525609
104 105 72498850
104 105 72277462
131 37 72273107
131 37 72272544
131 37 72268669
26 27 72254038
43 5 72183392
68 45 72101746
68 32 72101746
131 37 72086501
131 80 72086501
30 26 72086079
131 37 72019920
60 26 72014475
104 105 72006541
100 26 71984655
26 28 71934740
26 100 71934740
37 131 71934585
100 28 71896878
26 27 71648883
26 28 71648883
26 30 71648883
131 37 71648671
68 45 71644113
60 26 71577736
131 37 71574745
29 40 71554772
100 24 71501068
33 13 71494729
33 12 71494729
131 37 71475440
100 28 71462275
131 37 71406806
30 26 71399081
43 54 71380263
33 13 71330248
33 12 71330248
37 131 71311172
131 37 71306211
37 131 71305281
29 40 71299736
131 37 71299568
131 37 71067493
131 37 71056021
100 28 71053871
100 28 70983302
100 28 70975756
13 12 70973459
13 9 70956141
13 9 70953975
43 121 70945438
131 37 70890522
68 45 70885323
68 32 70885323
100 28 70883467
5 105 70882647
26 27 70812034
117 74 70799836
26 27 70725973
117 90 70722653
37 131 70710099
43 121 70702325
30 27 70701464
63 5 70451854
5 105 70431785
71 5 70364836
131 37 70281515
90 117 70280400
90 102 70280400
131 37 70266522
131 37 70199710
26 27 70178057
26 27 70168815
100 63 70119684
43 121 70106155
13 23 70101552
95 29 70098055
16 13 69856011
95 40 69854153
13 9 69853554
13 9 69852882
95 29 69847875
43 121 69679276
117 74 69580827
43 121 69568640
43 121 69568365
100 28 69566638
131 37 69248919
68 128 69238488
37 131 69224758
37 131 69149504
131 37 69147821
117 74 69143725
43 121 69137471
68 45 69135535
68 32 69135535
26 30 69071490
69 128 68990070
69 45 68990070
69 32 68990070
43 121 68986840
131 37 68982477
131 37 68981693
68 45 68967950
68 32 68967950
68 45 68908093
68 32 68908093
117 74 68889256
117 90 68889256
68 45 68457310
68 32 68457310
131 37 68449099
43 121 68441381
43 121 68378729
43 121 68378695
100 28 68354809
100 28 68354267
43 57 68351206
43 121 68351206
30 68 67944500
26 68 67926475
26 30 67926475
100 24 67924614
68 128 67767519
100 28 67764929
26 27 67763132
26 28 67763132
26 30 67763132
100 68 67761073
90 74 67697915
90 87 67697915
102 117 67617883
131 37 67347938
26 89 67324786
100 28 67235080
68 100 67153873
43 56 67087457
43 57 67087457
69 128 66814730
69 45 66814730
69 32 66814730
131 37 66739294
90 74 66725412
74 90 66725058
100 90 66713741
43 121 66659341
131 37 66653001
26 27 66651682
43 56 66642120
43 57 66642120
43 121 66642120
43 56 66641871
43 57 66641871
43 121 66641871
100 63 66565218
5 71 66545130
131 37 66545129
100 68 66496837
30 27 66470389
71 5 66381394
5 71 66321656
26 27 65973640
26 30 65966389
128 69 65531835
100 63 65520030
26 30 65450352
30 26 65448446
40 95 65356010
26 30 65262361
69 128 65250755
69 45 65250755
69 32 65250755
131 37 65034960
26 30 65014453
131 37 64998960
131 37 64861860
26 30 64855048
26 27 64854910
26 30 64854910
131 37 64846140
37 131 64839360
37 131 64803360
26 28 64770341
57 56 64740076
29 30 64736203
29 30 64736168
30 29 64736144
26 28 64721886
26 30 64721886
26 60 64721886
29 27 64407329
29 30 64407329
29 43 64407329
68 45 64166580
68 32 64166580
74 117 64159025
68 45 64130580
68 32 64130580
37 131 64064400
121 56 64045073
37 131 64028400
131 37 64026840
37 131 63798660
37 131 63762660
68 45 63596460
68 32 63596460
68 45 63594240
68 32 63594240
71 110 63563760
71 110 63559920
71 110 63527760
71 110 63523920
37 71 63510720
131 37 63503460
131 37 63444720
37 131 63172020
138 95 63038220
131 37 63004440
131 37 63004320
45 68 62921700
45 68 62885700
57 56 62875260
57 56 62839260
68 45 62816220
68 32 62816220
57 56 62426160
117 63 62404440
57 56 62390160
37 131 62305380
37 131 62212860
57 56 61996320
57 56 61960320
117 74 61871700
117 24 61871700
117 87 61871700
117 102 61856820
40 95 61834740
117 63 61803060
40 95 61798740
40 95 61731780
57 56 61726800
37 131 61709700
57 56 61690800
117 63 61371360
87 24 61334580
87 24 61167300
57 121 61137060
37 131 61108020
57 121 61101060
117 63 61089660
40 95 61039440
40 95 61003440
57 56 60997620
117 90 60759120
117 90 60759000
87 24 60737100
131 37 60502920
57 56 60493020
37 131 60485220
131 37 60484620
105 14 60161485
57 56 60065220
57 142 59953080
131 37 59810220
9 13 59553840
9 149 59553840
9 12 59553840
95 40 59549940
40 95 59545740
40 95 59540400
95 40 59529780
95 40 59463060
131 37 59459700
95 40 59451540
37 131 59447460
57 56 59378220
57 56 59362200
37 95 59360880
37 131 59294400
131 37 59283060
131 37 59276940
37 131 59203200
57 142 59179380
95 40 58937280
149 24 58928220
149 87 58928220
149 9 58928220
149 90 58928220
57 56 58753200
57 142 58697580
57 121 58697580
131 37 58676760
57 142 58657980
57 121 58657980
37 131 58605660
37 131 58605600
37 131 58605480
117 74 58231440
117 140 58231440
117 24 58061340
149 24 57975180
149 24 57972180
117 87 57729840
117 87 57725220
117 24 57648180
117 87 57648180
117 24 57481800
117 87 57481800
95 40 57451680
117 24 57399120
117 87 57399120
37 131 57367980
117 87 57367560
117 87 57366900
149 24 57052680
117 24 57048660
117 87 57048660
117 24 56966640
117 87 56966640
117 24 56944200
117 87 56944200
57 121 56866980
9 33 56785027
57 142 56526240
57 56 56445720
57 64 56344920
57 64 56343900
149 24 56268840
117 24 55928640
117 87 55928640
149 24 55829520
149 24 55827360
149 24 55813980
37 131 55757940
57 56 55655040
57 56 55654860
117 140 55577940
9 12 55322940
57 56 55222380
57 56 55221960
149 24 55214040
117 24 55148880
117 87 55148880
117 24 55058220
121 56 55043880
149 24 54757380
149 24 54630600
149 24 54603360
117 24 54531900
117 87 54531900
117 102 54456480
117 102 54453000
117 90 54452640
117 90 54451920
149 24 54429300
57 56 54006600
117 102 53407620
149 105 53314860
149 24 53314860
149 9 53314860
57 56 53242800
68 45 53219100
117 102 52896000
117 102 52894920
149 90 52709460
57 56 52554600
117 24 52219080
117 87 52219080
117 24 52218540
117 87 52218540
117 24 52128900
117 87 52128900
64 142 52117080
142 64 52114080
37 131 51609780
68 45 51522360
117 24 51006420
117 87 51006420
131 37 50992080
57 64 50914320
57 56 50817600
149 24 50741700
149 9 50740080
149 24 50736540
37 12 50342700
104 33 50315820
104 105 50315820
104 33 50315700
104 105 50315700
149 24 50297820
104 33 50291820
104 105 50291820
117 102 50220900
9 33 50220000
104 33 50217600
104 105 50217600
104 33 50217540
104 105 50217540
104 33 50217480
104 105 50217480
56 57 50200440
9 33 50199060
149 87 50196480
149 24 50129100
149 87 50129100
149 9 50129100
149 24 50120580
149 87 50120580
149 87 50120160
68 45 50119680
68 45 50119020
149 24 50116620
9 33 49856880
9 33 49687440
9 33 49620180
149 71 49600500
149 71 49597080
9 33 49554420
9 12 49554420
149 71 49521960
117 102 49518780
117 102 49505160
149 24 49270500
104 33 49267740
104 105 49267740
68 45 49257660
68 45 49245600
68 45 49092240
23 9 49086840
57 56 49009740
149 24 49004700
9 33 49001940
9 12 49001940
149 24 48993420
149 87 48993420
149 24 48912840
74 102 48797700
74 140 48797700
149 24 48403920
149 24 48401280
68 45 48388860
68 45 48387780
68 45 48377820
68 45 48313980
68 45 48294000
68 45 48292320
68 45 48291720
140 102 48084720
56 57 48049140
117 87 47807700
57 56 47799120
68 45 47783220
68 45 47781720
68 45 47779620
140 102 47743920
57 56 47706660
57 64 47697720
149 63 47457180
149 24 47457180
149 24 47375520
9 12 47361840
68 45 47207340
149 24 47199060
57 64 47189280
57 64 47188260
57 64 47185980
149 64 47172660
149 24 46773300
149 24 46246320
9 13 46228320
9 149 46228320
9 12 46228320
149 24 46075740
57 56 45972300
57 56 45968760
149 24 45888300
57 56 45882660
149 24 45876180
149 24 45641460
149 63 45556380
149 64 45556380
149 24 45556380
131 37 45466860
149 24 45464400
149 24 45452100
57 56 45451560
149 24 45450600
149 24 45377160
149 24 45362160
149 24 45302640
149 24 45302580
57 56 45276420
149 24 45036540
149 24 45014580
149 24 44855400
57 24 44760900
149 71 44759280
149 24 44339040
149 63 44061000
149 24 44061000
149 24 43813080
57 56 43645680
37 131 43486140
57 56 43116540
57 64 42881100
57 56 42857820
149 24 42607800
57 56 42533640
149 63 42512520
149 24 42512520
57 64 42435060
63 149 42281400
149 71 42274200
57 56 42246420
149 90 42021720
149 24 42015540
149 63 41995260
149 24 41995260
149 24 41768520
149 24 41239020
9 33 41215260
9 13 41215260
9 12 41215260
149 24 41183040
149 24 41140860
57 56 40789080
64 24 40615920
68 45 40546620
149 64 40490400
131 37 40179120
131 37 40175760
149 24 40107180
149 24 40106640
149 87 40106640
57 56 39941520
57 56 39832500
57 56 39573480
9 13 38802960
9 12 38802960
60 28 38645700
57 56 38645640
57 56 38642520
57 56 38638140
57 64 38623800
9 13 38573460
9 149 38573460
9 12 38573460
57 56 38123400
57 56 37675620
9 12 37593360
57 64 37502040
57 24 37502040
149 71 37429560
149 24 37429560
131 37 37068000
57 56 36471660
57 64 36397920
57 64 34739100
57 142 34738800
57 56 34738800
57 64 34736880
57 64 34566720
142 57 34555620
57 64 34493640
9 13 32789760
9 149 32789760
9 12 32789760
40 32 32080740
9 12 25494840
9 12 24907860
37 12 20760660
71 27 18747060
149 71 18259800
149 71 17491440
