18 19 90392693
18 16 90392693
19 17 89811203
17 18 88584870
17 16 88583229
10 17 88520978
17 10 88432223
19 17 88006415
19 10 87974405
37 7 87893184
7 37 87810444
16 10 87745230
16 17 87745230
35 38 87734436
35 38 87723913
35 38 87378987
7 41 87312143
17 16 87302590
17 16 87302530
17 16 87298222
7 37 87221559
38 46 87205072
38 35 87205072
19 16 87202241
46 35 87131901
46 38 87131901
38 46 87029626
38 35 87029626
38 46 87026083
38 35 87026083
38 46 87022132
38 35 87022132
41 7 86694676
10 17 86693841
90 74 86619818
90 86 86619818
91 29 86619591
29 91 86615389
81 28 86610963
81 77 86610963
81 30 86610963
81 44 86610963
91 29 86607690
81 28 86596563
81 77 86596563
81 30 86596563
81 44 86596563
81 28 86550104
81 77 86550104
81 30 86550104
81 44 86550104
81 44 86539725
81 28 86535704
81 77 86535704
81 30 86535704
81 44 86535704
0 28 86535196
0 30 86535196
30 44 86519521
0 37 86518244
0 28 86505768
0 30 86505768
30 44 86502417
38 35 86450498
38 35 86433920
0 37 86425186
96 97 86418146
81 44 86373691
81 44 86254411
81 77 86196287
81 38 86196287
97 96 86173656
96 97 86173523
38 35 86163260
44 81 86162275
16 17 86159888
96 97 86159081
97 96 86159013
0 37 86100078
38 46 86093918
38 35 86093918
38 46 86093707
38 35 86093707
97 96 86093253
0 28 86086157
0 30 86086157
96 97 86078979
97 96 86078972
97 96 86077063
96 97 86076447
97 96 86073879
97 96 86072522
97 96 86069646
97 91 86069646
35 38 86010023
97 96 86009628
90 74 86009240
90 86 86009240
97 96 86008612
91 96 86005890
91 97 86005890
97 96 86003714
0 37 86000691
38 30 85993620
92 90 85991610
0 28 85989633
0 30 85989633
97 96 85931821
0 37 85925518
46 35 85914961
97 96 85902087
30 28 85838991
30 38 85838991
97 96 85838260
38 35 85833793
96 97 85832979
96 97 85830195
97 96 85826516
35 38 85820538
96 97 85819607
96 97 85818618
96 97 85818586
97 41 85818248
41 97 85817869
96 97 85814884
97 96 85812977
0 37 85595718
96 97 85580924
96 97 85564507
96 97 85563782
0 37 85510054
97 96 85476004
97 96 85475196
81 44 85471936
97 96 85468219
96 97 85412598
97 96 85408051
97 96 85407658
10 17 85393740
0 37 85335502
0 44 85335502
104 106 85326926
104 107 85326926
104 18 85326926
104 108 85326926
38 46 85324484
38 35 85324484
81 44 85313794
29 108 85310228
10 17 85306193
92 90 85298333
96 97 85296139
81 44 85252777
0 37 84993197
0 44 84993197
107 108 84973612
28 81 84969418
97 96 84968504
97 96 84967279
81 107 84958927
107 81 84953754
0 37 84907671
0 44 84907671
0 37 84820190
0 44 84820190
104 106 84811762
104 107 84811762
104 18 84811762
104 108 84811762
104 106 84803774
104 107 84803774
104 18 84803774
104 108 84803774
96 97 84795390
97 96 84690277
96 97 84689824
0 37 84648246
0 44 84648246
0 37 84629378
97 96 84608587
19 16 84597519
19 17 84597519
19 16 84543684
19 17 84543684
0 37 84383393
0 44 84383393
104 106 84375788
104 107 84375788
104 18 84375788
104 108 84375788
104 106 84369530
104 107 84369530
104 18 84369530
104 108 84369530
96 97 84369314
104 106 84367795
104 107 84367795
104 18 84367795
104 108 84367795
96 91 84365092
96 97 84365092
97 96 84364171
97 91 84364171
81 44 84351581
35 38 84348928
38 81 84345130
44 81 84291450
97 96 84283010
97 91 84283010
97 96 84282993
41 115 84282834
104 106 84280283
104 107 84280283
104 18 84280283
104 108 84280283
19 16 84273966
44 81 84184410
104 106 84176069
104 107 84176069
104 18 84176069
104 108 84176069
0 37 84123152
0 44 84123152
81 77 84116591
81 107 84116591
81 38 84116591
81 44 84116122
112 17 84096976
81 107 84093517
81 44 84085282
81 108 84085212
81 44 84030673
104 106 84019464
104 107 84019464
104 18 84019464
104 108 84019464
97 96 84015345
81 44 84007509
107 104 83998973
104 106 83993921
104 107 83993921
104 18 83993921
104 108 83993921
81 44 83828279
81 44 83774882
81 44 83774509
104 106 83764727
104 107 83764727
104 18 83764727
104 108 83764727
81 107 83761729
97 96 83757555
97 91 83757555
97 96 83757435
97 91 83757435
115 41 83747856
107 81 83745899
38 35 83745165
81 107 83744089
44 81 83690196
81 44 83689881
81 44 83679597
41 7 83675804
38 35 83675063
97 96 83674904
97 91 83674904
81 44 83666151
81 44 83665704
81 44 83664238
44 81 83663021
81 77 83603809
81 107 83603809
81 38 83603809
44 81 83602216
44 81 83601866
81 44 83601482
18 106 83599226
90 86 83578044
90 86 83575560
81 29 83572337
81 107 83572337
90 86 83571549
90 118 83571549
107 29 83571221
107 81 83571221
81 29 83566001
81 107 83566001
104 107 83560402
107 104 83519726
19 16 83416476
104 106 83415524
104 107 83415524
104 18 83415524
104 108 83415524
90 86 83412342
90 118 83412342
81 77 83410003
81 107 83410003
81 38 83410003
81 29 83407251
81 107 83407251
81 107 83402659
96 97 83396751
97 96 83396699
81 107 83395099
107 81 83313787
81 107 83152590
81 44 83152590
19 18 83144562
81 77 83079062
81 38 83079062
97 91 82964286
17 10 82536181
97 91 82463293
124 120 82384511
97 41 82365486
41 97 82364111
41 96 82363833
41 97 82363833
35 46 82363674
35 38 82363674
16 37 82362529
81 44 82355658
44 81 82309698
97 91 82274399
97 96 82271279
97 41 82271279
104 106 82207419
104 107 82207419
104 18 82207419
104 108 82207419
124 37 82204650
124 120 82204650
112 17 82191598
17 16 81949773
120 124 81943584
120 124 81860679
124 120 81858762
124 120 81858534
37 0 81856087
0 37 81855561
97 91 81854824
81 28 81848963
81 77 81848963
81 30 81848963
81 109 81848963
81 107 81848963
81 38 81848963
81 44 81848963
120 124 81847501
121 42 81846803
38 46 81770773
38 35 81770773
17 16 81765828
17 10 81765828
120 124 81760392
97 41 81683342
97 96 81672552
97 41 81672552
10 16 81667453
10 16 81613392
10 16 81613116
81 30 81586854
81 107 81586854
81 38 81586854
81 108 81586854
120 124 81584921
77 81 81342118
97 35 81320320
97 96 81259137
97 41 81259137
97 91 81258946
92 90 81249584
10 17 81239708
35 38 81174439
38 46 81169389
38 35 81169389
108 107 81148199
107 108 81094529
19 10 81067910
19 17 81067910
120 124 81065533
97 46 81020376
97 35 81020376
97 38 81020376
97 96 81016892
46 35 80985842
44 81 80936738
29 81 80893131
97 96 80741614
97 41 80741614
97 91 80738811
120 37 80724817
120 124 80720127
124 120 80657700
92 74 80655150
10 19 80652060
92 74 80640750
46 35 80640696
35 46 80639101
35 38 80639101
19 10 80549106
41 7 80541730
41 97 80541079
81 106 80495033
97 91 80482283
0 44 80479593
0 44 80473899
37 131 80471612
37 120 80470257
37 131 80468042
37 81 80462046
81 44 80461526
120 124 80459340
10 17 80458801
81 107 80454684
112 108 80409131
38 46 80396396
38 46 80396339
81 37 80304183
97 41 80295504
17 112 80202159
17 10 80202159
112 17 79968490
29 132 79958532
10 19 79953356
10 17 79953356
0 44 79952432
124 120 79950802
120 124 79942336
10 16 79937137
44 0 79885697
10 17 79883105
124 120 79881963
10 17 79876378
10 19 79862304
10 17 79862304
17 10 79862076
17 10 79855195
29 35 79847397
29 38 79847397
10 17 79796707
10 17 79795362
41 7 79788511
41 115 79788386
0 131 79781101
41 115 79779007
115 41 79778892
41 115 79778805
115 41 79778687
10 17 79776016
17 10 79774079
17 10 79772043
10 17 79769561
10 17 79528663
41 115 79523012
41 7 79523012
41 97 79523012
124 120 79515149
92 74 79507235
92 90 79459115
132 46 79440857
97 91 79438166
124 120 79432536
120 124 79425491
124 120 79424876
37 131 79424776
120 124 79422482
0 44 79422479
97 35 79368012
97 46 79367623
97 35 79367623
97 38 79367623
120 124 79365537
37 131 79365100
29 91 79359773
131 37 79358646
97 91 79356492
132 41 79356486
132 46 79356486
132 115 79356486
17 10 79355731
124 120 79347087
37 131 79340313
17 10 79340011
91 97 79335132
97 91 79335054
10 16 79334042
97 46 79281939
97 35 79281939
97 38 79281939
97 35 79280961
16 10 79273795
97 91 79264753
46 133 79259462
97 96 79259356
97 91 79259260
0 44 79257875
133 106 79255212
132 46 79254889
0 44 79254198
132 41 79251825
132 46 79251825
132 38 79251825
29 132 79248957
41 115 79243493
97 46 79195684
97 35 79195684
97 38 79195684
17 10 79188939
10 17 79188387
115 41 79186010
107 81 79183342
96 97 79167654
7 41 79163694
29 132 79156968
37 124 78923522
97 96 78914716
131 37 78911330
131 124 78911330
131 37 78843095
41 97 78842060
41 97 78839974
97 41 78839948
41 97 78838874
124 37 78824231
124 131 78823971
131 37 78823014
131 124 78823014
81 29 78764963
81 132 78764963
81 77 78764963
81 30 78764963
81 38 78764963
38 35 78757317
35 42 78757064
35 38 78757064
0 44 78729050
0 44 78727627
29 91 78727269
16 17 78690016
29 91 78670043
120 124 78668675
120 124 78665601
16 17 78664200
120 124 78660163
97 96 78646918
108 81 78590979
29 91 78582596
19 17 78581404
120 124 78573263
120 124 78566970
120 37 78566387
44 81 78561666
97 96 78560967
81 44 78558794
44 81 78558621
81 108 78552945
112 108 78330455
91 97 78320991
132 41 78311870
37 131 78234271
96 97 78233091
120 124 78227051
131 37 78158721
37 131 78157095
120 124 78154463
18 106 78121826
44 131 78064951
44 131 78064792
131 37 78063432
91 29 78060613
29 91 78060469
7 41 78057012
115 41 78056009
91 97 78054985
97 41 78042032
41 97 78041914
29 91 78036835
81 44 77998021
90 135 77985901
90 86 77985901
81 44 77984430
37 120 77980178
107 106 77978759
120 124 77957017
96 97 77956693
90 135 77954576
90 86 77954576
120 124 77953694
86 135 77783915
86 135 77783744
92 74 77721361
92 74 77719978
29 44 77712660
120 124 77712166
97 96 77707459
97 96 77705092
46 81 77704427
74 90 77703471
120 124 77696146
131 37 77691059
97 91 77685704
120 124 77635625
90 135 77631064
90 86 77631064
38 46 77630966
46 38 77629807
29 91 77624199
97 96 77621560
16 17 77621414
81 107 77616278
7 41 77612752
131 37 77607325
18 17 77599933
86 135 77554560
86 90 77554560
86 135 77543760
86 90 77543760
124 120 77532053
81 29 77531508
29 81 77530438
0 44 77451792
0 44 77451304
37 131 77443859
37 124 77443859
124 37 77441687
124 120 77439353
91 97 77436624
124 120 77434873
120 124 77433731
120 124 77432776
90 135 77382200
90 86 77382200
104 106 77376049
104 81 77376049
104 107 77376049
104 18 77376049
131 37 77372500
35 38 77371080
37 131 77365680
131 37 77364486
0 44 77364485
132 46 77363560
37 120 77361918
91 97 77360111
0 44 77359848
46 132 77357438
131 37 77352620
120 124 77350347
120 37 77348600
29 91 77347940
0 44 77346495
97 96 77344940
97 41 77344940
29 91 77344397
96 97 77342251
112 17 77119258
90 135 77112767
90 86 77112767
90 135 77110271
90 86 77110271
0 44 77108491
0 44 77106517
132 106 77099744
90 135 77092064
90 86 77092064
120 124 77084046
90 135 77030176
90 86 77030176
37 124 77029737
124 120 77026297
37 124 77007089
37 124 77002930
124 37 77000794
37 120 76999409
37 131 76946369
90 135 76940513
90 86 76940513
132 41 76939289
132 46 76939289
132 115 76939289
132 7 76939289
124 120 76936023
37 124 76934662
131 37 76929529
131 37 76928322
37 131 76920677
124 37 76920176
124 37 76918765
90 135 76862019
90 86 76862019
37 120 76860896
37 124 76860896
37 120 76859835
37 124 76859835
131 37 76858626
44 0 76850563
96 97 76850377
29 91 76850091
37 120 76849119
37 120 76848782
120 37 76845781
0 44 76843526
120 124 76842264
90 135 76837164
90 86 76837164
44 0 76837122
124 120 76831374
29 81 76830018
81 29 76828917
120 124 76828787
29 81 76828776
37 120 76828500
120 124 76827747
120 37 76827687
120 124 76827687
81 29 76827361
41 97 76821456
37 120 76777039
120 124 76763541
29 91 76762028
120 37 76759618
37 120 76756484
120 37 76755046
120 124 76749224
29 91 76747020
120 37 76742572
42 121 76574076
97 136 76509239
120 124 76507413
120 37 76505283
136 41 76504108
136 91 76504108
136 42 76504108
136 109 76504108
136 121 76504108
136 97 76504108
136 38 76504108
120 124 76502356
29 81 76501489
90 135 76495809
90 86 76495809
104 106 76477136
97 91 76426585
97 91 76424412
29 91 76409802
37 120 76334828
37 120 76331699
120 37 76331234
131 37 76328661
97 91 76303793
97 96 76250689
97 91 76250689
29 91 76240929
37 131 76239932
37 131 76226293
18 106 76216984
131 120 76158613
120 124 76158201
37 120 76156121
120 124 76154849
120 37 75905072
37 120 75901899
120 37 75900313
37 120 75895024
0 44 75893497
44 0 75830014
131 37 75819208
131 37 75814874
29 91 75784352
86 135 75742129
86 90 75742129
86 135 75739333
86 90 75739333
86 135 75731329
86 90 75731329
97 91 75728585
86 135 75728533
86 90 75728533
0 44 75721612
90 135 75718522
90 86 75718522
124 120 75647840
112 81 75644776
0 44 75644227
112 81 75644117
112 81 75637060
41 97 75632833
41 97 75626565
0 44 75618635
37 120 75556876
17 16 75554233
124 37 75553224
37 120 75549020
90 135 75539661
90 86 75539661
121 136 75534376
90 135 75531252
90 86 75531252
90 135 75528890
90 86 75528890
121 42 75365289
121 42 75360287
121 42 75359944
97 96 75303510
37 120 75302017
92 74 75300453
0 44 75280543
44 0 75219665
37 120 75218027
112 81 75215397
74 92 75206831
92 74 75203988
112 81 75202012
97 96 75195824
131 37 75191895
41 97 75188862
81 28 75182245
81 46 75182245
81 29 75182245
81 35 75182245
81 30 75182245
81 42 75182245
81 38 75182245
81 124 75182245
131 37 75120079
81 29 75110828
81 77 75110828
81 30 75110828
81 120 75110828
81 38 75110828
90 135 75105737
90 74 75105737
90 86 75105737
90 92 75105737
92 74 75098296
97 96 75043278
124 120 75026395
112 81 74950534
18 106 74687425
92 74 74687221
18 106 74683941
44 0 74607847
90 135 74607144
90 86 74607144
112 81 74601215
112 81 74600618
112 81 74600348
112 81 74597531
120 124 74589448
97 96 74588718
97 41 74588718
112 81 74583713
120 37 74580058
97 91 74578806
124 120 74519723
136 109 74494376
90 135 74490922
90 86 74490922
37 131 74439903
124 120 74437158
35 30 74427916
0 44 74427586
120 37 74425904
120 124 74425715
44 0 74424334
90 135 74414358
90 86 74414358
112 17 74413780
112 17 74412763
37 124 74410076
131 37 74409881
112 81 74343909
112 81 74334860
45 137 74328342
45 137 74325239
112 81 74157954
131 37 74089254
37 120 74085787
120 124 74081237
112 81 74080795
112 81 74073259
37 131 74064856
120 37 74064771
120 124 74005286
112 81 74004753
90 135 74001862
90 86 74001862
45 137 73992003
41 115 73988341
41 132 73988341
41 7 73988341
41 97 73988341
97 96 73971933
131 37 73920295
112 81 73918527
81 107 73913698
120 37 73909567
132 81 73905677
131 37 73905064
45 137 73902118
120 37 73894941
44 0 73875161
112 81 73752321
44 0 73724965
37 131 73721159
44 81 73708240
131 37 73457610
131 37 73315408
37 131 73309503
120 37 73304719
120 124 73304719
19 17 73230011
131 37 73198450
112 81 73117950
112 81 73024651
44 0 72860610
112 81 72857621
121 115 72791421
112 81 72772526
44 81 72769604
81 112 72710132
131 115 72709491
37 131 72625744
37 131 72622403
37 120 72622403
18 106 72615103
97 96 72596727
97 91 72596727
112 81 72547147
18 107 72515112
104 106 72498850
104 81 72498850
104 107 72498850
104 18 72498850
106 81 72356464
106 107 72356464
106 18 72356464
104 106 72277462
104 81 72277462
104 107 72277462
104 18 72277462
131 37 72273107
131 37 72272544
131 37 72268669
112 81 72246956
106 28 72176245
106 91 72176245
106 29 72176245
106 77 72176245
106 30 72176245
106 137 72176245
106 81 72176245
106 120 72176245
106 121 72176245
106 97 72176245
106 140 72176245
106 136 72176245
106 107 72176245
106 104 72176245
106 38 72176245
106 18 72176245
112 81 72114072
18 107 72102041
92 74 72100857
112 81 72089818
131 37 72086501
112 81 72031122
131 37 72019920
104 106 72006541
104 81 72006541
104 107 72006541
104 18 72006541
131 120 71949420
37 131 71934585
131 120 71931422
92 74 71900183
131 37 71648671
74 92 71598432
74 92 71587632
131 37 71574745
29 91 71554772
131 37 71475440
131 37 71406806
92 74 71396566
96 97 71392593
0 44 71383102
35 38 71332006
44 0 71325687
38 35 71322201
37 131 71311172
37 120 71311172
131 37 71306211
97 96 71305332
37 131 71305281
131 37 71299568
131 37 71067493
131 37 71056021
131 120 71056021
35 77 71036268
112 81 70988410
81 46 70984156
131 37 70890522
44 0 70868126
112 104 70809592
104 112 70806504
35 77 70776934
74 92 70716083
37 131 70710099
136 109 70704781
97 96 70699817
35 38 70438541
19 17 70430655
19 17 70374461
18 107 70355480
131 37 70281515
131 120 70280491
90 135 70280400
90 86 70280400
92 74 70274184
92 74 70269815
131 37 70266522
86 90 70236974
131 37 70199710
92 74 70194160
81 29 70116642
81 77 70116642
81 30 70116642
81 120 70116642
81 38 70116642
92 74 70109141
112 81 70090802
112 81 70072800
92 74 69865854
92 74 69855054
92 74 69844720
97 91 69832040
112 17 69751380
112 81 69749653
112 17 69733380
112 81 69731640
112 28 69691796
112 30 69691796
112 81 69691796
112 28 69673740
112 81 69673740
44 0 69664169
112 81 69654240
112 81 69604532
112 81 69593700
112 81 69586500
131 115 69578991
112 81 69557700
92 74 69483451
44 0 69483144
112 81 69440248
112 81 69422220
112 81 69319375
112 81 69318040
112 81 69301320
112 81 69300000
19 17 69253012
131 37 69248919
112 81 69227325
37 131 69224758
112 81 69209280
37 131 69149504
131 37 69147821
131 115 69143403
37 120 69078905
37 120 68988085
131 37 68982477
131 37 68981693
97 91 68900537
112 17 68887500
112 81 68665440
112 81 68647482
112 81 68629440
131 37 68449099
112 81 68329200
112 81 68311251
37 120 68304017
112 81 68293200
112 81 68244600
112 81 68208600
35 77 67781192
90 74 67697915
90 109 67697915
74 92 67683124
35 77 67669710
92 90 67451062
132 81 67442640
131 37 67347938
37 120 67329595
29 81 67093020
81 29 67091460
41 97 67089450
81 29 67073510
81 29 67055460
131 37 66739294
112 17 66729060
112 17 66726960
90 74 66725412
74 90 66725058
131 37 66653001
18 17 66634258
37 115 66575736
115 37 66561383
112 17 66554880
97 41 66548864
131 37 66545129
92 74 66488979
92 90 66488979
37 120 66479679
92 74 66219420
97 96 66202099
97 41 66202099
77 35 66030643
77 35 66030548
145 0 65597640
29 81 65455446
81 29 65455238
92 74 65452670
29 81 65364605
81 29 65348078
44 81 65338380
145 0 65328240
131 144 65325360
92 74 65271886
44 18 65266537
29 81 65265551
29 81 65247540
131 144 65242320
144 131 65240100
144 131 65240040
145 0 65233980
37 120 65041200
131 37 65034960
138 38 65005921
37 120 65005200
131 37 64998960
131 0 64981260
112 104 64919820
112 104 64918500
104 112 64917600
131 37 64861860
131 37 64846140
120 37 64844220
35 29 64842468
37 131 64839360
120 37 64804620
37 131 64803360
145 0 64800780
29 30 64736203
29 30 64736168
30 29 64736144
145 0 64710360
29 30 64407329
29 81 64407329
29 38 64407329
131 38 64307292
131 38 64289280
131 144 64280160
18 17 64252980
131 144 64225920
104 112 64223160
112 104 64217820
104 112 64216980
112 104 64213080
41 132 64212063
41 7 64212063
37 120 64162080
18 17 64144440
37 120 64126080
81 29 64122360
0 145 64113840
18 17 64108440
37 131 64064400
0 145 64030140
0 145 64029600
37 131 64028400
131 37 64026840
0 145 64025340
112 17 64024800
86 135 63860943
37 131 63798660
138 38 63793481
112 17 63791854
7 41 63784127
112 17 63773820
37 131 63762660
37 120 63725580
37 120 63724680
7 41 63719801
18 17 63715860
37 120 63689580
37 120 63688680
37 120 63640320
37 120 63604320
0 145 63591240
18 17 63547500
112 104 63543300
37 120 63512340
112 17 63508500
131 37 63503460
112 17 63453660
37 120 63450900
37 120 63450780
131 37 63444720
112 106 63198300
29 81 63192900
131 120 63183000
37 131 63172020
120 37 63159960
37 120 63101340
37 120 63096120
131 144 63088560
0 145 63079800
131 144 63077940
38 138 63033420
41 115 63019235
131 144 63004740
131 37 63004440
131 37 63004320
38 138 62997420
18 17 62872500
115 41 62856973
121 42 62849137
121 42 62841588
121 42 62839391
74 92 62580612
92 74 62334840
92 74 62334720
92 74 62334480
104 112 62329080
121 42 62328680
112 104 62324340
104 112 62324280
37 131 62305380
0 145 62291700
74 92 62284620
136 42 62267340
136 109 62267340
81 28 62266560
81 35 62266560
81 38 62266560
81 28 62248602
81 35 62248602
81 38 62248602
121 42 62248043
112 104 62243160
104 112 62237820
144 131 62234280
112 104 62232960
120 37 62222220
37 131 62212860
112 104 62047860
92 74 62024220
74 92 62017560
138 38 61990800
104 112 61984680
136 121 61984346
104 112 61983900
92 74 61973820
104 112 61972080
131 144 61970160
0 145 61968600
120 37 61964100
120 37 61963920
138 38 61954800
112 104 61888920
145 0 61879260
120 37 61870260
131 144 61869900
112 104 61802460
104 112 61796520
0 145 61785840
37 120 61781460
0 145 61771680
37 120 61721640
37 120 61718640
37 131 61709700
37 120 61707120
131 144 61695900
145 0 61687020
38 138 61655040
38 138 61650660
121 136 61648820
0 145 61629540
38 138 61619040
145 0 61617600
145 0 61617300
38 138 61614660
145 0 61614240
112 17 61607820
37 120 61281480
0 145 61279920
112 104 61269180
112 17 61268460
18 17 61251240
0 145 61176540
145 0 61175700
37 131 61108020
120 37 61103760
0 145 61088100
92 74 61069500
37 120 61066680
37 120 61030680
145 0 61018560
145 0 61015800
131 145 61015080
145 0 61010040
112 17 61004760
18 17 61004700
120 37 60997440
145 0 60761700
0 145 60753540
145 0 60582660
145 0 60581640
131 144 60502980
131 37 60502920
131 144 60495540
131 144 60494820
131 144 60486180
37 131 60485220
131 37 60484620
132 41 60437220
92 74 60171780
41 132 60155460
112 107 60150180
37 120 60136860
0 145 60075060
145 0 60073380
92 74 60004320
37 120 59981760
37 120 59894220
0 145 59890320
131 144 59884140
112 148 59821140
131 37 59810220
0 145 59530500
131 37 59459700
37 131 59447460
131 144 59447040
0 145 59366100
18 29 59328300
18 38 59328300
29 81 59322660
37 131 59294400
131 37 59283060
131 37 59276940
120 37 59265180
37 131 59203200
0 145 59202900
37 120 59196660
144 131 59177520
112 148 58958400
112 17 58958040
131 144 58954380
92 109 58951260
0 145 58948920
112 17 58938060
148 149 58930680
149 112 58928220
149 148 58928220
149 90 58928220
149 92 58928220
148 149 58926840
148 149 58924980
148 149 58924080
92 149 58918140
144 131 58852860
131 144 58846440
144 131 58843440
131 144 58842120
148 149 58837500
37 120 58791060
148 149 58776840
112 149 58756800
131 144 58691220
131 37 58676760
145 0 58670760
145 0 58669020
145 0 58668720
112 149 58667820
112 149 58619040
37 131 58605660
37 131 58605600
37 131 58605480
112 149 58591380
148 149 58585320
120 37 58579200
131 144 58345500
112 149 58328400
149 112 58260000
145 0 58260000
145 0 58259940
145 0 58258200
112 149 58256220
112 17 58256220
145 0 58253520
145 0 58240680
145 0 58238280
37 120 58194780
81 29 58184369
81 29 58176829
81 29 58172479
149 112 58164720
37 120 58163820
112 149 58153140
144 131 58149420
112 148 58098960
37 120 58095180
131 144 58090380
144 131 58081620
144 131 58080840
92 149 58075620
112 104 58062960
112 149 57999840
112 149 57983580
149 112 57975180
149 42 57975180
149 107 57975180
92 149 57972420
149 112 57972180
149 42 57972180
149 107 57972180
37 120 57739200
0 145 57731640
37 120 57637860
112 17 57576780
37 120 57564900
145 0 57552120
145 0 57539340
37 120 57454680
92 109 57397860
37 120 57396420
112 149 57395220
37 120 57371520
131 144 57370260
37 131 57367980
131 144 57121500
149 112 57052680
149 42 57052680
149 148 57052680
149 107 57052680
145 0 57050040
120 37 57036600
131 144 57029160
37 120 57023340
112 17 56961120
37 120 56946000
112 149 56945280
37 120 56939040
37 120 56870640
112 149 56856180
37 120 56855040
120 37 56852820
145 0 56849100
120 37 56848380
145 0 56772060
37 120 56764800
42 81 56552460
0 145 56532960
37 120 56520900
37 120 56509620
41 132 56504760
0 145 56439600
37 120 56439060
37 120 56436900
37 120 56435160
120 37 56428860
120 37 56418300
149 112 56416680
37 120 56351760
131 144 56338440
0 145 56329260
112 104 56279340
104 112 56278500
112 104 56275860
149 112 56268840
149 42 56268840
149 107 56268840
112 148 56257980
120 37 56252640
120 37 56252160
37 120 55915380
37 120 55907460
120 37 55902960
120 37 55900320
120 37 55897980
112 104 55848420
120 37 55839360
37 120 55834320
149 112 55832280
149 42 55832280
149 107 55832280
149 112 55829520
149 42 55829520
149 148 55829520
149 107 55829520
149 112 55827360
149 42 55827360
149 148 55827360
149 107 55827360
149 112 55813980
149 42 55813980
149 148 55813980
149 107 55813980
37 131 55757940
0 145 55752780
37 120 55734480
145 0 55570500
0 145 55555260
148 74 55549800
148 149 55549800
148 109 55549800
148 140 55549800
148 86 55549800
148 90 55549800
148 92 55549800
81 29 55322529
0 145 55218060
149 112 55214040
149 42 55214040
149 148 55214040
149 107 55214040
145 0 55119840
112 104 55072080
131 144 54958380
140 92 54845580
149 112 54757380
149 42 54757380
149 148 54757380
149 107 54757380
112 149 54730080
131 144 54691140
149 112 54630600
149 42 54630600
149 148 54630600
149 107 54630600
131 144 54611040
37 120 54608940
149 112 54603360
149 42 54603360
149 148 54603360
149 107 54603360
0 145 54601740
0 145 54600600
149 112 54429300
149 42 54429300
149 148 54429300
149 107 54429300
92 109 54350520
120 37 54347880
112 149 54121920
0 145 54112740
148 112 54106680
148 42 54106680
148 149 54106680
148 107 54106680
112 149 54098280
92 149 54077340
92 149 54014760
136 41 54010080
136 91 54010080
136 42 54010080
136 121 54010080
92 149 53832960
81 29 53751000
38 132 53738280
74 92 53526000
149 112 53314860
149 107 53314860
112 149 53273640
112 149 52792680
149 90 52709460
112 149 52578180
81 29 52453020
0 145 52267620
112 149 52017000
120 37 52010100
37 120 51691380
112 149 51677040
37 131 51609780
120 37 51490380
112 148 51442680
112 149 51442680
112 148 51428880
112 149 51428880
112 17 51414840
112 148 51414240
112 149 51414240
131 37 50992080
112 148 50988660
112 149 50988660
112 148 50979180
112 148 50928540
112 149 50928540
112 149 50917560
112 149 50909520
37 120 50907960
112 148 50900820
112 149 50900820
112 149 50900640
120 37 50889600
120 37 50888520
112 148 50839020
37 120 50836440
120 37 50831580
37 120 50826360
37 120 50822400
112 149 50813760
149 112 50741700
149 112 50740080
37 120 50737800
149 112 50736540
112 148 50731380
112 148 50730900
37 120 50718420
120 37 50714940
37 120 50487720
37 120 50487660
37 120 50465760
112 149 50393100
148 74 50389860
148 149 50389860
148 109 50389860
148 140 50389860
148 86 50389860
148 90 50389860
148 92 50389860
148 74 50378520
148 112 50378520
148 149 50378520
148 109 50378520
148 140 50378520
148 90 50378520
148 92 50378520
112 149 50378280
112 149 50378220
112 149 50320920
104 106 50315820
104 81 50315820
104 107 50315820
104 18 50315820
104 106 50315700
104 81 50315700
104 107 50315700
104 18 50315700
37 120 50315400
37 120 50311080
120 37 50309640
112 149 50299440
112 149 50296860
112 149 50294220
104 106 50291820
104 81 50291820
104 107 50291820
104 18 50291820
149 112 50291700
148 74 50283600
148 149 50283600
148 109 50283600
148 140 50283600
148 90 50283600
148 92 50283600
120 37 50282040
37 120 50229000
112 149 50227800
112 149 50221080
112 149 50220540
104 106 50217600
104 81 50217600
104 107 50217600
104 18 50217600
104 106 50217540
104 81 50217540
104 107 50217540
104 18 50217540
104 106 50217480
104 81 50217480
104 107 50217480
104 18 50217480
112 149 50217180
112 149 50212200
112 148 50206380
112 17 50204640
149 112 50200260
0 145 50197860
149 112 50196480
149 109 50196480
37 120 50142600
37 120 50135820
148 112 50134560
148 112 50130180
112 149 50129640
149 109 50129100
149 112 50128380
112 149 50123700
112 149 50121120
149 109 50120580
149 112 50120160
149 109 50120160
37 120 50119800
149 112 50118720
149 112 50116620
149 148 50116620
149 112 50115540
0 145 50112780
0 145 50109240
148 112 50108400
37 120 49880220
81 29 49791060
112 149 49788600
112 149 49772460
120 37 49771560
0 145 49769880
131 144 49710180
37 120 49682760
149 112 49680900
149 112 49677900
29 81 49602540
0 145 49590720
148 112 49527480
148 149 49527480
112 149 49277040
149 112 49270500
0 145 49270380
104 106 49267740
104 81 49267740
104 107 49267740
104 18 49267740
120 37 49243860
112 149 49197840
112 149 49193340
112 149 49175880
148 112 49172400
0 145 49171500
112 149 49170120
120 37 49161120
37 120 49109280
112 149 49091340
131 144 49085880
112 149 49081140
112 149 49080720
149 112 49077600
149 112 49074720
149 112 49004700
149 109 49004700
112 149 49003740
112 149 49003380
149 112 48993420
149 109 48993420
120 37 48913380
149 112 48912840
74 140 48797700
112 149 48493980
149 112 48482820
149 112 48481440
149 112 48480660
149 112 48480240
112 149 48477120
112 149 48411000
112 149 48409560
149 112 48403920
149 148 48402840
149 112 48401280
148 112 48394920
149 112 48393180
149 148 48393180
148 112 48390000
148 149 48390000
112 149 48386760
112 149 48331800
112 149 48320940
132 41 48314220
112 149 48308040
92 140 48302100
29 81 48299640
120 37 48297660
92 140 48291780
148 112 48063780
112 149 48055140
148 74 48047340
148 109 48047340
149 112 48047040
149 112 47980260
112 148 47966880
112 148 47965500
112 149 47964780
0 145 47962380
0 145 47961360
112 149 47960160
148 112 47959500
148 112 47958180
148 112 47949000
112 148 47901840
112 148 47888520
41 132 47871300
112 42 47871300
112 149 47869800
112 149 47866920
112 149 47864040
81 29 47862300
81 29 47793000
112 148 47783640
112 149 47783640
112 149 47782440
37 120 47725740
37 120 47724960
81 29 47720520
41 132 47714460
37 120 47698500
112 149 47696460
38 132 47641500
149 112 47457180
148 112 47457120
148 149 47457120
112 149 47446560
112 149 47444040
112 149 47384640
112 149 47288400
148 74 47282040
148 112 47282040
148 149 47282040
148 109 47282040
148 140 47282040
148 90 47282040
148 92 47282040
112 148 47272980
148 112 47265420
148 112 47254740
112 149 47206740
149 112 47206500
149 148 47206500
112 149 47206440
149 112 47200380
112 149 47195940
112 149 47190720
148 112 47189580
148 149 47189580
112 149 47188320
112 149 47178420
149 112 47172660
112 149 47122800
112 149 47113080
149 112 47107620
149 112 47105640
112 149 47102640
112 149 47100540
149 112 47099340
112 149 47097660
148 112 47094780
148 149 47094780
112 149 47093640
120 37 47093340
149 112 47092440
149 148 47092440
149 112 47086320
112 149 46943520
112 149 46942740
112 149 46942680
112 149 46847880
37 120 46843800
112 149 46838880
37 120 46835640
149 112 46829700
149 112 46773300
37 120 46773300
120 37 46768500
149 112 46767240
149 112 46755360
0 145 46743840
120 37 46741800
148 112 46735980
148 149 46735980
112 42 46694400
112 148 46684440
37 120 46679400
0 145 46677480
112 149 46675980
149 112 46671180
112 149 46669800
131 144 46661700
148 74 46585200
148 149 46585200
148 109 46585200
148 140 46585200
148 90 46585200
148 92 46585200
37 120 46572240
38 138 46571700
131 144 46570140
37 120 46486380
0 145 46484820
37 120 46482600
120 37 46481880
0 145 46252680
120 37 46242780
37 120 46241100
37 120 46240740
0 145 46239960
149 112 46235160
131 144 46229580
149 112 46227660
149 112 46163400
149 112 46151700
37 120 46145160
148 112 46142820
148 149 46142820
120 37 46141440
112 149 46134120
112 148 46133100
148 112 46071660
148 149 46071660
120 37 46070280
120 37 46069020
38 138 46063920
38 138 46063740
112 149 46061580
112 149 45994440
112 148 45991800
112 148 45987960
112 149 45982140
148 112 45979500
148 149 45979500
112 17 45977100
149 112 45973200
37 120 45903180
37 120 45892080
37 120 45885540
81 29 45884280
112 149 45641220
112 149 45633540
112 149 45624540
37 120 45624420
112 149 45564060
112 149 45556260
37 120 45555360
112 149 45550140
112 149 45483180
37 120 45480060
131 37 45466860
149 148 45465600
112 148 45459000
148 112 45450480
0 145 45380100
131 144 45369780
112 149 45363660
112 149 45311220
0 145 45040980
0 145 45037980
149 112 45036720
149 112 45036540
112 149 45023460
112 149 45022140
112 149 45016860
149 112 45014580
112 149 44948400
112 149 44941680
112 149 44940300
112 149 44928840
149 112 44679180
131 144 44669340
0 145 44668140
81 29 44667780
112 148 44417520
112 149 44412300
112 149 44289900
120 37 44264340
148 112 44236200
120 37 44159760
120 37 44154600
120 37 44147280
120 37 44147100
28 137 44088960
37 120 44070660
120 37 44064420
0 145 44064420
112 149 43835940
149 112 43824720
149 112 43813080
112 149 43806840
38 132 43797540
131 144 43747200
131 144 43649340
120 37 43487400
37 131 43486140
120 37 43458300
131 144 43137660
38 131 43037940
131 144 43032720
131 38 43027500
131 120 42968760
131 120 42957480
131 144 42947160
120 37 42945720
131 120 42942120
38 131 42940620
112 149 42880860
131 38 42880440
38 131 42805680
112 149 42609120
148 112 42594300
148 149 42594300
112 149 42529440
112 149 42529200
112 149 42469740
112 149 42454500
112 149 42428880
112 149 42384180
38 132 42347280
120 37 42275280
131 144 42271740
149 112 42024060
149 90 42021720
131 144 42018660
149 112 42006360
149 112 42004560
131 144 42004500
112 149 42003600
112 149 42003360
149 112 41995260
148 112 41983500
149 112 41957280
149 112 41942340
112 148 41941740
28 137 41932080
112 149 41930820
112 149 41929200
112 148 41918460
148 112 41911020
148 112 41910120
148 149 41910120
112 149 41850540
149 112 41849760
112 149 41835120
149 112 41768520
112 149 41762580
112 149 41757780
149 112 41757060
112 149 41747880
37 120 41416320
112 149 41401740
112 149 41341200
112 149 41315460
120 37 41313660
149 112 41239020
149 148 41239020
112 149 41227080
149 112 41223180
149 112 41222340
38 132 41217480
112 149 41217480
149 112 41183040
112 149 41150760
112 149 41148840
149 112 41140620
149 112 41140500
112 149 41130360
112 149 41130240
131 38 41128260
37 132 41068920
132 37 41067180
137 45 40981860
131 120 40636740
131 144 40627500
131 144 40626420
38 138 40617900
38 132 40617600
38 138 40617300
131 144 40551300
81 29 40540080
148 112 40537500
148 149 40537500
149 112 40536060
149 112 40490400
149 148 40490400
131 144 40451820
120 37 40444560
131 144 40441740
131 144 40198980
131 120 40182180
131 37 40179120
131 120 40179120
131 37 40175760
131 120 40121880
81 29 40093800
149 112 40016640
0 145 39912840
132 38 39839220
131 144 39838740
131 144 39492840
131 144 39314040
37 120 38996340
37 120 38994480
81 29 38963580
120 37 38818260
131 144 38391300
149 148 37429560
112 149 37417920
81 29 37093260
131 37 37068000
131 144 37065540
38 81 37007100
81 29 37000980
131 144 36988020
112 17 36926520
145 144 36839880
131 144 36465420
145 144 35886660
131 144 35871660
131 144 35871540
145 144 35866080
145 144 35865960
131 144 35709240
131 144 35364480
131 144 35169960
131 144 35106180
145 144 34991820
131 144 34752960
131 144 34750980
145 144 34732680
145 144 34667520
37 120 34151340
37 120 34150260
29 81 34039200
37 120 33980880
37 120 33964800
131 144 33959940
131 144 33896220
29 81 33884880
131 144 33883020
81 29 33877020
145 144 33555420
131 144 33446400
37 120 33444180
131 144 33360720
131 144 32848380
131 144 32842860
131 144 32226900
81 29 32106420
131 144 32080740
81 29 31968000
112 17 31397280
145 144 31394760
145 144 30938100
145 81 30794880
81 145 30505920
145 81 30501180
37 120 30497520
149 112 30497220
131 144 29892360
145 144 29723040
145 144 29668260
131 144 29665560
145 144 29634000
131 144 29577180
131 144 29568180
131 144 29311260
131 145 29309940
145 131 29295900
41 132 29213880
145 144 29144100
131 144 29134740
131 144 29046540
37 132 29044140
145 144 28964100
145 144 28954920
112 17 28784640
145 144 28524300
37 132 28447620
37 132 28446300
81 106 27422100
81 107 27422100
81 35 25346580
81 38 25346580
145 81 23603100
145 81 23595480
145 81 23533500
37 132 22568640
37 132 18837900
104 18 8380200
37 145 40860
