7 41 87312143
45 32 87223766
49 41 87022899
49 53 87022899
49 55 87022899
49 56 87022899
49 21 87022899
49 25 87022899
49 36 87022899
49 39 87022899
41 7 86694676
30 59 86679590
30 31 86679590
30 36 86679590
36 25 86677659
90 65 86619818
90 86 86619818
49 36 86619593
49 36 86619528
49 36 86619337
81 71 86610963
81 30 86610963
81 25 86610963
81 84 86610963
81 36 86610963
81 44 86610963
49 36 86602717
81 71 86596563
81 30 86596563
81 25 86596563
81 84 86596563
81 36 86596563
81 44 86596563
36 56 86594455
81 71 86550104
81 30 86550104
81 25 86550104
81 84 86550104
81 36 86550104
81 44 86550104
81 71 86539725
81 55 86539725
81 58 86539725
81 44 86539725
81 71 86535704
81 30 86535704
81 25 86535704
81 84 86535704
81 36 86535704
81 44 86535704
30 44 86519521
30 44 86502417
71 81 86448387
71 58 86448387
71 44 86448387
25 49 86447323
49 25 86441567
36 53 86427956
36 25 86427685
36 53 86423497
36 53 86423491
36 53 86423393
68 30 86421699
81 44 86373691
81 71 86275903
71 81 86265309
71 58 86265309
71 44 86265309
81 44 86254411
81 25 86196287
81 36 86196287
36 25 86166119
44 81 86162275
84 63 86112501
36 25 86091907
25 36 86091454
68 76 86082685
84 25 86029715
25 56 86012490
25 36 86012490
90 65 86009240
90 102 86009240
90 86 86009240
30 59 86005399
30 59 86005320
92 90 85991610
25 36 85945301
78 49 85929298
49 78 85928500
78 49 85928332
49 78 85927988
78 49 85926940
56 36 85925379
25 84 85917154
56 36 85917113
25 84 85916670
25 84 85913754
56 36 85910822
30 36 85896708
25 30 85863060
30 25 85838991
30 36 85838991
58 3 85836692
25 39 85834703
30 36 85817337
36 25 85816139
81 36 85808322
25 36 85601473
25 36 85554632
103 81 85477179
81 103 85472290
103 81 85471992
81 44 85471936
81 103 85464976
25 36 85403049
103 81 85394480
25 56 85324057
81 36 85314259
81 44 85313794
29 108 85310228
92 90 85298333
36 81 85254077
81 44 85252777
81 36 85242353
81 36 85240813
81 36 85238453
81 36 84983761
81 36 84982269
25 36 84967254
36 25 84957958
81 103 84898778
25 36 84883187
49 99 84872301
30 68 84871504
99 49 84866713
25 36 84864338
49 25 84798479
25 36 84795144
25 49 84794034
25 36 84700411
81 36 84467843
108 99 84360723
81 71 84351581
81 44 84351581
44 81 84291450
41 115 84282834
81 116 84281435
44 81 84184410
49 25 84184359
81 25 84116591
81 36 84116591
81 44 84116122
81 44 84085282
81 108 84085212
81 44 84030673
68 71 84021462
49 25 84015547
81 44 84007509
49 25 84003917
81 25 83999777
81 44 83828279
81 44 83774882
81 44 83774509
115 41 83747856
44 81 83690196
81 71 83689881
81 36 83689881
81 44 83689881
81 71 83679597
81 36 83679597
81 44 83679597
41 7 83675804
81 36 83673480
81 36 83668778
81 44 83666151
81 44 83665704
81 44 83664238
44 81 83663021
49 25 83656504
49 25 83655389
81 25 83603809
81 36 83603809
44 81 83602216
44 81 83601866
81 44 83601482
81 25 83583382
25 81 83582953
90 65 83578044
90 102 83578044
90 86 83578044
90 65 83575560
90 102 83575560
90 86 83575560
81 29 83572337
90 65 83571549
90 117 83571549
90 102 83571549
90 86 83571549
90 118 83571549
81 71 83569690
71 81 83568517
81 71 83567555
71 81 83567416
81 71 83567176
81 29 83566001
90 65 83412342
90 117 83412342
90 102 83412342
90 86 83412342
90 118 83412342
81 25 83410003
81 36 83410003
81 29 83407251
103 105 83399808
81 36 83152695
81 44 83152590
81 25 83079062
81 36 83079062
78 25 83059230
25 78 83058255
25 56 83052645
81 71 82964799
81 53 82555036
78 25 82536905
58 44 82386051
81 71 82355658
81 44 82355658
44 71 82309698
44 81 82309698
86 102 82288807
53 81 81945861
81 30 81848963
81 25 81848963
81 84 81848963
81 36 81848963
81 44 81848963
30 53 81848366
81 53 81848045
81 30 81586854
81 25 81586854
81 84 81586854
81 36 81586854
81 108 81586854
25 81 81318636
123 105 81318189
81 36 81316887
65 92 81288396
81 25 81276813
58 44 81254422
92 90 81249584
39 53 81237063
49 56 81231515
49 25 81231515
123 81 81173662
123 105 81166320
123 81 81166320
123 108 81166320
30 36 81155875
123 81 81087237
81 123 81086156
58 3 81085864
81 36 81084123
58 44 81078773
58 44 81064280
58 44 81064242
81 36 81062131
81 36 81060513
71 81 81016376
71 44 81016376
81 123 80977667
49 56 80973387
49 25 80973387
25 49 80969651
44 81 80936738
44 58 80936738
29 81 80893131
68 45 80742653
58 44 80716613
25 49 80654297
68 76 80652048
58 44 80650768
25 56 80557033
41 7 80541730
36 53 80490504
71 81 80484889
56 25 80484405
25 56 80478542
44 71 80475026
81 71 80472168
81 55 80472168
81 44 80461526
49 25 80407734
3 55 80395642
3 55 80394486
92 130 80394349
71 81 80390550
25 49 80384155
25 56 80383276
56 25 80381086
49 56 80367252
49 25 80367252
49 56 80128801
49 78 80128801
49 25 80128801
78 25 79955720
78 49 79935999
123 105 79894582
49 56 79894264
49 25 79894264
123 71 79886872
123 105 79886872
25 56 79886377
25 49 79886377
58 44 79885754
44 3 79885697
44 58 79885697
25 49 79874101
25 56 79866990
30 36 79858734
78 25 79853599
78 49 79852959
49 78 79851740
29 39 79847397
76 68 79844397
25 49 79798919
25 56 79798118
25 49 79791013
78 25 79789202
41 7 79788511
41 115 79788386
25 56 79788050
30 36 79786142
78 25 79782907
41 115 79779007
115 41 79778892
41 115 79778805
115 41 79778687
25 78 79778404
78 25 79778038
58 3 79773579
55 81 79606383
81 123 79545084
123 81 79536116
123 105 79534603
3 55 79533832
3 58 79533832
3 44 79533832
41 115 79523012
41 7 79523012
78 49 79519356
55 3 79514985
49 78 79514677
92 90 79459115
25 36 79450146
25 49 79442105
25 78 79439591
123 105 79438484
71 81 79437624
81 71 79436174
71 81 79432555
49 56 79431319
56 49 79431050
71 81 79429466
55 78 79427626
3 58 79356854
3 44 79356854
3 58 79355277
3 44 79355277
123 105 79353588
25 56 79350960
119 56 79346746
56 119 79346226
119 56 79346088
56 119 79346012
119 56 79345979
25 49 79338091
55 78 79329420
92 130 79280795
78 55 79265862
49 56 79244333
49 25 79244333
41 115 79243493
115 41 79186010
25 49 79183791
25 36 79178565
25 36 79178461
68 45 79177292
25 36 79175418
68 45 79169972
68 31 79169972
119 56 79168266
119 56 79166134
7 41 79163694
49 25 79159407
92 117 78918194
44 58 78914150
58 44 78913105
53 81 78912550
123 108 78845242
58 71 78842555
3 58 78830691
3 44 78830691
53 81 78824275
49 56 78810930
49 25 78810930
44 58 78765019
81 29 78764963
81 30 78764963
81 25 78764963
81 84 78764963
81 36 78764963
44 58 78763708
44 58 78762908
49 25 78737990
78 25 78735746
71 44 78732479
119 56 78671420
3 44 78671254
78 55 78661945
49 56 78639793
49 25 78639793
32 31 78633990
108 81 78590979
58 3 78578029
53 36 78577137
3 58 78569144
25 56 78569132
44 81 78561666
81 44 78558794
44 81 78558621
81 108 78552945
123 105 78491842
58 44 78319145
58 71 78319082
58 44 78319082
44 58 78315463
78 55 78298980
78 55 78298851
53 81 78297602
44 71 78238824
78 55 78231968
44 53 78229276
44 71 78227916
25 49 78212628
123 105 78169528
78 25 78152460
36 53 78147679
58 44 78146441
44 58 78132959
32 31 78131785
58 44 78128807
49 21 78120760
49 39 78120760
44 71 78064951
44 58 78064951
44 71 78064792
44 58 78064792
3 55 78057240
3 58 78057240
3 44 78057240
7 41 78057012
115 41 78056009
44 58 78044410
81 44 77998021
90 65 77985901
90 135 77985901
90 117 77985901
90 102 77985901
90 86 77985901
81 44 77984430
55 58 77977755
90 65 77954576
90 135 77954576
90 117 77954576
90 102 77954576
90 86 77954576
86 65 77922764
86 65 77908364
25 56 77894997
25 56 77894723
25 136 77894723
25 56 77894078
25 136 77894078
25 36 77882212
86 135 77783915
86 135 77783744
58 3 77721828
58 44 77721828
81 55 77716803
25 56 77716751
25 136 77716751
29 44 77712660
36 25 77696199
92 130 77690211
58 44 77636669
90 65 77631064
90 135 77631064
90 117 77631064
90 102 77631064
90 86 77631064
78 55 77622039
25 36 77619265
7 41 77612752
81 123 77601422
81 123 77556759
86 65 77554560
86 135 77554560
86 117 77554560
86 102 77554560
86 90 77554560
86 65 77543760
86 135 77543760
86 117 77543760
86 102 77543760
86 90 77543760
81 29 77531508
29 81 77530438
78 55 77527937
78 55 77518117
119 56 77456615
58 44 77453487
90 65 77382200
90 135 77382200
90 117 77382200
90 102 77382200
90 86 77382200
25 56 77379563
25 136 77379563
25 56 77373032
25 136 77373032
25 78 77365221
36 25 77364582
3 55 77361681
3 58 77361681
3 44 77361681
103 29 77356904
123 105 77275014
55 78 77188592
90 65 77112767
90 135 77112767
90 117 77112767
90 102 77112767
90 86 77112767
90 65 77110271
90 135 77110271
90 117 77110271
90 102 77110271
90 86 77110271
123 105 77109928
78 55 77102330
55 36 77099200
90 65 77092064
90 135 77092064
90 117 77092064
90 102 77092064
90 86 77092064
58 55 77033690
90 65 77030176
90 135 77030176
90 117 77030176
90 102 77030176
90 86 77030176
44 58 77004067
90 65 76940513
90 135 76940513
90 117 76940513
90 102 76940513
90 86 76940513
25 53 76934653
55 78 76934613
3 55 76932233
3 58 76932233
3 44 76932233
25 56 76921726
56 25 76921667
25 56 76921534
25 56 76920803
25 136 76920803
25 56 76918749
25 136 76918749
90 65 76862019
90 135 76862019
90 117 76862019
90 102 76862019
90 86 76862019
44 3 76850563
44 58 76850563
3 44 76848019
25 56 76844231
25 136 76844231
78 55 76839469
90 65 76837164
90 135 76837164
90 117 76837164
90 102 76837164
90 86 76837164
29 81 76830018
81 29 76828917
29 81 76828776
78 55 76828005
81 29 76827361
78 55 76825300
25 78 76788124
25 56 76754700
25 136 76754700
119 56 76751530
119 56 76748558
78 55 76748459
58 44 76748319
117 65 76747521
117 130 76747521
117 86 76747521
117 90 76747521
136 41 76504108
136 56 76504108
136 78 76504108
136 25 76504108
136 36 76504108
117 90 76502795
29 81 76501489
90 65 76495809
90 135 76495809
90 117 76495809
90 102 76495809
90 86 76495809
25 56 76488855
25 136 76488855
25 56 76482328
25 136 76482328
25 56 76480925
25 136 76480925
3 55 76411512
3 58 76411512
3 44 76411512
58 55 76403381
92 117 76402161
55 58 76401792
58 55 76395510
25 56 76354018
58 55 76323881
58 3 76323881
58 44 76323881
56 25 76317512
25 56 76317487
56 25 76315237
119 56 76313095
25 56 76310392
25 136 76310392
25 41 76301692
25 56 76301692
25 136 76301692
3 58 76252737
3 44 76252737
68 45 76242934
53 36 76216772
81 53 76161440
58 3 76160813
58 55 76156583
58 44 76156210
55 58 75971160
3 58 75905180
3 44 75905180
44 58 75830014
58 44 75823070
78 25 75819789
58 44 75806678
56 25 75792290
86 65 75742129
86 135 75742129
86 117 75742129
86 102 75742129
86 90 75742129
86 65 75739333
86 135 75739333
86 117 75739333
86 102 75739333
86 90 75739333
86 65 75731329
86 135 75731329
86 117 75731329
86 102 75731329
86 90 75731329
86 65 75728533
86 135 75728533
86 117 75728533
86 102 75728533
86 90 75728533
71 44 75727203
78 55 75725995
25 78 75724579
58 44 75720133
90 65 75718522
90 135 75718522
90 117 75718522
90 102 75718522
90 86 75718522
25 136 75717877
136 56 75716832
58 3 75712965
58 44 75712965
119 56 75708492
78 55 75705936
119 56 75705842
55 78 75704464
78 55 75702830
25 41 75646279
25 56 75646279
25 136 75646279
58 44 75636262
25 56 75634395
25 41 75634270
25 56 75634270
25 136 75634270
41 25 75632833
78 55 75625536
53 81 75622617
78 55 75618651
25 41 75614469
25 56 75614469
25 136 75614469
81 53 75613135
25 56 75611155
25 56 75580805
3 44 75556955
90 65 75539661
90 135 75539661
90 117 75539661
90 102 75539661
90 86 75539661
58 3 75531887
3 58 75531750
3 44 75531750
119 56 75531300
90 65 75531252
90 135 75531252
90 117 75531252
90 102 75531252
90 86 75531252
90 65 75528890
90 135 75528890
90 117 75528890
90 102 75528890
90 86 75528890
3 58 75288829
119 56 75287948
25 41 75285948
25 56 75285948
25 136 75285948
25 136 75281817
68 45 75280057
68 32 75280057
3 58 75278112
58 3 75274597
58 44 75274597
44 3 75219665
44 58 75219665
55 119 75213195
117 130 75208811
117 130 75204332
119 56 75194682
25 41 75187159
25 56 75187159
25 136 75187159
78 55 75186832
25 84 75186755
25 41 75186677
25 56 75186677
25 136 75186677
78 55 75185552
78 55 75184824
78 55 75184476
81 53 75182245
81 29 75182245
81 30 75182245
81 25 75182245
81 31 75182245
81 36 75182245
78 55 75124239
81 29 75110828
81 30 75110828
81 25 75110828
81 84 75110828
81 36 75110828
78 55 75110341
78 55 75107793
90 65 75105737
90 135 75105737
90 117 75105737
90 102 75105737
90 86 75105737
90 92 75105737
44 58 75102767
44 58 75102619
55 78 75100551
78 55 75097473
78 55 75097195
25 41 75037398
25 56 75037398
25 136 75037398
78 25 75032837
55 78 75027082
102 117 75023271
119 56 75018088
56 25 75003217
56 136 75003217
136 56 74954038
136 25 74954038
78 55 74934866
44 3 74607847
44 58 74607847
90 65 74607144
90 135 74607144
90 117 74607144
90 102 74607144
90 86 74607144
78 55 74600025
58 44 74519951
25 41 74508871
25 56 74508871
25 136 74508871
58 44 74508351
58 44 74506977
25 84 74496237
136 25 74494376
90 65 74490922
90 135 74490922
90 117 74490922
90 102 74490922
90 86 74490922
119 56 74429336
3 44 74425855
44 3 74424334
44 58 74424334
84 25 74421878
25 41 74418105
25 56 74418105
25 136 74418105
90 65 74414358
90 135 74414358
90 117 74414358
90 102 74414358
90 86 74414358
25 41 74413491
25 56 74413491
25 136 74413491
78 55 74405637
55 78 74403114
25 41 74346874
25 56 74346874
25 136 74346874
58 44 74341398
45 68 74328342
45 68 74325239
68 45 74323866
68 32 74323866
58 44 74074676
78 25 74059069
90 65 74001862
90 135 74001862
90 117 74001862
90 102 74001862
90 86 74001862
45 68 73992003
41 115 73988341
41 7 73988341
71 44 73987517
55 78 73981911
78 55 73979950
58 44 73976880
25 41 73976103
25 56 73976103
25 136 73976103
78 55 73974049
71 44 73894916
68 45 73889641
68 32 73889641
25 41 73881932
25 56 73881932
25 136 73881932
44 3 73875161
44 58 73875161
123 105 73839573
123 81 73839573
123 105 73818249
123 81 73818249
3 58 73798878
3 44 73798878
78 25 73735752
25 56 73735079
25 136 73735079
44 71 73725927
44 3 73724965
44 58 73724965
68 45 73722363
68 32 73722363
44 81 73708240
78 55 73465672
25 56 73460758
25 136 73460758
78 55 73459327
78 55 73399785
25 41 73382960
25 56 73382960
25 136 73382960
53 81 73377119
78 55 73373671
25 56 73368155
25 136 73368155
53 81 73296593
68 45 73282895
68 32 73282895
68 45 73280496
68 32 73280496
25 56 73223433
25 136 73223433
25 56 73208037
25 136 73208037
44 58 72871080
44 3 72860610
44 58 72860610
44 81 72769604
25 56 72700689
25 136 72700689
119 56 72688035
119 56 72687386
123 103 72625146
78 55 72615397
78 55 72614270
78 55 72610083
25 41 72605670
25 56 72605670
25 7 72605670
25 136 72605670
119 56 72593118
78 55 72592611
68 45 72536205
68 32 72536205
30 68 72525609
78 55 72523856
130 92 72513873
103 123 72503800
78 55 72265092
123 103 72260260
103 123 72191744
68 45 72101746
68 32 72101746
78 55 72082347
25 56 72080640
25 136 72080640
25 56 72019612
25 136 72019612
25 56 72019077
25 136 72019077
25 56 71994567
25 136 71994567
78 55 71991625
44 3 71991285
55 78 71925006
78 55 71900134
68 45 71644113
44 3 71641975
78 55 71567551
44 58 71559782
71 44 71558913
44 58 71556062
119 56 71473200
123 105 71377377
123 81 71377377
3 44 71330782
44 3 71325687
44 58 71325687
25 56 71300242
25 136 71300242
44 58 71243693
3 58 71060212
3 44 71060212
25 56 71048347
25 136 71048347
81 31 70984156
78 55 70965534
78 55 70956882
78 55 70890843
68 45 70885323
68 32 70885323
78 55 70875860
44 3 70868126
44 58 70868126
44 58 70866175
44 3 70816805
103 58 70804170
103 44 70804170
117 130 70799836
25 56 70796097
25 136 70796097
25 56 70795110
25 136 70795110
78 55 70795001
78 55 70790291
141 29 70779192
117 90 70722653
117 92 70722653
103 81 70711600
78 55 70707367
78 55 70694483
78 55 70347908
141 105 70284850
141 103 70284850
141 123 70284850
141 81 70284850
78 55 70282609
90 65 70280400
90 135 70280400
90 117 70280400
90 102 70280400
90 86 70280400
141 105 70279138
141 103 70279138
141 123 70279138
141 81 70279138
25 56 70276100
25 136 70276100
78 55 70261759
86 117 70236974
86 90 70236974
25 56 70189442
25 136 70189442
30 36 70184207
78 55 70177122
25 56 70116991
25 136 70116991
81 29 70116642
81 30 70116642
81 25 70116642
81 84 70116642
81 36 70116642
78 55 70109466
25 56 70092606
25 136 70092606
25 56 70088395
25 136 70088395
92 130 69844720
55 78 69842119
78 55 69841917
55 78 69771615
78 55 69764456
44 58 69747888
123 105 69738683
78 55 69680836
44 3 69664169
44 58 69664169
117 130 69580827
44 3 69483144
44 58 69483144
68 76 69222144
68 31 69222144
117 130 69143725
68 45 69135535
68 32 69135535
25 56 69074460
25 136 69074460
68 45 68967950
68 32 68967950
68 45 68908093
68 32 68908093
117 130 68889256
117 90 68889256
25 56 68887862
25 136 68887862
30 36 68540656
78 55 68472877
78 55 68458943
68 45 68457310
68 32 68457310
30 36 68439661
30 36 68439481
30 36 68439379
30 36 68439208
78 55 68362930
30 68 67944500
44 3 67934708
78 55 67776214
78 55 67700733
90 84 67697915
3 58 67665675
3 44 67665675
102 117 67617883
102 92 67617883
92 130 67451062
92 90 67451062
92 130 67443763
78 55 67332147
78 55 67332121
78 55 67329837
36 53 67259844
36 53 67258387
36 55 67258387
36 133 67258387
78 25 67247259
92 130 67193434
29 81 67093020
81 71 67091460
81 29 67091460
81 71 67073510
81 29 67073510
81 71 67055460
81 29 67055460
92 130 66836321
92 130 66662992
92 130 66488979
92 90 66488979
130 90 66469317
92 130 66219420
105 141 66055442
71 145 65880060
71 145 65875140
71 145 65844060
71 145 65839140
144 55 65602380
145 3 65597640
71 145 65525580
145 3 65498700
71 145 65489580
58 71 65486940
58 3 65486940
71 145 65456460
71 145 65456400
71 145 65455620
29 81 65455446
81 29 65455238
92 130 65452670
145 71 65428140
71 145 65420460
71 145 65420400
71 145 65419620
145 3 65412780
81 53 65365502
29 81 65364605
81 29 65348078
3 55 65339700
3 58 65339700
3 145 65339700
44 81 65338380
145 3 65338200
145 3 65331960
145 3 65331480
3 58 65326320
58 3 65325900
58 44 65321100
53 81 65302800
53 81 65284804
92 130 65275220
29 81 65265551
53 36 65254512
29 81 65247540
116 29 65246215
103 141 65019888
36 53 65004087
3 55 64979940
3 58 64979940
3 145 64979940
3 55 64978620
3 58 64978620
3 145 64978620
58 3 64969380
145 71 64905360
116 81 64898221
58 3 64883700
145 71 64797180
71 145 64757940
29 30 64736203
29 30 64736168
30 29 64736144
116 30 64728947
116 81 64728947
116 25 64728947
116 36 64728947
145 71 64728840
136 25 64724718
145 71 64723320
71 145 64721940
58 3 64713720
145 3 64712400
29 30 64407329
29 81 64407329
29 36 64407329
136 25 64385697
136 25 64384262
145 3 64380720
116 36 64318911
136 25 64316547
3 58 64300500
3 145 64300500
41 7 64212063
58 3 64208040
68 45 64166580
68 32 64166580
71 145 64154400
116 68 64139216
116 41 64139216
116 59 64139216
116 53 64139216
116 56 64139216
116 76 64139216
116 7 64139216
116 21 64139216
116 25 64139216
116 84 64139216
116 136 64139216
116 31 64139216
116 90 64139216
116 36 64139216
116 133 64139216
116 39 64139216
68 45 64130580
68 32 64130580
145 71 64130040
81 29 64122360
71 145 64118400
145 3 64110840
145 71 64110240
71 58 64084800
71 58 64048800
86 135 63860943
7 41 63784127
3 55 63781320
3 58 63781320
3 145 63781320
3 55 63779820
3 58 63779820
3 145 63779820
7 41 63719801
3 55 63688440
3 58 63688440
3 145 63688440
58 3 63687480
145 71 63643260
145 71 63642720
116 81 63631935
71 145 63624000
3 58 63622620
3 145 63622620
145 71 63607260
145 71 63606720
68 45 63596460
68 32 63596460
68 45 63594240
68 32 63594240
71 145 63588000
145 58 63521640
145 71 63511740
3 145 63438300
116 29 63432300
145 71 63428220
29 81 63192900
58 3 63174180
41 115 63019235
71 145 63006300
71 145 63000960
45 68 62921700
58 3 62905500
145 71 62897820
71 145 62895180
45 68 62885700
115 41 62856973
81 71 62856780
81 32 62856780
116 84 62824776
116 36 62824776
68 45 62816220
68 32 62816220
136 25 62595300
25 56 62511780
25 78 62498940
25 78 62498640
25 136 62432040
116 81 62424560
116 25 62424560
116 36 62424560
116 81 62424128
116 84 62424128
116 36 62424128
116 81 62422995
116 84 62422995
116 36 62422995
136 25 62409600
117 63 62404440
71 145 62383920
136 25 62352060
25 136 62340120
92 130 62334720
58 3 62322540
58 145 62322540
92 117 62313480
92 117 62311500
92 117 62311080
81 36 62248602
116 29 62241793
116 81 62239665
116 29 62239446
116 81 62239446
78 25 62237220
3 55 62236080
3 58 62236080
3 145 62236080
71 145 62208840
71 145 62127780
92 130 62024220
58 71 61974660
58 144 61974660
92 130 61973820
25 56 61907580
145 3 61879260
117 84 61871700
117 102 61856820
92 130 61845480
117 63 61803060
58 29 61800300
92 117 61797000
92 130 61795080
144 55 61778580
116 81 61700214
145 3 61687020
145 58 61687020
58 3 61626660
58 145 61626660
58 3 61621380
145 3 61617600
145 58 61617600
145 3 61617300
145 58 61617300
58 55 61617180
116 81 61617088
116 36 61617088
145 3 61614240
145 58 61614240
58 55 61603860
3 55 61371660
3 58 61371660
3 145 61371660
117 63 61371360
141 81 61321860
145 58 61282560
116 81 61273268
25 136 61218540
78 55 61212360
145 71 61186200
145 3 61175700
145 58 61175700
3 55 61167000
3 58 61167000
3 145 61167000
81 53 61136580
81 53 61129140
71 145 61103340
58 145 61100040
145 71 61092360
117 63 61089660
55 78 61066500
55 78 61030500
145 3 61018560
145 58 61018560
71 145 61016880
145 3 61015800
145 58 61015800
145 3 61010040
145 58 61010040
145 58 60999180
3 55 60997740
3 58 60997740
3 145 60997740
92 130 60799800
145 3 60761700
145 58 60761700
117 90 60759120
117 90 60759000
92 130 60749400
92 63 60706320
92 130 60706320
3 55 60587040
3 58 60587040
3 145 60587040
145 3 60582660
145 58 60582660
145 3 60581640
145 58 60581640
116 81 60502049
3 55 60488460
3 58 60488460
3 145 60488460
81 53 60430620
53 81 60427380
71 145 60417840
58 3 60414000
58 145 60414000
71 145 60400620
71 145 60400440
81 53 60394620
81 53 60377400
81 53 60341400
71 145 60336060
55 78 60131760
25 81 60130080
25 81 60094080
145 3 60073380
145 58 60073380
105 141 60072898
3 55 60066000
3 58 60066000
3 145 60066000
92 130 60004320
116 81 59899334
55 78 59844360
55 78 59808360
116 81 59566491
92 130 59553420
78 25 59477400
117 92 59469540
117 92 59455080
58 145 59453940
145 58 59448780
55 78 59415180
78 55 59398020
58 3 59377560
55 78 59375580
116 141 59372475
116 81 59372475
58 3 59357400
58 145 59357400
3 55 59354520
3 58 59354520
3 145 59354520
29 81 59322660
81 53 59306160
58 3 59290140
58 145 59290140
81 53 59266560
25 56 59229360
92 117 59187960
117 92 59186760
92 117 59186040
117 92 59185680
92 117 59185200
117 92 59180160
58 145 58953960
92 117 58951260
92 84 58951260
117 92 58950360
117 130 58941540
117 92 58940340
92 117 58939920
149 78 58928220
149 84 58928220
149 90 58928220
149 92 58928220
92 130 58918140
92 149 58918140
58 145 58852260
117 92 58851780
92 117 58851720
145 58 58851420
117 92 58851420
92 117 58847040
145 71 58838040
92 117 58834800
58 145 58762980
71 58 58761060
58 81 58751880
105 141 58713388
58 3 58690680
145 71 58676160
145 3 58670760
145 58 58670760
145 3 58669020
145 58 58669020
145 3 58668720
145 58 58668720
81 53 58647240
81 53 58642800
53 81 58642440
81 53 58625220
81 58 58610220
58 81 58609800
81 53 58607640
81 53 58603200
81 53 58585620
117 92 58578240
92 117 58577820
3 58 58576560
71 58 58434360
116 81 58339405
58 71 58264980
71 58 58259820
25 136 58191960
81 29 58184369
81 29 58176829
81 29 58172479
144 58 58167120
58 3 58165920
58 144 58165440
116 81 58162792
117 86 58157700
116 81 58107677
145 58 58085880
3 55 58076160
3 58 58076160
3 145 58076160
92 149 58075620
25 136 58063500
92 102 58051800
58 3 58001280
71 145 58000260
3 58 57990840
3 55 57989340
3 58 57989340
3 145 57989340
58 3 57986400
58 145 57986400
25 136 57981540
58 3 57978000
149 25 57975180
58 3 57973500
92 149 57972420
149 25 57972180
3 55 57737220
3 58 57737220
3 145 57737220
3 55 57731340
3 58 57731340
3 145 57731340
117 84 57648180
117 92 57634980
55 78 57633900
58 3 57555480
58 145 57555480
145 3 57552120
145 58 57552120
145 3 57539340
145 58 57539340
117 84 57481800
58 145 57461400
58 3 57460260
117 84 57399120
92 84 57397860
58 71 57381180
58 3 57377700
58 145 57377700
58 3 57377640
58 145 57377640
3 55 57376980
3 58 57376980
3 145 57376980
25 136 57225900
58 3 57103800
58 145 57103800
149 25 57052680
58 145 57050220
145 71 57050040
145 3 57050040
145 58 57050040
117 84 57048660
92 117 57046020
117 92 57046020
58 144 57045960
92 117 57045300
92 117 57027960
55 3 57022800
117 84 56966640
58 3 56954340
117 84 56944200
58 3 56851140
58 145 56851140
145 3 56849100
145 58 56849100
25 136 56815680
145 3 56772060
145 58 56772060
58 29 56530020
92 117 56505120
92 117 56500020
117 92 56444820
117 92 56436840
92 117 56429520
117 92 56428500
92 117 56426520
92 117 56414880
117 92 56414820
116 81 56378366
117 92 56353920
149 25 56268840
55 3 56155500
117 84 55928640
25 136 55896780
78 55 55832580
149 25 55832280
58 55 55831500
149 25 55829520
149 25 55827360
149 25 55813980
58 3 55813860
58 145 55813860
58 3 55748400
92 130 55747020
71 145 55739340
58 3 55733100
25 136 55693500
58 3 55668540
58 145 55668540
58 71 55663860
58 3 55663860
58 145 55663860
117 92 55578360
92 117 55578060
117 92 55577280
145 3 55570500
145 58 55570500
58 3 55570260
58 145 55570260
58 3 55560120
58 144 55555800
81 29 55322529
117 92 55311480
117 84 55229760
41 56 55222380
41 56 55221600
92 117 55215540
149 25 55214040
117 84 55148880
58 144 55140000
25 56 55066800
58 144 54955260
58 145 54954720
58 145 54953460
58 145 54949560
149 25 54757380
92 130 54683580
149 25 54630600
58 3 54628380
58 145 54628380
149 25 54603360
58 3 54544980
58 145 54544980
117 84 54531900
58 3 54516900
58 145 54516900
117 102 54456480
117 102 54453000
117 90 54452640
117 90 54451920
149 25 54429300
25 136 54393840
145 3 54359520
145 3 54357540
145 3 54351840
92 130 54350520
58 144 54348180
58 55 54104160
117 92 54102600
92 117 54099420
92 149 54077340
92 149 54014760
136 41 54010080
136 56 54010080
136 49 54010080
136 25 54010080
136 99 54010080
58 3 53999760
58 55 53942820
58 3 53938200
58 145 53938200
58 145 53935500
25 136 53873160
25 136 53872560
58 3 53854380
58 145 53854380
58 145 53847540
92 149 53832960
81 29 53751000
58 81 53428380
117 102 53407620
92 130 53390940
149 105 53314860
68 76 53219100
68 45 53219100
117 102 52896000
117 102 52894920
149 90 52709460
58 29 52616880
58 81 52616880
81 29 52453020
92 130 52269960
92 130 52269240
117 84 52219080
117 84 52218540
58 3 52204860
58 3 52203660
58 145 52203660
58 3 52199220
58 145 52199220
117 84 52128900
58 145 52100340
92 117 52029540
58 29 52012320
58 81 52012320
25 136 51964560
25 136 51624900
68 76 51522360
68 45 51522360
117 84 51006420
92 117 51002280
58 3 50977620
117 92 50885220
58 29 50739720
58 81 50739720
58 29 50475360
58 81 50475360
58 29 50475180
58 81 50475180
58 3 50375760
58 145 50375760
25 56 50330220
58 81 50312760
92 130 50308920
58 144 50284560
92 117 50221080
117 102 50220900
3 78 50207820
56 25 50200440
78 3 50198640
149 78 50196480
149 84 50196480
58 144 50145360
92 117 50138280
149 84 50129100
149 84 50120580
149 84 50120160
68 76 50119680
68 45 50119680
68 76 50119020
68 45 50119020
58 3 49867260
58 145 49867260
92 117 49859820
117 92 49859280
92 117 49858320
58 29 49852140
58 81 49852140
81 29 49791060
58 3 49780620
58 71 49712760
92 130 49695660
58 144 49680060
58 3 49618560
58 3 49616640
29 81 49602540
149 71 49600500
149 71 49597080
58 144 49590660
149 71 49521960
117 102 49518780
117 102 49505160
58 144 49272360
68 45 49257660
68 76 49245600
68 45 49245600
58 144 49188060
58 3 49182960
58 144 49174140
25 136 49122060
25 136 49121640
58 3 49101120
58 144 49100820
68 76 49092240
68 45 49092240
58 3 49075380
58 145 49075380
117 92 49072980
25 136 49038420
25 136 49037940
25 136 49037520
117 92 49014660
117 92 49014300
149 78 49004700
149 84 49004700
58 3 48998160
149 78 48993420
149 84 48993420
58 3 48987720
58 145 48987720
117 78 48937500
58 144 48927000
58 29 48915900
58 81 48915900
58 29 48909540
58 81 48909540
68 45 48388860
68 76 48387780
68 45 48387780
68 76 48377820
68 45 48377820
68 76 48313980
68 45 48313980
29 81 48299640
68 76 48294000
68 45 48294000
68 45 48292320
68 76 48291720
68 45 48291720
58 144 48214920
56 25 48049140
58 144 47976480
71 145 47970000
58 29 47966280
58 81 47966280
145 71 47959560
58 3 47951520
58 3 47951280
58 3 47890380
58 3 47889480
58 144 47879700
78 117 47869440
81 29 47862300
81 58 47862300
58 3 47861520
117 84 47807700
58 144 47806440
58 3 47801040
58 145 47801040
58 3 47795340
81 29 47793000
81 58 47793000
58 3 47785200
68 76 47783220
68 45 47783220
58 3 47782560
58 145 47782560
68 76 47781720
68 45 47781720
68 76 47779620
68 45 47779620
81 29 47720520
58 144 47720520
58 29 47720460
58 81 47720460
58 3 47714520
58 145 47714520
58 29 47713140
58 81 47713140
58 29 47711760
58 81 47711760
58 144 47707980
99 49 47689920
149 63 47457180
149 84 47457180
58 144 47453220
58 144 47432220
58 3 47371620
58 29 47367900
58 81 47367900
58 144 47293140
68 76 47207340
68 45 47207340
29 58 47201280
58 144 47197620
145 3 47195880
58 3 47192940
58 145 47192940
58 144 47192160
92 102 47170260
92 102 47168940
25 56 47135340
25 136 47135340
58 144 47115480
58 29 47111700
58 81 47111700
25 136 47044440
25 136 47039220
58 144 46858740
58 3 46856820
58 145 46856820
58 144 46768440
58 29 46761600
58 81 46761600
58 3 46754880
58 144 46682700
58 144 46597800
58 29 46596900
58 3 46592100
58 3 46580220
58 145 46580220
145 71 46578660
58 144 46510620
71 145 46504380
145 71 46501920
144 58 46499880
71 145 46490580
145 71 46487100
58 144 46252380
58 3 46247460
58 145 46247460
58 144 46229340
58 144 46222440
71 145 46164240
58 144 46162560
58 29 46160160
58 81 46160160
58 144 46151160
58 29 46138440
58 81 46138440
58 144 46134240
58 144 46081680
58 144 46074180
144 58 46052580
58 144 45992040
58 144 45984240
58 3 45983880
58 145 45983880
58 29 45974940
58 81 45974940
58 144 45901140
58 144 45892500
81 29 45884280
58 3 45883980
58 3 45637080
58 3 45636120
58 145 45636120
149 63 45556380
58 144 45539820
58 3 45531600
58 145 45531600
58 144 45527040
25 136 45458760
58 3 45458400
58 144 45456600
81 58 45453780
58 81 45453660
81 58 45450420
58 81 45443760
81 58 45390660
25 56 45390600
25 136 45390600
58 3 45381600
58 3 45381240
58 3 45374520
58 145 45374520
58 144 45372420
58 144 45297240
58 144 45296880
58 3 45288660
58 145 45288660
99 49 45272460
58 144 45042300
55 3 45019380
55 58 45019380
55 3 45015420
55 58 45015420
29 58 44957820
58 3 44930640
58 145 44930640
58 144 44925900
58 144 44787300
58 3 44778420
149 71 44759280
58 144 44749140
58 84 44671500
81 29 44667780
58 144 44666760
58 144 44666400
25 136 44331300
58 144 44264100
58 144 44177700
58 3 44172480
58 145 44172480
58 144 44168880
58 3 44168880
105 141 44105040
58 144 44093220
149 63 44061000
58 144 43825380
58 3 43802640
58 145 43802640
58 144 43743120
58 3 43719720
58 3 43716720
58 145 43716720
58 144 43658700
58 3 43630320
58 145 43630320
58 3 43577580
58 145 43577580
58 144 43570140
58 144 43483440
58 144 43226340
58 3 43217580
58 144 43194780
58 144 43051380
58 144 42964740
58 144 42939120
58 144 42882720
58 3 42863880
58 144 42620640
58 144 42537000
149 63 42512520
58 144 42447480
58 144 42366480
58 71 42339240
58 84 42339240
58 144 42334620
58 144 42334020
25 136 42298680
63 149 42281400
149 71 42274200
25 136 42203580
25 136 42203400
25 136 42203220
149 90 42021720
144 58 42010740
58 144 41995500
149 63 41995260
149 84 41995260
58 144 41988780
58 144 41907720
71 145 41905980
58 144 41846220
145 71 41841480
58 3 41825880
58 145 41825880
58 144 41757840
58 144 41409480
58 144 41383560
149 84 41239020
58 144 41237400
58 3 41225940
58 145 41225940
71 145 41211120
58 144 41150880
149 84 41140860
58 144 41063040
58 3 41062080
58 145 41062080
58 144 40810860
58 144 40720980
58 144 40639740
58 144 40605180
68 76 40546620
68 45 40546620
81 29 40540080
58 71 40519920
58 144 40519920
58 3 40459620
58 3 40449360
58 145 40449360
58 71 40434180
58 144 40434180
145 3 40178220
58 71 40118940
58 144 40118940
58 3 40116240
58 144 40114620
58 144 40112400
58 3 40109160
58 145 40109160
149 84 40106640
81 29 40093800
58 71 40089180
58 144 40089180
58 71 40031820
58 144 40031820
58 3 40004580
58 71 39945420
58 144 39945420
58 3 39945360
58 145 39945360
58 3 39943740
58 3 39942240
58 145 39942240
58 71 39931860
58 144 39931860
58 71 39931680
58 144 39931680
58 71 39510480
58 144 39510480
145 58 39502800
58 71 39482880
58 144 39482880
58 3 39417780
58 29 39405600
58 81 39405600
145 58 39403980
58 71 39340860
58 144 39340860
58 3 39327360
58 145 39327360
58 3 39316380
58 71 39309840
58 144 39309840
58 71 39246960
58 29 39232620
58 81 39232620
58 3 39229560
71 58 39226800
58 3 38994420
58 145 38994420
58 71 38994300
58 144 38994300
145 58 38975460
145 58 38975280
145 58 38975220
145 58 38975100
58 29 38968320
58 81 38968320
58 3 38965740
58 145 38965740
81 29 38963580
58 71 38905560
58 144 38905560
58 144 38879100
58 71 38820660
58 144 38820660
58 3 38811900
58 145 38809500
58 71 38792400
58 144 38792400
145 58 38731080
58 3 38720820
58 145 38720820
144 58 38720640
58 71 38719380
58 144 38719380
81 58 38715780
58 81 38715540
81 58 38714760
58 71 38714580
58 81 38714580
58 144 38714580
58 144 38712840
58 71 38649660
58 144 38649660
29 58 38646540
58 144 38643900
144 58 38642700
58 71 38640060
58 144 38640060
58 3 38629620
58 145 38629620
58 3 38625420
58 3 38389800
58 145 38389800
58 71 38376120
58 144 38376120
58 71 38361420
58 144 38361420
81 58 38278680
81 58 38278620
58 81 38275860
58 29 38275740
58 81 38275740
58 71 38218020
58 144 38218020
58 29 38132340
58 71 38131320
58 144 38131320
58 71 38103960
58 144 38103960
58 71 38102940
58 144 38102940
58 3 38042940
58 145 38042940
58 71 38041980
58 144 38041980
58 71 37781220
58 144 37781220
58 71 37699020
58 144 37699020
58 71 37614120
58 144 37614120
58 145 37598160
145 58 37596420
58 81 37583700
58 71 37581240
58 144 37581240
58 71 37580700
58 144 37580700
149 71 37429560
58 71 37178100
58 144 37178100
145 58 37171020
58 3 37170000
58 145 37170000
58 3 37102380
58 81 37097820
81 29 37093260
144 58 37090920
58 71 37090740
58 144 37090740
58 81 37013160
58 81 37009920
58 81 37007460
58 81 37006920
58 81 37006320
58 81 37004220
58 71 37002120
58 144 37002120
81 29 37000980
81 58 37000980
81 58 36994920
81 58 36994860
58 71 36983940
58 144 36983940
145 58 36929040
25 56 36923160
25 136 36923160
25 136 36922800
58 71 36922560
58 144 36922560
58 145 36920040
145 3 36914820
58 145 36907080
145 3 36898020
58 144 36893820
145 58 36892020
58 71 36890820
58 144 36890820
145 58 36840780
145 144 36839880
145 3 36839280
145 3 36837960
145 58 36812700
145 58 36811500
145 3 36807240
145 3 36577440
145 58 36577320
145 3 36573540
58 71 36568020
58 144 36568020
58 145 36566340
145 3 36555660
145 3 36547560
145 3 36546900
58 145 36546300
145 3 36545340
145 3 36545220
145 3 36487440
58 81 36486660
58 71 36486300
58 144 36486300
81 58 36483900
58 81 36481680
145 3 36480660
58 71 36469680
58 144 36469680
145 58 36406200
58 145 36405720
58 145 36405300
145 58 36405060
58 145 36403740
58 145 36403560
58 81 36400980
58 3 36396000
58 145 36396000
99 49 36392520
145 58 36390840
58 71 36385800
58 144 36385800
58 3 35971920
58 145 35971920
81 58 35968440
145 3 35963340
58 145 35960940
145 3 35952840
58 145 35950980
58 145 35948220
145 3 35947560
145 58 35946780
145 58 35945820
145 58 35944920
58 145 35943900
144 58 35942040
58 145 35939040
58 144 35937900
58 3 35937840
58 145 35937840
58 71 35937420
58 144 35937420
145 71 35886660
145 144 35886660
145 3 35886660
145 58 35886660
145 3 35884500
144 58 35871360
145 3 35866260
145 58 35866260
145 71 35866080
145 144 35866080
145 3 35866080
145 58 35866080
145 71 35865960
145 144 35865960
145 3 35865960
145 58 35865960
58 3 35864280
58 145 35864280
58 71 35863500
58 144 35863500
58 71 35862720
58 144 35862720
145 58 35862180
145 3 35861520
58 81 35860320
58 81 35857800
81 58 35855640
58 81 35855580
58 144 35796120
144 58 35795940
58 71 35794680
58 144 35794680
58 3 35791980
58 145 35791980
145 3 35780760
145 3 35780640
145 58 35779260
58 144 35774700
145 3 35767080
58 71 35713140
58 144 35713140
145 58 35708820
58 71 35625540
58 144 35625540
145 3 35610540
58 71 35365200
58 144 35365200
25 136 35356860
58 71 35344860
58 144 35344860
145 3 35281140
145 3 35276220
58 3 35253120
58 3 35249820
58 145 35249820
58 71 35193360
58 144 35193360
58 71 35180460
58 144 35180460
58 3 35180460
58 145 35180460
58 81 35117160
58 71 35103180
58 144 35103180
58 3 35075100
58 145 35075100
58 71 35019780
58 144 35019780
58 144 35012940
145 3 35000520
145 58 35000520
145 3 34993860
145 144 34991820
145 3 34991820
58 71 34990440
58 144 34990440
145 3 34760760
145 71 34757280
145 3 34756200
145 58 34756200
145 3 34740720
58 145 34739580
145 58 34736700
145 71 34732680
145 144 34732680
99 49 34691340
58 71 34676220
58 144 34676220
58 145 34667820
145 144 34667520
145 3 34667520
145 58 34667520
58 71 34660680
58 3 34646520
58 145 34646520
58 84 34594020
58 71 34593000
58 144 34593000
58 3 34585080
58 145 34585080
145 58 34564920
58 71 34561440
58 144 34561440
145 58 34559220
58 145 34558260
58 145 34558200
145 3 34507440
145 58 34507440
25 136 34466100
145 3 34413720
145 58 34413720
145 58 34395900
145 58 34395840
58 71 34156200
58 144 34156200
58 81 34153680
58 81 34153620
81 58 34153500
58 81 34153380
58 71 34152840
58 144 34152840
145 3 34129620
145 58 34129620
58 3 34129140
58 145 34129140
58 71 34127340
58 144 34127340
145 58 34070220
145 3 34041240
29 81 34039200
58 71 33988080
58 144 33988080
145 3 33983280
145 58 33983280
58 3 33970560
58 145 33970560
58 71 33896460
58 144 33896460
58 3 33888060
29 81 33884880
81 29 33877020
58 145 33872160
58 145 33867780
58 71 33812460
58 144 33812460
145 3 33804000
58 3 33558840
58 145 33558840
145 144 33555420
58 71 33553920
58 144 33553920
145 71 33546720
58 81 33542760
58 144 33468960
58 71 33465660
58 144 33465660
58 3 33464760
58 145 33464760
58 3 33463260
58 3 33456780
58 145 33456780
145 3 33453600
145 58 33453600
145 71 33453420
58 3 33442080
58 145 33442080
58 3 33437580
58 145 33437580
58 71 33435600
58 144 33435600
58 81 33357420
58 145 33357420
58 71 33299340
58 144 33299340
58 3 33266220
58 145 33266220
145 58 33265260
145 3 33264720
145 3 33264600
144 58 33263940
58 81 32946840
58 71 32941500
58 144 32941500
58 81 32934660
145 3 32865660
58 71 32861880
58 144 32861880
58 144 32861040
58 3 32836260
58 145 32836260
145 58 32829360
145 3 32778480
58 71 32778360
58 144 32778360
58 71 32687460
58 144 32687460
145 3 32676000
145 3 32675340
145 3 32659140
145 58 32659140
58 145 32653140
58 71 32652960
58 144 32652960
145 3 32602500
145 3 32591580
145 3 32589420
145 3 32570640
58 71 32342700
58 144 32342700
145 3 32338020
145 58 32338020
58 145 32333100
145 71 32331840
145 3 32315820
145 58 32315820
145 3 32258760
58 145 32246940
145 58 32237640
145 3 32229300
145 3 32228820
145 58 32172600
145 58 32163240
145 58 32158920
81 29 32106420
58 71 32083740
58 144 32083740
145 3 32083260
145 3 32077140
145 3 32076900
58 144 32069040
58 71 31997880
58 144 31997880
58 145 31997820
145 3 31979160
145 3 31978800
81 29 31968000
145 3 31740060
145 3 31739280
145 58 31734600
145 3 31731540
145 3 31731120
145 58 31731120
58 144 31725720
144 58 31725120
145 3 31711560
145 58 31657500
145 3 31656300
145 3 31655280
58 71 31647480
58 144 31647480
145 58 31643460
58 145 31642740
58 145 31640760
145 3 31633560
145 58 31633560
145 58 31632000
145 58 31624680
58 71 31560660
58 144 31560660
58 71 31556580
58 144 31556580
58 81 31553460
145 58 31543380
58 71 31535460
58 144 31535460
145 3 31481100
58 3 31463280
58 145 31463280
145 3 31455540
145 58 31455540
58 71 31446000
58 144 31446000
145 3 31398900
145 144 31394760
145 3 31388100
58 71 31135380
58 144 31135380
145 3 31108860
145 3 31108140
145 3 31105980
58 145 31098960
58 71 31049280
58 144 31049280
145 3 31047240
145 58 31047240
58 145 31020600
58 145 31020060
58 3 31018740
58 145 31018740
58 81 31015800
58 145 31015800
145 58 31015260
145 3 31015200
58 145 31014960
145 71 31014660
58 71 31012020
58 144 31012020
58 145 30955860
58 145 30955260
58 145 30951060
58 145 30946980
145 58 30938340
145 144 30938100
58 3 30933660
58 145 30933660
58 71 30928680
58 144 30928680
145 3 30877860
145 3 30877560
145 3 30876060
145 3 30875940
58 145 30868080
58 145 30864420
58 145 30862500
145 3 30852660
145 3 30852540
145 3 30849120
145 81 30794880
145 3 30792180
145 58 30792180
145 3 30785820
145 3 30775980
58 145 30768180
58 145 30763500
145 3 30758220
145 3 30755460
145 3 30530040
81 145 30505920
145 81 30501180
3 58 30434640
3 145 30434640
145 58 30414180
58 145 30408840
58 145 30408660
58 145 30403920
58 3 30359820
58 145 30359820
58 3 30357180
58 145 30357180
145 58 30345540
145 58 30345480
145 3 30340140
145 58 30340140
145 3 30336060
145 58 30336060
145 3 30331020
145 58 30331020
145 71 30330060
58 145 30322320
145 3 30275520
145 58 30275520
145 58 30273300
58 145 30268020
58 3 30266520
58 145 30266520
145 3 30254700
58 145 30238440
3 58 30177300
3 145 30177300
58 144 30172500
58 3 30172500
144 58 30172500
58 145 30172500
58 3 29892720
58 145 29892720
145 3 29842440
145 58 29842440
145 58 29841060
144 58 29832480
3 58 29810760
3 145 29810760
58 3 29746920
58 145 29746920
145 58 29731800
145 144 29723040
145 144 29668260
58 145 29651520
58 145 29650080
145 58 29644380
145 3 29643900
145 58 29643900
145 58 29642880
145 144 29634000
145 58 29548020
145 3 29289600
3 58 29224800
3 145 29224800
145 58 29224680
3 58 29223960
3 145 29223960
3 58 29207280
3 145 29207280
145 144 29144100
145 58 29137320
58 145 29046960
145 58 29046600
145 58 29036940
58 145 29035860
3 58 29033640
3 145 29033640
145 3 28967820
145 144 28964100
145 144 28954920
58 145 28951800
145 144 28524300
58 145 28512000
3 58 28454880
3 145 28454880
145 3 28452900
58 145 28448940
58 145 28425120
58 71 28371180
58 144 28371180
145 3 28356840
145 3 28344300
145 58 28344300
58 3 28343760
58 145 28343760
58 71 28070820
58 144 28070820
58 71 27987000
58 144 27987000
58 71 27846660
58 144 27846660
58 144 27815700
58 71 27813960
58 144 27813960
58 144 27735780
58 145 27735780
81 141 27422100
58 3 27404700
58 145 27404700
58 3 27396480
58 145 27396480
58 3 27388260
58 145 27388260
58 71 27386820
58 144 27386820
58 3 27302100
58 145 27302100
58 145 27243060
58 84 27223260
58 71 27213240
58 144 27213240
58 71 26901120
58 144 26901120
58 81 26892660
58 145 26892660
58 71 26875200
58 144 26875200
58 71 26639100
58 144 26639100
58 71 26553900
58 144 26553900
58 145 26544060
58 71 26541840
58 3 26541840
58 145 26541840
58 71 26291100
58 144 26291100
58 145 26288580
145 58 26288400
145 71 26276160
58 71 26263200
58 144 26263200
58 3 26203140
58 145 26203140
58 145 26202900
58 145 26199960
58 71 26176440
58 144 26176440
58 81 26097300
58 145 26097300
58 71 26037960
58 144 26037960
58 81 26009940
58 145 26009940
58 71 25950480
58 144 25950480
58 71 25949820
58 144 25949820
59 58 25944960
58 71 25936380
58 144 25936380
145 3 25931520
145 58 25931520
3 145 25927080
58 84 25675320
58 71 25658580
58 144 25658580
58 145 25593180
58 71 25571760
58 144 25571760
58 3 25518600
58 145 25518600
58 71 25486200
58 144 25486200
58 71 25399860
58 144 25399860
58 81 25332240
58 145 25332240
145 3 25325040
145 58 25325040
58 3 25053300
58 145 25053300
58 71 24884280
58 144 24884280
58 71 24475980
58 144 24475980
58 145 24467880
58 71 24396060
58 144 24396060
58 144 24383160
58 145 24380460
58 145 24371220
58 71 24363360
58 144 24363360
58 145 24303660
58 145 24277020
58 145 24220560
58 144 24192600
58 3 24192600
58 145 24192600
58 71 24132780
58 144 24132780
58 145 24126780
58 71 23869740
58 144 23869740
58 3 23867460
58 145 23867460
58 71 23843880
58 144 23843880
58 71 23701200
58 144 23701200
145 81 23603100
145 81 23595480
145 81 23533500
58 71 23271540
58 144 23271540
58 81 23266920
58 71 23240220
58 144 23240220
58 71 23098620
58 144 23098620
58 71 23010120
58 144 23010120
58 71 22923900
58 144 22923900
58 84 22643940
58 71 22579020
58 144 22579020
141 63 22561800
58 3 22558080
58 145 22558080
58 71 22490580
58 144 22490580
58 3 22488720
58 145 22488720
58 144 22484100
58 144 22481820
58 71 22385760
58 144 22385760
58 71 22376520
58 144 22376520
58 71 22289340
58 144 22289340
58 71 21974280
58 144 21974280
58 71 21883200
58 144 21883200
58 84 21874740
58 145 21791400
58 3 21786600
58 145 21786600
58 71 21713760
58 144 21713760
58 84 21690780
58 71 21453600
58 144 21453600
58 71 21368400
58 144 21368400
58 3 21350040
58 3 21349260
58 145 21349260
58 71 21281580
58 144 21281580
58 71 21274320
58 144 21274320
58 71 21251340
58 144 21251340
58 144 21184440
58 71 21111720
58 144 21111720
58 71 21096780
58 71 20850420
58 144 20850420
58 71 20761920
58 144 20761920
58 71 20734980
58 144 20734980
58 71 20594880
58 144 20594880
58 71 20064300
58 144 20064300
58 3 19961280
58 145 19961280
58 71 19295400
58 144 19295400
58 71 19039020
58 144 19039020
58 71 19006740
58 144 19006740
58 71 18926580
58 144 18926580
58 71 18923760
58 71 18867960
58 144 18867960
58 145 18843600
58 71 18777900
58 144 18777900
58 144 18747360
58 144 18666600
58 71 18665280
58 144 18665280
58 71 18430740
58 144 18430740
58 71 18340260
58 144 18340260
58 71 18339840
58 144 18339840
58 145 18329160
58 71 18314760
58 144 18314760
149 71 18259800
58 144 18249840
58 144 18240120
58 3 18168600
58 144 18163440
58 144 18162780
58 144 18157620
58 144 18157320
58 3 17657400
149 71 17491440
58 3 16608120
58 145 16608120
58 145 16606020
58 81 15836160
58 3 15321540
145 3 15216420
145 58 15216420
58 3 14449140
58 81 14198760
58 71 14017680
58 145 13825560
58 145 13497180
58 81 13423260
145 71 13324920
58 71 12876180
58 81 12876180
58 144 12876180
81 58 12827940
58 145 12632520
58 145 12629460
58 145 12178620
58 145 11667960
58 145 11579700
58 3 11424660
58 145 11424660
58 145 11420580
58 145 11411340
58 3 11152560
58 145 11152560
58 145 11057520
58 71 10827540
58 144 10827540
58 3 10827540
58 145 10827540
58 3 10544340
58 145 10544340
58 145 10543380
58 81 10480860
58 145 10454400
58 145 10364400
58 145 10277880
58 144 9950040
58 144 9791040
58 3 9683100
58 145 9683100
58 3 9681480
58 3 9594240
58 3 9593340
58 145 9593340
58 145 9351120
58 3 9351000
58 3 9350340
58 81 9191940
58 3 9163380
58 81 9159480
58 3 8485500
58 145 8485500
58 71 8481720
58 3 8124240
58 145 8124240
58 145 8048520
58 3 7957440
58 145 7957440
58 71 6739260
58 145 6674220
58 3 5720100
58 145 5720100
58 3 4956540
58 145 4956540
58 3 4859220
58 145 4859220
58 145 2596860
58 145 1996260
58 145 1993320
58 3 1897980
58 145 1897980
58 3 1827660
58 145 1827660
58 3 1488960
58 145 1488960
58 3 1469640
58 145 1403340
58 145 1309800
58 3 1302660
58 145 1302660
58 3 881160
