0 1 98277034
3 0 97580951
1 6 97484013
3 2 94641220
0 2 94565223
0 4 94536423
1 7 93959154
1 7 93959039
4 1 93768024
1 4 91364059
1 4 91342257
1 4 91341592
1 4 91022831
1 4 90911045
1 4 90835313
1 4 90747410
4 7 90747384
10 6 90675787
13 14 90674853
13 9 90673802
13 14 90673649
13 11 90671794
0 2 90669918
15 11 90647173
15 16 90647173
15 9 90647173
8 14 90408061
8 11 90408061
8 16 90408061
13 9 90404005
1 7 90400624
11 15 90400159
11 8 90395748
18 19 90392693
18 16 90392693
19 13 90312397
13 11 90241911
12 8 90239740
15 16 90150043
13 11 90142424
15 17 90041449
6 17 89799204
1 7 89732261
2 3 89726208
1 7 89718715
9 12 89703129
1 7 89700918
1 7 89644253
1 4 89632374
1 21 89614837
1 7 89612644
13 11 89472341
11 13 89469150
11 16 89469150
11 10 89469150
11 12 89469150
6 13 89219026
6 11 89219026
1 7 89207077
3 2 89196785
2 3 89194301
24 25 89192459
13 14 89186457
11 13 89184708
11 8 89184708
8 15 89120075
2 3 89111636
2 3 89102062
11 14 89097407
20 9 89057040
11 10 89038219
15 19 89006102
2 3 88954030
13 16 88951540
19 9 88867739
1 7 88863244
8 13 88858157
15 8 88852288
15 9 88852288
17 8 88602811
11 6 88601015
6 13 88600678
6 14 88600678
8 20 88599790
8 23 88599790
6 13 88596433
17 13 88584870
11 8 88582509
26 28 88532323
19 14 88523527
10 13 88520978
32 18 88515148
13 16 88510669
1 4 88499043
13 16 88496429
17 10 88432223
13 17 88423071
8 17 88348694
17 8 88346917
19 9 88345786
17 8 88338911
8 17 88321590
8 17 88321538
4 1 88250949
23 8 88245879
23 17 88245879
8 23 88243575
2 3 88237396
19 17 88006415
2 0 87998044
2 3 87998044
23 20 87994063
1 4 87982533
11 8 87974539
11 16 87974539
11 17 87974539
14 11 87910506
8 23 87810470
7 37 87810444
20 8 87805277
16 12 87745230
23 8 87716991
22 9 87716800
15 13 87708644
15 17 87708644
2 3 87391888
16 8 87390094
8 16 87377373
8 23 87377373
17 8 87302590
17 8 87302530
9 19 87298788
11 17 87283420
8 17 87227425
1 21 87213611
38 35 87205072
19 13 87202241
19 14 87202241
19 9 87139029
46 36 87131901
20 23 87130659
8 17 87125528
23 20 87125442
23 9 87125442
13 8 87055515
38 21 87029626
38 47 87026083
49 50 87022899
49 46 87022899
49 54 87022899
49 55 87022899
19 9 86794527
13 10 86793608
20 17 86780934
20 23 86780934
11 14 86767156
13 8 86765426
11 13 86703155
20 8 86700979
20 23 86700979
13 14 86694164
10 8 86693841
20 8 86680591
61 64 86640157
61 27 86640157
61 67 86640157
61 69 86640157
61 70 86640157
61 72 86640157
61 54 86640157
61 74 86640157
61 56 86640157
61 76 86640157
61 35 86640157
61 42 86640157
61 60 86640157
61 84 86640157
61 85 86640157
61 31 86640157
61 44 86640157
61 27 86625757
61 68 86625757
61 51 86625757
61 52 86625757
61 54 86625757
61 75 86625757
61 77 86625757
61 30 86625757
61 84 86625757
61 86 86625757
61 36 86625757
49 36 86619593
61 52 86619549
61 77 86619549
61 25 86619549
81 61 86612768
81 27 86610963
81 28 86610963
81 84 86610963
81 85 86610963
1 4 86610925
61 27 86605149
61 52 86605149
61 77 86605149
61 25 86605149
94 36 86605061
40 95 86600978
81 93 86596563
81 71 86596563
81 43 86596563
81 88 86596563
49 96 86593345
49 91 86593345
49 97 86593345
49 91 86592351
61 71 86556305
61 36 86556305
61 44 86556305
81 36 86550104
26 93 86546943
26 27 86542849
26 29 86542849
61 27 86541905
61 26 86541905
61 81 86541288
81 71 86539725
81 58 86539725
66 87 86539407
81 73 86538453
81 71 86535704
81 30 86535704
81 60 86535704
81 25 86535704
2 3 86534290
94 70 86532076
89 88 86529016
30 44 86519521
0 2 86518244
0 87 86518244
14 8 86506486
0 28 86505768
0 98 86505768
0 26 86505768
81 73 86457418
88 81 86437330
36 38 86427685
19 13 86426843
36 53 86423491
36 54 86423491
96 99 86422578
26 81 86420995
14 8 86420670
96 97 86418146
81 93 86373691
81 93 86371521
26 73 86280708
71 81 86265309
71 58 86265309
71 44 86265309
26 81 86200166
81 93 86196287
81 73 86196287
81 26 86196287
93 70 86189894
99 96 86189321
92 87 86183056
93 9 86180911
96 36 86178295
36 61 86177263
13 14 86165332
92 87 86161862
52 36 86160183
6 14 86102778
0 66 86100078
0 37 86100078
0 26 86100078
38 46 86093918
38 35 86093918
38 47 86093707
13 17 86086977
0 71 86086157
0 89 86086157
14 11 86080299
26 30 86075311
93 28 86073430
93 71 86073430
57 49 86072942
97 96 86069646
25 51 86012490
25 57 86012490
26 36 86012257
93 28 86010242
93 26 86010242
26 28 86009067
26 28 86008792
97 96 86008612
91 97 86005890
30 59 86005399
52 50 86004328
97 49 86003714
93 28 86001535
38 52 85998390
14 8 85996722
14 17 85996722
38 52 85994813
38 30 85993620
61 89 85993489
92 90 85991610
1 21 85986140
25 38 85945301
14 10 85931149
78 49 85929298
78 49 85928332
3 0 85927691
0 37 85925518
0 26 85925518
46 35 85914961
25 84 85913754
19 11 85906570
95 83 85903585
81 73 85894174
65 74 85868026
28 93 85851840
30 52 85838991
30 98 85838991
30 25 85838991
13 17 85838660
58 3 85836692
97 25 85834645
93 81 85833134
49 96 85831469
77 64 85827968
77 62 85827465
62 64 85819571
62 77 85819571
96 97 85818586
97 41 85818248
13 11 85816276
81 73 85808322
0 2 85595718
19 9 85580044
66 92 85574893
12 13 85557047
12 10 85557047
12 17 85557047
0 4 85510054
13 14 85494240
81 85 85477658
103 81 85477179
13 8 85475335
2 3 85473098
81 103 85472290
13 10 85471949
81 44 85471936
13 11 85470319
96 97 85412598
10 14 85393740
0 37 85335502
0 26 85335502
0 3 85335502
104 70 85326926
104 73 85326926
81 44 85313794
29 108 85310228
10 17 85306193
4 3 85304575
77 62 85300353
11 16 85298019
60 30 85292749
81 36 85238453
12 11 85215870
0 87 84993197
0 44 84993197
81 73 84983761
81 73 84982269
81 36 84982269
8 13 84970397
8 17 84970397
28 81 84969418
28 26 84969418
11 16 84969350
97 96 84967279
93 110 84967139
12 13 84959690
97 25 84958550
13 15 84947325
13 19 84947325
15 13 84944028
0 66 84907671
81 103 84898778
26 28 84896877
13 10 84894227
10 13 84894167
25 36 84883187
30 68 84871504
30 60 84871504
25 36 84864338
0 4 84820190
0 26 84820190
0 87 84820190
0 3 84820190
104 70 84811762
104 61 84803774
104 107 84803774
104 108 84803774
6 13 84803766
26 73 84799961
26 36 84799961
97 49 84798517
97 25 84798517
26 76 84793890
26 31 84793890
26 89 84793890
19 9 84793580
97 49 84791254
95 83 84788431
95 111 84787920
40 95 84785354
9 12 84782748
1 21 84777274
19 9 84726470
49 96 84709071
3 2 84708577
25 36 84700411
97 25 84694420
6 19 84634352
17 6 84631302
0 37 84629378
82 2 84621683
13 14 84621049
14 11 84612162
14 16 84612162
9 12 84611631
13 12 84610187
97 96 84608587
19 13 84600616
19 13 84597519
19 9 84597519
19 9 84596805
19 13 84543684
81 26 84453066
88 89 84434179
0 4 84383393
104 88 84375788
104 105 84369530
104 18 84369530
96 97 84369314
104 105 84367795
108 113 84360723
28 59 84357618
23 13 84356534
12 23 84356487
23 13 84355736
13 10 84355364
13 23 84355364
11 13 84353707
96 36 84351286
35 38 84348928
108 88 84346718
38 52 84345284
11 16 84344619
11 17 84344619
44 81 84291450
104 106 84280283
104 108 84280283
49 97 84279976
74 72 84269392
30 27 84269145
70 73 84268343
11 13 84265643
13 14 84264375
91 95 84263749
10 13 84263510
13 14 84260938
13 11 84260938
14 13 84260502
9 19 84257774
13 17 84256514
49 96 84256182
49 97 84256182
13 14 84200258
4 2 84198897
3 82 84197506
87 66 84194828
91 95 84182902
49 91 84182879
113 81 84179971
104 88 84176069
0 4 84123152
0 87 84123152
0 3 84123152
19 9 84117962
81 111 84116591
81 43 84116591
81 107 84116591
81 89 84116591
52 50 84108192
52 115 84108192
19 9 84098595
112 93 84096976
26 71 84094301
26 71 84094266
81 52 84093517
62 31 84091573
13 17 84087443
81 70 84085282
81 108 84085212
26 71 84027720
13 17 84027022
104 105 84019464
104 107 84019464
81 88 84018897
49 25 84015547
49 97 84007989
49 96 84007797
13 20 84002218
104 106 83993921
26 73 83952212
81 44 83774509
104 70 83764727
104 73 83764727
13 17 83763558
81 107 83761729
97 49 83757555
49 97 83756023
0 3 83753427
107 81 83745899
13 11 83741000
13 16 83741000
93 71 83738982
81 44 83689881
85 38 83686450
49 97 83681626
2 58 83680443
93 81 83676579
97 91 83674904
97 49 83674904
44 81 83663021
19 15 83662832
7 52 83658578
49 25 83655389
81 88 83605076
81 43 83603809
81 88 83603809
81 36 83603809
0 87 83603438
88 81 83600732
81 88 83587653
66 92 83586040
90 72 83578044
88 73 83576378
88 81 83575751
90 65 83575560
90 117 83571549
13 14 83568345
13 11 83568345
13 16 83568345
81 29 83566001
81 88 83566001
104 107 83560402
26 27 83430365
26 98 83430365
26 30 83430365
19 8 83416476
104 105 83415524
104 108 83415524
90 65 83412342
90 117 83412342
81 111 83410003
81 43 83410003
81 25 83410003
81 85 83410003
81 107 83410003
94 81 83396660
26 30 83320328
10 22 83160229
20 10 83158265
13 17 83157851
13 10 83156915
10 22 83156530
20 9 83139314
20 17 83139314
10 11 83138804
0 71 83089472
0 4 83089472
81 38 83079062
2 0 83064998
25 78 83058255
33 9 83054731
78 37 83054215
25 51 83052645
25 75 83052645
25 43 83052645
25 121 83052645
3 0 82973662
81 71 82964799
120 85 82962966
19 20 82955229
94 81 82804888
17 13 82543506
11 8 82540554
11 14 82540554
11 16 82540554
26 71 82537746
78 37 82467824
97 91 82463293
97 49 82463293
0 82 82455377
88 71 82453761
94 81 82390573
58 95 82386051
33 17 82385703
89 27 82376790
58 82 82372189
49 91 82366454
41 96 82363833
41 97 82363833
95 111 82363778
95 55 82363613
8 13 82361447
8 19 82361447
13 16 82305869
49 97 82274600
97 49 82274399
13 16 82272923
97 41 82271279
33 20 82269340
104 105 82207419
13 17 82196012
107 55 82192621
112 93 82191598
112 17 82191598
93 71 82185847
14 17 82180671
93 28 81951144
17 13 81949773
53 81 81945861
11 8 81943851
11 16 81943851
93 87 81938460
124 120 81858534
49 91 81857562
97 91 81854824
22 4 81849429
122 125 81849156
11 16 81849009
81 111 81848963
81 24 81848963
15 13 81848238
122 42 81848103
120 124 81847501
125 41 81842223
62 77 81841146
8 19 81838631
33 20 81774729
112 113 81772188
38 46 81770773
10 13 81760725
120 124 81760392
11 9 81755352
11 17 81755352
93 110 81700088
11 14 81692137
111 83 81684314
10 11 81678614
97 96 81672552
13 10 81670479
13 33 81667931
9 12 81667489
10 16 81667453
40 95 81601467
10 14 81600881
78 37 81593178
13 17 81589921
81 111 81586854
81 43 81586854
81 26 81586854
81 107 81586854
120 124 81584921
81 88 81528982
81 88 81372801
19 9 81351167
108 73 81342409
40 95 81341164
19 9 81338698
20 10 81333639
20 23 81333639
9 20 81327920
33 106 81325683
78 37 81323920
123 5 81318189
91 40 81261175
33 18 81259797
97 49 81258946
11 16 81253938
11 17 81253938
78 124 81250346
11 13 81244163
39 53 81237063
37 2 81186858
123 105 81166320
30 26 81156258
30 36 81155875
93 81 81149699
93 81 81148403
93 113 81103347
91 95 81095353
93 112 81093575
9 33 81087394
93 112 81078842
58 111 81078773
58 44 81078773
87 66 81078574
19 15 81067910
58 111 81064280
111 95 81061998
19 20 81056049
97 35 81020376
49 91 80987748
9 23 80977279
10 14 80975432
49 75 80973387
49 101 80973387
25 49 80969651
22 17 80898234
112 113 80752161
112 113 80749624
113 93 80745838
97 41 80741614
120 56 80724817
11 13 80722118
11 16 80722118
11 17 80722118
62 35 80718805
61 129 80714180
61 18 80714180
9 19 80675372
91 79 80665227
19 9 80663827
91 111 80661137
91 83 80661137
19 9 80657777
92 66 80657242
92 87 80657242
92 74 80655150
40 111 80654247
68 128 80652048
58 44 80650768
20 33 80643411
81 129 80639152
35 46 80639101
35 38 80639101
9 12 80633925
111 95 80630087
91 95 80575423
57 51 80565734
22 20 80565346
111 78 80559376
111 95 80559363
25 75 80557033
25 43 80557033
25 121 80557033
25 122 80557033
9 19 80555308
23 20 80550780
23 20 80550739
20 23 80548058
13 14 80547416
20 23 80543093
20 22 80542159
41 50 80541730
41 7 80541730
20 23 80488828
78 111 80488174
8 17 80485533
71 81 80484889
91 40 80483779
3 2 80481036
0 82 80479593
0 58 80479593
23 20 80478828
23 20 80478775
20 23 80478212
20 22 80477895
20 23 80477291
20 23 80473589
81 71 80472168
23 20 80467575
98 32 80464822
20 22 80463968
32 98 80463570
8 17 80463058
8 23 80463058
120 85 80459340
120 124 80459340
82 3 80457853
10 14 80401793
13 14 80400466
91 40 80400360
29 79 80399069
23 20 80398435
66 90 80397533
92 87 80397062
11 23 80393679
6 8 80393637
22 20 80390040
20 9 80389102
37 78 80381905
17 11 80380086
113 93 80373754
49 51 80367252
49 75 80367252
49 101 80367252
49 121 80367252
9 20 80326220
20 8 80208879
20 11 80208879
20 23 80208879
20 33 80193307
20 33 80138244
20 17 80136969
49 78 80128801
49 101 80128801
33 20 79979681
91 40 79975238
112 93 79968490
112 93 79959967
10 8 79953356
10 12 79953356
0 58 79952432
120 49 79951576
20 9 79947160
20 23 79946653
11 16 79945912
113 93 79943532
11 20 79941443
11 23 79941443
82 44 79940097
10 11 79937137
20 23 79930547
123 105 79894582
49 56 79894264
49 57 79894264
123 73 79886872
123 105 79886872
91 40 79886487
91 83 79886487
25 56 79886377
25 43 79886377
25 49 79886377
25 122 79886377
44 58 79885697
9 15 79883913
9 19 79883913
10 17 79883105
101 25 79882385
9 19 79877181
10 12 79876378
113 93 79876131
2 0 79874473
82 3 79874320
25 24 79871380
93 113 79869042
35 48 79868991
20 23 79868624
35 39 79868463
129 73 79868057
8 10 79867929
8 17 79867295
25 43 79866990
25 57 79866990
25 121 79866990
20 23 79862880
10 19 79862304
20 23 79859939
82 55 79858988
112 113 79857977
113 93 79856606
20 18 79855200
29 83 79847397
29 38 79847397
113 123 79844385
112 113 79807228
91 40 79805276
91 83 79805276
25 75 79799090
25 122 79799015
25 49 79798919
25 75 79798118
25 42 79798118
25 122 79798118
4 71 79797568
82 2 79797117
82 58 79797117
10 13 79795362
10 17 79795362
25 43 79788050
25 57 79788050
78 25 79782907
78 85 79782907
124 56 79781432
0 131 79781101
92 66 79780257
92 87 79780257
85 78 79779286
41 115 79779007
115 41 79778892
25 101 79778404
25 85 79778404
78 101 79778038
10 12 79776016
111 78 79775928
93 112 79775464
58 3 79773579
20 22 79773390
20 9 79773390
20 23 79772945
4 71 79772231
20 23 79770788
10 13 79769561
10 12 79769561
81 88 79769465
83 40 79769213
78 111 79764189
94 5 79628542
15 13 79610093
14 10 79540155
13 19 79536464
13 10 79536464
13 12 79536464
123 81 79536116
123 73 79534603
3 58 79533832
3 44 79533832
8 10 79533213
82 55 79532574
10 12 79528663
41 75 79523428
41 97 79523012
11 14 79517909
113 123 79515825
130 74 79514717
49 78 79514677
129 73 79513721
129 123 79513339
120 85 79512412
61 108 79510133
85 25 79505084
55 82 79455335
82 55 79452450
19 9 79452271
19 15 79451435
25 36 79450146
82 37 79448723
82 2 79448723
95 111 79448001
11 14 79447402
14 13 79445107
82 58 79444184
111 78 79442648
25 121 79442105
132 52 79440857
70 71 79440127
78 111 79438562
123 106 79438484
123 104 79438484
97 91 79438166
23 17 79435852
23 17 79435652
13 17 79433940
28 89 79432589
49 56 79431319
2 44 79430943
132 73 79430386
13 14 79430242
71 81 79429466
55 78 79427626
113 93 79427264
37 131 79424776
120 119 79422482
0 2 79422479
0 3 79422479
0 58 79422479
93 113 79419250
97 35 79367623
97 39 79367623
129 73 79365316
37 131 79365100
37 78 79365100
6 13 79361721
6 13 79360509
6 8 79360509
6 17 79360509
3 0 79356854
25 42 79350960
2 0 79350094
20 22 79349265
119 56 79346746
56 119 79346226
23 20 79346025
13 14 79342352
2 0 79338986
58 82 79338845
58 2 79338845
26 71 79337800
25 24 79337770
18 73 79331192
22 20 79331170
28 93 79328058
20 23 79327104
13 14 79283577
13 17 79283577
20 22 79283313
97 1 79281939
97 47 79281939
97 35 79281939
97 39 79281939
91 95 79277841
91 83 79277841
40 111 79274087
14 13 79270583
112 93 79267393
97 49 79264753
20 33 79264288
40 111 79260216
40 83 79260216
46 133 79259462
97 91 79259260
103 129 79258473
0 82 79257875
0 44 79257875
2 82 79256466
78 37 79254534
0 82 79254198
0 3 79254198
132 52 79251825
132 79 79248365
61 18 79245441
61 18 79244892
49 51 79244333
49 43 79244333
97 1 79195684
97 126 79195684
97 127 79195684
20 22 79194973
42 75 79194073
132 52 79192929
25 49 79183791
19 9 79181138
52 132 79171983
70 10 79171641
70 3 79171641
82 58 79170262
68 69 79169972
20 10 79167698
96 97 79167654
123 104 79165968
17 13 79164372
7 41 79163694
93 112 79159387
61 108 79158031
93 112 79157983
29 52 79156968
66 90 78932927
91 95 78930713
91 83 78930713
88 61 78930452
121 49 78924456
1 126 78923349
29 79 78923346
23 20 78920987
93 113 78919143
93 9 78919040
20 22 78918495
44 58 78914150
93 81 78909743
2 58 78907274
93 112 78900209
20 22 78894598
20 22 78854182
6 13 78847210
123 108 78845242
82 71 78844586
91 40 78843914
91 40 78843878
41 97 78842060
40 103 78835416
40 83 78835416
93 113 78834840
3 44 78830691
53 81 78824275
112 113 78767775
81 111 78764963
81 85 78764963
61 70 78763814
61 106 78763814
61 88 78763814
82 2 78760156
82 58 78760156
18 33 78759904
35 40 78757064
35 85 78757064
35 38 78757064
35 39 78757064
35 48 78757064
95 111 78756289
61 106 78754737
61 108 78754737
23 17 78753675
131 55 78746663
20 23 78738693
49 75 78737990
78 25 78735746
9 19 78729955
40 39 78728369
95 53 78726851
100 28 78725386
16 8 78690016
19 15 78675482
91 95 78675034
19 9 78674007
82 71 78673113
124 119 78671612
120 85 78668675
26 71 78668186
82 37 78667348
82 58 78667348
120 85 78667347
85 120 78666145
120 85 78665601
82 0 78665121
20 22 78663872
2 58 78661661
68 128 78661579
112 93 78660806
82 3 78655521
20 22 78651545
26 71 78651372
23 18 78649816
71 69 78649804
71 26 78649804
78 85 78644495
49 56 78639793
49 57 78639793
19 9 78636109
2 0 78594052
2 44 78594052
82 37 78586287
82 55 78586287
82 58 78586287
82 71 78583079
55 82 78582770
29 91 78582596
19 13 78581404
61 108 78580431
58 0 78578029
58 3 78578029
112 85 78574623
13 17 78572982
13 14 78572714
123 106 78571776
112 85 78569673
34 54 78569168
25 122 78569132
85 25 78567838
124 56 78566548
49 1 78564998
119 120 78564958
23 20 78564619
58 0 78563001
8 17 78553083
13 14 78552421
20 22 78480969
55 82 78410804
112 108 78330455
2 55 78329763
2 55 78323443
93 113 78323221
8 17 78322425
8 17 78320224
25 75 78320201
112 85 78319832
101 122 78319059
101 25 78318966
44 2 78313724
53 42 78309336
112 24 78306084
57 41 78303825
33 9 78299994
2 55 78296247
78 111 78295427
112 113 78245696
1 38 78245108
13 17 78244250
91 79 78243059
112 113 78242085
8 17 78238702
2 0 78238129
19 9 78231409
120 124 78227051
112 93 78224417
58 0 78224011
82 58 78220049
58 111 78219888
112 123 78219009
111 95 78218918
1 21 78213186
25 49 78212628
123 73 78169528
37 131 78157095
13 14 78156021
13 17 78156021
91 95 78155222
120 85 78153196
82 37 78152871
82 55 78152871
82 2 78152871
93 112 78148332
20 22 78147510
25 52 78144978
112 85 78139357
19 9 78138470
94 103 78135314
112 93 78134504
112 113 78133610
95 53 78133212
44 58 78132959
71 82 78130374
2 58 78129470
58 95 78128807
91 49 78125483
49 1 78120760
49 47 78120760
49 21 78120760
97 99 78074323
77 36 78066527
91 95 78066352
44 71 78064792
44 58 78064792
131 37 78063432
1 126 78060726
82 71 78057649
82 37 78057649
115 41 78056009
66 92 78055819
91 49 78054985
91 97 78054985
52 41 78051538
82 2 78050078
82 58 78050078
8 16 78047029
44 58 78044410
57 25 78041940
17 23 78041702
124 119 78040239
113 123 78038064
33 18 78037374
20 22 78034850
97 99 77986650
100 28 77983537
91 95 77981811
91 40 77981811
113 93 77980607
113 123 77980607
107 73 77978759
93 113 77976294
112 123 77975667
40 29 77974807
40 95 77974328
70 44 77971694
70 5 77971694
11 8 77970340
11 14 77970340
11 16 77970340
11 17 77970340
112 85 77967444
120 85 77966832
44 94 77966536
131 3 77962237
2 82 77961804
112 123 77960265
82 2 77957149
90 102 77954576
90 86 77954576
120 56 77953694
93 112 77949394
85 120 77946969
25 42 77894997
25 121 77894997
25 75 77894723
25 122 77894723
25 101 77894078
25 121 77894078
25 111 77882212
25 36 77882212
112 93 77867518
111 52 77792090
111 38 77792090
129 81 77786010
58 82 77721828
58 44 77721828
0 82 77718494
2 55 77717677
25 43 77716751
25 136 77716751
14 13 77714934
70 44 77713828
82 0 77713665
82 58 77712959
113 112 77710791
113 123 77710791
5 70 77709615
85 120 77708635
123 104 77706510
112 93 77706066
13 14 77705224
2 82 77704359
117 74 77703472
74 130 77703471
129 107 77697366
1 126 77696168
120 51 77696146
93 112 77694813
93 112 77692278
97 91 77685704
91 111 77638326
120 124 77635625
131 80 77635159
43 52 77631874
90 117 77631064
90 102 77631064
101 57 77630124
93 113 77629781
58 82 77627882
97 96 77621560
93 103 77620614
93 112 77619116
23 17 77619020
93 112 77618514
9 20 77611108
14 17 77609207
129 107 77607059
129 107 77606292
129 107 77606001
33 17 77605417
129 107 77604248
2 82 77603960
123 113 77564163
129 106 77551799
105 18 77550332
22 105 77549019
9 19 77545888
13 8 77544057
86 117 77543760
86 90 77543760
14 13 77540623
2 82 77535047
23 13 77533366
81 111 77531883
29 81 77530438
23 11 77524132
23 13 77523730
40 95 77522671
40 83 77522671
40 48 77522671
46 73 77521018
13 17 77520232
13 8 77519975
78 55 77518117
6 13 77515354
27 134 77510545
27 32 77510545
25 125 77478555
112 93 77466914
55 131 77465788
28 89 77465118
2 3 77464532
2 58 77464532
22 5 77464020
105 5 77461353
14 16 77461243
91 83 77460945
1 38 77460604
93 112 77459890
112 93 77457530
93 112 77456986
93 113 77456892
17 6 77453802
58 44 77453487
23 33 77452551
23 17 77452551
0 55 77451304
44 94 77447461
81 129 77444763
124 120 77439353
112 93 77435379
85 120 77433748
120 124 77433731
120 124 77432776
81 73 77426781
1 21 77425789
90 65 77382200
90 102 77382200
90 86 77382200
14 12 77377381
104 70 77376049
104 106 77376049
25 57 77373032
91 111 77370893
113 93 77369972
75 25 77365585
0 82 77364485
0 2 77364485
0 3 77364485
14 13 77363838
18 22 77363352
129 70 77362001
3 55 77361681
3 82 77361681
131 55 77361579
77 129 77361242
98 89 77360327
94 5 77360118
112 123 77359824
70 71 77359465
23 33 77359181
6 13 77357208
93 113 77351351
120 124 77350347
23 13 77350032
29 91 77347940
113 93 77346280
12 13 77345894
82 44 77345566
55 131 77344269
96 97 77342251
85 120 77340659
29 111 77337836
111 29 77337071
111 79 77337071
14 10 77130840
112 8 77119258
112 17 77119258
112 12 77119258
91 40 77113163
14 13 77112855
14 17 77112855
90 72 77112767
2 78 77112281
123 73 77109062
0 2 77106517
0 44 77106517
113 112 77105298
75 25 77102124
132 106 77099744
113 123 77094397
90 65 77092064
90 86 77092064
82 0 77090301
85 81 77090173
97 53 77089705
93 113 77086332
11 16 77084251
11 17 77084251
23 20 77031202
23 20 77031124
90 72 77030176
91 95 77029827
61 111 77029138
111 95 77028818
0 3 77024019
51 75 77019536
113 93 77018655
124 119 77010841
13 23 77008498
23 13 77004081
44 58 77004067
100 59 77001534
29 40 76997900
20 23 76994949
56 51 76992729
37 131 76946369
70 71 76945625
70 5 76945625
2 0 76944220
91 95 76942048
91 111 76942048
132 50 76939289
132 115 76939289
132 7 76939289
112 85 76938917
62 42 76936758
9 19 76936703
124 56 76936090
9 22 76935563
37 85 76934662
55 78 76934613
112 113 76931249
131 37 76928322
56 42 76921836
25 42 76921534
25 121 76921534
25 75 76920803
25 56 76920803
25 122 76920803
113 93 76920358
124 37 76920176
25 56 76918749
113 123 76917441
85 25 76916275
131 80 76916273
112 93 76912942
122 125 76907251
90 65 76862019
37 85 76859835
19 9 76856405
13 17 76855883
82 44 76852060
14 12 76850567
14 23 76850567
44 2 76850563
44 58 76850563
29 91 76850091
112 93 76848852
112 93 76846075
22 16 76844902
22 12 76844902
25 42 76844231
25 136 76844231
0 44 76843526
28 76 76843434
23 22 76838005
23 20 76838005
90 102 76837164
90 86 76837164
23 20 76834901
29 81 76830018
81 29 76828917
120 37 76827687
81 29 76827361
13 11 76827011
2 3 76824843
25 78 76788124
91 40 76770830
112 113 76766042
23 22 76764013
120 56 76763732
120 124 76763541
122 101 76762277
120 37 76755046
25 75 76754700
25 122 76754700
117 86 76747521
117 90 76747521
26 81 76746208
13 11 76744012
13 16 76744012
25 42 76743825
20 123 76731651
42 25 76574076
97 136 76509239
91 111 76508642
91 79 76508642
136 95 76504108
136 109 76504108
136 38 76504108
136 122 76504108
92 87 76503435
117 87 76502795
117 90 76502795
93 113 76500412
112 93 76492155
25 56 76488855
111 83 76486771
25 75 76482328
25 43 76482328
11 17 76482166
25 122 76480925
93 113 76478480
85 112 76474675
125 36 76412553
3 82 76411512
111 78 76405907
78 124 76405047
58 55 76403381
91 40 76402406
92 66 76402161
92 117 76402161
93 112 76401459
93 113 76401399
2 44 76399858
2 82 76395262
62 85 76394862
91 79 76341434
91 111 76337562
91 79 76337562
91 83 76337562
131 80 76335972
120 55 76335027
40 48 76334987
22 13 76333648
8 23 76331480
123 93 76330003
80 131 76329435
38 25 76329320
112 123 76327083
23 20 76326572
123 113 76325291
19 13 76323500
93 113 76323206
93 5 76323206
25 56 76317487
106 32 76314256
122 25 76310978
4 37 76310932
25 75 76310392
25 57 76310392
25 122 76310392
12 22 76309606
9 19 76308081
19 15 76305663
25 51 76301692
25 101 76301692
25 57 76301692
25 121 76301692
25 136 76301692
93 112 76256903
3 44 76252737
91 111 76251463
91 79 76251463
40 83 76249327
23 8 76244179
37 131 76239932
82 2 76238048
33 17 76229850
33 18 76229781
82 2 76221958
1 38 76221893
2 44 76219146
129 111 76218543
80 131 76215687
91 83 76165920
2 78 76161770
81 26 76161440
81 88 76161440
58 0 76160813
23 17 76159813
124 51 76159529
9 15 76159399
9 19 76159399
120 124 76158201
44 82 76157803
37 120 76156121
2 3 76155654
13 16 76151587
13 15 76151467
12 9 76149258
105 22 76147968
26 30 76144723
0 82 76143564
93 112 76143150
69 32 76142342
0 55 76141174
78 2 76140980
19 33 76139874
19 9 76139229
93 113 76138600
23 20 76137959
44 82 76137894
2 78 76137106
2 78 76137025
29 111 76131860
20 23 76129534
93 112 76060684
112 113 76054360
112 93 76052951
55 0 75971160
58 0 75906946
91 111 75906219
3 2 75905180
120 85 75904141
37 120 75901899
88 68 75901017
88 76 75901017
88 115 75901017
88 45 75901017
88 49 75901017
88 80 75901017
88 60 75901017
88 97 75901017
88 32 75901017
88 138 75901017
88 38 75901017
88 48 75901017
112 85 75899350
112 5 75898388
88 73 75897386
88 105 75897386
0 58 75893497
113 73 75892157
113 123 75892157
113 81 75892157
3 2 75882885
11 8 75882345
11 16 75882345
93 113 75829747
91 95 75821526
9 12 75820329
20 23 75819733
23 20 75813471
70 4 75812122
125 41 75806213
125 48 75806213
23 20 75800223
103 107 75787234
29 91 75784352
93 113 75780747
93 113 75780689
62 25 75744686
86 135 75742129
86 72 75742129
86 117 75742129
86 90 75742129
86 102 75739333
86 90 75739333
23 20 75735441
112 113 75733314
86 65 75731329
86 135 75728533
86 117 75728533
131 55 75726652
93 112 75724893
112 113 75724088
103 107 75721873
0 2 75721612
0 3 75721612
0 58 75721612
23 20 75720267
90 117 75718522
90 102 75718522
8 23 75714624
58 82 75712965
58 3 75712965
0 3 75711774
111 78 75710021
78 55 75705936
119 124 75705842
112 113 75702264
13 14 75666619
25 75 75646279
25 56 75646279
25 43 75646279
25 57 75646279
91 111 75645175
91 83 75645175
14 13 75641550
66 87 75634992
111 29 75634756
25 51 75634395
25 121 75634395
25 43 75634270
25 42 75634270
25 136 75634270
41 57 75632833
85 124 75629583
41 97 75626565
25 62 75626002
112 113 75623964
71 4 75622821
53 81 75622617
70 94 75621178
0 44 75618635
25 122 75614469
25 56 75611155
25 121 75611155
13 16 75579522
62 25 75574953
2 82 75562780
91 111 75561201
91 40 75561201
112 93 75559452
9 13 75558956
93 112 75558942
124 119 75554720
131 55 75554283
112 93 75554197
37 120 75549020
84 42 75548238
2 82 75545827
90 72 75539661
90 117 75539661
112 93 75538492
112 123 75538492
3 82 75531750
119 124 75531300
90 65 75531252
23 8 75530984
2 44 75530005
104 70 75529744
85 124 75529439
90 135 75528890
70 44 75528875
93 112 75526318
19 9 75524118
26 93 75461932
59 100 75459157
112 113 75448717
112 5 75366585
91 95 75301683
112 113 75301220
20 23 75294807
78 111 75294556
6 12 75291242
119 56 75287948
85 25 75287261
25 56 75285948
25 136 75285948
25 43 75284374
11 12 75281458
0 82 75280543
0 44 75280543
68 45 75280057
57 62 75279897
112 93 75279206
5 70 75278406
3 58 75278112
12 14 75275939
12 17 75275939
26 27 75275158
11 16 75272559
29 73 75270207
26 89 75270070
13 17 75269275
41 57 75268816
52 41 75268770
87 66 75224657
91 111 75220830
91 83 75220830
37 120 75218027
112 73 75215397
55 119 75213195
23 17 75209613
117 130 75208811
74 92 75206831
11 13 75205377
13 16 75204823
82 58 75204165
19 9 75202108
112 73 75202012
22 18 75195723
119 56 75194682
16 13 75193785
41 57 75188862
41 97 75188862
25 56 75187159
25 122 75187159
25 75 75186677
25 42 75186677
78 55 75185552
113 93 75185315
78 55 75184476
23 17 75183486
81 27 75182245
81 35 75182245
81 124 75182245
15 13 75177197
26 81 75175998
81 26 75145364
91 95 75131609
91 79 75131609
112 123 75127598
112 113 75126992
78 55 75124239
112 93 75123177
113 112 75120309
131 37 75120079
11 19 75118141
112 123 75117830
19 9 75111937
81 29 75110828
81 30 75110828
81 43 75110828
81 120 75110828
78 55 75110341
78 55 75107793
2 44 75106473
90 74 75105737
90 86 75105737
90 92 75105737
113 5 75103547
44 58 75102767
8 33 75102487
81 85 75095830
20 23 75093990
85 31 75092930
88 103 75049215
91 111 75042507
91 83 75042507
11 13 75039382
85 25 75038833
131 80 75028143
124 120 75026395
124 119 75026395
129 73 75015093
123 106 75012635
33 17 75008667
123 73 75007828
2 44 74959154
112 113 74954528
131 80 74954371
112 93 74953643
112 113 74953643
13 14 74952048
12 23 74948241
123 107 74947148
111 78 74944084
28 100 74941699
112 113 74936501
13 17 74926121
85 120 74923592
19 9 74918328
13 17 74871477
15 17 74842594
112 93 74697380
100 59 74692423
100 59 74691472
112 113 74689224
11 14 74685461
112 93 74683270
26 76 74681027
19 22 74679766
112 85 74677155
22 70 74673115
2 3 74667749
132 52 74667529
129 73 74665740
2 82 74609259
2 0 74609259
2 3 74609259
44 58 74607847
90 65 74607144
90 86 74607144
22 9 74605328
22 17 74605328
8 13 74604568
8 12 74604568
113 112 74602948
112 81 74601215
112 73 74600618
112 123 74600618
112 113 74600618
112 113 74600348
125 41 74598328
125 57 74598328
125 122 74598328
85 120 74595567
13 22 74594773
112 93 74593512
112 123 74593512
85 43 74591931
112 113 74586094
2 44 74586068
112 113 74583713
5 70 74580179
97 91 74578806
23 20 74526583
112 113 74525942
124 120 74519723
8 13 74514769
8 12 74514769
1 49 74512280
92 66 74510296
25 101 74508871
25 57 74508871
58 111 74506977
13 14 74506245
120 119 74504176
93 5 74503353
112 113 74501189
85 78 74500514
20 23 74498389
85 25 74496680
13 22 74492334
13 17 74492334
90 86 74490922
85 120 74490917
8 13 74490282
93 113 74489251
19 9 74483090
37 131 74439903
124 120 74437158
13 16 74436778
13 8 74436671
112 113 74435110
75 51 74427915
75 25 74427915
32 134 74426063
82 44 74426010
120 37 74425904
44 2 74424334
84 25 74421878
25 75 74418105
25 121 74418105
25 136 74418105
90 65 74414358
25 41 74413491
25 42 74413491
25 101 74413491
25 57 74413491
25 122 74413491
112 17 74412763
62 42 74410123
13 16 74408294
13 11 74406558
113 26 74406064
113 81 74405973
85 120 74404587
123 113 74401953
112 93 74356723
25 136 74346874
112 93 74343909
20 23 74343830
112 43 74334860
45 137 74328342
82 2 74326967
103 73 74326330
68 45 74323866
13 14 74321380
112 93 74321153
93 81 74316483
19 9 74311315
5 94 74250753
112 73 74157954
112 81 74157954
131 37 74089254
82 3 74088069
82 55 74087523
112 123 74080795
112 113 74080795
66 87 74077167
43 42 74074826
89 28 74073834
9 33 74073288
9 19 74073288
112 123 74073259
112 113 74073259
105 94 74072240
112 93 74062029
26 100 74011406
120 85 74005286
112 113 74004753
131 80 73999451
120 85 73997611
26 27 73996212
26 28 73996212
100 28 73996001
41 50 73988341
41 57 73988341
41 97 73988341
55 78 73981911
125 51 73981804
125 48 73981804
131 80 73976971
25 43 73976103
25 122 73976103
5 113 73975731
15 11 73974727
100 59 73914372
120 37 73909567
45 137 73902118
112 123 73900027
5 70 73897212
93 113 73893312
125 41 73888856
25 101 73881932
25 122 73881932
44 3 73875161
44 58 73875161
123 73 73839573
3 2 73798878
112 113 73749124
26 28 73746720
20 23 73742166
25 43 73735079
25 42 73735079
93 113 73732216
112 93 73730554
28 100 73728290
44 3 73724965
68 137 73722363
37 131 73721159
44 88 73718932
77 64 73714086
15 13 73713990
113 123 73711944
112 113 73627686
82 3 73479066
100 59 73472391
25 121 73460758
89 26 73459945
112 93 73451447
112 93 73451040
100 59 73396706
25 51 73382960
26 76 73378389
26 60 73378389
112 93 73370633
82 2 73370548
25 75 73368155
93 113 73314328
37 131 73309503
93 81 73307607
49 97 73307157
120 85 73304719
62 57 73291709
85 112 73291511
93 112 73286846
112 113 73286338
112 85 73286185
112 93 73286077
13 11 73278064
85 78 73231178
25 42 73223433
25 121 73223433
93 113 73218440
93 113 73211638
85 55 73210929
85 112 73210042
62 42 73208325
25 43 73208037
25 121 73208037
25 122 73208037
13 8 73208005
20 23 73189703
11 17 73141301
93 112 73139563
112 93 73117950
112 93 73116371
44 2 72884241
66 87 72879984
18 9 72872056
113 112 72868405
112 123 72857621
93 113 72807043
93 113 72806409
87 66 72796997
13 8 72795265
15 6 72780803
15 11 72780803
62 60 72779371
93 113 72776944
13 8 72773600
112 93 72772526
78 2 72768012
81 70 72710132
120 85 72701433
25 75 72700689
25 121 72700689
25 136 72700689
13 15 72698133
13 8 72685603
6 8 72675502
15 11 72673352
62 125 72667884
112 93 72648265
112 113 72648265
18 20 72615103
93 113 72614821
78 55 72610083
78 85 72610083
112 93 72609805
112 113 72609805
62 125 72607596
62 53 72607017
25 51 72605670
25 52 72605670
25 7 72605670
25 43 72605670
25 57 72605670
15 13 72599136
62 53 72598594
93 81 72596756
62 57 72594102
78 55 72592611
93 112 72592241
30 73 72588906
22 13 72586768
20 23 72584588
66 84 72545630
112 93 72543632
82 78 72530763
125 25 72528162
30 68 72525609
104 61 72498850
104 18 72498850
106 70 72356464
106 103 72356464
106 20 72356464
106 88 72356464
13 8 72341705
13 11 72340244
104 106 72277462
104 81 72277462
104 107 72277462
131 37 72273107
123 113 72271029
93 112 72266398
123 112 72255164
113 123 72247020
112 81 72246956
106 88 72243689
103 73 72243293
13 17 72207791
103 123 72191744
78 75 72188417
106 93 72176245
106 29 72176245
106 123 72176245
106 49 72176245
106 101 72176245
106 120 72176245
106 85 72176245
106 26 72176245
106 18 72176245
129 107 72172367
44 82 72160884
73 107 72158748
113 123 72154906
112 93 72114072
44 82 72105619
25 121 72104836
18 107 72102041
68 137 72101746
112 123 72089818
25 56 72080640
25 136 72080640
15 9 72068466
112 93 72023325
112 113 72023325
131 37 72019920
25 75 72019612
25 42 72019612
25 121 72019612
25 51 72019077
70 123 72015787
104 129 72006541
104 81 72006541
112 93 72002880
25 121 72002873
52 81 71997664
25 121 71994567
44 3 71991285
131 119 71949420
93 112 71935111
26 28 71934740
26 100 71934740
131 119 71931422
15 13 71914244
15 19 71914244
15 9 71914244
111 95 71911580
103 88 71909350
70 105 71907054
78 43 71902639
15 17 71902080
100 59 71896878
15 9 71896416
93 112 71896376
26 27 71648883
26 28 71648883
26 30 71648883
131 37 71648671
11 13 71647603
20 23 71634398
74 66 71598432
13 17 71586765
60 26 71577736
66 114 71577139
29 91 71554772
29 40 71554772
111 78 71504459
82 58 71499107
33 8 71494729
93 113 71477777
119 56 71473200
100 28 71462275
123 106 71458022
70 5 71417393
82 55 71410699
82 58 71398714
8 15 71388752
8 19 71388752
8 17 71388752
88 107 71388698
13 11 71384418
13 11 71383483
0 44 71383102
93 5 71378489
44 3 71325687
8 13 71322442
131 37 71306211
17 13 71303610
25 56 71300242
25 101 71300242
29 40 71299736
123 113 71296864
93 113 71242029
93 123 71241996
52 115 71066281
25 101 71048347
112 123 70988410
112 113 70988410
93 123 70985118
81 46 70984156
11 13 70973776
13 8 70973459
93 63 70972704
93 123 70968656
78 55 70965534
13 9 70956141
13 8 70953975
112 123 70898700
100 59 70892207
93 113 70868194
44 2 70868126
44 0 70868126
112 113 70809592
112 5 70807366
103 58 70804170
117 74 70799836
25 56 70796097
25 101 70796097
141 22 70779192
103 73 70723448
74 92 70716083
77 64 70706364
17 23 70702998
43 121 70702325
82 2 70691421
8 13 70689480
8 9 70689480
139 45 70628304
139 93 70621670
139 100 70621670
139 60 70621670
13 8 70451070
6 11 70447530
22 20 70442993
35 38 70438541
19 9 70430655
13 8 70392376
19 22 70374461
93 113 70368419
93 139 70368419
18 141 70355480
82 58 70351205
73 141 70313039
93 73 70291572
93 123 70291572
93 5 70291572
13 11 70287813
141 123 70284850
123 113 70284339
103 13 70282773
131 120 70280491
90 102 70280400
141 33 70279138
141 103 70279138
141 43 70279138
141 129 70279138
141 113 70279138
113 112 70274879
20 23 70273702
131 37 70266522
82 2 70265231
113 93 70260981
15 19 70206481
103 129 70200290
25 56 70189442
82 2 70188991
51 25 70184676
25 42 70116991
25 101 70116991
25 122 70116991
81 27 70116642
81 29 70116642
81 30 70116642
81 26 70116642
139 69 70116458
11 13 70110572
11 8 70110572
43 121 70106155
139 68 70102726
112 113 70102020
13 20 70101552
95 29 70098055
20 33 70096702
112 113 70094520
25 56 70092606
25 101 70092606
18 141 70092560
139 93 70091651
139 59 70091651
6 13 70090524
112 113 70084800
112 81 70072800
112 113 70072800
25 85 70024732
49 91 70008337
131 55 69856606
111 95 69853245
55 37 69849236
92 74 69844720
78 55 69841917
22 12 69836749
13 17 69834971
6 8 69834618
6 11 69834618
5 93 69834395
9 112 69772740
100 59 69770694
5 94 69768254
111 78 69762205
112 93 69749653
112 81 69749653
112 22 69733380
112 113 69733380
112 93 69691796
112 113 69691796
112 81 69673740
112 25 69673740
104 123 69662953
123 104 69656566
139 112 69586920
19 12 69584009
117 74 69580827
82 58 69575262
112 113 69568980
95 111 69503932
107 55 69489575
6 17 69488118
15 19 69486628
44 3 69483144
123 113 69478898
15 13 69474169
15 17 69474169
112 81 69440248
112 73 69319375
112 93 69318040
112 73 69318040
112 113 69311040
112 73 69300000
100 59 69239820
11 13 69229779
112 93 69227325
139 93 69225226
37 131 69224758
68 76 69222144
68 31 69222144
112 81 69209280
44 82 69168681
44 2 69154154
131 37 69147821
43 121 69137471
112 113 69121200
112 113 69120780
112 113 69093360
37 120 69078905
25 51 69074460
25 42 69074460
25 136 69074460
26 30 69071490
70 71 69058307
82 3 69056162
82 58 69056162
43 36 69051369
85 112 68997240
112 113 68983440
68 137 68967950
68 32 68967950
8 11 68961468
26 139 68912449
4 71 68909667
117 90 68889256
22 112 68888400
25 42 68887862
25 101 68887862
25 139 68887862
112 22 68887500
112 113 68887500
112 85 68883240
85 112 68882400
112 113 68880180
112 85 68648048
112 73 68647482
13 8 68640753
112 81 68629440
8 13 68624202
81 26 68556337
70 71 68554288
70 71 68553550
70 4 68535062
82 0 68474031
78 55 68472877
5 112 68442203
95 111 68440910
30 36 68439661
112 113 68435580
49 91 68394431
113 112 68372700
112 113 68369040
112 113 68323740
112 73 68311251
112 81 68311251
44 2 68308986
112 73 68293200
95 111 68287347
15 19 68268405
112 113 68208780
112 113 68208600
113 81 68055420
112 113 68043660
55 131 68020769
11 13 68013186
100 59 68008555
112 113 68007660
88 81 67952160
19 13 67947451
19 8 67946673
19 9 67946673
100 24 67924614
112 113 67916940
92 87 67782868
84 109 67782324
78 55 67776214
26 28 67763132
26 81 67752138
74 130 67683124
3 82 67665675
92 130 67451062
92 90 67451062
92 130 67443763
132 81 67442640
11 17 67414642
112 113 67401240
131 4 67344278
78 55 67332121
78 55 67329837
36 133 67258387
78 25 67247259
66 114 67246488
92 66 67193434
92 130 67193434
68 137 67153873
139 69 67149544
139 128 67149544
139 134 67149544
81 71 67091460
81 73 67091460
111 43 67059917
26 20 67058057
92 130 66836321
11 13 66805788
11 13 66805037
139 112 66788220
139 60 66744339
139 59 66741846
139 100 66741846
139 60 66741846
112 17 66726960
88 81 66685740
131 55 66653001
26 27 66651682
112 113 66646260
15 13 66638361
18 17 66634258
139 137 66567868
100 63 66565218
112 17 66554880
139 69 66544465
112 113 66534000
100 59 66496837
100 137 66496837
92 74 66488979
13 11 66482170
112 113 66470400
130 90 66469317
77 64 66459596
11 17 66457401
19 9 66419160
92 74 66219420
139 60 66211978
139 137 66207821
139 60 66207821
139 59 66207644
139 100 66207644
139 100 66206184
97 41 66202099
100 59 66201968
105 70 66055442
49 96 65968349
49 91 65968349
72 90 65936411
55 131 65787347
91 79 65624344
40 79 65605137
17 20 65599154
145 82 65597640
11 13 65595519
1 49 65590692
143 131 65569980
143 144 65569980
19 13 65556540
91 40 65541739
91 79 65541739
129 29 65520697
1 126 65517064
0 82 65507760
2 55 65507520
71 145 65489580
58 71 65486940
58 0 65486940
19 9 65470620
116 26 65448908
30 26 65448446
125 34 65431077
145 2 65423340
71 145 65419620
2 82 65417100
145 2 65409120
19 15 65371260
40 79 65357823
40 79 65356010
3 0 65339700
3 145 65339700
116 73 65339265
145 3 65331960
145 2 65327760
143 144 65322960
53 81 65284804
91 83 65279005
44 18 65266537
29 81 65265551
48 38 65251956
2 82 65247840
29 73 65247540
29 81 65247540
0 2 65245200
0 3 65243940
131 144 65242320
0 82 65236080
0 3 65236080
144 143 65230620
72 90 65113523
26 30 65014453
37 78 65003040
1 138 65000874
34 125 64998859
11 17 64989756
85 37 64988400
72 92 64983420
112 113 64980420
3 55 64979940
3 2 64979940
3 55 64978620
3 145 64978620
37 85 64942380
91 95 64935855
91 79 64935855
91 83 64935855
15 8 64925040
104 112 64917600
112 113 64914480
2 82 64909320
145 2 64905240
82 58 64885020
58 82 64883700
37 85 64868760
26 30 64854910
37 85 64850800
85 37 64847160
35 29 64842468
37 85 64835022
0 2 64826400
58 2 64826280
2 82 64823580
0 82 64820160
0 58 64820160
107 73 64817300
112 113 64810980
85 37 64799100
112 113 64752480
2 145 64744920
2 3 64740720
49 38 64738925
15 9 64738860
29 30 64736168
125 54 64732363
37 85 64729620
82 2 64729620
85 37 64729200
2 82 64729140
116 27 64728947
26 76 64721886
2 82 64717500
2 0 64717500
91 83 64414626
29 98 64407329
29 30 64407329
145 3 64380720
145 2 64366440
143 144 64358580
84 109 64343482
116 36 64318911
136 25 64316547
131 38 64307292
145 2 64306680
2 3 64306620
3 2 64300500
2 82 64289940
0 55 64285800
0 2 64285800
0 58 64285800
131 144 64280160
145 2 64279140
4 90 64277100
18 33 64252980
18 22 64252980
104 112 64216980
90 4 64213980
112 104 64213080
2 82 64202160
68 137 64166580
74 117 64159025
91 83 64157509
116 66 64139216
116 68 64139216
116 28 64139216
116 47 64139216
116 56 64139216
116 79 64139216
116 57 64139216
116 31 64139216
116 38 64139216
116 87 64139216
116 48 64139216
91 111 64133579
91 40 64133579
91 40 64133255
0 2 64130760
0 58 64130760
97 75 64123526
81 73 64122360
112 113 64121220
112 113 64120500
71 145 64118400
18 33 64108440
85 37 64104360
37 85 64085700
37 85 64070400
88 29 64069915
0 2 64067220
37 78 64064160
28 59 64052220
58 82 64049940
37 85 64049700
121 56 64045073
131 4 64037940
85 37 64036980
112 113 64036440
0 2 64031220
0 2 64030140
0 58 64030140
37 85 64028160
85 37 64025760
0 2 64025340
112 17 64024800
131 143 64023780
86 135 63860943
37 131 63798660
131 119 63794280
112 24 63791854
58 82 63782940
3 0 63779820
3 58 63779820
4 90 63776820
112 85 63773820
112 17 63773820
37 131 63762660
37 120 63725580
37 85 63721080
7 41 63719801
18 17 63715860
113 81 63707160
113 98 63702420
37 85 63702004
22 71 63701700
22 145 63701700
2 3 63696240
58 2 63687480
2 3 63676080
62 85 63635880
2 58 63628020
71 145 63624000
37 85 63619920
53 97 63609259
68 45 63594240
0 55 63591240
0 2 63591240
0 58 63591240
18 20 63547500
17 6 63539735
37 85 63539580
95 91 63538668
37 78 63536040
58 82 63523200
37 85 63522300
145 2 63521640
37 78 63508020
131 119 63503460
18 20 63469080
112 85 63453660
131 37 63444720
58 82 63435060
37 78 63420480
78 37 63419760
78 85 63419760
111 83 63203160
79 83 63199920
121 50 63194220
50 121 63193546
78 37 63184920
36 38 63180938
58 3 63174180
37 131 63172020
62 42 63168240
62 31 63168240
111 79 63167160
112 113 63163200
1 49 63152640
49 38 63117660
11 6 63103074
58 82 63102120
37 120 63096120
1 49 63093780
11 13 63087946
49 38 63081660
0 145 63079800
1 53 63078600
145 2 63070380
62 60 63027540
111 78 63017700
131 78 63013500
112 113 63011160
111 78 63003720
71 145 63000960
111 78 62962800
111 78 62961660
38 49 62949420
49 38 62949180
112 113 62931000
111 78 62926800
111 78 62917080
111 78 62915760
55 2 62912520
57 25 62909340
58 3 62905500
37 85 62905200
85 37 62898960
71 145 62895180
45 68 62885700
81 73 62856780
112 113 62846280
116 111 62824776
116 35 62824776
68 137 62816220
68 32 62816220
112 113 62812500
112 113 62811480
57 41 62608740
57 139 62608740
57 139 62606580
112 113 62598000
136 25 62595300
111 78 62590260
112 113 62578800
57 41 62572740
57 139 62572020
57 139 62565720
87 66 62530800
25 42 62432040
113 81 62430720
1 126 62429520
116 111 62424560
116 36 62424560
116 27 62424128
116 52 62424128
116 36 62424128
116 52 62422995
116 111 62422995
1 126 62421960
117 63 62404440
55 143 62400420
61 113 62396220
37 85 62391600
57 56 62390160
1 21 62385960
136 139 62347740
92 130 62334720
92 74 62334480
104 113 62329080
121 42 62328680
112 113 62324580
18 33 62324280
116 77 62324162
58 2 62322540
139 112 62315940
92 117 62311500
120 51 62307240
120 56 62307240
145 2 62305680
145 2 62303100
4 90 62302860
2 3 62300100
143 147 62294940
0 3 62291700
111 40 62289840
111 83 62289840
74 92 62284620
81 35 62266560
106 141 62260320
105 94 62251457
81 111 62248602
121 42 62248043
111 83 62244240
104 113 62237820
3 145 62236080
144 131 62234280
85 37 62233080
104 141 62224320
37 131 62212860
1 49 62207640
72 74 62188260
72 135 62159580
138 38 61990800
57 41 61989720
104 112 61984680
113 73 61976280
4 90 61972380
104 112 61972080
131 143 61970160
0 55 61968600
1 126 61968060
11 6 61966432
112 113 61962780
113 81 61962120
57 41 61956300
138 38 61954800
112 113 61950060
18 20 61942920
90 4 61942260
25 147 61907580
139 22 61902859
18 9 61889160
139 6 61885425
112 113 61875720
117 109 61871700
131 144 61869900
112 113 61867920
117 102 61856820
139 6 61813974
139 22 61811610
139 6 61811610
1 21 61807860
58 29 61800300
40 95 61798740
2 3 61792140
112 113 61790100
2 3 61784040
112 113 61782480
37 120 61781460
25 109 61774200
0 145 61771680
105 22 61735832
40 95 61731780
57 56 61726800
37 120 61721640
37 120 61718640
37 85 61718640
122 57 61711440
37 131 61709700
112 113 61707300
116 73 61700214
2 131 61696800
57 56 61690800
57 122 61690800
145 58 61687020
2 145 61686120
88 81 61660860
38 47 61655040
38 39 61655040
111 83 61651560
38 126 61650660
38 146 61650660
121 136 61648820
78 2 61635000
58 2 61626660
58 3 61621380
37 85 61619940
38 39 61619040
145 2 61617600
145 2 61617300
116 129 61617088
111 83 61615560
38 126 61614660
145 82 61614240
112 17 61607820
58 55 61603860
116 73 61573623
11 6 61395194
11 17 61395194
88 81 61393620
141 20 61391220
20 18 61389996
131 55 61372500
117 63 61371360
58 82 61367580
112 113 61355340
145 2 61341840
87 24 61334580
141 33 61321860
141 73 61321860
141 20 61321860
1 21 61289820
0 3 61279920
37 85 61271940
0 2 61264620
8 11 61215812
78 143 61209060
78 131 61209060
23 8 61193334
112 113 61189920
0 55 61176540
145 0 61175700
131 78 61174080
3 55 61167000
139 122 61138380
6 22 61128899
116 35 61121159
58 82 61112760
37 131 61108020
116 62 61105436
120 37 61103760
122 42 61100580
122 139 61100580
58 2 61100040
145 71 61092360
143 144 61089720
0 145 61088100
18 32 61077420
55 143 61066500
55 143 61030500
2 145 61019160
37 85 61013520
112 17 61004760
18 33 61004700
18 17 61004700
2 145 61001640
92 130 60799800
139 11 60759180
11 17 60756496
0 2 60753540
0 145 60753540
92 130 60749400
2 0 60743640
37 85 60683280
37 85 60682560
57 41 60674340
143 85 60673260
37 85 60672960
113 112 60667380
57 41 60656760
2 3 60649140
88 29 60633900
88 81 60605400
58 82 60582900
131 143 60573000
37 85 60569580
4 90 60505740
131 144 60502980
131 37 60502920
17 6 60499728
17 8 60499728
3 2 60488460
3 0 60488460
111 40 60472980
139 6 60438983
132 41 60437220
20 23 60427708
53 81 60427380
112 113 60427260
91 40 60426780
58 82 60415980
57 41 60415440
41 57 60415260
71 145 60400440
37 85 60397920
112 113 60397740
6 11 60367144
112 113 60265860
112 113 60265380
112 113 60163140
105 14 60161485
11 6 60153336
11 17 60153336
112 107 60150180
0 2 60140040
131 55 60138540
37 120 60136860
139 112 60133740
78 2 60078660
112 113 60075060
0 58 60075060
105 106 60072898
47 110 60071340
3 0 60066000
0 2 60065940
57 56 60065220
112 113 60064440
145 2 60049920
78 2 60045060
111 61 60040980
87 66 60022560
112 113 60010380
37 120 59981760
37 119 59981760
143 131 59981580
111 95 59969220
0 2 59961300
113 112 59954760
57 41 59953080
144 2 59903940
144 2 59903820
143 144 59897700
47 110 59896020
37 120 59894220
131 143 59892540
119 37 59892180
131 144 59884140
58 82 59815920
55 78 59808360
116 77 59808317
116 77 59761653
116 81 59566491
6 15 59566354
112 113 59559600
112 113 59559300
112 113 59559180
9 13 59553840
9 113 59553840
9 17 59553840
9 12 59553840
11 8 59553837
11 17 59553837
2 145 59546880
40 83 59545740
117 109 59541780
40 95 59540400
37 85 59539980
0 58 59530500
22 17 59529180
78 25 59477400
117 92 59469540
78 143 59462160
95 40 59451540
37 131 59447460
57 41 59442480
143 78 59438880
58 82 59438340
143 131 59437860
55 78 59415180
25 85 59397900
22 104 59381880
22 139 59381880
139 22 59379573
143 131 59378340
55 78 59375580
116 73 59372475
131 143 59371320
0 55 59366100
0 145 59366100
37 95 59360880
3 0 59354520
3 58 59354520
3 2 59351640
18 88 59328300
55 143 59306220
55 131 59306220
139 6 59302405
139 17 59302405
2 0 59290740
58 2 59278980
58 2 59274180
112 113 59268840
81 53 59266560
55 143 59266020
58 82 59264340
22 9 59264340
0 58 59263680
11 139 59208589
117 66 59208120
55 131 59203440
111 91 59200200
92 117 59186040
112 113 59036340
112 148 58958400
131 144 58954380
0 2 58948920
0 3 58948920
11 6 58948337
117 92 58940340
113 112 58937580
149 66 58928220
149 90 58928220
92 66 58918140
112 113 58863900
1 138 58855680
82 58 58854480
85 37 58853100
145 2 58850760
131 144 58846440
131 144 58842120
145 71 58838040
2 3 58837860
112 113 58784580
95 91 58774560
112 113 58753560
105 141 58713388
57 142 58697580
58 95 58685460
145 71 58676160
145 2 58674360
41 57 58674120
3 2 58672800
145 58 58668720
57 142 58657980
57 42 58657980
57 121 58657980
57 25 58657980
57 147 58657980
53 81 58642440
112 113 58619040
58 82 58607520
112 113 58590960
148 149 58585320
112 113 58581960
117 92 58578240
94 73 58393500
58 111 58339020
112 113 58326060
112 149 58256220
145 0 58240680
112 113 58235220
117 140 58231440
25 142 58191960
58 2 58180380
116 35 58178577
112 113 58174260
143 78 58174080
58 82 58172880
112 113 58167300
58 144 58165440
112 113 58163400
131 55 58152480
112 113 58152360
144 131 58149420
2 0 58144320
37 85 58095180
112 113 58090740
112 113 58089180
0 78 58082760
144 131 58080840
3 55 58076160
3 145 58076160
112 104 58062960
25 142 58057620
25 122 58057620
8 11 58023769
78 143 58002600
71 145 58000260
143 144 57991320
3 0 57989340
58 145 57986400
25 57 57981540
25 136 57981540
25 122 57981540
112 113 57980820
112 113 57979740
66 149 57977580
149 42 57975180
2 145 57971280
112 113 57811620
88 81 57783180
22 33 57742320
22 17 57741120
126 37 57738660
3 55 57737220
0 58 57731640
3 2 57731340
38 47 57720900
2 3 57659280
22 139 57656940
117 24 57648180
117 87 57648180
112 113 57638520
131 143 57634980
2 145 57626280
58 82 57571380
112 113 57570000
145 2 57552120
145 58 57539340
112 113 57494340
117 84 57481800
82 2 57480660
25 139 57464580
58 145 57461400
112 113 57399960
117 84 57399120
117 114 57399120
112 113 57395220
22 15 57394560
66 149 57383760
58 3 57377700
58 3 57377640
3 145 57376980
113 112 57376500
37 120 57371520
117 87 57367560
25 122 57325980
25 42 57225900
25 122 57225900
112 24 57147300
119 37 57133140
143 144 57114180
58 0 57103800
58 145 57103800
145 71 57050040
145 0 57050040
145 3 57050040
58 2 57049020
117 109 57048660
117 24 57048660
92 117 57046020
117 92 57046020
143 131 57032760
92 66 57027960
57 41 57026820
0 2 57020520
112 113 56970960
117 109 56966640
112 113 56965560
112 113 56962200
58 3 56954340
112 113 56940660
112 113 56888940
112 22 56888640
112 139 56888640
112 24 56881440
112 113 56868480
112 113 56859600
0 2 56854920
0 2 56854740
2 0 56852160
2 3 56852160
58 3 56851140
58 145 56851140
145 3 56849100
145 58 56849100
112 113 56798580
58 82 56794680
112 113 56788680
131 55 56780520
116 111 56734500
112 113 56700540
22 15 56557368
22 6 56557368
22 11 56557368
139 6 56546916
112 24 56537340
0 3 56532960
11 6 56531016
11 8 56531016
38 47 56530260
58 29 56530020
57 42 56526240
57 136 56526240
57 122 56526240
37 120 56509620
22 139 56508600
41 132 56504760
85 120 56500740
139 22 56447199
139 17 56447199
0 2 56439600
112 24 56434980
15 6 56430813
57 64 56344920
57 64 56343900
0 2 56333100
116 73 56299626
139 22 56286300
112 113 56280360
116 85 56279737
112 104 56279340
104 113 56278500
112 104 56275860
58 82 56275320
131 143 56273460
149 42 56268840
149 107 56268840
61 29 56268240
2 0 56254680
120 37 56252640
2 3 56243880
55 2 56155500
112 24 55942740
112 113 55942620
2 0 55930920
2 55 55917720
2 55 55917660
37 120 55915380
85 37 55908000
85 120 55908000
37 120 55907460
120 37 55902960
117 114 55901580
91 95 55888920
79 111 55867740
17 22 55855320
20 23 55852620
112 113 55845840
58 55 55831500
111 29 55829520
149 148 55829520
149 113 55829520
149 24 55829520
149 112 55827360
149 25 55827360
149 107 55827360
2 58 55819500
58 2 55814040
149 148 55813980
58 2 55813860
143 131 55812660
112 113 55761720
37 131 55757940
22 9 55753860
0 3 55752780
0 58 55752780
47 110 55749540
47 110 55747860
92 66 55747020
112 24 55744560
21 1 55734840
111 91 55721160
112 141 55673220
2 58 55665360
58 2 55665120
47 110 55652280
113 112 55647600
57 139 55646100
111 83 55584000
117 109 55578960
117 140 55577940
112 113 55577400
112 113 55575720
111 61 55574220
145 2 55570500
145 0 55570500
58 3 55570260
112 24 55569360
57 41 55562160
22 139 55506660
112 139 55421640
22 9 55324980
9 139 55322940
2 0 55322820
120 78 55318260
111 61 55317300
112 113 55311600
117 92 55311480
2 0 55306860
111 95 55291740
111 91 55291740
61 111 55231920
2 0 55227240
2 3 55227240
57 41 55222380
41 56 55222380
112 113 55221540
0 55 55218060
0 145 55218060
22 139 55215180
149 112 55214040
149 42 55214040
149 113 55214040
112 24 55212480
58 82 55151940
117 109 55148880
2 55 55145400
2 0 55144920
116 132 55141307
58 144 55140000
2 145 55137600
41 57 55118160
88 81 55074240
112 104 55072080
139 11 55036440
1 21 54977220
112 24 54976380
1 21 54963600
2 58 54960360
2 145 54960360
58 144 54955260
58 145 54953460
112 113 54953280
113 112 54948000
149 112 54757380
149 25 54757380
99 35 54717600
2 0 54689820
22 139 54685320
92 130 54683580
139 6 54672540
116 73 54657066
91 139 54636240
149 112 54630600
139 6 54629340
139 17 54629340
58 145 54628380
112 113 54628320
22 20 54623100
1 21 54615300
149 42 54603360
149 148 54603360
0 2 54601740
0 55 54600600
11 15 54557940
58 0 54544980
58 3 54544980
58 145 54544980
91 95 54538740
1 138 54533580
117 84 54531900
117 114 54531900
58 145 54516900
11 15 54514740
111 91 54514620
112 24 54513120
22 17 54449520
149 107 54429300
143 131 54424560
37 58 54376920
145 3 54359520
73 111 54356580
92 130 54350520
22 139 54288120
11 17 54136080
0 3 54112740
148 42 54106680
148 25 54106680
148 107 54106680
112 149 54098280
11 6 54092880
58 82 54085380
81 88 54083640
112 113 54012060
136 91 54010080
136 142 54010080
136 147 54010080
112 113 54006720
58 82 54001020
22 17 53996340
91 40 53993280
11 6 53974200
58 0 53938200
58 145 53935500
112 24 53921100
25 57 53871480
2 0 53858580
112 113 53858100
112 113 53849640
112 113 53832660
22 120 53763720
144 143 53761020
112 24 53757720
22 139 53753100
38 132 53738280
99 91 53729040
112 113 53658900
112 24 53658900
2 58 53503020
57 139 53242800
22 20 53137320
113 112 53067000
112 113 52913880
2 55 52883460
41 57 52805280
25 42 52800000
122 57 52792560
58 82 52731360
131 143 52725180
131 55 52723380
142 85 52714980
41 57 52710180
111 83 52697700
143 78 52621620
58 81 52616880
55 143 52612560
1 126 52610160
55 143 52607940
78 143 52557960
143 78 52554840
57 139 52554600
57 122 52554600
78 143 52551240
9 112 52549920
122 57 52541640
2 58 52538940
81 29 52453020
22 139 52298760
139 11 52293600
58 82 52291440
0 58 52267620
0 145 52267620
117 84 52218540
112 113 52205460
58 3 52203660
58 2 52199220
58 145 52199220
117 109 52128900
117 114 52128900
117 87 52128900
41 57 52123260
57 41 52111260
112 113 52105560
112 24 52105560
73 111 52096380
112 113 52041660
112 24 52041660
58 2 52041120
2 0 52033860
92 87 52029540
113 104 52018980
2 3 52018380
58 82 52011060
112 149 51677040
112 113 51677040
25 51 51624900
25 42 51624900
37 131 51609780
22 17 51579420
2 0 51577440
2 145 51577440
112 24 51535800
68 45 51522360
68 137 51522360
111 95 51514140
68 137 51510180
22 9 51500580
22 17 51500580
22 139 51500580
25 147 51489780
112 148 51442680
112 149 51442680
112 17 51414840
21 1 51070200
117 114 51006420
117 24 51006420
131 37 50992080
58 2 50978040
112 149 50928540
112 113 50928540
2 3 50922540
57 64 50914320
37 120 50907960
2 0 50905620
112 149 50900640
112 113 50896560
120 37 50889600
2 0 50886540
1 138 50882220
112 148 50839020
120 37 50831580
22 17 50825280
112 9 50813760
88 49 50811660
88 73 50810100
88 81 50810100
22 139 50802660
149 112 50740080
58 29 50739720
58 81 50739720
112 148 50731380
122 56 50731080
91 49 50730060
22 17 50727240
22 139 50715900
2 3 50715540
85 143 50715180
113 112 50472540
22 17 50453340
22 20 50400240
148 63 50389860
148 66 50389860
148 74 50389860
148 78 50389860
148 140 50389860
148 114 50389860
148 86 50389860
1 138 50389620
148 74 50378520
148 117 50378520
148 149 50378520
148 109 50378520
148 114 50378520
148 87 50378520
148 90 50378520
143 144 50377860
112 113 50320920
104 33 50315820
104 107 50315820
104 73 50315700
104 81 50315700
104 107 50315700
104 20 50315700
37 120 50311080
92 66 50308920
112 113 50294220
104 61 50291820
112 113 50290140
148 74 50283600
148 117 50283600
148 109 50283600
148 84 50283600
148 24 50283600
2 3 50280960
20 23 50259360
112 113 50233140
112 113 50232780
29 111 50224440
58 2 50221500
112 149 50221080
117 102 50220900
112 113 50220540
2 58 50218140
104 33 50217600
104 81 50217540
104 20 50217540
104 107 50217480
104 20 50217480
20 23 50216160
113 149 50214240
20 23 50213820
3 78 50207820
8 17 50206020
112 17 50204640
113 112 50204100
149 113 50201700
149 112 50200260
9 33 50199060
9 139 50199060
0 2 50197860
0 145 50197860
149 66 50196480
149 87 50196480
20 18 50191500
37 120 50142600
58 2 50140680
148 112 50134560
112 113 50129280
149 66 50129100
139 91 50126640
149 24 50120580
149 87 50120580
149 84 50120160
68 76 50119680
0 3 50112780
0 145 50112780
0 3 50109240
17 6 49875660
17 8 49875660
17 11 49875660
49 75 49874220
9 22 49856880
58 29 49852140
18 9 49847880
111 73 49787100
0 2 49771980
0 2 49769880
19 22 49714500
9 33 49687440
8 22 49686720
8 19 49686720
8 139 49686720
37 120 49682760
104 73 49676100
139 17 49617660
58 82 49616640
58 2 49616640
41 143 49612620
9 18 49554420
92 87 49534620
41 57 49533540
23 20 49525080
112 113 49521300
8 22 49517700
17 139 49505940
22 8 49501800
112 149 49277040
0 55 49270380
0 3 49270380
8 139 49266720
47 110 49263840
8 11 49256280
68 76 49245600
120 37 49243860
112 113 49193340
112 113 49192980
58 82 49188060
8 6 49185720
8 11 49185720
8 17 49185720
2 58 49183860
112 113 49180860
113 112 49174080
0 55 49171500
0 3 49171500
120 37 49161120
20 18 49152120
22 17 49101180
112 149 49091340
112 149 49081140
112 149 49080720
58 2 49075380
58 145 49075380
149 112 49074720
17 139 49073460
23 20 49019880
149 84 49004700
2 3 49003260
58 0 48998160
58 2 48997440
81 73 48997260
11 6 48994020
40 38 48993840
58 2 48987720
22 6 48987120
117 78 48937500
22 139 48933240
139 136 48928860
58 82 48927000
58 2 48924600
88 81 48917460
120 37 48913380
22 139 48852180
74 140 48797700
149 112 48480240
145 4 48479640
112 113 48477120
113 112 48464340
112 113 48418740
22 6 48403740
22 20 48403740
22 17 48403740
149 148 48402840
22 139 48402180
149 112 48401280
148 112 48394920
148 149 48390000
139 11 48388500
68 137 48387780
126 38 48379560
68 45 48377820
22 139 48323820
112 149 48320940
112 149 48308040
22 139 48305700
29 73 48299640
120 37 48297660
11 17 48295380
6 11 48295020
92 140 48291780
68 76 48291720
68 137 48291720
9 22 48253680
1 21 48222720
58 82 48214920
148 113 48063780
145 2 48058680
112 149 48055140
56 51 48049140
56 42 48049140
148 102 48047340
148 84 48047340
0 2 47970720
99 95 47970300
99 75 47970300
71 145 47970000
112 148 47966880
2 145 47964360
0 3 47962380
0 145 47962380
0 58 47961360
122 142 47961120
57 139 47957220
58 3 47951280
92 66 47951220
58 3 47890380
136 139 47877840
112 113 47869260
112 149 47866920
81 94 47862300
58 3 47861520
139 95 47832060
94 29 47830440
58 3 47795340
68 137 47783220
58 2 47782560
58 0 47782560
68 76 47781720
68 137 47781720
68 76 47779620
68 137 47779620
58 82 47774040
143 34 47772780
37 120 47725740
58 144 47720520
58 29 47720460
92 87 47718120
81 73 47715120
82 58 47714880
58 2 47714520
58 29 47713140
25 42 47710800
58 144 47707980
58 82 47692680
148 149 47457120
58 82 47453220
0 58 47440260
112 149 47384640
0 2 47375340
61 107 47366880
139 112 47365380
11 6 47361360
37 1 47282640
148 64 47282040
148 149 47282040
148 109 47282040
148 24 47282040
139 22 47269620
22 139 47269200
122 142 47264700
148 112 47254740
58 82 47197620
58 0 47192940
58 82 47192160
57 64 47189280
57 64 47188260
25 136 47135340
139 9 47116800
58 29 47111700
85 143 47111640
139 112 47106060
1 38 47105100
112 149 47102640
112 113 47102640
2 3 47102160
143 85 47101680
120 37 47093340
149 148 47092440
149 112 47086320
112 149 46942740
2 58 46857360
112 149 46847880
0 2 46837140
0 58 46837140
139 9 46835580
149 112 46829700
22 20 46825440
2 0 46775160
91 95 46760460
149 112 46755360
58 0 46754880
41 57 46744440
0 3 46743840
95 139 46736760
58 144 46682700
112 149 46675980
112 113 46675980
71 113 46664820
95 91 46618260
112 113 46596780
126 37 46594680
58 0 46592100
131 143 46576980
8 6 46570680
8 139 46570680
22 139 46506480
145 71 46501920
71 145 46490580
41 57 46486140
2 0 46485600
2 58 46485600
2 145 46485600
0 55 46484820
0 58 46484820
143 144 46482840
58 144 46252380
58 2 46247460
58 145 46247460
47 110 46244100
37 120 46241100
0 3 46239960
0 145 46239960
139 136 46239000
149 112 46235160
9 113 46228320
9 20 46228320
2 3 46226340
11 8 46224420
61 141 46221720
2 0 46220880
149 113 46156020
149 112 46151700
0 3 46148520
37 120 46145160
2 3 46141680
120 37 46141440
112 139 46139040
58 144 46074180
148 112 46071660
2 3 46068360
38 47 46063920
38 138 46063920
38 138 46063740
112 149 46061580
2 0 46059300
13 6 46051740
2 0 46049820
112 113 45999120
112 149 45994440
111 29 45992160
112 148 45991800
143 144 45984900
22 6 45984420
145 2 45983700
112 139 45977100
143 144 45968340
119 37 45966360
58 82 45901140
1 48 45894180
149 24 45888300
2 0 45878940
0 2 45875820
2 0 45874680
112 113 45641220
144 143 45639780
58 0 45636120
58 2 45633960
112 149 45633540
112 113 45633240
112 149 45624540
149 63 45556380
149 24 45556380
112 149 45550140
58 2 45539640
41 57 45537720
58 2 45533160
131 37 45466860
22 9 45462960
112 148 45459000
25 122 45390600
58 82 45381600
58 82 45381240
0 58 45380100
58 2 45374520
58 0 45374520
131 144 45369780
139 95 45368580
95 139 45368400
41 57 45356160
58 2 45288660
58 2 45278940
99 49 45272460
91 95 45214020
0 55 45040980
0 145 45040980
0 2 45037980
0 3 45037980
149 112 45036720
149 24 45036540
139 136 45036300
112 149 45022140
143 131 45022080
112 149 45016860
57 41 44954880
57 41 44947800
47 110 44942040
112 149 44941680
139 17 44936880
41 57 44935080
58 3 44930640
0 3 44845440
41 57 44841300
82 58 44840160
58 82 44787300
71 4 44783520
113 112 44783280
1 21 44773860
41 57 44768580
81 88 44755380
41 57 44754840
22 13 44694840
1 138 44693700
1 21 44693100
149 112 44679180
58 82 44666400
23 20 44423940
1 138 44422380
139 22 44341980
139 8 44340540
139 17 44340540
112 139 44338800
4 94 44320800
112 149 44289900
2 58 44257860
2 145 44257860
2 0 44253960
47 110 44250480
2 58 44244180
148 112 44236200
25 122 44196420
58 0 44172480
58 145 44172480
120 119 44159760
2 4 44149260
2 58 44147880
120 37 44147280
112 113 44097360
146 111 44093520
58 144 44093220
41 57 44067960
120 37 44064420
149 63 44061000
112 149 43835940
111 29 43831620
58 144 43825380
131 143 43821540
112 139 43805700
58 2 43802640
58 145 43802640
58 144 43743120
112 113 43730460
131 143 43720080
2 111 43720080
58 0 43719720
41 57 43719660
2 145 43718880
111 132 43717020
58 2 43716720
58 2 43665720
111 83 43653600
57 56 43645680
57 147 43645680
0 2 43643880
58 2 43630320
58 0 43577580
58 2 43565460
2 0 43553520
139 136 43544940
4 2 43544700
37 131 43486140
139 112 43486020
111 83 43485780
58 144 43483440
1 21 43463760
41 57 43461780
22 139 43461660
58 144 43226340
139 8 43219080
1 138 43203600
126 48 43148760
131 144 43137660
1 38 43128000
112 113 43127280
126 38 43109520
2 58 43046400
131 144 43032720
146 25 42970680
2 58 42958380
139 11 42948960
131 38 42880440
139 136 42864720
2 58 42861000
2 58 42860760
57 56 42857820
58 2 42853260
58 144 42620640
148 112 42594300
139 6 42536820
139 17 42536820
145 2 42529260
112 149 42529200
2 58 42456060
58 82 42447480
11 6 42446460
139 136 42421620
112 113 42384180
82 58 42367740
58 82 42366780
58 144 42366480
38 111 42347280
58 71 42339240
58 77 42339240
25 136 42298680
149 71 42274200
131 143 42271740
131 144 42271740
139 6 42266040
25 146 42195540
149 112 42024060
131 144 42018660
112 149 42003600
112 149 42003360
112 113 41998560
149 63 41995260
149 112 41995260
149 24 41995260
149 112 41942340
9 113 41933220
112 113 41929200
24 112 41923500
60 76 41921520
131 143 41910060
41 57 41907240
0 2 41905200
112 113 41858640
112 63 41850540
58 82 41846220
1 126 41837760
149 112 41768520
112 22 41763780
58 144 41757840
41 57 41757420
57 41 41757060
149 112 41757060
112 113 41753160
9 11 41745660
22 9 41745000
2 0 41731680
139 11 41410440
112 149 41401740
41 146 41388120
73 107 41386260
125 142 41315460
1 138 41314320
22 6 41304360
139 136 41301180
149 148 41239020
149 84 41239020
58 144 41237400
1 138 41233800
144 143 41232120
1 138 41219220
9 17 41215260
9 139 41215260
71 145 41211120
139 6 41208660
139 11 41208660
149 112 41183040
149 24 41183040
112 149 41150760
6 11 41148840
112 149 41130360
112 149 41130240
112 113 41130060
22 17 41127900
145 2 41121780
132 37 41067180
58 2 41062080
58 3 41062080
58 145 41062080
1 21 41060640
139 95 41051760
139 95 41038560
58 82 40810860
113 104 40809480
1 125 40776780
1 38 40776780
139 9 40693980
143 37 40631460
38 146 40617600
38 1 40617300
38 21 40617300
58 0 40615080
139 22 40612500
58 144 40605180
58 2 40545480
41 57 40535280
131 48 40530300
149 64 40490400
57 41 40454340
131 144 40451820
58 2 40449360
58 0 40449360
131 144 40441740
2 0 40436040
58 2 40434420
58 71 40434180
0 2 40434120
41 57 40374180
88 55 40207380
88 49 40207380
15 6 40197000
15 139 40197000
41 57 40179960
131 120 40121880
58 144 40118940
58 3 40116240
2 3 40115580
58 144 40114620
58 3 40109160
149 87 40106640
2 3 40101360
41 57 40099740
139 9 40096800
58 82 40089180
112 113 40034520
58 82 40031820
38 48 40026060
149 112 40016640
58 71 39945420
58 0 39945360
82 58 39933900
58 82 39932520
8 11 39932520
58 144 39931860
32 18 39918600
0 3 39912840
0 58 39912840
25 142 39787500
22 9 39758280
139 11 39515100
58 82 39510480
58 144 39510480
58 3 39417780
58 145 39327360
131 143 39314040
13 8 39310320
13 17 39310320
112 113 39261360
58 71 39246960
58 81 39232620
71 58 39226800
37 120 38994480
58 144 38994300
107 88 38993160
145 58 38975220
2 58 38967420
58 145 38965740
58 144 38905560
139 17 38886840
38 48 38884200
57 41 38882280
58 144 38879100
139 22 38823240
58 82 38820660
9 13 38802960
22 139 38733240
145 58 38731080
58 82 38719380
58 81 38714580
143 58 38714460
58 144 38649660
143 144 38643600
144 143 38642700
57 56 38642520
142 122 38640600
58 144 38640060
57 56 38638140
22 139 38635080
142 25 38634300
22 139 38629140
57 64 38623800
58 2 38620260
2 58 38616720
9 17 38573460
9 139 38573460
133 34 38384160
22 17 38381040
58 82 38376120
1 138 38368260
1 138 38364780
1 21 38353980
1 34 38353980
1 138 38353980
145 2 38303520
8 13 38289180
8 17 38289180
58 29 38275740
22 139 38273340
1 34 38268240
58 144 38218020
139 22 38202000
57 41 38191980
111 61 38181840
22 139 38132400
58 29 38132340
58 71 38103960
58 144 38103960
58 3 38042940
58 145 38042940
58 144 38041980
2 145 38018580
22 9 37976160
41 57 37769340
41 57 37768320
1 47 37754460
139 17 37746660
58 71 37699020
139 8 37684740
139 17 37684740
95 58 37676460
145 2 37673820
58 144 37614120
8 11 37603440
145 2 37597320
9 12 37593360
122 142 37590360
58 82 37581240
58 82 37580700
11 6 37518960
22 139 37504920
139 22 37428780
112 149 37417920
142 122 37173840
145 58 37171020
142 25 37144860
58 82 37093620
81 29 37093260
144 58 37090920
22 139 37076160
22 17 37075860
131 37 37068000
131 143 37065540
58 81 37009920
58 81 37006920
58 81 37004220
58 71 37002120
58 82 37002120
58 144 37002120
81 29 37000980
139 9 37000320
91 95 36989520
139 8 36988620
139 11 36988620
58 71 36983940
25 51 36923160
25 56 36923160
25 57 36923160
58 71 36890820
58 82 36890820
145 58 36840780
145 144 36839880
145 3 36577440
145 3 36545220
58 82 36486300
58 81 36481680
57 56 36471660
58 144 36469680
131 144 36465420
139 20 36409560
139 17 36409560
58 145 36405720
131 143 36398820
58 2 36394200
2 58 36391260
41 57 35961000
145 3 35952840
58 145 35950980
58 145 35948220
144 58 35942040
145 71 35886660
145 2 35886660
145 3 35884500
145 3 35866260
145 144 35866080
145 58 35865960
145 2 35863380
58 81 35857800
111 61 35799000
131 34 35797020
144 58 35795940
58 82 35794680
58 145 35791980
139 9 35777640
58 144 35713140
41 57 35694720
58 2 35685960
58 2 35685840
23 20 35624100
58 2 35611740
1 21 35592300
58 144 35365200
22 9 35360280
25 136 35356860
1 138 35356080
1 38 35356080
25 24 35353320
142 122 35350260
139 19 35267880
20 58 35259120
58 3 35253120
58 3 35249820
82 58 35184000
58 2 35180460
58 81 35117160
2 145 35080140
139 136 35010660
145 58 35000520
22 17 34995600
22 139 34990020
145 3 34760760
145 71 34757280
113 112 34756500
131 144 34752960
131 3 34752960
57 64 34739100
57 51 34738800
57 56 34738800
57 147 34738800
145 144 34732680
99 49 34691340
145 2 34678500
145 2 34660800
58 143 34646520
58 144 34593000
58 71 34561440
58 145 34558260
142 57 34555620
145 2 34507440
41 57 34488840
2 145 34486860
25 136 34466100
2 145 34420680
145 2 34413720
145 3 34413720
142 122 34403220
2 145 34402200
58 82 34156200
58 144 34156200
58 71 34152840
145 2 34148820
58 2 34137000
145 58 34129620
58 71 34127340
58 144 34127340
145 58 34070220
145 3 34041240
58 2 33970560
57 41 33961740
2 145 33904500
131 144 33896220
58 2 33872160
58 145 33867780
1 21 33807600
58 71 33553920
2 3 33545940
2 145 33526740
58 71 33465660
58 2 33464760
58 2 33437580
58 145 33437580
58 144 33435600
131 144 33360720
58 71 33299340
58 2 33266220
145 58 33265260
2 145 33263280
2 145 32943120
58 71 32941500
58 82 32941500
22 17 32934240
139 9 32932860
2 3 32926260
145 2 32864580
58 144 32861880
9 13 32789760
9 17 32789760
145 3 32778480
2 145 32741280
58 71 32687460
145 2 32678580
145 2 32663100
58 71 32652960
58 82 32342700
58 144 32342700
145 2 32340480
145 3 32338020
145 71 32331840
22 6 32325060
22 9 32257560
22 6 32234700
2 3 32233260
145 3 32228820
2 145 32227680
139 6 32166120
145 58 32163240
139 9 32147460
139 17 32147460
2 58 32084100
145 3 32077140
145 3 32076900
20 88 32065440
58 144 31997880
139 6 31983780
2 58 31974060
2 3 31967880
145 3 31739280
131 34 31725600
131 34 31712220
58 2 31708020
22 17 31653540
22 139 31653540
145 58 31643460
22 139 31624320
2 3 31556280
1 21 31548300
146 81 31545600
58 71 31535460
58 2 31463280
145 3 31455540
2 58 31446720
2 58 31446420
58 71 31135380
58 82 31135380
58 2 31134900
22 9 31044420
58 2 31018740
58 81 31015800
131 34 30931980
145 3 30877860
145 3 30877560
22 139 30876720
145 3 30852660
2 3 30850380
145 3 30775980
58 82 30774180
58 145 30768180
41 57 30752760
145 2 30528540
38 1 30443880
2 145 30410640
58 145 30403920
58 145 30359820
145 58 30345480
58 82 30344640
145 58 30340140
145 2 30336060
145 3 30336060
145 2 30275520
58 145 30268020
58 2 30266520
58 3 30266520
58 145 30266520
58 82 30262140
82 58 30255540
3 145 30177300
58 144 30172500
1 138 30156180
2 94 30155460
1 21 30154680
2 3 29911020
2 58 29911020
2 145 29894460
58 82 29892720
145 58 29842440
2 145 29835720
22 6 29833620
144 58 29832480
61 98 29812800
58 82 29746920
82 2 29745840
82 3 29745840
82 58 29745840
145 58 29731800
145 2 29728260
82 3 29722560
145 144 29668260
145 58 29644380
22 6 29644260
145 3 29643900
145 82 29642820
139 136 29641260
131 144 29577180
2 3 29565420
111 29 29311620
139 15 29232120
2 3 29228640
3 2 29224800
145 2 29224680
3 82 29223960
3 2 29223960
139 136 29208120
3 145 29207280
111 83 29057460
145 58 29046600
22 17 29038440
145 2 29036940
58 145 29035860
3 82 29033640
3 2 29033640
2 82 28978080
145 3 28967820
145 144 28964100
139 6 28778880
1 133 28623120
145 82 28522260
145 2 28522260
3 82 28454880
3 2 28454880
58 145 28425120
61 141 28377540
58 71 28371180
58 144 28371180
139 17 28358460
145 2 28356840
145 3 28356840
145 82 28344300
145 2 28344300
145 3 28344300
58 3 28343760
82 145 28074840
82 3 28025340
1 38 28003320
1 138 27994740
2 145 27935640
139 8 27935460
1 34 27898620
1 34 27847620
1 138 27847380
82 145 27829560
58 144 27815700
58 71 27813960
139 136 27760020
1 21 27740040
41 57 27729300
1 138 27727200
1 38 27468060
1 38 27466380
81 73 27422100
58 2 27404700
41 57 27404280
58 144 27386820
58 2 27302100
139 8 27231600
2 82 27231060
58 84 27223260
2 3 27127260
58 145 26892660
1 138 26868660
146 111 26807220
1 38 26713440
88 61 26636280
58 145 26544060
58 71 26541840
58 144 26291100
2 3 26273700
58 71 26263200
2 82 26263080
58 82 26203140
58 145 26202900
2 3 26112300
1 34 26110980
22 139 26049300
22 6 26013900
58 71 25949820
139 22 25946040
145 3 25931520
3 145 25927080
38 1 25911660
58 84 25675320
58 71 25658580
58 145 25593180
139 6 25590300
58 144 25571760
58 2 25518600
58 71 25486200
22 139 25403640
58 71 25399860
58 144 25399860
81 38 25346580
22 6 25083840
22 17 25082520
58 2 25053300
9 20 24907860
9 139 24907860
9 12 24907860
1 38 24880920
37 22 24807540
2 3 24800340
81 73 24796680
22 139 24751320
58 71 24363360
22 139 24281520
58 82 24278160
139 17 24221880
37 139 24210840
58 3 24192600
58 144 24132780
2 3 24121440
81 73 23874600
58 144 23869740
58 2 23868600
58 145 23867460
58 82 23867340
58 144 23843880
41 57 23782500
22 6 23675700
145 81 23603100
145 81 23595480
58 144 23271540
58 71 23240220
22 6 23152620
88 73 23101440
58 144 22923900
22 6 22914960
2 145 22910100
2 82 22905180
1 47 22904400
2 145 22896180
58 77 22643940
58 144 22579020
2 58 22565460
141 63 22561800
58 82 22558080
88 49 22490400
58 144 22484100
58 144 22481820
58 2 22385580
58 143 22311000
22 139 22303620
1 21 21989520
58 144 21974280
2 145 21890340
58 145 21791400
58 2 21786600
58 3 21786600
58 145 21786600
2 82 21769620
58 71 21453600
22 139 21437760
58 71 21368400
1 21 21290280
58 71 21274320
58 71 21251340
58 144 21251340
71 73 21190860
22 17 21175560
94 33 21172920
22 17 21169500
58 71 21111720
41 57 21105480
58 2 21096780
2 82 21088020
88 81 20852520
58 71 20761920
58 144 20761920
139 17 20664000
82 3 20656680
22 9 20646180
2 82 20584680
139 6 20575620
139 6 20143680
1 138 20141340
1 38 20090040
58 71 20064300
1 138 20053800
1 21 20048340
1 21 19974900
22 139 19895940
1 38 19895520
1 38 19893420
1 21 19891920
1 21 19891860
1 138 19889760
1 21 19888020
1 138 19879860
1 21 19878960
1 138 19878840
1 21 19878780
1 21 19878720
22 139 19461420
2 38 19385460
22 13 19376280
139 8 19357860
58 144 19295400
2 82 19276380
58 144 19039020
22 9 19004400
58 71 18926580
2 82 18862620
58 71 18777900
58 144 18747360
41 57 18680700
58 144 18665280
1 21 18663480
58 144 18430740
58 144 18340260
58 71 18339840
149 113 18332580
149 71 18259800
149 113 18259800
2 82 18176520
58 144 18162780
2 82 16867080
2 82 16851840
58 145 16608120
58 145 16606020
2 82 16254300
2 3 16254300
2 3 16008120
2 82 15378600
2 3 15239520
58 2 14622660
2 3 14525640
3 2 14442420
2 58 14197440
2 82 13839000
145 2 13324920
58 71 12876180
58 81 12876180
3 2 12619620
2 3 12359760
58 82 11152560
2 82 11071920
2 82 10920720
58 2 10827540
37 22 10476420
2 145 10454880
2 3 10380540
2 82 10379040
2 82 10367820
58 2 10294980
2 82 10294680
2 145 10280520
2 58 9869640
2 145 9853200
58 2 9852780
2 58 9847500
2 82 9797640
2 58 9786480
58 82 9683100
58 82 9681480
3 2 9609540
58 82 9594240
3 2 9360840
58 2 9351120
58 81 9159480
3 2 9101340
58 145 8485500
104 18 8380200
58 82 8124240
58 2 8063580
58 82 7957440
58 2 7957440
2 82 7949760
37 139 7459620
2 82 7265040
2 82 7201440
2 82 6737100
81 73 6325860
58 2 5720100
58 3 5720100
3 2 5703480
2 82 5030820
2 145 5030820
81 73 5029500
58 82 4956540
2 82 4848120
2 145 4848120
37 139 3204840
37 139 3057180
58 82 1897980
2 82 1497480
58 2 1488960
58 82 1302660
58 2 1302660
58 82 0
