4 1 96208528
0 1 94390069
1 7 93959154
4 1 93870592
7 1 91264681
1 7 90932784
1 7 90920170
1 7 90916378
1 4 90911045
1 4 90849645
1 7 90849111
1 4 90822888
1 4 90747410
10 6 90675787
10 11 90675787
10 12 90675787
13 14 90675048
13 14 90674722
13 14 90673649
13 14 90672343
0 2 90669918
8 6 90654446
13 17 90403288
11 13 90395748
11 8 90395748
11 14 90395748
11 16 90395748
18 11 90392693
6 17 90390569
18 9 90342780
0 2 90331835
13 17 90329722
19 13 90312397
1 7 90302384
15 13 90300256
12 8 90239740
12 17 90239740
4 2 90227549
13 14 90164928
13 17 90164867
17 11 89789210
11 14 89789208
1 20 89731765
16 11 89730093
2 3 89726208
1 7 89718715
1 4 89718715
1 4 89644253
7 4 89630117
0 2 89623042
2 3 89549746
10 8 89473036
17 13 89472410
11 12 89469150
22 9 89362671
6 16 89219026
2 0 89213457
8 13 89209692
1 7 89207077
3 2 89197321
3 2 89196785
4 2 89194124
11 13 89189628
14 13 89187933
6 17 89187198
13 11 89186457
1 21 89181598
6 13 89114664
2 0 89111535
2 3 89042626
4 1 89030101
1 4 89019955
6 10 89019431
2 3 89016522
15 14 89006102
15 16 89006102
13 8 88951540
3 2 88950141
1 4 88930888
19 9 88926589
1 4 88866031
1 7 88863244
8 13 88858157
8 9 88840505
14 8 88837878
14 11 88837878
14 17 88837878
8 17 88603407
8 20 88599790
6 17 88584282
17 13 88583229
17 11 88583229
11 8 88582509
26 31 88532323
19 15 88523527
19 13 88523527
19 9 88523527
13 14 88510669
0 3 88501744
1 4 88493137
17 11 88432223
13 17 88422518
2 0 88419675
2 0 88419516
1 4 88351892
8 17 88348694
19 9 88345786
17 8 88338911
34 7 88328288
8 17 88327302
8 17 88321590
4 1 88250949
1 4 88250796
23 17 88245879
8 17 88245691
2 0 88237396
2 0 87998044
23 20 87994063
1 4 87982533
11 14 87974539
11 16 87974539
11 17 87974539
19 10 87974405
8 17 87917530
14 16 87910506
8 20 87810470
16 14 87745230
16 17 87745230
6 12 87731155
23 8 87716991
6 15 87397941
20 19 87393754
2 0 87391888
8 23 87380512
35 38 87378987
8 16 87377373
8 17 87377373
9 19 87367950
17 16 87302590
17 16 87302530
9 19 87298788
17 16 87298222
42 43 87289171
11 13 87283420
8 17 87227425
8 23 87227425
8 23 87227241
19 9 87221102
38 46 87205072
38 35 87205072
38 21 87205072
19 11 87202241
19 16 87202241
46 38 87131901
13 16 87112850
8 23 87111665
8 13 87111567
14 13 87055787
20 9 87042635
38 47 87029626
38 35 87026083
49 25 87022899
15 13 87018506
13 19 86796411
20 8 86780934
20 23 86780934
19 9 86778071
23 20 86764026
23 17 86712048
20 8 86700979
20 17 86700979
20 23 86700979
12 23 86695037
20 8 86685832
30 59 86679590
30 60 86679590
30 36 86679590
36 52 86677659
20 23 86675042
61 50 86640157
61 51 86640157
61 73 86640157
61 54 86640157
61 47 86640157
61 35 86640157
61 43 86640157
61 85 86640157
61 68 86625757
61 28 86625757
61 72 86625757
61 73 86625757
61 74 86625757
61 56 86625757
61 76 86625757
61 30 86625757
61 78 86625757
61 81 86625757
61 60 86625757
61 84 86625757
61 87 86625757
61 36 86625757
90 67 86619818
90 86 86619818
92 66 86619374
29 91 86615389
81 61 86612768
61 81 86612324
38 61 86612183
81 93 86610963
81 73 86610963
81 77 86610963
81 60 86610963
81 25 86610963
81 26 86610963
81 36 86610963
61 38 86607847
94 36 86605061
92 66 86604974
81 73 86596563
81 43 86596563
81 60 86596563
81 26 86596563
81 88 86596563
49 97 86592351
62 77 86591803
61 81 86556305
61 25 86556305
81 30 86550104
81 84 86550104
81 36 86550104
81 44 86550104
26 70 86546943
26 71 86546943
26 93 86542978
61 30 86541905
61 44 86541905
61 81 86541288
61 36 86541288
81 70 86539725
81 71 86539725
81 52 86535704
81 36 86535704
13 14 86535204
0 28 86535196
0 89 86535196
8 17 86532610
41 57 86525713
0 87 86518244
11 17 86509768
1 4 86505935
42 49 86505799
30 44 86502417
81 73 86457418
71 26 86448387
71 58 86448387
13 17 86444926
49 43 86441567
49 42 86441567
38 47 86433920
61 56 86431270
36 53 86427956
19 13 86426843
81 70 86426742
13 19 86423437
8 14 86419740
81 88 86417987
81 44 86373691
81 26 86371793
26 81 86280708
81 93 86275512
71 26 86265309
71 58 86265309
81 25 86196287
81 73 86196162
99 96 86189321
36 61 86177263
93 73 86169976
92 87 86168656
81 73 86167602
11 8 86165421
92 66 86163383
26 28 86115188
84 63 86112501
2 0 86103796
19 9 86102919
6 11 86102778
38 25 86100923
38 47 86093918
38 35 86093918
38 21 86093707
2 3 86092282
25 36 86091454
60 59 86087846
62 64 86083100
68 62 86082685
93 26 86080940
92 87 86079400
28 76 86077796
26 30 86075311
93 71 86073430
36 26 86070464
97 96 86069646
25 43 86012490
25 101 86012490
26 36 86012257
11 16 86009896
90 86 86009240
26 28 86008792
30 59 86005399
0 37 86000691
0 3 86000691
36 38 86000677
38 52 85998390
14 11 85996722
57 41 85995987
61 38 85993489
61 89 85993489
13 17 85992009
92 90 85991610
0 28 85989633
0 71 85989633
0 98 85989633
93 28 85986855
1 21 85986140
25 52 85945301
49 78 85927988
78 49 85926940
0 3 85925518
92 66 85923686
0 3 85912314
40 39 85907787
26 30 85841417
8 12 85841136
25 97 85835194
97 25 85834645
38 35 85833793
96 97 85830195
36 96 85823413
35 38 85820538
97 41 85818248
13 11 85816276
81 36 85808322
26 81 85772033
26 36 85772033
0 4 85595718
0 26 85595718
66 92 85574893
13 14 85570946
13 11 85570946
96 97 85564507
19 9 85560757
0 2 85510054
0 87 85510054
13 17 85494995
13 14 85494240
13 17 85494240
97 96 85476004
2 3 85473098
81 44 85471936
13 16 85471047
11 16 85470904
97 96 85468219
81 103 85464976
23 13 85413955
96 97 85412598
13 14 85408694
13 17 85408694
97 96 85408051
97 96 85407658
10 12 85393740
0 26 85335502
0 87 85335502
0 3 85335502
30 60 85328524
104 88 85326926
38 21 85324484
25 56 85324057
25 42 85324057
81 44 85313794
15 11 85308487
10 13 85306193
10 14 85306193
13 11 85297346
36 81 85254077
26 36 85243167
81 93 85128782
26 30 85126110
0 87 84993197
0 44 84993197
81 73 84983761
8 13 84970397
11 16 84969350
81 107 84958927
97 25 84958550
111 95 84955731
13 16 84947325
2 0 84894587
13 10 84894227
87 66 84885685
49 89 84877868
17 8 84866227
0 71 84820190
0 3 84820190
0 44 84820190
93 81 84809776
26 73 84804966
104 18 84803774
6 13 84803766
17 13 84803355
26 36 84799961
26 89 84798599
114 74 84794137
25 97 84794034
95 40 84788431
12 10 84778311
1 21 84777274
4 2 84722167
93 81 84722134
97 25 84714209
97 49 84709232
58 111 84708969
97 49 84704932
0 87 84648246
6 15 84634352
13 17 84634117
0 2 84629378
6 13 84621742
6 12 84621742
13 16 84621049
13 19 84612851
14 17 84612162
15 19 84598861
19 13 84597519
19 14 84597519
19 11 84543684
19 17 84543684
81 26 84467843
0 4 84383393
0 26 84383393
0 2 84383393
81 88 84379444
81 26 84379256
104 106 84375788
104 108 84375788
17 13 84375707
13 17 84374128
104 70 84369530
104 106 84369530
96 97 84369314
115 52 84368734
104 61 84367795
28 59 84357926
23 13 84355736
23 12 84355736
11 16 84353707
3 0 84352334
108 88 84346718
11 14 84344619
11 17 84344619
49 91 84343458
88 81 84297106
97 91 84283010
97 49 84283010
41 50 84282834
104 106 84280283
104 61 84280283
104 108 84280283
49 97 84279976
13 14 84275629
19 14 84273966
74 72 84269392
11 13 84265643
0 3 84264844
13 14 84264375
95 91 84262795
17 13 84261017
14 13 84260502
13 14 84200258
10 13 84191147
44 70 84184410
44 81 84184410
49 96 84184230
49 91 84182879
0 26 84123152
0 44 84123152
81 43 84116591
81 89 84116591
112 17 84096976
52 81 84095967
26 93 84094301
26 71 84094266
81 52 84093517
62 42 84091573
62 85 84091573
49 96 84091172
49 91 84091172
81 44 84030673
89 81 84027500
13 17 84027022
49 97 84023861
6 12 84020054
49 25 84015547
26 68 84014068
49 97 84007989
13 17 84006029
13 17 84005266
13 17 84004543
41 57 84000365
104 70 83993921
104 73 83993921
104 107 83993921
26 73 83952212
104 105 83764727
97 49 83757555
0 71 83753427
0 2 83753427
11 8 83747743
11 16 83747743
88 81 83742984
13 14 83741000
81 71 83689881
85 111 83686450
88 81 83685822
13 33 83683796
3 2 83681536
93 81 83676579
81 88 83675964
38 35 83675063
97 49 83674904
87 66 83672164
81 44 83664238
44 81 83663021
50 41 83662273
52 41 83662086
30 27 83661921
97 49 83660462
49 91 83659403
81 111 83603809
81 25 83603809
81 85 83603809
0 26 83603438
0 2 83603438
0 3 83603438
81 44 83601482
13 14 83591678
13 23 83584843
90 72 83578044
81 93 83571783
81 71 83569690
13 16 83568488
81 71 83567176
20 18 83437338
26 27 83431026
26 98 83431026
26 30 83430365
104 108 83415524
90 118 83412342
81 111 83410003
81 85 83410003
96 97 83396751
33 17 83391806
107 81 83313787
10 13 83160797
20 22 83158265
13 10 83157851
13 17 83157851
20 22 83157142
10 22 83156530
81 82 83151487
119 120 83147051
19 33 83144562
19 18 83144562
119 120 83142259
20 9 83139314
20 23 83139314
11 13 83138043
11 14 83137309
11 16 83137309
10 13 83078539
10 11 83078539
2 0 83064998
78 25 83059230
13 17 83057349
25 75 83052645
25 85 83052645
19 9 83050698
13 17 83048563
4 71 83045485
20 18 83040606
81 73 83006817
81 71 82964799
97 91 82964286
93 112 82479254
78 37 82467824
97 49 82463293
13 11 82460532
113 93 82450334
94 81 82390573
88 81 82389495
52 81 82380929
93 113 82380483
13 33 82367498
41 57 82364111
41 97 82363833
8 13 82361447
81 71 82355658
81 44 82355658
93 26 82318759
86 102 82288807
97 91 82274399
97 49 82274399
49 91 82273582
13 16 82272923
40 39 82271629
97 96 82271279
68 27 82265069
23 18 82216221
104 70 82207419
13 17 82196012
112 85 82191598
93 71 82185847
93 112 82181633
93 28 82180803
17 13 81949773
17 16 81949773
11 13 81943851
11 17 81943851
120 124 81943584
120 85 81928610
89 88 81869740
91 49 81863878
120 119 81860778
49 91 81852634
81 25 81848963
81 24 81848963
120 119 81848475
122 53 81848103
4 22 81846977
0 82 81843426
0 3 81843426
0 58 81843426
125 41 81842223
125 57 81842223
125 36 81842223
125 122 81842223
8 19 81838631
38 35 81770773
112 123 81767892
17 8 81765828
11 17 81762501
112 93 81761740
120 124 81760392
11 17 81755352
33 20 81754214
11 14 81692137
66 92 81685155
77 64 81678132
37 85 81613828
10 16 81613116
111 95 81598776
78 37 81593178
13 8 81590118
13 17 81589921
13 14 81587933
81 98 81586854
81 84 81586854
81 85 81586854
81 88 81586854
88 81 81582759
81 88 81372801
19 9 81351167
97 49 81333454
88 81 81328871
64 77 81324156
14 10 81323037
19 9 81322626
97 35 81320320
50 52 81288607
81 88 81276967
112 93 81265225
112 113 81265099
97 91 81258946
40 95 81256088
112 11 81255786
11 17 81253938
78 124 81250346
10 11 81239708
10 17 81239708
49 51 81231515
49 42 81231515
49 57 81231515
49 25 81231515
49 122 81231515
40 95 81170209
38 35 81169389
123 70 81166320
123 73 81166320
123 108 81166320
81 93 81148253
91 79 81095353
6 11 81094702
107 108 81094529
93 112 81093575
81 93 81086156
1 35 81083471
58 111 81078773
6 11 81070175
19 8 81067910
19 17 81067910
58 95 81064280
100 24 81062957
6 10 81062557
81 36 81060513
97 1 81020376
97 39 81020376
91 95 81012296
91 79 81012296
11 16 81003248
111 95 81002340
81 123 80977667
49 101 80973387
49 57 80973387
93 113 80971742
44 81 80936738
93 113 80931607
93 113 80931402
22 10 80898234
29 81 80893131
19 9 80751630
113 93 80745838
115 50 80732527
58 111 80716613
61 81 80714180
124 120 80657700
92 87 80657242
92 66 80655150
40 95 80654247
40 111 80654247
10 13 80652060
58 44 80650768
98 32 80650665
43 42 80650184
112 93 80647818
112 113 80647818
20 33 80643411
20 18 80643411
46 35 80640696
11 13 80639632
33 20 80638959
9 33 80631183
62 25 80630008
25 51 80557033
25 75 80557033
25 43 80557033
25 42 80557033
25 121 80557033
20 23 80554608
19 10 80549106
36 53 80490504
78 111 80489335
57 41 80486871
0 55 80479593
0 44 80479593
23 20 80479265
23 20 80479014
23 20 80478775
23 20 80476755
0 2 80473899
0 58 80473899
20 23 80473589
81 55 80472168
32 98 80463570
0 80 80462618
10 13 80461461
82 3 80457853
32 98 80455739
81 2 80454684
20 23 80452107
92 87 80411462
112 93 80409131
61 108 80407428
23 17 80401667
82 55 80400499
91 111 80400360
91 40 80400360
23 20 80400000
82 55 80399950
10 14 80399824
20 23 80399512
20 23 80399142
23 20 80397813
66 74 80397533
38 46 80396396
43 95 80395738
43 54 80395738
11 23 80393679
79 83 80391690
82 55 80386728
25 49 80384155
113 93 80373754
10 12 80371493
113 93 80369684
20 11 80368789
49 56 80367252
49 42 80367252
49 121 80367252
49 25 80367252
49 122 80367252
81 37 80304183
94 5 80213294
94 5 80213083
20 11 80208879
20 17 80145848
49 57 80128801
49 122 80128801
103 129 79979173
91 95 79975238
112 17 79968490
93 112 79965289
8 20 79961694
20 23 79961691
78 25 79955720
10 13 79953356
0 82 79952432
78 111 79949874
20 17 79947160
113 93 79943532
82 3 79940311
82 0 79940097
9 11 79940001
113 93 79939873
10 13 79937137
10 8 79937137
10 11 79937137
20 23 79930547
49 57 79894264
123 73 79886872
91 79 79886487
25 42 79886377
58 44 79885754
44 82 79885697
9 15 79883913
20 18 79882959
101 25 79882385
33 20 79882228
124 85 79881963
113 93 79876131
93 113 79874676
2 0 79874473
82 0 79874320
82 3 79874320
82 58 79874320
20 22 79873289
93 113 79871097
8 17 79867295
8 12 79867295
25 121 79866990
23 20 79864034
8 13 79863378
20 23 79862880
10 8 79862304
10 19 79862304
17 13 79862076
23 20 79862063
82 71 79858988
30 36 79858734
93 113 79857201
17 13 79855195
20 33 79853498
78 49 79852959
49 78 79851740
122 25 79849827
100 28 79847578
29 111 79847397
113 123 79844385
113 108 79844385
91 95 79805276
113 93 79804284
93 113 79800294
25 57 79798118
25 122 79798118
82 55 79797117
19 9 79796107
10 17 79795362
10 12 79795362
61 81 79790051
61 108 79790051
66 114 79789928
41 57 79788923
41 50 79788386
25 43 79788050
25 101 79788050
25 122 79788050
81 2 79787677
6 13 79787195
18 20 79783097
78 25 79782907
0 55 79781485
3 2 79780045
85 78 79779286
41 115 79779007
25 101 79778404
33 18 79776837
17 13 79774079
17 14 79774079
112 113 79771636
20 23 79770485
112 93 79595548
113 81 79541642
14 17 79540155
22 13 79539242
61 108 79539222
123 106 79534603
107 73 79533571
8 13 79533213
8 10 79533213
8 17 79533213
8 12 79533213
82 2 79532574
82 58 79532574
123 106 79529498
113 73 79528966
20 23 79527656
78 49 79519356
11 14 79519221
11 16 79519221
11 14 79517909
11 13 79517766
55 3 79514985
129 73 79513721
92 74 79507235
92 87 79507235
55 82 79455335
25 36 79450146
66 117 79448337
57 122 79446963
93 113 79445938
82 58 79444184
17 13 79442563
16 8 79441015
105 94 79439592
25 78 79439591
8 13 79438728
123 105 79438484
123 106 79438484
123 104 79438484
97 91 79438166
81 71 79436174
23 17 79435852
29 40 79431789
71 81 79429466
120 85 79429308
28 100 79428537
129 73 79427881
100 28 79426439
120 85 79424342
0 55 79422479
93 112 79420873
11 19 79417646
11 12 79417646
6 13 79361721
6 17 79361721
4 71 79360708
6 13 79360509
28 89 79359210
3 82 79356854
3 0 79356854
3 58 79356854
132 41 79356486
43 38 79356169
123 105 79353588
123 61 79353588
25 75 79350960
25 101 79350960
25 121 79350960
2 0 79350094
100 28 79347613
124 120 79347087
56 119 79346226
119 124 79345979
40 29 79345577
82 71 79344609
113 123 79340611
37 131 79340313
2 58 79338986
58 2 79338845
25 24 79337770
91 49 79335132
49 97 79330962
20 22 79330076
93 28 79329710
55 78 79329420
20 18 79326754
14 13 79284279
20 22 79283313
97 127 79281939
13 17 79281725
91 95 79277841
91 111 79277841
91 83 79277841
66 87 79275275
54 73 79274430
40 29 79274087
40 83 79274087
16 10 79273795
120 85 79272179
93 113 79270580
97 91 79264753
97 49 79264753
40 29 79262019
75 57 79261261
123 61 79261114
123 104 79261114
40 111 79260216
40 79 79260216
97 91 79259260
97 49 79259260
20 18 79258477
0 44 79257875
23 17 79256739
121 49 79256613
23 17 79256557
2 82 79256466
112 113 79255364
46 111 79255273
43 54 79253422
111 81 79252918
2 82 79252107
132 52 79251825
132 38 79251825
2 55 79250630
82 55 79247479
61 81 79244892
49 56 79244333
83 79 79241246
91 40 79196984
97 21 79195684
97 38 79195684
28 100 79194475
107 70 79189249
10 13 79188387
112 93 79183298
25 42 79179968
20 23 79179134
111 95 79179035
25 36 79178565
68 45 79177292
70 0 79171641
82 55 79170262
119 56 79168266
119 124 79168266
120 119 79166010
13 14 79165987
13 11 79165987
123 104 79165968
120 85 79163714
61 108 79159842
49 121 79159407
49 25 79159407
61 73 79158031
61 18 79158031
66 117 78932927
91 83 78930713
88 61 78930452
121 49 78924260
53 81 78912550
124 119 78912067
93 112 78911596
131 124 78911330
20 23 78910308
93 113 78909743
119 85 78901633
92 87 78850308
87 92 78849647
91 111 78843878
58 71 78842555
41 97 78842060
40 103 78835416
40 79 78835416
93 113 78834840
121 49 78832324
3 0 78830691
3 58 78830691
3 44 78830691
40 83 78826524
93 113 78824878
124 37 78824231
124 131 78823971
49 51 78810930
49 25 78810930
93 113 78810930
49 122 78810930
81 98 78764963
81 43 78764963
61 129 78763814
61 107 78763814
61 104 78763814
82 71 78760156
82 55 78760156
82 58 78760156
18 20 78759904
91 83 78758059
35 42 78757064
35 85 78757064
35 31 78757064
6 15 78755959
61 123 78754737
23 33 78753675
23 20 78753675
93 113 78750976
112 93 78744153
20 22 78742128
2 82 78741757
132 52 78741485
49 121 78737990
52 132 78736524
2 58 78736385
78 101 78735746
8 17 78735737
111 81 78735158
10 22 78729598
0 58 78729050
2 58 78728793
40 39 78728369
20 22 78727849
0 44 78727627
100 28 78725386
40 35 78723404
91 79 78675034
91 83 78675034
82 71 78673113
8 23 78672380
119 124 78672285
19 13 78672057
82 131 78671749
19 9 78671515
3 44 78671254
82 37 78667348
82 44 78665121
2 58 78661729
68 69 78661579
68 128 78661579
22 20 78660640
82 2 78655521
73 61 78651570
26 71 78651418
1 126 78649895
23 20 78649816
20 23 78643209
2 44 78591417
8 17 78590636
93 113 78587075
82 55 78586287
61 18 78580431
53 36 78577137
23 20 78575290
25 85 78575012
85 112 78574523
82 55 78574102
13 14 78572714
34 54 78569168
3 58 78569144
124 56 78566548
120 37 78566387
58 0 78563016
0 58 78559882
13 16 78553679
81 73 78552945
123 105 78491842
23 20 78425601
58 82 78402935
91 79 78326700
120 85 78323755
78 111 78323384
111 78 78323368
91 49 78320991
8 13 78320224
58 95 78317937
85 112 78317053
14 13 78313142
11 16 78311446
100 59 78311311
111 95 78306326
112 24 78306084
57 41 78304516
41 57 78302458
93 112 78300949
78 37 78299138
85 120 78298841
18 23 78298100
95 111 78295322
13 8 78245143
13 14 78244786
78 111 78240655
8 16 78238702
2 0 78238129
78 55 78231968
19 22 78231409
44 53 78229276
44 71 78227916
120 124 78227051
112 113 78224417
82 71 78220049
58 111 78219888
58 0 78219854
112 113 78219009
79 29 78219001
53 95 78213537
11 14 78211844
123 105 78169528
37 131 78157095
13 11 78156021
91 95 78155222
82 71 78152871
82 55 78152871
82 58 78152871
93 112 78148332
58 111 78146441
120 85 78144472
112 93 78140722
8 9 78134183
112 113 78133610
32 31 78131785
82 2 78131053
71 82 78130374
95 53 78130037
129 107 78129219
82 55 78125699
82 58 78125699
91 49 78125483
13 11 78123246
113 93 78122156
18 20 78121225
49 38 78120760
49 48 78120760
40 83 78120733
111 129 78117084
97 99 78074323
40 39 78067702
125 34 78065072
82 58 78062309
23 17 78060922
29 91 78060469
8 17 78058516
3 55 78057240
20 22 78056640
82 131 78056068
115 41 78056009
91 49 78054985
69 134 78050944
82 58 78050078
8 16 78047093
113 123 78038064
33 18 78037374
112 113 77988471
90 72 77985901
112 93 77983182
112 113 77983182
112 5 77983182
91 95 77981811
5 105 77980678
5 107 77980678
113 93 77980607
113 123 77980607
23 20 77980255
2 55 77979841
93 113 77976294
82 2 77975332
17 13 77975293
40 29 77974807
70 5 77971694
3 131 77967773
6 12 77965420
112 85 77964334
131 3 77962237
2 82 77961804
112 113 77960265
82 2 77957149
112 85 77955125
90 65 77954576
90 102 77954576
90 86 77954576
23 13 77953509
112 113 77952850
93 112 77949892
13 14 77898619
13 11 77898619
25 75 77894997
25 56 77894997
25 85 77894997
25 122 77894997
25 57 77894723
25 75 77894078
25 43 77894078
25 121 77894078
25 122 77894078
25 111 77882212
111 36 77792090
129 81 77786010
88 107 77724501
92 74 77721361
92 87 77721361
0 82 77718494
89 26 77718443
25 43 77716751
25 85 77716751
120 56 77716496
14 13 77714934
82 0 77713665
82 0 77712959
29 44 77712660
120 85 77712645
113 123 77710791
85 120 77708635
27 26 77708088
125 97 77707764
97 125 77707699
13 14 77705224
46 81 77704427
2 82 77704035
74 117 77703471
129 107 77703246
93 113 77696987
36 111 77696199
36 38 77696199
44 2 77694021
2 82 77693280
129 107 77692022
11 13 77691326
11 14 77691326
92 130 77690211
80 131 77684290
123 73 77654797
91 40 77638326
91 83 77638326
131 80 77635159
14 13 77630614
91 49 77630543
129 107 77623792
81 129 77622809
16 17 77621414
17 23 77620495
9 23 77611108
119 124 77610860
129 73 77606001
112 85 77605155
112 113 77605155
129 107 77604248
2 82 77603960
2 55 77601885
81 85 77601679
81 85 77601613
2 82 77601157
18 33 77599933
18 22 77599933
93 113 77598783
123 107 77562028
9 20 77559730
86 72 77554560
86 102 77554560
93 5 77553217
105 17 77550332
9 19 77545943
14 13 77544840
13 8 77544057
100 59 77540537
129 107 77536989
23 17 77530598
29 81 77530438
64 87 77527873
2 78 77527545
23 11 77524132
91 40 77523923
23 11 77523730
40 48 77522671
46 73 77521018
13 8 77519975
13 11 77519975
13 17 77519975
124 56 77518414
78 85 77518117
112 85 77516653
85 112 77516595
15 13 77511055
27 134 77510545
27 26 77510545
25 125 77478632
112 93 77466914
2 82 77464532
112 93 77464269
13 11 77461251
14 16 77461243
66 92 77460536
112 93 77459701
112 93 77457530
93 113 77456892
22 5 77454635
23 17 77452098
0 55 77451792
0 44 77451792
0 3 77451304
124 120 77439353
113 93 77437617
111 83 77437144
120 124 77432776
0 55 77431224
88 123 77426883
20 88 77425935
1 21 77425789
22 10 77392260
90 135 77382200
90 86 77382200
112 93 77380326
25 56 77379563
25 101 77379563
25 136 77379563
104 61 77376049
14 17 77374323
25 57 77373032
131 37 77372500
35 38 77371080
91 40 77370893
100 59 77369212
25 78 77365221
36 25 77364582
14 13 77363838
132 46 77363560
18 33 77363352
18 22 77363352
131 55 77362386
78 83 77362088
129 70 77362001
112 93 77361932
78 83 77361773
3 82 77361681
1 133 77361618
98 89 77360327
94 5 77360118
5 70 77359977
0 2 77359848
112 123 77359824
112 123 77358741
131 37 77352620
13 16 77351977
25 109 77351220
120 124 77350347
120 37 77348600
29 91 77347940
2 82 77347457
0 3 77346495
113 93 77344254
57 124 77341453
80 131 77339709
111 29 77337071
19 9 77311244
105 5 77277575
55 78 77188592
112 123 77178817
112 93 77121306
112 12 77119258
91 111 77113163
91 79 77113163
90 72 77110271
90 86 77110271
120 85 77109860
0 3 77106517
26 4 77102280
8 13 77092111
90 135 77092064
90 72 77092064
82 2 77090301
82 44 77090301
97 53 77089705
112 113 77085131
11 17 77084251
23 20 77031124
13 14 77030873
13 11 77030873
90 65 77030176
61 111 77029138
13 16 77026801
35 48 77023215
23 20 77020766
113 123 77017709
124 119 77009388
23 33 77006424
89 28 77005797
23 20 77005316
23 13 77004081
23 14 77004081
37 85 76999409
20 23 76994949
56 51 76992729
70 5 76945625
91 40 76942048
90 72 76940513
112 93 76940217
62 42 76936758
124 55 76936090
112 93 76935335
112 113 76935335
113 123 76934803
37 85 76934662
55 78 76934613
9 33 76932983
3 82 76932233
57 41 76923885
25 56 76921726
25 75 76920803
25 43 76920803
112 85 76919174
25 75 76918749
11 14 76917617
14 20 76914294
25 85 76913908
57 25 76911449
25 57 76907399
90 117 76862019
37 120 76859835
37 85 76859835
2 44 76852791
14 23 76850567
22 105 76850100
29 91 76850091
3 44 76848019
112 93 76846075
22 13 76844902
22 12 76844902
25 56 76844231
25 85 76844231
28 100 76843434
28 76 76843432
93 112 76843067
100 28 76842884
23 33 76838005
22 13 76837609
90 135 76837164
2 82 76834041
124 120 76831374
105 106 76830234
37 120 76777039
81 113 76771685
112 85 76770888
91 95 76770830
122 101 76762277
29 91 76762028
26 81 76757260
58 0 76755210
25 75 76754700
25 57 76754700
55 131 76753042
93 112 76749459
78 55 76748459
117 72 76747521
29 91 76747020
14 13 76746667
13 14 76744012
120 37 76742572
137 68 76737980
81 129 76689470
5 105 76682829
5 94 76680877
26 81 76606490
42 25 76574076
97 136 76509239
91 83 76508642
136 95 76504108
136 41 76504108
136 75 76504108
136 101 76504108
136 85 76504108
136 38 76504108
136 122 76504108
92 87 76503435
117 87 76502795
93 113 76500412
137 68 76496443
87 90 76496280
90 135 76495809
85 43 76494602
100 59 76492069
25 56 76488855
25 42 76488855
112 85 76488587
25 85 76488287
111 83 76486771
14 13 76484405
25 75 76482328
25 42 76482328
25 57 76482328
11 14 76482166
25 75 76480925
25 42 76480925
97 49 76426585
91 79 76425385
97 91 76424412
125 38 76412553
3 82 76411512
3 58 76411512
111 95 76406433
78 111 76406300
111 78 76405907
78 37 76405047
78 114 76405047
58 55 76403381
2 82 76400579
111 29 76400575
111 40 76400575
2 44 76399858
82 3 76397793
58 55 76395510
62 85 76394862
25 56 76354018
25 111 76354018
91 83 76341434
91 79 76337562
120 85 76335027
40 83 76334987
93 112 76333882
22 13 76333648
37 120 76331699
8 17 76331480
13 14 76330351
129 111 76329965
23 17 76326572
58 55 76323881
19 13 76323500
112 93 76323256
93 112 76323206
88 115 76320476
25 56 76317487
122 25 76310978
4 37 76310932
6 17 76310824
25 101 76310392
25 121 76310392
25 122 76310392
12 22 76309606
9 33 76308081
81 85 76307681
97 91 76303793
25 51 76301692
25 75 76301692
25 43 76301692
25 42 76301692
25 57 76301692
9 33 76295447
93 5 76257159
91 40 76251463
91 83 76251463
97 96 76250689
40 95 76249327
123 43 76247739
131 80 76244970
19 9 76243869
68 45 76242934
112 93 76238497
112 113 76238497
76 28 76236047
71 4 76233824
8 23 76230258
23 8 76226457
23 33 76226424
112 113 76226166
112 93 76225990
14 13 76225055
1 38 76221893
113 123 76218103
2 44 76218072
80 131 76215687
83 111 76215428
111 129 76169425
23 8 76164596
2 78 76161770
81 70 76161440
58 82 76160813
85 81 76157063
2 3 76155654
13 19 76153224
13 14 76151467
112 93 76144473
93 112 76143150
69 134 76142342
69 31 76142342
0 3 76141122
113 123 76132168
93 113 76131763
111 29 76129246
111 79 76129246
112 93 76083118
93 112 76060684
112 93 76054360
23 20 75985389
3 2 75905180
123 113 75903725
23 20 75902503
37 120 75901899
88 59 75901017
88 52 75901017
88 53 75901017
88 54 75901017
88 55 75901017
88 134 75901017
88 45 75901017
88 100 75901017
88 36 75901017
20 23 75897905
88 70 75897386
88 20 75897386
113 106 75896843
37 120 75895024
0 58 75893497
0 44 75893497
113 93 75892157
113 73 75892157
44 58 75830014
91 111 75821526
91 79 75821526
131 37 75819208
8 17 75818150
23 20 75813471
58 111 75806678
58 44 75806678
125 25 75806213
23 20 75800223
58 0 75796566
93 113 75782018
87 84 75744095
86 135 75739333
86 102 75739333
23 20 75735441
112 113 75733314
86 117 75731329
86 102 75731329
19 13 75727662
0 55 75726192
78 131 75725995
93 112 75724893
0 3 75721612
0 58 75721612
56 24 75721079
90 72 75718522
136 56 75716832
0 82 75711774
88 104 75710150
17 22 75703836
17 12 75703836
78 55 75702830
13 14 75666619
44 2 75653111
88 107 75652610
124 120 75647840
25 41 75646279
25 85 75646279
25 122 75646279
91 95 75645175
91 40 75645175
112 123 75644117
119 120 75644070
82 55 75644061
25 62 75643391
23 17 75641678
13 14 75641550
112 123 75637060
112 81 75637060
112 113 75637060
111 29 75634756
25 41 75634270
25 43 75634270
25 42 75634270
25 101 75634270
25 57 75634270
25 121 75634270
41 57 75632833
23 20 75629489
107 88 75625143
112 93 75623964
112 113 75623964
71 4 75622821
112 5 75622185
70 5 75621178
112 93 75619334
78 55 75618651
0 58 75618635
9 19 75615599
25 75 75614469
25 43 75614469
25 85 75614469
25 42 75611155
62 121 75574953
14 17 75561532
91 95 75561201
9 8 75558956
9 11 75558956
9 23 75558956
37 120 75556876
112 93 75555174
112 93 75554938
112 123 75554938
124 85 75554590
17 13 75554233
23 20 75552869
1 21 75551955
2 82 75539442
2 82 75538985
112 123 75538492
112 113 75538492
84 42 75537438
112 123 75535396
25 121 75534134
55 0 75531845
119 56 75531300
119 124 75531300
23 8 75530984
90 86 75528890
70 104 75528875
93 112 75526406
93 113 75526318
19 9 75524330
19 9 75524118
104 70 75520980
97 96 75303510
111 78 75294768
126 1 75290442
100 28 75287581
25 41 75285948
25 57 75285948
25 136 75285948
85 81 75284759
25 43 75284374
0 58 75280543
68 45 75280057
17 14 75279036
26 60 75275158
26 89 75274007
11 8 75272559
23 17 75270706
73 129 75269995
112 113 75221073
91 40 75220830
112 113 75215397
100 28 75213548
26 84 75209389
74 92 75206831
85 78 75206705
85 120 75206705
100 28 75205091
117 130 75204332
82 55 75204165
82 3 75204165
112 123 75202012
112 81 75202012
112 113 75202012
66 92 75199427
22 19 75195723
112 93 75195524
105 5 75193843
20 23 75191671
9 12 75190775
76 28 75190316
41 97 75188862
25 75 75187159
25 42 75187159
25 136 75187159
25 84 75186755
13 12 75186736
81 98 75182245
81 111 75182245
81 43 75182245
81 124 75182245
81 26 75179992
20 23 75177025
26 81 75143453
91 95 75131609
91 79 75131609
78 55 75124239
113 112 75120309
131 80 75118590
112 5 75117830
20 23 75117711
131 80 75116633
19 9 75111937
81 30 75110828
81 85 75110828
100 59 75110731
71 4 75105788
90 65 75105737
90 135 75105737
112 113 75105324
20 22 75101878
100 63 75099595
112 113 75099149
81 85 75095830
20 23 75093990
85 31 75092930
2 3 75046031
124 56 75045219
123 106 75042982
91 40 75042507
11 33 75039382
11 13 75039382
25 57 75037398
25 122 75037398
131 80 75028143
124 120 75026395
35 49 75024866
66 87 75022053
82 71 75020647
9 22 75018647
119 56 75018088
40 79 75012856
123 106 75008789
123 73 75007828
25 101 74974148
13 8 74957559
112 123 74952431
112 113 74952431
70 71 74951275
112 81 74950534
124 119 74943518
124 119 74935549
78 55 74934866
112 113 74930991
131 80 74926068
112 113 74925373
85 120 74923592
15 19 74917980
13 16 74871477
112 113 74697380
2 44 74693068
100 59 74691472
18 106 74687425
11 13 74685461
52 132 74683341
26 28 74682294
69 27 74678524
11 13 74677998
112 93 74677155
82 55 74664356
13 14 74662614
105 22 74611062
105 70 74611062
22 33 74605328
77 64 74603231
18 73 74602693
112 93 74601215
112 73 74600618
112 113 74600348
112 93 74597531
85 43 74595356
85 25 74595356
120 124 74589448
112 73 74583713
112 123 74583713
112 81 74583713
120 37 74580058
97 91 74578806
112 93 74544514
112 113 74544514
13 12 74527614
13 23 74527614
62 42 74526293
112 113 74525942
123 104 74517727
8 19 74514769
1 35 74512280
92 66 74510296
112 123 74509471
25 41 74508871
25 43 74508871
25 136 74508871
25 85 74508871
19 9 74507940
13 14 74506245
120 119 74504176
112 93 74502658
112 123 74501189
22 18 74498204
5 105 74498027
90 117 74490922
90 102 74490922
90 86 74490922
8 13 74490282
19 9 74484349
112 85 74439888
112 113 74438958
93 113 74431582
111 83 74430545
62 25 74429245
3 44 74425855
44 82 74424334
44 2 74424334
44 0 74424334
25 51 74418105
25 75 74418105
25 56 74418105
25 43 74418105
25 42 74418105
25 57 74418105
25 85 74418105
90 72 74414358
90 86 74414358
112 17 74413780
25 43 74413491
25 42 74413491
112 17 74412763
112 85 74410395
131 37 74409881
13 16 74409372
13 11 74406558
113 26 74406064
113 26 74405973
93 113 74355167
19 15 74352786
25 43 74346874
25 136 74346874
25 85 74346874
19 15 74338952
112 93 74337715
112 43 74334860
68 45 74323866
112 93 74321153
112 123 74321153
113 112 74318505
5 94 74250753
112 81 74157954
82 3 74088069
82 55 74087523
111 78 74086025
100 59 74085985
37 120 74085787
93 113 74084568
112 5 74081282
120 85 74081237
112 81 74080795
112 113 74080795
58 111 74074676
112 93 74073259
112 123 74073259
112 113 74073259
105 94 74072240
78 25 74059069
111 52 74020000
26 28 74011406
26 100 74011406
90 65 74001862
90 135 74001862
81 88 74000481
120 85 73997017
26 28 73996212
26 76 73996212
41 50 73988341
41 132 73988341
41 57 73988341
41 97 73988341
5 113 73983320
125 25 73981804
125 38 73981804
125 36 73981804
20 23 73980481
78 55 73979950
119 131 73979889
25 43 73976103
25 101 73976103
131 80 73975920
2 44 73973886
13 14 73922278
131 37 73920295
131 119 73920295
112 123 73918527
20 23 73918066
81 107 73913698
71 44 73894916
25 101 73881932
44 82 73875161
123 105 73839573
70 94 73837033
113 112 73803130
3 58 73798878
112 123 73752321
112 93 73744424
93 112 73742478
78 25 73735752
78 2 73735278
25 121 73735079
6 13 73733024
112 93 73730554
5 112 73729431
44 0 73724965
8 17 73723591
68 137 73722363
37 131 73721159
15 13 73713990
15 17 73713990
113 123 73711944
19 9 73706548
112 93 73538225
112 113 73538225
8 17 73486963
100 59 73480765
82 2 73479066
82 3 73479066
82 44 73479066
137 68 73478497
100 59 73472391
78 55 73465672
25 56 73460758
89 81 73459945
8 13 73456691
112 113 73451447
112 93 73451040
20 17 73449382
88 81 73402948
93 113 73395503
8 13 73393622
93 113 73382998
25 41 73382960
25 51 73382960
25 75 73382960
25 43 73382960
25 101 73382960
26 76 73378389
26 31 73378389
25 42 73368155
25 121 73368155
69 128 73360566
87 66 73329344
88 89 73326061
26 113 73318429
93 123 73314328
93 81 73307607
93 5 73295725
93 112 73294882
112 123 73286338
112 113 73286338
112 93 73286029
93 112 73282171
93 113 73281428
8 13 73280809
8 11 73280809
13 11 73278064
93 113 73236506
131 119 73224842
25 56 73223433
25 43 73223433
25 101 73223433
25 122 73223433
136 122 73217859
93 113 73210939
25 51 73208037
25 56 73208037
25 57 73208037
25 136 73208037
123 73 73207268
11 13 73141301
73 123 73130229
112 123 73116371
112 113 73116371
44 2 72884528
66 87 72880148
18 22 72872056
44 70 72871080
44 58 72871080
9 19 72860232
112 123 72857621
123 9 72847871
93 113 72807043
93 123 72806409
13 8 72795265
82 0 72791674
82 58 72791674
121 115 72791421
15 11 72780803
93 113 72780328
62 76 72779371
93 113 72776944
93 113 72774275
44 81 72769604
15 6 72766820
131 115 72709491
62 77 72708929
25 101 72700689
112 93 72681848
6 8 72675502
112 93 72648265
112 113 72625987
93 123 72622978
93 113 72622978
93 112 72614821
78 55 72610083
112 113 72609805
62 53 72607017
25 52 72605670
25 56 72605670
25 136 72605670
25 122 72605670
131 82 72603112
15 13 72599136
15 23 72599136
125 53 72598907
62 57 72596865
93 112 72594856
119 56 72593118
112 81 72547147
112 93 72543632
19 15 72535456
125 41 72528162
125 57 72528162
112 113 72526898
18 107 72515112
113 123 72509302
104 81 72498850
106 105 72356464
106 103 72356464
104 18 72277462
131 55 72272987
131 37 72272544
93 112 72266398
93 113 72266193
113 123 72264825
11 13 72261405
11 8 72261405
11 17 72261405
106 103 72243689
106 113 72243689
78 75 72188417
43 5 72183392
106 95 72176245
106 98 72176245
106 120 72176245
106 121 72176245
106 85 72176245
106 88 72176245
106 38 72176245
70 123 72175952
82 3 72160078
113 112 72154906
113 123 72154906
44 82 72105619
68 137 72101746
112 93 72089818
131 80 72086501
25 75 72080640
25 101 72080640
25 136 72080640
15 13 72068466
112 81 72031122
112 113 72031122
112 123 72023325
93 112 72022917
25 121 72019612
25 42 72019077
70 123 72015787
112 93 72007819
104 129 72006541
112 93 72002880
93 113 72002471
52 81 71997664
131 78 71995120
25 121 71994567
78 55 71991625
137 68 71987079
111 95 71985495
111 29 71985495
111 83 71985495
5 112 71984300
15 13 71983752
15 17 71983752
131 120 71949420
131 119 71949420
93 112 71942262
77 64 71934779
37 131 71934585
111 40 71911580
70 105 71907054
93 113 71905967
2 82 71901572
19 15 71901083
15 17 71896416
93 112 71896376
13 17 71857656
123 106 71727718
123 106 71681333
93 123 71652472
6 8 71645146
95 111 71636384
87 66 71604580
44 58 71559782
82 58 71499107
44 4 71485198
131 37 71475440
62 42 71473293
123 104 71463238
100 59 71462275
123 106 71458022
70 37 71417393
82 3 71398714
82 58 71398714
8 9 71388752
8 17 71388752
111 78 71386750
43 54 71380263
93 123 71378489
123 105 71377377
33 11 71330248
8 13 71322442
93 113 71313781
25 43 71300242
25 42 71300242
25 121 71300242
93 112 71291446
44 58 71243693
93 113 71235759
93 113 71234275
3 2 71060212
6 13 71056991
131 37 71056021
77 64 71048824
6 17 71042435
35 77 71036268
35 62 71035882
112 73 70988410
93 113 70985475
81 31 70984156
13 17 70980196
93 63 70972704
93 112 70952558
93 112 70947837
43 121 70945438
70 71 70892074
70 2 70892074
78 55 70890843
131 37 70890522
93 113 70868194
44 0 70868126
44 58 70868126
44 58 70866175
49 1 70863985
26 27 70812034
84 109 70810430
112 113 70809592
71 70 70806949
103 58 70804170
25 75 70796097
25 121 70796097
25 136 70796097
25 51 70795110
25 42 70795110
25 136 70795110
78 55 70790291
78 85 70790206
112 113 70784830
141 26 70779192
141 9 70779192
117 92 70722653
74 92 70716083
78 55 70707367
77 64 70706364
78 2 70697714
139 69 70628304
139 93 70624491
139 30 70624491
22 13 70461224
70 5 70456462
63 5 70451854
11 8 70449782
6 11 70447530
22 9 70446998
5 105 70431785
5 22 70431022
19 9 70430655
19 17 70430655
13 11 70392843
13 11 70376039
17 13 70371806
19 9 70361914
18 107 70355480
13 103 70348488
93 123 70291572
57 75 70289596
123 112 70286019
123 113 70286019
141 33 70284850
141 70 70284850
141 103 70284850
103 13 70282773
131 120 70280491
90 117 70280400
141 73 70279138
141 105 70279138
25 75 70276100
25 56 70276100
25 101 70276100
92 74 70269815
13 11 70258751
82 55 70202785
25 101 70189442
25 136 70189442
37 78 70176732
15 19 70164495
112 113 70153860
25 51 70116991
25 42 70116991
25 101 70116991
81 120 70116642
139 27 70116458
78 37 70107420
13 11 70106076
139 30 70102726
112 113 70101240
25 75 70092606
25 56 70092606
25 57 70092606
25 122 70092606
112 113 70090802
25 42 70088395
25 136 70088395
20 23 70085812
112 113 70084800
93 113 70081719
25 85 70024732
72 117 69977105
92 74 69865854
16 13 69856011
92 74 69855054
131 101 69853482
111 95 69853245
13 11 69852681
95 29 69847875
22 20 69836243
22 17 69836243
97 49 69832040
131 55 69769155
112 9 69753720
95 111 69753166
112 73 69749653
37 85 69748049
112 22 69733380
43 25 69679028
112 28 69673740
112 25 69673740
44 0 69664169
112 93 69604532
112 123 69604532
112 113 69593700
117 130 69580827
112 113 69568980
43 121 69568640
43 25 69568365
100 28 69566638
139 112 69550920
111 83 69506816
112 113 69486780
92 74 69483451
44 3 69483144
112 113 69480480
112 113 69477240
15 13 69474169
15 9 69474169
112 93 69440248
112 73 69440248
112 113 69311040
112 113 69300000
112 113 69260160
19 8 69253012
44 2 69240025
112 73 69227325
139 59 69225226
139 137 69225226
68 137 69222144
112 113 69211860
112 73 69209280
8 11 69146589
117 130 69143725
94 129 69137378
68 45 69135535
68 137 69135535
112 113 69120780
112 113 69094260
25 51 69074460
25 75 69074460
25 122 69074460
112 113 69072660
26 139 69071490
112 113 69067620
70 73 69066088
19 9 69064428
70 94 69058307
70 2 69058307
112 141 69058080
112 113 69057360
82 0 69056162
40 111 69049922
112 113 68997300
19 9 68997169
111 91 68990612
43 42 68986840
43 25 68986840
85 142 68979780
68 45 68967950
68 32 68967950
13 8 68966045
85 112 68961240
85 142 68943780
68 137 68908093
25 121 68905690
97 91 68900537
25 122 68887862
112 113 68880180
112 85 68875980
112 113 68665440
112 85 68648048
13 11 68640753
44 70 68629292
95 111 68612470
82 0 68558418
82 58 68558418
82 0 68556368
70 94 68535062
70 2 68535062
68 45 68457310
112 113 68438880
112 113 68437860
112 113 68404020
49 97 68394431
112 113 68385600
139 128 68378040
139 134 68378040
78 55 68362930
112 113 68353080
43 57 68351206
112 113 68349600
112 113 68342640
112 81 68329200
112 113 68329200
112 113 68323380
112 73 68293200
112 81 68293200
112 113 68273340
112 113 68266980
112 73 68244600
112 81 68244600
112 113 68208780
112 113 68208600
112 113 68056440
113 81 68054940
112 113 68047260
113 112 68019900
112 113 68019720
78 96 68018635
11 17 68013186
112 113 68007660
112 113 68002920
112 113 67965720
19 13 67947451
44 3 67934708
113 112 67932300
112 113 67916940
82 2 67785062
84 109 67782324
100 59 67764929
90 74 67697915
111 78 67696579
139 59 67696243
139 60 67696243
82 0 67684630
3 44 67665675
102 92 67617883
112 113 67425660
112 113 67401240
104 113 67366380
15 8 67333697
104 113 67330380
4 131 67322913
36 80 67258387
66 114 67246488
82 55 67237518
100 59 67235080
37 85 67182019
139 134 67149544
85 55 67091837
81 73 67091460
41 57 67089450
41 97 67089450
111 36 67059917
81 73 67055460
112 113 66911940
112 113 66858180
69 128 66814730
69 45 66814730
69 32 66814730
26 98 66811358
11 13 66805037
139 60 66744339
139 59 66741846
139 100 66741846
131 37 66739294
112 113 66733800
112 22 66726960
112 85 66726960
74 90 66725058
92 130 66662992
55 37 66654301
82 3 66650362
112 113 66643260
82 58 66639109
15 8 66638361
18 11 66634258
18 17 66634258
139 60 66577181
139 60 66567868
112 113 66557340
112 113 66554940
139 62 66544465
112 113 66534000
100 68 66496837
92 74 66488979
130 90 66469317
139 100 66211978
139 60 66211978
139 137 66207821
139 100 66207821
139 137 66206184
139 60 66206184
97 96 66202099
84 27 66056190
105 141 66055442
13 11 66026219
26 27 65973640
26 134 65973640
49 91 65968349
84 26 65964626
19 9 65959260
144 55 65602380
143 144 65599140
11 13 65595519
11 17 65595519
116 73 65591400
91 40 65541739
91 83 65541739
82 2 65518560
1 126 65517064
0 55 65507760
0 82 65507760
36 125 65500995
145 2 65500140
61 73 65490780
82 2 65490180
29 81 65455446
2 82 65448900
30 26 65448446
145 2 65423340
71 145 65420400
15 19 65369400
81 53 65365502
29 81 65364605
40 79 65356010
3 58 65339700
145 3 65331960
145 2 65327760
58 3 65325900
131 144 65325360
143 131 65322960
0 82 65317260
0 3 65317260
82 58 65316120
114 24 65283060
91 40 65279005
53 36 65254512
6 11 65252628
48 38 65251956
2 82 65247840
0 2 65245200
0 58 65243940
131 144 65242320
85 37 65236320
0 82 65236080
145 0 65233980
37 85 65033700
91 83 65024184
129 141 65019077
92 87 65013284
138 38 65005921
37 78 65002860
1 126 65000874
34 125 64998859
11 13 64989756
11 8 64989756
3 82 64979940
3 145 64979940
2 82 64979400
3 0 64978620
2 58 64968900
91 111 64935855
112 104 64919820
112 113 64919640
116 73 64907915
37 85 64906380
61 81 64902900
37 85 64868760
37 85 64850800
85 37 64844460
35 29 64842468
85 37 64835100
37 85 64832760
0 2 64826400
1 138 64823160
116 107 64821077
0 55 64820160
0 2 64820160
85 37 64811160
26 28 64770341
112 113 64756620
2 0 64744920
2 3 64744920
113 112 64733280
125 34 64732363
0 55 64727640
0 82 64727640
0 82 64719960
0 2 64719960
0 3 64719960
0 2 64709160
91 95 64414626
91 40 64414626
91 83 64414626
29 36 64407329
13 11 64393856
143 144 64358580
113 112 64309980
136 95 64308931
57 41 64308634
78 85 64301760
85 37 64297140
111 83 64291733
131 38 64289280
0 55 64285800
0 82 64285800
0 55 64285500
0 3 64285500
1 53 64227241
112 113 64224960
104 112 64223160
68 45 64166580
68 32 64166580
74 117 64159025
71 145 64154400
18 33 64144440
18 17 64144440
116 51 64139216
116 98 64139216
116 7 64139216
116 134 64139216
116 111 64139216
116 21 64139216
116 42 64139216
116 109 64139216
116 38 64139216
116 122 64139216
116 39 64139216
111 40 64138630
52 41 64135724
52 7 64135724
91 111 64133579
0 82 64130760
0 58 64130760
68 45 64130580
1 53 64126246
1 21 64126246
112 113 64120500
143 131 64113960
0 145 64113840
37 78 64112160
145 3 64110840
18 33 64108440
18 17 64108440
0 2 64067220
1 21 64063343
143 78 64053780
145 2 64052880
71 58 64048800
37 85 64046187
4 131 64038180
112 113 64036440
37 85 64034400
111 83 64033769
0 3 64029600
37 78 64028160
37 85 64028160
112 113 64025400
131 55 63805932
131 119 63794280
21 1 63788835
143 131 63786720
4 90 63776820
112 9 63773820
131 143 63770460
113 105 63707160
113 106 63707160
37 85 63703103
22 71 63701700
2 3 63696240
2 3 63689880
37 120 63689580
113 73 63689214
113 141 63689214
113 18 63689214
3 0 63688440
1 126 63681900
62 85 63643500
13 11 63639714
58 82 63611700
53 97 63609259
112 113 63600240
2 3 63592020
0 3 63591240
119 131 63587160
119 37 63587160
71 110 63559920
17 6 63539735
17 8 63539735
17 11 63539735
2 0 63526680
78 111 63526020
37 71 63510720
112 17 63508500
37 120 63450900
37 78 63447180
61 81 63445440
78 85 63426480
2 58 63422940
78 85 63419760
85 78 63418800
131 4 63221820
62 42 63204240
121 50 63192807
78 37 63187020
131 143 63184440
112 113 63177420
58 0 63174180
62 31 63168420
58 2 63167580
111 79 63167160
111 83 63167160
57 41 63165660
57 41 63163500
112 113 63163200
1 49 63152640
1 53 63114600
18 20 63113040
95 91 63104220
58 82 63102120
37 85 63101340
146 48 63099420
11 13 63087946
112 113 63084060
112 113 63082380
49 38 63081660
0 55 63079800
131 144 63077940
111 78 63039720
111 78 63039540
62 60 63027540
131 55 63013500
131 78 63013500
37 85 62987100
111 78 62953080
111 78 62951760
112 113 62933040
85 37 62931480
45 68 62921700
111 78 62917080
57 25 62909340
4 71 62907180
145 71 62897820
18 20 62872500
18 17 62872500
121 42 62849137
112 113 62846280
116 27 62824776
61 81 62819700
57 41 62608740
112 113 62598000
136 25 62595300
111 40 62590740
111 78 62590260
74 92 62580612
57 139 62572020
9 81 62506920
113 73 62430720
116 28 62424560
116 132 62424560
116 25 62424560
116 28 62424128
116 38 62422995
85 37 62389140
18 9 62349180
111 40 62325840
0 58 62322660
58 82 62322540
58 145 62322540
120 51 62307240
4 90 62306400
37 131 62305380
4 90 62304300
4 90 62302860
90 4 62302620
2 0 62300100
2 58 62300100
143 120 62294940
0 58 62291700
104 113 62282700
22 8 62255500
22 11 62255500
22 9 62255500
105 94 62251457
81 111 62248602
121 42 62248043
116 29 62241793
72 74 62238660
104 112 62237820
78 25 62237220
3 58 62236080
121 25 62227666
143 144 62225940
120 37 62222220
143 120 62211780
143 147 62211780
71 145 62208840
72 74 62188260
1 126 62004060
57 41 61992300
57 41 61989720
104 113 61983900
58 71 61974660
92 130 61973820
112 113 61972680
104 112 61972080
4 90 61969620
0 3 61968600
0 58 61968600
113 112 61967940
11 6 61966432
143 144 61950600
4 90 61947000
113 112 61942260
25 142 61907580
25 56 61907580
25 57 61907580
25 51 61907100
139 11 61905233
113 112 61883520
145 3 61879260
120 85 61870260
112 113 61867080
113 112 61866480
116 111 61824118
139 6 61811610
139 17 61811610
3 2 61809300
4 71 61808100
0 2 61802880
145 2 61799940
40 111 61798740
104 112 61796520
2 0 61792320
112 113 61790100
0 2 61785840
0 3 61785840
0 58 61785840
2 3 61784040
112 113 61782480
2 145 61781820
144 55 61778580
112 113 61777260
1 21 61771860
105 22 61735832
40 95 61731780
40 83 61731780
131 55 61727039
57 122 61726800
112 113 61723800
37 85 61718640
112 113 61715220
122 42 61711440
116 73 61700214
2 131 61696800
116 85 61660580
38 47 61655040
38 21 61655040
38 138 61655040
116 85 61652033
111 40 61651560
38 48 61650660
107 88 61648113
0 3 61629540
58 2 61626660
58 3 61626660
88 81 61624860
38 1 61619040
145 0 61617300
116 81 61617088
111 83 61615560
38 47 61614660
38 39 61614660
0 2 61614480
145 2 61613820
112 17 61607820
116 73 61573623
112 113 61447860
78 2 61403640
57 41 61385520
3 58 61371660
3 2 61363020
0 2 61354500
143 144 61341120
141 81 61321860
111 83 61300860
112 113 61286820
0 3 61279920
37 85 61271940
2 0 61271640
112 113 61269180
112 17 61268460
0 2 61264620
58 0 61255740
18 17 61251240
88 81 61231500
8 15 61215484
8 139 61215484
85 37 61195560
23 6 61193334
23 8 61193334
0 58 61176540
3 55 61167000
3 0 61167000
139 122 61138380
81 53 61129140
72 65 61125600
37 131 61108020
71 145 61103340
122 57 61100580
58 2 61100040
145 71 61092360
0 145 61088100
145 2 61082760
37 120 61066680
37 85 61049520
55 131 61030500
145 2 61018560
145 0 61018560
145 58 61018560
2 145 61018080
71 145 61016880
145 58 61015800
17 6 61014499
2 58 61001820
85 37 61000320
120 37 60997440
116 113 60943401
139 17 60759180
0 55 60753540
0 2 60753540
37 85 60748260
2 0 60743640
87 24 60737100
143 78 60729300
85 37 60677460
37 85 60672960
139 17 60671109
112 113 60661680
57 25 60644340
3 55 60587040
145 58 60582660
2 3 60582120
2 0 60570960
37 85 60569580
111 83 60562140
112 113 60521880
37 85 60514620
6 11 60508832
4 90 60505740
131 144 60502980
17 6 60499728
113 112 60499200
112 139 60496140
57 41 60493020
3 58 60488460
111 83 60472980
52 132 60452287
139 6 60438983
132 78 60430140
112 113 60427260
71 145 60417840
85 37 60416520
37 85 60415200
37 85 60412560
112 113 60396540
58 0 60393720
2 3 60390000
81 53 60377400
6 11 60367144
6 9 60367144
71 145 60336060
92 74 60171780
6 8 60158435
11 8 60153336
112 113 60151200
143 131 60150900
143 78 60146880
112 113 60143520
112 113 60143040
37 120 60136860
25 81 60130080
25 42 60094080
0 58 60075060
145 3 60073380
105 106 60072898
47 110 60071160
139 6 60070503
139 11 60070503
3 0 60066000
145 2 60049920
143 78 60030240
0 2 59991120
2 0 59989020
83 40 59982780
37 120 59981760
18 20 59981280
55 131 59974920
111 95 59969220
113 112 59954760
57 41 59953080
57 75 59953080
131 55 59892540
119 37 59892180
0 2 59890320
131 143 59884140
131 144 59884140
55 78 59844360
139 119 59833980
22 139 59796060
61 81 59793420
139 9 59757420
88 81 59580660
131 78 59569980
78 143 59568660
116 81 59566491
6 15 59566354
6 11 59566354
6 139 59566354
112 113 59559300
9 22 59553840
9 13 59553840
9 18 59553840
88 81 59541060
40 79 59540400
112 113 59535480
112 113 59532960
0 2 59530500
0 58 59530500
0 145 59530500
95 40 59529780
78 143 59501760
78 143 59477520
58 82 59460300
117 92 59455080
58 145 59453940
95 40 59451540
37 131 59447460
85 37 59446020
57 41 59445780
37 85 59443920
85 37 59436420
143 131 59435340
112 139 59395980
55 143 59383980
55 143 59383860
55 131 59383860
22 104 59381880
22 18 59381880
139 8 59379573
57 56 59378220
57 147 59378220
116 141 59372475
116 81 59372475
0 145 59366100
57 56 59362200
58 2 59357400
3 55 59354520
2 145 59353260
55 131 59351640
3 2 59351640
55 143 59306580
55 143 59306220
139 17 59302576
37 131 59294400
57 41 59293380
139 22 59290366
139 11 59290366
58 145 59290140
131 37 59283060
119 37 59276460
119 120 59276460
112 113 59268840
55 143 59266020
120 37 59265180
139 136 59216520
55 143 59203440
2 0 59203260
37 85 59196660
22 17 59195520
117 92 59185680
57 41 59179380
57 122 59179380
144 131 59177520
22 17 59141100
112 113 59105580
6 8 58954471
6 139 58954471
92 24 58951260
0 55 58948920
0 2 58948920
11 8 58948337
11 17 58948337
58 95 58945680
112 113 58938060
112 113 58933860
148 149 58930680
112 113 58930260
149 66 58928220
148 149 58924980
92 66 58918140
112 113 58863900
144 143 58862760
131 143 58852440
117 92 58851420
92 66 58834800
116 111 58788680
112 113 58784580
58 111 58779600
139 11 58773309
131 55 58770060
143 131 58758480
112 113 58753440
112 113 58752960
1 126 58745520
105 141 58713388
22 17 58711500
2 145 58692180
131 143 58691220
58 111 58685460
112 113 58683240
145 71 58676160
145 2 58674360
41 57 58674120
145 2 58670760
112 113 58670340
145 0 58669020
145 0 58668720
112 149 58667820
112 113 58667820
111 83 58657980
57 136 58657980
81 53 58642800
53 81 58642440
112 149 58619040
112 113 58619040
58 82 58607520
37 131 58605600
112 113 58595100
112 113 58591380
148 149 58585320
112 113 58581960
117 92 58578240
3 58 58576560
94 73 58393500
131 144 58345500
112 113 58329840
112 113 58328400
112 113 58263960
112 17 58256220
8 17 58253942
145 2 58253520
78 37 58234500
117 74 58231440
25 51 58191960
25 122 58191240
25 120 58190460
81 29 58172479
58 144 58165440
116 73 58161593
144 143 58149420
2 0 58144320
112 113 58098360
143 78 58095900
143 131 58094700
78 143 58091220
131 144 58090380
131 55 58087740
0 55 58082760
3 58 58076160
3 145 58076160
112 113 58069140
112 113 58069020
2 78 58068300
112 113 58067820
112 113 58066260
25 139 58063500
112 113 58063200
112 113 58062600
117 24 58061340
8 6 58023769
58 82 58000620
143 144 57991320
58 3 57978000
149 107 57975180
149 107 57972180
149 24 57972180
2 145 57970260
22 33 57969240
1 47 57823080
1 47 57819240
1 21 57819240
1 49 57816240
112 113 57811140
22 33 57742320
3 58 57737220
0 145 57731640
3 0 57731340
117 87 57729840
71 94 57725520
117 66 57725220
2 78 57663780
131 143 57648840
117 114 57648180
112 113 57634260
111 83 57621360
112 17 57576780
58 82 57571380
112 113 57571020
58 2 57555480
58 145 57555480
145 3 57552120
145 58 57552120
2 82 57551820
145 3 57539340
112 113 57494340
117 114 57481800
142 25 57475860
85 78 57472860
117 66 57470520
61 111 57467760
111 73 57465480
112 113 57461880
58 145 57461400
58 3 57460260
25 42 57415080
112 113 57399960
112 24 57399780
117 66 57399120
22 15 57394560
22 6 57394560
66 149 57383760
58 3 57377700
58 145 57377700
3 55 57376980
0 2 57369360
25 42 57225900
112 113 57147300
143 55 57130740
112 113 57126000
58 2 57102720
139 11 57064037
149 148 57052680
149 113 57052680
149 107 57052680
2 145 57051840
25 111 57050040
145 3 57050040
117 66 57048660
58 144 57045960
2 0 57041340
57 139 57026820
0 2 57025740
57 41 57025440
117 66 57023760
37 120 57023340
55 3 57022800
0 2 57020520
143 131 57017940
112 113 56975220
112 113 56970960
61 111 56966700
117 84 56966640
51 25 56930280
112 113 56881440
58 2 56874900
112 113 56871840
91 40 56858640
0 2 56854740
120 37 56852820
2 58 56852160
2 145 56852160
95 91 56851740
145 3 56849100
120 37 56848380
112 113 56790480
131 143 56787540
47 110 56775420
145 3 56772060
145 58 56772060
37 120 56764800
112 24 56699880
139 6 56554978
139 11 56546916
139 17 56546916
0 3 56532960
0 58 56532960
112 24 56532420
38 47 56530260
58 29 56530020
112 24 56528160
57 142 56526240
57 25 56526240
0 2 56512620
112 113 56512260
112 24 56512260
37 120 56509620
41 132 56504760
92 117 56500020
58 82 56448780
139 22 56447199
139 11 56447199
117 92 56444820
0 2 56439600
0 58 56439600
0 145 56439600
120 37 56428860
131 143 56420220
2 0 56420220
92 117 56414880
8 139 56403960
112 113 56381100
112 24 56380800
112 113 56380680
116 81 56378366
143 144 56357520
0 2 56329260
139 17 56286300
112 113 56285640
112 24 56280360
104 112 56278500
104 113 56278500
149 112 56268840
149 107 56268840
112 24 56268300
112 113 56258220
139 17 56243100
116 111 56184769
22 139 56164080
55 2 56155500
55 0 56155500
112 113 55943340
112 24 55942740
112 113 55942620
2 0 55930920
117 24 55928640
55 2 55922640
2 55 55917720
37 85 55915380
131 55 55910280
85 120 55908000
120 37 55902960
120 37 55900320
25 136 55896780
91 111 55888920
91 83 55888920
79 139 55867740
17 6 55855320
17 139 55855320
120 37 55839360
78 55 55832580
149 42 55832280
11 6 55832040
79 88 55828140
149 112 55827360
112 24 55821900
2 0 55819440
58 2 55814040
149 42 55813980
58 3 55813860
112 113 55810080
112 24 55809540
112 113 55809420
22 9 55753860
0 55 55749180
131 143 55747800
92 66 55747020
37 120 55734480
58 3 55733100
112 139 55730640
112 113 55726560
111 91 55721160
112 113 55717860
112 113 55717740
2 0 55670400
58 0 55668540
2 0 55665360
2 3 55665360
58 2 55663860
57 41 55661520
57 56 55655040
58 82 55652340
38 49 55647360
22 9 55647300
22 139 55647300
99 91 55639380
117 140 55577940
112 113 55575720
145 0 55570500
58 3 55570260
58 145 55570260
112 113 55569540
0 2 55560120
2 0 55558860
58 144 55555800
0 3 55555260
148 66 55549800
148 87 55549800
111 83 55548120
72 86 55498920
72 90 55498920
22 17 55324980
9 139 55322940
2 3 55322820
2 58 55322820
81 29 55322529
120 85 55318260
111 91 55307160
2 0 55306860
112 113 55299600
112 113 55299420
111 95 55291740
49 91 55239420
22 6 55234860
112 113 55229880
57 56 55222380
57 56 55221960
112 113 55221540
149 42 55214040
149 148 55214040
22 17 55209000
58 82 55144440
116 85 55141393
2 0 55123680
2 3 55070160
2 58 55070160
2 145 55070160
25 56 55066800
22 139 55065900
112 113 55058700
113 112 55051380
111 95 55041420
112 113 54976380
25 139 54967320
1 21 54963600
58 144 54955260
1 21 54953940
112 113 54953700
58 145 54953460
58 82 54949560
22 139 54892440
149 25 54757380
112 113 54730200
99 35 54717600
131 143 54706260
2 145 54691560
131 144 54691140
2 55 54690660
22 139 54685320
22 139 54684960
139 17 54672540
149 113 54630600
149 107 54630600
139 6 54629340
58 2 54628380
1 21 54626460
22 17 54623100
58 82 54606840
0 2 54601740
0 58 54601740
0 58 54600600
58 2 54544980
58 3 54544980
112 113 54543480
112 24 54543480
112 113 54543420
58 111 54531900
117 114 54531900
91 111 54514920
11 15 54514740
116 129 54482005
2 0 54458580
58 82 54456660
117 102 54456480
117 90 54451920
143 55 54451080
107 88 54437640
149 107 54429300
143 131 54424560
25 136 54393840
25 139 54393840
22 6 54359820
112 113 54357000
92 87 54350520
58 144 54348180
112 113 54301140
22 139 54288120
11 17 54136080
112 113 54122940
112 24 54115080
0 2 54112740
58 2 54101160
92 149 54014760
136 139 54010080
136 122 54010080
112 113 54006720
112 113 54001320
112 24 54001320
112 113 54000900
58 0 53999760
22 33 53994780
41 57 53994720
22 6 53994060
58 2 53938200
58 0 53938200
58 2 53935500
58 0 53923080
112 113 53921100
112 24 53921100
112 113 53917920
111 95 53914860
58 82 53912460
111 83 53905560
112 113 53861400
112 24 53861400
2 0 53858640
2 0 53858580
2 58 53857080
112 24 53854200
112 139 53852160
2 0 53850480
58 145 53847540
2 3 53845620
112 113 53843820
112 24 53834940
58 82 53826840
113 112 53769720
22 120 53763720
112 113 53757720
112 24 53757720
88 81 53753820
81 98 53751000
81 88 53751000
2 58 53744880
91 49 53743860
38 111 53738280
38 48 53738280
112 113 53658900
112 24 53658900
112 24 53657760
112 113 53616840
143 122 53497980
22 139 53495220
22 139 53491620
58 0 53481180
22 17 53425860
143 78 53415300
41 57 53402100
149 73 53314860
149 112 53314860
149 113 53314860
149 24 53314860
72 102 53300520
112 113 53272980
68 76 53219100
99 139 53211300
22 6 53137320
72 102 52954140
143 144 52900500
131 143 52894680
131 143 52893660
2 55 52883460
112 113 52828200
6 11 52813740
22 11 52810320
139 17 52810260
1 126 52809600
25 42 52800000
112 24 52796640
112 113 52796220
88 81 52735260
142 85 52714980
149 90 52709460
58 82 52644660
2 0 52638060
55 143 52607940
2 3 52563840
2 145 52563120
143 78 52554840
57 139 52554600
1 21 52550220
9 113 52549920
122 25 52541640
58 82 52291500
58 82 52291440
117 66 52219080
117 84 52218540
2 0 52214580
139 17 52205820
58 0 52204860
58 0 52203660
58 3 52203660
58 2 52199220
112 24 52137660
112 113 52133820
117 84 52128900
117 114 52128900
64 142 52117080
112 113 52113180
112 113 52109880
40 53 52104420
2 3 52018380
58 82 52011060
120 37 52010100
22 19 51719460
112 113 51677040
25 142 51624900
2 145 51577440
112 113 51535800
21 1 51511620
22 9 51500580
25 51 51489780
112 149 51442680
112 149 51428880
117 114 51007380
131 37 50992080
6 11 50990520
112 113 50917560
58 82 50916720
57 64 50914320
37 120 50907960
112 113 50900640
58 2 50897640
112 113 50896560
2 0 50886540
2 3 50886540
37 143 50835000
120 37 50831580
37 120 50826360
22 17 50825280
57 56 50817600
112 113 50812920
22 139 50802660
22 18 50802420
149 112 50741700
111 29 50738940
122 56 50731080
22 17 50727240
85 143 50715180
113 106 50550720
37 120 50487660
58 29 50475180
142 47 50474520
22 9 50457420
22 8 50402160
22 20 50400240
22 17 50400240
112 113 50393100
148 149 50389860
148 109 50389860
148 114 50389860
148 86 50389860
148 90 50389860
148 74 50378520
148 90 50378520
104 61 50315820
104 20 50315820
104 61 50315700
104 107 50315700
58 81 50312760
92 87 50310540
92 114 50308920
149 24 50297820
112 149 50296860
104 73 50291820
9 17 50291760
149 112 50291700
148 140 50283600
148 114 50283600
120 37 50282040
2 3 50280960
20 23 50275500
112 149 50220540
9 33 50220000
104 73 50217600
104 33 50217480
104 141 50217480
104 61 50217480
104 18 50217480
112 149 50217180
112 9 50217180
20 23 50212920
8 22 50204940
8 17 50204940
112 17 50204640
112 139 50204640
143 55 50204400
122 125 50201400
56 25 50200440
149 78 50196480
117 72 50196060
22 6 50195160
139 136 50194860
22 17 50194560
20 23 50191800
55 143 50142780
37 120 50142600
92 117 50138280
148 112 50130180
112 149 50129640
149 84 50129100
92 66 50125740
112 113 50121120
149 109 50120580
68 45 50119020
149 112 50116620
149 112 50115540
112 113 50115180
112 24 50115180
0 2 50109240
139 8 49870860
139 17 49870860
58 145 49867260
112 113 49864860
117 92 49859280
9 22 49856880
9 18 49856880
18 9 49847880
88 81 49799760
112 9 49788600
112 24 49776360
112 149 49772460
19 22 49714500
2 0 49698960
92 66 49695660
92 130 49695660
92 114 49695660
9 33 49687440
9 17 49687440
139 8 49686000
139 17 49686000
57 41 49685220
149 112 49680900
149 112 49677900
139 57 49618920
82 2 49618020
41 143 49612620
8 6 49607160
149 71 49597080
0 145 49590720
58 82 49590660
58 144 49590660
92 66 49534620
92 87 49534620
148 112 49527480
23 20 49525080
8 11 49522860
6 8 49522140
6 11 49522140
139 6 49518660
8 139 49517700
112 24 49510680
17 8 49505940
117 102 49505160
2 0 49502940
24 112 49433760
112 24 49285260
112 24 49277040
2 0 49273860
0 55 49270380
0 145 49270380
104 73 49267740
104 18 49267740
47 110 49263600
68 76 49245600
112 113 49193340
113 112 49181100
112 113 49180860
2 0 49179240
58 82 49174140
0 58 49171500
20 18 49152120
25 136 49122060
111 29 49105860
58 2 49096380
112 149 49091340
23 9 49086840
131 144 49085880
149 112 49077600
17 22 49073460
25 136 49038420
25 136 49037940
23 20 49019880
2 58 49014420
149 78 49004700
149 84 49004700
112 149 49003740
112 113 49003740
112 113 49002420
9 33 49001940
9 19 49001940
58 2 48998160
113 112 48996960
149 84 48993420
149 24 48993420
58 2 48987720
22 6 48987120
139 136 48984060
22 139 48933240
58 82 48927000
92 87 48925860
120 37 48913380
2 0 48898740
114 140 48837120
112 113 48493980
4 145 48484500
149 112 48481440
107 73 48479880
113 112 48477360
112 113 48477120
20 23 48461040
149 113 48403920
22 6 48403740
22 20 48403740
22 17 48403740
22 139 48403740
148 112 48394920
148 113 48394920
139 6 48388500
139 17 48388500
22 139 48388140
68 45 48387780
68 137 48377820
88 81 48324720
68 76 48313980
68 45 48313980
68 137 48313980
22 33 48305700
22 17 48305700
92 140 48302100
82 2 48301980
29 73 48299640
11 8 48295380
11 17 48295380
68 76 48291720
22 9 48246720
148 113 48063780
148 74 48047340
148 78 48047340
148 24 48047340
122 25 48031560
58 82 47976480
58 144 47976480
34 143 47972280
0 2 47970720
2 0 47966340
58 29 47966280
0 55 47961360
0 2 47961360
0 3 47961360
145 2 47957940
41 57 47892900
91 95 47891460
58 82 47890380
82 0 47889900
82 58 47889900
58 0 47889480
139 17 47884800
112 149 47864040
81 94 47862300
2 145 47812080
58 3 47801040
81 29 47793000
2 0 47791740
143 34 47791440
112 113 47783640
58 2 47782560
82 58 47781120
92 87 47721480
81 61 47720520
131 143 47720100
92 87 47718120
81 61 47715120
58 82 47714520
9 139 47709840
37 120 47698500
58 83 47691660
38 132 47641500
112 149 47446560
1 21 47438820
2 0 47432760
58 144 47432220
112 149 47384640
112 113 47384640
112 113 47369280
58 29 47367900
58 81 47367900
61 105 47366880
139 112 47365380
37 1 47295240
58 82 47293140
0 2 47288220
11 6 47284440
148 112 47282040
148 114 47282040
148 92 47282040
139 22 47269620
22 139 47269200
15 11 47258460
68 76 47207340
68 45 47207340
139 6 47201400
139 17 47201400
149 24 47199060
58 144 47197620
58 0 47192940
58 82 47192160
8 11 47191320
85 143 47186520
57 64 47185980
112 149 47178420
112 113 47178420
149 113 47172660
112 149 47122800
88 73 47118960
22 139 47115240
58 29 47111700
85 143 47111640
139 6 47110380
120 37 47093340
149 112 47086320
25 136 47039220
2 145 46857360
58 0 46856820
58 3 46856820
58 82 46855560
139 22 46848540
143 85 46846080
2 58 46844220
112 149 46838880
37 120 46835640
22 20 46825440
149 112 46773300
2 145 46770840
2 58 46770660
2 145 46770660
120 37 46768500
58 81 46761600
139 17 46747800
0 58 46743840
1 38 46736820
0 3 46677480
112 113 46675980
58 2 46673520
13 8 46671840
149 112 46671180
112 149 46669800
71 113 46664820
112 113 46662480
58 82 46592100
82 0 46591920
148 63 46585200
148 64 46585200
148 66 46585200
148 72 46585200
148 130 46585200
148 102 46585200
148 90 46585200
143 131 46583880
122 25 46583340
58 2 46580220
143 144 46570800
8 15 46570680
8 6 46570680
8 139 46570680
58 144 46510620
145 71 46501920
145 71 46487100
41 57 46486140
0 145 46484820
41 57 46483800
0 145 46252680
58 2 46247460
149 113 46246320
0 55 46239960
0 2 46239960
0 58 46239960
139 136 46239000
149 112 46235160
113 112 46232100
58 82 46229340
58 144 46229340
9 12 46228320
149 112 46227660
11 6 46227300
11 6 46224420
2 0 46220880
71 145 46164240
2 145 46164060
1 47 46163280
139 95 46154280
0 3 46148520
2 0 46141680
2 145 46141680
112 139 46139040
1 38 46136580
112 149 46134120
120 37 46070280
8 11 46069380
38 48 46063920
2 0 46059300
22 6 45984420
58 2 45983880
145 2 45983700
112 149 45982140
119 120 45966360
95 139 45961380
1 21 45894180
1 48 45894180
58 144 45892500
58 3 45883980
57 122 45882660
139 95 45647160
149 24 45641460
149 113 45637560
58 2 45636120
58 3 45636120
58 2 45626340
37 120 45555360
58 82 45539820
58 144 45539820
88 141 45491700
112 149 45483180
38 146 45471900
1 21 45471120
149 24 45452100
149 24 45450600
2 58 45444900
25 142 45390600
25 136 45390600
0 2 45388320
58 82 45381600
82 3 45381420
82 58 45381420
0 58 45380100
58 0 45374520
58 3 45374520
38 146 45369900
149 24 45302580
58 82 45297240
58 144 45296880
58 3 45288660
95 91 45281580
91 95 45214020
0 3 45040980
112 149 45022140
55 3 45019380
112 149 45016860
55 3 45015420
11 139 45008340
41 57 44953980
47 110 44942040
112 113 44940300
139 9 44936880
41 57 44935080
38 48 44914920
143 58 44869440
149 24 44855400
41 57 44841300
112 113 44786100
112 113 44783220
82 58 44780040
58 3 44778420
57 41 44757300
81 88 44755380
58 144 44749140
1 138 44693100
0 145 44668140
38 1 44610600
38 21 44610600
23 20 44423940
41 57 44419140
149 113 44339040
47 38 44336700
2 145 44257860
58 2 44172480
58 144 44168880
2 4 44149260
28 137 44088960
57 41 44069220
0 3 44064420
149 113 44061300
58 144 43825380
22 17 43808040
58 2 43802640
112 139 43754880
111 91 43748880
131 144 43747200
41 57 43743600
58 2 43743120
139 9 43740000
58 2 43720740
131 143 43720080
71 113 43718520
58 2 43716720
58 3 43716720
2 0 43657380
57 147 43645680
0 2 43643880
41 146 43642080
139 136 43638720
111 83 43638300
41 57 43628280
58 145 43577580
58 2 43565520
112 113 43562340
120 37 43487400
2 0 43472220
1 34 43468920
120 37 43458300
58 82 43226340
112 113 43215180
6 17 43205520
58 2 43195740
58 82 43194780
23 20 43147680
139 8 43141020
1 38 43128000
126 1 43109520
126 48 43109520
58 144 43051380
58 2 43047360
58 2 43039620
38 131 43037940
139 17 43033260
131 144 43032720
146 122 42970680
139 6 42947580
120 119 42945720
131 120 42942120
58 2 42885480
57 64 42881100
112 149 42880860
139 136 42864720
57 56 42857820
112 113 42625200
112 149 42609120
149 24 42607800
58 82 42537000
139 11 42536820
139 17 42536820
111 81 42533820
79 146 42530880
112 149 42529200
2 58 42456060
41 75 42451680
58 2 42420240
58 27 42339240
58 82 42334020
25 136 42298680
25 122 42202980
25 42 42195180
149 112 42024060
11 6 42012660
22 6 42003720
24 112 41923500
148 112 41911020
57 41 41906940
0 3 41905200
58 82 41846220
41 57 41843760
1 21 41837760
112 149 41835120
58 0 41825880
41 57 41822640
25 64 41808300
112 22 41763780
58 144 41757840
41 57 41753460
9 17 41745660
22 8 41745000
22 11 41745000
22 17 41745000
1 21 41741340
58 2 41732640
1 138 41730720
139 11 41410440
58 144 41409480
112 149 41401740
112 113 41401740
37 139 41391600
125 57 41315460
41 125 41298000
149 112 41239020
149 24 41239020
58 82 41237400
1 21 41234160
1 21 41233800
1 38 41229360
139 136 41227620
1 34 41219220
38 79 41217480
9 33 41215260
9 22 41215260
9 13 41215260
41 57 41213160
149 113 41183040
112 149 41148840
6 11 41148840
112 113 41148840
149 24 41140860
149 112 41140500
22 6 41140260
131 38 41128260
145 2 41122020
58 3 41062080
139 95 41051760
57 41 41043960
113 106 40809480
113 104 40809480
2 0 40804500
2 3 40804500
1 21 40801500
57 122 40789080
1 38 40776780
2 0 40636500
38 1 40617900
38 111 40617600
38 138 40617300
58 0 40615080
58 82 40605180
2 3 40546980
68 45 40546620
58 0 40536900
41 57 40535280
58 71 40519920
58 82 40519920
57 41 40456440
8 17 40451700
2 58 40451100
58 2 40449360
111 83 40447320
120 37 40444560
58 71 40434180
15 11 40197000
145 2 40178220
58 82 40118940
58 3 40109160
58 145 40109160
111 81 40103400
41 57 40099740
60 76 40098480
139 17 40096800
81 29 40093800
149 112 40016640
111 29 40012860
58 82 39945420
58 144 39945420
58 82 39936780
58 71 39931680
38 83 39859560
57 56 39832500
57 41 39828180
22 8 39754020
22 139 39754020
139 6 39515100
139 8 39515100
1 21 39495420
131 144 39492840
88 99 39418980
58 81 39405600
38 48 39405420
145 58 39403980
13 6 39310320
112 113 39261360
41 57 39248880
57 41 39234660
41 57 39234240
58 29 39232620
58 2 38994420
58 3 38994420
58 144 38994300
145 58 38975460
22 6 38910360
111 29 38906460
22 139 38901420
22 6 38900940
22 17 38900940
62 35 38900640
17 6 38893740
139 17 38886840
57 41 38882280
58 71 38820660
58 82 38820660
58 144 38820660
145 58 38731080
58 2 38720820
81 58 38715780
29 58 38646540
22 6 38644320
143 144 38643600
144 143 38642700
144 58 38642700
57 41 38642520
142 25 38634300
58 3 38625420
9 22 38573460
9 19 38573460
9 17 38573460
58 2 38389800
133 34 38384160
58 71 38376120
58 82 38376120
1 138 38368260
1 21 38353980
1 34 38353980
145 2 38303520
1 21 38285340
81 58 38278680
58 29 38275740
1 34 38268240
2 145 38222340
139 6 38193060
2 58 38185680
58 29 38132340
58 82 38131320
58 144 38131320
58 82 38103960
2 58 38046120
58 2 38042940
22 9 38017980
139 11 37746660
58 82 37699020
58 144 37699020
41 57 37677480
95 58 37676460
57 56 37675620
145 58 37596420
145 2 37596300
9 20 37593360
82 58 37591860
58 71 37581240
58 144 37580700
38 61 37439280
22 139 37426080
112 149 37417920
58 71 37178100
58 82 37097280
58 82 37093620
82 58 37092480
22 6 37075860
58 81 37009920
41 57 37005420
57 41 37005240
58 81 37004220
58 71 37002120
58 144 37002120
81 58 37000980
81 58 36994920
139 8 36988620
139 11 36988620
112 113 36926520
25 136 36923160
25 136 36922800
58 82 36922560
41 57 36899040
145 58 36840780
145 3 36839280
145 3 36837960
139 17 36831600
22 6 36821400
145 3 36807240
145 58 36577320
58 71 36568020
145 3 36547560
145 3 36545340
131 48 36490020
58 144 36486300
81 58 36483900
58 81 36481680
145 2 36467940
131 144 36465420
58 2 36396000
99 91 36392520
99 139 36392520
2 58 36391260
58 82 36385800
58 144 36385800
91 95 36372720
111 29 36365760
58 2 35971920
81 58 35968440
57 41 35961360
41 57 35961000
145 2 35948580
145 2 35943480
145 71 35886660
145 2 35886660
145 144 35886660
145 3 35886660
145 71 35866080
145 58 35865960
58 71 35863500
58 82 35863500
145 58 35862180
81 58 35855640
58 81 35855580
131 34 35797020
22 139 35792040
41 57 35765760
58 82 35713140
131 144 35709240
1 34 35682720
2 58 35611140
1 34 35592300
58 82 35363820
1 38 35356080
58 82 35344860
58 144 35344860
145 2 35281140
139 17 35267880
20 58 35259120
58 145 35249820
82 58 35193600
58 71 35193360
58 82 35193360
82 58 35184000
58 71 35180460
58 145 35180460
142 147 35093100
145 2 35084880
58 82 35019780
58 82 35018700
22 6 34995600
145 82 34756200
57 56 34738800
57 64 34736880
145 71 34732680
22 139 34728180
58 82 34676220
58 144 34676220
58 145 34667820
145 144 34667520
58 2 34646520
58 82 34593000
58 144 34593000
58 145 34585080
2 3 34581540
22 139 34564020
145 58 34507440
145 2 34502940
2 3 34472280
2 58 34420680
145 2 34413900
2 3 34402560
57 41 34389180
58 82 34156200
145 3 34129620
58 3 34129140
58 144 33988080
2 3 33985800
145 3 33983280
2 145 33980460
58 145 33970560
2 3 33904500
58 82 33896460
58 71 33812460
1 21 33806520
2 145 33526740
58 71 33465660
58 2 33464760
58 145 33456780
58 3 33442080
58 145 33442080
145 2 33440880
22 139 33382380
2 3 33364140
58 82 33299340
58 3 33266220
58 145 33266220
58 144 32941500
22 12 32936760
22 6 32934780
58 81 32934660
22 17 32934240
131 144 32842860
1 21 32842620
58 3 32836260
9 22 32789760
9 20 32789760
9 17 32789760
58 71 32778360
145 3 32659140
145 58 32659140
22 17 32657700
111 116 32597760
58 71 32342700
145 71 32331840
22 6 32325060
22 9 32257380
2 145 32249400
22 6 32234700
131 144 32226900
145 58 32172600
139 6 32166120
145 2 32163240
145 58 32158920
139 17 32147460
62 35 32083620
62 42 32083620
62 57 32083620
62 147 32083620
139 6 32080680
2 3 32054940
145 2 31978800
145 3 31978800
37 139 31968780
2 3 31967880
145 3 31739280
145 3 31731120
82 58 31730760
145 58 31657500
22 20 31653540
22 17 31653540
58 82 31647480
37 139 31644480
145 58 31643460
145 2 31630560
145 2 31626300
58 144 31556580
2 145 31556280
2 145 31548720
58 144 31535460
9 113 31473900
58 2 31463280
41 57 31354860
58 71 31135380
22 17 31127880
2 78 31127100
145 3 31108860
22 9 31044420
2 3 31021920
58 2 31018740
58 145 31018740
145 71 31014660
58 145 30955860
58 145 30951060
58 145 30946980
58 3 30933660
131 34 30931980
58 82 30928680
22 139 30876720
145 3 30876060
62 85 30872040
1 138 30870900
58 145 30868080
145 3 30852660
139 22 30846780
22 139 30844440
2 58 30843900
145 3 30755460
145 2 30518880
149 113 30497220
1 21 30426480
58 3 30359820
145 58 30345540
2 58 30340200
145 2 30336060
145 71 30330060
145 58 30275520
58 2 30268020
2 3 30255660
1 21 30232140
1 21 30156180
1 138 30156180
2 94 30155460
1 21 30154680
41 57 30150240
1 138 30146040
58 3 29892720
145 2 29842380
22 9 29832600
144 58 29832480
3 82 29810760
58 3 29746920
145 82 29731800
145 2 29729640
2 145 29728740
145 2 29728260
131 143 29665560
145 2 29644380
2 145 29634480
139 19 29634120
139 17 29567700
2 145 29547360
111 29 29311620
131 144 29311260
2 58 29229780
3 82 29224800
3 82 29223960
1 38 29210520
3 145 29207280
145 58 29137320
111 95 29058540
58 145 29046960
145 58 29046600
131 144 29046540
37 132 29044140
3 58 29033640
139 22 28972020
58 145 28951800
139 9 28872240
1 133 28708680
51 56 28700460
146 79 28593840
145 144 28524300
131 3 28455180
3 145 28454880
145 82 28437060
1 21 28434300
145 58 28344300
139 136 28081680
82 3 28074840
82 145 28025340
139 41 28007100
139 57 28001460
41 57 27997380
1 47 27994740
2 58 27935640
1 34 27847620
58 144 27846660
58 71 27813960
139 136 27760020
139 136 27756540
1 34 27740100
1 21 27740040
41 57 27729300
81 106 27422100
81 107 27422100
58 145 27404700
41 57 27404280
58 2 27396480
58 2 27388260
139 17 27231600
2 82 27225360
41 57 27135240
58 82 26892660
58 144 26875200
22 6 26866980
88 107 26637840
88 61 26636280
41 57 26608140
1 38 26526120
1 126 26524920
145 58 26288400
139 6 26264580
58 144 26263200
2 82 26263080
2 3 26263080
58 3 26203140
2 3 26176800
58 71 26037960
58 144 26037960
58 144 25950480
58 144 25949820
3 2 25928040
3 2 25927080
58 71 25658580
58 145 25593180
9 20 25494840
1 38 25485900
22 17 25416240
22 8 25403640
22 17 25403640
22 139 25403640
81 111 25346580
81 35 25346580
145 2 25325040
58 82 25053300
58 82 24986160
82 58 24971340
9 18 24907860
1 38 24880920
37 22 24807540
37 139 24807540
58 145 24467880
58 144 24396060
58 144 24383160
139 8 24377940
58 71 24363360
58 144 24363360
58 145 24303660
139 17 24221880
58 82 24192600
58 145 24192600
2 82 24127440
58 71 23869740
58 2 23868600
58 2 23867460
58 3 23867460
41 57 23782500
58 144 23701200
22 6 23675700
2 82 23606760
145 81 23533500
2 58 23498820
22 139 23248080
139 22 23247660
58 71 23240220
22 9 23088840
2 82 23081160
22 17 22997520
2 82 22980420
22 139 22926420
1 47 22904400
1 138 22904400
2 82 22662780
22 6 22635720
37 132 22568640
141 63 22561800
58 2 22558080
58 145 22488720
58 144 22385760
2 82 22376340
2 82 22291080
1 21 22136760
2 82 22038600
58 144 21974280
2 145 21947100
2 82 21875880
2 3 21769620
22 139 21713160
2 58 21686460
58 71 21453600
58 144 21453600
2 145 21453300
22 139 21437760
41 57 21362340
58 82 21350040
58 82 21349260
58 3 21349260
58 145 21349260
2 82 21343440
58 144 21281580
1 21 21268440
1 38 21268440
41 57 21254880
22 17 21251940
22 17 21187560
22 139 21187560
22 6 21169500
58 71 21111720
41 57 21105480
58 71 21096780
2 82 21088020
2 82 21082320
58 71 20761920
1 21 20761800
37 12 20760660
58 144 20734980
139 17 20664420
22 9 20646180
22 58 20646180
88 56 20153700
88 119 20153700
1 21 20145600
1 38 20141340
1 21 20134560
1 138 20134560
1 21 20048340
1 21 19915200
1 138 19891860
1 138 19889400
1 21 19888800
1 138 19888800
1 21 19888020
1 21 19887840
1 21 19884840
1 21 19879860
1 21 19878960
1 138 19878960
1 21 19878780
1 21 19878720
41 57 19869840
22 139 19461900
22 139 19461420
2 3 19454640
2 38 19385460
82 2 19295940
2 82 19278900
88 49 19034880
88 139 19034880
22 9 18950820
58 71 18923760
58 71 18867960
2 82 18855660
1 21 18663480
2 145 18352500
2 82 18344340
58 71 18340260
58 144 18340260
58 71 18339840
149 113 18259800
58 3 18168600
58 144 18163440
2 82 17365500
2 131 17365380
58 2 16617660
58 82 16608120
2 3 16008120
2 145 16008120
2 145 15231480
145 82 15216420
58 2 14622660
37 22 13573620
3 2 13249680
2 82 13223700
58 82 12629460
3 2 12619620
2 82 12359760
2 58 12359760
2 145 12291960
58 82 11424660
58 145 11411340
58 82 11152560
58 2 11152560
2 3 11071920
58 145 11057520
58 82 10827540
58 145 10827540
2 3 10820820
58 2 10544340
58 3 10544340
58 82 10482540
58 145 10454400
37 143 10391340
2 3 10380540
2 3 10379040
2 82 10376880
2 145 10376880
2 82 10367820
2 58 10294680
58 145 10277880
2 58 9951780
58 2 9950040
58 144 9950040
2 58 9869640
2 145 9797460
2 82 9708180
3 2 9609540
58 145 9593340
3 2 9360840
58 2 9351120
58 145 9351120
58 3 9351000
58 81 9159480
104 141 8380200
58 3 8124240
2 82 8035860
2 3 8035860
2 58 8035860
2 82 7201440
58 82 6909180
2 82 6739260
2 3 6650400
2 82 5030820
81 73 5029500
58 2 4859220
37 139 4241580
58 145 1993320
58 2 1827660
58 145 1827660
58 82 1488960
58 145 1403340
58 145 1309800
58 82 1146780
2 82 607740
58 82 0
