34 7 88328288
22 17 87716800
61 67 86640157
61 68 86640157
61 28 86640157
61 46 86640157
61 51 86640157
61 47 86640157
61 56 86640157
61 40 86640157
61 78 86640157
61 79 86640157
61 80 86640157
61 81 86640157
61 82 86640157
61 60 86640157
61 25 86640157
61 85 86640157
61 58 86640157
61 67 86625757
61 68 86625757
61 28 86625757
61 46 86625757
61 51 86625757
61 47 86625757
61 56 86625757
61 40 86625757
61 78 86625757
61 79 86625757
61 80 86625757
61 81 86625757
61 82 86625757
61 60 86625757
61 25 86625757
61 85 86625757
61 58 86625757
88 81 86620802
90 67 86619818
61 81 86619549
61 25 86619549
81 61 86612768
61 81 86612324
81 28 86610963
81 60 86610963
81 25 86610963
81 85 86610963
81 88 86610963
61 81 86605149
61 25 86605149
40 79 86600978
81 28 86596563
81 60 86596563
81 25 86596563
81 85 86596563
81 88 86596563
61 28 86556305
61 81 86556305
61 60 86556305
61 25 86556305
61 85 86556305
81 28 86550104
81 60 86550104
81 25 86550104
81 85 86550104
61 28 86541905
61 81 86541905
61 60 86541905
61 25 86541905
61 85 86541905
61 81 86541288
81 82 86539725
81 58 86539725
81 61 86535744
81 28 86535704
81 60 86535704
81 25 86535704
81 85 86535704
81 61 86457418
88 81 86437330
61 56 86431270
81 61 86427082
82 3 86418822
81 88 86418788
81 88 86417987
67 90 86270708
81 25 86196287
81 85 86196287
81 88 86196287
81 61 86172946
25 51 86012490
25 56 86012490
25 101 86012490
90 67 86009240
61 88 85993489
92 90 85991610
67 90 85973154
67 90 85947717
78 85 85928332
58 3 85836692
40 79 85821865
67 90 85617100
81 85 85477658
25 51 85324057
25 56 85324057
25 101 85324057
25 85 85324057
92 90 85298333
107 108 84973612
28 81 84969418
81 107 84958927
107 81 84953754
80 46 84621358
81 88 84379444
108 113 84360723
108 99 84360723
108 88 84360723
108 88 84346718
88 108 84298200
88 81 84297106
88 108 84296485
81 116 84281435
82 3 84203026
3 82 84197506
82 3 84194931
113 81 84179971
113 108 84179971
81 25 84116591
81 85 84116591
81 107 84116591
81 88 84116591
81 107 84093517
81 88 84093517
81 108 84085212
81 85 84030673
81 88 84018897
81 25 83999777
88 81 83830802
81 94 83828545
81 85 83761729
81 107 83761729
81 88 83761729
81 85 83759108
107 81 83745899
81 85 83744089
81 107 83744089
81 88 83744089
81 88 83743628
88 81 83742984
81 88 83740139
88 81 83689031
85 25 83686450
88 81 83685822
81 88 83675964
81 88 83655495
81 88 83605076
88 81 83604604
81 88 83603863
81 25 83603809
81 85 83603809
81 107 83603809
81 88 83603809
81 88 83601515
88 81 83600732
88 81 83591472
81 88 83587653
81 88 83584799
81 25 83583382
25 81 83582953
90 67 83578044
81 88 83576375
88 81 83575751
90 67 83575560
81 107 83572337
90 67 83571549
90 117 83571549
107 81 83571221
81 107 83566001
81 88 83566001
90 67 83412342
90 117 83412342
81 25 83410003
81 85 83410003
81 107 83410003
81 88 83410003
81 107 83407251
81 88 83407251
81 107 83402659
81 88 83399339
94 81 83397741
94 81 83397670
81 94 83397218
94 81 83396660
81 107 83395099
107 81 83313787
82 81 83153161
81 107 83152590
81 88 83152590
81 82 83151487
82 81 83146003
81 25 83079062
81 85 83079062
81 61 83072850
78 25 83059230
25 78 83058255
25 85 83058255
25 51 83052645
25 56 83052645
25 101 83052645
25 85 83052645
25 122 83052645
94 81 82997050
120 85 82962966
94 81 82804888
78 25 82536905
78 85 82536905
78 85 82471671
88 81 82461739
81 61 82393569
81 88 82392783
81 61 82392592
94 81 82390573
88 81 82389495
58 82 82372189
85 120 82358984
122 56 82355960
88 81 81958198
120 85 81943524
88 81 81941541
85 120 81932654
120 85 81928610
120 85 81860679
120 85 81850304
122 125 81849156
81 28 81848963
81 109 81848963
81 25 81848963
81 85 81848963
81 107 81848963
81 88 81848963
120 85 81844936
120 85 81844517
125 51 81842223
125 25 81842223
125 122 81842223
85 101 81663846
85 122 81663846
25 85 81632818
85 25 81612892
120 85 81596402
120 85 81595562
40 79 81587670
81 25 81586854
81 85 81586854
81 107 81586854
81 88 81586854
81 108 81586854
88 81 81582759
81 88 81528982
81 88 81372801
88 81 81328871
25 81 81318636
81 88 81276967
81 25 81276813
91 40 81261175
91 79 81261175
92 90 81249584
88 81 81188771
78 85 81182394
108 107 81148199
91 40 81095353
91 79 81095353
107 108 81094529
58 82 81085864
58 3 81085864
91 40 81012296
91 79 81012296
22 17 80898234
68 128 80742653
120 56 80724817
120 85 80724817
61 81 80714180
61 107 80714180
61 108 80714180
91 40 80665227
91 79 80665227
91 40 80661137
91 79 80661137
94 88 80655967
94 88 80655939
40 79 80654247
68 128 80652048
91 40 80575423
91 79 80575423
78 85 80560139
25 51 80557033
25 56 80557033
25 101 80557033
25 85 80557033
25 122 80557033
120 85 80549689
94 88 80498397
91 40 80488177
91 79 80488177
56 25 80484405
91 40 80483779
25 56 80478542
81 85 80472168
25 101 80470855
120 85 80459340
82 3 80457853
82 58 80457853
81 107 80454684
61 81 80407428
61 108 80407428
91 40 80400360
91 79 80400360
79 40 80391690
80 131 80391415
25 101 80383938
25 56 80383276
56 25 80381086
113 81 80373754
81 113 80372720
113 81 80369684
91 40 79975238
91 79 79975238
78 101 79955720
78 25 79955720
78 85 79955720
82 3 79940311
82 58 79940311
82 3 79940097
82 58 79940097
101 78 79937157
91 40 79886487
91 79 79886487
25 51 79886377
25 56 79886377
25 101 79886377
25 85 79886377
25 122 79886377
101 78 79882385
101 25 79882385
101 85 79882385
82 3 79874320
82 58 79874320
47 46 79868656
25 51 79866990
25 56 79866990
25 101 79866990
25 85 79866990
25 122 79866990
82 58 79858988
78 25 79853599
78 85 79853599
122 25 79849827
113 81 79844385
113 108 79844385
88 81 79813571
81 88 79811450
91 40 79805276
91 79 79805276
25 122 79799015
25 51 79798118
25 56 79798118
25 101 79798118
25 122 79798118
58 82 79797122
82 58 79797117
61 108 79794451
61 81 79790051
61 108 79790051
78 101 79789202
78 25 79789202
78 85 79789202
25 51 79788050
25 56 79788050
25 101 79788050
25 85 79788050
25 122 79788050
122 25 79783273
78 101 79782907
78 25 79782907
78 85 79782907
85 78 79779286
25 78 79778404
25 101 79778404
25 85 79778404
78 101 79778038
78 25 79778038
78 85 79778038
85 120 79776806
85 120 79776673
80 131 79775429
17 22 79774079
58 3 79773579
88 81 79771380
81 88 79769465
17 22 79767928
113 81 79541642
22 17 79539242
61 108 79539222
3 82 79533832
3 58 79533832
82 58 79532574
113 81 79528966
113 108 79528966
40 91 79514369
120 85 79512412
61 108 79510133
85 25 79505084
92 90 79459115
82 58 79448723
120 85 79448594
82 58 79444184
25 78 79439591
25 101 79439591
25 85 79439591
88 25 79435573
120 85 79429308
120 85 79425491
120 85 79424342
80 81 79422207
40 79 79415478
131 80 79367426
120 85 79357315
3 82 79356854
3 58 79356854
3 82 79355277
3 58 79355277
120 85 79354355
25 51 79350960
25 56 79350960
25 101 79350960
25 85 79350960
25 122 79350960
120 85 79345051
61 108 79340773
58 82 79338845
85 25 79336233
122 25 79333495
120 85 79284596
81 80 79278944
91 40 79277841
91 79 79277841
85 120 79277299
120 85 79272179
120 85 79268675
85 120 79266255
120 85 79265631
40 79 79262019
40 79 79261560
40 79 79260216
131 3 79259153
61 108 79245441
61 81 79244892
61 108 79244892
91 40 79196984
82 58 79194125
107 81 79183342
68 128 79177292
40 79 79176344
82 3 79170262
82 58 79170262
82 3 79170175
82 58 79170175
120 85 79163714
61 108 79159842
61 108 79158031
91 40 78930713
91 79 78930713
88 61 78930452
92 117 78918194
91 40 78843914
91 79 78843914
91 40 78843878
91 79 78843878
94 81 78843829
91 40 78843804
91 79 78843804
40 79 78835416
3 82 78830691
3 58 78830691
81 25 78764963
81 85 78764963
61 81 78763814
61 107 78763814
61 88 78763814
61 108 78763814
82 58 78760156
91 40 78758059
91 79 78758059
61 81 78754737
61 107 78754737
61 88 78754737
61 108 78754737
78 85 78752790
78 101 78735746
78 25 78735746
78 85 78735746
56 51 78730426
40 79 78722611
91 40 78675034
91 79 78675034
82 58 78673113
82 131 78671749
120 85 78668675
82 58 78667348
120 85 78667347
85 120 78666145
120 85 78665601
82 3 78665121
82 58 78665121
78 85 78661945
68 128 78661579
120 85 78660163
82 78 78655521
82 3 78655521
82 58 78655521
80 131 78649741
78 85 78644495
91 40 78591361
91 79 78591361
108 81 78590979
82 58 78586287
61 81 78580431
61 108 78580431
58 3 78578029
25 85 78575012
85 78 78574491
82 58 78574102
82 58 78573836
3 58 78569144
25 51 78569132
25 56 78569132
25 101 78569132
25 85 78569132
25 122 78569132
85 25 78567838
81 108 78552945
58 82 78402935
91 40 78326700
91 79 78326700
120 85 78323755
101 122 78319059
101 25 78318966
122 125 78306556
122 125 78305953
78 85 78298980
78 85 78298851
85 120 78298841
91 40 78243059
91 79 78243059
120 85 78227051
40 79 78226703
85 120 78225619
82 58 78220049
78 85 78218923
91 40 78155222
91 79 78155222
120 85 78153196
82 58 78152871
78 25 78152460
85 120 78148324
120 85 78148234
85 120 78147800
85 78 78146592
85 25 78146133
25 85 78144801
120 85 78144472
120 85 78144375
85 25 78139071
80 131 78132308
82 58 78131053
82 58 78125699
82 58 78123966
91 40 78066352
91 79 78066352
125 34 78065072
82 58 78062309
82 131 78062130
82 58 78062130
82 58 78057649
3 82 78057240
3 58 78057240
82 131 78056068
82 58 78050078
82 58 78041817
90 117 77985901
91 40 77981811
91 79 77981811
58 82 77981349
58 131 77978498
58 82 77978498
58 82 77973991
61 81 77971671
3 131 77967773
120 85 77966832
131 3 77962237
90 117 77954576
120 85 77954555
85 120 77954347
120 51 77953694
120 56 77953694
120 25 77953694
120 85 77953694
85 120 77951423
85 120 77946969
25 51 77894997
25 56 77894997
25 101 77894997
25 85 77894997
25 122 77894997
25 56 77894723
25 101 77894723
25 85 77894723
25 122 77894723
25 56 77894078
25 101 77894078
25 85 77894078
25 122 77894078
88 81 77724501
88 107 77724501
58 82 77721828
58 3 77721828
25 56 77716751
25 101 77716751
25 85 77716751
25 122 77716751
120 56 77716496
85 120 77713007
82 3 77712959
82 58 77712959
120 85 77712769
120 85 77712645
120 85 77711633
85 120 77708635
46 81 77704427
85 120 77703818
88 107 77701650
120 51 77696146
120 25 77696146
120 85 77696146
80 131 77695157
120 85 77691705
80 131 77684290
91 40 77638326
91 79 77638326
58 82 77635790
120 56 77635625
120 85 77635625
131 80 77635159
90 117 77631064
101 51 77630124
101 56 77630124
101 122 77630124
58 82 77629643
82 58 77629072
82 58 77628243
58 82 77627882
131 85 77625475
82 58 77622105
78 85 77622039
81 107 77616278
85 120 77609738
81 94 77609456
81 85 77601679
81 85 77601613
85 81 77601516
81 85 77551262
22 17 77549019
80 131 77534164
91 40 77523923
85 120 77518574
78 85 77518117
25 125 77478632
25 125 77478555
91 40 77460945
91 79 77460945
120 85 77456114
85 120 77433748
81 61 77426781
90 117 77382200
25 56 77379563
25 101 77379563
25 85 77379563
25 122 77379563
25 56 77373032
25 101 77373032
25 85 77373032
25 122 77373032
91 40 77370893
91 79 77370893
25 78 77365221
3 82 77361681
3 58 77361681
56 51 77352320
25 109 77351220
131 80 77349956
58 82 77345475
85 120 77340659
80 131 77339709
131 80 77114645
91 40 77113163
91 79 77113163
90 117 77112767
90 117 77110271
120 85 77109860
120 85 77106533
56 51 77094907
90 117 77092064
82 3 77090301
82 58 77090301
85 81 77090173
85 120 77090173
120 85 77089074
120 85 77083310
56 51 77077568
51 56 77038755
90 117 77030176
91 40 77029827
91 79 77029827
51 56 77011533
131 80 77003443
51 56 76992771
56 51 76992729
91 40 76942048
91 79 76942048
90 117 76940513
3 82 76932233
3 58 76932233
25 56 76921726
56 25 76921667
25 56 76921534
25 56 76920803
25 101 76920803
25 85 76920803
25 122 76920803
25 85 76919399
25 56 76918749
25 101 76918749
25 85 76918749
25 122 76918749
85 25 76916275
131 80 76916273
25 85 76913908
122 125 76907251
90 117 76862019
91 40 76858299
91 79 76858299
25 56 76844231
25 101 76844231
25 85 76844231
25 122 76844231
90 117 76837164
85 120 76836528
22 17 76836033
25 78 76788124
81 113 76771685
131 80 76771122
91 40 76770830
91 79 76770830
113 81 76767138
120 56 76763732
122 101 76762277
25 56 76754700
25 101 76754700
25 85 76754700
25 122 76754700
120 85 76754068
117 90 76747521
25 85 76744892
137 68 76737980
81 85 76509938
91 40 76508642
91 79 76508642
120 85 76507882
120 85 76505283
120 85 76503198
117 90 76502795
120 85 76502356
137 68 76496443
90 117 76495809
85 120 76494602
85 25 76494602
25 56 76488855
25 101 76488855
25 85 76488855
25 122 76488855
25 85 76488287
40 79 76487023
85 25 76485939
122 56 76482389
122 25 76482389
25 56 76482328
25 101 76482328
25 85 76482328
25 122 76482328
25 56 76480925
25 101 76480925
25 85 76480925
25 122 76480925
91 40 76425385
91 79 76425385
125 51 76412553
125 25 76412553
125 122 76412553
3 82 76411512
3 58 76411512
91 40 76402432
91 40 76402406
92 117 76402161
85 120 76400449
82 3 76397793
122 125 76397119
25 51 76354018
25 56 76354018
25 122 76354018
91 40 76341434
91 79 76341434
91 40 76337562
91 79 76337562
131 80 76335972
120 85 76335027
22 17 76333648
82 3 76331501
131 80 76329780
80 131 76329435
58 82 76323881
58 3 76323881
88 115 76320476
56 25 76317512
25 56 76317487
56 25 76315237
40 79 76312395
122 25 76310978
25 56 76310392
25 101 76310392
25 85 76310392
25 122 76310392
120 85 76308604
81 85 76307681
25 51 76301692
25 56 76301692
25 101 76301692
25 85 76301692
25 122 76301692
3 82 76252737
3 58 76252737
91 40 76251463
91 79 76251463
131 80 76244970
68 128 76242934
68 137 76242934
131 78 76239170
81 94 76237859
80 131 76215687
78 85 76169398
91 40 76165920
91 79 76165920
81 88 76161440
58 82 76160813
58 3 76160813
131 120 76158613
85 81 76157063
131 80 76155619
85 120 76134238
81 88 76131584
91 40 75906219
91 79 75906219
3 82 75905180
3 58 75905180
120 85 75904141
120 85 75902952
88 68 75901017
88 28 75901017
88 91 75901017
88 46 75901017
88 51 75901017
88 56 75901017
88 115 75901017
88 7 75901017
88 40 75901017
88 137 75901017
88 79 75901017
88 101 75901017
88 80 75901017
88 81 75901017
88 125 75901017
88 60 75901017
88 32 75901017
88 81 75897386
88 107 75897386
113 81 75892157
107 88 75885021
91 40 75821526
91 79 75821526
78 25 75819789
81 88 75815106
25 85 75811155
125 51 75806213
125 25 75806213
125 122 75806213
56 25 75792290
25 109 75736123
91 40 75729835
91 79 75729835
85 120 75726832
131 78 75726652
78 131 75725995
25 78 75724579
90 117 75718522
85 78 75715194
58 82 75712965
58 3 75712965
78 85 75711032
17 22 75703836
88 107 75652610
68 137 75648444
25 51 75646279
25 56 75646279
25 101 75646279
25 85 75646279
25 122 75646279
91 40 75645175
91 79 75645175
25 51 75634395
25 56 75634395
25 51 75634270
25 56 75634270
25 101 75634270
25 85 75634270
25 122 75634270
78 85 75633099
107 88 75625143
78 85 75622242
25 51 75614469
25 56 75614469
25 101 75614469
25 85 75614469
25 122 75614469
25 51 75611155
25 56 75611155
25 101 75611155
25 122 75611155
25 56 75580805
91 40 75561201
91 79 75561201
85 81 75558186
81 85 75557973
85 81 75550046
90 117 75539661
58 3 75531887
3 82 75531750
3 58 75531750
90 117 75531252
90 117 75528890
85 120 75526779
137 68 75489054
91 40 75301683
91 79 75301683
78 85 75290703
85 120 75289671
3 58 75288829
81 85 75288774
131 80 75288123
80 131 75287575
85 25 75287261
25 51 75285948
25 56 75285948
25 101 75285948
25 85 75285948
25 122 75285948
85 81 75284759
68 137 75280057
68 32 75280057
3 58 75278112
80 131 75275836
58 82 75274597
58 3 75274597
131 80 75273563
80 131 75269743
91 40 75220830
91 79 75220830
85 78 75206705
85 120 75206705
82 3 75204165
82 58 75204165
113 81 75188745
25 51 75187159
25 56 75187159
25 101 75187159
25 85 75187159
25 122 75187159
25 109 75186755
25 51 75186677
25 56 75186677
25 101 75186677
25 85 75186677
25 122 75186677
81 28 75182245
81 46 75182245
81 79 75182245
81 25 75182245
81 85 75182245
91 40 75131609
91 79 75131609
82 78 75126262
131 80 75120918
131 80 75118590
131 80 75116633
81 120 75110828
81 25 75110828
81 85 75110828
88 81 75109741
90 117 75105737
90 92 75105737
88 81 75102731
85 81 75099344
81 85 75095830
81 88 75095767
85 81 75095658
85 120 75095414
81 94 75094954
88 81 75049722
91 40 75042507
91 79 75042507
120 85 75041423
85 120 75039737
85 25 75038833
25 51 75037398
25 56 75037398
25 101 75037398
25 85 75037398
25 122 75037398
78 25 75032837
131 78 75031465
131 80 75028143
80 131 75024097
40 79 75012856
85 120 75011921
56 25 75003217
25 85 74974333
25 101 74974148
131 80 74954371
131 80 74926068
78 85 74924106
85 120 74923592
131 80 74694073
82 58 74682776
85 120 74661408
90 117 74607144
22 17 74605328
125 51 74598328
125 25 74598328
125 122 74598328
85 120 74595567
85 25 74595356
85 120 74595260
120 85 74589448
82 3 74587031
82 58 74587031
120 85 74518741
25 51 74508871
25 56 74508871
25 101 74508871
25 85 74508871
25 122 74508871
85 120 74501916
85 78 74500514
85 25 74496680
25 109 74496237
90 117 74490922
85 120 74490917
113 81 74490336
25 51 74418105
25 56 74418105
25 101 74418105
25 85 74418105
25 122 74418105
90 117 74414358
25 51 74413491
25 56 74413491
25 101 74413491
25 85 74413491
25 122 74413491
113 81 74406064
113 81 74405973
85 120 74404587
25 51 74346874
25 56 74346874
25 101 74346874
25 85 74346874
25 122 74346874
122 25 74337252
82 3 74326967
82 58 74326967
68 137 74323866
68 32 74323866
82 3 74088069
120 85 74081237
78 85 74059246
85 78 74059094
78 25 74059069
85 120 74058600
120 85 74005286
120 85 74003045
90 117 74001862
81 88 74000481
131 80 73999451
120 85 73997611
120 85 73997547
120 85 73997017
78 82 73982491
125 51 73981804
125 25 73981804
125 122 73981804
78 85 73979012
131 80 73976971
25 51 73976103
25 56 73976103
25 101 73976103
25 85 73976103
25 122 73976103
131 80 73975920
81 107 73913698
82 3 73910249
82 58 73910249
68 137 73889641
68 32 73889641
25 51 73881932
25 56 73881932
25 101 73881932
25 85 73881932
25 122 73881932
3 82 73798878
3 58 73798878
78 25 73735752
25 51 73735079
25 56 73735079
25 101 73735079
25 122 73735079
88 107 73731014
68 137 73722363
68 32 73722363
82 3 73479066
82 58 73479066
137 68 73478497
137 68 73471052
25 51 73460758
25 56 73460758
25 101 73460758
25 122 73460758
88 81 73402948
25 51 73382960
25 56 73382960
25 101 73382960
25 122 73382960
25 51 73368155
25 56 73368155
25 101 73368155
25 122 73368155
88 107 73326061
120 85 73313974
120 85 73313577
120 85 73304719
68 137 73290444
68 137 73282895
68 32 73282895
68 137 73280496
68 32 73280496
85 78 73231178
25 51 73223433
25 56 73223433
25 101 73223433
25 122 73223433
85 78 73210929
85 25 73210042
25 51 73208037
25 56 73208037
25 101 73208037
25 122 73208037
82 3 72791674
82 58 72791674
131 115 72709491
120 85 72701433
25 51 72700689
25 56 72700689
25 101 72700689
25 122 72700689
78 85 72615397
68 137 72610441
78 85 72610083
137 68 72609032
25 51 72605670
25 56 72605670
25 7 72605670
25 101 72605670
25 122 72605670
131 82 72603112
120 85 72600851
120 85 72597359
78 85 72592841
85 78 72538103
85 120 72538103
25 109 72537401
68 137 72536205
68 32 72536205
78 85 72531762
82 78 72530763
125 51 72528162
125 25 72528162
125 122 72528162
82 131 72268632
78 85 72265638
82 3 72160078
68 137 72101746
68 32 72101746
131 80 72086501
25 51 72080640
25 56 72080640
25 101 72080640
25 122 72080640
25 51 72019612
25 56 72019612
25 101 72019612
25 122 72019612
25 51 72019077
25 56 72019077
25 101 72019077
25 122 72019077
131 78 71995120
25 56 71994567
78 131 71991191
82 3 71987496
137 68 71987079
131 120 71949420
131 120 71931422
82 58 71575284
68 137 71571339
68 137 71571006
82 58 71499107
78 120 71408635
82 3 71398714
82 58 71398714
82 58 71397717
88 107 71388698
25 51 71300242
25 56 71300242
25 101 71300242
25 122 71300242
3 82 71060212
3 58 71060212
25 85 71057445
131 120 71056021
85 81 71051459
25 51 71048347
25 56 71048347
25 101 71048347
25 122 71048347
131 3 71044480
85 25 71036808
81 46 70984156
81 125 70984156
78 85 70953192
68 137 70885323
68 32 70885323
25 51 70796097
25 56 70796097
25 101 70796097
25 122 70796097
25 51 70795110
25 56 70795110
25 101 70795110
25 122 70795110
78 85 70790206
141 22 70779192
141 85 70779192
141 17 70779192
117 90 70722653
117 92 70722653
82 58 70719688
22 17 70446998
22 17 70442993
82 58 70351205
82 58 70350480
141 81 70284850
141 113 70284850
141 107 70284850
141 88 70284850
131 120 70280491
90 117 70280400
141 81 70279138
141 113 70279138
141 107 70279138
141 88 70279138
25 51 70276100
25 56 70276100
25 101 70276100
25 122 70276100
82 3 70262686
82 58 70262686
25 51 70189442
25 56 70189442
25 101 70189442
25 122 70189442
51 25 70184676
25 51 70116991
25 56 70116991
25 101 70116991
25 122 70116991
81 120 70116642
81 25 70116642
81 85 70116642
25 51 70092606
25 56 70092606
25 101 70092606
25 122 70092606
25 51 70088395
25 56 70088395
25 101 70088395
25 122 70088395
25 85 70026953
25 85 70024732
131 101 69853482
22 17 69836243
82 3 69769266
82 3 69764211
82 58 69745961
131 115 69578991
82 58 69575262
68 128 69238488
68 137 69222144
131 78 69146511
131 115 69143403
68 137 69135535
68 32 69135535
25 51 69074460
25 56 69074460
25 101 69074460
25 122 69074460
125 34 69068901
82 107 69056162
82 3 69056162
82 58 69056162
85 25 68979780
68 137 68967950
68 32 68967950
85 25 68943780
22 17 68924400
68 137 68908093
68 32 68908093
117 90 68889256
22 17 68888400
25 51 68887862
25 56 68887862
25 101 68887862
25 85 68887862
25 122 68887862
82 131 68563657
82 3 68558418
82 58 68558418
82 3 68556368
82 58 68556368
88 81 68481227
78 131 68475007
68 137 68457310
68 32 68457310
113 81 68055480
113 81 68055420
113 81 68054940
113 81 68037485
113 81 68037453
68 137 68019130
78 85 68018635
88 81 67952160
85 81 67948680
78 85 67939370
78 85 67938353
68 128 67767519
88 81 67719120
90 109 67697915
88 81 67686780
3 82 67665675
3 58 67665675
92 90 67451062
137 68 67314846
78 25 67247259
68 137 67153873
81 113 67091460
81 113 67073510
81 113 67055460
88 81 66685740
82 3 66650362
82 58 66639109
92 90 66488979
61 81 65943060
131 78 65858400
91 40 65624344
91 79 65624344
40 79 65605137
145 82 65603400
145 82 65597640
145 3 65597640
61 81 65595720
91 40 65541739
91 79 65541739
82 58 65518560
145 3 65498700
58 3 65486940
125 34 65431077
145 3 65412780
40 79 65357823
40 79 65356010
3 82 65339700
3 58 65339700
3 145 65339700
145 3 65338200
145 3 65331960
145 3 65331480
3 58 65326320
58 3 65325900
82 3 65316120
82 58 65316120
91 40 65279005
91 79 65279005
116 107 65246882
91 40 65024184
91 79 65024184
34 125 64998859
3 82 64979940
3 58 64979940
3 145 64979940
3 82 64978620
3 58 64978620
3 145 64978620
58 3 64969380
91 40 64935855
91 79 64935855
61 81 64902900
116 81 64898221
116 85 64898221
82 3 64885020
82 58 64885020
58 82 64883700
58 3 64883700
116 107 64821077
116 107 64816071
61 81 64733040
125 34 64732363
116 28 64728947
116 81 64728947
116 25 64728947
58 82 64713720
58 3 64713720
145 3 64712400
91 40 64414626
91 79 64414626
131 78 64397880
145 3 64380720
78 85 64301760
3 58 64300500
3 145 64300500
58 3 64208040
68 137 64166580
68 32 64166580
91 40 64157509
91 79 64157509
116 68 64139216
116 28 64139216
116 46 64139216
116 51 64139216
116 47 64139216
116 56 64139216
116 7 64139216
116 137 64139216
116 34 64139216
116 79 64139216
116 101 64139216
116 80 64139216
116 125 64139216
116 109 64139216
116 60 64139216
116 25 64139216
116 90 64139216
116 122 64139216
116 127 64139216
91 40 64133579
91 40 64133255
68 137 64130580
68 32 64130580
145 3 64110840
116 85 64052557
58 82 64049940
58 82 63782940
3 58 63781320
3 145 63781320
3 58 63779820
3 145 63779820
113 141 63707160
113 81 63707160
113 107 63707160
58 82 63701700
22 145 63701700
113 141 63689214
113 81 63689214
113 107 63689214
3 58 63688440
3 145 63688440
58 3 63687480
61 81 63672720
116 81 63631935
3 58 63622620
3 145 63622620
58 82 63616020
58 82 63611700
68 137 63596460
68 32 63596460
68 137 63594240
68 32 63594240
79 40 63549420
58 82 63529860
58 82 63523200
145 58 63521640
79 40 63513420
61 81 63445440
3 145 63438300
58 82 63435060
78 85 63426480
78 85 63419760
85 78 63418800
131 120 63183000
58 82 63174180
58 3 63174180
58 82 63102120
58 82 63093720
58 82 63014640
131 78 63013500
58 82 62925000
58 3 62905500
81 32 62856780
58 82 62839260
116 28 62824776
116 85 62824776
61 81 62819700
58 82 62819580
58 82 62818020
68 137 62816220
68 32 62816220
78 85 62558760
91 40 62554560
25 56 62511780
120 56 62503980
120 25 62503980
120 85 62503980
25 78 62498940
25 78 62498640
25 85 62498640
141 120 62487540
141 107 62487540
25 51 62432040
113 81 62430720
116 28 62424560
116 81 62424560
116 25 62424560
116 28 62424128
116 81 62424128
116 85 62424128
116 88 62424128
116 28 62422995
116 81 62422995
116 85 62422995
61 113 62396220
58 82 62322540
58 3 62322540
58 145 62322540
120 25 62321520
120 85 62321520
58 82 62321160
92 117 62313480
92 117 62311500
92 117 62311080
120 51 62307240
120 56 62307240
120 25 62307240
120 85 62307240
81 28 62266560
81 85 62266560
22 17 62255500
81 28 62248602
81 85 62248602
116 81 62239665
116 81 62239446
78 25 62237220
61 81 62236380
3 58 62236080
3 145 62236080
58 82 62235180
113 81 61998120
113 81 61976280
122 78 61962480
122 78 61962420
113 81 61962120
58 82 61957380
25 109 61907760
25 56 61907580
25 122 61907580
25 51 61907100
22 17 61891607
58 82 61891080
116 113 61887591
145 3 61879260
117 109 61871700
120 85 61870260
40 79 61834740
116 85 61824118
58 82 61802940
40 79 61798740
92 117 61797000
25 109 61774200
40 79 61731780
58 82 61718400
34 80 61715622
122 51 61711440
122 56 61711440
122 25 61711440
116 81 61700214
145 3 61687020
145 58 61687020
88 81 61660860
116 85 61660580
116 85 61652033
107 88 61648113
88 107 61634460
58 82 61633740
58 82 61632060
58 82 61626660
58 3 61626660
58 145 61626660
88 81 61624860
58 3 61621380
145 3 61617600
145 58 61617600
145 3 61617300
145 58 61617300
116 81 61617088
145 82 61614240
145 3 61614240
145 58 61614240
116 85 61574096
88 81 61393620
3 58 61371660
3 145 61371660
58 82 61367580
88 81 61357620
141 81 61321860
141 107 61321860
145 58 61282560
58 82 61278360
116 81 61273268
58 82 61254960
88 81 61231500
131 78 61210080
78 131 61209060
88 81 61195500
145 3 61175700
145 58 61175700
131 78 61174080
131 78 61173720
3 58 61167000
3 145 61167000
58 82 61112760
122 56 61100580
122 25 61100580
58 145 61100040
58 82 61026300
58 82 61024440
145 3 61018560
145 58 61018560
145 3 61015800
145 58 61015800
131 145 61015080
145 3 61010040
145 58 61010040
145 58 60999180
3 58 60997740
3 145 60997740
116 113 60943401
145 3 60761700
145 58 60761700
117 90 60759120
117 90 60759000
58 82 60748320
58 82 60681600
88 81 60607080
88 81 60605400
58 82 60599760
3 58 60587040
3 145 60587040
58 82 60582900
145 3 60582660
145 58 60582660
145 3 60581640
145 58 60581640
88 81 60571080
88 81 60569400
58 82 60508620
116 81 60502049
3 58 60488460
3 145 60488460
79 40 60487920
91 40 60426780
58 82 60415980
58 3 60414000
58 145 60414000
131 78 60186720
131 78 60150900
25 81 60130080
25 81 60094080
145 3 60073380
145 58 60073380
3 58 60066000
3 145 60066000
88 81 60032460
88 81 59996460
88 141 59914860
22 17 59902320
116 81 59899334
88 141 59878860
58 82 59878500
131 78 59830860
78 85 59817960
58 82 59815920
131 78 59794860
61 81 59793420
58 82 59787780
131 78 59589720
88 81 59587620
88 81 59580660
131 78 59569980
116 81 59566491
131 78 59550120
131 3 59549820
88 81 59548020
40 79 59545740
131 78 59542620
117 109 59541780
88 81 59541060
40 79 59540400
117 109 59539560
131 78 59530380
22 17 59529180
131 78 59527620
131 78 59505240
78 25 59477400
117 92 59469540
131 78 59465760
131 78 59465640
58 82 59460300
117 92 59455080
58 145 59453940
145 58 59448780
82 58 59438760
58 82 59438340
25 85 59397900
22 17 59381880
58 3 59377560
85 25 59377080
116 141 59372475
116 81 59372475
116 85 59372475
58 3 59357400
58 145 59357400
3 58 59354520
3 145 59354520
58 82 59291760
58 3 59290140
58 145 59290140
22 17 59271660
58 82 59264340
22 17 59264340
25 51 59229840
25 56 59229360
22 17 59195520
92 117 59187960
117 92 59186760
92 117 59186040
117 92 59185680
92 117 59185200
117 92 59180160
22 17 59141100
58 82 58954020
58 145 58953960
92 117 58951260
92 109 58951260
117 92 58950360
113 149 58947000
117 92 58940340
92 117 58939920
149 78 58928220
149 113 58928220
149 90 58928220
149 92 58928220
92 149 58918140
94 81 58900020
25 122 58885740
58 82 58867620
85 120 58863600
82 58 58854480
58 145 58852260
117 92 58851780
92 117 58851720
145 58 58851420
117 92 58851420
92 117 58847040
92 117 58834800
58 82 58780260
58 145 58762980
58 81 58751880
58 82 58751700
22 17 58711500
61 81 58701180
58 3 58690680
25 51 58689660
145 3 58670760
145 58 58670760
145 3 58669020
145 58 58669020
145 3 58668720
145 58 58668720
25 122 58623060
81 58 58610220
58 81 58609800
58 82 58607520
117 92 58578240
92 117 58577820
3 58 58576560
94 81 58393500
116 81 58339405
149 113 58260000
117 140 58231440
125 34 58227960
25 51 58191960
25 122 58191960
25 51 58191540
25 122 58191240
25 120 58190460
58 82 58177200
58 82 58172880
58 3 58165920
116 81 58162792
116 81 58107677
78 85 58091220
145 58 58085880
3 58 58076160
3 145 58076160
92 149 58075620
131 85 58065960
78 85 58058880
25 122 58057620
58 3 58001280
58 82 58000620
3 58 57990840
3 58 57989340
3 145 57989340
58 3 57986400
58 145 57986400
25 122 57981540
58 3 57978000
149 25 57975180
149 113 57975180
149 107 57975180
58 3 57973500
92 149 57972420
149 25 57972180
149 113 57972180
149 107 57972180
88 81 57783180
88 81 57746820
58 82 57744360
88 81 57743580
22 17 57742320
22 17 57741120
3 58 57737220
3 145 57737220
3 58 57731340
3 145 57731340
58 82 57713400
117 109 57648180
117 92 57634980
58 82 57571380
58 3 57555480
58 145 57555480
145 3 57552120
145 58 57552120
58 82 57540420
145 3 57539340
145 58 57539340
117 109 57481800
85 78 57472860
58 145 57461400
58 3 57460260
58 82 57454920
25 51 57415080
25 122 57414900
117 109 57399120
92 109 57397860
22 17 57394560
58 3 57377700
58 145 57377700
58 3 57377640
58 145 57377640
79 25 57377280
3 58 57376980
3 145 57376980
25 122 57325980
116 85 57320533
25 51 57225900
25 122 57225900
58 82 57139740
25 79 57124380
58 3 57103800
58 145 57103800
58 82 57055140
149 25 57052680
149 113 57052680
149 107 57052680
58 145 57050220
145 3 57050040
145 58 57050040
117 109 57048660
92 117 57046020
117 92 57046020
92 117 57045300
92 117 57027960
85 78 57022500
117 109 56966640
58 82 56965860
58 3 56954340
117 109 56944200
51 25 56930280
58 82 56880300
116 85 56873376
91 40 56858640
58 3 56851140
58 145 56851140
145 3 56849100
145 58 56849100
58 82 56794680
145 3 56772060
145 58 56772060
22 17 56557368
91 40 56506140
92 117 56505120
58 82 56504760
85 120 56500740
92 117 56500020
58 82 56448780
117 92 56444820
117 92 56436840
92 117 56429520
117 92 56428500
92 117 56426520
149 113 56416680
92 117 56414880
117 92 56414820
116 81 56378366
58 82 56360820
117 92 56353920
99 91 56331960
116 85 56299910
116 85 56279737
58 82 56275320
149 25 56268840
149 113 56268840
149 107 56268840
61 81 56268240
117 109 56247720
99 91 56245140
116 85 56216367
22 17 55953540
117 109 55928640
85 120 55908000
120 85 55900320
91 40 55888920
79 81 55867740
79 88 55867740
17 22 55855320
120 85 55839360
149 25 55832280
149 113 55832280
149 107 55832280
79 40 55831620
149 25 55829520
149 113 55829520
149 107 55829520
79 81 55828140
79 88 55828140
149 25 55827360
149 113 55827360
149 107 55827360
149 25 55813980
149 113 55813980
149 107 55813980
58 3 55813860
58 145 55813860
22 17 55812480
22 17 55753860
58 3 55748400
58 3 55733100
51 25 55730520
25 51 55693680
58 3 55668540
58 145 55668540
58 3 55663860
58 145 55663860
58 82 55653360
58 82 55652340
99 91 55639380
117 109 55578960
117 92 55578360
92 117 55578060
117 140 55577940
117 92 55577280
145 3 55570500
145 58 55570500
58 3 55570260
58 145 55570260
58 3 55560120
99 91 55542960
58 82 55326000
22 17 55324980
120 78 55318260
120 25 55318260
120 85 55318260
117 92 55311480
58 82 55236300
117 109 55229760
92 117 55215540
149 25 55214040
149 113 55214040
149 107 55214040
22 17 55209000
58 82 55151940
117 109 55148880
58 82 55144440
116 85 55141393
88 81 55074240
22 113 55066920
25 56 55066800
58 82 54981600
58 145 54954720
58 145 54953460
58 82 54949560
58 145 54949560
113 149 54948000
99 91 54943380
140 92 54845580
149 25 54757380
149 113 54757380
149 107 54757380
79 91 54710160
79 88 54710160
22 17 54686940
22 17 54685320
61 81 54630780
149 25 54630600
149 113 54630600
149 107 54630600
58 3 54628380
58 145 54628380
22 17 54625680
22 120 54624000
22 17 54623100
58 82 54606840
149 25 54603360
149 113 54603360
149 107 54603360
116 85 54552714
58 3 54544980
58 145 54544980
117 109 54531900
58 82 54519780
58 3 54516900
58 145 54516900
107 88 54498660
107 88 54480840
22 17 54462840
58 82 54456660
107 88 54455460
117 90 54452640
117 90 54451920
22 17 54449520
107 88 54437640
149 25 54429300
149 113 54429300
149 107 54429300
25 51 54423780
22 17 54359820
145 3 54359520
145 3 54357540
145 3 54351840
92 109 54350520
58 82 54114000
58 82 54112860
58 82 54108000
117 92 54102600
92 117 54099420
58 82 54085380
81 88 54083640
92 149 54077340
92 149 54014760
58 82 54001020
58 3 53999760
22 17 53996340
22 17 53994060
91 40 53993280
58 3 53938200
58 145 53938200
58 145 53935500
58 82 53912460
25 122 53873160
58 3 53854380
58 145 53854380
58 145 53847540
88 61 53835480
92 149 53832960
58 82 53826840
61 88 53770560
22 120 53763720
88 81 53757120
25 120 53754240
88 81 53753820
22 17 53753100
81 88 53751000
81 88 53750100
81 88 53749500
99 91 53729040
58 82 53504580
58 81 53428380
22 17 53425860
58 82 53406900
58 82 53398320
22 17 53353320
58 82 53323500
58 82 53318880
149 113 53314860
149 107 53314860
58 82 53221620
68 137 53219100
99 91 53211300
25 85 53152260
22 17 53137320
88 81 52924020
22 17 52810320
88 81 52735260
58 82 52731360
58 82 52717860
149 90 52709460
58 82 52644660
58 81 52616880
122 25 52541640
58 82 52291500
58 82 52291440
117 109 52219080
117 109 52218540
58 82 52215660
58 3 52204860
58 3 52203660
58 145 52203660
58 3 52199220
58 145 52199220
58 82 52187520
117 109 52128900
40 125 52104420
58 145 52100340
58 82 52039920
92 117 52029540
88 81 52014480
58 81 52012320
58 82 52011060
40 91 51679920
25 51 51624900
25 122 51624900
58 82 51608220
22 17 51579420
58 82 51523380
68 137 51522360
68 137 51510180
58 82 51505320
58 82 51505140
22 17 51500580
25 51 51489780
25 122 51489780
22 17 51078180
117 109 51006420
92 117 51002280
58 3 50977620
58 82 50918040
58 82 50916720
22 17 50892240
117 92 50885220
58 82 50831400
22 17 50825280
88 141 50810100
88 81 50810100
88 107 50810100
58 82 50802660
22 17 50802420
149 113 50740080
58 81 50739720
122 56 50731080
22 17 50727240
113 141 50550720
113 81 50550720
88 81 50491680
58 82 50488320
58 81 50475360
58 81 50475180
22 17 50453340
22 17 50402160
22 17 50400240
58 3 50375760
58 145 50375760
126 40 50368800
25 56 50330220
58 81 50312760
58 82 50284560
81 94 50280900
92 117 50221080
113 149 50214240
81 88 50212320
3 78 50207820
125 122 50201820
149 113 50201700
122 125 50201400
56 51 50200440
56 25 50200440
56 122 50200440
78 3 50198640
149 78 50196480
149 109 50196480
22 17 50195160
22 17 50194560
58 82 50145360
92 117 50138280
17 22 50138100
149 109 50129100
22 17 50120880
149 109 50120580
149 109 50120160
68 137 50119680
68 137 50119020
149 113 50115540
58 3 49867260
58 145 49867260
92 117 49859820
117 92 49859280
92 117 49858320
58 81 49852140
88 81 49799760
81 88 49791060
58 3 49780620
82 58 49769640
58 82 49680060
58 82 49618560
58 3 49618560
22 17 49618080
82 3 49618020
82 58 49618020
58 82 49616640
58 3 49616640
58 82 49590660
17 22 49505940
82 58 49504440
17 22 49502400
22 17 49501800
58 82 49272360
68 137 49245600
58 82 49188060
58 3 49182960
58 82 49174140
17 22 49157640
22 17 49101180
58 3 49101120
58 82 49100820
68 137 49092240
58 3 49075380
58 145 49075380
17 22 49074660
17 22 49073460
117 92 49072980
88 81 49022940
117 92 49014660
117 92 49014300
149 78 49004700
149 109 49004700
61 81 48999420
58 3 48998160
85 120 48997560
149 78 48993420
149 109 48993420
22 17 48989040
85 120 48988260
58 3 48987720
58 145 48987720
22 17 48987120
117 78 48937500
22 17 48933240
88 81 48931440
58 82 48930480
82 58 48930180
58 82 48927000
88 81 48917460
58 81 48915900
149 113 48912840
58 81 48909540
149 113 48403920
22 17 48403740
149 113 48401280
68 137 48387780
68 137 48377820
88 85 48325080
88 81 48324720
68 137 48313980
22 17 48305700
92 140 48302100
82 58 48300720
68 137 48294000
92 140 48291780
68 137 48291720
58 82 48214920
56 51 48049140
56 25 48049140
56 122 48049140
122 25 48031560
58 82 47976480
99 91 47970300
58 81 47966280
122 25 47961120
58 3 47951520
58 3 47951280
58 82 47951160
58 82 47890380
58 3 47890380
82 3 47889900
82 58 47889900
58 82 47889480
58 3 47889480
58 82 47879700
78 117 47869440
81 94 47862300
81 58 47862300
58 3 47861520
94 81 47830440
94 58 47830440
58 82 47807940
117 109 47807700
58 82 47806440
58 82 47805180
82 58 47805060
58 3 47801040
58 145 47801040
58 3 47795340
61 94 47793300
61 88 47793300
61 58 47793300
81 94 47793000
81 58 47793000
58 3 47785200
68 137 47783220
58 3 47782560
58 145 47782560
68 137 47781720
58 82 47781300
82 58 47781120
68 137 47779620
58 82 47779560
82 58 47779440
58 82 47774040
81 61 47720520
58 82 47720520
58 81 47720460
81 61 47715120
82 58 47714880
58 82 47714520
58 3 47714520
58 145 47714520
58 81 47713140
58 81 47711760
58 82 47707980
58 82 47692680
58 82 47692260
149 113 47457180
58 82 47453220
82 58 47450880
94 58 47442300
58 82 47432220
149 113 47375520
58 3 47371620
58 81 47367900
61 141 47366880
61 107 47366880
58 94 47360520
22 17 47342220
58 82 47293140
68 137 47207340
58 82 47197620
145 3 47195880
58 3 47192940
58 145 47192940
58 82 47192160
149 113 47172660
25 56 47135340
58 82 47115480
58 81 47111700
58 82 46858740
58 3 46856820
58 145 46856820
58 82 46855620
58 82 46855560
82 58 46855320
149 113 46773300
58 82 46768440
58 81 46761600
58 3 46754880
58 82 46682700
58 82 46597800
58 82 46592100
58 3 46592100
82 3 46591920
82 58 46591920
122 25 46583340
58 3 46580220
58 145 46580220
58 82 46568640
58 82 46510620
58 82 46483560
58 82 46252380
58 3 46247460
58 145 46247460
149 113 46246320
149 113 46235160
113 149 46232100
58 82 46229340
149 113 46227660
58 82 46222440
61 141 46221720
61 107 46221720
58 82 46162560
58 81 46160160
149 113 46156020
58 82 46151160
58 81 46138440
58 82 46134240
58 82 46081680
58 82 46074180
91 40 45993120
58 82 45984240
58 3 45983880
58 145 45983880
58 81 45974940
58 82 45901140
58 82 45892500
81 88 45884280
58 3 45883980
149 113 45637560
58 3 45637080
58 3 45636120
58 145 45636120
149 113 45556380
58 82 45539820
58 3 45531600
58 145 45531600
58 82 45527040
88 141 45491700
58 3 45458400
58 82 45456600
81 58 45453780
58 81 45453660
81 58 45450420
58 81 45443760
81 58 45390660
25 51 45390600
25 56 45390600
25 122 45390600
58 82 45381600
58 3 45381600
82 3 45381420
82 58 45381420
58 82 45381240
58 3 45381240
58 3 45374520
58 145 45374520
58 82 45372420
107 88 45366720
149 113 45362160
58 82 45297240
58 82 45296880
58 3 45288660
58 145 45288660
22 17 45019320
58 3 44930640
58 145 44930640
58 82 44925900
58 82 44841000
82 58 44840160
58 82 44839860
58 82 44787300
82 58 44780040
58 82 44779320
82 58 44779020
58 3 44778420
81 88 44755380
58 82 44749140
58 82 44666760
58 82 44666400
149 113 44344080
149 113 44339040
58 82 44264100
149 113 44233620
25 51 44196420
25 122 44196420
58 82 44177700
58 82 44172660
58 3 44172480
58 145 44172480
82 58 44172300
58 3 44168880
58 82 44093220
28 137 44088960
149 113 44061300
149 113 44061000
25 122 44025060
58 82 43825380
22 17 43808040
58 3 43802640
58 145 43802640
58 82 43743120
58 3 43719720
58 3 43716720
58 145 43716720
58 82 43658700
58 3 43630320
58 145 43630320
58 3 43577580
58 145 43577580
58 82 43570140
58 82 43483440
137 68 43459200
58 82 43226340
82 3 43219620
82 58 43219620
58 82 43217580
58 3 43217580
58 82 43194780
22 17 43118580
22 17 43117200
58 82 43051380
58 82 42970920
82 58 42970380
58 82 42970020
131 120 42968760
58 82 42964740
131 120 42957480
131 120 42942120
58 82 42939120
58 82 42882720
58 3 42863880
58 82 42620640
58 82 42537000
58 82 42447480
58 82 42420780
82 58 42367740
58 82 42367140
58 82 42366780
58 82 42366480
82 58 42343380
58 82 42342360
58 82 42334620
58 82 42334020
137 68 42251580
25 122 42202980
25 122 42202620
25 51 42195180
149 90 42021720
149 113 42006360
58 82 41995500
149 113 41995260
58 82 41988780
28 137 41932080
58 82 41846220
82 58 41844660
58 3 41825880
58 145 41825880
149 113 41815860
58 82 41757840
22 17 41745000
58 82 41409480
58 82 41383560
125 51 41315460
125 25 41315460
125 122 41315460
22 17 41304360
58 82 41237400
58 3 41225940
58 145 41225940
149 113 41222340
149 113 41183040
58 82 41150880
22 17 41140260
22 17 41127900
58 82 41063040
58 3 41062080
58 145 41062080
137 68 40981860
58 82 40810860
58 82 40720980
58 82 40639740
131 120 40636740
88 81 40619940
58 82 40607820
58 82 40605180
68 137 40546620
58 82 40519920
58 3 40459620
58 3 40449360
58 145 40449360
58 82 40434180
88 99 40207380
131 120 40182180
131 120 40179120
145 3 40178220
82 58 40177920
131 120 40121880
58 82 40118940
58 3 40116240
58 3 40109160
58 145 40109160
58 82 40089180
58 82 40031820
149 113 40016640
58 3 40004580
58 82 39945420
58 3 39945360
58 145 39945360
58 3 39943740
58 3 39942240
58 145 39942240
131 122 39939660
58 82 39936780
82 58 39933900
58 82 39932520
58 82 39931860
58 82 39931680
22 17 39758280
22 17 39754020
61 81 39568620
58 82 39510480
145 58 39502800
58 82 39482880
88 99 39418980
58 3 39417780
58 81 39405600
145 58 39403980
58 82 39340860
58 3 39327360
58 145 39327360
58 3 39316380
58 82 39309840
58 81 39232620
58 3 39229560
58 3 38994420
58 145 38994420
58 82 38994300
107 88 38993160
145 58 38975460
145 58 38975280
145 58 38975220
145 58 38975100
58 81 38968320
58 3 38965740
58 145 38965740
22 17 38910360
58 82 38905560
22 17 38901420
22 17 38900940
58 82 38820660
58 3 38811900
58 145 38809500
58 82 38792400
145 58 38731080
58 3 38720820
58 145 38720820
58 82 38719380
81 58 38715780
58 81 38715540
82 58 38715060
81 58 38714760
58 81 38714580
58 82 38714580
58 82 38649660
60 28 38645700
22 17 38644320
58 82 38640060
58 3 38629620
58 145 38629620
22 17 38629140
58 3 38625420
58 3 38389800
58 145 38389800
22 17 38381040
58 82 38376120
58 82 38361420
81 58 38278680
81 58 38278620
58 81 38275860
58 81 38275740
58 82 38218020
58 82 38131320
58 82 38103960
58 82 38102940
149 113 38099340
58 3 38042940
58 145 38042940
58 82 38041980
58 82 37781220
58 82 37699020
58 82 37614120
58 145 37598160
145 58 37596420
82 58 37591860
58 81 37583700
58 82 37581240
58 82 37580700
22 17 37505520
58 82 37178100
145 58 37171020
58 3 37170000
58 145 37170000
58 3 37102380
58 81 37097820
58 82 37097280
82 58 37094460
58 82 37093620
82 58 37093500
58 82 37092960
82 58 37092480
58 82 37090740
22 17 37075860
58 81 37013160
58 81 37009920
58 81 37007460
58 81 37006920
58 81 37006320
58 81 37004220
58 82 37002120
81 58 37000980
81 58 36994920
81 58 36994860
58 82 36983940
145 58 36929040
25 51 36923160
25 56 36923160
58 82 36922560
58 145 36920040
145 3 36914820
58 145 36907080
145 3 36898020
145 58 36892020
58 82 36890820
145 58 36840780
145 3 36839280
145 3 36837960
22 17 36825120
22 17 36821400
145 58 36812700
145 58 36811500
145 3 36807240
145 3 36577440
145 58 36577320
145 3 36573540
22 17 36570300
58 82 36568020
58 145 36566340
145 3 36555660
145 3 36547560
145 3 36546900
58 145 36546300
145 3 36545340
145 3 36545220
145 3 36487440
58 81 36486660
58 82 36486300
81 58 36483900
58 81 36481680
145 3 36480660
58 82 36469680
145 58 36406200
58 145 36405720
58 145 36405300
145 58 36405060
58 145 36403740
58 145 36403560
58 81 36400980
58 3 36396000
58 145 36396000
99 91 36392520
145 58 36390840
58 82 36385800
58 3 35971920
58 145 35971920
81 58 35968440
145 3 35963340
58 145 35960940
145 3 35952840
58 145 35950980
58 145 35948220
145 3 35947560
145 58 35946780
145 58 35945820
145 58 35944920
58 145 35943900
58 145 35939040
58 3 35937840
58 145 35937840
58 82 35937420
145 3 35886660
145 58 35886660
145 3 35884500
145 3 35866260
145 58 35866260
145 3 35866080
145 58 35866080
145 3 35865960
145 58 35865960
58 3 35864280
58 145 35864280
58 82 35863500
58 82 35862720
145 58 35862180
145 3 35861520
58 81 35860320
58 81 35857800
81 58 35855640
58 81 35855580
131 34 35797020
58 82 35794680
22 17 35792040
58 3 35791980
58 145 35791980
145 3 35780760
145 3 35780640
145 58 35779260
145 3 35767080
58 82 35713140
145 58 35708820
58 82 35625540
58 82 35611200
145 3 35610540
58 82 35365200
58 82 35363820
58 82 35358000
58 82 35344860
145 82 35281140
145 3 35281140
145 3 35276220
82 58 35269140
22 17 35266440
58 82 35266200
82 58 35263920
58 3 35253120
58 3 35249820
58 145 35249820
58 82 35194380
82 58 35193600
58 82 35193360
58 82 35192640
82 58 35184000
58 82 35180460
58 3 35180460
58 145 35180460
58 81 35117160
58 82 35103180
58 3 35075100
58 145 35075100
58 82 35019780
58 82 35018700
22 17 35007420
22 17 35001420
145 3 35000520
145 58 35000520
22 17 34995600
145 3 34993860
145 3 34991820
58 82 34990440
145 3 34760760
113 149 34756500
145 82 34756200
145 3 34756200
145 58 34756200
131 3 34752960
145 3 34740720
58 145 34739580
145 58 34736700
58 82 34676220
58 145 34667820
145 3 34667520
145 58 34667520
131 3 34653300
58 3 34646520
58 145 34646520
58 82 34593000
58 3 34585080
58 145 34585080
145 58 34564920
58 82 34561440
145 58 34559220
58 145 34558260
58 145 34558200
145 3 34507440
145 58 34507440
145 3 34413720
145 58 34413720
145 58 34395900
145 58 34395840
81 88 34382580
58 82 34156200
58 81 34153680
58 81 34153620
81 58 34153500
58 81 34153380
58 82 34152840
145 3 34129620
145 58 34129620
58 3 34129140
58 145 34129140
58 82 34127340
145 58 34070220
145 3 34041240
58 82 33988080
145 3 33983280
145 58 33983280
131 34 33976680
58 3 33970560
58 145 33970560
58 82 33896460
58 3 33888060
58 145 33872160
58 145 33867780
58 82 33812460
88 81 33811320
34 131 33806460
145 3 33804000
88 141 33798480
58 3 33558840
58 145 33558840
58 82 33553920
131 34 33550020
58 81 33542760
58 82 33465660
58 3 33464760
58 145 33464760
58 3 33463260
58 3 33456780
58 145 33456780
145 3 33453600
145 58 33453600
58 3 33442080
58 145 33442080
58 3 33437580
58 145 33437580
58 82 33435600
58 81 33357420
58 145 33357420
58 82 33299340
58 3 33266220
58 145 33266220
145 58 33265260
145 3 33264720
145 3 33264600
58 81 32946840
58 82 32941500
22 17 32936760
22 17 32934780
58 81 32934660
22 17 32934240
145 3 32865660
58 82 32861880
58 3 32836260
58 145 32836260
145 58 32829360
145 3 32778480
58 82 32778360
58 82 32687460
145 3 32676000
145 3 32675340
145 3 32659140
145 58 32659140
22 17 32657700
58 145 32653140
58 82 32652960
145 3 32602500
145 3 32591580
145 3 32589420
145 3 32570640
58 82 32342700
145 3 32338020
145 58 32338020
58 145 32333100
22 17 32325060
145 3 32315820
145 58 32315820
145 3 32258760
58 145 32246940
145 58 32237640
22 17 32234700
145 3 32229300
145 3 32228820
145 58 32172600
145 58 32163240
145 58 32158920
58 82 32083740
145 3 32083260
40 32 32080740
145 3 32077140
145 3 32076900
58 82 31997880
58 145 31997820
34 131 31979220
145 3 31979160
145 3 31978800
145 3 31740060
145 3 31739280
145 58 31734600
145 3 31731540
145 3 31731120
145 58 31731120
82 58 31730760
131 34 31725600
34 131 31717680
131 34 31712220
145 3 31711560
58 82 31705620
145 58 31657500
145 3 31656300
145 3 31655280
22 17 31653540
58 82 31647480
145 58 31643460
58 145 31642740
58 145 31640760
145 3 31633560
145 58 31633560
145 58 31632000
145 58 31624680
58 82 31560660
58 82 31556580
58 81 31553460
145 58 31543380
58 82 31535460
145 3 31481100
82 58 31463760
58 82 31463280
58 3 31463280
58 145 31463280
145 3 31455540
145 58 31455540
58 82 31446000
145 3 31398900
145 3 31388100
88 81 31369200
58 82 31135380
22 17 31127880
145 3 31108860
145 3 31108140
145 3 31105980
58 145 31098960
58 82 31049280
145 3 31047240
145 58 31047240
58 145 31020600
58 145 31020060
58 3 31018740
58 145 31018740
58 82 31015860
58 81 31015800
58 145 31015800
145 58 31015260
145 3 31015200
58 145 31014960
58 82 31012560
58 82 31012020
58 145 30955860
58 145 30955260
58 145 30951060
58 145 30946980
131 82 30946740
145 58 30938340
58 3 30933660
58 145 30933660
131 34 30931980
58 82 30928680
145 3 30877860
145 3 30877560
145 3 30876060
145 3 30875940
58 82 30872340
82 58 30869760
58 145 30868080
58 145 30864420
58 145 30862500
145 3 30852660
145 3 30852540
145 3 30849120
145 81 30794880
145 3 30792180
145 58 30792180
145 3 30785820
58 82 30778320
145 3 30775980
58 82 30774180
58 145 30768180
58 145 30763500
145 3 30758220
145 3 30755460
145 3 30530040
145 82 30519120
81 145 30505920
145 81 30501180
149 113 30497220
3 58 30434640
3 145 30434640
131 34 30428640
34 131 30428220
131 34 30415800
145 58 30414180
58 145 30408840
58 145 30408660
58 82 30408360
58 145 30403920
58 3 30359820
58 145 30359820
58 3 30357180
58 145 30357180
145 58 30345540
145 58 30345480
58 82 30344640
145 3 30340140
145 58 30340140
145 3 30336060
145 58 30336060
145 3 30331020
145 58 30331020
58 145 30322320
145 3 30275520
145 58 30275520
145 58 30273300
58 145 30268020
58 3 30266520
58 145 30266520
58 82 30265920
58 82 30262140
131 34 30259740
58 82 30256560
82 58 30255540
145 3 30254700
22 17 30239940
58 145 30238440
3 82 30177300
3 58 30177300
3 145 30177300
58 82 30172500
58 3 30172500
58 145 30172500
58 82 29892720
58 3 29892720
58 145 29892720
145 3 29842440
145 58 29842440
145 58 29841060
22 17 29832060
61 141 29812800
61 81 29812800
3 82 29810760
3 58 29810760
3 145 29810760
58 82 29746920
58 3 29746920
58 145 29746920
82 3 29745840
82 58 29745840
82 145 29745840
145 82 29731800
145 58 29731800
82 3 29722560
82 58 29722560
82 145 29722560
58 145 29651520
58 145 29650080
145 58 29644380
22 17 29644260
145 3 29643900
145 58 29643900
145 58 29642880
145 82 29642820
145 58 29548020
131 145 29309940
145 131 29295900
145 3 29289600
3 82 29224800
3 58 29224800
3 145 29224800
145 58 29224680
3 82 29223960
3 58 29223960
3 145 29223960
3 82 29207280
3 58 29207280
3 145 29207280
145 58 29137320
58 145 29046960
145 58 29046600
22 17 29038440
145 58 29036940
58 145 29035860
3 82 29033640
3 58 29033640
3 145 29033640
145 3 28967820
58 145 28951800
51 56 28700460
145 82 28522260
58 145 28512000
131 3 28455180
3 82 28454880
3 58 28454880
3 145 28454880
145 3 28452900
58 145 28448940
145 82 28437060
145 82 28436580
145 82 28436400
58 145 28425120
61 141 28377540
145 3 28356840
145 82 28344300
145 3 28344300
145 58 28344300
58 82 28343760
58 3 28343760
58 145 28343760
82 3 28101360
82 58 28101360
82 3 28074840
82 58 28074840
82 145 28074840
82 3 28025340
82 58 28025340
82 145 28025340
58 82 27932880
82 145 27829560
22 17 27742380
58 145 27735780
81 141 27422100
81 107 27422100
58 82 27404700
58 3 27404700
58 145 27404700
58 82 27396480
58 3 27396480
58 145 27396480
58 82 27388260
58 3 27388260
58 145 27388260
58 82 27302100
58 3 27302100
58 145 27302100
58 145 27243060
58 81 26892660
58 82 26892660
58 145 26892660
22 17 26866980
22 17 26800080
88 107 26637840
88 61 26636280
58 145 26544060
58 82 26541840
58 3 26541840
58 145 26541840
58 145 26288580
145 58 26288400
58 82 26203140
58 3 26203140
58 145 26203140
58 145 26202900
122 58 26202240
58 145 26199960
58 82 26198580
58 81 26097300
58 145 26097300
22 17 26013900
58 81 26009940
58 145 26009940
145 82 25931520
145 3 25931520
145 58 25931520
145 82 25931100
3 145 25927080
58 82 25675320
58 145 25593180
58 82 25518600
58 3 25518600
58 145 25518600
88 61 25423500
22 17 25416240
22 17 25403640
81 61 25346580
58 81 25332240
58 145 25332240
145 82 25325040
145 3 25325040
145 58 25325040
22 17 25083840
22 17 25083120
22 17 25082520
58 82 25053300
58 3 25053300
58 145 25053300
58 82 24986160
82 58 24971340
81 61 24796680
81 61 24795660
58 145 24467880
58 145 24380460
58 145 24371220
58 145 24303660
58 82 24278160
58 145 24277020
58 145 24220560
58 82 24192600
58 3 24192600
58 145 24192600
58 145 24126780
81 61 23874600
58 82 23867460
58 3 23867460
58 145 23867460
58 82 23867340
22 17 23767320
145 81 23603100
145 81 23595480
58 82 23586360
145 81 23533500
58 81 23266920
22 17 23246160
58 82 23244840
88 61 23101440
22 17 22997520
149 113 22983180
22 17 22914960
22 17 22635720
58 82 22558080
58 3 22558080
58 145 22558080
22 17 22553880
58 82 22488720
58 3 22488720
58 145 22488720
149 113 22372980
58 145 21791400
58 82 21786600
58 3 21786600
58 145 21786600
58 82 21350040
58 3 21350040
58 82 21349260
58 3 21349260
58 145 21349260
22 17 21338760
22 17 21251940
22 17 21187560
22 17 21175560
22 17 21169500
88 81 20852520
82 3 20656680
82 58 20656680
82 145 20656680
22 58 20646180
88 56 20153700
58 82 20069220
58 82 19961280
58 3 19961280
58 145 19961280
22 17 19895940
58 145 18843600
149 113 18332580
58 145 18329160
149 113 18259800
149 113 18227340
58 82 18168600
58 3 18168600
58 3 17657400
149 113 17491440
82 58 16954620
58 82 16608120
58 3 16608120
58 145 16608120
58 145 16606020
58 81 15836160
58 88 15836160
58 82 15321540
58 3 15321540
145 82 15216420
145 3 15216420
145 58 15216420
58 3 14449140
58 81 14198760
58 82 14103240
58 145 13825560
58 145 13497180
58 81 13423260
82 58 13413900
58 81 12876180
81 58 12827940
58 145 12632520
58 82 12629460
58 145 12629460
58 145 12178620
58 145 11667960
58 145 11579700
58 82 11424660
58 3 11424660
58 145 11424660
58 145 11420580
58 145 11411340
58 82 11152560
58 3 11152560
58 145 11152560
58 145 11057520
58 82 10910160
58 131 10827540
58 82 10827540
58 3 10827540
58 145 10827540
58 82 10544340
58 3 10544340
58 145 10544340
58 145 10543380
58 82 10482540
58 81 10480860
58 145 10454400
58 145 10364400
58 145 10277880
58 82 9683100
58 3 9683100
58 145 9683100
58 82 9681480
58 3 9681480
58 82 9594240
58 3 9594240
58 82 9593340
58 3 9593340
58 145 9593340
58 145 9351120
58 82 9351000
58 3 9351000
58 3 9350340
58 82 9243720
58 81 9191940
58 82 9163380
58 3 9163380
58 81 9159480
58 82 8485500
58 3 8485500
58 145 8485500
58 82 8124240
58 3 8124240
58 145 8124240
58 145 8048520
58 82 7957440
58 3 7957440
58 145 7957440
58 82 6909180
58 145 6674220
58 82 5720100
58 3 5720100
58 145 5720100
58 82 4956540
58 3 4956540
58 145 4956540
58 82 4859220
58 3 4859220
58 145 4859220
58 145 2596860
58 145 1996260
58 145 1993320
58 82 1897980
58 85 1897980
58 3 1897980
58 145 1897980
58 82 1827660
58 3 1827660
58 145 1827660
58 82 1488960
58 3 1488960
58 145 1488960
58 3 1469640
58 145 1403340
58 82 1309800
58 145 1309800
58 82 1302660
58 3 1302660
58 145 1302660
58 82 1146780
58 3 881160
58 82 0
